0 23. 77.
1 23. 77.
2 23. 77.
3 23. 77.
4 24. 76.
5 24. 76.
6 24. 76.
7 24. 76.
8 24. 76.
9 25. 75.
10 26. 74.
11 26. 74.
12 26. 74.
13 27. 73.
14 27. 73.
15 28. 72.
16 28. 72.
17 28. 72.
18 28. 72.
19 29. 71.
20 30. 70.
21 30. 70.
22 31. 69.
23 31. 69.
24 31. 69.
25 31. 69.
26 31. 69.
27 31. 69.
28 31. 69.
29 31. 69.
30 31. 69.
31 32. 68.
32 32. 68.
33 32. 68.
34 33. 67.
35 32. 68.
36 32. 68.
37 32. 68.
38 32. 68.
39 32. 68.
40 32. 68.
41 32. 68.
42 32. 68.
43 31. 69.
44 31. 69.
45 30. 70.
46 30. 70.
47 30. 70.
48 30. 70.
49 29. 71.
50 29. 71.
51 29. 71.
52 29. 71.
53 29. 71.
54 29. 71.
55 29. 71.
56 29. 71.
57 28. 72.
58 28. 72.
59 29. 71.
60 28. 72.
61 28. 72.
62 28. 72.
63 29. 71.
64 29. 71.
65 29. 71.
66 29. 71.
67 28. 72.
68 28. 72.
69 28. 72.
70 28. 72.
71 28. 72.
72 28. 72.
73 28. 72.
74 28. 72.
75 28. 72.
76 28. 72.
77 28. 72.
78 29. 71.
79 29. 71.
80 30. 70.
81 31. 69.
82 30. 70.
83 30. 70.
84 29. 71.
85 29. 71.
86 29. 71.
87 29. 71.
88 30. 70.
89 30. 70.
90 30. 70.
91 30. 70.
92 30. 70.
93 30. 70.
94 30. 70.
95 30. 70.
96 30. 70.
97 30. 70.
98 30. 70.
99 29. 71.
100 29. 71.
101 29. 71.
102 29. 71.
103 28. 72.
104 28. 72.
105 27. 73.
106 27. 73.
107 27. 73.
108 27. 73.
109 27. 73.
110 27. 73.
111 28. 72.
112 28. 72.
113 28. 72.
114 28. 72.
115 28. 72.
116 28. 72.
117 28. 72.
118 28. 72.
119 29. 71.
120 29. 71.
121 29. 71.
122 29. 71.
123 29. 71.
124 29. 71.
125 29. 71.
126 29. 71.
127 29. 71.
128 28. 72.
129 28. 72.
130 27. 73.
131 27. 73.
132 27. 73.
133 27. 73.
134 27. 73.
135 27. 73.
136 28. 72.
137 29. 71.
138 29. 71.
139 28. 72.
140 27. 73.
141 27. 73.
142 27. 73.
143 26. 74.
144 26. 74.
145 25. 75.
146 25. 75.
147 26. 74.
148 26. 74.
149 26. 74.
150 26. 74.
151 26. 74.
152 26. 74.
153 26. 74.
154 26. 74.
155 25. 75.
156 25. 75.
157 24. 76.
158 24. 76.
159 24. 76.
160 24. 76.
161 23. 77.
162 23. 77.
163 24. 76.
164 24. 76.
165 24. 76.
166 24. 76.
167 24. 76.
168 24. 76.
169 24. 76.
170 24. 76.
171 25. 75.
172 25. 75.
173 25. 75.
174 25. 75.
175 25. 75.
176 26. 74.
177 26. 74.
178 26. 74.
179 27. 73.
180 27. 73.
181 27. 73.
182 26. 74.
183 26. 74.
184 26. 74.
185 26. 74.
186 26. 74.
187 26. 74.
188 26. 74.
189 26. 74.
190 27. 73.
191 28. 72.
192 28. 72.
193 28. 72.
194 28. 72.
195 28. 72.
196 28. 72.
197 29. 71.
198 29. 71.
199 29. 71.
200 30. 70.
201 30. 70.
202 30. 70.
203 30. 70.
204 30. 70.
205 31. 69.
206 32. 68.
207 31. 69.
208 31. 69.
209 31. 69.
210 31. 69.
211 32. 68.
212 32. 68.
213 32. 68.
214 32. 68.
215 32. 68.
216 32. 68.
217 32. 68.
218 32. 68.
219 32. 68.
220 32. 68.
221 32. 68.
222 32. 68.
223 32. 68.
224 32. 68.
225 32. 68.
226 32. 68.
227 31. 69.
228 31. 69.
229 31. 69.
230 31. 69.
231 31. 69.
232 31. 69.
233 31. 69.
234 31. 69.
235 32. 68.
236 32. 68.
237 32. 68.
238 32. 68.
239 32. 68.
240 32. 68.
241 31. 69.
242 31. 69.
243 31. 69.
244 32. 68.
245 32. 68.
246 32. 68.
247 32. 68.
248 32. 68.
249 32. 68.
250 32. 68.
251 32. 68.
252 31. 69.
253 31. 69.
254 31. 69.
255 31. 69.
256 31. 69.
257 31. 69.
258 30. 70.
259 30. 70.
260 29. 71.
261 29. 71.
262 29. 71.
263 29. 71.
264 29. 71.
265 29. 71.
266 30. 70.
267 31. 69.
268 31. 69.
269 30. 70.
270 29. 71.
271 29. 71.
272 30. 70.
273 30. 70.
274 30. 70.
275 30. 70.
276 30. 70.
277 31. 69.
278 30. 70.
279 29. 71.
280 29. 71.
281 28. 72.
282 28. 72.
283 28. 72.
284 27. 73.
285 27. 73.
286 27. 73.
287 27. 73.
288 26. 74.
289 26. 74.
290 25. 75.
291 25. 75.
292 25. 75.
293 25. 75.
294 26. 74.
295 26. 74.
296 26. 74.
297 27. 73.
298 28. 72.
299 28. 72.
300 28. 72.
301 27. 73.
302 27. 73.
303 27. 73.
304 27. 73.
305 27. 73.
306 27. 73.
307 28. 72.
308 28. 72.
309 28. 72.
310 28. 72.
311 28. 72.
312 28. 72.
313 28. 72.
314 29. 71.
315 29. 71.
316 29. 71.
317 30. 70.
318 30. 70.
319 30. 70.
320 30. 70.
321 30. 70.
322 30. 70.
323 31. 69.
324 31. 69.
325 31. 69.
326 31. 69.
327 32. 68.
328 32. 68.
329 32. 68.
330 32. 68.
331 32. 68.
332 32. 68.
333 32. 68.
334 33. 67.
335 32. 68.
336 32. 68.
337 32. 68.
338 33. 67.
339 34. 66.
340 34. 66.
341 34. 66.
342 34. 66.
343 34. 66.
344 34. 66.
345 34. 66.
346 35. 65.
347 35. 65.
348 35. 65.
349 36. 64.
350 36. 64.
351 36. 64.
352 36. 64.
353 36. 64.
354 36. 64.
355 36. 64.
356 35. 65.
357 35. 65.
358 36. 64.
359 36. 64.
360 37. 63.
361 37. 63.
362 37. 63.
363 37. 63.
364 37. 63.
365 37. 63.
366 37. 63.
367 37. 63.
368 37. 63.
369 37. 63.
370 37. 63.
371 36. 64.
372 36. 64.
373 35. 65.
374 35. 65.
375 35. 65.
376 35. 65.
377 35. 65.
378 35. 65.
379 36. 64.
380 35. 65.
381 36. 64.
382 36. 64.
383 36. 64.
384 36. 64.
385 36. 64.
386 37. 63.
387 37. 63.
388 37. 63.
389 37. 63.
390 37. 63.
391 36. 64.
392 36. 64.
393 36. 64.
394 36. 64.
395 36. 64.
396 36. 64.
397 36. 64.
398 36. 64.
399 36. 64.
400 36. 64.
401 36. 64.
402 36. 64.
403 36. 64.
404 37. 63.
405 37. 63.
406 37. 63.
407 37. 63.
408 37. 63.
409 36. 64.
410 36. 64.
411 36. 64.
412 36. 64.
413 37. 63.
414 37. 63.
415 37. 63.
416 37. 63.
417 38. 62.
418 38. 62.
419 38. 62.
420 38. 62.
421 38. 62.
422 38. 62.
423 38. 62.
424 38. 62.
425 38. 62.
426 38. 62.
427 38. 62.
428 38. 62.
429 38. 62.
430 38. 62.
431 38. 62.
432 38. 62.
433 38. 62.
434 38. 62.
435 38. 62.
436 38. 62.
437 38. 62.
438 38. 62.
439 39. 61.
440 39. 61.
441 39. 61.
442 40. 60.
443 40. 60.
444 40. 60.
445 40. 60.
446 40. 60.
447 39. 61.
448 39. 61.
449 39. 61.
450 39. 61.
451 39. 61.
452 39. 61.
453 39. 61.
454 38. 62.
455 38. 62.
456 38. 62.
457 39. 61.
458 39. 61.
459 39. 61.
460 39. 61.
461 39. 61.
462 39. 61.
463 39. 61.
464 39. 61.
465 39. 61.
466 39. 61.
467 39. 61.
468 39. 61.
469 38. 62.
470 39. 61.
471 39. 61.
472 39. 61.
473 39. 61.
474 39. 61.
475 38. 62.
476 39. 61.
477 39. 61.
478 40. 60.
479 40. 60.
480 40. 60.
481 40. 60.
482 40. 60.
483 40. 60.
484 40. 60.
485 40. 60.
486 39. 61.
487 39. 61.
488 38. 62.
489 38. 62.
490 37. 63.
491 37. 63.
492 37. 63.
493 37. 63.
494 37. 63.
495 38. 62.
496 37. 63.
497 37. 63.
498 36. 64.
499 36. 64.
500 36. 64.
501 36. 64.
502 37. 63.
503 37. 63.
504 38. 62.
505 38. 62.
506 39. 61.
507 39. 61.
508 40. 60.
509 40. 60.
510 40. 60.
511 40. 60.
512 41. 59.
513 41. 59.
514 41. 59.
515 42. 58.
516 42. 58.
517 42. 58.
518 42. 58.
519 42. 58.
520 42. 58.
521 41. 59.
522 41. 59.
523 41. 59.
524 41. 59.
525 42. 58.
526 42. 58.
527 42. 58.
528 42. 58.
529 42. 58.
530 42. 58.
531 42. 58.
532 42. 58.
533 42. 58.
534 42. 58.
535 43. 57.
536 43. 57.
537 42. 58.
538 42. 58.
539 42. 58.
540 42. 58.
541 43. 57.
542 43. 57.
543 43. 57.
544 43. 57.
545 44. 56.
546 43. 57.
547 43. 57.
548 43. 57.
549 44. 56.
550 44. 56.
551 45. 55.
552 44. 56.
553 43. 57.
554 43. 57.
555 43. 57.
556 43. 57.
557 43. 57.
558 43. 57.
559 43. 57.
560 44. 56.
561 44. 56.
562 44. 56.
563 44. 56.
564 44. 56.
565 44. 56.
566 44. 56.
567 44. 56.
568 44. 56.
569 43. 57.
570 43. 57.
571 42. 58.
572 42. 58.
573 42. 58.
574 42. 58.
575 43. 57.
576 43. 57.
577 43. 57.
578 43. 57.
579 43. 57.
580 43. 57.
581 43. 57.
582 43. 57.
583 43. 57.
584 43. 57.
585 43. 57.
586 43. 57.
587 44. 56.
588 44. 56.
589 44. 56.
590 44. 56.
591 44. 56.
592 44. 56.
593 44. 56.
594 44. 56.
595 43. 57.
596 43. 57.
597 43. 57.
598 43. 57.
599 43. 57.
600 43. 57.
601 43. 57.
602 42. 58.
603 42. 58.
604 42. 58.
605 42. 58.
606 43. 57.
607 42. 58.
608 42. 58.
609 41. 59.
610 41. 59.
611 41. 59.
612 41. 59.
613 41. 59.
614 41. 59.
615 40. 60.
616 40. 60.
617 40. 60.
618 40. 60.
619 41. 59.
620 41. 59.
621 40. 60.
622 39. 61.
623 39. 61.
624 39. 61.
625 39. 61.
626 39. 61.
627 39. 61.
628 39. 61.
629 39. 61.
630 39. 61.
631 39. 61.
632 40. 60.
633 41. 59.
634 41. 59.
635 41. 59.
636 41. 59.
637 41. 59.
638 41. 59.
639 41. 59.
640 41. 59.
641 42. 58.
642 42. 58.
643 43. 57.
644 44. 56.
645 44. 56.
646 44. 56.
647 44. 56.
648 44. 56.
649 44. 56.
650 45. 55.
651 44. 56.
652 44. 56.
653 44. 56.
654 44. 56.
655 44. 56.
656 44. 56.
657 44. 56.
658 44. 56.
659 44. 56.
660 44. 56.
661 44. 56.
662 44. 56.
663 44. 56.
664 44. 56.
665 44. 56.
666 44. 56.
667 44. 56.
668 44. 56.
669 45. 55.
670 45. 55.
671 46. 54.
672 45. 55.
673 46. 54.
674 46. 54.
675 46. 54.
676 45. 55.
677 45. 55.
678 46. 54.
679 47. 53.
680 47. 53.
681 48. 52.
682 48. 52.
683 48. 52.
684 48. 52.
685 48. 52.
686 47. 53.
687 48. 52.
688 48. 52.
689 48. 52.
690 49. 51.
691 49. 51.
692 49. 51.
693 49. 51.
694 49. 51.
695 49. 51.
696 48. 52.
697 48. 52.
698 48. 52.
699 48. 52.
700 48. 52.
701 48. 52.
702 48. 52.
703 48. 52.
704 47. 53.
705 47. 53.
706 47. 53.
707 48. 52.
708 48. 52.
709 48. 52.
710 48. 52.
711 48. 52.
712 48. 52.
713 47. 53.
714 46. 54.
715 46. 54.
716 45. 55.
717 46. 54.
718 46. 54.
719 47. 53.
720 47. 53.
721 46. 54.
722 45. 55.
723 45. 55.
724 44. 56.
725 44. 56.
726 44. 56.
727 43. 57.
728 42. 58.
729 42. 58.
730 43. 57.
731 42. 58.
732 42. 58.
733 42. 58.
734 42. 58.
735 42. 58.
736 42. 58.
737 41. 59.
738 41. 59.
739 41. 59.
740 42. 58.
741 42. 58.
742 42. 58.
743 42. 58.
744 42. 58.
745 43. 57.
746 42. 58.
747 42. 58.
748 42. 58.
749 43. 57.
750 43. 57.
751 43. 57.
752 44. 56.
753 44. 56.
754 43. 57.
755 42. 58.
756 43. 57.
757 43. 57.
758 43. 57.
759 43. 57.
760 43. 57.
761 43. 57.
762 43. 57.
763 43. 57.
764 42. 58.
765 42. 58.
766 42. 58.
767 42. 58.
768 42. 58.
769 43. 57.
770 43. 57.
771 43. 57.
772 43. 57.
773 43. 57.
774 43. 57.
775 43. 57.
776 43. 57.
777 43. 57.
778 44. 56.
779 44. 56.
780 44. 56.
781 44. 56.
782 44. 56.
783 45. 55.
784 46. 54.
785 45. 55.
786 45. 55.
787 45. 55.
788 46. 54.
789 46. 54.
790 46. 54.
791 46. 54.
792 47. 53.
793 47. 53.
794 47. 53.
795 47. 53.
796 48. 52.
797 48. 52.
798 48. 52.
799 48. 52.
800 48. 52.
801 48. 52.
802 48. 52.
803 48. 52.
804 49. 51.
805 48. 52.
806 48. 52.
807 48. 52.
808 49. 51.
809 50. 50.
810 50. 50.
811 50. 50.
812 50. 50.
813 50. 50.
814 50. 50.
815 50. 50.
816 50. 50.
817 50. 50.
818 49. 51.
819 49. 51.
820 49. 51.
821 49. 51.
822 48. 52.
823 49. 51.
824 49. 51.
825 49. 51.
826 49. 51.
827 49. 51.
828 49. 51.
829 48. 52.
830 48. 52.
831 49. 51.
832 49. 51.
833 48. 52.
834 48. 52.
835 48. 52.
836 48. 52.
837 48. 52.
838 48. 52.
839 49. 51.
840 49. 51.
841 49. 51.
842 48. 52.
843 48. 52.
844 47. 53.
845 48. 52.
846 48. 52.
847 48. 52.
848 48. 52.
849 48. 52.
850 48. 52.
851 48. 52.
852 48. 52.
853 48. 52.
854 49. 51.
855 50. 50.
856 51. 49.
857 52. 48.
858 52. 48.
859 52. 48.
860 51. 49.
861 52. 48.
862 52. 48.
863 52. 48.
864 52. 48.
865 52. 48.
866 51. 49.
867 51. 49.
868 51. 49.
869 51. 49.
870 51. 49.
871 51. 49.
872 51. 49.
873 52. 48.
874 52. 48.
875 52. 48.
876 52. 48.
877 52. 48.
878 52. 48.
879 52. 48.
880 52. 48.
881 52. 48.
882 52. 48.
883 53. 47.
884 53. 47.
885 54. 46.
886 54. 46.
887 54. 46.
888 54. 46.
889 54. 46.
890 54. 46.
891 54. 46.
892 53. 47.
893 53. 47.
894 52. 48.
895 53. 47.
896 53. 47.
897 53. 47.
898 53. 47.
899 52. 48.
900 52. 48.
901 52. 48.
902 52. 48.
903 52. 48.
904 52. 48.
905 52. 48.
906 52. 48.
907 52. 48.
908 52. 48.
909 52. 48.
910 52. 48.
911 52. 48.
912 52. 48.
913 51. 49.
914 50. 50.
915 50. 50.
916 50. 50.
917 50. 50.
918 51. 49.
919 50. 50.
920 50. 50.
921 50. 50.
922 50. 50.
923 50. 50.
924 51. 49.
925 51. 49.
926 51. 49.
927 50. 50.
928 50. 50.
929 50. 50.
930 50. 50.
931 50. 50.
932 50. 50.
933 51. 49.
934 51. 49.
935 51. 49.
936 51. 49.
937 51. 49.
938 51. 49.
939 51. 49.
940 50. 50.
941 50. 50.
942 51. 49.
943 51. 49.
944 51. 49.
945 51. 49.
946 51. 49.
947 52. 48.
948 52. 48.
949 52. 48.
950 53. 47.
951 53. 47.
952 53. 47.
953 53. 47.
954 53. 47.
955 54. 46.
956 54. 46.
957 53. 47.
958 53. 47.
959 53. 47.
960 53. 47.
961 53. 47.
962 53. 47.
963 53. 47.
964 54. 46.
965 54. 46.
966 54. 46.
967 53. 47.
968 54. 46.
969 54. 46.
970 54. 46.
971 54. 46.
972 54. 46.
973 54. 46.
974 54. 46.
975 54. 46.
976 54. 46.
977 54. 46.
978 54. 46.
979 55. 45.
980 56. 44.
981 57. 43.
982 57. 43.
983 57. 43.
984 58. 42.
985 58. 42.
986 58. 42.
987 58. 42.
988 58. 42.
989 58. 42.
990 58. 42.
991 58. 42.
992 58. 42.
993 58. 42.
994 58. 42.
995 58. 42.
996 57. 43.
997 57. 43.
998 57. 43.
999 57. 43.
1000 57. 43.
1001 57. 43.
1002 57. 43.
1003 58. 42.
1004 59. 41.
1005 59. 41.
1006 59. 41.
1007 59. 41.
1008 59. 41.
1009 59. 41.
1010 59. 41.
1011 58. 42.
1012 57. 43.
1013 57. 43.
1014 57. 43.
1015 57. 43.
1016 57. 43.
1017 57. 43.
1018 57. 43.
1019 57. 43.
1020 56. 44.
1021 56. 44.
1022 56. 44.
1023 56. 44.
1024 55. 45.
1025 55. 45.
1026 55. 45.
1027 56. 44.
1028 56. 44.
1029 57. 43.
1030 57. 43.
1031 57. 43.
1032 57. 43.
1033 57. 43.
1034 57. 43.
1035 57. 43.
1036 57. 43.
1037 58. 42.
1038 57. 43.
1039 58. 42.
1040 58. 42.
1041 58. 42.
1042 58. 42.
1043 58. 42.
1044 58. 42.
1045 58. 42.
1046 57. 43.
1047 57. 43.
1048 57. 43.
1049 57. 43.
1050 56. 44.
1051 56. 44.
1052 56. 44.
1053 57. 43.
1054 57. 43.
1055 57. 43.
1056 57. 43.
1057 57. 43.
1058 57. 43.
1059 57. 43.
1060 57. 43.
1061 57. 43.
1062 56. 44.
1063 56. 44.
1064 57. 43.
1065 58. 42.
1066 58. 42.
1067 58. 42.
1068 58. 42.
1069 58. 42.
1070 58. 42.
1071 59. 41.
1072 59. 41.
1073 59. 41.
1074 59. 41.
1075 59. 41.
1076 60. 40.
1077 60. 40.
1078 60. 40.
1079 60. 40.
1080 60. 40.
1081 60. 40.
1082 60. 40.
1083 60. 40.
1084 60. 40.
1085 60. 40.
1086 60. 40.
1087 60. 40.
1088 60. 40.
1089 60. 40.
1090 60. 40.
1091 60. 40.
1092 60. 40.
1093 60. 40.
1094 60. 40.
1095 59. 41.
1096 60. 40.
1097 60. 40.
1098 59. 41.
1099 59. 41.
1100 59. 41.
1101 59. 41.
1102 59. 41.
1103 59. 41.
1104 59. 41.
1105 59. 41.
1106 59. 41.
1107 59. 41.
1108 59. 41.
1109 59. 41.
1110 59. 41.
1111 60. 40.
1112 60. 40.
1113 60. 40.
1114 60. 40.
1115 60. 40.
1116 60. 40.
1117 61. 39.
1118 61. 39.
1119 62. 38.
1120 62. 38.
1121 62. 38.
1122 62. 38.
1123 62. 38.
1124 62. 38.
1125 63. 37.
1126 63. 37.
1127 63. 37.
1128 63. 37.
1129 63. 37.
1130 63. 37.
1131 63. 37.
1132 63. 37.
1133 63. 37.
1134 63. 37.
1135 63. 37.
1136 63. 37.
1137 63. 37.
1138 63. 37.
1139 63. 37.
1140 63. 37.
1141 63. 37.
1142 63. 37.
1143 63. 37.
1144 63. 37.
1145 63. 37.
1146 63. 37.
1147 63. 37.
1148 63. 37.
1149 64. 36.
1150 64. 36.
1151 64. 36.
1152 64. 36.
1153 64. 36.
1154 64. 36.
1155 64. 36.
1156 64. 36.
1157 64. 36.
1158 64. 36.
1159 64. 36.
1160 64. 36.
1161 64. 36.
1162 64. 36.
1163 63. 37.
1164 63. 37.
1165 63. 37.
1166 63. 37.
1167 64. 36.
1168 63. 37.
1169 63. 37.
1170 63. 37.
1171 63. 37.
1172 62. 38.
1173 62. 38.
1174 62. 38.
1175 61. 39.
1176 61. 39.
1177 61. 39.
1178 61. 39.
1179 61. 39.
1180 61. 39.
1181 61. 39.
1182 60. 40.
1183 60. 40.
1184 59. 41.
1185 59. 41.
1186 59. 41.
1187 59. 41.
1188 59. 41.
1189 59. 41.
1190 59. 41.
1191 59. 41.
1192 59. 41.
1193 59. 41.
1194 59. 41.
1195 59. 41.
1196 59. 41.
1197 58. 42.
1198 58. 42.
1199 58. 42.
1200 58. 42.
1201 58. 42.
1202 58. 42.
1203 59. 41.
1204 58. 42.
1205 58. 42.
1206 59. 41.
1207 59. 41.
1208 58. 42.
1209 58. 42.
1210 58. 42.
1211 58. 42.
1212 58. 42.
1213 57. 43.
1214 57. 43.
1215 57. 43.
1216 56. 44.
1217 55. 45.
1218 55. 45.
1219 55. 45.
1220 55. 45.
1221 55. 45.
1222 55. 45.
1223 55. 45.
1224 55. 45.
1225 55. 45.
1226 55. 45.
1227 55. 45.
1228 56. 44.
1229 55. 45.
1230 55. 45.
1231 55. 45.
1232 55. 45.
1233 55. 45.
1234 55. 45.
1235 55. 45.
1236 55. 45.
1237 55. 45.
1238 56. 44.
1239 55. 45.
1240 56. 44.
1241 57. 43.
1242 57. 43.
1243 57. 43.
1244 57. 43.
1245 57. 43.
1246 57. 43.
1247 56. 44.
1248 56. 44.
1249 56. 44.
1250 57. 43.
1251 57. 43.
1252 56. 44.
1253 57. 43.
1254 57. 43.
1255 58. 42.
1256 57. 43.
1257 56. 44.
1258 56. 44.
1259 56. 44.
1260 57. 43.
1261 57. 43.
1262 57. 43.
1263 58. 42.
1264 58. 42.
1265 58. 42.
1266 57. 43.
1267 58. 42.
1268 58. 42.
1269 58. 42.
1270 57. 43.
1271 58. 42.
1272 58. 42.
1273 58. 42.
1274 58. 42.
1275 58. 42.
1276 58. 42.
1277 59. 41.
1278 60. 40.
1279 59. 41.
1280 60. 40.
1281 60. 40.
1282 60. 40.
1283 60. 40.
1284 60. 40.
1285 60. 40.
1286 60. 40.
1287 60. 40.
1288 60. 40.
1289 61. 39.
1290 61. 39.
1291 61. 39.
1292 61. 39.
1293 61. 39.
1294 61. 39.
1295 61. 39.
1296 60. 40.
1297 59. 41.
1298 59. 41.
1299 59. 41.
1300 59. 41.
1301 59. 41.
1302 59. 41.
1303 60. 40.
1304 60. 40.
1305 60. 40.
1306 60. 40.
1307 59. 41.
1308 60. 40.
1309 60. 40.
1310 60. 40.
1311 60. 40.
1312 60. 40.
1313 60. 40.
1314 61. 39.
1315 61. 39.
1316 61. 39.
1317 61. 39.
1318 61. 39.
1319 61. 39.
1320 61. 39.
1321 61. 39.
1322 61. 39.
1323 61. 39.
1324 61. 39.
1325 61. 39.
1326 61. 39.
1327 61. 39.
1328 61. 39.
1329 61. 39.
1330 61. 39.
1331 62. 38.
1332 62. 38.
1333 62. 38.
1334 62. 38.
1335 62. 38.
1336 62. 38.
1337 62. 38.
1338 62. 38.
1339 62. 38.
1340 62. 38.
1341 63. 37.
1342 62. 38.
1343 63. 37.
1344 63. 37.
1345 62. 38.
1346 62. 38.
1347 61. 39.
1348 62. 38.
1349 62. 38.
1350 62. 38.
1351 62. 38.
1352 62. 38.
1353 63. 37.
1354 63. 37.
1355 63. 37.
1356 63. 37.
1357 63. 37.
1358 63. 37.
1359 63. 37.
1360 63. 37.
1361 63. 37.
1362 64. 36.
1363 64. 36.
1364 64. 36.
1365 65. 35.
1366 65. 35.
1367 65. 35.
1368 65. 35.
1369 65. 35.
1370 65. 35.
1371 65. 35.
1372 65. 35.
1373 65. 35.
1374 65. 35.
1375 64. 36.
1376 64. 36.
1377 64. 36.
1378 64. 36.
1379 65. 35.
1380 65. 35.
1381 65. 35.
1382 66. 34.
1383 66. 34.
1384 66. 34.
1385 66. 34.
1386 66. 34.
1387 66. 34.
1388 66. 34.
1389 65. 35.
1390 65. 35.
1391 66. 34.
1392 66. 34.
1393 66. 34.
1394 66. 34.
1395 66. 34.
1396 66. 34.
1397 66. 34.
1398 66. 34.
1399 65. 35.
1400 65. 35.
1401 65. 35.
1402 66. 34.
1403 66. 34.
1404 66. 34.
1405 66. 34.
1406 66. 34.
1407 67. 33.
1408 67. 33.
1409 67. 33.
1410 66. 34.
1411 66. 34.
1412 67. 33.
1413 67. 33.
1414 67. 33.
1415 66. 34.
1416 66. 34.
1417 66. 34.
1418 66. 34.
1419 67. 33.
1420 67. 33.
1421 67. 33.
1422 67. 33.
1423 67. 33.
1424 67. 33.
1425 67. 33.
1426 68. 32.
1427 68. 32.
1428 68. 32.
1429 69. 31.
1430 69. 31.
1431 69. 31.
1432 68. 32.
1433 68. 32.
1434 68. 32.
1435 68. 32.
1436 68. 32.
1437 68. 32.
1438 68. 32.
1439 67. 33.
1440 67. 33.
1441 66. 34.
1442 66. 34.
1443 66. 34.
1444 66. 34.
1445 66. 34.
1446 65. 35.
1447 65. 35.
1448 65. 35.
1449 65. 35.
1450 65. 35.
1451 65. 35.
1452 64. 36.
1453 64. 36.
1454 64. 36.
1455 64. 36.
1456 64. 36.
1457 64. 36.
1458 63. 37.
1459 63. 37.
1460 63. 37.
1461 63. 37.
1462 63. 37.
1463 63. 37.
1464 63. 37.
1465 63. 37.
1466 63. 37.
1467 62. 38.
1468 63. 37.
1469 64. 36.
1470 64. 36.
1471 64. 36.
1472 64. 36.
1473 64. 36.
1474 64. 36.
1475 63. 37.
1476 63. 37.
1477 62. 38.
1478 62. 38.
1479 62. 38.
1480 63. 37.
1481 64. 36.
1482 64. 36.
1483 64. 36.
1484 63. 37.
1485 63. 37.
1486 63. 37.
1487 63. 37.
1488 63. 37.
1489 63. 37.
1490 63. 37.
1491 63. 37.
1492 63. 37.
1493 63. 37.
1494 62. 38.
1495 63. 37.
1496 63. 37.
1497 63. 37.
1498 63. 37.
1499 62. 38.
1500 62. 38.
1501 62. 38.
1502 62. 38.
1503 62. 38.
1504 63. 37.
1505 63. 37.
1506 63. 37.
1507 63. 37.
1508 63. 37.
1509 63. 37.
1510 62. 38.
1511 62. 38.
1512 63. 37.
1513 63. 37.
1514 63. 37.
1515 63. 37.
1516 63. 37.
1517 64. 36.
1518 65. 35.
1519 65. 35.
1520 64. 36.
1521 64. 36.
1522 64. 36.
1523 64. 36.
1524 64. 36.
1525 64. 36.
1526 64. 36.
1527 64. 36.
1528 63. 37.
1529 63. 37.
1530 63. 37.
1531 63. 37.
1532 62. 38.
1533 62. 38.
1534 62. 38.
1535 62. 38.
1536 62. 38.
1537 62. 38.
1538 62. 38.
1539 63. 37.
1540 63. 37.
1541 64. 36.
1542 64. 36.
1543 64. 36.
1544 64. 36.
1545 64. 36.
1546 64. 36.
1547 64. 36.
1548 64. 36.
1549 64. 36.
1550 64. 36.
1551 64. 36.
1552 64. 36.
1553 64. 36.
1554 64. 36.
1555 64. 36.
1556 64. 36.
1557 64. 36.
1558 63. 37.
1559 63. 37.
1560 63. 37.
1561 63. 37.
1562 62. 38.
1563 62. 38.
1564 62. 38.
1565 62. 38.
1566 62. 38.
1567 62. 38.
1568 63. 37.
1569 63. 37.
1570 63. 37.
1571 63. 37.
1572 63. 37.
1573 63. 37.
1574 63. 37.
1575 62. 38.
1576 62. 38.
1577 61. 39.
1578 61. 39.
1579 62. 38.
1580 62. 38.
1581 62. 38.
1582 62. 38.
1583 61. 39.
1584 61. 39.
1585 62. 38.
1586 62. 38.
1587 62. 38.
1588 63. 37.
1589 63. 37.
1590 64. 36.
1591 63. 37.
1592 63. 37.
1593 62. 38.
1594 62. 38.
1595 62. 38.
1596 62. 38.
1597 62. 38.
1598 62. 38.
1599 61. 39.
1600 61. 39.
1601 62. 38.
1602 62. 38.
1603 62. 38.
1604 63. 37.
1605 63. 37.
1606 64. 36.
1607 64. 36.
1608 63. 37.
1609 63. 37.
1610 63. 37.
1611 63. 37.
1612 63. 37.
1613 63. 37.
1614 63. 37.
1615 63. 37.
1616 63. 37.
1617 63. 37.
1618 63. 37.
1619 63. 37.
1620 63. 37.
1621 64. 36.
1622 63. 37.
1623 63. 37.
1624 63. 37.
1625 63. 37.
1626 64. 36.
1627 64. 36.
1628 64. 36.
1629 64. 36.
1630 65. 35.
1631 65. 35.
1632 65. 35.
1633 65. 35.
1634 65. 35.
1635 65. 35.
1636 65. 35.
1637 65. 35.
1638 65. 35.
1639 66. 34.
1640 66. 34.
1641 66. 34.
1642 66. 34.
1643 66. 34.
1644 66. 34.
1645 66. 34.
1646 66. 34.
1647 67. 33.
1648 67. 33.
1649 66. 34.
1650 66. 34.
1651 66. 34.
1652 66. 34.
1653 67. 33.
1654 66. 34.
1655 66. 34.
1656 66. 34.
1657 67. 33.
1658 67. 33.
1659 67. 33.
1660 66. 34.
1661 66. 34.
1662 66. 34.
1663 66. 34.
1664 66. 34.
1665 66. 34.
1666 66. 34.
1667 66. 34.
1668 66. 34.
1669 66. 34.
1670 65. 35.
1671 66. 34.
1672 65. 35.
1673 65. 35.
1674 65. 35.
1675 65. 35.
1676 65. 35.
1677 65. 35.
1678 65. 35.
1679 66. 34.
1680 65. 35.
1681 65. 35.
1682 65. 35.
1683 64. 36.
1684 65. 35.
1685 65. 35.
1686 65. 35.
1687 64. 36.
1688 63. 37.
1689 63. 37.
1690 63. 37.
1691 63. 37.
1692 62. 38.
1693 62. 38.
1694 62. 38.
1695 61. 39.
1696 61. 39.
1697 61. 39.
1698 61. 39.
1699 62. 38.
1700 62. 38.
1701 62. 38.
1702 62. 38.
1703 61. 39.
1704 61. 39.
1705 61. 39.
1706 61. 39.
1707 62. 38.
1708 62. 38.
1709 62. 38.
1710 61. 39.
1711 62. 38.
1712 61. 39.
1713 62. 38.
1714 62. 38.
1715 62. 38.
1716 62. 38.
1717 62. 38.
1718 63. 37.
1719 64. 36.
1720 64. 36.
1721 64. 36.
1722 64. 36.
1723 64. 36.
1724 64. 36.
1725 64. 36.
1726 64. 36.
1727 64. 36.
1728 63. 37.
1729 63. 37.
1730 63. 37.
1731 63. 37.
1732 63. 37.
1733 63. 37.
1734 63. 37.
1735 64. 36.
1736 63. 37.
1737 63. 37.
1738 63. 37.
1739 63. 37.
1740 63. 37.
1741 63. 37.
1742 63. 37.
1743 63. 37.
1744 63. 37.
1745 63. 37.
1746 63. 37.
1747 62. 38.
1748 63. 37.
1749 63. 37.
1750 62. 38.
1751 62. 38.
1752 62. 38.
1753 62. 38.
1754 61. 39.
1755 61. 39.
1756 61. 39.
1757 60. 40.
1758 60. 40.
1759 60. 40.
1760 60. 40.
1761 61. 39.
1762 61. 39.
1763 60. 40.
1764 60. 40.
1765 60. 40.
1766 59. 41.
1767 58. 42.
1768 58. 42.
1769 58. 42.
1770 58. 42.
1771 57. 43.
1772 58. 42.
1773 58. 42.
1774 58. 42.
1775 58. 42.
1776 58. 42.
1777 59. 41.
1778 59. 41.
1779 59. 41.
1780 59. 41.
1781 59. 41.
1782 59. 41.
1783 59. 41.
1784 60. 40.
1785 60. 40.
1786 61. 39.
1787 61. 39.
1788 61. 39.
1789 61. 39.
1790 61. 39.
1791 62. 38.
1792 62. 38.
1793 62. 38.
1794 62. 38.
1795 61. 39.
1796 61. 39.
1797 61. 39.
1798 60. 40.
1799 60. 40.
1800 60. 40.
1801 60. 40.
1802 60. 40.
1803 61. 39.
1804 62. 38.
1805 62. 38.
1806 63. 37.
1807 62. 38.
1808 62. 38.
1809 63. 37.
1810 63. 37.
1811 63. 37.
1812 63. 37.
1813 63. 37.
1814 64. 36.
1815 64. 36.
1816 64. 36.
1817 65. 35.
1818 64. 36.
1819 64. 36.
1820 64. 36.
1821 64. 36.
1822 64. 36.
1823 64. 36.
1824 63. 37.
1825 63. 37.
1826 63. 37.
1827 63. 37.
1828 63. 37.
1829 63. 37.
1830 63. 37.
1831 62. 38.
1832 62. 38.
1833 62. 38.
1834 62. 38.
1835 62. 38.
1836 62. 38.
1837 62. 38.
1838 62. 38.
1839 62. 38.
1840 62. 38.
1841 62. 38.
1842 62. 38.
1843 62. 38.
1844 62. 38.
1845 62. 38.
1846 63. 37.
1847 63. 37.
1848 64. 36.
1849 64. 36.
1850 65. 35.
1851 65. 35.
1852 65. 35.
1853 65. 35.
1854 65. 35.
1855 64. 36.
1856 64. 36.
1857 64. 36.
1858 63. 37.
1859 63. 37.
1860 63. 37.
1861 63. 37.
1862 62. 38.
1863 61. 39.
1864 61. 39.
1865 62. 38.
1866 62. 38.
1867 62. 38.
1868 63. 37.
1869 63. 37.
1870 63. 37.
1871 62. 38.
1872 63. 37.
1873 63. 37.
1874 63. 37.
1875 62. 38.
1876 62. 38.
1877 62. 38.
1878 62. 38.
1879 62. 38.
1880 62. 38.
1881 62. 38.
1882 62. 38.
1883 61. 39.
1884 61. 39.
1885 61. 39.
1886 61. 39.
1887 61. 39.
1888 61. 39.
1889 61. 39.
1890 61. 39.
1891 61. 39.
1892 62. 38.
1893 62. 38.
1894 61. 39.
1895 61. 39.
1896 60. 40.
1897 60. 40.
1898 60. 40.
1899 60. 40.
1900 60. 40.
1901 60. 40.
1902 60. 40.
1903 60. 40.
1904 61. 39.
1905 61. 39.
1906 61. 39.
1907 61. 39.
1908 61. 39.
1909 61. 39.
1910 62. 38.
1911 62. 38.
1912 61. 39.
1913 61. 39.
1914 61. 39.
1915 61. 39.
1916 61. 39.
1917 61. 39.
1918 61. 39.
1919 61. 39.
1920 61. 39.
1921 60. 40.
1922 60. 40.
1923 60. 40.
1924 60. 40.
1925 60. 40.
1926 60. 40.
1927 61. 39.
1928 61. 39.
1929 62. 38.
1930 62. 38.
1931 61. 39.
1932 61. 39.
1933 61. 39.
1934 60. 40.
1935 60. 40.
1936 60. 40.
1937 60. 40.
1938 59. 41.
1939 59. 41.
1940 59. 41.
1941 60. 40.
1942 60. 40.
1943 60. 40.
1944 60. 40.
1945 61. 39.
1946 61. 39.
1947 60. 40.
1948 60. 40.
1949 60. 40.
1950 60. 40.
1951 61. 39.
1952 61. 39.
1953 60. 40.
1954 60. 40.
1955 60. 40.
1956 60. 40.
1957 60. 40.
1958 60. 40.
1959 59. 41.
1960 59. 41.
1961 59. 41.
1962 59. 41.
1963 59. 41.
1964 59. 41.
1965 58. 42.
1966 59. 41.
1967 59. 41.
1968 59. 41.
1969 59. 41.
1970 59. 41.
1971 59. 41.
1972 60. 40.
1973 60. 40.
1974 60. 40.
1975 60. 40.
1976 60. 40.
1977 60. 40.
1978 60. 40.
1979 60. 40.
1980 59. 41.
1981 59. 41.
1982 60. 40.
1983 59. 41.
1984 59. 41.
1985 59. 41.
1986 59. 41.
1987 60. 40.
1988 60. 40.
1989 60. 40.
1990 60. 40.
1991 60. 40.
1992 59. 41.
1993 60. 40.
1994 60. 40.
1995 61. 39.
1996 61. 39.
1997 61. 39.
1998 61. 39.
1999 61. 39.
2000 61. 39.
2001 61. 39.
2002 61. 39.
2003 61. 39.
2004 62. 38.
2005 62. 38.
2006 62. 38.
2007 62. 38.
2008 63. 37.
2009 64. 36.
2010 64. 36.
2011 64. 36.
2012 64. 36.
2013 64. 36.
2014 65. 35.
2015 64. 36.
2016 64. 36.
2017 64. 36.
2018 64. 36.
2019 65. 35.
2020 65. 35.
2021 64. 36.
2022 64. 36.
2023 64. 36.
2024 64. 36.
2025 64. 36.
2026 64. 36.
2027 64. 36.
2028 64. 36.
2029 65. 35.
2030 65. 35.
2031 65. 35.
2032 65. 35.
2033 65. 35.
2034 65. 35.
2035 64. 36.
2036 64. 36.
2037 65. 35.
2038 64. 36.
2039 64. 36.
2040 64. 36.
2041 64. 36.
2042 64. 36.
2043 64. 36.
2044 64. 36.
2045 64. 36.
2046 65. 35.
2047 65. 35.
2048 64. 36.
2049 64. 36.
2050 65. 35.
2051 65. 35.
2052 64. 36.
2053 65. 35.
2054 65. 35.
2055 65. 35.
2056 65. 35.
2057 64. 36.
2058 64. 36.
2059 64. 36.
2060 64. 36.
2061 63. 37.
2062 63. 37.
2063 63. 37.
2064 62. 38.
2065 61. 39.
2066 61. 39.
2067 61. 39.
2068 61. 39.
2069 61. 39.
2070 61. 39.
2071 62. 38.
2072 61. 39.
2073 61. 39.
2074 61. 39.
2075 61. 39.
2076 61. 39.
2077 61. 39.
2078 62. 38.
2079 62. 38.
2080 62. 38.
2081 62. 38.
2082 62. 38.
2083 62. 38.
2084 62. 38.
2085 62. 38.
2086 62. 38.
2087 62. 38.
2088 62. 38.
2089 62. 38.
2090 62. 38.
2091 62. 38.
2092 63. 37.
2093 63. 37.
2094 64. 36.
2095 64. 36.
2096 64. 36.
2097 64. 36.
2098 63. 37.
2099 63. 37.
2100 63. 37.
2101 63. 37.
2102 63. 37.
2103 63. 37.
2104 63. 37.
2105 63. 37.
2106 63. 37.
2107 64. 36.
2108 64. 36.
2109 64. 36.
2110 64. 36.
2111 64. 36.
2112 64. 36.
2113 64. 36.
2114 64. 36.
2115 64. 36.
2116 64. 36.
2117 64. 36.
2118 64. 36.
2119 65. 35.
2120 65. 35.
2121 66. 34.
2122 66. 34.
2123 66. 34.
2124 66. 34.
2125 66. 34.
2126 65. 35.
2127 65. 35.
2128 65. 35.
2129 65. 35.
2130 65. 35.
2131 64. 36.
2132 64. 36.
2133 64. 36.
2134 64. 36.
2135 64. 36.
2136 64. 36.
2137 64. 36.
2138 63. 37.
2139 62. 38.
2140 62. 38.
2141 62. 38.
2142 61. 39.
2143 61. 39.
2144 61. 39.
2145 61. 39.
2146 61. 39.
2147 61. 39.
2148 61. 39.
2149 61. 39.
2150 61. 39.
2151 61. 39.
2152 61. 39.
2153 61. 39.
2154 60. 40.
2155 59. 41.
2156 59. 41.
2157 58. 42.
2158 58. 42.
2159 58. 42.
2160 57. 43.
2161 58. 42.
2162 58. 42.
2163 58. 42.
2164 59. 41.
2165 60. 40.
2166 60. 40.
2167 60. 40.
2168 60. 40.
2169 59. 41.
2170 59. 41.
2171 60. 40.
2172 61. 39.
2173 61. 39.
2174 61. 39.
2175 61. 39.
2176 62. 38.
2177 62. 38.
2178 62. 38.
2179 62. 38.
2180 62. 38.
2181 62. 38.
2182 61. 39.
2183 61. 39.
2184 61. 39.
2185 62. 38.
2186 61. 39.
2187 60. 40.
2188 60. 40.
2189 60. 40.
2190 60. 40.
2191 60. 40.
2192 60. 40.
2193 60. 40.
2194 60. 40.
2195 60. 40.
2196 60. 40.
2197 60. 40.
2198 60. 40.
2199 60. 40.
2200 60. 40.
2201 59. 41.
2202 59. 41.
2203 59. 41.
2204 60. 40.
2205 60. 40.
2206 59. 41.
2207 60. 40.
2208 60. 40.
2209 60. 40.
2210 60. 40.
2211 60. 40.
2212 59. 41.
2213 59. 41.
2214 59. 41.
2215 59. 41.
2216 59. 41.
2217 59. 41.
2218 59. 41.
2219 59. 41.
2220 59. 41.
2221 59. 41.
2222 60. 40.
2223 59. 41.
2224 59. 41.
2225 60. 40.
2226 61. 39.
2227 61. 39.
2228 62. 38.
2229 62. 38.
2230 61. 39.
2231 61. 39.
2232 60. 40.
2233 59. 41.
2234 59. 41.
2235 59. 41.
2236 59. 41.
2237 59. 41.
2238 60. 40.
2239 60. 40.
2240 60. 40.
2241 61. 39.
2242 61. 39.
2243 60. 40.
2244 61. 39.
2245 62. 38.
2246 62. 38.
2247 62. 38.
2248 62. 38.
2249 62. 38.
2250 62. 38.
2251 62. 38.
2252 62. 38.
2253 62. 38.
2254 62. 38.
2255 62. 38.
2256 62. 38.
2257 63. 37.
2258 63. 37.
2259 63. 37.
2260 63. 37.
2261 63. 37.
2262 63. 37.
2263 64. 36.
2264 64. 36.
2265 64. 36.
2266 64. 36.
2267 64. 36.
2268 63. 37.
2269 63. 37.
2270 63. 37.
2271 63. 37.
2272 63. 37.
2273 63. 37.
2274 63. 37.
2275 63. 37.
2276 64. 36.
2277 63. 37.
2278 62. 38.
2279 62. 38.
2280 62. 38.
2281 62. 38.
2282 63. 37.
2283 63. 37.
2284 63. 37.
2285 63. 37.
2286 63. 37.
2287 63. 37.
2288 62. 38.
2289 62. 38.
2290 62. 38.
2291 62. 38.
2292 62. 38.
2293 62. 38.
2294 62. 38.
2295 63. 37.
2296 63. 37.
2297 63. 37.
2298 64. 36.
2299 64. 36.
2300 63. 37.
2301 63. 37.
2302 63. 37.
2303 63. 37.
2304 63. 37.
2305 62. 38.
2306 62. 38.
2307 62. 38.
2308 62. 38.
2309 63. 37.
2310 64. 36.
2311 65. 35.
2312 65. 35.
2313 65. 35.
2314 65. 35.
2315 66. 34.
2316 66. 34.
2317 66. 34.
2318 66. 34.
2319 66. 34.
2320 67. 33.
2321 67. 33.
2322 67. 33.
2323 67. 33.
2324 67. 33.
2325 68. 32.
2326 67. 33.
2327 66. 34.
2328 66. 34.
2329 66. 34.
2330 66. 34.
2331 66. 34.
2332 65. 35.
2333 65. 35.
2334 65. 35.
2335 65. 35.
2336 65. 35.
2337 65. 35.
2338 65. 35.
2339 66. 34.
2340 66. 34.
2341 66. 34.
2342 66. 34.
2343 66. 34.
2344 67. 33.
2345 67. 33.
2346 67. 33.
2347 67. 33.
2348 67. 33.
2349 67. 33.
2350 67. 33.
2351 67. 33.
2352 67. 33.
2353 67. 33.
2354 66. 34.
2355 66. 34.
2356 66. 34.
2357 66. 34.
2358 66. 34.
2359 66. 34.
2360 66. 34.
2361 66. 34.
2362 66. 34.
2363 66. 34.
2364 66. 34.
2365 66. 34.
2366 66. 34.
2367 66. 34.
2368 66. 34.
2369 65. 35.
2370 65. 35.
2371 65. 35.
2372 65. 35.
2373 65. 35.
2374 65. 35.
2375 65. 35.
2376 65. 35.
2377 65. 35.
2378 64. 36.
2379 64. 36.
2380 64. 36.
2381 64. 36.
2382 64. 36.
2383 64. 36.
2384 64. 36.
2385 63. 37.
2386 62. 38.
2387 62. 38.
2388 62. 38.
2389 62. 38.
2390 62. 38.
2391 62. 38.
2392 62. 38.
2393 62. 38.
2394 62. 38.
2395 63. 37.
2396 63. 37.
2397 63. 37.
2398 63. 37.
2399 63. 37.
2400 63. 37.
2401 63. 37.
2402 64. 36.
2403 64. 36.
2404 64. 36.
2405 63. 37.
2406 63. 37.
2407 63. 37.
2408 63. 37.
2409 64. 36.
2410 64. 36.
2411 63. 37.
2412 63. 37.
2413 63. 37.
2414 63. 37.
2415 63. 37.
2416 63. 37.
2417 64. 36.
2418 64. 36.
2419 63. 37.
2420 63. 37.
2421 64. 36.
2422 64. 36.
2423 65. 35.
2424 64. 36.
2425 63. 37.
2426 64. 36.
2427 64. 36.
2428 65. 35.
2429 65. 35.
2430 65. 35.
2431 64. 36.
2432 64. 36.
2433 64. 36.
2434 64. 36.
2435 64. 36.
2436 63. 37.
2437 63. 37.
2438 62. 38.
2439 62. 38.
2440 62. 38.
2441 62. 38.
2442 62. 38.
2443 62. 38.
2444 62. 38.
2445 63. 37.
2446 63. 37.
2447 63. 37.
2448 62. 38.
2449 62. 38.
2450 62. 38.
2451 62. 38.
2452 62. 38.
2453 63. 37.
2454 63. 37.
2455 63. 37.
2456 64. 36.
2457 64. 36.
2458 64. 36.
2459 64. 36.
2460 65. 35.
2461 66. 34.
2462 65. 35.
2463 65. 35.
2464 64. 36.
2465 64. 36.
2466 63. 37.
2467 63. 37.
2468 63. 37.
2469 62. 38.
2470 62. 38.
2471 62. 38.
2472 62. 38.
2473 62. 38.
2474 62. 38.
2475 62. 38.
2476 62. 38.
2477 62. 38.
2478 63. 37.
2479 62. 38.
2480 62. 38.
2481 62. 38.
2482 62. 38.
2483 62. 38.
2484 63. 37.
2485 63. 37.
2486 63. 37.
2487 64. 36.
2488 64. 36.
2489 64. 36.
2490 63. 37.
2491 63. 37.
2492 63. 37.
2493 63. 37.
2494 63. 37.
2495 63. 37.
2496 63. 37.
2497 64. 36.
2498 64. 36.
2499 64. 36.
2500 64. 36.
2501 63. 37.
2502 63. 37.
2503 63. 37.
2504 63. 37.
2505 63. 37.
2506 64. 36.
2507 64. 36.
2508 64. 36.
2509 64. 36.
2510 64. 36.
2511 64. 36.
2512 64. 36.
2513 64. 36.
2514 64. 36.
2515 64. 36.
2516 64. 36.
2517 64. 36.
2518 64. 36.
2519 64. 36.
2520 64. 36.
2521 64. 36.
2522 65. 35.
2523 64. 36.
2524 64. 36.
2525 64. 36.
2526 64. 36.
2527 65. 35.
2528 64. 36.
2529 64. 36.
2530 64. 36.
2531 64. 36.
2532 64. 36.
2533 65. 35.
2534 65. 35.
2535 65. 35.
2536 65. 35.
2537 65. 35.
2538 64. 36.
2539 64. 36.
2540 65. 35.
2541 66. 34.
2542 66. 34.
2543 66. 34.
2544 65. 35.
2545 65. 35.
2546 64. 36.
2547 64. 36.
2548 63. 37.
2549 62. 38.
2550 62. 38.
2551 62. 38.
2552 62. 38.
2553 63. 37.
2554 63. 37.
2555 63. 37.
2556 63. 37.
2557 63. 37.
2558 63. 37.
2559 63. 37.
2560 64. 36.
2561 64. 36.
2562 64. 36.
2563 64. 36.
2564 63. 37.
2565 64. 36.
2566 63. 37.
2567 64. 36.
2568 64. 36.
2569 64. 36.
2570 64. 36.
2571 64. 36.
2572 64. 36.
2573 64. 36.
2574 64. 36.
2575 64. 36.
2576 63. 37.
2577 63. 37.
2578 63. 37.
2579 64. 36.
2580 64. 36.
2581 64. 36.
2582 64. 36.
2583 64. 36.
2584 64. 36.
2585 64. 36.
2586 64. 36.
2587 63. 37.
2588 63. 37.
2589 63. 37.
2590 62. 38.
2591 62. 38.
2592 62. 38.
2593 62. 38.
2594 61. 39.
2595 61. 39.
2596 61. 39.
2597 61. 39.
2598 61. 39.
2599 62. 38.
2600 63. 37.
2601 63. 37.
2602 62. 38.
2603 62. 38.
2604 62. 38.
2605 62. 38.
2606 62. 38.
2607 61. 39.
2608 61. 39.
2609 61. 39.
2610 61. 39.
2611 62. 38.
2612 63. 37.
2613 63. 37.
2614 63. 37.
2615 62. 38.
2616 62. 38.
2617 62. 38.
2618 63. 37.
2619 63. 37.
2620 63. 37.
2621 64. 36.
2622 65. 35.
2623 65. 35.
2624 65. 35.
2625 65. 35.
2626 66. 34.
2627 66. 34.
2628 66. 34.
2629 66. 34.
2630 65. 35.
2631 65. 35.
2632 65. 35.
2633 65. 35.
2634 65. 35.
2635 65. 35.
2636 66. 34.
2637 65. 35.
2638 65. 35.
2639 65. 35.
2640 65. 35.
2641 66. 34.
2642 66. 34.
2643 66. 34.
2644 66. 34.
2645 66. 34.
2646 65. 35.
2647 66. 34.
2648 65. 35.
2649 64. 36.
2650 64. 36.
2651 64. 36.
2652 64. 36.
2653 64. 36.
2654 64. 36.
2655 63. 37.
2656 63. 37.
2657 63. 37.
2658 63. 37.
2659 63. 37.
2660 63. 37.
2661 64. 36.
2662 63. 37.
2663 63. 37.
2664 63. 37.
2665 63. 37.
2666 63. 37.
2667 63. 37.
2668 62. 38.
2669 62. 38.
2670 62. 38.
2671 61. 39.
2672 61. 39.
2673 60. 40.
2674 60. 40.
2675 61. 39.
2676 61. 39.
2677 62. 38.
2678 62. 38.
2679 62. 38.
2680 62. 38.
2681 62. 38.
2682 61. 39.
2683 61. 39.
2684 60. 40.
2685 61. 39.
2686 61. 39.
2687 60. 40.
2688 60. 40.
2689 60. 40.
2690 60. 40.
2691 61. 39.
2692 61. 39.
2693 61. 39.
2694 62. 38.
2695 63. 37.
2696 63. 37.
2697 63. 37.
2698 63. 37.
2699 63. 37.
2700 63. 37.
2701 63. 37.
2702 63. 37.
2703 63. 37.
2704 63. 37.
2705 64. 36.
2706 63. 37.
2707 64. 36.
2708 64. 36.
2709 64. 36.
2710 64. 36.
2711 64. 36.
2712 64. 36.
2713 63. 37.
2714 63. 37.
2715 63. 37.
2716 64. 36.
2717 64. 36.
2718 64. 36.
2719 64. 36.
2720 64. 36.
2721 64. 36.
2722 64. 36.
2723 64. 36.
2724 64. 36.
2725 64. 36.
2726 63. 37.
2727 63. 37.
2728 62. 38.
2729 61. 39.
2730 61. 39.
2731 61. 39.
2732 61. 39.
2733 62. 38.
2734 62. 38.
2735 62. 38.
2736 61. 39.
2737 61. 39.
2738 61. 39.
2739 61. 39.
2740 61. 39.
2741 61. 39.
2742 61. 39.
2743 61. 39.
2744 61. 39.
2745 61. 39.
2746 62. 38.
2747 62. 38.
2748 62. 38.
2749 63. 37.
2750 63. 37.
2751 64. 36.
2752 64. 36.
2753 64. 36.
2754 64. 36.
2755 64. 36.
2756 63. 37.
2757 63. 37.
2758 63. 37.
2759 63. 37.
2760 63. 37.
2761 63. 37.
2762 63. 37.
2763 63. 37.
2764 63. 37.
2765 63. 37.
2766 63. 37.
2767 63. 37.
2768 63. 37.
2769 63. 37.
2770 63. 37.
2771 63. 37.
2772 64. 36.
2773 63. 37.
2774 63. 37.
2775 63. 37.
2776 63. 37.
2777 63. 37.
2778 62. 38.
2779 61. 39.
2780 61. 39.
2781 61. 39.
2782 61. 39.
2783 61. 39.
2784 61. 39.
2785 61. 39.
2786 61. 39.
2787 60. 40.
2788 60. 40.
2789 61. 39.
2790 60. 40.
2791 60. 40.
2792 60. 40.
2793 60. 40.
2794 60. 40.
2795 60. 40.
2796 60. 40.
2797 60. 40.
2798 60. 40.
2799 60. 40.
2800 60. 40.
2801 60. 40.
2802 60. 40.
2803 60. 40.
2804 60. 40.
2805 60. 40.
2806 60. 40.
2807 60. 40.
2808 59. 41.
2809 58. 42.
2810 58. 42.
2811 59. 41.
2812 59. 41.
2813 59. 41.
2814 59. 41.
2815 59. 41.
2816 59. 41.
2817 59. 41.
2818 59. 41.
2819 59. 41.
2820 60. 40.
2821 60. 40.
2822 60. 40.
2823 60. 40.
2824 60. 40.
2825 60. 40.
2826 60. 40.
2827 60. 40.
2828 60. 40.
2829 60. 40.
2830 60. 40.
2831 61. 39.
2832 60. 40.
2833 60. 40.
2834 60. 40.
2835 60. 40.
2836 61. 39.
2837 61. 39.
2838 61. 39.
2839 61. 39.
2840 61. 39.
2841 61. 39.
2842 62. 38.
2843 61. 39.
2844 61. 39.
2845 61. 39.
2846 61. 39.
2847 61. 39.
2848 61. 39.
2849 61. 39.
2850 61. 39.
2851 61. 39.
2852 61. 39.
2853 62. 38.
2854 62. 38.
2855 62. 38.
2856 62. 38.
2857 62. 38.
2858 62. 38.
2859 62. 38.
2860 62. 38.
2861 62. 38.
2862 62. 38.
2863 63. 37.
2864 64. 36.
2865 64. 36.
2866 64. 36.
2867 64. 36.
2868 64. 36.
2869 63. 37.
2870 63. 37.
2871 64. 36.
2872 64. 36.
2873 65. 35.
2874 65. 35.
2875 65. 35.
2876 64. 36.
2877 64. 36.
2878 64. 36.
2879 63. 37.
2880 63. 37.
2881 64. 36.
2882 64. 36.
2883 64. 36.
2884 64. 36.
2885 64. 36.
2886 64. 36.
2887 65. 35.
2888 65. 35.
2889 65. 35.
2890 65. 35.
2891 66. 34.
2892 66. 34.
2893 65. 35.
2894 66. 34.
2895 66. 34.
2896 66. 34.
2897 66. 34.
2898 66. 34.
2899 65. 35.
2900 64. 36.
2901 65. 35.
2902 65. 35.
2903 66. 34.
2904 66. 34.
2905 66. 34.
2906 66. 34.
2907 65. 35.
2908 65. 35.
2909 65. 35.
2910 66. 34.
2911 66. 34.
2912 67. 33.
2913 67. 33.
2914 67. 33.
2915 67. 33.
2916 67. 33.
2917 67. 33.
2918 67. 33.
2919 68. 32.
2920 68. 32.
2921 68. 32.
2922 68. 32.
2923 67. 33.
2924 67. 33.
2925 67. 33.
2926 67. 33.
2927 67. 33.
2928 67. 33.
2929 67. 33.
2930 66. 34.
2931 66. 34.
2932 66. 34.
2933 67. 33.
2934 67. 33.
2935 67. 33.
2936 67. 33.
2937 67. 33.
2938 67. 33.
2939 67. 33.
2940 67. 33.
2941 67. 33.
2942 67. 33.
2943 67. 33.
2944 67. 33.
2945 67. 33.
2946 67. 33.
2947 68. 32.
2948 68. 32.
2949 68. 32.
2950 69. 31.
2951 69. 31.
2952 69. 31.
2953 69. 31.
2954 69. 31.
2955 70. 30.
2956 70. 30.
2957 71. 29.
2958 71. 29.
2959 70. 30.
2960 70. 30.
2961 70. 30.
2962 70. 30.
2963 69. 31.
2964 69. 31.
2965 69. 31.
2966 70. 30.
2967 70. 30.
2968 70. 30.
2969 70. 30.
2970 70. 30.
2971 70. 30.
2972 70. 30.
2973 70. 30.
2974 70. 30.
2975 70. 30.
2976 70. 30.
2977 70. 30.
2978 70. 30.
2979 70. 30.
2980 70. 30.
2981 71. 29.
2982 71. 29.
2983 71. 29.
2984 71. 29.
2985 71. 29.
2986 71. 29.
2987 71. 29.
2988 71. 29.
2989 71. 29.
2990 71. 29.
2991 71. 29.
2992 71. 29.
2993 71. 29.
2994 71. 29.
2995 71. 29.
2996 71. 29.
2997 71. 29.
2998 71. 29.
2999 71. 29.
3000 71. 29.
3001 71. 29.
3002 71. 29.
3003 71. 29.
3004 71. 29.
3005 70. 30.
3006 70. 30.
3007 70. 30.
3008 70. 30.
3009 71. 29.
3010 71. 29.
3011 71. 29.
3012 71. 29.
3013 71. 29.
3014 71. 29.
3015 71. 29.
3016 71. 29.
3017 71. 29.
3018 71. 29.
3019 71. 29.
3020 70. 30.
3021 70. 30.
3022 70. 30.
3023 70. 30.
3024 70. 30.
3025 70. 30.
3026 70. 30.
3027 70. 30.
3028 71. 29.
3029 70. 30.
3030 69. 31.
3031 69. 31.
3032 68. 32.
3033 68. 32.
3034 68. 32.
3035 68. 32.
3036 68. 32.
3037 68. 32.
3038 69. 31.
3039 69. 31.
3040 69. 31.
3041 69. 31.
3042 69. 31.
3043 69. 31.
3044 69. 31.
3045 69. 31.
3046 70. 30.
3047 71. 29.
3048 71. 29.
3049 71. 29.
3050 71. 29.
3051 71. 29.
3052 71. 29.
3053 71. 29.
3054 72. 28.
3055 72. 28.
3056 72. 28.
3057 71. 29.
3058 71. 29.
3059 72. 28.
3060 72. 28.
3061 72. 28.
3062 73. 27.
3063 73. 27.
3064 74. 26.
3065 74. 26.
3066 74. 26.
3067 74. 26.
3068 74. 26.
3069 74. 26.
3070 74. 26.
3071 74. 26.
3072 74. 26.
3073 74. 26.
3074 75. 25.
3075 74. 26.
3076 74. 26.
3077 74. 26.
3078 75. 25.
3079 75. 25.
3080 75. 25.
3081 75. 25.
3082 75. 25.
3083 75. 25.
3084 75. 25.
3085 75. 25.
3086 75. 25.
3087 75. 25.
3088 75. 25.
3089 75. 25.
3090 75. 25.
3091 76. 24.
3092 76. 24.
3093 76. 24.
3094 76. 24.
3095 76. 24.
3096 76. 24.
3097 76. 24.
3098 76. 24.
3099 76. 24.
3100 76. 24.
3101 76. 24.
3102 76. 24.
3103 76. 24.
3104 76. 24.
3105 76. 24.
3106 76. 24.
3107 76. 24.
3108 76. 24.
3109 76. 24.
3110 76. 24.
3111 76. 24.
3112 76. 24.
3113 77. 23.
3114 78. 22.
3115 78. 22.
3116 78. 22.
3117 79. 21.
3118 79. 21.
3119 79. 21.
3120 79. 21.
3121 79. 21.
3122 79. 21.
3123 79. 21.
3124 79. 21.
3125 79. 21.
3126 79. 21.
3127 80. 20.
3128 80. 20.
3129 80. 20.
3130 80. 20.
3131 81. 19.
3132 81. 19.
3133 81. 19.
3134 81. 19.
3135 81. 19.
3136 81. 19.
3137 81. 19.
3138 80. 20.
3139 80. 20.
3140 80. 20.
3141 80. 20.
3142 80. 20.
3143 80. 20.
3144 80. 20.
3145 80. 20.
3146 80. 20.
3147 80. 20.
3148 80. 20.
3149 80. 20.
3150 80. 20.
3151 80. 20.
3152 80. 20.
3153 80. 20.
3154 80. 20.
3155 80. 20.
3156 80. 20.
3157 80. 20.
3158 80. 20.
3159 80. 20.
3160 79. 21.
3161 79. 21.
3162 79. 21.
3163 80. 20.
3164 80. 20.
3165 80. 20.
3166 80. 20.
3167 80. 20.
3168 81. 19.
3169 81. 19.
3170 81. 19.
3171 81. 19.
3172 81. 19.
3173 81. 19.
3174 81. 19.
3175 81. 19.
3176 81. 19.
3177 81. 19.
3178 81. 19.
3179 81. 19.
3180 81. 19.
3181 81. 19.
3182 81. 19.
3183 81. 19.
3184 81. 19.
3185 81. 19.
3186 81. 19.
3187 81. 19.
3188 81. 19.
3189 81. 19.
3190 81. 19.
3191 80. 20.
3192 79. 21.
3193 79. 21.
3194 79. 21.
3195 79. 21.
3196 79. 21.
3197 79. 21.
3198 79. 21.
3199 79. 21.
3200 79. 21.
3201 78. 22.
3202 78. 22.
3203 77. 23.
3204 78. 22.
3205 78. 22.
3206 77. 23.
3207 77. 23.
3208 77. 23.
3209 76. 24.
3210 76. 24.
3211 77. 23.
3212 78. 22.
3213 78. 22.
3214 78. 22.
3215 78. 22.
3216 79. 21.
3217 79. 21.
3218 80. 20.
3219 80. 20.
3220 80. 20.
3221 80. 20.
3222 80. 20.
3223 80. 20.
3224 80. 20.
3225 80. 20.
3226 79. 21.
3227 78. 22.
3228 78. 22.
3229 78. 22.
3230 78. 22.
3231 78. 22.
3232 77. 23.
3233 78. 22.
3234 78. 22.
3235 79. 21.
3236 79. 21.
3237 79. 21.
3238 79. 21.
3239 79. 21.
3240 79. 21.
3241 79. 21.
3242 79. 21.
3243 80. 20.
3244 80. 20.
3245 80. 20.
3246 79. 21.
3247 79. 21.
3248 79. 21.
3249 79. 21.
3250 79. 21.
3251 78. 22.
3252 78. 22.
3253 78. 22.
3254 78. 22.
3255 78. 22.
3256 78. 22.
3257 78. 22.
3258 78. 22.
3259 78. 22.
3260 78. 22.
3261 78. 22.
3262 78. 22.
3263 78. 22.
3264 78. 22.
3265 78. 22.
3266 78. 22.
3267 78. 22.
3268 78. 22.
3269 78. 22.
3270 78. 22.
3271 78. 22.
3272 78. 22.
3273 78. 22.
3274 78. 22.
3275 78. 22.
3276 78. 22.
3277 78. 22.
3278 78. 22.
3279 78. 22.
3280 78. 22.
3281 78. 22.
3282 79. 21.
3283 79. 21.
3284 79. 21.
3285 79. 21.
3286 79. 21.
3287 79. 21.
3288 80. 20.
3289 80. 20.
3290 79. 21.
3291 79. 21.
3292 79. 21.
3293 80. 20.
3294 80. 20.
3295 80. 20.
3296 80. 20.
3297 81. 19.
3298 81. 19.
3299 81. 19.
3300 81. 19.
3301 81. 19.
3302 81. 19.
3303 81. 19.
3304 81. 19.
3305 82. 18.
3306 83. 17.
3307 83. 17.
3308 83. 17.
3309 83. 17.
3310 83. 17.
3311 83. 17.
3312 83. 17.
3313 83. 17.
3314 83. 17.
3315 83. 17.
3316 83. 17.
3317 84. 16.
3318 84. 16.
3319 85. 15.
3320 84. 16.
3321 84. 16.
3322 84. 16.
3323 83. 17.
3324 83. 17.
3325 83. 17.
3326 83. 17.
3327 84. 16.
3328 84. 16.
3329 84. 16.
3330 83. 17.
3331 83. 17.
3332 83. 17.
3333 83. 17.
3334 83. 17.
3335 83. 17.
3336 83. 17.
3337 82. 18.
3338 82. 18.
3339 82. 18.
3340 82. 18.
3341 82. 18.
3342 82. 18.
3343 82. 18.
3344 82. 18.
3345 82. 18.
3346 83. 17.
3347 83. 17.
3348 83. 17.
3349 83. 17.
3350 83. 17.
3351 83. 17.
3352 83. 17.
3353 84. 16.
3354 84. 16.
3355 84. 16.
3356 85. 15.
3357 85. 15.
3358 85. 15.
3359 85. 15.
3360 84. 16.
3361 84. 16.
3362 84. 16.
3363 84. 16.
3364 84. 16.
3365 84. 16.
3366 83. 17.
3367 82. 18.
3368 82. 18.
3369 82. 18.
3370 82. 18.
3371 82. 18.
3372 82. 18.
3373 83. 17.
3374 83. 17.
3375 83. 17.
3376 82. 18.
3377 82. 18.
3378 82. 18.
3379 82. 18.
3380 82. 18.
3381 82. 18.
3382 83. 17.
3383 83. 17.
3384 83. 17.
3385 83. 17.
3386 83. 17.
3387 83. 17.
3388 83. 17.
3389 83. 17.
3390 83. 17.
3391 83. 17.
3392 84. 16.
3393 84. 16.
3394 84. 16.
3395 84. 16.
3396 84. 16.
3397 84. 16.
3398 84. 16.
3399 84. 16.
3400 84. 16.
3401 84. 16.
3402 84. 16.
3403 84. 16.
3404 84. 16.
3405 85. 15.
3406 85. 15.
3407 85. 15.
3408 85. 15.
3409 85. 15.
3410 85. 15.
3411 85. 15.
3412 85. 15.
3413 85. 15.
3414 85. 15.
3415 85. 15.
3416 85. 15.
3417 85. 15.
3418 85. 15.
3419 85. 15.
3420 84. 16.
3421 84. 16.
3422 84. 16.
3423 84. 16.
3424 84. 16.
3425 85. 15.
3426 85. 15.
3427 85. 15.
3428 85. 15.
3429 86. 14.
3430 86. 14.
3431 85. 15.
3432 85. 15.
3433 86. 14.
3434 86. 14.
3435 86. 14.
3436 85. 15.
3437 85. 15.
3438 85. 15.
3439 85. 15.
3440 85. 15.
3441 85. 15.
3442 85. 15.
3443 85. 15.
3444 84. 16.
3445 84. 16.
3446 84. 16.
3447 84. 16.
3448 84. 16.
3449 84. 16.
3450 84. 16.
3451 84. 16.
3452 84. 16.
3453 85. 15.
3454 85. 15.
3455 85. 15.
3456 85. 15.
3457 85. 15.
3458 85. 15.
3459 85. 15.
3460 85. 15.
3461 85. 15.
3462 85. 15.
3463 85. 15.
3464 85. 15.
3465 85. 15.
3466 86. 14.
3467 86. 14.
3468 86. 14.
3469 86. 14.
3470 86. 14.
3471 86. 14.
3472 86. 14.
3473 86. 14.
3474 86. 14.
3475 86. 14.
3476 86. 14.
3477 86. 14.
3478 86. 14.
3479 86. 14.
3480 86. 14.
3481 86. 14.
3482 86. 14.
3483 86. 14.
3484 86. 14.
3485 86. 14.
3486 86. 14.
3487 86. 14.
3488 86. 14.
3489 86. 14.
3490 85. 15.
3491 85. 15.
3492 85. 15.
3493 85. 15.
3494 85. 15.
3495 85. 15.
3496 85. 15.
3497 85. 15.
3498 85. 15.
3499 85. 15.
3500 85. 15.
3501 85. 15.
3502 85. 15.
3503 85. 15.
3504 85. 15.
3505 85. 15.
3506 85. 15.
3507 85. 15.
3508 85. 15.
3509 85. 15.
3510 85. 15.
3511 85. 15.
3512 85. 15.
3513 86. 14.
3514 86. 14.
3515 86. 14.
3516 86. 14.
3517 86. 14.
3518 86. 14.
3519 86. 14.
3520 86. 14.
3521 86. 14.
3522 87. 13.
3523 87. 13.
3524 87. 13.
3525 87. 13.
3526 87. 13.
3527 87. 13.
3528 87. 13.
3529 87. 13.
3530 87. 13.
3531 87. 13.
3532 87. 13.
3533 87. 13.
3534 87. 13.
3535 87. 13.
3536 87. 13.
3537 87. 13.
3538 87. 13.
3539 87. 13.
3540 87. 13.
3541 87. 13.
3542 87. 13.
3543 88. 12.
3544 88. 12.
3545 88. 12.
3546 88. 12.
3547 88. 12.
3548 88. 12.
3549 88. 12.
3550 88. 12.
3551 88. 12.
3552 88. 12.
3553 88. 12.
3554 88. 12.
3555 87. 13.
3556 87. 13.
3557 86. 14.
3558 86. 14.
3559 87. 13.
3560 87. 13.
3561 87. 13.
3562 87. 13.
3563 87. 13.
3564 87. 13.
3565 88. 12.
3566 88. 12.
3567 89. 11.
3568 89. 11.
3569 89. 11.
3570 89. 11.
3571 90. 10.
3572 90. 10.
3573 90. 10.
3574 90. 10.
3575 90. 10.
3576 90. 10.
3577 90. 10.
3578 90. 10.
3579 90. 10.
3580 91. 9.
3581 91. 9.
3582 91. 9.
3583 91. 9.
3584 91. 9.
3585 91. 9.
3586 91. 9.
3587 91. 9.
3588 91. 9.
3589 91. 9.
3590 91. 9.
3591 91. 9.
3592 91. 9.
3593 91. 9.
3594 91. 9.
3595 91. 9.
3596 91. 9.
3597 91. 9.
3598 91. 9.
3599 91. 9.
3600 91. 9.
3601 91. 9.
3602 91. 9.
3603 91. 9.
3604 91. 9.
3605 91. 9.
3606 91. 9.
3607 92. 8.
3608 92. 8.
3609 92. 8.
3610 92. 8.
3611 92. 8.
3612 92. 8.
3613 92. 8.
3614 92. 8.
3615 92. 8.
3616 92. 8.
3617 92. 8.
3618 92. 8.
3619 92. 8.
3620 92. 8.
3621 92. 8.
3622 92. 8.
3623 92. 8.
3624 92. 8.
3625 92. 8.
3626 92. 8.
3627 93. 7.
3628 93. 7.
3629 93. 7.
3630 93. 7.
3631 93. 7.
3632 93. 7.
3633 93. 7.
3634 93. 7.
3635 93. 7.
3636 93. 7.
3637 93. 7.
3638 93. 7.
3639 93. 7.
3640 93. 7.
3641 93. 7.
3642 93. 7.
3643 93. 7.
3644 93. 7.
3645 93. 7.
3646 93. 7.
3647 93. 7.
3648 93. 7.
3649 93. 7.
3650 93. 7.
3651 93. 7.
3652 93. 7.
3653 94. 6.
3654 94. 6.
3655 94. 6.
3656 94. 6.
3657 94. 6.
3658 94. 6.
3659 94. 6.
3660 94. 6.
3661 94. 6.
3662 94. 6.
3663 94. 6.
3664 94. 6.
3665 94. 6.
3666 94. 6.
3667 94. 6.
3668 94. 6.
3669 94. 6.
3670 94. 6.
3671 94. 6.
3672 94. 6.
3673 94. 6.
3674 94. 6.
3675 94. 6.
3676 93. 7.
3677 93. 7.
3678 93. 7.
3679 93. 7.
3680 93. 7.
3681 93. 7.
3682 93. 7.
3683 93. 7.
3684 93. 7.
3685 93. 7.
3686 93. 7.
3687 93. 7.
3688 93. 7.
3689 93. 7.
3690 93. 7.
3691 93. 7.
3692 93. 7.
3693 93. 7.
3694 93. 7.
3695 93. 7.
3696 94. 6.
3697 94. 6.
3698 94. 6.
3699 94. 6.
3700 94. 6.
3701 94. 6.
3702 94. 6.
3703 94. 6.
3704 94. 6.
3705 94. 6.
3706 94. 6.
3707 94. 6.
3708 94. 6.
3709 94. 6.
3710 94. 6.
3711 94. 6.
3712 94. 6.
3713 94. 6.
3714 94. 6.
3715 94. 6.
3716 94. 6.
3717 94. 6.
3718 94. 6.
3719 94. 6.
3720 94. 6.
3721 94. 6.
3722 94. 6.
3723 94. 6.
3724 94. 6.
3725 94. 6.
3726 94. 6.
3727 94. 6.
3728 94. 6.
3729 94. 6.
3730 94. 6.
3731 94. 6.
3732 94. 6.
3733 94. 6.
3734 94. 6.
3735 94. 6.
3736 94. 6.
3737 94. 6.
3738 94. 6.
3739 94. 6.
3740 94. 6.
3741 94. 6.
3742 94. 6.
3743 94. 6.
3744 94. 6.
3745 94. 6.
3746 94. 6.
3747 94. 6.
3748 94. 6.
3749 94. 6.
3750 94. 6.
3751 94. 6.
3752 94. 6.
3753 94. 6.
3754 94. 6.
3755 94. 6.
3756 94. 6.
3757 94. 6.
3758 94. 6.
3759 94. 6.
3760 94. 6.
3761 94. 6.
3762 94. 6.
3763 94. 6.
3764 94. 6.
3765 94. 6.
3766 94. 6.
3767 94. 6.
3768 94. 6.
3769 94. 6.
3770 94. 6.
3771 94. 6.
3772 94. 6.
3773 94. 6.
3774 93. 7.
3775 93. 7.
3776 93. 7.
3777 93. 7.
3778 93. 7.
3779 93. 7.
3780 93. 7.
3781 93. 7.
3782 93. 7.
3783 93. 7.
3784 93. 7.
3785 93. 7.
3786 93. 7.
3787 93. 7.
3788 93. 7.
3789 93. 7.
3790 93. 7.
3791 93. 7.
3792 93. 7.
3793 93. 7.
3794 93. 7.
3795 93. 7.
3796 93. 7.
3797 93. 7.
3798 93. 7.
3799 93. 7.
3800 93. 7.
3801 93. 7.
3802 93. 7.
3803 94. 6.
3804 94. 6.
3805 94. 6.
3806 94. 6.
3807 94. 6.
3808 94. 6.
3809 94. 6.
3810 94. 6.
3811 94. 6.
3812 94. 6.
3813 94. 6.
3814 94. 6.
3815 93. 7.
3816 93. 7.
3817 93. 7.
3818 93. 7.
3819 93. 7.
3820 93. 7.
3821 93. 7.
3822 93. 7.
3823 93. 7.
3824 93. 7.
3825 93. 7.
3826 93. 7.
3827 93. 7.
3828 93. 7.
3829 93. 7.
3830 93. 7.
3831 93. 7.
3832 93. 7.
3833 93. 7.
3834 93. 7.
3835 93. 7.
3836 93. 7.
3837 93. 7.
3838 93. 7.
3839 93. 7.
3840 93. 7.
3841 93. 7.
3842 93. 7.
3843 93. 7.
3844 93. 7.
3845 93. 7.
3846 94. 6.
3847 94. 6.
3848 94. 6.
3849 94. 6.
3850 94. 6.
3851 94. 6.
3852 94. 6.
3853 94. 6.
3854 94. 6.
3855 94. 6.
3856 95. 5.
3857 95. 5.
3858 95. 5.
3859 95. 5.
3860 95. 5.
3861 95. 5.
3862 95. 5.
3863 95. 5.
3864 95. 5.
3865 95. 5.
3866 95. 5.
3867 95. 5.
3868 95. 5.
3869 95. 5.
3870 95. 5.
3871 95. 5.
3872 95. 5.
3873 95. 5.
3874 95. 5.
3875 95. 5.
3876 96. 4.
3877 96. 4.
3878 96. 4.
3879 96. 4.
3880 96. 4.
3881 96. 4.
3882 96. 4.
3883 97. 3.
3884 97. 3.
3885 97. 3.
3886 97. 3.
3887 97. 3.
3888 97. 3.
3889 97. 3.
3890 97. 3.
3891 97. 3.
3892 97. 3.
3893 97. 3.
3894 97. 3.
3895 97. 3.
3896 97. 3.
3897 97. 3.
3898 97. 3.
3899 97. 3.
3900 97. 3.
3901 97. 3.
3902 97. 3.
3903 97. 3.
3904 97. 3.
3905 97. 3.
3906 97. 3.
3907 97. 3.
3908 97. 3.
3909 98. 2.
3910 98. 2.
3911 98. 2.
3912 98. 2.
3913 98. 2.
3914 98. 2.
3915 98. 2.
3916 98. 2.
3917 98. 2.
3918 98. 2.
3919 98. 2.
3920 98. 2.
3921 98. 2.
3922 98. 2.
3923 98. 2.
3924 98. 2.
3925 98. 2.
3926 98. 2.
3927 99. 1.
3928 99. 1.
3929 99. 1.
3930 99. 1.
3931 99. 1.
3932 99. 1.
3933 99. 1.
3934 99. 1.
3935 99. 1.
3936 99. 1.
3937 99. 1.
3938 99. 1.
3939 99. 1.
3940 99. 1.
3941 99. 1.
3942 99. 1.
3943 99. 1.
3944 99. 1.
3945 99. 1.
3946 99. 1.
3947 99. 1.
3948 99. 1.
3949 99. 1.
3950 99. 1.
3951 99. 1.
3952 99. 1.
3953 99. 1.
3954 99. 1.
3955 99. 1.
3956 99. 1.
3957 99. 1.
3958 99. 1.
3959 99. 1.
3960 99. 1.
3961 99. 1.
3962 99. 1.
3963 99. 1.
3964 99. 1.
3965 99. 1.
3966 99. 1.
3967 99. 1.
3968 99. 1.
3969 99. 1.
3970 99. 1.
3971 99. 1.
3972 99. 1.
3973 99. 1.
3974 99. 1.
3975 99. 1.
3976 99. 1.
3977 99. 1.
3978 99. 1.
3979 99. 1.
3980 99. 1.
3981 99. 1.
3982 99. 1.
3983 99. 1.
3984 99. 1.
3985 99. 1.
3986 99. 1.
3987 99. 1.
3988 99. 1.
3989 99. 1.
3990 99. 1.
3991 99. 1.
3992 99. 1.
3993 99. 1.
3994 99. 1.
3995 99. 1.
3996 99. 1.
3997 99. 1.
3998 99. 1.
3999 99. 1.
4000 99. 1.
4001 99. 1.
4002 99. 1.
4003 99. 1.
4004 99. 1.
4005 99. 1.
4006 99. 1.
4007 99. 1.
4008 99. 1.
4009 99. 1.
4010 99. 1.
4011 99. 1.
4012 99. 1.
4013 99. 1.
4014 99. 1.
4015 99. 1.
4016 99. 1.
4017 99. 1.
4018 99. 1.
4019 99. 1.
4020 99. 1.
4021 99. 1.
4022 99. 1.
4023 99. 1.
4024 99. 1.
4025 99. 1.
4026 99. 1.
4027 99. 1.
4028 99. 1.
4029 99. 1.
4030 99. 1.
