0 20. 80.
1 20. 80.
2 20. 80.
3 20. 80.
4 20. 80.
5 20. 80.
6 20. 80.
7 20. 80.
8 20. 80.
9 20. 80.
10 20. 80.
11 20. 80.
12 20. 80.
13 20. 80.
14 20. 80.
15 20. 80.
16 21. 79.
17 21. 79.
18 20. 80.
19 20. 80.
20 20. 80.
21 20. 80.
22 20. 80.
23 19. 81.
24 19. 81.
25 19. 81.
26 19. 81.
27 19. 81.
28 19. 81.
29 19. 81.
30 19. 81.
31 19. 81.
32 19. 81.
33 20. 80.
34 20. 80.
35 19. 81.
36 19. 81.
37 19. 81.
38 18. 82.
39 18. 82.
40 18. 82.
41 18. 82.
42 18. 82.
43 18. 82.
44 18. 82.
45 18. 82.
46 19. 81.
47 19. 81.
48 19. 81.
49 19. 81.
50 19. 81.
51 19. 81.
52 19. 81.
53 19. 81.
54 19. 81.
55 19. 81.
56 19. 81.
57 19. 81.
58 19. 81.
59 19. 81.
60 19. 81.
61 19. 81.
62 19. 81.
63 19. 81.
64 19. 81.
65 19. 81.
66 19. 81.
67 19. 81.
68 19. 81.
69 19. 81.
70 19. 81.
71 19. 81.
72 19. 81.
73 19. 81.
74 19. 81.
75 18. 82.
76 18. 82.
77 18. 82.
78 18. 82.
79 18. 82.
80 18. 82.
81 18. 82.
82 18. 82.
83 18. 82.
84 18. 82.
85 18. 82.
86 18. 82.
87 18. 82.
88 19. 81.
89 19. 81.
90 19. 81.
91 19. 81.
92 19. 81.
93 19. 81.
94 18. 82.
95 19. 81.
96 19. 81.
97 19. 81.
98 18. 82.
99 18. 82.
100 18. 82.
101 18. 82.
102 18. 82.
103 18. 82.
104 18. 82.
105 18. 82.
106 19. 81.
107 19. 81.
108 19. 81.
109 19. 81.
110 19. 81.
111 19. 81.
112 19. 81.
113 19. 81.
114 19. 81.
115 19. 81.
116 19. 81.
117 18. 82.
118 18. 82.
119 19. 81.
120 19. 81.
121 19. 81.
122 19. 81.
123 19. 81.
124 19. 81.
125 19. 81.
126 19. 81.
127 19. 81.
128 19. 81.
129 19. 81.
130 19. 81.
131 19. 81.
132 20. 80.
133 20. 80.
134 20. 80.
135 21. 79.
136 21. 79.
137 22. 78.
138 23. 77.
139 22. 78.
140 22. 78.
141 22. 78.
142 22. 78.
143 23. 77.
144 23. 77.
145 23. 77.
146 23. 77.
147 23. 77.
148 23. 77.
149 23. 77.
150 23. 77.
151 24. 76.
152 24. 76.
153 24. 76.
154 25. 75.
155 25. 75.
156 25. 75.
157 25. 75.
158 25. 75.
159 25. 75.
160 25. 75.
161 25. 75.
162 25. 75.
163 25. 75.
164 25. 75.
165 25. 75.
166 25. 75.
167 25. 75.
168 25. 75.
169 25. 75.
170 26. 74.
171 26. 74.
172 26. 74.
173 26. 74.
174 26. 74.
175 26. 74.
176 26. 74.
177 26. 74.
178 26. 74.
179 26. 74.
180 26. 74.
181 25. 75.
182 26. 74.
183 26. 74.
184 26. 74.
185 27. 73.
186 27. 73.
187 26. 74.
188 26. 74.
189 26. 74.
190 26. 74.
191 27. 73.
192 27. 73.
193 27. 73.
194 27. 73.
195 27. 73.
196 27. 73.
197 27. 73.
198 27. 73.
199 27. 73.
200 27. 73.
201 27. 73.
202 27. 73.
203 27. 73.
204 26. 74.
205 26. 74.
206 26. 74.
207 25. 75.
208 25. 75.
209 25. 75.
210 25. 75.
211 25. 75.
212 25. 75.
213 24. 76.
214 25. 75.
215 24. 76.
216 24. 76.
217 23. 77.
218 23. 77.
219 23. 77.
220 24. 76.
221 24. 76.
222 24. 76.
223 24. 76.
224 24. 76.
225 24. 76.
226 24. 76.
227 23. 77.
228 23. 77.
229 22. 78.
230 22. 78.
231 22. 78.
232 22. 78.
233 22. 78.
234 22. 78.
235 22. 78.
236 22. 78.
237 22. 78.
238 22. 78.
239 22. 78.
240 22. 78.
241 22. 78.
242 23. 77.
243 23. 77.
244 23. 77.
245 23. 77.
246 23. 77.
247 23. 77.
248 24. 76.
249 24. 76.
250 24. 76.
251 24. 76.
252 25. 75.
253 26. 74.
254 26. 74.
255 26. 74.
256 26. 74.
257 26. 74.
258 26. 74.
259 26. 74.
260 25. 75.
261 25. 75.
262 25. 75.
263 25. 75.
264 25. 75.
265 25. 75.
266 25. 75.
267 25. 75.
268 25. 75.
269 25. 75.
270 25. 75.
271 25. 75.
272 25. 75.
273 25. 75.
274 25. 75.
275 25. 75.
276 25. 75.
277 25. 75.
278 25. 75.
279 25. 75.
280 25. 75.
281 25. 75.
282 24. 76.
283 24. 76.
284 24. 76.
285 24. 76.
286 24. 76.
287 24. 76.
288 24. 76.
289 24. 76.
290 24. 76.
291 23. 77.
292 23. 77.
293 22. 78.
294 22. 78.
295 22. 78.
296 22. 78.
297 22. 78.
298 21. 79.
299 21. 79.
300 21. 79.
301 21. 79.
302 21. 79.
303 21. 79.
304 21. 79.
305 20. 80.
306 20. 80.
307 20. 80.
308 19. 81.
309 19. 81.
310 19. 81.
311 19. 81.
312 19. 81.
313 19. 81.
314 19. 81.
315 19. 81.
316 19. 81.
317 19. 81.
318 19. 81.
319 19. 81.
320 19. 81.
321 20. 80.
322 20. 80.
323 20. 80.
324 20. 80.
325 20. 80.
326 20. 80.
327 20. 80.
328 20. 80.
329 20. 80.
330 20. 80.
331 20. 80.
332 20. 80.
333 20. 80.
334 20. 80.
335 20. 80.
336 20. 80.
337 20. 80.
338 20. 80.
339 20. 80.
340 20. 80.
341 20. 80.
342 19. 81.
343 19. 81.
344 19. 81.
345 19. 81.
346 19. 81.
347 19. 81.
348 18. 82.
349 18. 82.
350 18. 82.
351 18. 82.
352 18. 82.
353 18. 82.
354 18. 82.
355 18. 82.
356 17. 83.
357 17. 83.
358 17. 83.
359 17. 83.
360 17. 83.
361 18. 82.
362 19. 81.
363 19. 81.
364 19. 81.
365 19. 81.
366 19. 81.
367 19. 81.
368 19. 81.
369 19. 81.
370 19. 81.
371 18. 82.
372 18. 82.
373 18. 82.
374 18. 82.
375 18. 82.
376 18. 82.
377 18. 82.
378 18. 82.
379 19. 81.
380 20. 80.
381 20. 80.
382 20. 80.
383 20. 80.
384 20. 80.
385 20. 80.
386 20. 80.
387 20. 80.
388 20. 80.
389 20. 80.
390 20. 80.
391 20. 80.
392 20. 80.
393 20. 80.
394 20. 80.
395 19. 81.
396 20. 80.
397 20. 80.
398 19. 81.
399 19. 81.
400 18. 82.
401 18. 82.
402 18. 82.
403 18. 82.
404 18. 82.
405 18. 82.
406 17. 83.
407 17. 83.
408 17. 83.
409 17. 83.
410 17. 83.
411 17. 83.
412 17. 83.
413 17. 83.
414 17. 83.
415 17. 83.
416 17. 83.
417 17. 83.
418 17. 83.
419 17. 83.
420 17. 83.
421 17. 83.
422 16. 84.
423 16. 84.
424 16. 84.
425 16. 84.
426 16. 84.
427 16. 84.
428 15. 85.
429 15. 85.
430 15. 85.
431 15. 85.
432 15. 85.
433 15. 85.
434 15. 85.
435 15. 85.
436 15. 85.
437 15. 85.
438 15. 85.
439 15. 85.
440 15. 85.
441 15. 85.
442 15. 85.
443 15. 85.
444 15. 85.
445 15. 85.
446 15. 85.
447 15. 85.
448 15. 85.
449 15. 85.
450 15. 85.
451 15. 85.
452 14. 86.
453 14. 86.
454 14. 86.
455 13. 87.
456 13. 87.
457 13. 87.
458 13. 87.
459 13. 87.
460 12. 88.
461 11. 89.
462 11. 89.
463 11. 89.
464 11. 89.
465 11. 89.
466 12. 88.
467 12. 88.
468 12. 88.
469 12. 88.
470 12. 88.
471 11. 89.
472 11. 89.
473 11. 89.
474 11. 89.
475 11. 89.
476 11. 89.
477 11. 89.
478 11. 89.
479 11. 89.
480 10. 90.
481 10. 90.
482 10. 90.
483 10. 90.
484 10. 90.
485 11. 89.
486 11. 89.
487 10. 90.
488 9. 91.
489 9. 91.
490 9. 91.
491 9. 91.
492 9. 91.
493 9. 91.
494 9. 91.
495 9. 91.
496 9. 91.
497 10. 90.
498 10. 90.
499 10. 90.
500 10. 90.
501 9. 91.
502 10. 90.
503 10. 90.
504 10. 90.
505 10. 90.
506 11. 89.
507 11. 89.
508 11. 89.
509 11. 89.
510 11. 89.
511 11. 89.
512 11. 89.
513 12. 88.
514 12. 88.
515 12. 88.
516 12. 88.
517 12. 88.
518 12. 88.
519 12. 88.
520 12. 88.
521 12. 88.
522 12. 88.
523 12. 88.
524 12. 88.
525 12. 88.
526 12. 88.
527 12. 88.
528 12. 88.
529 12. 88.
530 12. 88.
531 12. 88.
532 12. 88.
533 12. 88.
534 12. 88.
535 12. 88.
536 12. 88.
537 12. 88.
538 13. 87.
539 12. 88.
540 11. 89.
541 11. 89.
542 11. 89.
543 11. 89.
544 11. 89.
545 11. 89.
546 11. 89.
547 10. 90.
548 10. 90.
549 10. 90.
550 10. 90.
551 10. 90.
552 11. 89.
553 11. 89.
554 11. 89.
555 11. 89.
556 11. 89.
557 12. 88.
558 12. 88.
559 12. 88.
560 11. 89.
561 11. 89.
562 12. 88.
563 12. 88.
564 11. 89.
565 11. 89.
566 11. 89.
567 11. 89.
568 11. 89.
569 11. 89.
570 11. 89.
571 11. 89.
572 11. 89.
573 11. 89.
574 11. 89.
575 11. 89.
576 11. 89.
577 12. 88.
578 12. 88.
579 12. 88.
580 12. 88.
581 12. 88.
582 12. 88.
583 13. 87.
584 13. 87.
585 13. 87.
586 13. 87.
587 13. 87.
588 13. 87.
589 13. 87.
590 14. 86.
591 14. 86.
592 14. 86.
593 14. 86.
594 14. 86.
595 14. 86.
596 15. 85.
597 15. 85.
598 15. 85.
599 15. 85.
600 15. 85.
601 15. 85.
602 15. 85.
603 15. 85.
604 15. 85.
605 15. 85.
606 15. 85.
607 15. 85.
608 15. 85.
609 15. 85.
610 15. 85.
611 15. 85.
612 14. 86.
613 14. 86.
614 14. 86.
615 13. 87.
616 13. 87.
617 13. 87.
618 13. 87.
619 14. 86.
620 14. 86.
621 14. 86.
622 14. 86.
623 14. 86.
624 14. 86.
625 14. 86.
626 14. 86.
627 15. 85.
628 16. 84.
629 16. 84.
630 16. 84.
631 16. 84.
632 16. 84.
633 16. 84.
634 16. 84.
635 16. 84.
636 16. 84.
637 16. 84.
638 16. 84.
639 16. 84.
640 16. 84.
641 17. 83.
642 17. 83.
643 17. 83.
644 17. 83.
645 18. 82.
646 18. 82.
647 18. 82.
648 18. 82.
649 18. 82.
650 18. 82.
651 17. 83.
652 17. 83.
653 17. 83.
654 17. 83.
655 17. 83.
656 17. 83.
657 17. 83.
658 17. 83.
659 17. 83.
660 17. 83.
661 17. 83.
662 17. 83.
663 17. 83.
664 17. 83.
665 17. 83.
666 17. 83.
667 17. 83.
668 17. 83.
669 17. 83.
670 17. 83.
671 17. 83.
672 17. 83.
673 17. 83.
674 17. 83.
675 17. 83.
676 18. 82.
677 18. 82.
678 18. 82.
679 18. 82.
680 18. 82.
681 17. 83.
682 17. 83.
683 17. 83.
684 17. 83.
685 17. 83.
686 17. 83.
687 17. 83.
688 17. 83.
689 17. 83.
690 16. 84.
691 16. 84.
692 16. 84.
693 16. 84.
694 16. 84.
695 17. 83.
696 17. 83.
697 17. 83.
698 17. 83.
699 16. 84.
700 16. 84.
701 16. 84.
702 16. 84.
703 16. 84.
704 16. 84.
705 16. 84.
706 16. 84.
707 16. 84.
708 16. 84.
709 16. 84.
710 16. 84.
711 16. 84.
712 16. 84.
713 16. 84.
714 16. 84.
715 16. 84.
716 16. 84.
717 16. 84.
718 17. 83.
719 17. 83.
720 17. 83.
721 17. 83.
722 17. 83.
723 17. 83.
724 17. 83.
725 17. 83.
726 17. 83.
727 17. 83.
728 17. 83.
729 17. 83.
730 17. 83.
731 17. 83.
732 17. 83.
733 17. 83.
734 17. 83.
735 17. 83.
736 17. 83.
737 17. 83.
738 17. 83.
739 17. 83.
740 17. 83.
741 17. 83.
742 17. 83.
743 17. 83.
744 17. 83.
745 17. 83.
746 18. 82.
747 18. 82.
748 19. 81.
749 19. 81.
750 19. 81.
751 19. 81.
752 19. 81.
753 19. 81.
754 20. 80.
755 20. 80.
756 20. 80.
757 20. 80.
758 20. 80.
759 20. 80.
760 20. 80.
761 20. 80.
762 21. 79.
763 21. 79.
764 21. 79.
765 21. 79.
766 21. 79.
767 20. 80.
768 20. 80.
769 20. 80.
770 20. 80.
771 20. 80.
772 20. 80.
773 20. 80.
774 20. 80.
775 20. 80.
776 19. 81.
777 19. 81.
778 19. 81.
779 18. 82.
780 18. 82.
781 18. 82.
782 18. 82.
783 18. 82.
784 18. 82.
785 18. 82.
786 17. 83.
787 18. 82.
788 18. 82.
789 18. 82.
790 17. 83.
791 17. 83.
792 17. 83.
793 17. 83.
794 17. 83.
795 17. 83.
796 16. 84.
797 16. 84.
798 16. 84.
799 16. 84.
800 16. 84.
801 16. 84.
802 16. 84.
803 16. 84.
804 16. 84.
805 16. 84.
806 16. 84.
807 16. 84.
808 16. 84.
809 16. 84.
810 16. 84.
811 16. 84.
812 16. 84.
813 16. 84.
814 16. 84.
815 16. 84.
816 16. 84.
817 17. 83.
818 16. 84.
819 16. 84.
820 16. 84.
821 16. 84.
822 17. 83.
823 16. 84.
824 16. 84.
825 16. 84.
826 16. 84.
827 17. 83.
828 18. 82.
829 18. 82.
830 18. 82.
831 18. 82.
832 18. 82.
833 18. 82.
834 18. 82.
835 18. 82.
836 18. 82.
837 18. 82.
838 17. 83.
839 17. 83.
840 17. 83.
841 17. 83.
842 17. 83.
843 17. 83.
844 17. 83.
845 16. 84.
846 16. 84.
847 16. 84.
848 15. 85.
849 16. 84.
850 16. 84.
851 16. 84.
852 16. 84.
853 16. 84.
854 16. 84.
855 16. 84.
856 16. 84.
857 16. 84.
858 16. 84.
859 16. 84.
860 15. 85.
861 15. 85.
862 15. 85.
863 15. 85.
864 15. 85.
865 15. 85.
866 15. 85.
867 15. 85.
868 15. 85.
869 15. 85.
870 15. 85.
871 15. 85.
872 15. 85.
873 15. 85.
874 15. 85.
875 15. 85.
876 15. 85.
877 16. 84.
878 16. 84.
879 16. 84.
880 16. 84.
881 16. 84.
882 16. 84.
883 16. 84.
884 16. 84.
885 16. 84.
886 16. 84.
887 16. 84.
888 16. 84.
889 16. 84.
890 16. 84.
891 16. 84.
892 16. 84.
893 16. 84.
894 16. 84.
895 16. 84.
896 16. 84.
897 16. 84.
898 16. 84.
899 16. 84.
900 16. 84.
901 16. 84.
902 16. 84.
903 16. 84.
904 16. 84.
905 16. 84.
906 16. 84.
907 16. 84.
908 16. 84.
909 16. 84.
910 15. 85.
911 15. 85.
912 15. 85.
913 15. 85.
914 15. 85.
915 15. 85.
916 15. 85.
917 15. 85.
918 15. 85.
919 15. 85.
920 15. 85.
921 15. 85.
922 15. 85.
923 15. 85.
924 15. 85.
925 14. 86.
926 14. 86.
927 14. 86.
928 14. 86.
929 14. 86.
930 14. 86.
931 14. 86.
932 14. 86.
933 14. 86.
934 13. 87.
935 13. 87.
936 13. 87.
937 13. 87.
938 13. 87.
939 13. 87.
940 13. 87.
941 13. 87.
942 13. 87.
943 13. 87.
944 13. 87.
945 13. 87.
946 13. 87.
947 14. 86.
948 14. 86.
949 14. 86.
950 14. 86.
951 14. 86.
952 14. 86.
953 13. 87.
954 13. 87.
955 13. 87.
956 13. 87.
957 13. 87.
958 13. 87.
959 14. 86.
960 14. 86.
961 14. 86.
962 14. 86.
963 14. 86.
964 14. 86.
965 14. 86.
966 14. 86.
967 14. 86.
968 14. 86.
969 14. 86.
970 14. 86.
971 14. 86.
972 13. 87.
973 13. 87.
974 13. 87.
975 13. 87.
976 13. 87.
977 13. 87.
978 13. 87.
979 14. 86.
980 14. 86.
981 14. 86.
982 14. 86.
983 14. 86.
984 14. 86.
985 14. 86.
986 14. 86.
987 14. 86.
988 14. 86.
989 14. 86.
990 14. 86.
991 14. 86.
992 14. 86.
993 14. 86.
994 14. 86.
995 14. 86.
996 14. 86.
997 14. 86.
998 14. 86.
999 14. 86.
1000 14. 86.
1001 14. 86.
1002 14. 86.
1003 14. 86.
1004 14. 86.
1005 14. 86.
1006 14. 86.
1007 14. 86.
1008 14. 86.
1009 14. 86.
1010 14. 86.
1011 14. 86.
1012 14. 86.
1013 14. 86.
1014 14. 86.
1015 14. 86.
1016 14. 86.
1017 14. 86.
1018 14. 86.
1019 14. 86.
1020 14. 86.
1021 14. 86.
1022 14. 86.
1023 14. 86.
1024 14. 86.
1025 14. 86.
1026 14. 86.
1027 14. 86.
1028 14. 86.
1029 14. 86.
1030 14. 86.
1031 14. 86.
1032 14. 86.
1033 14. 86.
1034 14. 86.
1035 13. 87.
1036 13. 87.
1037 13. 87.
1038 13. 87.
1039 13. 87.
1040 13. 87.
1041 13. 87.
1042 13. 87.
1043 13. 87.
1044 12. 88.
1045 12. 88.
1046 12. 88.
1047 12. 88.
1048 12. 88.
1049 12. 88.
1050 12. 88.
1051 12. 88.
1052 12. 88.
1053 12. 88.
1054 12. 88.
1055 12. 88.
1056 12. 88.
1057 12. 88.
1058 11. 89.
1059 12. 88.
1060 12. 88.
1061 12. 88.
1062 12. 88.
1063 12. 88.
1064 12. 88.
1065 13. 87.
1066 13. 87.
1067 13. 87.
1068 13. 87.
1069 13. 87.
1070 13. 87.
1071 13. 87.
1072 13. 87.
1073 13. 87.
1074 13. 87.
1075 13. 87.
1076 13. 87.
1077 13. 87.
1078 13. 87.
1079 13. 87.
1080 13. 87.
1081 13. 87.
1082 13. 87.
1083 13. 87.
1084 13. 87.
1085 13. 87.
1086 13. 87.
1087 13. 87.
1088 13. 87.
1089 13. 87.
1090 13. 87.
1091 13. 87.
1092 13. 87.
1093 13. 87.
1094 13. 87.
1095 13. 87.
1096 13. 87.
1097 13. 87.
1098 13. 87.
1099 13. 87.
1100 13. 87.
1101 13. 87.
1102 13. 87.
1103 13. 87.
1104 13. 87.
1105 13. 87.
1106 13. 87.
1107 13. 87.
1108 13. 87.
1109 13. 87.
1110 12. 88.
1111 12. 88.
1112 12. 88.
1113 12. 88.
1114 12. 88.
1115 12. 88.
1116 12. 88.
1117 12. 88.
1118 12. 88.
1119 11. 89.
1120 11. 89.
1121 11. 89.
1122 11. 89.
1123 11. 89.
1124 11. 89.
1125 12. 88.
1126 12. 88.
1127 12. 88.
1128 11. 89.
1129 11. 89.
1130 11. 89.
1131 11. 89.
1132 11. 89.
1133 11. 89.
1134 11. 89.
1135 11. 89.
1136 11. 89.
1137 11. 89.
1138 11. 89.
1139 11. 89.
1140 11. 89.
1141 11. 89.
1142 11. 89.
1143 11. 89.
1144 11. 89.
1145 11. 89.
1146 11. 89.
1147 11. 89.
1148 11. 89.
1149 11. 89.
1150 12. 88.
1151 12. 88.
1152 12. 88.
1153 12. 88.
1154 12. 88.
1155 12. 88.
1156 12. 88.
1157 12. 88.
1158 12. 88.
1159 12. 88.
1160 12. 88.
1161 12. 88.
1162 12. 88.
1163 12. 88.
1164 12. 88.
1165 11. 89.
1166 11. 89.
1167 11. 89.
1168 11. 89.
1169 11. 89.
1170 11. 89.
1171 11. 89.
1172 11. 89.
1173 11. 89.
1174 11. 89.
1175 11. 89.
1176 11. 89.
1177 11. 89.
1178 11. 89.
1179 11. 89.
1180 11. 89.
1181 10. 90.
1182 10. 90.
1183 10. 90.
1184 10. 90.
1185 11. 89.
1186 11. 89.
1187 11. 89.
1188 11. 89.
1189 12. 88.
1190 12. 88.
1191 12. 88.
1192 12. 88.
1193 12. 88.
1194 13. 87.
1195 13. 87.
1196 13. 87.
1197 13. 87.
1198 13. 87.
1199 13. 87.
1200 13. 87.
1201 13. 87.
1202 13. 87.
1203 13. 87.
1204 13. 87.
1205 13. 87.
1206 14. 86.
1207 14. 86.
1208 14. 86.
1209 14. 86.
1210 14. 86.
1211 14. 86.
1212 13. 87.
1213 13. 87.
1214 13. 87.
1215 13. 87.
1216 13. 87.
1217 13. 87.
1218 13. 87.
1219 13. 87.
1220 12. 88.
1221 12. 88.
1222 12. 88.
1223 12. 88.
1224 12. 88.
1225 12. 88.
1226 12. 88.
1227 12. 88.
1228 12. 88.
1229 12. 88.
1230 12. 88.
1231 12. 88.
1232 12. 88.
1233 11. 89.
1234 11. 89.
1235 11. 89.
1236 11. 89.
1237 11. 89.
1238 11. 89.
1239 11. 89.
1240 11. 89.
1241 12. 88.
1242 12. 88.
1243 12. 88.
1244 12. 88.
1245 12. 88.
1246 11. 89.
1247 11. 89.
1248 11. 89.
1249 11. 89.
1250 11. 89.
1251 11. 89.
1252 11. 89.
1253 11. 89.
1254 11. 89.
1255 11. 89.
1256 11. 89.
1257 11. 89.
1258 11. 89.
1259 11. 89.
1260 11. 89.
1261 11. 89.
1262 11. 89.
1263 11. 89.
1264 11. 89.
1265 10. 90.
1266 10. 90.
1267 10. 90.
1268 10. 90.
1269 10. 90.
1270 11. 89.
1271 11. 89.
1272 11. 89.
1273 11. 89.
1274 11. 89.
1275 11. 89.
1276 11. 89.
1277 11. 89.
1278 11. 89.
1279 11. 89.
1280 11. 89.
1281 11. 89.
1282 11. 89.
1283 11. 89.
1284 12. 88.
1285 12. 88.
1286 12. 88.
1287 12. 88.
1288 12. 88.
1289 12. 88.
1290 12. 88.
1291 12. 88.
1292 12. 88.
1293 13. 87.
1294 13. 87.
1295 13. 87.
1296 13. 87.
1297 14. 86.
1298 14. 86.
1299 14. 86.
1300 14. 86.
1301 14. 86.
1302 14. 86.
1303 14. 86.
1304 14. 86.
1305 14. 86.
1306 14. 86.
1307 14. 86.
1308 14. 86.
1309 14. 86.
1310 14. 86.
1311 13. 87.
1312 13. 87.
1313 13. 87.
1314 13. 87.
1315 13. 87.
1316 13. 87.
1317 13. 87.
1318 14. 86.
1319 14. 86.
1320 14. 86.
1321 15. 85.
1322 15. 85.
1323 16. 84.
1324 16. 84.
1325 16. 84.
1326 16. 84.
1327 16. 84.
1328 16. 84.
1329 16. 84.
1330 16. 84.
1331 16. 84.
1332 16. 84.
1333 16. 84.
1334 16. 84.
1335 16. 84.
1336 16. 84.
1337 15. 85.
1338 15. 85.
1339 15. 85.
1340 15. 85.
1341 15. 85.
1342 15. 85.
1343 15. 85.
1344 15. 85.
1345 15. 85.
1346 15. 85.
1347 15. 85.
1348 15. 85.
1349 15. 85.
1350 16. 84.
1351 16. 84.
1352 16. 84.
1353 16. 84.
1354 17. 83.
1355 17. 83.
1356 17. 83.
1357 17. 83.
1358 17. 83.
1359 17. 83.
1360 17. 83.
1361 17. 83.
1362 17. 83.
1363 17. 83.
1364 17. 83.
1365 17. 83.
1366 17. 83.
1367 17. 83.
1368 17. 83.
1369 17. 83.
1370 17. 83.
1371 17. 83.
1372 17. 83.
1373 17. 83.
1374 17. 83.
1375 17. 83.
1376 17. 83.
1377 17. 83.
1378 17. 83.
1379 17. 83.
1380 16. 84.
1381 16. 84.
1382 16. 84.
1383 16. 84.
1384 16. 84.
1385 16. 84.
1386 16. 84.
1387 17. 83.
1388 18. 82.
1389 18. 82.
1390 18. 82.
1391 18. 82.
1392 18. 82.
1393 18. 82.
1394 18. 82.
1395 18. 82.
1396 18. 82.
1397 18. 82.
1398 18. 82.
1399 18. 82.
1400 18. 82.
1401 18. 82.
1402 18. 82.
1403 18. 82.
1404 18. 82.
1405 18. 82.
1406 18. 82.
1407 18. 82.
1408 18. 82.
1409 18. 82.
1410 18. 82.
1411 18. 82.
1412 18. 82.
1413 18. 82.
1414 18. 82.
1415 18. 82.
1416 18. 82.
1417 18. 82.
1418 18. 82.
1419 18. 82.
1420 17. 83.
1421 17. 83.
1422 16. 84.
1423 16. 84.
1424 16. 84.
1425 16. 84.
1426 16. 84.
1427 16. 84.
1428 16. 84.
1429 16. 84.
1430 16. 84.
1431 16. 84.
1432 16. 84.
1433 16. 84.
1434 16. 84.
1435 16. 84.
1436 16. 84.
1437 16. 84.
1438 15. 85.
1439 15. 85.
1440 15. 85.
1441 15. 85.
1442 15. 85.
1443 15. 85.
1444 15. 85.
1445 15. 85.
1446 15. 85.
1447 15. 85.
1448 15. 85.
1449 15. 85.
1450 15. 85.
1451 15. 85.
1452 15. 85.
1453 15. 85.
1454 15. 85.
1455 16. 84.
1456 16. 84.
1457 16. 84.
1458 16. 84.
1459 16. 84.
1460 16. 84.
1461 16. 84.
1462 16. 84.
1463 16. 84.
1464 16. 84.
1465 16. 84.
1466 16. 84.
1467 15. 85.
1468 15. 85.
1469 14. 86.
1470 13. 87.
1471 13. 87.
1472 13. 87.
1473 13. 87.
1474 13. 87.
1475 13. 87.
1476 13. 87.
1477 13. 87.
1478 13. 87.
1479 13. 87.
1480 13. 87.
1481 13. 87.
1482 13. 87.
1483 13. 87.
1484 13. 87.
1485 13. 87.
1486 13. 87.
1487 13. 87.
1488 13. 87.
1489 13. 87.
1490 13. 87.
1491 13. 87.
1492 12. 88.
1493 12. 88.
1494 11. 89.
1495 11. 89.
1496 11. 89.
1497 11. 89.
1498 11. 89.
1499 11. 89.
1500 11. 89.
1501 11. 89.
1502 11. 89.
1503 11. 89.
1504 10. 90.
1505 10. 90.
1506 10. 90.
1507 10. 90.
1508 10. 90.
1509 10. 90.
1510 10. 90.
1511 11. 89.
1512 11. 89.
1513 11. 89.
1514 11. 89.
1515 12. 88.
1516 12. 88.
1517 12. 88.
1518 13. 87.
1519 13. 87.
1520 13. 87.
1521 13. 87.
1522 13. 87.
1523 13. 87.
1524 13. 87.
1525 13. 87.
1526 13. 87.
1527 13. 87.
1528 13. 87.
1529 13. 87.
1530 13. 87.
1531 13. 87.
1532 13. 87.
1533 13. 87.
1534 13. 87.
1535 13. 87.
1536 13. 87.
1537 13. 87.
1538 13. 87.
1539 13. 87.
1540 12. 88.
1541 12. 88.
1542 12. 88.
1543 12. 88.
1544 12. 88.
1545 12. 88.
1546 12. 88.
1547 12. 88.
1548 12. 88.
1549 12. 88.
1550 12. 88.
1551 12. 88.
1552 12. 88.
1553 12. 88.
1554 12. 88.
1555 12. 88.
1556 12. 88.
1557 12. 88.
1558 12. 88.
1559 12. 88.
1560 12. 88.
1561 12. 88.
1562 12. 88.
1563 12. 88.
1564 12. 88.
1565 12. 88.
1566 12. 88.
1567 12. 88.
1568 12. 88.
1569 12. 88.
1570 12. 88.
1571 11. 89.
1572 11. 89.
1573 11. 89.
1574 11. 89.
1575 11. 89.
1576 12. 88.
1577 12. 88.
1578 12. 88.
1579 12. 88.
1580 12. 88.
1581 12. 88.
1582 11. 89.
1583 11. 89.
1584 11. 89.
1585 11. 89.
1586 11. 89.
1587 11. 89.
1588 11. 89.
1589 11. 89.
1590 11. 89.
1591 11. 89.
1592 11. 89.
1593 11. 89.
1594 11. 89.
1595 11. 89.
1596 11. 89.
1597 11. 89.
1598 10. 90.
1599 10. 90.
1600 10. 90.
1601 10. 90.
1602 10. 90.
1603 10. 90.
1604 10. 90.
1605 10. 90.
1606 10. 90.
1607 10. 90.
1608 10. 90.
1609 10. 90.
1610 10. 90.
1611 10. 90.
1612 10. 90.
1613 10. 90.
1614 10. 90.
1615 10. 90.
1616 10. 90.
1617 11. 89.
1618 11. 89.
1619 11. 89.
1620 11. 89.
1621 11. 89.
1622 11. 89.
1623 12. 88.
1624 12. 88.
1625 12. 88.
1626 12. 88.
1627 12. 88.
1628 12. 88.
1629 12. 88.
1630 13. 87.
1631 13. 87.
1632 13. 87.
1633 13. 87.
1634 13. 87.
1635 13. 87.
1636 13. 87.
1637 13. 87.
1638 13. 87.
1639 13. 87.
1640 13. 87.
1641 13. 87.
1642 13. 87.
1643 13. 87.
1644 13. 87.
1645 13. 87.
1646 13. 87.
1647 13. 87.
1648 13. 87.
1649 13. 87.
1650 13. 87.
1651 13. 87.
1652 13. 87.
1653 13. 87.
1654 13. 87.
1655 13. 87.
1656 13. 87.
1657 13. 87.
1658 13. 87.
1659 13. 87.
1660 13. 87.
1661 13. 87.
1662 13. 87.
1663 13. 87.
1664 13. 87.
1665 12. 88.
1666 12. 88.
1667 12. 88.
1668 12. 88.
1669 12. 88.
1670 12. 88.
1671 12. 88.
1672 12. 88.
1673 12. 88.
1674 12. 88.
1675 12. 88.
1676 12. 88.
1677 12. 88.
1678 12. 88.
1679 12. 88.
1680 12. 88.
1681 12. 88.
1682 12. 88.
1683 12. 88.
1684 12. 88.
1685 12. 88.
1686 12. 88.
1687 12. 88.
1688 12. 88.
1689 12. 88.
1690 12. 88.
1691 12. 88.
1692 11. 89.
1693 11. 89.
1694 11. 89.
1695 11. 89.
1696 11. 89.
1697 11. 89.
1698 11. 89.
1699 10. 90.
1700 10. 90.
1701 9. 91.
1702 9. 91.
1703 9. 91.
1704 9. 91.
1705 9. 91.
1706 9. 91.
1707 8. 92.
1708 8. 92.
1709 8. 92.
1710 8. 92.
1711 8. 92.
1712 8. 92.
1713 8. 92.
1714 8. 92.
1715 8. 92.
1716 8. 92.
1717 8. 92.
1718 8. 92.
1719 8. 92.
1720 8. 92.
1721 8. 92.
1722 8. 92.
1723 8. 92.
1724 8. 92.
1725 8. 92.
1726 8. 92.
1727 8. 92.
1728 8. 92.
1729 8. 92.
1730 8. 92.
1731 8. 92.
1732 8. 92.
1733 8. 92.
1734 8. 92.
1735 8. 92.
1736 9. 91.
1737 9. 91.
1738 9. 91.
1739 9. 91.
1740 9. 91.
1741 9. 91.
1742 10. 90.
1743 10. 90.
1744 10. 90.
1745 10. 90.
1746 10. 90.
1747 10. 90.
1748 10. 90.
1749 10. 90.
1750 10. 90.
1751 10. 90.
1752 10. 90.
1753 10. 90.
1754 10. 90.
1755 10. 90.
1756 10. 90.
1757 10. 90.
1758 10. 90.
1759 10. 90.
1760 10. 90.
1761 10. 90.
1762 10. 90.
1763 10. 90.
1764 10. 90.
1765 10. 90.
1766 10. 90.
1767 10. 90.
1768 10. 90.
1769 10. 90.
1770 10. 90.
1771 10. 90.
1772 10. 90.
1773 10. 90.
1774 10. 90.
1775 10. 90.
1776 10. 90.
1777 10. 90.
1778 9. 91.
1779 9. 91.
1780 9. 91.
1781 9. 91.
1782 9. 91.
1783 9. 91.
1784 9. 91.
1785 9. 91.
1786 9. 91.
1787 9. 91.
1788 9. 91.
1789 9. 91.
1790 9. 91.
1791 8. 92.
1792 8. 92.
1793 8. 92.
1794 8. 92.
1795 8. 92.
1796 8. 92.
1797 8. 92.
1798 8. 92.
1799 8. 92.
1800 8. 92.
1801 8. 92.
1802 8. 92.
1803 8. 92.
1804 8. 92.
1805 8. 92.
1806 8. 92.
1807 8. 92.
1808 8. 92.
1809 8. 92.
1810 8. 92.
1811 8. 92.
1812 8. 92.
1813 8. 92.
1814 8. 92.
1815 8. 92.
1816 8. 92.
1817 8. 92.
1818 8. 92.
1819 8. 92.
1820 8. 92.
1821 8. 92.
1822 8. 92.
1823 8. 92.
1824 8. 92.
1825 8. 92.
1826 8. 92.
1827 8. 92.
1828 8. 92.
1829 8. 92.
1830 8. 92.
1831 8. 92.
1832 9. 91.
1833 9. 91.
1834 10. 90.
1835 10. 90.
1836 10. 90.
1837 10. 90.
1838 10. 90.
1839 10. 90.
1840 10. 90.
1841 9. 91.
1842 9. 91.
1843 9. 91.
1844 9. 91.
1845 9. 91.
1846 9. 91.
1847 9. 91.
1848 9. 91.
1849 9. 91.
1850 9. 91.
1851 9. 91.
1852 9. 91.
1853 9. 91.
1854 9. 91.
1855 9. 91.
1856 9. 91.
1857 9. 91.
1858 9. 91.
1859 9. 91.
1860 9. 91.
1861 9. 91.
1862 9. 91.
1863 9. 91.
1864 9. 91.
1865 9. 91.
1866 9. 91.
1867 9. 91.
1868 9. 91.
1869 9. 91.
1870 8. 92.
1871 8. 92.
1872 9. 91.
1873 9. 91.
1874 9. 91.
1875 9. 91.
1876 9. 91.
1877 9. 91.
1878 9. 91.
1879 9. 91.
1880 8. 92.
1881 8. 92.
1882 8. 92.
1883 8. 92.
1884 9. 91.
1885 9. 91.
1886 9. 91.
1887 10. 90.
1888 10. 90.
1889 10. 90.
1890 10. 90.
1891 10. 90.
1892 10. 90.
1893 10. 90.
1894 10. 90.
1895 10. 90.
1896 10. 90.
1897 10. 90.
1898 10. 90.
1899 10. 90.
1900 10. 90.
1901 10. 90.
1902 10. 90.
1903 10. 90.
1904 10. 90.
1905 10. 90.
1906 10. 90.
1907 10. 90.
1908 10. 90.
1909 10. 90.
1910 10. 90.
1911 10. 90.
1912 10. 90.
1913 10. 90.
1914 10. 90.
1915 10. 90.
1916 10. 90.
1917 10. 90.
1918 10. 90.
1919 10. 90.
1920 10. 90.
1921 10. 90.
1922 10. 90.
1923 10. 90.
1924 10. 90.
1925 10. 90.
1926 10. 90.
1927 10. 90.
1928 10. 90.
1929 10. 90.
1930 10. 90.
1931 10. 90.
1932 10. 90.
1933 10. 90.
1934 10. 90.
1935 10. 90.
1936 10. 90.
1937 10. 90.
1938 10. 90.
1939 10. 90.
1940 10. 90.
1941 10. 90.
1942 10. 90.
1943 10. 90.
1944 10. 90.
1945 10. 90.
1946 10. 90.
1947 10. 90.
1948 10. 90.
1949 10. 90.
1950 10. 90.
1951 10. 90.
1952 10. 90.
1953 10. 90.
1954 10. 90.
1955 10. 90.
1956 10. 90.
1957 10. 90.
1958 10. 90.
1959 10. 90.
1960 10. 90.
1961 10. 90.
1962 10. 90.
1963 9. 91.
1964 9. 91.
1965 9. 91.
1966 9. 91.
1967 9. 91.
1968 9. 91.
1969 10. 90.
1970 10. 90.
1971 10. 90.
1972 10. 90.
1973 10. 90.
1974 9. 91.
1975 9. 91.
1976 9. 91.
1977 9. 91.
1978 9. 91.
1979 9. 91.
1980 9. 91.
1981 9. 91.
1982 8. 92.
1983 8. 92.
1984 8. 92.
1985 8. 92.
1986 8. 92.
1987 9. 91.
1988 9. 91.
1989 9. 91.
1990 9. 91.
1991 9. 91.
1992 9. 91.
1993 9. 91.
1994 9. 91.
1995 9. 91.
1996 9. 91.
1997 9. 91.
1998 9. 91.
1999 9. 91.
2000 9. 91.
2001 8. 92.
2002 8. 92.
2003 8. 92.
2004 8. 92.
2005 9. 91.
2006 9. 91.
2007 9. 91.
2008 9. 91.
2009 9. 91.
2010 9. 91.
2011 9. 91.
2012 8. 92.
2013 8. 92.
2014 8. 92.
2015 8. 92.
2016 8. 92.
2017 8. 92.
2018 8. 92.
2019 8. 92.
2020 8. 92.
2021 8. 92.
2022 8. 92.
2023 8. 92.
2024 8. 92.
2025 8. 92.
2026 8. 92.
2027 8. 92.
2028 8. 92.
2029 8. 92.
2030 8. 92.
2031 8. 92.
2032 8. 92.
2033 8. 92.
2034 8. 92.
2035 8. 92.
2036 8. 92.
2037 8. 92.
2038 8. 92.
2039 7. 93.
2040 7. 93.
2041 7. 93.
2042 7. 93.
2043 7. 93.
2044 7. 93.
2045 7. 93.
2046 7. 93.
2047 7. 93.
2048 7. 93.
2049 7. 93.
2050 7. 93.
2051 7. 93.
2052 7. 93.
2053 7. 93.
2054 8. 92.
2055 8. 92.
2056 8. 92.
2057 8. 92.
2058 8. 92.
2059 8. 92.
2060 8. 92.
2061 8. 92.
2062 8. 92.
2063 8. 92.
2064 8. 92.
2065 8. 92.
2066 8. 92.
2067 8. 92.
2068 8. 92.
2069 8. 92.
2070 8. 92.
2071 8. 92.
2072 8. 92.
2073 8. 92.
2074 8. 92.
2075 8. 92.
2076 8. 92.
2077 8. 92.
2078 8. 92.
2079 8. 92.
2080 8. 92.
2081 8. 92.
2082 8. 92.
2083 8. 92.
2084 7. 93.
2085 7. 93.
2086 7. 93.
2087 7. 93.
2088 7. 93.
2089 8. 92.
2090 9. 91.
2091 9. 91.
2092 9. 91.
2093 8. 92.
2094 8. 92.
2095 8. 92.
2096 8. 92.
2097 8. 92.
2098 8. 92.
2099 8. 92.
2100 8. 92.
2101 8. 92.
2102 8. 92.
2103 8. 92.
2104 8. 92.
2105 8. 92.
2106 8. 92.
2107 8. 92.
2108 8. 92.
2109 8. 92.
2110 8. 92.
2111 8. 92.
2112 8. 92.
2113 8. 92.
2114 8. 92.
2115 9. 91.
2116 9. 91.
2117 9. 91.
2118 9. 91.
2119 9. 91.
2120 9. 91.
2121 8. 92.
2122 8. 92.
2123 8. 92.
2124 8. 92.
2125 8. 92.
2126 8. 92.
2127 8. 92.
2128 8. 92.
2129 8. 92.
2130 8. 92.
2131 8. 92.
2132 8. 92.
2133 8. 92.
2134 8. 92.
2135 7. 93.
2136 7. 93.
2137 7. 93.
2138 7. 93.
2139 7. 93.
2140 7. 93.
2141 7. 93.
2142 7. 93.
2143 7. 93.
2144 7. 93.
2145 7. 93.
2146 7. 93.
2147 7. 93.
2148 7. 93.
2149 7. 93.
2150 7. 93.
2151 7. 93.
2152 6. 94.
2153 5. 95.
2154 5. 95.
2155 5. 95.
2156 5. 95.
2157 5. 95.
2158 5. 95.
2159 5. 95.
2160 5. 95.
2161 5. 95.
2162 5. 95.
2163 5. 95.
2164 6. 94.
2165 6. 94.
2166 6. 94.
2167 6. 94.
2168 6. 94.
2169 6. 94.
2170 6. 94.
2171 6. 94.
2172 6. 94.
2173 6. 94.
2174 6. 94.
2175 6. 94.
2176 6. 94.
2177 6. 94.
2178 6. 94.
2179 6. 94.
2180 6. 94.
2181 5. 95.
2182 5. 95.
2183 5. 95.
2184 5. 95.
2185 5. 95.
2186 5. 95.
2187 5. 95.
2188 5. 95.
2189 5. 95.
2190 5. 95.
2191 5. 95.
2192 5. 95.
2193 5. 95.
2194 4. 96.
2195 4. 96.
2196 4. 96.
2197 4. 96.
2198 4. 96.
2199 4. 96.
2200 4. 96.
2201 4. 96.
2202 4. 96.
2203 4. 96.
2204 4. 96.
2205 4. 96.
2206 4. 96.
2207 4. 96.
2208 4. 96.
2209 4. 96.
2210 4. 96.
2211 4. 96.
2212 4. 96.
2213 4. 96.
2214 4. 96.
2215 5. 95.
2216 5. 95.
2217 5. 95.
2218 5. 95.
2219 5. 95.
2220 5. 95.
2221 5. 95.
2222 5. 95.
2223 5. 95.
2224 4. 96.
2225 4. 96.
2226 4. 96.
2227 4. 96.
2228 4. 96.
2229 4. 96.
2230 4. 96.
2231 4. 96.
2232 4. 96.
2233 4. 96.
2234 4. 96.
2235 4. 96.
2236 4. 96.
2237 4. 96.
2238 4. 96.
2239 4. 96.
2240 4. 96.
2241 4. 96.
2242 4. 96.
2243 4. 96.
2244 5. 95.
2245 5. 95.
2246 5. 95.
2247 5. 95.
2248 4. 96.
2249 4. 96.
2250 4. 96.
2251 4. 96.
2252 4. 96.
2253 4. 96.
2254 4. 96.
2255 4. 96.
2256 4. 96.
2257 4. 96.
2258 4. 96.
2259 4. 96.
2260 4. 96.
2261 4. 96.
2262 4. 96.
2263 4. 96.
2264 4. 96.
2265 4. 96.
2266 4. 96.
2267 4. 96.
2268 4. 96.
2269 4. 96.
2270 4. 96.
2271 4. 96.
2272 4. 96.
2273 4. 96.
2274 4. 96.
2275 4. 96.
2276 4. 96.
2277 4. 96.
2278 4. 96.
2279 4. 96.
2280 4. 96.
2281 4. 96.
2282 4. 96.
2283 4. 96.
2284 4. 96.
2285 4. 96.
2286 4. 96.
2287 3. 97.
2288 3. 97.
2289 3. 97.
2290 3. 97.
2291 3. 97.
2292 3. 97.
2293 3. 97.
2294 3. 97.
2295 3. 97.
2296 3. 97.
2297 3. 97.
2298 4. 96.
2299 4. 96.
2300 4. 96.
2301 4. 96.
2302 4. 96.
2303 4. 96.
2304 4. 96.
2305 4. 96.
2306 4. 96.
2307 4. 96.
2308 4. 96.
2309 4. 96.
2310 4. 96.
2311 4. 96.
2312 4. 96.
2313 4. 96.
2314 4. 96.
2315 4. 96.
2316 4. 96.
2317 4. 96.
2318 4. 96.
2319 4. 96.
2320 4. 96.
2321 4. 96.
2322 4. 96.
2323 4. 96.
2324 4. 96.
2325 4. 96.
2326 4. 96.
2327 4. 96.
2328 4. 96.
2329 4. 96.
2330 4. 96.
2331 4. 96.
2332 4. 96.
2333 4. 96.
2334 4. 96.
2335 4. 96.
2336 4. 96.
2337 4. 96.
2338 4. 96.
2339 4. 96.
2340 4. 96.
2341 4. 96.
2342 4. 96.
2343 4. 96.
2344 5. 95.
2345 5. 95.
2346 5. 95.
2347 5. 95.
2348 5. 95.
2349 5. 95.
2350 5. 95.
2351 5. 95.
2352 5. 95.
2353 5. 95.
2354 5. 95.
2355 5. 95.
2356 5. 95.
2357 5. 95.
2358 5. 95.
2359 5. 95.
2360 5. 95.
2361 5. 95.
2362 5. 95.
2363 5. 95.
2364 5. 95.
2365 5. 95.
2366 5. 95.
2367 5. 95.
2368 5. 95.
2369 5. 95.
2370 5. 95.
2371 5. 95.
2372 5. 95.
2373 5. 95.
2374 5. 95.
2375 5. 95.
2376 5. 95.
2377 5. 95.
2378 5. 95.
2379 5. 95.
2380 5. 95.
2381 5. 95.
2382 5. 95.
2383 5. 95.
2384 5. 95.
2385 5. 95.
2386 5. 95.
2387 4. 96.
2388 4. 96.
2389 4. 96.
2390 4. 96.
2391 4. 96.
2392 4. 96.
2393 4. 96.
2394 4. 96.
2395 4. 96.
2396 5. 95.
2397 5. 95.
2398 5. 95.
2399 4. 96.
2400 4. 96.
2401 4. 96.
2402 4. 96.
2403 4. 96.
2404 4. 96.
2405 4. 96.
2406 4. 96.
2407 4. 96.
2408 4. 96.
2409 4. 96.
2410 4. 96.
2411 4. 96.
2412 4. 96.
2413 4. 96.
2414 4. 96.
2415 4. 96.
2416 4. 96.
2417 5. 95.
2418 5. 95.
2419 5. 95.
2420 5. 95.
2421 5. 95.
2422 5. 95.
2423 5. 95.
2424 5. 95.
2425 5. 95.
2426 5. 95.
2427 5. 95.
2428 5. 95.
2429 5. 95.
2430 5. 95.
2431 5. 95.
2432 5. 95.
2433 5. 95.
2434 5. 95.
2435 5. 95.
2436 5. 95.
2437 5. 95.
2438 5. 95.
2439 5. 95.
2440 5. 95.
2441 5. 95.
2442 5. 95.
2443 5. 95.
2444 5. 95.
2445 5. 95.
2446 5. 95.
2447 5. 95.
2448 5. 95.
2449 5. 95.
2450 5. 95.
2451 5. 95.
2452 5. 95.
2453 5. 95.
2454 5. 95.
2455 5. 95.
2456 5. 95.
2457 5. 95.
2458 5. 95.
2459 5. 95.
2460 5. 95.
2461 5. 95.
2462 5. 95.
2463 5. 95.
2464 5. 95.
2465 5. 95.
2466 5. 95.
2467 5. 95.
2468 5. 95.
2469 5. 95.
2470 5. 95.
2471 5. 95.
2472 5. 95.
2473 5. 95.
2474 5. 95.
2475 5. 95.
2476 5. 95.
2477 5. 95.
2478 5. 95.
2479 5. 95.
2480 5. 95.
2481 5. 95.
2482 5. 95.
2483 5. 95.
2484 5. 95.
2485 5. 95.
2486 5. 95.
2487 5. 95.
2488 5. 95.
2489 5. 95.
2490 5. 95.
2491 5. 95.
2492 6. 94.
2493 6. 94.
2494 6. 94.
2495 6. 94.
2496 6. 94.
2497 6. 94.
2498 6. 94.
2499 6. 94.
2500 6. 94.
2501 6. 94.
2502 6. 94.
2503 6. 94.
2504 6. 94.
2505 6. 94.
2506 6. 94.
2507 6. 94.
2508 6. 94.
2509 6. 94.
2510 6. 94.
2511 6. 94.
2512 6. 94.
2513 6. 94.
2514 6. 94.
2515 6. 94.
2516 6. 94.
2517 6. 94.
2518 6. 94.
2519 6. 94.
2520 6. 94.
2521 6. 94.
2522 6. 94.
2523 6. 94.
2524 6. 94.
2525 6. 94.
2526 6. 94.
2527 6. 94.
2528 6. 94.
2529 6. 94.
2530 6. 94.
2531 6. 94.
2532 6. 94.
2533 6. 94.
2534 6. 94.
2535 6. 94.
2536 6. 94.
2537 6. 94.
2538 6. 94.
2539 6. 94.
2540 6. 94.
2541 6. 94.
2542 6. 94.
2543 6. 94.
2544 6. 94.
2545 6. 94.
2546 6. 94.
2547 6. 94.
2548 6. 94.
2549 6. 94.
2550 6. 94.
2551 5. 95.
2552 5. 95.
2553 5. 95.
2554 5. 95.
2555 5. 95.
2556 5. 95.
2557 5. 95.
2558 5. 95.
2559 5. 95.
2560 5. 95.
2561 5. 95.
2562 5. 95.
2563 5. 95.
2564 5. 95.
2565 5. 95.
2566 5. 95.
2567 5. 95.
2568 5. 95.
2569 5. 95.
2570 5. 95.
2571 5. 95.
2572 5. 95.
2573 5. 95.
2574 5. 95.
2575 5. 95.
2576 5. 95.
2577 5. 95.
2578 5. 95.
2579 6. 94.
2580 6. 94.
2581 6. 94.
2582 6. 94.
2583 6. 94.
2584 6. 94.
2585 6. 94.
2586 5. 95.
2587 5. 95.
2588 5. 95.
2589 5. 95.
2590 5. 95.
2591 5. 95.
2592 5. 95.
2593 5. 95.
2594 5. 95.
2595 5. 95.
2596 5. 95.
2597 5. 95.
2598 5. 95.
2599 5. 95.
2600 5. 95.
2601 5. 95.
2602 5. 95.
2603 5. 95.
2604 5. 95.
2605 5. 95.
2606 5. 95.
2607 5. 95.
2608 5. 95.
2609 5. 95.
2610 5. 95.
2611 5. 95.
2612 5. 95.
2613 5. 95.
2614 5. 95.
2615 5. 95.
2616 5. 95.
2617 5. 95.
2618 4. 96.
2619 4. 96.
2620 4. 96.
2621 3. 97.
2622 3. 97.
2623 3. 97.
2624 3. 97.
2625 3. 97.
2626 3. 97.
2627 3. 97.
2628 3. 97.
2629 3. 97.
2630 3. 97.
2631 3. 97.
2632 3. 97.
2633 3. 97.
2634 3. 97.
2635 3. 97.
2636 3. 97.
2637 3. 97.
2638 3. 97.
2639 3. 97.
2640 3. 97.
2641 3. 97.
2642 3. 97.
2643 3. 97.
2644 3. 97.
2645 3. 97.
2646 3. 97.
2647 3. 97.
2648 3. 97.
2649 3. 97.
2650 3. 97.
2651 3. 97.
2652 3. 97.
2653 3. 97.
2654 3. 97.
2655 3. 97.
2656 3. 97.
2657 3. 97.
2658 3. 97.
2659 3. 97.
2660 3. 97.
2661 3. 97.
2662 3. 97.
2663 3. 97.
2664 3. 97.
2665 3. 97.
2666 3. 97.
2667 3. 97.
2668 3. 97.
2669 3. 97.
2670 4. 96.
2671 4. 96.
2672 4. 96.
2673 4. 96.
2674 4. 96.
2675 4. 96.
2676 4. 96.
2677 4. 96.
2678 4. 96.
2679 4. 96.
2680 4. 96.
2681 4. 96.
2682 4. 96.
2683 4. 96.
2684 4. 96.
2685 4. 96.
2686 4. 96.
2687 4. 96.
2688 4. 96.
2689 4. 96.
2690 4. 96.
2691 4. 96.
2692 4. 96.
2693 4. 96.
2694 4. 96.
2695 4. 96.
2696 4. 96.
2697 4. 96.
2698 4. 96.
2699 5. 95.
2700 5. 95.
2701 5. 95.
2702 5. 95.
2703 5. 95.
2704 5. 95.
2705 5. 95.
2706 5. 95.
2707 6. 94.
2708 6. 94.
2709 6. 94.
2710 6. 94.
2711 7. 93.
2712 7. 93.
2713 7. 93.
2714 7. 93.
2715 7. 93.
2716 7. 93.
2717 7. 93.
2718 7. 93.
2719 7. 93.
2720 7. 93.
2721 6. 94.
2722 6. 94.
2723 6. 94.
2724 6. 94.
2725 6. 94.
2726 6. 94.
2727 6. 94.
2728 6. 94.
2729 6. 94.
2730 6. 94.
2731 6. 94.
2732 6. 94.
2733 6. 94.
2734 6. 94.
2735 6. 94.
2736 6. 94.
2737 6. 94.
2738 6. 94.
2739 6. 94.
2740 6. 94.
2741 6. 94.
2742 6. 94.
2743 6. 94.
2744 6. 94.
2745 6. 94.
2746 6. 94.
2747 6. 94.
2748 6. 94.
2749 6. 94.
2750 6. 94.
2751 6. 94.
2752 6. 94.
2753 6. 94.
2754 6. 94.
2755 6. 94.
2756 6. 94.
2757 6. 94.
2758 6. 94.
2759 6. 94.
2760 6. 94.
2761 6. 94.
2762 6. 94.
2763 6. 94.
2764 6. 94.
2765 6. 94.
2766 6. 94.
2767 7. 93.
2768 7. 93.
2769 7. 93.
2770 7. 93.
2771 7. 93.
2772 7. 93.
2773 7. 93.
2774 7. 93.
2775 7. 93.
2776 7. 93.
2777 7. 93.
2778 7. 93.
2779 7. 93.
2780 7. 93.
2781 7. 93.
2782 7. 93.
2783 7. 93.
2784 7. 93.
2785 7. 93.
2786 7. 93.
2787 7. 93.
2788 7. 93.
2789 7. 93.
2790 7. 93.
2791 7. 93.
2792 7. 93.
2793 7. 93.
2794 6. 94.
2795 6. 94.
2796 6. 94.
2797 6. 94.
2798 6. 94.
2799 6. 94.
2800 6. 94.
2801 6. 94.
2802 6. 94.
2803 6. 94.
2804 6. 94.
2805 6. 94.
2806 6. 94.
2807 6. 94.
2808 6. 94.
2809 6. 94.
2810 6. 94.
2811 6. 94.
2812 6. 94.
2813 6. 94.
2814 6. 94.
2815 6. 94.
2816 6. 94.
2817 6. 94.
2818 6. 94.
2819 6. 94.
2820 6. 94.
2821 6. 94.
2822 6. 94.
2823 6. 94.
2824 6. 94.
2825 6. 94.
2826 6. 94.
2827 6. 94.
2828 6. 94.
2829 6. 94.
2830 6. 94.
2831 6. 94.
2832 6. 94.
2833 6. 94.
2834 6. 94.
2835 6. 94.
2836 6. 94.
2837 6. 94.
2838 6. 94.
2839 6. 94.
2840 6. 94.
2841 6. 94.
2842 6. 94.
2843 6. 94.
2844 6. 94.
2845 6. 94.
2846 7. 93.
2847 7. 93.
2848 7. 93.
2849 7. 93.
2850 7. 93.
2851 7. 93.
2852 7. 93.
2853 7. 93.
2854 7. 93.
2855 7. 93.
2856 7. 93.
2857 7. 93.
2858 7. 93.
2859 7. 93.
2860 7. 93.
2861 7. 93.
2862 7. 93.
2863 7. 93.
2864 7. 93.
2865 7. 93.
2866 7. 93.
2867 7. 93.
2868 7. 93.
2869 7. 93.
2870 7. 93.
2871 7. 93.
2872 7. 93.
2873 7. 93.
2874 7. 93.
2875 7. 93.
2876 7. 93.
2877 7. 93.
2878 7. 93.
2879 7. 93.
2880 7. 93.
2881 7. 93.
2882 6. 94.
2883 6. 94.
2884 6. 94.
2885 6. 94.
2886 6. 94.
2887 6. 94.
2888 6. 94.
2889 6. 94.
2890 6. 94.
2891 6. 94.
2892 6. 94.
2893 6. 94.
2894 6. 94.
2895 6. 94.
2896 7. 93.
2897 7. 93.
2898 7. 93.
2899 7. 93.
2900 7. 93.
2901 7. 93.
2902 7. 93.
2903 7. 93.
2904 6. 94.
2905 6. 94.
2906 6. 94.
2907 7. 93.
2908 7. 93.
2909 7. 93.
2910 7. 93.
2911 7. 93.
2912 7. 93.
2913 7. 93.
2914 7. 93.
2915 7. 93.
2916 7. 93.
2917 7. 93.
2918 7. 93.
2919 7. 93.
2920 7. 93.
2921 7. 93.
2922 7. 93.
2923 7. 93.
2924 7. 93.
2925 7. 93.
2926 7. 93.
2927 7. 93.
2928 7. 93.
2929 7. 93.
2930 7. 93.
2931 7. 93.
2932 7. 93.
2933 7. 93.
2934 7. 93.
2935 7. 93.
2936 7. 93.
2937 7. 93.
2938 7. 93.
2939 7. 93.
2940 7. 93.
2941 7. 93.
2942 7. 93.
2943 7. 93.
2944 7. 93.
2945 7. 93.
2946 7. 93.
2947 7. 93.
2948 7. 93.
2949 7. 93.
2950 7. 93.
2951 7. 93.
2952 7. 93.
2953 7. 93.
2954 7. 93.
2955 7. 93.
2956 7. 93.
2957 7. 93.
2958 7. 93.
2959 7. 93.
2960 7. 93.
2961 7. 93.
2962 7. 93.
2963 7. 93.
2964 7. 93.
2965 7. 93.
2966 7. 93.
2967 7. 93.
2968 7. 93.
2969 7. 93.
2970 7. 93.
2971 7. 93.
2972 7. 93.
2973 7. 93.
2974 7. 93.
2975 7. 93.
2976 7. 93.
2977 7. 93.
2978 7. 93.
2979 7. 93.
2980 7. 93.
2981 7. 93.
2982 7. 93.
2983 7. 93.
2984 7. 93.
2985 7. 93.
2986 7. 93.
2987 7. 93.
2988 7. 93.
2989 7. 93.
2990 7. 93.
2991 7. 93.
2992 7. 93.
2993 7. 93.
2994 7. 93.
2995 7. 93.
2996 7. 93.
2997 7. 93.
2998 7. 93.
2999 7. 93.
3000 7. 93.
3001 7. 93.
3002 7. 93.
3003 7. 93.
3004 7. 93.
3005 8. 92.
3006 8. 92.
3007 8. 92.
3008 8. 92.
3009 8. 92.
3010 8. 92.
3011 8. 92.
3012 8. 92.
3013 8. 92.
3014 8. 92.
3015 8. 92.
3016 8. 92.
3017 8. 92.
3018 8. 92.
3019 8. 92.
3020 8. 92.
3021 8. 92.
3022 8. 92.
3023 8. 92.
3024 8. 92.
3025 8. 92.
3026 8. 92.
3027 8. 92.
3028 8. 92.
3029 8. 92.
3030 8. 92.
3031 8. 92.
3032 7. 93.
3033 7. 93.
3034 7. 93.
3035 7. 93.
3036 6. 94.
3037 5. 95.
3038 5. 95.
3039 5. 95.
3040 5. 95.
3041 5. 95.
3042 5. 95.
3043 5. 95.
3044 5. 95.
3045 5. 95.
3046 5. 95.
3047 5. 95.
3048 5. 95.
3049 5. 95.
3050 5. 95.
3051 5. 95.
3052 5. 95.
3053 5. 95.
3054 5. 95.
3055 5. 95.
3056 5. 95.
3057 5. 95.
3058 5. 95.
3059 5. 95.
3060 5. 95.
3061 5. 95.
3062 5. 95.
3063 5. 95.
3064 5. 95.
3065 5. 95.
3066 5. 95.
3067 5. 95.
3068 5. 95.
3069 5. 95.
3070 5. 95.
3071 5. 95.
3072 5. 95.
3073 5. 95.
3074 6. 94.
3075 6. 94.
3076 6. 94.
3077 6. 94.
3078 6. 94.
3079 6. 94.
3080 6. 94.
3081 6. 94.
3082 6. 94.
3083 6. 94.
3084 6. 94.
3085 6. 94.
3086 6. 94.
3087 6. 94.
3088 6. 94.
3089 6. 94.
3090 6. 94.
3091 6. 94.
3092 6. 94.
3093 6. 94.
3094 6. 94.
3095 6. 94.
3096 6. 94.
3097 5. 95.
3098 5. 95.
3099 5. 95.
3100 5. 95.
3101 5. 95.
3102 5. 95.
3103 5. 95.
3104 5. 95.
3105 5. 95.
3106 5. 95.
3107 5. 95.
3108 5. 95.
3109 5. 95.
3110 5. 95.
3111 5. 95.
3112 5. 95.
3113 5. 95.
3114 5. 95.
3115 5. 95.
3116 5. 95.
3117 5. 95.
3118 5. 95.
3119 5. 95.
3120 5. 95.
3121 5. 95.
3122 5. 95.
3123 5. 95.
3124 5. 95.
3125 5. 95.
3126 5. 95.
3127 5. 95.
3128 5. 95.
3129 5. 95.
3130 5. 95.
3131 5. 95.
3132 5. 95.
3133 5. 95.
3134 5. 95.
3135 5. 95.
3136 5. 95.
3137 5. 95.
3138 5. 95.
3139 5. 95.
3140 5. 95.
3141 5. 95.
3142 5. 95.
3143 5. 95.
3144 5. 95.
3145 5. 95.
3146 5. 95.
3147 5. 95.
3148 5. 95.
3149 5. 95.
3150 5. 95.
3151 5. 95.
3152 5. 95.
3153 5. 95.
3154 5. 95.
3155 5. 95.
3156 5. 95.
3157 5. 95.
3158 5. 95.
3159 5. 95.
3160 5. 95.
3161 5. 95.
3162 5. 95.
3163 5. 95.
3164 5. 95.
3165 5. 95.
3166 5. 95.
3167 5. 95.
3168 5. 95.
3169 5. 95.
3170 5. 95.
3171 5. 95.
3172 5. 95.
3173 5. 95.
3174 5. 95.
3175 5. 95.
3176 5. 95.
3177 5. 95.
3178 5. 95.
3179 5. 95.
3180 5. 95.
3181 5. 95.
3182 5. 95.
3183 5. 95.
3184 4. 96.
3185 4. 96.
3186 4. 96.
3187 4. 96.
3188 4. 96.
3189 4. 96.
3190 4. 96.
3191 4. 96.
3192 4. 96.
3193 4. 96.
3194 4. 96.
3195 4. 96.
3196 4. 96.
3197 4. 96.
3198 4. 96.
3199 4. 96.
3200 4. 96.
3201 4. 96.
3202 4. 96.
3203 4. 96.
3204 4. 96.
3205 4. 96.
3206 4. 96.
3207 4. 96.
3208 3. 97.
3209 3. 97.
3210 3. 97.
3211 3. 97.
3212 3. 97.
3213 3. 97.
3214 3. 97.
3215 3. 97.
3216 3. 97.
3217 3. 97.
3218 4. 96.
3219 4. 96.
3220 4. 96.
3221 4. 96.
3222 4. 96.
3223 4. 96.
3224 4. 96.
3225 4. 96.
3226 4. 96.
3227 4. 96.
3228 4. 96.
3229 4. 96.
3230 4. 96.
3231 4. 96.
3232 4. 96.
3233 4. 96.
3234 4. 96.
3235 4. 96.
3236 4. 96.
3237 4. 96.
3238 4. 96.
3239 4. 96.
3240 4. 96.
3241 4. 96.
3242 4. 96.
3243 4. 96.
3244 4. 96.
3245 4. 96.
3246 4. 96.
3247 4. 96.
3248 4. 96.
3249 4. 96.
3250 4. 96.
3251 4. 96.
3252 4. 96.
3253 4. 96.
3254 4. 96.
3255 4. 96.
3256 4. 96.
3257 4. 96.
3258 4. 96.
3259 4. 96.
3260 4. 96.
3261 4. 96.
3262 4. 96.
3263 4. 96.
3264 4. 96.
3265 4. 96.
3266 4. 96.
3267 4. 96.
3268 5. 95.
3269 5. 95.
3270 5. 95.
3271 5. 95.
3272 5. 95.
3273 5. 95.
3274 5. 95.
3275 5. 95.
3276 5. 95.
3277 5. 95.
3278 5. 95.
3279 5. 95.
3280 5. 95.
3281 5. 95.
3282 5. 95.
3283 5. 95.
3284 5. 95.
3285 5. 95.
3286 5. 95.
3287 5. 95.
3288 5. 95.
3289 5. 95.
3290 5. 95.
3291 5. 95.
3292 5. 95.
3293 5. 95.
3294 5. 95.
3295 5. 95.
3296 5. 95.
3297 5. 95.
3298 5. 95.
3299 5. 95.
3300 5. 95.
3301 5. 95.
3302 5. 95.
3303 5. 95.
3304 5. 95.
3305 5. 95.
3306 5. 95.
3307 5. 95.
3308 5. 95.
3309 5. 95.
3310 5. 95.
3311 5. 95.
3312 5. 95.
3313 5. 95.
3314 5. 95.
3315 5. 95.
3316 5. 95.
3317 5. 95.
3318 4. 96.
3319 4. 96.
3320 4. 96.
3321 4. 96.
3322 4. 96.
3323 4. 96.
3324 4. 96.
3325 4. 96.
3326 4. 96.
3327 4. 96.
3328 4. 96.
3329 4. 96.
3330 4. 96.
3331 4. 96.
3332 4. 96.
3333 4. 96.
3334 4. 96.
3335 4. 96.
3336 4. 96.
3337 4. 96.
3338 4. 96.
3339 4. 96.
3340 4. 96.
3341 4. 96.
3342 4. 96.
3343 4. 96.
3344 4. 96.
3345 4. 96.
3346 4. 96.
3347 4. 96.
3348 4. 96.
3349 4. 96.
3350 4. 96.
3351 4. 96.
3352 4. 96.
3353 4. 96.
3354 4. 96.
3355 4. 96.
3356 4. 96.
3357 4. 96.
3358 4. 96.
3359 4. 96.
3360 4. 96.
3361 4. 96.
3362 4. 96.
3363 4. 96.
3364 4. 96.
3365 4. 96.
3366 4. 96.
3367 4. 96.
3368 4. 96.
3369 4. 96.
3370 4. 96.
3371 4. 96.
3372 4. 96.
3373 4. 96.
3374 4. 96.
3375 4. 96.
3376 4. 96.
3377 4. 96.
3378 4. 96.
3379 4. 96.
3380 4. 96.
3381 4. 96.
3382 4. 96.
3383 4. 96.
3384 4. 96.
3385 4. 96.
3386 4. 96.
3387 4. 96.
3388 4. 96.
3389 4. 96.
3390 4. 96.
3391 4. 96.
3392 4. 96.
3393 4. 96.
3394 4. 96.
3395 4. 96.
3396 4. 96.
3397 4. 96.
3398 4. 96.
3399 4. 96.
3400 4. 96.
3401 4. 96.
3402 4. 96.
3403 4. 96.
3404 4. 96.
3405 4. 96.
3406 4. 96.
3407 4. 96.
3408 4. 96.
3409 4. 96.
3410 4. 96.
3411 4. 96.
3412 4. 96.
3413 4. 96.
3414 4. 96.
3415 4. 96.
3416 4. 96.
3417 4. 96.
3418 4. 96.
3419 4. 96.
3420 4. 96.
3421 4. 96.
3422 4. 96.
3423 4. 96.
3424 4. 96.
3425 4. 96.
3426 4. 96.
3427 4. 96.
3428 4. 96.
3429 4. 96.
3430 4. 96.
3431 4. 96.
3432 4. 96.
3433 4. 96.
3434 4. 96.
3435 4. 96.
3436 4. 96.
3437 4. 96.
3438 4. 96.
3439 4. 96.
3440 4. 96.
3441 4. 96.
3442 4. 96.
3443 4. 96.
3444 4. 96.
3445 4. 96.
3446 4. 96.
3447 4. 96.
3448 4. 96.
3449 4. 96.
3450 4. 96.
3451 4. 96.
3452 4. 96.
3453 4. 96.
3454 4. 96.
3455 4. 96.
3456 4. 96.
3457 4. 96.
3458 4. 96.
3459 4. 96.
3460 4. 96.
3461 4. 96.
3462 4. 96.
3463 4. 96.
3464 4. 96.
3465 4. 96.
3466 4. 96.
3467 3. 97.
3468 3. 97.
3469 3. 97.
3470 3. 97.
3471 3. 97.
3472 3. 97.
3473 3. 97.
3474 3. 97.
3475 3. 97.
3476 3. 97.
3477 3. 97.
3478 3. 97.
3479 3. 97.
3480 3. 97.
3481 3. 97.
3482 3. 97.
3483 3. 97.
3484 3. 97.
3485 3. 97.
3486 3. 97.
3487 3. 97.
3488 3. 97.
3489 3. 97.
3490 3. 97.
3491 3. 97.
3492 3. 97.
3493 3. 97.
3494 3. 97.
3495 3. 97.
3496 3. 97.
3497 3. 97.
3498 3. 97.
3499 3. 97.
3500 3. 97.
3501 3. 97.
3502 3. 97.
3503 3. 97.
3504 3. 97.
3505 3. 97.
3506 3. 97.
3507 3. 97.
3508 3. 97.
3509 3. 97.
3510 3. 97.
3511 3. 97.
3512 3. 97.
3513 3. 97.
3514 3. 97.
3515 3. 97.
3516 3. 97.
3517 3. 97.
3518 3. 97.
3519 3. 97.
3520 3. 97.
3521 3. 97.
3522 3. 97.
3523 3. 97.
3524 3. 97.
3525 3. 97.
3526 3. 97.
3527 3. 97.
3528 3. 97.
3529 3. 97.
3530 3. 97.
3531 3. 97.
3532 3. 97.
3533 3. 97.
3534 3. 97.
3535 3. 97.
3536 3. 97.
3537 3. 97.
3538 3. 97.
3539 3. 97.
3540 3. 97.
3541 3. 97.
3542 3. 97.
3543 3. 97.
3544 3. 97.
3545 3. 97.
3546 3. 97.
3547 3. 97.
3548 3. 97.
3549 3. 97.
3550 3. 97.
3551 3. 97.
3552 3. 97.
3553 3. 97.
3554 3. 97.
3555 3. 97.
3556 3. 97.
3557 3. 97.
3558 3. 97.
3559 3. 97.
3560 3. 97.
3561 3. 97.
3562 3. 97.
3563 3. 97.
3564 3. 97.
3565 3. 97.
3566 3. 97.
3567 3. 97.
3568 3. 97.
3569 3. 97.
3570 2. 98.
3571 2. 98.
3572 2. 98.
3573 2. 98.
3574 2. 98.
3575 2. 98.
3576 2. 98.
3577 2. 98.
3578 2. 98.
3579 2. 98.
3580 2. 98.
3581 2. 98.
3582 2. 98.
3583 2. 98.
3584 2. 98.
3585 2. 98.
3586 2. 98.
3587 2. 98.
3588 2. 98.
3589 2. 98.
3590 2. 98.
3591 2. 98.
3592 2. 98.
3593 2. 98.
3594 2. 98.
3595 2. 98.
3596 2. 98.
3597 2. 98.
3598 2. 98.
3599 2. 98.
3600 2. 98.
3601 2. 98.
3602 2. 98.
3603 2. 98.
3604 2. 98.
3605 2. 98.
3606 2. 98.
3607 2. 98.
3608 2. 98.
3609 2. 98.
3610 2. 98.
3611 2. 98.
3612 2. 98.
3613 2. 98.
3614 2. 98.
3615 2. 98.
3616 2. 98.
3617 2. 98.
3618 2. 98.
3619 2. 98.
3620 2. 98.
3621 2. 98.
3622 2. 98.
3623 2. 98.
3624 2. 98.
3625 2. 98.
3626 2. 98.
3627 2. 98.
3628 2. 98.
3629 2. 98.
3630 2. 98.
3631 2. 98.
3632 1. 99.
3633 1. 99.
3634 1. 99.
3635 1. 99.
3636 1. 99.
3637 1. 99.
3638 1. 99.
3639 1. 99.
3640 1. 99.
3641 1. 99.
3642 1. 99.
3643 1. 99.
3644 1. 99.
3645 1. 99.
3646 1. 99.
3647 1. 99.
3648 1. 99.
3649 1. 99.
3650 1. 99.
3651 1. 99.
3652 1. 99.
3653 1. 99.
3654 1. 99.
3655 1. 99.
3656 1. 99.
3657 1. 99.
3658 1. 99.
3659 1. 99.
3660 1. 99.
3661 1. 99.
3662 1. 99.
3663 1. 99.
3664 1. 99.
3665 1. 99.
3666 1. 99.
3667 1. 99.
3668 1. 99.
3669 1. 99.
3670 1. 99.
3671 1. 99.
3672 1. 99.
3673 1. 99.
3674 1. 99.
3675 1. 99.
3676 1. 99.
3677 1. 99.
3678 1. 99.
3679 1. 99.
3680 1. 99.
3681 1. 99.
3682 1. 99.
3683 1. 99.
3684 1. 99.
3685 1. 99.
3686 1. 99.
3687 1. 99.
