0 20. 80.
1 20. 80.
2 20. 80.
3 20. 80.
4 20. 80.
5 20. 80.
6 21. 79.
7 21. 79.
8 21. 79.
9 20. 80.
10 20. 80.
11 20. 80.
12 20. 80.
13 20. 80.
14 20. 80.
15 20. 80.
16 19. 81.
17 19. 81.
18 18. 82.
19 19. 81.
20 20. 80.
21 20. 80.
22 20. 80.
23 20. 80.
24 20. 80.
25 20. 80.
26 20. 80.
27 20. 80.
28 20. 80.
29 20. 80.
30 21. 79.
31 21. 79.
32 20. 80.
33 19. 81.
34 20. 80.
35 20. 80.
36 20. 80.
37 21. 79.
38 22. 78.
39 21. 79.
40 21. 79.
41 21. 79.
42 21. 79.
43 22. 78.
44 23. 77.
45 23. 77.
46 23. 77.
47 23. 77.
48 23. 77.
49 23. 77.
50 22. 78.
51 22. 78.
52 22. 78.
53 22. 78.
54 23. 77.
55 24. 76.
56 24. 76.
57 24. 76.
58 24. 76.
59 24. 76.
60 24. 76.
61 24. 76.
62 24. 76.
63 23. 77.
64 24. 76.
65 24. 76.
66 24. 76.
67 23. 77.
68 23. 77.
69 23. 77.
70 22. 78.
71 22. 78.
72 22. 78.
73 23. 77.
74 23. 77.
75 23. 77.
76 23. 77.
77 24. 76.
78 24. 76.
79 24. 76.
80 24. 76.
81 24. 76.
82 24. 76.
83 25. 75.
84 25. 75.
85 26. 74.
86 26. 74.
87 25. 75.
88 25. 75.
89 25. 75.
90 25. 75.
91 25. 75.
92 25. 75.
93 25. 75.
94 24. 76.
95 24. 76.
96 24. 76.
97 25. 75.
98 25. 75.
99 25. 75.
100 24. 76.
101 24. 76.
102 24. 76.
103 24. 76.
104 24. 76.
105 24. 76.
106 24. 76.
107 24. 76.
108 25. 75.
109 25. 75.
110 25. 75.
111 25. 75.
112 25. 75.
113 25. 75.
114 25. 75.
115 26. 74.
116 26. 74.
117 26. 74.
118 26. 74.
119 27. 73.
120 27. 73.
121 27. 73.
122 27. 73.
123 28. 72.
124 29. 71.
125 29. 71.
126 30. 70.
127 30. 70.
128 30. 70.
129 30. 70.
130 29. 71.
131 29. 71.
132 29. 71.
133 29. 71.
134 29. 71.
135 29. 71.
136 30. 70.
137 30. 70.
138 30. 70.
139 30. 70.
140 30. 70.
141 31. 69.
142 31. 69.
143 30. 70.
144 30. 70.
145 30. 70.
146 30. 70.
147 30. 70.
148 30. 70.
149 30. 70.
150 31. 69.
151 31. 69.
152 30. 70.
153 30. 70.
154 30. 70.
155 31. 69.
156 31. 69.
157 31. 69.
158 31. 69.
159 31. 69.
160 31. 69.
161 31. 69.
162 32. 68.
163 31. 69.
164 31. 69.
165 32. 68.
166 32. 68.
167 32. 68.
168 32. 68.
169 33. 67.
170 33. 67.
171 33. 67.
172 33. 67.
173 32. 68.
174 32. 68.
175 32. 68.
176 32. 68.
177 32. 68.
178 33. 67.
179 32. 68.
180 31. 69.
181 31. 69.
182 31. 69.
183 31. 69.
184 32. 68.
185 32. 68.
186 32. 68.
187 33. 67.
188 33. 67.
189 33. 67.
190 33. 67.
191 33. 67.
192 33. 67.
193 33. 67.
194 34. 66.
195 35. 65.
196 35. 65.
197 36. 64.
198 36. 64.
199 36. 64.
200 36. 64.
201 35. 65.
202 35. 65.
203 34. 66.
204 34. 66.
205 34. 66.
206 35. 65.
207 35. 65.
208 35. 65.
209 35. 65.
210 35. 65.
211 35. 65.
212 36. 64.
213 36. 64.
214 37. 63.
215 36. 64.
216 36. 64.
217 36. 64.
218 36. 64.
219 36. 64.
220 36. 64.
221 36. 64.
222 36. 64.
223 36. 64.
224 36. 64.
225 36. 64.
226 37. 63.
227 37. 63.
228 37. 63.
229 37. 63.
230 37. 63.
231 38. 62.
232 38. 62.
233 38. 62.
234 38. 62.
235 38. 62.
236 38. 62.
237 38. 62.
238 38. 62.
239 39. 61.
240 39. 61.
241 38. 62.
242 37. 63.
243 37. 63.
244 37. 63.
245 37. 63.
246 37. 63.
247 37. 63.
248 37. 63.
249 37. 63.
250 37. 63.
251 37. 63.
252 37. 63.
253 36. 64.
254 36. 64.
255 36. 64.
256 37. 63.
257 37. 63.
258 37. 63.
259 37. 63.
260 37. 63.
261 37. 63.
262 36. 64.
263 37. 63.
264 37. 63.
265 37. 63.
266 37. 63.
267 37. 63.
268 38. 62.
269 39. 61.
270 39. 61.
271 39. 61.
272 39. 61.
273 39. 61.
274 39. 61.
275 40. 60.
276 40. 60.
277 40. 60.
278 40. 60.
279 40. 60.
280 40. 60.
281 40. 60.
282 40. 60.
283 40. 60.
284 40. 60.
285 40. 60.
286 40. 60.
287 39. 61.
288 39. 61.
289 39. 61.
290 38. 62.
291 38. 62.
292 38. 62.
293 39. 61.
294 38. 62.
295 38. 62.
296 38. 62.
297 38. 62.
298 38. 62.
299 37. 63.
300 37. 63.
301 37. 63.
302 36. 64.
303 36. 64.
304 36. 64.
305 36. 64.
306 36. 64.
307 36. 64.
308 36. 64.
309 36. 64.
310 36. 64.
311 37. 63.
312 37. 63.
313 38. 62.
314 39. 61.
315 39. 61.
316 39. 61.
317 40. 60.
318 39. 61.
319 39. 61.
320 39. 61.
321 39. 61.
322 39. 61.
323 38. 62.
324 37. 63.
325 37. 63.
326 37. 63.
327 37. 63.
328 37. 63.
329 36. 64.
330 36. 64.
331 36. 64.
332 37. 63.
333 37. 63.
334 36. 64.
335 36. 64.
336 36. 64.
337 36. 64.
338 35. 65.
339 35. 65.
340 35. 65.
341 35. 65.
342 35. 65.
343 35. 65.
344 35. 65.
345 35. 65.
346 35. 65.
347 35. 65.
348 35. 65.
349 35. 65.
350 35. 65.
351 35. 65.
352 35. 65.
353 35. 65.
354 34. 66.
355 35. 65.
356 35. 65.
357 35. 65.
358 34. 66.
359 34. 66.
360 34. 66.
361 34. 66.
362 34. 66.
363 34. 66.
364 34. 66.
365 34. 66.
366 34. 66.
367 34. 66.
368 33. 67.
369 33. 67.
370 34. 66.
371 34. 66.
372 34. 66.
373 34. 66.
374 34. 66.
375 35. 65.
376 35. 65.
377 35. 65.
378 35. 65.
379 35. 65.
380 35. 65.
381 35. 65.
382 35. 65.
383 35. 65.
384 35. 65.
385 35. 65.
386 35. 65.
387 35. 65.
388 36. 64.
389 36. 64.
390 37. 63.
391 37. 63.
392 37. 63.
393 37. 63.
394 37. 63.
395 38. 62.
396 39. 61.
397 39. 61.
398 39. 61.
399 39. 61.
400 39. 61.
401 39. 61.
402 39. 61.
403 40. 60.
404 40. 60.
405 41. 59.
406 41. 59.
407 42. 58.
408 42. 58.
409 42. 58.
410 42. 58.
411 42. 58.
412 42. 58.
413 42. 58.
414 42. 58.
415 43. 57.
416 43. 57.
417 43. 57.
418 43. 57.
419 43. 57.
420 43. 57.
421 43. 57.
422 43. 57.
423 43. 57.
424 43. 57.
425 43. 57.
426 43. 57.
427 43. 57.
428 43. 57.
429 42. 58.
430 42. 58.
431 41. 59.
432 40. 60.
433 40. 60.
434 40. 60.
435 40. 60.
436 40. 60.
437 40. 60.
438 40. 60.
439 40. 60.
440 40. 60.
441 40. 60.
442 40. 60.
443 40. 60.
444 40. 60.
445 41. 59.
446 41. 59.
447 41. 59.
448 41. 59.
449 41. 59.
450 41. 59.
451 41. 59.
452 41. 59.
453 41. 59.
454 41. 59.
455 41. 59.
456 41. 59.
457 41. 59.
458 41. 59.
459 41. 59.
460 41. 59.
461 41. 59.
462 41. 59.
463 41. 59.
464 41. 59.
465 41. 59.
466 41. 59.
467 40. 60.
468 40. 60.
469 40. 60.
470 40. 60.
471 40. 60.
472 40. 60.
473 39. 61.
474 39. 61.
475 39. 61.
476 39. 61.
477 39. 61.
478 40. 60.
479 40. 60.
480 39. 61.
481 39. 61.
482 39. 61.
483 39. 61.
484 40. 60.
485 40. 60.
486 40. 60.
487 41. 59.
488 41. 59.
489 41. 59.
490 41. 59.
491 41. 59.
492 41. 59.
493 41. 59.
494 41. 59.
495 41. 59.
496 40. 60.
497 40. 60.
498 40. 60.
499 40. 60.
500 40. 60.
501 39. 61.
502 40. 60.
503 40. 60.
504 40. 60.
505 40. 60.
506 40. 60.
507 41. 59.
508 41. 59.
509 40. 60.
510 40. 60.
511 41. 59.
512 41. 59.
513 41. 59.
514 41. 59.
515 41. 59.
516 41. 59.
517 41. 59.
518 42. 58.
519 42. 58.
520 42. 58.
521 42. 58.
522 42. 58.
523 41. 59.
524 41. 59.
525 41. 59.
526 41. 59.
527 40. 60.
528 40. 60.
529 39. 61.
530 39. 61.
531 39. 61.
532 38. 62.
533 38. 62.
534 38. 62.
535 38. 62.
536 37. 63.
537 37. 63.
538 36. 64.
539 36. 64.
540 36. 64.
541 36. 64.
542 37. 63.
543 37. 63.
544 37. 63.
545 37. 63.
546 37. 63.
547 37. 63.
548 36. 64.
549 36. 64.
550 36. 64.
551 36. 64.
552 35. 65.
553 35. 65.
554 35. 65.
555 34. 66.
556 34. 66.
557 35. 65.
558 35. 65.
559 36. 64.
560 37. 63.
561 37. 63.
562 38. 62.
563 39. 61.
564 40. 60.
565 40. 60.
566 41. 59.
567 41. 59.
568 40. 60.
569 40. 60.
570 40. 60.
571 40. 60.
572 40. 60.
573 39. 61.
574 39. 61.
575 39. 61.
576 39. 61.
577 39. 61.
578 39. 61.
579 38. 62.
580 39. 61.
581 39. 61.
582 39. 61.
583 39. 61.
584 39. 61.
585 39. 61.
586 38. 62.
587 37. 63.
588 37. 63.
589 37. 63.
590 37. 63.
591 37. 63.
592 38. 62.
593 38. 62.
594 37. 63.
595 37. 63.
596 37. 63.
597 37. 63.
598 37. 63.
599 37. 63.
600 37. 63.
601 37. 63.
602 37. 63.
603 38. 62.
604 37. 63.
605 37. 63.
606 37. 63.
607 37. 63.
608 37. 63.
609 37. 63.
610 36. 64.
611 36. 64.
612 36. 64.
613 36. 64.
614 35. 65.
615 35. 65.
616 35. 65.
617 35. 65.
618 35. 65.
619 35. 65.
620 35. 65.
621 34. 66.
622 34. 66.
623 34. 66.
624 34. 66.
625 34. 66.
626 34. 66.
627 34. 66.
628 34. 66.
629 34. 66.
630 34. 66.
631 34. 66.
632 34. 66.
633 33. 67.
634 34. 66.
635 33. 67.
636 34. 66.
637 34. 66.
638 34. 66.
639 34. 66.
640 34. 66.
641 35. 65.
642 35. 65.
643 35. 65.
644 36. 64.
645 36. 64.
646 36. 64.
647 37. 63.
648 37. 63.
649 36. 64.
650 36. 64.
651 36. 64.
652 36. 64.
653 36. 64.
654 35. 65.
655 35. 65.
656 35. 65.
657 35. 65.
658 35. 65.
659 35. 65.
660 35. 65.
661 35. 65.
662 34. 66.
663 34. 66.
664 35. 65.
665 36. 64.
666 35. 65.
667 35. 65.
668 35. 65.
669 35. 65.
670 35. 65.
671 36. 64.
672 36. 64.
673 36. 64.
674 37. 63.
675 37. 63.
676 38. 62.
677 38. 62.
678 39. 61.
679 40. 60.
680 40. 60.
681 40. 60.
682 40. 60.
683 40. 60.
684 40. 60.
685 40. 60.
686 40. 60.
687 40. 60.
688 41. 59.
689 41. 59.
690 41. 59.
691 41. 59.
692 40. 60.
693 40. 60.
694 40. 60.
695 40. 60.
696 40. 60.
697 40. 60.
698 40. 60.
699 40. 60.
700 40. 60.
701 40. 60.
702 39. 61.
703 38. 62.
704 38. 62.
705 39. 61.
706 39. 61.
707 39. 61.
708 39. 61.
709 39. 61.
710 39. 61.
711 40. 60.
712 40. 60.
713 40. 60.
714 40. 60.
715 40. 60.
716 40. 60.
717 40. 60.
718 40. 60.
719 40. 60.
720 40. 60.
721 40. 60.
722 40. 60.
723 39. 61.
724 39. 61.
725 39. 61.
726 38. 62.
727 38. 62.
728 38. 62.
729 38. 62.
730 38. 62.
731 38. 62.
732 38. 62.
733 38. 62.
734 39. 61.
735 39. 61.
736 39. 61.
737 39. 61.
738 39. 61.
739 39. 61.
740 40. 60.
741 40. 60.
742 40. 60.
743 40. 60.
744 41. 59.
745 41. 59.
746 42. 58.
747 42. 58.
748 43. 57.
749 43. 57.
750 43. 57.
751 43. 57.
752 43. 57.
753 43. 57.
754 43. 57.
755 43. 57.
756 43. 57.
757 43. 57.
758 43. 57.
759 43. 57.
760 43. 57.
761 43. 57.
762 44. 56.
763 43. 57.
764 43. 57.
765 43. 57.
766 43. 57.
767 43. 57.
768 43. 57.
769 42. 58.
770 42. 58.
771 42. 58.
772 42. 58.
773 42. 58.
774 42. 58.
775 42. 58.
776 42. 58.
777 42. 58.
778 42. 58.
779 41. 59.
780 42. 58.
781 42. 58.
782 42. 58.
783 42. 58.
784 42. 58.
785 42. 58.
786 41. 59.
787 41. 59.
788 42. 58.
789 42. 58.
790 42. 58.
791 42. 58.
792 42. 58.
793 42. 58.
794 43. 57.
795 43. 57.
796 43. 57.
797 43. 57.
798 42. 58.
799 42. 58.
800 43. 57.
801 43. 57.
802 44. 56.
803 44. 56.
804 44. 56.
805 44. 56.
806 44. 56.
807 45. 55.
808 44. 56.
809 44. 56.
810 44. 56.
811 44. 56.
812 44. 56.
813 44. 56.
814 44. 56.
815 44. 56.
816 44. 56.
817 44. 56.
818 44. 56.
819 45. 55.
820 45. 55.
821 45. 55.
822 45. 55.
823 45. 55.
824 45. 55.
825 45. 55.
826 45. 55.
827 45. 55.
828 45. 55.
829 45. 55.
830 45. 55.
831 45. 55.
832 46. 54.
833 46. 54.
834 45. 55.
835 45. 55.
836 45. 55.
837 45. 55.
838 45. 55.
839 45. 55.
840 45. 55.
841 44. 56.
842 44. 56.
843 44. 56.
844 44. 56.
845 45. 55.
846 45. 55.
847 45. 55.
848 45. 55.
849 45. 55.
850 44. 56.
851 44. 56.
852 44. 56.
853 45. 55.
854 45. 55.
855 45. 55.
856 44. 56.
857 44. 56.
858 44. 56.
859 44. 56.
860 45. 55.
861 46. 54.
862 46. 54.
863 46. 54.
864 46. 54.
865 46. 54.
866 46. 54.
867 46. 54.
868 46. 54.
869 46. 54.
870 45. 55.
871 46. 54.
872 46. 54.
873 46. 54.
874 46. 54.
875 46. 54.
876 46. 54.
877 46. 54.
878 46. 54.
879 46. 54.
880 46. 54.
881 46. 54.
882 45. 55.
883 45. 55.
884 45. 55.
885 45. 55.
886 45. 55.
887 45. 55.
888 45. 55.
889 45. 55.
890 45. 55.
891 45. 55.
892 45. 55.
893 45. 55.
894 45. 55.
895 45. 55.
896 45. 55.
897 45. 55.
898 45. 55.
899 45. 55.
900 45. 55.
901 45. 55.
902 45. 55.
903 46. 54.
904 46. 54.
905 46. 54.
906 46. 54.
907 45. 55.
908 45. 55.
909 46. 54.
910 45. 55.
911 44. 56.
912 44. 56.
913 44. 56.
914 43. 57.
915 43. 57.
916 42. 58.
917 43. 57.
918 43. 57.
919 44. 56.
920 44. 56.
921 44. 56.
922 45. 55.
923 45. 55.
924 45. 55.
925 45. 55.
926 45. 55.
927 44. 56.
928 44. 56.
929 45. 55.
930 44. 56.
931 44. 56.
932 45. 55.
933 44. 56.
934 44. 56.
935 44. 56.
936 44. 56.
937 44. 56.
938 45. 55.
939 45. 55.
940 45. 55.
941 44. 56.
942 43. 57.
943 43. 57.
944 42. 58.
945 41. 59.
946 41. 59.
947 42. 58.
948 41. 59.
949 42. 58.
950 42. 58.
951 42. 58.
952 42. 58.
953 42. 58.
954 41. 59.
955 41. 59.
956 41. 59.
957 41. 59.
958 41. 59.
959 41. 59.
960 41. 59.
961 41. 59.
962 40. 60.
963 40. 60.
964 40. 60.
965 40. 60.
966 40. 60.
967 40. 60.
968 41. 59.
969 41. 59.
970 41. 59.
971 41. 59.
972 41. 59.
973 41. 59.
974 40. 60.
975 40. 60.
976 40. 60.
977 40. 60.
978 40. 60.
979 40. 60.
980 41. 59.
981 42. 58.
982 42. 58.
983 42. 58.
984 42. 58.
985 42. 58.
986 42. 58.
987 43. 57.
988 43. 57.
989 43. 57.
990 43. 57.
991 43. 57.
992 44. 56.
993 45. 55.
994 45. 55.
995 45. 55.
996 45. 55.
997 46. 54.
998 47. 53.
999 47. 53.
1000 46. 54.
1001 46. 54.
1002 46. 54.
1003 47. 53.
1004 48. 52.
1005 48. 52.
1006 48. 52.
1007 47. 53.
1008 47. 53.
1009 48. 52.
1010 48. 52.
1011 48. 52.
1012 49. 51.
1013 50. 50.
1014 50. 50.
1015 50. 50.
1016 50. 50.
1017 50. 50.
1018 50. 50.
1019 50. 50.
1020 50. 50.
1021 50. 50.
1022 50. 50.
1023 51. 49.
1024 51. 49.
1025 51. 49.
1026 51. 49.
1027 52. 48.
1028 52. 48.
1029 52. 48.
1030 53. 47.
1031 53. 47.
1032 53. 47.
1033 53. 47.
1034 53. 47.
1035 53. 47.
1036 53. 47.
1037 53. 47.
1038 54. 46.
1039 54. 46.
1040 55. 45.
1041 55. 45.
1042 54. 46.
1043 54. 46.
1044 54. 46.
1045 53. 47.
1046 53. 47.
1047 53. 47.
1048 54. 46.
1049 54. 46.
1050 54. 46.
1051 54. 46.
1052 54. 46.
1053 54. 46.
1054 53. 47.
1055 53. 47.
1056 53. 47.
1057 52. 48.
1058 52. 48.
1059 52. 48.
1060 52. 48.
1061 52. 48.
1062 52. 48.
1063 52. 48.
1064 52. 48.
1065 53. 47.
1066 53. 47.
1067 53. 47.
1068 53. 47.
1069 53. 47.
1070 53. 47.
1071 53. 47.
1072 53. 47.
1073 53. 47.
1074 53. 47.
1075 53. 47.
1076 52. 48.
1077 52. 48.
1078 52. 48.
1079 53. 47.
1080 53. 47.
1081 53. 47.
1082 53. 47.
1083 53. 47.
1084 53. 47.
1085 53. 47.
1086 53. 47.
1087 53. 47.
1088 53. 47.
1089 53. 47.
1090 53. 47.
1091 53. 47.
1092 53. 47.
1093 53. 47.
1094 52. 48.
1095 52. 48.
1096 52. 48.
1097 52. 48.
1098 53. 47.
1099 53. 47.
1100 52. 48.
1101 52. 48.
1102 52. 48.
1103 52. 48.
1104 51. 49.
1105 51. 49.
1106 51. 49.
1107 52. 48.
1108 52. 48.
1109 52. 48.
1110 52. 48.
1111 53. 47.
1112 53. 47.
1113 53. 47.
1114 53. 47.
1115 52. 48.
1116 52. 48.
1117 52. 48.
1118 52. 48.
1119 52. 48.
1120 52. 48.
1121 52. 48.
1122 51. 49.
1123 51. 49.
1124 51. 49.
1125 51. 49.
1126 51. 49.
1127 51. 49.
1128 50. 50.
1129 50. 50.
1130 50. 50.
1131 50. 50.
1132 50. 50.
1133 50. 50.
1134 50. 50.
1135 50. 50.
1136 50. 50.
1137 49. 51.
1138 49. 51.
1139 48. 52.
1140 48. 52.
1141 48. 52.
1142 49. 51.
1143 49. 51.
1144 49. 51.
1145 49. 51.
1146 49. 51.
1147 49. 51.
1148 49. 51.
1149 49. 51.
1150 49. 51.
1151 49. 51.
1152 49. 51.
1153 49. 51.
1154 49. 51.
1155 49. 51.
1156 49. 51.
1157 49. 51.
1158 49. 51.
1159 49. 51.
1160 49. 51.
1161 50. 50.
1162 51. 49.
1163 51. 49.
1164 51. 49.
1165 51. 49.
1166 50. 50.
1167 50. 50.
1168 50. 50.
1169 50. 50.
1170 50. 50.
1171 50. 50.
1172 51. 49.
1173 51. 49.
1174 51. 49.
1175 52. 48.
1176 52. 48.
1177 52. 48.
1178 52. 48.
1179 52. 48.
1180 52. 48.
1181 53. 47.
1182 53. 47.
1183 54. 46.
1184 54. 46.
1185 54. 46.
1186 55. 45.
1187 55. 45.
1188 55. 45.
1189 54. 46.
1190 54. 46.
1191 55. 45.
1192 56. 44.
1193 56. 44.
1194 55. 45.
1195 55. 45.
1196 55. 45.
1197 55. 45.
1198 55. 45.
1199 55. 45.
1200 55. 45.
1201 55. 45.
1202 55. 45.
1203 55. 45.
1204 55. 45.
1205 55. 45.
1206 54. 46.
1207 54. 46.
1208 54. 46.
1209 54. 46.
1210 53. 47.
1211 52. 48.
1212 52. 48.
1213 52. 48.
1214 53. 47.
1215 53. 47.
1216 53. 47.
1217 53. 47.
1218 54. 46.
1219 54. 46.
1220 54. 46.
1221 54. 46.
1222 54. 46.
1223 54. 46.
1224 54. 46.
1225 54. 46.
1226 54. 46.
1227 55. 45.
1228 55. 45.
1229 56. 44.
1230 56. 44.
1231 57. 43.
1232 58. 42.
1233 58. 42.
1234 57. 43.
1235 56. 44.
1236 56. 44.
1237 56. 44.
1238 56. 44.
1239 56. 44.
1240 56. 44.
1241 56. 44.
1242 56. 44.
1243 56. 44.
1244 56. 44.
1245 56. 44.
1246 56. 44.
1247 56. 44.
1248 56. 44.
1249 55. 45.
1250 56. 44.
1251 56. 44.
1252 56. 44.
1253 57. 43.
1254 57. 43.
1255 57. 43.
1256 57. 43.
1257 57. 43.
1258 57. 43.
1259 57. 43.
1260 57. 43.
1261 57. 43.
1262 57. 43.
1263 57. 43.
1264 57. 43.
1265 57. 43.
1266 57. 43.
1267 57. 43.
1268 57. 43.
1269 57. 43.
1270 56. 44.
1271 56. 44.
1272 57. 43.
1273 57. 43.
1274 57. 43.
1275 57. 43.
1276 57. 43.
1277 57. 43.
1278 57. 43.
1279 57. 43.
1280 57. 43.
1281 57. 43.
1282 58. 42.
1283 58. 42.
1284 58. 42.
1285 58. 42.
1286 58. 42.
1287 58. 42.
1288 58. 42.
1289 58. 42.
1290 58. 42.
1291 58. 42.
1292 58. 42.
1293 57. 43.
1294 57. 43.
1295 57. 43.
1296 57. 43.
1297 58. 42.
1298 59. 41.
1299 59. 41.
1300 59. 41.
1301 59. 41.
1302 58. 42.
1303 59. 41.
1304 59. 41.
1305 59. 41.
1306 59. 41.
1307 58. 42.
1308 57. 43.
1309 57. 43.
1310 57. 43.
1311 57. 43.
1312 57. 43.
1313 57. 43.
1314 57. 43.
1315 58. 42.
1316 58. 42.
1317 58. 42.
1318 58. 42.
1319 58. 42.
1320 58. 42.
1321 58. 42.
1322 58. 42.
1323 58. 42.
1324 58. 42.
1325 57. 43.
1326 56. 44.
1327 56. 44.
1328 56. 44.
1329 56. 44.
1330 56. 44.
1331 56. 44.
1332 56. 44.
1333 57. 43.
1334 57. 43.
1335 57. 43.
1336 57. 43.
1337 57. 43.
1338 57. 43.
1339 57. 43.
1340 57. 43.
1341 57. 43.
1342 57. 43.
1343 57. 43.
1344 57. 43.
1345 57. 43.
1346 57. 43.
1347 57. 43.
1348 57. 43.
1349 57. 43.
1350 57. 43.
1351 57. 43.
1352 57. 43.
1353 58. 42.
1354 58. 42.
1355 58. 42.
1356 58. 42.
1357 58. 42.
1358 59. 41.
1359 59. 41.
1360 58. 42.
1361 58. 42.
1362 58. 42.
1363 58. 42.
1364 58. 42.
1365 57. 43.
1366 58. 42.
1367 58. 42.
1368 59. 41.
1369 59. 41.
1370 58. 42.
1371 58. 42.
1372 59. 41.
1373 59. 41.
1374 59. 41.
1375 59. 41.
1376 58. 42.
1377 58. 42.
1378 58. 42.
1379 59. 41.
1380 58. 42.
1381 58. 42.
1382 59. 41.
1383 59. 41.
1384 59. 41.
1385 60. 40.
1386 60. 40.
1387 59. 41.
1388 59. 41.
1389 58. 42.
1390 58. 42.
1391 59. 41.
1392 59. 41.
1393 60. 40.
1394 60. 40.
1395 60. 40.
1396 61. 39.
1397 61. 39.
1398 61. 39.
1399 61. 39.
1400 61. 39.
1401 61. 39.
1402 61. 39.
1403 62. 38.
1404 62. 38.
1405 62. 38.
1406 62. 38.
1407 62. 38.
1408 62. 38.
1409 62. 38.
1410 62. 38.
1411 62. 38.
1412 62. 38.
1413 62. 38.
1414 62. 38.
1415 62. 38.
1416 62. 38.
1417 62. 38.
1418 62. 38.
1419 62. 38.
1420 62. 38.
1421 62. 38.
1422 62. 38.
1423 62. 38.
1424 62. 38.
1425 62. 38.
1426 62. 38.
1427 62. 38.
1428 62. 38.
1429 62. 38.
1430 62. 38.
1431 62. 38.
1432 62. 38.
1433 63. 37.
1434 63. 37.
1435 63. 37.
1436 63. 37.
1437 63. 37.
1438 63. 37.
1439 63. 37.
1440 62. 38.
1441 62. 38.
1442 62. 38.
1443 62. 38.
1444 61. 39.
1445 61. 39.
1446 61. 39.
1447 60. 40.
1448 60. 40.
1449 60. 40.
1450 60. 40.
1451 59. 41.
1452 59. 41.
1453 59. 41.
1454 59. 41.
1455 58. 42.
1456 58. 42.
1457 58. 42.
1458 58. 42.
1459 58. 42.
1460 58. 42.
1461 57. 43.
1462 57. 43.
1463 57. 43.
1464 57. 43.
1465 56. 44.
1466 56. 44.
1467 56. 44.
1468 56. 44.
1469 56. 44.
1470 57. 43.
1471 57. 43.
1472 57. 43.
1473 57. 43.
1474 57. 43.
1475 57. 43.
1476 57. 43.
1477 57. 43.
1478 57. 43.
1479 58. 42.
1480 58. 42.
1481 58. 42.
1482 58. 42.
1483 58. 42.
1484 58. 42.
1485 58. 42.
1486 58. 42.
1487 58. 42.
1488 58. 42.
1489 58. 42.
1490 58. 42.
1491 58. 42.
1492 57. 43.
1493 57. 43.
1494 57. 43.
1495 57. 43.
1496 57. 43.
1497 57. 43.
1498 57. 43.
1499 56. 44.
1500 56. 44.
1501 57. 43.
1502 58. 42.
1503 58. 42.
1504 58. 42.
1505 59. 41.
1506 59. 41.
1507 59. 41.
1508 60. 40.
1509 60. 40.
1510 60. 40.
1511 60. 40.
1512 61. 39.
1513 61. 39.
1514 61. 39.
1515 61. 39.
1516 62. 38.
1517 62. 38.
1518 63. 37.
1519 63. 37.
1520 63. 37.
1521 63. 37.
1522 63. 37.
1523 63. 37.
1524 63. 37.
1525 63. 37.
1526 63. 37.
1527 63. 37.
1528 63. 37.
1529 63. 37.
1530 63. 37.
1531 63. 37.
1532 63. 37.
1533 64. 36.
1534 64. 36.
1535 63. 37.
1536 64. 36.
1537 65. 35.
1538 66. 34.
1539 66. 34.
1540 67. 33.
1541 67. 33.
1542 67. 33.
1543 67. 33.
1544 67. 33.
1545 67. 33.
1546 68. 32.
1547 68. 32.
1548 67. 33.
1549 67. 33.
1550 67. 33.
1551 67. 33.
1552 67. 33.
1553 67. 33.
1554 67. 33.
1555 67. 33.
1556 66. 34.
1557 66. 34.
1558 66. 34.
1559 66. 34.
1560 66. 34.
1561 66. 34.
1562 66. 34.
1563 66. 34.
1564 65. 35.
1565 66. 34.
1566 66. 34.
1567 66. 34.
1568 65. 35.
1569 66. 34.
1570 66. 34.
1571 65. 35.
1572 64. 36.
1573 64. 36.
1574 64. 36.
1575 64. 36.
1576 64. 36.
1577 64. 36.
1578 64. 36.
1579 65. 35.
1580 64. 36.
1581 65. 35.
1582 65. 35.
1583 65. 35.
1584 65. 35.
1585 65. 35.
1586 64. 36.
1587 64. 36.
1588 64. 36.
1589 64. 36.
1590 64. 36.
1591 64. 36.
1592 64. 36.
1593 64. 36.
1594 64. 36.
1595 64. 36.
1596 64. 36.
1597 64. 36.
1598 64. 36.
1599 65. 35.
1600 65. 35.
1601 66. 34.
1602 66. 34.
1603 66. 34.
1604 67. 33.
1605 67. 33.
1606 67. 33.
1607 67. 33.
1608 67. 33.
1609 66. 34.
1610 66. 34.
1611 66. 34.
1612 66. 34.
1613 66. 34.
1614 66. 34.
1615 66. 34.
1616 66. 34.
1617 67. 33.
1618 66. 34.
1619 66. 34.
1620 66. 34.
1621 66. 34.
1622 66. 34.
1623 66. 34.
1624 66. 34.
1625 66. 34.
1626 67. 33.
1627 67. 33.
1628 67. 33.
1629 67. 33.
1630 67. 33.
1631 66. 34.
1632 65. 35.
1633 65. 35.
1634 65. 35.
1635 66. 34.
1636 66. 34.
1637 66. 34.
1638 66. 34.
1639 67. 33.
1640 66. 34.
1641 66. 34.
1642 65. 35.
1643 65. 35.
1644 65. 35.
1645 65. 35.
1646 65. 35.
1647 64. 36.
1648 64. 36.
1649 65. 35.
1650 65. 35.
1651 65. 35.
1652 65. 35.
1653 65. 35.
1654 65. 35.
1655 65. 35.
1656 65. 35.
1657 65. 35.
1658 65. 35.
1659 65. 35.
1660 65. 35.
1661 65. 35.
1662 66. 34.
1663 66. 34.
1664 67. 33.
1665 67. 33.
1666 67. 33.
1667 67. 33.
1668 67. 33.
1669 67. 33.
1670 67. 33.
1671 67. 33.
1672 67. 33.
1673 67. 33.
1674 67. 33.
1675 67. 33.
1676 67. 33.
1677 67. 33.
1678 67. 33.
1679 67. 33.
1680 67. 33.
1681 67. 33.
1682 67. 33.
1683 67. 33.
1684 67. 33.
1685 67. 33.
1686 67. 33.
1687 67. 33.
1688 67. 33.
1689 67. 33.
1690 67. 33.
1691 67. 33.
1692 67. 33.
1693 67. 33.
1694 67. 33.
1695 67. 33.
1696 67. 33.
1697 67. 33.
1698 68. 32.
1699 68. 32.
1700 68. 32.
1701 68. 32.
1702 68. 32.
1703 69. 31.
1704 69. 31.
1705 69. 31.
1706 70. 30.
1707 69. 31.
1708 69. 31.
1709 69. 31.
1710 69. 31.
1711 69. 31.
1712 69. 31.
1713 69. 31.
1714 69. 31.
1715 69. 31.
1716 69. 31.
1717 69. 31.
1718 69. 31.
1719 69. 31.
1720 69. 31.
1721 69. 31.
1722 69. 31.
1723 69. 31.
1724 69. 31.
1725 70. 30.
1726 70. 30.
1727 70. 30.
1728 70. 30.
1729 70. 30.
1730 70. 30.
1731 70. 30.
1732 70. 30.
1733 70. 30.
1734 71. 29.
1735 71. 29.
1736 71. 29.
1737 71. 29.
1738 71. 29.
1739 71. 29.
1740 71. 29.
1741 71. 29.
1742 71. 29.
1743 71. 29.
1744 71. 29.
1745 71. 29.
1746 71. 29.
1747 71. 29.
1748 71. 29.
1749 71. 29.
1750 71. 29.
1751 72. 28.
1752 72. 28.
1753 72. 28.
1754 72. 28.
1755 72. 28.
1756 72. 28.
1757 72. 28.
1758 72. 28.
1759 72. 28.
1760 72. 28.
1761 72. 28.
1762 72. 28.
1763 72. 28.
1764 72. 28.
1765 73. 27.
1766 73. 27.
1767 73. 27.
1768 73. 27.
1769 73. 27.
1770 73. 27.
1771 73. 27.
1772 73. 27.
1773 73. 27.
1774 73. 27.
1775 74. 26.
1776 75. 25.
1777 75. 25.
1778 75. 25.
1779 75. 25.
1780 74. 26.
1781 74. 26.
1782 74. 26.
1783 74. 26.
1784 74. 26.
1785 74. 26.
1786 74. 26.
1787 74. 26.
1788 73. 27.
1789 73. 27.
1790 73. 27.
1791 73. 27.
1792 73. 27.
1793 73. 27.
1794 73. 27.
1795 73. 27.
1796 73. 27.
1797 73. 27.
1798 73. 27.
1799 73. 27.
1800 73. 27.
1801 73. 27.
1802 73. 27.
1803 73. 27.
1804 73. 27.
1805 73. 27.
1806 73. 27.
1807 73. 27.
1808 73. 27.
1809 74. 26.
1810 75. 25.
1811 75. 25.
1812 75. 25.
1813 75. 25.
1814 75. 25.
1815 75. 25.
1816 75. 25.
1817 75. 25.
1818 74. 26.
1819 73. 27.
1820 72. 28.
1821 72. 28.
1822 72. 28.
1823 72. 28.
1824 72. 28.
1825 73. 27.
1826 73. 27.
1827 72. 28.
1828 72. 28.
1829 73. 27.
1830 74. 26.
1831 74. 26.
1832 74. 26.
1833 74. 26.
1834 75. 25.
1835 75. 25.
1836 75. 25.
1837 75. 25.
1838 75. 25.
1839 75. 25.
1840 75. 25.
1841 74. 26.
1842 74. 26.
1843 74. 26.
1844 75. 25.
1845 75. 25.
1846 75. 25.
1847 76. 24.
1848 75. 25.
1849 75. 25.
1850 74. 26.
1851 74. 26.
1852 74. 26.
1853 74. 26.
1854 74. 26.
1855 74. 26.
1856 74. 26.
1857 74. 26.
1858 74. 26.
1859 75. 25.
1860 75. 25.
1861 74. 26.
1862 73. 27.
1863 73. 27.
1864 73. 27.
1865 72. 28.
1866 72. 28.
1867 72. 28.
1868 72. 28.
1869 72. 28.
1870 72. 28.
1871 72. 28.
1872 71. 29.
1873 71. 29.
1874 71. 29.
1875 71. 29.
1876 71. 29.
1877 72. 28.
1878 73. 27.
1879 73. 27.
1880 73. 27.
1881 73. 27.
1882 73. 27.
1883 73. 27.
1884 72. 28.
1885 71. 29.
1886 71. 29.
1887 71. 29.
1888 71. 29.
1889 71. 29.
1890 71. 29.
1891 71. 29.
1892 71. 29.
1893 72. 28.
1894 72. 28.
1895 73. 27.
1896 73. 27.
1897 73. 27.
1898 73. 27.
1899 73. 27.
1900 73. 27.
1901 73. 27.
1902 73. 27.
1903 73. 27.
1904 73. 27.
1905 74. 26.
1906 74. 26.
1907 74. 26.
1908 74. 26.
1909 75. 25.
1910 75. 25.
1911 75. 25.
1912 76. 24.
1913 76. 24.
1914 76. 24.
1915 76. 24.
1916 76. 24.
1917 76. 24.
1918 76. 24.
1919 75. 25.
1920 76. 24.
1921 76. 24.
1922 76. 24.
1923 77. 23.
1924 77. 23.
1925 77. 23.
1926 77. 23.
1927 77. 23.
1928 77. 23.
1929 78. 22.
1930 78. 22.
1931 78. 22.
1932 79. 21.
1933 79. 21.
1934 79. 21.
1935 79. 21.
1936 79. 21.
1937 79. 21.
1938 79. 21.
1939 79. 21.
1940 79. 21.
1941 80. 20.
1942 81. 19.
1943 82. 18.
1944 82. 18.
1945 82. 18.
1946 82. 18.
1947 82. 18.
1948 81. 19.
1949 81. 19.
1950 81. 19.
1951 81. 19.
1952 81. 19.
1953 81. 19.
1954 81. 19.
1955 81. 19.
1956 81. 19.
1957 81. 19.
1958 80. 20.
1959 80. 20.
1960 80. 20.
1961 80. 20.
1962 80. 20.
1963 80. 20.
1964 80. 20.
1965 80. 20.
1966 80. 20.
1967 80. 20.
1968 80. 20.
1969 80. 20.
1970 80. 20.
1971 80. 20.
1972 80. 20.
1973 80. 20.
1974 79. 21.
1975 79. 21.
1976 79. 21.
1977 79. 21.
1978 80. 20.
1979 80. 20.
1980 80. 20.
1981 80. 20.
1982 79. 21.
1983 79. 21.
1984 79. 21.
1985 79. 21.
1986 79. 21.
1987 79. 21.
1988 79. 21.
1989 78. 22.
1990 78. 22.
1991 79. 21.
1992 79. 21.
1993 79. 21.
1994 79. 21.
1995 79. 21.
1996 79. 21.
1997 79. 21.
1998 79. 21.
1999 79. 21.
2000 79. 21.
2001 79. 21.
2002 79. 21.
2003 79. 21.
2004 79. 21.
2005 79. 21.
2006 79. 21.
2007 79. 21.
2008 79. 21.
2009 78. 22.
2010 79. 21.
2011 80. 20.
2012 79. 21.
2013 79. 21.
2014 79. 21.
2015 79. 21.
2016 79. 21.
2017 79. 21.
2018 79. 21.
2019 79. 21.
2020 79. 21.
2021 79. 21.
2022 78. 22.
2023 78. 22.
2024 78. 22.
2025 78. 22.
2026 78. 22.
2027 77. 23.
2028 76. 24.
2029 76. 24.
2030 77. 23.
2031 77. 23.
2032 76. 24.
2033 76. 24.
2034 76. 24.
2035 76. 24.
2036 76. 24.
2037 76. 24.
2038 76. 24.
2039 76. 24.
2040 77. 23.
2041 77. 23.
2042 77. 23.
2043 77. 23.
2044 77. 23.
2045 77. 23.
2046 77. 23.
2047 77. 23.
2048 77. 23.
2049 77. 23.
2050 77. 23.
2051 77. 23.
2052 77. 23.
2053 77. 23.
2054 77. 23.
2055 77. 23.
2056 77. 23.
2057 77. 23.
2058 76. 24.
2059 77. 23.
2060 78. 22.
2061 78. 22.
2062 78. 22.
2063 78. 22.
2064 78. 22.
2065 78. 22.
2066 77. 23.
2067 77. 23.
2068 77. 23.
2069 77. 23.
2070 77. 23.
2071 76. 24.
2072 76. 24.
2073 75. 25.
2074 76. 24.
2075 76. 24.
2076 76. 24.
2077 76. 24.
2078 76. 24.
2079 76. 24.
2080 76. 24.
2081 76. 24.
2082 76. 24.
2083 76. 24.
2084 76. 24.
2085 76. 24.
2086 76. 24.
2087 76. 24.
2088 76. 24.
2089 77. 23.
2090 77. 23.
2091 77. 23.
2092 77. 23.
2093 78. 22.
2094 78. 22.
2095 79. 21.
2096 78. 22.
2097 78. 22.
2098 79. 21.
2099 78. 22.
2100 79. 21.
2101 79. 21.
2102 80. 20.
2103 80. 20.
2104 79. 21.
2105 79. 21.
2106 79. 21.
2107 79. 21.
2108 79. 21.
2109 79. 21.
2110 79. 21.
2111 79. 21.
2112 79. 21.
2113 79. 21.
2114 79. 21.
2115 79. 21.
2116 79. 21.
2117 79. 21.
2118 79. 21.
2119 79. 21.
2120 79. 21.
2121 79. 21.
2122 78. 22.
2123 78. 22.
2124 78. 22.
2125 78. 22.
2126 77. 23.
2127 77. 23.
2128 76. 24.
2129 76. 24.
2130 76. 24.
2131 76. 24.
2132 77. 23.
2133 77. 23.
2134 77. 23.
2135 77. 23.
2136 76. 24.
2137 76. 24.
2138 76. 24.
2139 76. 24.
2140 76. 24.
2141 77. 23.
2142 77. 23.
2143 77. 23.
2144 77. 23.
2145 77. 23.
2146 77. 23.
2147 77. 23.
2148 77. 23.
2149 77. 23.
2150 77. 23.
2151 77. 23.
2152 77. 23.
2153 77. 23.
2154 77. 23.
2155 77. 23.
2156 77. 23.
2157 77. 23.
2158 77. 23.
2159 77. 23.
2160 77. 23.
2161 78. 22.
2162 77. 23.
2163 77. 23.
2164 77. 23.
2165 77. 23.
2166 77. 23.
2167 77. 23.
2168 77. 23.
2169 78. 22.
2170 78. 22.
2171 78. 22.
2172 78. 22.
2173 77. 23.
2174 78. 22.
2175 78. 22.
2176 78. 22.
2177 78. 22.
2178 79. 21.
2179 79. 21.
2180 79. 21.
2181 79. 21.
2182 79. 21.
2183 80. 20.
2184 79. 21.
2185 79. 21.
2186 79. 21.
2187 79. 21.
2188 79. 21.
2189 79. 21.
2190 79. 21.
2191 79. 21.
2192 79. 21.
2193 79. 21.
2194 79. 21.
2195 79. 21.
2196 79. 21.
2197 80. 20.
2198 80. 20.
2199 80. 20.
2200 80. 20.
2201 80. 20.
2202 80. 20.
2203 79. 21.
2204 79. 21.
2205 79. 21.
2206 79. 21.
2207 80. 20.
2208 80. 20.
2209 80. 20.
2210 81. 19.
2211 81. 19.
2212 82. 18.
2213 82. 18.
2214 82. 18.
2215 83. 17.
2216 83. 17.
2217 83. 17.
2218 83. 17.
2219 83. 17.
2220 83. 17.
2221 83. 17.
2222 83. 17.
2223 82. 18.
2224 82. 18.
2225 82. 18.
2226 82. 18.
2227 82. 18.
2228 82. 18.
2229 82. 18.
2230 82. 18.
2231 82. 18.
2232 82. 18.
2233 83. 17.
2234 83. 17.
2235 82. 18.
2236 83. 17.
2237 83. 17.
2238 84. 16.
2239 84. 16.
2240 84. 16.
2241 84. 16.
2242 84. 16.
2243 84. 16.
2244 84. 16.
2245 84. 16.
2246 84. 16.
2247 84. 16.
2248 84. 16.
2249 84. 16.
2250 84. 16.
2251 84. 16.
2252 84. 16.
2253 84. 16.
2254 84. 16.
2255 84. 16.
2256 84. 16.
2257 84. 16.
2258 84. 16.
2259 84. 16.
2260 84. 16.
2261 84. 16.
2262 84. 16.
2263 84. 16.
2264 84. 16.
2265 84. 16.
2266 84. 16.
2267 84. 16.
2268 84. 16.
2269 84. 16.
2270 84. 16.
2271 84. 16.
2272 84. 16.
2273 84. 16.
2274 84. 16.
2275 84. 16.
2276 84. 16.
2277 84. 16.
2278 84. 16.
2279 84. 16.
2280 84. 16.
2281 85. 15.
2282 85. 15.
2283 85. 15.
2284 85. 15.
2285 85. 15.
2286 85. 15.
2287 85. 15.
2288 85. 15.
2289 85. 15.
2290 85. 15.
2291 85. 15.
2292 85. 15.
2293 85. 15.
2294 85. 15.
2295 85. 15.
2296 85. 15.
2297 85. 15.
2298 85. 15.
2299 85. 15.
2300 84. 16.
2301 85. 15.
2302 85. 15.
2303 84. 16.
2304 84. 16.
2305 84. 16.
2306 85. 15.
2307 85. 15.
2308 85. 15.
2309 85. 15.
2310 86. 14.
2311 86. 14.
2312 86. 14.
2313 86. 14.
2314 86. 14.
2315 86. 14.
2316 86. 14.
2317 87. 13.
2318 86. 14.
2319 86. 14.
2320 86. 14.
2321 86. 14.
2322 86. 14.
2323 87. 13.
2324 88. 12.
2325 88. 12.
2326 88. 12.
2327 88. 12.
2328 89. 11.
2329 89. 11.
2330 89. 11.
2331 90. 10.
2332 90. 10.
2333 90. 10.
2334 91. 9.
2335 91. 9.
2336 91. 9.
2337 90. 10.
2338 90. 10.
2339 90. 10.
2340 90. 10.
2341 91. 9.
2342 91. 9.
2343 91. 9.
2344 91. 9.
2345 91. 9.
2346 91. 9.
2347 91. 9.
2348 91. 9.
2349 91. 9.
2350 91. 9.
2351 90. 10.
2352 90. 10.
2353 90. 10.
2354 90. 10.
2355 90. 10.
2356 90. 10.
2357 90. 10.
2358 89. 11.
2359 89. 11.
2360 90. 10.
2361 90. 10.
2362 90. 10.
2363 90. 10.
2364 91. 9.
2365 91. 9.
2366 91. 9.
2367 91. 9.
2368 91. 9.
2369 91. 9.
2370 91. 9.
2371 91. 9.
2372 91. 9.
2373 91. 9.
2374 91. 9.
2375 91. 9.
2376 91. 9.
2377 91. 9.
2378 91. 9.
2379 91. 9.
2380 91. 9.
2381 91. 9.
2382 91. 9.
2383 91. 9.
2384 91. 9.
2385 91. 9.
2386 91. 9.
2387 91. 9.
2388 91. 9.
2389 91. 9.
2390 91. 9.
2391 91. 9.
2392 90. 10.
2393 90. 10.
2394 90. 10.
2395 90. 10.
2396 90. 10.
2397 90. 10.
2398 90. 10.
2399 90. 10.
2400 90. 10.
2401 90. 10.
2402 90. 10.
2403 90. 10.
2404 90. 10.
2405 90. 10.
2406 90. 10.
2407 90. 10.
2408 90. 10.
2409 90. 10.
2410 90. 10.
2411 90. 10.
2412 90. 10.
2413 90. 10.
2414 90. 10.
2415 90. 10.
2416 90. 10.
2417 90. 10.
2418 90. 10.
2419 90. 10.
2420 90. 10.
2421 89. 11.
2422 89. 11.
2423 89. 11.
2424 89. 11.
2425 89. 11.
2426 89. 11.
2427 89. 11.
2428 89. 11.
2429 89. 11.
2430 89. 11.
2431 89. 11.
2432 89. 11.
2433 89. 11.
2434 89. 11.
2435 89. 11.
2436 89. 11.
2437 89. 11.
2438 89. 11.
2439 89. 11.
2440 89. 11.
2441 89. 11.
2442 89. 11.
2443 89. 11.
2444 89. 11.
2445 89. 11.
2446 89. 11.
2447 89. 11.
2448 90. 10.
2449 90. 10.
2450 89. 11.
2451 89. 11.
2452 90. 10.
2453 90. 10.
2454 90. 10.
2455 90. 10.
2456 90. 10.
2457 90. 10.
2458 89. 11.
2459 89. 11.
2460 89. 11.
2461 89. 11.
2462 90. 10.
2463 90. 10.
2464 90. 10.
2465 91. 9.
2466 91. 9.
2467 92. 8.
2468 92. 8.
2469 91. 9.
2470 91. 9.
2471 91. 9.
2472 91. 9.
2473 91. 9.
2474 91. 9.
2475 91. 9.
2476 91. 9.
2477 91. 9.
2478 92. 8.
2479 92. 8.
2480 92. 8.
2481 92. 8.
2482 92. 8.
2483 92. 8.
2484 91. 9.
2485 91. 9.
2486 91. 9.
2487 91. 9.
2488 90. 10.
2489 90. 10.
2490 90. 10.
2491 90. 10.
2492 91. 9.
2493 91. 9.
2494 91. 9.
2495 91. 9.
2496 92. 8.
2497 92. 8.
2498 92. 8.
2499 92. 8.
2500 92. 8.
2501 92. 8.
2502 92. 8.
2503 92. 8.
2504 92. 8.
2505 92. 8.
2506 92. 8.
2507 92. 8.
2508 92. 8.
2509 92. 8.
2510 92. 8.
2511 92. 8.
2512 92. 8.
2513 92. 8.
2514 92. 8.
2515 92. 8.
2516 92. 8.
2517 92. 8.
2518 92. 8.
2519 92. 8.
2520 93. 7.
2521 92. 8.
2522 92. 8.
2523 92. 8.
2524 92. 8.
2525 92. 8.
2526 92. 8.
2527 92. 8.
2528 92. 8.
2529 92. 8.
2530 92. 8.
2531 92. 8.
2532 92. 8.
2533 92. 8.
2534 92. 8.
2535 93. 7.
2536 93. 7.
2537 93. 7.
2538 93. 7.
2539 93. 7.
2540 93. 7.
2541 93. 7.
2542 93. 7.
2543 93. 7.
2544 93. 7.
2545 93. 7.
2546 93. 7.
2547 93. 7.
2548 93. 7.
2549 93. 7.
2550 93. 7.
2551 93. 7.
2552 93. 7.
2553 92. 8.
2554 92. 8.
2555 92. 8.
2556 92. 8.
2557 92. 8.
2558 92. 8.
2559 93. 7.
2560 93. 7.
2561 93. 7.
2562 93. 7.
2563 93. 7.
2564 93. 7.
2565 93. 7.
2566 93. 7.
2567 93. 7.
2568 94. 6.
2569 94. 6.
2570 94. 6.
2571 94. 6.
2572 94. 6.
2573 94. 6.
2574 95. 5.
2575 95. 5.
2576 95. 5.
2577 95. 5.
2578 95. 5.
2579 95. 5.
2580 95. 5.
2581 95. 5.
2582 95. 5.
2583 95. 5.
2584 95. 5.
2585 95. 5.
2586 95. 5.
2587 95. 5.
2588 95. 5.
2589 95. 5.
2590 95. 5.
2591 95. 5.
2592 95. 5.
2593 95. 5.
2594 95. 5.
2595 95. 5.
2596 95. 5.
2597 95. 5.
2598 95. 5.
2599 95. 5.
2600 95. 5.
2601 95. 5.
2602 95. 5.
2603 95. 5.
2604 95. 5.
2605 95. 5.
2606 96. 4.
2607 96. 4.
2608 96. 4.
2609 96. 4.
2610 96. 4.
2611 96. 4.
2612 96. 4.
2613 96. 4.
2614 96. 4.
2615 96. 4.
2616 96. 4.
2617 96. 4.
2618 96. 4.
2619 96. 4.
2620 96. 4.
2621 96. 4.
2622 96. 4.
2623 96. 4.
2624 96. 4.
2625 96. 4.
2626 96. 4.
2627 96. 4.
2628 96. 4.
2629 96. 4.
2630 96. 4.
2631 96. 4.
2632 96. 4.
2633 96. 4.
2634 96. 4.
2635 96. 4.
2636 96. 4.
2637 96. 4.
2638 96. 4.
2639 96. 4.
2640 96. 4.
2641 96. 4.
2642 96. 4.
2643 96. 4.
2644 96. 4.
2645 96. 4.
2646 96. 4.
2647 96. 4.
2648 96. 4.
2649 96. 4.
2650 96. 4.
2651 96. 4.
2652 96. 4.
2653 96. 4.
2654 96. 4.
2655 96. 4.
2656 96. 4.
2657 96. 4.
2658 96. 4.
2659 96. 4.
2660 96. 4.
2661 96. 4.
2662 95. 5.
2663 95. 5.
2664 95. 5.
2665 94. 6.
2666 94. 6.
2667 95. 5.
2668 95. 5.
2669 95. 5.
2670 95. 5.
2671 95. 5.
2672 95. 5.
2673 95. 5.
2674 95. 5.
2675 95. 5.
2676 95. 5.
2677 95. 5.
2678 95. 5.
2679 95. 5.
2680 96. 4.
2681 96. 4.
2682 96. 4.
2683 97. 3.
2684 97. 3.
2685 97. 3.
2686 97. 3.
2687 97. 3.
2688 97. 3.
2689 97. 3.
2690 97. 3.
2691 97. 3.
2692 97. 3.
2693 97. 3.
2694 97. 3.
2695 97. 3.
2696 97. 3.
2697 97. 3.
2698 97. 3.
2699 97. 3.
2700 97. 3.
2701 97. 3.
2702 98. 2.
2703 98. 2.
2704 98. 2.
2705 98. 2.
2706 98. 2.
2707 98. 2.
2708 98. 2.
2709 98. 2.
2710 98. 2.
2711 99. 1.
2712 99. 1.
2713 99. 1.
2714 99. 1.
2715 99. 1.
2716 99. 1.
2717 99. 1.
2718 99. 1.
2719 99. 1.
2720 99. 1.
2721 99. 1.
2722 99. 1.
2723 99. 1.
2724 99. 1.
2725 99. 1.
2726 99. 1.
2727 99. 1.
2728 99. 1.
2729 99. 1.
2730 99. 1.
2731 99. 1.
2732 99. 1.
2733 99. 1.
2734 99. 1.
2735 99. 1.
2736 99. 1.
2737 99. 1.
2738 99. 1.
2739 99. 1.
2740 99. 1.
2741 99. 1.
2742 99. 1.
2743 99. 1.
2744 99. 1.
2745 99. 1.
2746 99. 1.
2747 99. 1.
2748 99. 1.
2749 99. 1.
2750 99. 1.
2751 99. 1.
2752 99. 1.
2753 99. 1.
2754 99. 1.
2755 99. 1.
2756 99. 1.
2757 99. 1.
2758 99. 1.
2759 99. 1.
2760 99. 1.
2761 99. 1.
2762 99. 1.
2763 99. 1.
2764 99. 1.
2765 99. 1.
2766 99. 1.
2767 99. 1.
2768 99. 1.
2769 99. 1.
2770 99. 1.
2771 99. 1.
2772 99. 1.
2773 99. 1.
2774 99. 1.
2775 99. 1.
2776 99. 1.
2777 99. 1.
2778 99. 1.
2779 99. 1.
2780 99. 1.
2781 99. 1.
2782 99. 1.
2783 99. 1.
2784 99. 1.
2785 99. 1.
2786 99. 1.
2787 99. 1.
2788 99. 1.
2789 99. 1.
2790 99. 1.
2791 99. 1.
2792 99. 1.
2793 99. 1.
2794 99. 1.
2795 99. 1.
2796 99. 1.
2797 99. 1.
2798 99. 1.
2799 99. 1.
2800 99. 1.
2801 99. 1.
2802 99. 1.
2803 99. 1.
2804 99. 1.
2805 99. 1.
2806 99. 1.
2807 99. 1.
2808 99. 1.
2809 99. 1.
2810 99. 1.
2811 99. 1.
2812 99. 1.
2813 99. 1.
2814 99. 1.
