0 26. 74.
1 26. 74.
2 26. 74.
3 26. 74.
4 27. 73.
5 28. 72.
6 28. 72.
7 29. 71.
8 29. 71.
9 29. 71.
10 29. 71.
11 29. 71.
12 29. 71.
13 29. 71.
14 29. 71.
15 29. 71.
16 29. 71.
17 29. 71.
18 29. 71.
19 29. 71.
20 29. 71.
21 29. 71.
22 29. 71.
23 29. 71.
24 29. 71.
25 28. 72.
26 28. 72.
27 28. 72.
28 28. 72.
29 28. 72.
30 29. 71.
31 30. 70.
32 30. 70.
33 30. 70.
34 30. 70.
35 29. 71.
36 30. 70.
37 30. 70.
38 30. 70.
39 31. 69.
40 31. 69.
41 31. 69.
42 31. 69.
43 31. 69.
44 31. 69.
45 31. 69.
46 32. 68.
47 32. 68.
48 32. 68.
49 32. 68.
50 32. 68.
51 32. 68.
52 33. 67.
53 32. 68.
54 31. 69.
55 31. 69.
56 31. 69.
57 31. 69.
58 31. 69.
59 31. 69.
60 31. 69.
61 32. 68.
62 31. 69.
63 31. 69.
64 31. 69.
65 30. 70.
66 30. 70.
67 31. 69.
68 32. 68.
69 32. 68.
70 32. 68.
71 31. 69.
72 31. 69.
73 31. 69.
74 31. 69.
75 31. 69.
76 31. 69.
77 31. 69.
78 31. 69.
79 31. 69.
80 31. 69.
81 32. 68.
82 33. 67.
83 34. 66.
84 33. 67.
85 33. 67.
86 33. 67.
87 33. 67.
88 33. 67.
89 33. 67.
90 34. 66.
91 34. 66.
92 34. 66.
93 33. 67.
94 33. 67.
95 33. 67.
96 32. 68.
97 33. 67.
98 33. 67.
99 33. 67.
100 33. 67.
101 33. 67.
102 33. 67.
103 33. 67.
104 33. 67.
105 33. 67.
106 32. 68.
107 32. 68.
108 33. 67.
109 33. 67.
110 33. 67.
111 33. 67.
112 34. 66.
113 34. 66.
114 33. 67.
115 33. 67.
116 34. 66.
117 34. 66.
118 33. 67.
119 33. 67.
120 33. 67.
121 32. 68.
122 32. 68.
123 32. 68.
124 32. 68.
125 33. 67.
126 34. 66.
127 34. 66.
128 34. 66.
129 34. 66.
130 34. 66.
131 34. 66.
132 35. 65.
133 35. 65.
134 35. 65.
135 35. 65.
136 35. 65.
137 35. 65.
138 35. 65.
139 35. 65.
140 35. 65.
141 35. 65.
142 35. 65.
143 35. 65.
144 35. 65.
145 35. 65.
146 35. 65.
147 35. 65.
148 35. 65.
149 35. 65.
150 35. 65.
151 35. 65.
152 35. 65.
153 35. 65.
154 35. 65.
155 35. 65.
156 35. 65.
157 35. 65.
158 35. 65.
159 35. 65.
160 35. 65.
161 35. 65.
162 34. 66.
163 34. 66.
164 34. 66.
165 33. 67.
166 34. 66.
167 34. 66.
168 34. 66.
169 34. 66.
170 34. 66.
171 34. 66.
172 34. 66.
173 34. 66.
174 34. 66.
175 34. 66.
176 34. 66.
177 34. 66.
178 34. 66.
179 33. 67.
180 32. 68.
181 32. 68.
182 32. 68.
183 32. 68.
184 32. 68.
185 32. 68.
186 32. 68.
187 32. 68.
188 32. 68.
189 31. 69.
190 31. 69.
191 31. 69.
192 31. 69.
193 31. 69.
194 31. 69.
195 31. 69.
196 31. 69.
197 31. 69.
198 31. 69.
199 31. 69.
200 31. 69.
201 31. 69.
202 31. 69.
203 31. 69.
204 31. 69.
205 32. 68.
206 32. 68.
207 32. 68.
208 32. 68.
209 32. 68.
210 32. 68.
211 32. 68.
212 32. 68.
213 32. 68.
214 32. 68.
215 32. 68.
216 32. 68.
217 32. 68.
218 32. 68.
219 32. 68.
220 32. 68.
221 32. 68.
222 32. 68.
223 32. 68.
224 32. 68.
225 32. 68.
226 32. 68.
227 32. 68.
228 33. 67.
229 33. 67.
230 33. 67.
231 33. 67.
232 33. 67.
233 32. 68.
234 32. 68.
235 32. 68.
236 33. 67.
237 33. 67.
238 33. 67.
239 33. 67.
240 32. 68.
241 32. 68.
242 32. 68.
243 32. 68.
244 32. 68.
245 32. 68.
246 33. 67.
247 33. 67.
248 33. 67.
249 33. 67.
250 33. 67.
251 33. 67.
252 33. 67.
253 33. 67.
254 33. 67.
255 33. 67.
256 33. 67.
257 33. 67.
258 33. 67.
259 33. 67.
260 33. 67.
261 33. 67.
262 33. 67.
263 33. 67.
264 32. 68.
265 32. 68.
266 32. 68.
267 32. 68.
268 33. 67.
269 34. 66.
270 33. 67.
271 33. 67.
272 33. 67.
273 33. 67.
274 32. 68.
275 32. 68.
276 32. 68.
277 31. 69.
278 31. 69.
279 31. 69.
280 31. 69.
281 31. 69.
282 31. 69.
283 31. 69.
284 31. 69.
285 32. 68.
286 32. 68.
287 32. 68.
288 32. 68.
289 32. 68.
290 32. 68.
291 32. 68.
292 31. 69.
293 31. 69.
294 31. 69.
295 30. 70.
296 30. 70.
297 30. 70.
298 30. 70.
299 30. 70.
300 30. 70.
301 30. 70.
302 30. 70.
303 29. 71.
304 29. 71.
305 29. 71.
306 29. 71.
307 29. 71.
308 29. 71.
309 30. 70.
310 30. 70.
311 30. 70.
312 31. 69.
313 31. 69.
314 32. 68.
315 32. 68.
316 32. 68.
317 31. 69.
318 31. 69.
319 30. 70.
320 29. 71.
321 29. 71.
322 29. 71.
323 28. 72.
324 29. 71.
325 29. 71.
326 29. 71.
327 29. 71.
328 29. 71.
329 29. 71.
330 29. 71.
331 29. 71.
332 29. 71.
333 29. 71.
334 28. 72.
335 28. 72.
336 27. 73.
337 27. 73.
338 27. 73.
339 27. 73.
340 27. 73.
341 26. 74.
342 26. 74.
343 26. 74.
344 26. 74.
345 25. 75.
346 25. 75.
347 24. 76.
348 24. 76.
349 24. 76.
350 24. 76.
351 24. 76.
352 24. 76.
353 24. 76.
354 24. 76.
355 24. 76.
356 24. 76.
357 24. 76.
358 25. 75.
359 24. 76.
360 24. 76.
361 24. 76.
362 24. 76.
363 24. 76.
364 24. 76.
365 23. 77.
366 24. 76.
367 24. 76.
368 24. 76.
369 25. 75.
370 25. 75.
371 25. 75.
372 25. 75.
373 24. 76.
374 23. 77.
375 22. 78.
376 22. 78.
377 22. 78.
378 22. 78.
379 22. 78.
380 22. 78.
381 22. 78.
382 22. 78.
383 22. 78.
384 22. 78.
385 22. 78.
386 23. 77.
387 24. 76.
388 24. 76.
389 24. 76.
390 24. 76.
391 24. 76.
392 24. 76.
393 24. 76.
394 24. 76.
395 24. 76.
396 24. 76.
397 25. 75.
398 24. 76.
399 24. 76.
400 24. 76.
401 24. 76.
402 24. 76.
403 24. 76.
404 25. 75.
405 24. 76.
406 24. 76.
407 24. 76.
408 24. 76.
409 24. 76.
410 24. 76.
411 24. 76.
412 24. 76.
413 25. 75.
414 24. 76.
415 24. 76.
416 24. 76.
417 24. 76.
418 23. 77.
419 23. 77.
420 23. 77.
421 24. 76.
422 24. 76.
423 23. 77.
424 23. 77.
425 23. 77.
426 23. 77.
427 23. 77.
428 23. 77.
429 23. 77.
430 22. 78.
431 22. 78.
432 22. 78.
433 23. 77.
434 23. 77.
435 23. 77.
436 23. 77.
437 23. 77.
438 23. 77.
439 23. 77.
440 23. 77.
441 23. 77.
442 23. 77.
443 24. 76.
444 24. 76.
445 23. 77.
446 23. 77.
447 22. 78.
448 22. 78.
449 22. 78.
450 21. 79.
451 21. 79.
452 21. 79.
453 22. 78.
454 22. 78.
455 22. 78.
456 22. 78.
457 22. 78.
458 22. 78.
459 22. 78.
460 22. 78.
461 22. 78.
462 22. 78.
463 22. 78.
464 22. 78.
465 23. 77.
466 23. 77.
467 24. 76.
468 24. 76.
469 24. 76.
470 24. 76.
471 24. 76.
472 24. 76.
473 24. 76.
474 24. 76.
475 24. 76.
476 24. 76.
477 24. 76.
478 24. 76.
479 23. 77.
480 23. 77.
481 23. 77.
482 23. 77.
483 23. 77.
484 23. 77.
485 23. 77.
486 23. 77.
487 24. 76.
488 25. 75.
489 25. 75.
490 25. 75.
491 25. 75.
492 25. 75.
493 26. 74.
494 25. 75.
495 24. 76.
496 24. 76.
497 24. 76.
498 24. 76.
499 24. 76.
500 23. 77.
501 22. 78.
502 22. 78.
503 22. 78.
504 22. 78.
505 22. 78.
506 22. 78.
507 22. 78.
508 22. 78.
509 22. 78.
510 22. 78.
511 22. 78.
512 22. 78.
513 22. 78.
514 22. 78.
515 22. 78.
516 22. 78.
517 22. 78.
518 22. 78.
519 22. 78.
520 22. 78.
521 22. 78.
522 21. 79.
523 21. 79.
524 21. 79.
525 21. 79.
526 21. 79.
527 21. 79.
528 21. 79.
529 22. 78.
530 22. 78.
531 22. 78.
532 22. 78.
533 22. 78.
534 22. 78.
535 22. 78.
536 22. 78.
537 22. 78.
538 21. 79.
539 21. 79.
540 22. 78.
541 23. 77.
542 22. 78.
543 22. 78.
544 22. 78.
545 22. 78.
546 22. 78.
547 22. 78.
548 22. 78.
549 22. 78.
550 22. 78.
551 22. 78.
552 22. 78.
553 22. 78.
554 22. 78.
555 22. 78.
556 22. 78.
557 22. 78.
558 22. 78.
559 22. 78.
560 22. 78.
561 22. 78.
562 22. 78.
563 22. 78.
564 22. 78.
565 23. 77.
566 23. 77.
567 22. 78.
568 22. 78.
569 21. 79.
570 21. 79.
571 21. 79.
572 21. 79.
573 21. 79.
574 22. 78.
575 22. 78.
576 22. 78.
577 23. 77.
578 23. 77.
579 23. 77.
580 23. 77.
581 23. 77.
582 23. 77.
583 23. 77.
584 23. 77.
585 23. 77.
586 22. 78.
587 22. 78.
588 22. 78.
589 22. 78.
590 22. 78.
591 22. 78.
592 22. 78.
593 22. 78.
594 22. 78.
595 22. 78.
596 22. 78.
597 22. 78.
598 22. 78.
599 22. 78.
600 22. 78.
601 22. 78.
602 22. 78.
603 22. 78.
604 22. 78.
605 23. 77.
606 23. 77.
607 23. 77.
608 23. 77.
609 23. 77.
610 23. 77.
611 22. 78.
612 23. 77.
613 23. 77.
614 22. 78.
615 22. 78.
616 22. 78.
617 23. 77.
618 22. 78.
619 22. 78.
620 22. 78.
621 22. 78.
622 22. 78.
623 22. 78.
624 22. 78.
625 22. 78.
626 21. 79.
627 21. 79.
628 21. 79.
629 21. 79.
630 21. 79.
631 21. 79.
632 22. 78.
633 22. 78.
634 22. 78.
635 22. 78.
636 22. 78.
637 22. 78.
638 22. 78.
639 22. 78.
640 22. 78.
641 21. 79.
642 21. 79.
643 21. 79.
644 21. 79.
645 21. 79.
646 21. 79.
647 21. 79.
648 20. 80.
649 19. 81.
650 19. 81.
651 19. 81.
652 19. 81.
653 19. 81.
654 20. 80.
655 20. 80.
656 20. 80.
657 20. 80.
658 21. 79.
659 21. 79.
660 20. 80.
661 20. 80.
662 20. 80.
663 19. 81.
664 19. 81.
665 19. 81.
666 18. 82.
667 18. 82.
668 18. 82.
669 18. 82.
670 18. 82.
671 18. 82.
672 18. 82.
673 18. 82.
674 17. 83.
675 17. 83.
676 17. 83.
677 17. 83.
678 17. 83.
679 17. 83.
680 17. 83.
681 18. 82.
682 18. 82.
683 18. 82.
684 18. 82.
685 19. 81.
686 19. 81.
687 19. 81.
688 19. 81.
689 19. 81.
690 20. 80.
691 20. 80.
692 20. 80.
693 20. 80.
694 20. 80.
695 20. 80.
696 20. 80.
697 20. 80.
698 19. 81.
699 19. 81.
700 19. 81.
701 19. 81.
702 20. 80.
703 20. 80.
704 20. 80.
705 20. 80.
706 20. 80.
707 20. 80.
708 20. 80.
709 21. 79.
710 21. 79.
711 20. 80.
712 20. 80.
713 20. 80.
714 20. 80.
715 20. 80.
716 20. 80.
717 20. 80.
718 20. 80.
719 20. 80.
720 20. 80.
721 20. 80.
722 19. 81.
723 20. 80.
724 20. 80.
725 20. 80.
726 20. 80.
727 20. 80.
728 20. 80.
729 20. 80.
730 20. 80.
731 20. 80.
732 20. 80.
733 21. 79.
734 21. 79.
735 21. 79.
736 21. 79.
737 21. 79.
738 21. 79.
739 21. 79.
740 21. 79.
741 21. 79.
742 21. 79.
743 21. 79.
744 21. 79.
745 21. 79.
746 21. 79.
747 21. 79.
748 21. 79.
749 20. 80.
750 20. 80.
751 19. 81.
752 19. 81.
753 19. 81.
754 19. 81.
755 19. 81.
756 19. 81.
757 19. 81.
758 18. 82.
759 18. 82.
760 18. 82.
761 19. 81.
762 19. 81.
763 19. 81.
764 19. 81.
765 19. 81.
766 18. 82.
767 18. 82.
768 18. 82.
769 18. 82.
770 17. 83.
771 17. 83.
772 17. 83.
773 17. 83.
774 17. 83.
775 17. 83.
776 17. 83.
777 18. 82.
778 18. 82.
779 19. 81.
780 19. 81.
781 19. 81.
782 18. 82.
783 19. 81.
784 18. 82.
785 18. 82.
786 18. 82.
787 18. 82.
788 18. 82.
789 18. 82.
790 18. 82.
791 18. 82.
792 18. 82.
793 18. 82.
794 18. 82.
795 18. 82.
796 18. 82.
797 17. 83.
798 17. 83.
799 17. 83.
800 17. 83.
801 17. 83.
802 17. 83.
803 17. 83.
804 17. 83.
805 17. 83.
806 17. 83.
807 18. 82.
808 18. 82.
809 18. 82.
810 18. 82.
811 18. 82.
812 18. 82.
813 18. 82.
814 18. 82.
815 18. 82.
816 18. 82.
817 18. 82.
818 18. 82.
819 18. 82.
820 18. 82.
821 18. 82.
822 18. 82.
823 18. 82.
824 18. 82.
825 18. 82.
826 18. 82.
827 18. 82.
828 18. 82.
829 18. 82.
830 18. 82.
831 18. 82.
832 18. 82.
833 18. 82.
834 18. 82.
835 18. 82.
836 18. 82.
837 18. 82.
838 18. 82.
839 18. 82.
840 18. 82.
841 18. 82.
842 18. 82.
843 19. 81.
844 19. 81.
845 19. 81.
846 19. 81.
847 20. 80.
848 20. 80.
849 20. 80.
850 20. 80.
851 20. 80.
852 20. 80.
853 20. 80.
854 20. 80.
855 20. 80.
856 20. 80.
857 20. 80.
858 20. 80.
859 20. 80.
860 20. 80.
861 20. 80.
862 20. 80.
863 20. 80.
864 20. 80.
865 20. 80.
866 20. 80.
867 21. 79.
868 22. 78.
869 22. 78.
870 22. 78.
871 23. 77.
872 23. 77.
873 23. 77.
874 23. 77.
875 23. 77.
876 23. 77.
877 24. 76.
878 24. 76.
879 24. 76.
880 24. 76.
881 24. 76.
882 24. 76.
883 24. 76.
884 24. 76.
885 24. 76.
886 23. 77.
887 23. 77.
888 23. 77.
889 23. 77.
890 23. 77.
891 22. 78.
892 22. 78.
893 21. 79.
894 22. 78.
895 22. 78.
896 22. 78.
897 22. 78.
898 22. 78.
899 22. 78.
900 23. 77.
901 23. 77.
902 23. 77.
903 23. 77.
904 23. 77.
905 23. 77.
906 23. 77.
907 24. 76.
908 24. 76.
909 24. 76.
910 25. 75.
911 24. 76.
912 24. 76.
913 23. 77.
914 23. 77.
915 23. 77.
916 23. 77.
917 23. 77.
918 23. 77.
919 23. 77.
920 22. 78.
921 22. 78.
922 22. 78.
923 22. 78.
924 23. 77.
925 23. 77.
926 23. 77.
927 23. 77.
928 23. 77.
929 23. 77.
930 23. 77.
931 23. 77.
932 23. 77.
933 23. 77.
934 23. 77.
935 23. 77.
936 23. 77.
937 23. 77.
938 23. 77.
939 23. 77.
940 23. 77.
941 23. 77.
942 23. 77.
943 23. 77.
944 23. 77.
945 23. 77.
946 23. 77.
947 23. 77.
948 23. 77.
949 23. 77.
950 23. 77.
951 23. 77.
952 23. 77.
953 23. 77.
954 23. 77.
955 23. 77.
956 23. 77.
957 23. 77.
958 23. 77.
959 23. 77.
960 23. 77.
961 23. 77.
962 23. 77.
963 23. 77.
964 23. 77.
965 24. 76.
966 24. 76.
967 24. 76.
968 23. 77.
969 23. 77.
970 23. 77.
971 24. 76.
972 24. 76.
973 24. 76.
974 24. 76.
975 24. 76.
976 24. 76.
977 24. 76.
978 24. 76.
979 24. 76.
980 24. 76.
981 24. 76.
982 24. 76.
983 24. 76.
984 24. 76.
985 24. 76.
986 25. 75.
987 25. 75.
988 25. 75.
989 26. 74.
990 26. 74.
991 26. 74.
992 26. 74.
993 26. 74.
994 26. 74.
995 26. 74.
996 26. 74.
997 26. 74.
998 26. 74.
999 26. 74.
1000 26. 74.
1001 26. 74.
1002 26. 74.
1003 26. 74.
1004 26. 74.
1005 25. 75.
1006 25. 75.
1007 24. 76.
1008 24. 76.
1009 24. 76.
1010 24. 76.
1011 24. 76.
1012 25. 75.
1013 24. 76.
1014 24. 76.
1015 25. 75.
1016 25. 75.
1017 25. 75.
1018 25. 75.
1019 25. 75.
1020 25. 75.
1021 25. 75.
1022 25. 75.
1023 25. 75.
1024 25. 75.
1025 25. 75.
1026 25. 75.
1027 25. 75.
1028 25. 75.
1029 25. 75.
1030 25. 75.
1031 25. 75.
1032 25. 75.
1033 26. 74.
1034 26. 74.
1035 26. 74.
1036 26. 74.
1037 26. 74.
1038 26. 74.
1039 26. 74.
1040 26. 74.
1041 26. 74.
1042 26. 74.
1043 27. 73.
1044 27. 73.
1045 27. 73.
1046 27. 73.
1047 27. 73.
1048 27. 73.
1049 27. 73.
1050 27. 73.
1051 26. 74.
1052 26. 74.
1053 26. 74.
1054 25. 75.
1055 25. 75.
1056 25. 75.
1057 25. 75.
1058 25. 75.
1059 25. 75.
1060 25. 75.
1061 26. 74.
1062 26. 74.
1063 26. 74.
1064 25. 75.
1065 25. 75.
1066 25. 75.
1067 25. 75.
1068 26. 74.
1069 26. 74.
1070 26. 74.
1071 26. 74.
1072 26. 74.
1073 25. 75.
1074 25. 75.
1075 25. 75.
1076 25. 75.
1077 25. 75.
1078 25. 75.
1079 25. 75.
1080 25. 75.
1081 25. 75.
1082 25. 75.
1083 24. 76.
1084 24. 76.
1085 24. 76.
1086 24. 76.
1087 24. 76.
1088 24. 76.
1089 24. 76.
1090 24. 76.
1091 24. 76.
1092 24. 76.
1093 24. 76.
1094 24. 76.
1095 24. 76.
1096 24. 76.
1097 24. 76.
1098 24. 76.
1099 25. 75.
1100 25. 75.
1101 25. 75.
1102 25. 75.
1103 25. 75.
1104 25. 75.
1105 26. 74.
1106 26. 74.
1107 26. 74.
1108 25. 75.
1109 25. 75.
1110 25. 75.
1111 25. 75.
1112 25. 75.
1113 25. 75.
1114 25. 75.
1115 25. 75.
1116 25. 75.
1117 25. 75.
1118 24. 76.
1119 25. 75.
1120 25. 75.
1121 25. 75.
1122 25. 75.
1123 25. 75.
1124 25. 75.
1125 25. 75.
1126 24. 76.
1127 24. 76.
1128 25. 75.
1129 25. 75.
1130 24. 76.
1131 24. 76.
1132 23. 77.
1133 23. 77.
1134 23. 77.
1135 23. 77.
1136 22. 78.
1137 22. 78.
1138 22. 78.
1139 22. 78.
1140 23. 77.
1141 23. 77.
1142 23. 77.
1143 23. 77.
1144 24. 76.
1145 24. 76.
1146 24. 76.
1147 24. 76.
1148 24. 76.
1149 24. 76.
1150 25. 75.
1151 25. 75.
1152 25. 75.
1153 25. 75.
1154 26. 74.
1155 26. 74.
1156 26. 74.
1157 26. 74.
1158 26. 74.
1159 26. 74.
1160 26. 74.
1161 27. 73.
1162 27. 73.
1163 27. 73.
1164 26. 74.
1165 25. 75.
1166 25. 75.
1167 24. 76.
1168 24. 76.
1169 24. 76.
1170 24. 76.
1171 23. 77.
1172 23. 77.
1173 23. 77.
1174 23. 77.
1175 23. 77.
1176 23. 77.
1177 23. 77.
1178 23. 77.
1179 23. 77.
1180 23. 77.
1181 23. 77.
1182 22. 78.
1183 22. 78.
1184 22. 78.
1185 22. 78.
1186 22. 78.
1187 22. 78.
1188 22. 78.
1189 22. 78.
1190 22. 78.
1191 22. 78.
1192 22. 78.
1193 22. 78.
1194 22. 78.
1195 22. 78.
1196 22. 78.
1197 21. 79.
1198 21. 79.
1199 21. 79.
1200 21. 79.
1201 21. 79.
1202 21. 79.
1203 21. 79.
1204 21. 79.
1205 21. 79.
1206 21. 79.
1207 21. 79.
1208 21. 79.
1209 21. 79.
1210 21. 79.
1211 20. 80.
1212 20. 80.
1213 20. 80.
1214 20. 80.
1215 21. 79.
1216 21. 79.
1217 20. 80.
1218 20. 80.
1219 20. 80.
1220 20. 80.
1221 20. 80.
1222 21. 79.
1223 21. 79.
1224 21. 79.
1225 20. 80.
1226 20. 80.
1227 20. 80.
1228 20. 80.
1229 20. 80.
1230 20. 80.
1231 20. 80.
1232 20. 80.
1233 20. 80.
1234 20. 80.
1235 19. 81.
1236 18. 82.
1237 18. 82.
1238 18. 82.
1239 18. 82.
1240 18. 82.
1241 18. 82.
1242 18. 82.
1243 17. 83.
1244 17. 83.
1245 17. 83.
1246 17. 83.
1247 17. 83.
1248 17. 83.
1249 17. 83.
1250 17. 83.
1251 17. 83.
1252 17. 83.
1253 18. 82.
1254 18. 82.
1255 19. 81.
1256 19. 81.
1257 19. 81.
1258 19. 81.
1259 19. 81.
1260 19. 81.
1261 19. 81.
1262 19. 81.
1263 19. 81.
1264 19. 81.
1265 19. 81.
1266 19. 81.
1267 19. 81.
1268 19. 81.
1269 18. 82.
1270 18. 82.
1271 18. 82.
1272 18. 82.
1273 17. 83.
1274 17. 83.
1275 16. 84.
1276 16. 84.
1277 16. 84.
1278 15. 85.
1279 15. 85.
1280 15. 85.
1281 15. 85.
1282 14. 86.
1283 14. 86.
1284 14. 86.
1285 14. 86.
1286 14. 86.
1287 13. 87.
1288 14. 86.
1289 14. 86.
1290 14. 86.
1291 14. 86.
1292 15. 85.
1293 14. 86.
1294 14. 86.
1295 14. 86.
1296 14. 86.
1297 14. 86.
1298 14. 86.
1299 14. 86.
1300 14. 86.
1301 14. 86.
1302 15. 85.
1303 15. 85.
1304 14. 86.
1305 14. 86.
1306 14. 86.
1307 14. 86.
1308 14. 86.
1309 14. 86.
1310 14. 86.
1311 14. 86.
1312 14. 86.
1313 15. 85.
1314 15. 85.
1315 15. 85.
1316 15. 85.
1317 16. 84.
1318 16. 84.
1319 16. 84.
1320 16. 84.
1321 16. 84.
1322 16. 84.
1323 16. 84.
1324 16. 84.
1325 16. 84.
1326 16. 84.
1327 16. 84.
1328 16. 84.
1329 16. 84.
1330 16. 84.
1331 16. 84.
1332 17. 83.
1333 17. 83.
1334 17. 83.
1335 17. 83.
1336 17. 83.
1337 18. 82.
1338 18. 82.
1339 18. 82.
1340 18. 82.
1341 18. 82.
1342 18. 82.
1343 18. 82.
1344 18. 82.
1345 18. 82.
1346 18. 82.
1347 18. 82.
1348 18. 82.
1349 18. 82.
1350 18. 82.
1351 18. 82.
1352 18. 82.
1353 18. 82.
1354 18. 82.
1355 18. 82.
1356 18. 82.
1357 18. 82.
1358 18. 82.
1359 18. 82.
1360 19. 81.
1361 19. 81.
1362 19. 81.
1363 19. 81.
1364 19. 81.
1365 18. 82.
1366 18. 82.
1367 18. 82.
1368 18. 82.
1369 18. 82.
1370 18. 82.
1371 18. 82.
1372 18. 82.
1373 18. 82.
1374 18. 82.
1375 18. 82.
1376 18. 82.
1377 18. 82.
1378 17. 83.
1379 17. 83.
1380 17. 83.
1381 18. 82.
1382 18. 82.
1383 18. 82.
1384 18. 82.
1385 17. 83.
1386 17. 83.
1387 17. 83.
1388 17. 83.
1389 17. 83.
1390 17. 83.
1391 17. 83.
1392 17. 83.
1393 17. 83.
1394 17. 83.
1395 17. 83.
1396 17. 83.
1397 17. 83.
1398 17. 83.
1399 17. 83.
1400 17. 83.
1401 17. 83.
1402 16. 84.
1403 16. 84.
1404 16. 84.
1405 16. 84.
1406 16. 84.
1407 16. 84.
1408 16. 84.
1409 16. 84.
1410 16. 84.
1411 16. 84.
1412 16. 84.
1413 16. 84.
1414 16. 84.
1415 16. 84.
1416 16. 84.
1417 16. 84.
1418 17. 83.
1419 17. 83.
1420 17. 83.
1421 16. 84.
1422 16. 84.
1423 16. 84.
1424 16. 84.
1425 16. 84.
1426 16. 84.
1427 16. 84.
1428 16. 84.
1429 16. 84.
1430 16. 84.
1431 16. 84.
1432 16. 84.
1433 16. 84.
1434 17. 83.
1435 16. 84.
1436 16. 84.
1437 16. 84.
1438 16. 84.
1439 16. 84.
1440 16. 84.
1441 16. 84.
1442 16. 84.
1443 16. 84.
1444 16. 84.
1445 17. 83.
1446 17. 83.
1447 17. 83.
1448 17. 83.
1449 17. 83.
1450 17. 83.
1451 17. 83.
1452 17. 83.
1453 18. 82.
1454 18. 82.
1455 18. 82.
1456 18. 82.
1457 18. 82.
1458 18. 82.
1459 18. 82.
1460 18. 82.
1461 18. 82.
1462 18. 82.
1463 18. 82.
1464 18. 82.
1465 17. 83.
1466 17. 83.
1467 17. 83.
1468 18. 82.
1469 18. 82.
1470 18. 82.
1471 18. 82.
1472 18. 82.
1473 18. 82.
1474 18. 82.
1475 17. 83.
1476 16. 84.
1477 16. 84.
1478 16. 84.
1479 16. 84.
1480 15. 85.
1481 15. 85.
1482 15. 85.
1483 15. 85.
1484 15. 85.
1485 14. 86.
1486 14. 86.
1487 14. 86.
1488 14. 86.
1489 14. 86.
1490 14. 86.
1491 14. 86.
1492 14. 86.
1493 15. 85.
1494 15. 85.
1495 15. 85.
1496 15. 85.
1497 15. 85.
1498 14. 86.
1499 14. 86.
1500 14. 86.
1501 14. 86.
1502 14. 86.
1503 14. 86.
1504 14. 86.
1505 14. 86.
1506 14. 86.
1507 14. 86.
1508 15. 85.
1509 15. 85.
1510 15. 85.
1511 15. 85.
1512 15. 85.
1513 15. 85.
1514 15. 85.
1515 15. 85.
1516 15. 85.
1517 16. 84.
1518 16. 84.
1519 16. 84.
1520 16. 84.
1521 16. 84.
1522 16. 84.
1523 16. 84.
1524 16. 84.
1525 16. 84.
1526 16. 84.
1527 16. 84.
1528 17. 83.
1529 16. 84.
1530 16. 84.
1531 16. 84.
1532 15. 85.
1533 14. 86.
1534 14. 86.
1535 15. 85.
1536 15. 85.
1537 15. 85.
1538 15. 85.
1539 15. 85.
1540 15. 85.
1541 15. 85.
1542 15. 85.
1543 14. 86.
1544 14. 86.
1545 13. 87.
1546 13. 87.
1547 13. 87.
1548 13. 87.
1549 13. 87.
1550 13. 87.
1551 13. 87.
1552 14. 86.
1553 14. 86.
1554 13. 87.
1555 13. 87.
1556 13. 87.
1557 13. 87.
1558 13. 87.
1559 13. 87.
1560 13. 87.
1561 13. 87.
1562 13. 87.
1563 13. 87.
1564 13. 87.
1565 13. 87.
1566 13. 87.
1567 13. 87.
1568 13. 87.
1569 13. 87.
1570 13. 87.
1571 12. 88.
1572 13. 87.
1573 12. 88.
1574 12. 88.
1575 12. 88.
1576 12. 88.
1577 12. 88.
1578 12. 88.
1579 12. 88.
1580 12. 88.
1581 12. 88.
1582 12. 88.
1583 12. 88.
1584 13. 87.
1585 13. 87.
1586 13. 87.
1587 13. 87.
1588 13. 87.
1589 13. 87.
1590 14. 86.
1591 14. 86.
1592 15. 85.
1593 15. 85.
1594 15. 85.
1595 15. 85.
1596 15. 85.
1597 16. 84.
1598 16. 84.
1599 16. 84.
1600 16. 84.
1601 16. 84.
1602 16. 84.
1603 15. 85.
1604 15. 85.
1605 15. 85.
1606 16. 84.
1607 16. 84.
1608 16. 84.
1609 16. 84.
1610 16. 84.
1611 16. 84.
1612 16. 84.
1613 16. 84.
1614 16. 84.
1615 15. 85.
1616 15. 85.
1617 16. 84.
1618 16. 84.
1619 16. 84.
1620 16. 84.
1621 16. 84.
1622 17. 83.
1623 17. 83.
1624 17. 83.
1625 17. 83.
1626 18. 82.
1627 18. 82.
1628 18. 82.
1629 18. 82.
1630 18. 82.
1631 18. 82.
1632 18. 82.
1633 18. 82.
1634 18. 82.
1635 18. 82.
1636 18. 82.
1637 18. 82.
1638 18. 82.
1639 18. 82.
1640 18. 82.
1641 18. 82.
1642 18. 82.
1643 18. 82.
1644 18. 82.
1645 18. 82.
1646 18. 82.
1647 18. 82.
1648 18. 82.
1649 18. 82.
1650 18. 82.
1651 18. 82.
1652 18. 82.
1653 18. 82.
1654 18. 82.
1655 18. 82.
1656 18. 82.
1657 18. 82.
1658 18. 82.
1659 17. 83.
1660 17. 83.
1661 17. 83.
1662 17. 83.
1663 17. 83.
1664 17. 83.
1665 17. 83.
1666 18. 82.
1667 18. 82.
1668 18. 82.
1669 18. 82.
1670 18. 82.
1671 18. 82.
1672 18. 82.
1673 18. 82.
1674 18. 82.
1675 18. 82.
1676 18. 82.
1677 18. 82.
1678 18. 82.
1679 18. 82.
1680 18. 82.
1681 18. 82.
1682 18. 82.
1683 18. 82.
1684 18. 82.
1685 18. 82.
1686 19. 81.
1687 19. 81.
1688 19. 81.
1689 19. 81.
1690 19. 81.
1691 19. 81.
1692 19. 81.
1693 19. 81.
1694 19. 81.
1695 19. 81.
1696 18. 82.
1697 18. 82.
1698 18. 82.
1699 18. 82.
1700 18. 82.
1701 19. 81.
1702 19. 81.
1703 19. 81.
1704 19. 81.
1705 19. 81.
1706 19. 81.
1707 18. 82.
1708 18. 82.
1709 18. 82.
1710 18. 82.
1711 18. 82.
1712 19. 81.
1713 19. 81.
1714 19. 81.
1715 19. 81.
1716 19. 81.
1717 19. 81.
1718 19. 81.
1719 19. 81.
1720 19. 81.
1721 19. 81.
1722 19. 81.
1723 19. 81.
1724 19. 81.
1725 19. 81.
1726 19. 81.
1727 19. 81.
1728 19. 81.
1729 19. 81.
1730 19. 81.
1731 19. 81.
1732 19. 81.
1733 19. 81.
1734 19. 81.
1735 18. 82.
1736 18. 82.
1737 18. 82.
1738 19. 81.
1739 19. 81.
1740 19. 81.
1741 19. 81.
1742 19. 81.
1743 19. 81.
1744 19. 81.
1745 19. 81.
1746 19. 81.
1747 19. 81.
1748 19. 81.
1749 18. 82.
1750 18. 82.
1751 19. 81.
1752 19. 81.
1753 18. 82.
1754 18. 82.
1755 18. 82.
1756 18. 82.
1757 18. 82.
1758 18. 82.
1759 17. 83.
1760 17. 83.
1761 18. 82.
1762 18. 82.
1763 18. 82.
1764 18. 82.
1765 18. 82.
1766 18. 82.
1767 18. 82.
1768 18. 82.
1769 18. 82.
1770 19. 81.
1771 19. 81.
1772 19. 81.
1773 19. 81.
1774 18. 82.
1775 18. 82.
1776 18. 82.
1777 18. 82.
1778 18. 82.
1779 19. 81.
1780 18. 82.
1781 18. 82.
1782 18. 82.
1783 18. 82.
1784 18. 82.
1785 18. 82.
1786 18. 82.
1787 18. 82.
1788 17. 83.
1789 17. 83.
1790 17. 83.
1791 17. 83.
1792 17. 83.
1793 17. 83.
1794 17. 83.
1795 17. 83.
1796 17. 83.
1797 17. 83.
1798 17. 83.
1799 17. 83.
1800 17. 83.
1801 16. 84.
1802 16. 84.
1803 16. 84.
1804 15. 85.
1805 15. 85.
1806 15. 85.
1807 14. 86.
1808 14. 86.
1809 14. 86.
1810 14. 86.
1811 14. 86.
1812 14. 86.
1813 14. 86.
1814 14. 86.
1815 14. 86.
1816 14. 86.
1817 14. 86.
1818 14. 86.
1819 14. 86.
1820 14. 86.
1821 14. 86.
1822 14. 86.
1823 14. 86.
1824 14. 86.
1825 14. 86.
1826 14. 86.
1827 14. 86.
1828 14. 86.
1829 14. 86.
1830 14. 86.
1831 14. 86.
1832 14. 86.
1833 14. 86.
1834 14. 86.
1835 14. 86.
1836 14. 86.
1837 14. 86.
1838 15. 85.
1839 15. 85.
1840 15. 85.
1841 15. 85.
1842 15. 85.
1843 15. 85.
1844 15. 85.
1845 15. 85.
1846 15. 85.
1847 15. 85.
1848 15. 85.
1849 15. 85.
1850 15. 85.
1851 15. 85.
1852 15. 85.
1853 15. 85.
1854 15. 85.
1855 15. 85.
1856 15. 85.
1857 15. 85.
1858 15. 85.
1859 15. 85.
1860 15. 85.
1861 15. 85.
1862 15. 85.
1863 15. 85.
1864 15. 85.
1865 15. 85.
1866 15. 85.
1867 15. 85.
1868 15. 85.
1869 15. 85.
1870 15. 85.
1871 15. 85.
1872 15. 85.
1873 15. 85.
1874 14. 86.
1875 15. 85.
1876 15. 85.
1877 15. 85.
1878 15. 85.
1879 15. 85.
1880 14. 86.
1881 14. 86.
1882 14. 86.
1883 14. 86.
1884 14. 86.
1885 14. 86.
1886 14. 86.
1887 14. 86.
1888 14. 86.
1889 14. 86.
1890 14. 86.
1891 14. 86.
1892 15. 85.
1893 15. 85.
1894 15. 85.
1895 15. 85.
1896 15. 85.
1897 15. 85.
1898 15. 85.
1899 15. 85.
1900 15. 85.
1901 15. 85.
1902 15. 85.
1903 15. 85.
1904 15. 85.
1905 15. 85.
1906 16. 84.
1907 16. 84.
1908 16. 84.
1909 16. 84.
1910 16. 84.
1911 16. 84.
1912 16. 84.
1913 16. 84.
1914 15. 85.
1915 15. 85.
1916 15. 85.
1917 15. 85.
1918 15. 85.
1919 15. 85.
1920 15. 85.
1921 15. 85.
1922 15. 85.
1923 15. 85.
1924 15. 85.
1925 15. 85.
1926 15. 85.
1927 15. 85.
1928 15. 85.
1929 15. 85.
1930 14. 86.
1931 14. 86.
1932 14. 86.
1933 14. 86.
1934 15. 85.
1935 14. 86.
1936 14. 86.
1937 14. 86.
1938 14. 86.
1939 14. 86.
1940 15. 85.
1941 15. 85.
1942 15. 85.
1943 15. 85.
1944 15. 85.
1945 15. 85.
1946 15. 85.
1947 15. 85.
1948 16. 84.
1949 16. 84.
1950 16. 84.
1951 16. 84.
1952 16. 84.
1953 16. 84.
1954 17. 83.
1955 17. 83.
1956 17. 83.
1957 17. 83.
1958 17. 83.
1959 17. 83.
1960 16. 84.
1961 16. 84.
1962 16. 84.
1963 16. 84.
1964 16. 84.
1965 16. 84.
1966 16. 84.
1967 16. 84.
1968 16. 84.
1969 16. 84.
1970 15. 85.
1971 15. 85.
1972 15. 85.
1973 15. 85.
1974 15. 85.
1975 15. 85.
1976 15. 85.
1977 15. 85.
1978 15. 85.
1979 15. 85.
1980 15. 85.
1981 15. 85.
1982 15. 85.
1983 15. 85.
1984 15. 85.
1985 15. 85.
1986 15. 85.
1987 15. 85.
1988 15. 85.
1989 15. 85.
1990 15. 85.
1991 15. 85.
1992 15. 85.
1993 14. 86.
1994 14. 86.
1995 14. 86.
1996 14. 86.
1997 14. 86.
1998 13. 87.
1999 13. 87.
2000 13. 87.
2001 13. 87.
2002 13. 87.
2003 14. 86.
2004 14. 86.
2005 14. 86.
2006 14. 86.
2007 14. 86.
2008 14. 86.
2009 14. 86.
2010 14. 86.
2011 14. 86.
2012 14. 86.
2013 14. 86.
2014 14. 86.
2015 15. 85.
2016 15. 85.
2017 15. 85.
2018 15. 85.
2019 16. 84.
2020 16. 84.
2021 16. 84.
2022 17. 83.
2023 17. 83.
2024 17. 83.
2025 17. 83.
2026 17. 83.
2027 16. 84.
2028 16. 84.
2029 16. 84.
2030 16. 84.
2031 17. 83.
2032 17. 83.
2033 17. 83.
2034 17. 83.
2035 16. 84.
2036 16. 84.
2037 16. 84.
2038 16. 84.
2039 16. 84.
2040 16. 84.
2041 16. 84.
2042 16. 84.
2043 16. 84.
2044 16. 84.
2045 16. 84.
2046 16. 84.
2047 16. 84.
2048 16. 84.
2049 16. 84.
2050 16. 84.
2051 16. 84.
2052 16. 84.
2053 16. 84.
2054 16. 84.
2055 16. 84.
2056 16. 84.
2057 16. 84.
2058 16. 84.
2059 16. 84.
2060 16. 84.
2061 16. 84.
2062 16. 84.
2063 16. 84.
2064 16. 84.
2065 15. 85.
2066 15. 85.
2067 15. 85.
2068 15. 85.
2069 15. 85.
2070 15. 85.
2071 14. 86.
2072 14. 86.
2073 14. 86.
2074 14. 86.
2075 14. 86.
2076 14. 86.
2077 14. 86.
2078 13. 87.
2079 13. 87.
2080 13. 87.
2081 13. 87.
2082 14. 86.
2083 14. 86.
2084 15. 85.
2085 16. 84.
2086 16. 84.
2087 16. 84.
2088 16. 84.
2089 16. 84.
2090 16. 84.
2091 16. 84.
2092 16. 84.
2093 16. 84.
2094 16. 84.
2095 16. 84.
2096 16. 84.
2097 16. 84.
2098 16. 84.
2099 16. 84.
2100 16. 84.
2101 16. 84.
2102 16. 84.
2103 16. 84.
2104 16. 84.
2105 16. 84.
2106 16. 84.
2107 17. 83.
2108 18. 82.
2109 18. 82.
2110 18. 82.
2111 18. 82.
2112 18. 82.
2113 18. 82.
2114 17. 83.
2115 18. 82.
2116 18. 82.
2117 18. 82.
2118 18. 82.
2119 18. 82.
2120 17. 83.
2121 17. 83.
2122 17. 83.
2123 17. 83.
2124 17. 83.
2125 17. 83.
2126 17. 83.
2127 17. 83.
2128 17. 83.
2129 17. 83.
2130 17. 83.
2131 17. 83.
2132 17. 83.
2133 17. 83.
2134 17. 83.
2135 17. 83.
2136 17. 83.
2137 17. 83.
2138 17. 83.
2139 17. 83.
2140 17. 83.
2141 17. 83.
2142 17. 83.
2143 18. 82.
2144 18. 82.
2145 17. 83.
2146 17. 83.
2147 17. 83.
2148 17. 83.
2149 17. 83.
2150 17. 83.
2151 17. 83.
2152 17. 83.
2153 17. 83.
2154 17. 83.
2155 17. 83.
2156 16. 84.
2157 16. 84.
2158 16. 84.
2159 16. 84.
2160 16. 84.
2161 16. 84.
2162 16. 84.
2163 16. 84.
2164 16. 84.
2165 16. 84.
2166 16. 84.
2167 16. 84.
2168 16. 84.
2169 16. 84.
2170 16. 84.
2171 16. 84.
2172 16. 84.
2173 16. 84.
2174 16. 84.
2175 16. 84.
2176 16. 84.
2177 16. 84.
2178 16. 84.
2179 16. 84.
2180 16. 84.
2181 16. 84.
2182 16. 84.
2183 15. 85.
2184 16. 84.
2185 16. 84.
2186 16. 84.
2187 16. 84.
2188 16. 84.
2189 16. 84.
2190 16. 84.
2191 16. 84.
2192 16. 84.
2193 16. 84.
2194 15. 85.
2195 15. 85.
2196 15. 85.
2197 15. 85.
2198 15. 85.
2199 15. 85.
2200 15. 85.
2201 15. 85.
2202 15. 85.
2203 15. 85.
2204 15. 85.
2205 15. 85.
2206 15. 85.
2207 15. 85.
2208 15. 85.
2209 16. 84.
2210 16. 84.
2211 16. 84.
2212 16. 84.
2213 16. 84.
2214 16. 84.
2215 16. 84.
2216 16. 84.
2217 15. 85.
2218 16. 84.
2219 16. 84.
2220 16. 84.
2221 16. 84.
2222 16. 84.
2223 16. 84.
2224 16. 84.
2225 17. 83.
2226 17. 83.
2227 17. 83.
2228 17. 83.
2229 17. 83.
2230 16. 84.
2231 16. 84.
2232 16. 84.
2233 16. 84.
2234 16. 84.
2235 16. 84.
2236 15. 85.
2237 15. 85.
2238 15. 85.
2239 15. 85.
2240 15. 85.
2241 15. 85.
2242 15. 85.
2243 15. 85.
2244 15. 85.
2245 15. 85.
2246 15. 85.
2247 15. 85.
2248 15. 85.
2249 15. 85.
2250 15. 85.
2251 15. 85.
2252 15. 85.
2253 15. 85.
2254 15. 85.
2255 15. 85.
2256 15. 85.
2257 15. 85.
2258 15. 85.
2259 15. 85.
2260 15. 85.
2261 15. 85.
2262 15. 85.
2263 15. 85.
2264 16. 84.
2265 16. 84.
2266 16. 84.
2267 16. 84.
2268 17. 83.
2269 17. 83.
2270 17. 83.
2271 17. 83.
2272 17. 83.
2273 17. 83.
2274 17. 83.
2275 17. 83.
2276 17. 83.
2277 17. 83.
2278 17. 83.
2279 17. 83.
2280 17. 83.
2281 17. 83.
2282 17. 83.
2283 16. 84.
2284 16. 84.
2285 15. 85.
2286 15. 85.
2287 15. 85.
2288 15. 85.
2289 15. 85.
2290 14. 86.
2291 14. 86.
2292 15. 85.
2293 15. 85.
2294 15. 85.
2295 15. 85.
2296 15. 85.
2297 16. 84.
2298 16. 84.
2299 16. 84.
2300 16. 84.
2301 16. 84.
2302 16. 84.
2303 17. 83.
2304 17. 83.
2305 17. 83.
2306 17. 83.
2307 17. 83.
2308 17. 83.
2309 17. 83.
2310 17. 83.
2311 17. 83.
2312 17. 83.
2313 17. 83.
2314 17. 83.
2315 17. 83.
2316 17. 83.
2317 18. 82.
2318 18. 82.
2319 18. 82.
2320 17. 83.
2321 17. 83.
2322 17. 83.
2323 17. 83.
2324 17. 83.
2325 18. 82.
2326 18. 82.
2327 19. 81.
2328 19. 81.
2329 19. 81.
2330 19. 81.
2331 19. 81.
2332 19. 81.
2333 19. 81.
2334 19. 81.
2335 19. 81.
2336 19. 81.
2337 19. 81.
2338 19. 81.
2339 19. 81.
2340 19. 81.
2341 19. 81.
2342 19. 81.
2343 19. 81.
2344 19. 81.
2345 19. 81.
2346 19. 81.
2347 19. 81.
2348 20. 80.
2349 20. 80.
2350 20. 80.
2351 20. 80.
2352 20. 80.
2353 20. 80.
2354 20. 80.
2355 20. 80.
2356 20. 80.
2357 20. 80.
2358 20. 80.
2359 21. 79.
2360 20. 80.
2361 21. 79.
2362 21. 79.
2363 21. 79.
2364 21. 79.
2365 21. 79.
2366 21. 79.
2367 21. 79.
2368 21. 79.
2369 21. 79.
2370 21. 79.
2371 21. 79.
2372 21. 79.
2373 21. 79.
2374 21. 79.
2375 20. 80.
2376 20. 80.
2377 20. 80.
2378 20. 80.
2379 20. 80.
2380 19. 81.
2381 19. 81.
2382 19. 81.
2383 19. 81.
2384 19. 81.
2385 20. 80.
2386 20. 80.
2387 20. 80.
2388 20. 80.
2389 20. 80.
2390 20. 80.
2391 20. 80.
2392 20. 80.
2393 20. 80.
2394 20. 80.
2395 19. 81.
2396 19. 81.
2397 19. 81.
2398 19. 81.
2399 19. 81.
2400 19. 81.
2401 19. 81.
2402 19. 81.
2403 19. 81.
2404 19. 81.
2405 19. 81.
2406 20. 80.
2407 20. 80.
2408 20. 80.
2409 19. 81.
2410 19. 81.
2411 19. 81.
2412 19. 81.
2413 19. 81.
2414 19. 81.
2415 19. 81.
2416 19. 81.
2417 19. 81.
2418 19. 81.
2419 19. 81.
2420 19. 81.
2421 19. 81.
2422 20. 80.
2423 21. 79.
2424 21. 79.
2425 22. 78.
2426 22. 78.
2427 22. 78.
2428 22. 78.
2429 21. 79.
2430 21. 79.
2431 21. 79.
2432 21. 79.
2433 21. 79.
2434 20. 80.
2435 20. 80.
2436 20. 80.
2437 20. 80.
2438 19. 81.
2439 19. 81.
2440 19. 81.
2441 19. 81.
2442 19. 81.
2443 19. 81.
2444 19. 81.
2445 19. 81.
2446 19. 81.
2447 20. 80.
2448 19. 81.
2449 19. 81.
2450 19. 81.
2451 18. 82.
2452 18. 82.
2453 18. 82.
2454 17. 83.
2455 17. 83.
2456 17. 83.
2457 17. 83.
2458 18. 82.
2459 18. 82.
2460 18. 82.
2461 18. 82.
2462 18. 82.
2463 18. 82.
2464 19. 81.
2465 19. 81.
2466 19. 81.
2467 18. 82.
2468 18. 82.
2469 18. 82.
2470 17. 83.
2471 17. 83.
2472 17. 83.
2473 17. 83.
2474 17. 83.
2475 17. 83.
2476 17. 83.
2477 17. 83.
2478 17. 83.
2479 17. 83.
2480 16. 84.
2481 16. 84.
2482 16. 84.
2483 16. 84.
2484 16. 84.
2485 15. 85.
2486 15. 85.
2487 15. 85.
2488 15. 85.
2489 15. 85.
2490 15. 85.
2491 15. 85.
2492 15. 85.
2493 15. 85.
2494 15. 85.
2495 15. 85.
2496 15. 85.
2497 15. 85.
2498 15. 85.
2499 14. 86.
2500 14. 86.
2501 14. 86.
2502 13. 87.
2503 14. 86.
2504 14. 86.
2505 14. 86.
2506 14. 86.
2507 14. 86.
2508 14. 86.
2509 14. 86.
2510 14. 86.
2511 14. 86.
2512 14. 86.
2513 14. 86.
2514 14. 86.
2515 14. 86.
2516 14. 86.
2517 14. 86.
2518 14. 86.
2519 14. 86.
2520 14. 86.
2521 14. 86.
2522 14. 86.
2523 13. 87.
2524 13. 87.
2525 13. 87.
2526 13. 87.
2527 13. 87.
2528 13. 87.
2529 13. 87.
2530 13. 87.
2531 13. 87.
2532 13. 87.
2533 14. 86.
2534 14. 86.
2535 14. 86.
2536 14. 86.
2537 14. 86.
2538 14. 86.
2539 14. 86.
2540 14. 86.
2541 14. 86.
2542 15. 85.
2543 15. 85.
2544 16. 84.
2545 16. 84.
2546 16. 84.
2547 16. 84.
2548 16. 84.
2549 16. 84.
2550 16. 84.
2551 16. 84.
2552 16. 84.
2553 16. 84.
2554 16. 84.
2555 16. 84.
2556 16. 84.
2557 16. 84.
2558 16. 84.
2559 16. 84.
2560 16. 84.
2561 16. 84.
2562 16. 84.
2563 16. 84.
2564 16. 84.
2565 16. 84.
2566 16. 84.
2567 16. 84.
2568 16. 84.
2569 16. 84.
2570 16. 84.
2571 16. 84.
2572 16. 84.
2573 16. 84.
2574 16. 84.
2575 16. 84.
2576 16. 84.
2577 16. 84.
2578 16. 84.
2579 16. 84.
2580 16. 84.
2581 16. 84.
2582 16. 84.
2583 15. 85.
2584 15. 85.
2585 15. 85.
2586 15. 85.
2587 15. 85.
2588 16. 84.
2589 16. 84.
2590 16. 84.
2591 16. 84.
2592 16. 84.
2593 16. 84.
2594 16. 84.
2595 16. 84.
2596 15. 85.
2597 16. 84.
2598 16. 84.
2599 16. 84.
2600 16. 84.
2601 16. 84.
2602 16. 84.
2603 16. 84.
2604 15. 85.
2605 15. 85.
2606 14. 86.
2607 14. 86.
2608 14. 86.
2609 14. 86.
2610 14. 86.
2611 14. 86.
2612 14. 86.
2613 14. 86.
2614 14. 86.
2615 14. 86.
2616 14. 86.
2617 14. 86.
2618 14. 86.
2619 14. 86.
2620 14. 86.
2621 15. 85.
2622 15. 85.
2623 15. 85.
2624 15. 85.
2625 15. 85.
2626 14. 86.
2627 14. 86.
2628 14. 86.
2629 15. 85.
2630 15. 85.
2631 15. 85.
2632 14. 86.
2633 14. 86.
2634 14. 86.
2635 14. 86.
2636 14. 86.
2637 14. 86.
2638 14. 86.
2639 14. 86.
2640 14. 86.
2641 14. 86.
2642 14. 86.
2643 15. 85.
2644 14. 86.
2645 14. 86.
2646 14. 86.
2647 14. 86.
2648 14. 86.
2649 14. 86.
2650 14. 86.
2651 14. 86.
2652 14. 86.
2653 14. 86.
2654 14. 86.
2655 14. 86.
2656 14. 86.
2657 14. 86.
2658 14. 86.
2659 14. 86.
2660 14. 86.
2661 14. 86.
2662 14. 86.
2663 14. 86.
2664 14. 86.
2665 14. 86.
2666 14. 86.
2667 15. 85.
2668 15. 85.
2669 14. 86.
2670 14. 86.
2671 14. 86.
2672 14. 86.
2673 14. 86.
2674 14. 86.
2675 14. 86.
2676 14. 86.
2677 15. 85.
2678 15. 85.
2679 15. 85.
2680 15. 85.
2681 15. 85.
2682 15. 85.
2683 15. 85.
2684 15. 85.
2685 15. 85.
2686 15. 85.
2687 15. 85.
2688 15. 85.
2689 16. 84.
2690 16. 84.
2691 16. 84.
2692 16. 84.
2693 16. 84.
2694 16. 84.
2695 16. 84.
2696 16. 84.
2697 16. 84.
2698 16. 84.
2699 16. 84.
2700 16. 84.
2701 16. 84.
2702 16. 84.
2703 16. 84.
2704 16. 84.
2705 16. 84.
2706 17. 83.
2707 17. 83.
2708 17. 83.
2709 17. 83.
2710 17. 83.
2711 17. 83.
2712 17. 83.
2713 17. 83.
2714 17. 83.
2715 18. 82.
2716 18. 82.
2717 18. 82.
2718 18. 82.
2719 18. 82.
2720 18. 82.
2721 18. 82.
2722 18. 82.
2723 17. 83.
2724 17. 83.
2725 17. 83.
2726 17. 83.
2727 17. 83.
2728 17. 83.
2729 17. 83.
2730 17. 83.
2731 17. 83.
2732 17. 83.
2733 17. 83.
2734 17. 83.
2735 17. 83.
2736 17. 83.
2737 17. 83.
2738 17. 83.
2739 17. 83.
2740 17. 83.
2741 17. 83.
2742 17. 83.
2743 17. 83.
2744 17. 83.
2745 17. 83.
2746 17. 83.
2747 17. 83.
2748 17. 83.
2749 17. 83.
2750 17. 83.
2751 17. 83.
2752 16. 84.
2753 16. 84.
2754 16. 84.
2755 16. 84.
2756 16. 84.
2757 16. 84.
2758 15. 85.
2759 14. 86.
2760 14. 86.
2761 15. 85.
2762 15. 85.
2763 15. 85.
2764 15. 85.
2765 15. 85.
2766 15. 85.
2767 15. 85.
2768 15. 85.
2769 15. 85.
2770 15. 85.
2771 15. 85.
2772 15. 85.
2773 15. 85.
2774 15. 85.
2775 15. 85.
2776 15. 85.
2777 15. 85.
2778 15. 85.
2779 15. 85.
2780 15. 85.
2781 15. 85.
2782 15. 85.
2783 15. 85.
2784 15. 85.
2785 15. 85.
2786 15. 85.
2787 15. 85.
2788 15. 85.
2789 15. 85.
2790 15. 85.
2791 15. 85.
2792 15. 85.
2793 15. 85.
2794 15. 85.
2795 15. 85.
2796 15. 85.
2797 15. 85.
2798 15. 85.
2799 15. 85.
2800 15. 85.
2801 15. 85.
2802 16. 84.
2803 16. 84.
2804 16. 84.
2805 16. 84.
2806 16. 84.
2807 16. 84.
2808 16. 84.
2809 16. 84.
2810 16. 84.
2811 16. 84.
2812 16. 84.
2813 16. 84.
2814 15. 85.
2815 15. 85.
2816 15. 85.
2817 16. 84.
2818 16. 84.
2819 16. 84.
2820 16. 84.
2821 16. 84.
2822 16. 84.
2823 16. 84.
2824 16. 84.
2825 16. 84.
2826 16. 84.
2827 16. 84.
2828 16. 84.
2829 16. 84.
2830 16. 84.
2831 16. 84.
2832 16. 84.
2833 16. 84.
2834 16. 84.
2835 16. 84.
2836 16. 84.
2837 16. 84.
2838 16. 84.
2839 16. 84.
2840 16. 84.
2841 16. 84.
2842 16. 84.
2843 16. 84.
2844 16. 84.
2845 16. 84.
2846 16. 84.
2847 16. 84.
2848 16. 84.
2849 16. 84.
2850 16. 84.
2851 16. 84.
2852 16. 84.
2853 16. 84.
2854 16. 84.
2855 16. 84.
2856 16. 84.
2857 16. 84.
2858 15. 85.
2859 15. 85.
2860 15. 85.
2861 16. 84.
2862 16. 84.
2863 16. 84.
2864 16. 84.
2865 16. 84.
2866 16. 84.
2867 15. 85.
2868 15. 85.
2869 15. 85.
2870 15. 85.
2871 15. 85.
2872 15. 85.
2873 15. 85.
2874 15. 85.
2875 15. 85.
2876 15. 85.
2877 15. 85.
2878 15. 85.
2879 15. 85.
2880 15. 85.
2881 15. 85.
2882 15. 85.
2883 15. 85.
2884 14. 86.
2885 14. 86.
2886 14. 86.
2887 14. 86.
2888 14. 86.
2889 14. 86.
2890 14. 86.
2891 14. 86.
2892 14. 86.
2893 14. 86.
2894 14. 86.
2895 13. 87.
2896 13. 87.
2897 12. 88.
2898 12. 88.
2899 13. 87.
2900 14. 86.
2901 14. 86.
2902 14. 86.
2903 14. 86.
2904 14. 86.
2905 14. 86.
2906 14. 86.
2907 14. 86.
2908 14. 86.
2909 14. 86.
2910 14. 86.
2911 14. 86.
2912 14. 86.
2913 14. 86.
2914 14. 86.
2915 14. 86.
2916 14. 86.
2917 14. 86.
2918 14. 86.
2919 14. 86.
2920 14. 86.
2921 14. 86.
2922 15. 85.
2923 15. 85.
2924 15. 85.
2925 15. 85.
2926 14. 86.
2927 14. 86.
2928 14. 86.
2929 14. 86.
2930 14. 86.
2931 14. 86.
2932 14. 86.
2933 14. 86.
2934 14. 86.
2935 14. 86.
2936 14. 86.
2937 14. 86.
2938 14. 86.
2939 14. 86.
2940 14. 86.
2941 14. 86.
2942 14. 86.
2943 14. 86.
2944 14. 86.
2945 14. 86.
2946 14. 86.
2947 14. 86.
2948 14. 86.
2949 14. 86.
2950 14. 86.
2951 14. 86.
2952 14. 86.
2953 14. 86.
2954 14. 86.
2955 14. 86.
2956 14. 86.
2957 14. 86.
2958 14. 86.
2959 14. 86.
2960 14. 86.
2961 14. 86.
2962 14. 86.
2963 14. 86.
2964 14. 86.
2965 14. 86.
2966 14. 86.
2967 14. 86.
2968 14. 86.
2969 14. 86.
2970 14. 86.
2971 14. 86.
2972 14. 86.
2973 14. 86.
2974 14. 86.
2975 14. 86.
2976 14. 86.
2977 14. 86.
2978 13. 87.
2979 13. 87.
2980 13. 87.
2981 13. 87.
2982 13. 87.
2983 13. 87.
2984 13. 87.
2985 13. 87.
2986 13. 87.
2987 13. 87.
2988 13. 87.
2989 13. 87.
2990 13. 87.
2991 13. 87.
2992 13. 87.
2993 13. 87.
2994 13. 87.
2995 13. 87.
2996 12. 88.
2997 11. 89.
2998 10. 90.
2999 10. 90.
3000 9. 91.
3001 9. 91.
3002 9. 91.
3003 9. 91.
3004 9. 91.
3005 9. 91.
3006 9. 91.
3007 9. 91.
3008 9. 91.
3009 9. 91.
3010 9. 91.
3011 9. 91.
3012 9. 91.
3013 10. 90.
3014 10. 90.
3015 10. 90.
3016 10. 90.
3017 10. 90.
3018 11. 89.
3019 11. 89.
3020 11. 89.
3021 11. 89.
3022 11. 89.
3023 11. 89.
3024 11. 89.
3025 11. 89.
3026 11. 89.
3027 11. 89.
3028 11. 89.
3029 11. 89.
3030 11. 89.
3031 11. 89.
3032 11. 89.
3033 11. 89.
3034 11. 89.
3035 11. 89.
3036 11. 89.
3037 11. 89.
3038 11. 89.
3039 11. 89.
3040 11. 89.
3041 11. 89.
3042 11. 89.
3043 12. 88.
3044 12. 88.
3045 12. 88.
3046 12. 88.
3047 12. 88.
3048 12. 88.
3049 12. 88.
3050 12. 88.
3051 12. 88.
3052 12. 88.
3053 12. 88.
3054 12. 88.
3055 12. 88.
3056 12. 88.
3057 12. 88.
3058 12. 88.
3059 12. 88.
3060 12. 88.
3061 12. 88.
3062 12. 88.
3063 12. 88.
3064 12. 88.
3065 12. 88.
3066 12. 88.
3067 13. 87.
3068 13. 87.
3069 13. 87.
3070 13. 87.
3071 13. 87.
3072 13. 87.
3073 13. 87.
3074 13. 87.
3075 13. 87.
3076 13. 87.
3077 13. 87.
3078 13. 87.
3079 13. 87.
3080 13. 87.
3081 13. 87.
3082 13. 87.
3083 13. 87.
3084 13. 87.
3085 13. 87.
3086 13. 87.
3087 12. 88.
3088 12. 88.
3089 12. 88.
3090 12. 88.
3091 12. 88.
3092 12. 88.
3093 12. 88.
3094 12. 88.
3095 13. 87.
3096 13. 87.
3097 13. 87.
3098 13. 87.
3099 13. 87.
3100 13. 87.
3101 13. 87.
3102 12. 88.
3103 12. 88.
3104 12. 88.
3105 12. 88.
3106 13. 87.
3107 13. 87.
3108 13. 87.
3109 12. 88.
3110 12. 88.
3111 12. 88.
3112 12. 88.
3113 12. 88.
3114 12. 88.
3115 12. 88.
3116 12. 88.
3117 12. 88.
3118 12. 88.
3119 12. 88.
3120 12. 88.
3121 11. 89.
3122 11. 89.
3123 11. 89.
3124 11. 89.
3125 11. 89.
3126 11. 89.
3127 11. 89.
3128 11. 89.
3129 11. 89.
3130 10. 90.
3131 10. 90.
3132 10. 90.
3133 10. 90.
3134 10. 90.
3135 10. 90.
3136 10. 90.
3137 10. 90.
3138 9. 91.
3139 8. 92.
3140 8. 92.
3141 8. 92.
3142 8. 92.
3143 8. 92.
3144 9. 91.
3145 9. 91.
3146 9. 91.
3147 9. 91.
3148 9. 91.
3149 9. 91.
3150 9. 91.
3151 9. 91.
3152 9. 91.
3153 9. 91.
3154 9. 91.
3155 9. 91.
3156 9. 91.
3157 9. 91.
3158 9. 91.
3159 9. 91.
3160 9. 91.
3161 9. 91.
3162 9. 91.
3163 9. 91.
3164 9. 91.
3165 9. 91.
3166 9. 91.
3167 9. 91.
3168 9. 91.
3169 9. 91.
3170 9. 91.
3171 9. 91.
3172 8. 92.
3173 9. 91.
3174 9. 91.
3175 9. 91.
3176 9. 91.
3177 9. 91.
3178 9. 91.
3179 9. 91.
3180 9. 91.
3181 9. 91.
3182 9. 91.
3183 9. 91.
3184 9. 91.
3185 9. 91.
3186 9. 91.
3187 9. 91.
3188 9. 91.
3189 9. 91.
3190 8. 92.
3191 8. 92.
3192 8. 92.
3193 8. 92.
3194 8. 92.
3195 8. 92.
3196 8. 92.
3197 8. 92.
3198 8. 92.
3199 8. 92.
3200 8. 92.
3201 8. 92.
3202 8. 92.
3203 9. 91.
3204 9. 91.
3205 8. 92.
3206 8. 92.
3207 8. 92.
3208 8. 92.
3209 8. 92.
3210 8. 92.
3211 8. 92.
3212 8. 92.
3213 8. 92.
3214 8. 92.
3215 8. 92.
3216 8. 92.
3217 8. 92.
3218 8. 92.
3219 8. 92.
3220 8. 92.
3221 8. 92.
3222 8. 92.
3223 8. 92.
3224 8. 92.
3225 8. 92.
3226 8. 92.
3227 8. 92.
3228 8. 92.
3229 8. 92.
3230 8. 92.
3231 8. 92.
3232 8. 92.
3233 8. 92.
3234 8. 92.
3235 8. 92.
3236 8. 92.
3237 8. 92.
3238 8. 92.
3239 8. 92.
3240 8. 92.
3241 8. 92.
3242 8. 92.
3243 8. 92.
3244 8. 92.
3245 8. 92.
3246 8. 92.
3247 8. 92.
3248 8. 92.
3249 8. 92.
3250 8. 92.
3251 8. 92.
3252 8. 92.
3253 8. 92.
3254 8. 92.
3255 9. 91.
3256 9. 91.
3257 9. 91.
3258 9. 91.
3259 9. 91.
3260 9. 91.
3261 9. 91.
3262 9. 91.
3263 9. 91.
3264 9. 91.
3265 9. 91.
3266 9. 91.
3267 9. 91.
3268 9. 91.
3269 9. 91.
3270 9. 91.
3271 9. 91.
3272 9. 91.
3273 9. 91.
3274 9. 91.
3275 9. 91.
3276 9. 91.
3277 9. 91.
3278 9. 91.
3279 9. 91.
3280 9. 91.
3281 9. 91.
3282 9. 91.
3283 9. 91.
3284 9. 91.
3285 9. 91.
3286 9. 91.
3287 9. 91.
3288 9. 91.
3289 9. 91.
3290 9. 91.
3291 9. 91.
3292 9. 91.
3293 9. 91.
3294 9. 91.
3295 9. 91.
3296 9. 91.
3297 9. 91.
3298 9. 91.
3299 9. 91.
3300 9. 91.
3301 9. 91.
3302 9. 91.
3303 9. 91.
3304 9. 91.
3305 9. 91.
3306 9. 91.
3307 9. 91.
3308 9. 91.
3309 9. 91.
3310 9. 91.
3311 9. 91.
3312 9. 91.
3313 9. 91.
3314 9. 91.
3315 9. 91.
3316 9. 91.
3317 9. 91.
3318 9. 91.
3319 9. 91.
3320 9. 91.
3321 9. 91.
3322 9. 91.
3323 9. 91.
3324 9. 91.
3325 8. 92.
3326 7. 93.
3327 7. 93.
3328 7. 93.
3329 7. 93.
3330 7. 93.
3331 7. 93.
3332 7. 93.
3333 7. 93.
3334 7. 93.
3335 7. 93.
3336 7. 93.
3337 7. 93.
3338 7. 93.
3339 7. 93.
3340 7. 93.
3341 7. 93.
3342 7. 93.
3343 7. 93.
3344 7. 93.
3345 7. 93.
3346 7. 93.
3347 7. 93.
3348 7. 93.
3349 7. 93.
3350 7. 93.
3351 7. 93.
3352 7. 93.
3353 7. 93.
3354 7. 93.
3355 7. 93.
3356 7. 93.
3357 6. 94.
3358 6. 94.
3359 6. 94.
3360 6. 94.
3361 6. 94.
3362 6. 94.
3363 6. 94.
3364 7. 93.
3365 7. 93.
3366 7. 93.
3367 8. 92.
3368 7. 93.
3369 7. 93.
3370 7. 93.
3371 7. 93.
3372 7. 93.
3373 7. 93.
3374 7. 93.
3375 7. 93.
3376 7. 93.
3377 7. 93.
3378 7. 93.
3379 7. 93.
3380 7. 93.
3381 7. 93.
3382 7. 93.
3383 7. 93.
3384 6. 94.
3385 6. 94.
3386 6. 94.
3387 6. 94.
3388 5. 95.
3389 5. 95.
3390 5. 95.
3391 5. 95.
3392 5. 95.
3393 6. 94.
3394 6. 94.
3395 6. 94.
3396 6. 94.
3397 6. 94.
3398 6. 94.
3399 6. 94.
3400 6. 94.
3401 6. 94.
3402 6. 94.
3403 6. 94.
3404 6. 94.
3405 6. 94.
3406 6. 94.
3407 6. 94.
3408 6. 94.
3409 6. 94.
3410 6. 94.
3411 6. 94.
3412 6. 94.
3413 6. 94.
3414 6. 94.
3415 6. 94.
3416 6. 94.
3417 6. 94.
3418 6. 94.
3419 6. 94.
3420 6. 94.
3421 6. 94.
3422 6. 94.
3423 6. 94.
3424 6. 94.
3425 6. 94.
3426 6. 94.
3427 6. 94.
3428 6. 94.
3429 6. 94.
3430 6. 94.
3431 6. 94.
3432 6. 94.
3433 6. 94.
3434 6. 94.
3435 6. 94.
3436 6. 94.
3437 6. 94.
3438 6. 94.
3439 6. 94.
3440 6. 94.
3441 6. 94.
3442 6. 94.
3443 7. 93.
3444 7. 93.
3445 7. 93.
3446 7. 93.
3447 7. 93.
3448 7. 93.
3449 7. 93.
3450 7. 93.
3451 7. 93.
3452 7. 93.
3453 7. 93.
3454 7. 93.
3455 7. 93.
3456 7. 93.
3457 7. 93.
3458 7. 93.
3459 7. 93.
3460 7. 93.
3461 7. 93.
3462 7. 93.
3463 7. 93.
3464 7. 93.
3465 6. 94.
3466 5. 95.
3467 5. 95.
3468 5. 95.
3469 5. 95.
3470 5. 95.
3471 5. 95.
3472 5. 95.
3473 6. 94.
3474 5. 95.
3475 5. 95.
3476 5. 95.
3477 5. 95.
3478 5. 95.
3479 5. 95.
3480 5. 95.
3481 5. 95.
3482 5. 95.
3483 5. 95.
3484 5. 95.
3485 5. 95.
3486 5. 95.
3487 5. 95.
3488 5. 95.
3489 5. 95.
3490 5. 95.
3491 5. 95.
3492 5. 95.
3493 5. 95.
3494 5. 95.
3495 5. 95.
3496 5. 95.
3497 5. 95.
3498 5. 95.
3499 5. 95.
3500 5. 95.
3501 5. 95.
3502 5. 95.
3503 5. 95.
3504 5. 95.
3505 5. 95.
3506 5. 95.
3507 5. 95.
3508 5. 95.
3509 5. 95.
3510 5. 95.
3511 5. 95.
3512 5. 95.
3513 5. 95.
3514 5. 95.
3515 5. 95.
3516 5. 95.
3517 5. 95.
3518 5. 95.
3519 5. 95.
3520 5. 95.
3521 5. 95.
3522 5. 95.
3523 5. 95.
3524 5. 95.
3525 4. 96.
3526 4. 96.
3527 4. 96.
3528 4. 96.
3529 4. 96.
3530 4. 96.
3531 4. 96.
3532 4. 96.
3533 4. 96.
3534 4. 96.
3535 4. 96.
3536 4. 96.
3537 4. 96.
3538 4. 96.
3539 4. 96.
3540 4. 96.
3541 4. 96.
3542 4. 96.
3543 4. 96.
3544 4. 96.
3545 4. 96.
3546 4. 96.
3547 4. 96.
3548 4. 96.
3549 4. 96.
3550 4. 96.
3551 4. 96.
3552 4. 96.
3553 4. 96.
3554 4. 96.
3555 4. 96.
3556 4. 96.
3557 4. 96.
3558 4. 96.
3559 4. 96.
3560 3. 97.
3561 3. 97.
3562 3. 97.
3563 3. 97.
3564 3. 97.
3565 3. 97.
3566 3. 97.
3567 4. 96.
3568 4. 96.
3569 4. 96.
3570 4. 96.
3571 4. 96.
3572 4. 96.
3573 4. 96.
3574 4. 96.
3575 4. 96.
3576 4. 96.
3577 4. 96.
3578 4. 96.
3579 4. 96.
3580 4. 96.
3581 4. 96.
3582 4. 96.
3583 4. 96.
3584 4. 96.
3585 4. 96.
3586 3. 97.
3587 3. 97.
3588 3. 97.
3589 3. 97.
3590 3. 97.
3591 3. 97.
3592 3. 97.
3593 3. 97.
3594 2. 98.
3595 2. 98.
3596 2. 98.
3597 2. 98.
3598 2. 98.
3599 2. 98.
3600 2. 98.
3601 2. 98.
3602 2. 98.
3603 2. 98.
3604 2. 98.
3605 2. 98.
3606 2. 98.
3607 2. 98.
3608 2. 98.
3609 2. 98.
3610 2. 98.
3611 3. 97.
3612 3. 97.
3613 3. 97.
3614 3. 97.
3615 3. 97.
3616 3. 97.
3617 3. 97.
3618 3. 97.
3619 3. 97.
3620 3. 97.
3621 3. 97.
3622 4. 96.
3623 4. 96.
3624 4. 96.
3625 4. 96.
3626 4. 96.
3627 4. 96.
3628 4. 96.
3629 4. 96.
3630 4. 96.
3631 4. 96.
3632 4. 96.
3633 4. 96.
3634 4. 96.
3635 3. 97.
3636 3. 97.
3637 3. 97.
3638 3. 97.
3639 3. 97.
3640 3. 97.
3641 3. 97.
3642 3. 97.
3643 3. 97.
3644 3. 97.
3645 3. 97.
3646 3. 97.
3647 3. 97.
3648 3. 97.
3649 3. 97.
3650 3. 97.
3651 3. 97.
3652 3. 97.
3653 3. 97.
3654 3. 97.
3655 3. 97.
3656 3. 97.
3657 3. 97.
3658 4. 96.
3659 4. 96.
3660 4. 96.
3661 4. 96.
3662 4. 96.
3663 4. 96.
3664 4. 96.
3665 4. 96.
3666 4. 96.
3667 4. 96.
3668 4. 96.
3669 4. 96.
3670 4. 96.
3671 4. 96.
3672 4. 96.
3673 4. 96.
3674 4. 96.
3675 4. 96.
3676 4. 96.
3677 5. 95.
3678 5. 95.
3679 5. 95.
3680 6. 94.
3681 6. 94.
3682 6. 94.
3683 6. 94.
3684 6. 94.
3685 6. 94.
3686 6. 94.
3687 6. 94.
3688 6. 94.
3689 6. 94.
3690 6. 94.
3691 6. 94.
3692 6. 94.
3693 6. 94.
3694 6. 94.
3695 6. 94.
3696 6. 94.
3697 6. 94.
3698 6. 94.
3699 6. 94.
3700 6. 94.
3701 6. 94.
3702 6. 94.
3703 6. 94.
3704 6. 94.
3705 6. 94.
3706 6. 94.
3707 6. 94.
3708 6. 94.
3709 6. 94.
3710 6. 94.
3711 6. 94.
3712 6. 94.
3713 6. 94.
3714 6. 94.
3715 6. 94.
3716 6. 94.
3717 6. 94.
3718 6. 94.
3719 6. 94.
3720 6. 94.
3721 6. 94.
3722 6. 94.
3723 6. 94.
3724 6. 94.
3725 6. 94.
3726 5. 95.
3727 5. 95.
3728 5. 95.
3729 5. 95.
3730 5. 95.
3731 5. 95.
3732 5. 95.
3733 5. 95.
3734 5. 95.
3735 5. 95.
3736 5. 95.
3737 4. 96.
3738 4. 96.
3739 4. 96.
3740 4. 96.
3741 4. 96.
3742 4. 96.
3743 4. 96.
3744 4. 96.
3745 4. 96.
3746 4. 96.
3747 4. 96.
3748 4. 96.
3749 4. 96.
3750 4. 96.
3751 4. 96.
3752 4. 96.
3753 4. 96.
3754 4. 96.
3755 4. 96.
3756 4. 96.
3757 4. 96.
3758 4. 96.
3759 4. 96.
3760 4. 96.
3761 4. 96.
3762 4. 96.
3763 4. 96.
3764 4. 96.
3765 4. 96.
3766 4. 96.
3767 4. 96.
3768 4. 96.
3769 4. 96.
3770 4. 96.
3771 4. 96.
3772 4. 96.
3773 4. 96.
3774 4. 96.
3775 3. 97.
3776 2. 98.
3777 2. 98.
3778 2. 98.
3779 2. 98.
3780 2. 98.
3781 2. 98.
3782 2. 98.
3783 2. 98.
3784 2. 98.
3785 2. 98.
3786 2. 98.
3787 2. 98.
3788 2. 98.
3789 2. 98.
3790 2. 98.
3791 2. 98.
3792 2. 98.
3793 2. 98.
3794 2. 98.
3795 2. 98.
3796 2. 98.
3797 2. 98.
3798 2. 98.
3799 2. 98.
3800 2. 98.
3801 2. 98.
3802 2. 98.
3803 2. 98.
3804 2. 98.
3805 2. 98.
3806 2. 98.
3807 2. 98.
3808 2. 98.
3809 2. 98.
3810 2. 98.
3811 2. 98.
3812 2. 98.
3813 2. 98.
3814 2. 98.
3815 2. 98.
3816 2. 98.
3817 2. 98.
3818 2. 98.
3819 2. 98.
3820 2. 98.
3821 2. 98.
3822 2. 98.
3823 2. 98.
3824 2. 98.
3825 2. 98.
3826 2. 98.
3827 2. 98.
3828 2. 98.
3829 2. 98.
3830 2. 98.
3831 2. 98.
3832 2. 98.
3833 2. 98.
3834 2. 98.
3835 2. 98.
3836 2. 98.
3837 2. 98.
3838 2. 98.
3839 3. 97.
3840 2. 98.
3841 2. 98.
3842 2. 98.
3843 2. 98.
3844 2. 98.
3845 2. 98.
3846 2. 98.
3847 2. 98.
3848 2. 98.
3849 2. 98.
3850 2. 98.
3851 2. 98.
3852 2. 98.
3853 2. 98.
3854 2. 98.
3855 2. 98.
3856 2. 98.
3857 2. 98.
3858 2. 98.
3859 2. 98.
3860 2. 98.
3861 2. 98.
3862 2. 98.
3863 2. 98.
3864 2. 98.
3865 2. 98.
3866 2. 98.
3867 2. 98.
3868 2. 98.
3869 2. 98.
3870 2. 98.
3871 2. 98.
3872 2. 98.
3873 2. 98.
3874 2. 98.
3875 2. 98.
3876 2. 98.
3877 2. 98.
3878 3. 97.
3879 3. 97.
3880 3. 97.
3881 3. 97.
3882 3. 97.
3883 3. 97.
3884 3. 97.
3885 3. 97.
3886 3. 97.
3887 3. 97.
3888 3. 97.
3889 3. 97.
3890 3. 97.
3891 3. 97.
3892 3. 97.
3893 3. 97.
3894 3. 97.
3895 3. 97.
3896 3. 97.
3897 3. 97.
3898 3. 97.
3899 3. 97.
3900 3. 97.
3901 3. 97.
3902 3. 97.
3903 3. 97.
3904 3. 97.
3905 3. 97.
3906 3. 97.
3907 3. 97.
3908 3. 97.
3909 3. 97.
3910 3. 97.
3911 3. 97.
3912 3. 97.
3913 3. 97.
3914 3. 97.
3915 2. 98.
3916 2. 98.
3917 2. 98.
3918 2. 98.
3919 2. 98.
3920 2. 98.
3921 2. 98.
3922 2. 98.
3923 2. 98.
3924 2. 98.
3925 2. 98.
3926 2. 98.
3927 2. 98.
3928 2. 98.
3929 2. 98.
3930 2. 98.
3931 2. 98.
3932 2. 98.
3933 2. 98.
3934 2. 98.
3935 2. 98.
3936 2. 98.
3937 2. 98.
3938 2. 98.
3939 2. 98.
3940 2. 98.
3941 2. 98.
3942 2. 98.
3943 2. 98.
3944 2. 98.
3945 2. 98.
3946 2. 98.
3947 2. 98.
3948 2. 98.
3949 2. 98.
3950 2. 98.
3951 2. 98.
3952 2. 98.
3953 2. 98.
3954 2. 98.
3955 2. 98.
3956 2. 98.
3957 2. 98.
3958 2. 98.
3959 2. 98.
3960 2. 98.
3961 2. 98.
3962 2. 98.
3963 2. 98.
3964 2. 98.
3965 2. 98.
3966 2. 98.
3967 2. 98.
3968 2. 98.
3969 2. 98.
3970 2. 98.
3971 2. 98.
3972 2. 98.
3973 2. 98.
3974 2. 98.
3975 2. 98.
3976 2. 98.
3977 2. 98.
3978 1. 99.
3979 1. 99.
3980 1. 99.
3981 1. 99.
3982 1. 99.
3983 1. 99.
3984 1. 99.
3985 1. 99.
3986 1. 99.
3987 1. 99.
3988 1. 99.
3989 1. 99.
3990 1. 99.
3991 1. 99.
3992 1. 99.
3993 1. 99.
3994 1. 99.
3995 1. 99.
3996 1. 99.
3997 1. 99.
3998 1. 99.
3999 1. 99.
4000 1. 99.
4001 1. 99.
4002 1. 99.
