0 18. 82.
1 18. 82.
2 18. 82.
3 18. 82.
4 18. 82.
5 18. 82.
6 18. 82.
7 19. 81.
8 20. 80.
9 20. 80.
10 20. 80.
11 20. 80.
12 20. 80.
13 19. 81.
14 19. 81.
15 19. 81.
16 20. 80.
17 20. 80.
18 20. 80.
19 21. 79.
20 21. 79.
21 21. 79.
22 21. 79.
23 21. 79.
24 22. 78.
25 22. 78.
26 22. 78.
27 21. 79.
28 21. 79.
29 22. 78.
30 23. 77.
31 23. 77.
32 23. 77.
33 23. 77.
34 23. 77.
35 23. 77.
36 23. 77.
37 23. 77.
38 23. 77.
39 23. 77.
40 23. 77.
41 23. 77.
42 22. 78.
43 23. 77.
44 23. 77.
45 23. 77.
46 23. 77.
47 23. 77.
48 23. 77.
49 24. 76.
50 24. 76.
51 24. 76.
52 24. 76.
53 25. 75.
54 25. 75.
55 25. 75.
56 24. 76.
57 25. 75.
58 25. 75.
59 25. 75.
60 25. 75.
61 24. 76.
62 24. 76.
63 24. 76.
64 24. 76.
65 24. 76.
66 25. 75.
67 25. 75.
68 25. 75.
69 26. 74.
70 26. 74.
71 25. 75.
72 26. 74.
73 26. 74.
74 26. 74.
75 27. 73.
76 27. 73.
77 27. 73.
78 27. 73.
79 27. 73.
80 27. 73.
81 27. 73.
82 27. 73.
83 27. 73.
84 27. 73.
85 26. 74.
86 25. 75.
87 25. 75.
88 25. 75.
89 25. 75.
90 25. 75.
91 26. 74.
92 26. 74.
93 26. 74.
94 26. 74.
95 26. 74.
96 25. 75.
97 25. 75.
98 25. 75.
99 24. 76.
100 24. 76.
101 24. 76.
102 24. 76.
103 24. 76.
104 24. 76.
105 24. 76.
106 24. 76.
107 24. 76.
108 24. 76.
109 24. 76.
110 24. 76.
111 24. 76.
112 24. 76.
113 25. 75.
114 25. 75.
115 25. 75.
116 24. 76.
117 24. 76.
118 24. 76.
119 25. 75.
120 25. 75.
121 25. 75.
122 24. 76.
123 24. 76.
124 24. 76.
125 25. 75.
126 24. 76.
127 25. 75.
128 24. 76.
129 24. 76.
130 24. 76.
131 24. 76.
132 24. 76.
133 24. 76.
134 24. 76.
135 24. 76.
136 24. 76.
137 24. 76.
138 24. 76.
139 24. 76.
140 24. 76.
141 24. 76.
142 24. 76.
143 24. 76.
144 24. 76.
145 24. 76.
146 24. 76.
147 24. 76.
148 24. 76.
149 24. 76.
150 24. 76.
151 24. 76.
152 25. 75.
153 26. 74.
154 26. 74.
155 26. 74.
156 26. 74.
157 25. 75.
158 25. 75.
159 25. 75.
160 25. 75.
161 25. 75.
162 25. 75.
163 24. 76.
164 24. 76.
165 23. 77.
166 23. 77.
167 24. 76.
168 25. 75.
169 25. 75.
170 24. 76.
171 24. 76.
172 23. 77.
173 23. 77.
174 23. 77.
175 22. 78.
176 22. 78.
177 22. 78.
178 23. 77.
179 23. 77.
180 24. 76.
181 24. 76.
182 24. 76.
183 24. 76.
184 24. 76.
185 24. 76.
186 23. 77.
187 23. 77.
188 23. 77.
189 23. 77.
190 23. 77.
191 23. 77.
192 23. 77.
193 23. 77.
194 23. 77.
195 23. 77.
196 24. 76.
197 25. 75.
198 25. 75.
199 25. 75.
200 25. 75.
201 25. 75.
202 25. 75.
203 24. 76.
204 25. 75.
205 25. 75.
206 25. 75.
207 25. 75.
208 25. 75.
209 25. 75.
210 25. 75.
211 25. 75.
212 25. 75.
213 25. 75.
214 26. 74.
215 26. 74.
216 26. 74.
217 26. 74.
218 26. 74.
219 26. 74.
220 26. 74.
221 26. 74.
222 26. 74.
223 26. 74.
224 27. 73.
225 27. 73.
226 27. 73.
227 27. 73.
228 27. 73.
229 27. 73.
230 27. 73.
231 27. 73.
232 27. 73.
233 27. 73.
234 28. 72.
235 28. 72.
236 28. 72.
237 28. 72.
238 28. 72.
239 27. 73.
240 27. 73.
241 27. 73.
242 28. 72.
243 27. 73.
244 28. 72.
245 28. 72.
246 28. 72.
247 28. 72.
248 28. 72.
249 29. 71.
250 28. 72.
251 29. 71.
252 29. 71.
253 30. 70.
254 30. 70.
255 29. 71.
256 29. 71.
257 29. 71.
258 29. 71.
259 30. 70.
260 30. 70.
261 30. 70.
262 30. 70.
263 30. 70.
264 30. 70.
265 29. 71.
266 30. 70.
267 30. 70.
268 30. 70.
269 30. 70.
270 29. 71.
271 29. 71.
272 30. 70.
273 30. 70.
274 31. 69.
275 30. 70.
276 30. 70.
277 30. 70.
278 31. 69.
279 30. 70.
280 31. 69.
281 31. 69.
282 31. 69.
283 32. 68.
284 32. 68.
285 32. 68.
286 32. 68.
287 32. 68.
288 32. 68.
289 32. 68.
290 32. 68.
291 32. 68.
292 32. 68.
293 32. 68.
294 31. 69.
295 31. 69.
296 31. 69.
297 31. 69.
298 30. 70.
299 30. 70.
300 30. 70.
301 30. 70.
302 30. 70.
303 30. 70.
304 30. 70.
305 30. 70.
306 30. 70.
307 30. 70.
308 30. 70.
309 30. 70.
310 30. 70.
311 31. 69.
312 31. 69.
313 32. 68.
314 32. 68.
315 32. 68.
316 32. 68.
317 32. 68.
318 32. 68.
319 32. 68.
320 32. 68.
321 31. 69.
322 31. 69.
323 31. 69.
324 31. 69.
325 31. 69.
326 31. 69.
327 31. 69.
328 31. 69.
329 31. 69.
330 31. 69.
331 31. 69.
332 31. 69.
333 31. 69.
334 31. 69.
335 30. 70.
336 30. 70.
337 30. 70.
338 29. 71.
339 29. 71.
340 29. 71.
341 29. 71.
342 29. 71.
343 29. 71.
344 28. 72.
345 28. 72.
346 28. 72.
347 28. 72.
348 29. 71.
349 28. 72.
350 28. 72.
351 27. 73.
352 27. 73.
353 27. 73.
354 27. 73.
355 27. 73.
356 27. 73.
357 28. 72.
358 29. 71.
359 29. 71.
360 28. 72.
361 27. 73.
362 27. 73.
363 27. 73.
364 27. 73.
365 26. 74.
366 26. 74.
367 26. 74.
368 25. 75.
369 25. 75.
370 25. 75.
371 25. 75.
372 25. 75.
373 25. 75.
374 25. 75.
375 24. 76.
376 24. 76.
377 25. 75.
378 24. 76.
379 24. 76.
380 24. 76.
381 24. 76.
382 24. 76.
383 24. 76.
384 24. 76.
385 24. 76.
386 24. 76.
387 24. 76.
388 24. 76.
389 24. 76.
390 24. 76.
391 24. 76.
392 24. 76.
393 25. 75.
394 25. 75.
395 25. 75.
396 25. 75.
397 25. 75.
398 26. 74.
399 26. 74.
400 27. 73.
401 27. 73.
402 27. 73.
403 27. 73.
404 27. 73.
405 27. 73.
406 27. 73.
407 27. 73.
408 27. 73.
409 27. 73.
410 27. 73.
411 27. 73.
412 27. 73.
413 27. 73.
414 27. 73.
415 27. 73.
416 27. 73.
417 27. 73.
418 27. 73.
419 27. 73.
420 27. 73.
421 27. 73.
422 27. 73.
423 27. 73.
424 27. 73.
425 28. 72.
426 28. 72.
427 28. 72.
428 28. 72.
429 28. 72.
430 28. 72.
431 29. 71.
432 29. 71.
433 29. 71.
434 29. 71.
435 29. 71.
436 29. 71.
437 29. 71.
438 29. 71.
439 29. 71.
440 30. 70.
441 29. 71.
442 29. 71.
443 29. 71.
444 29. 71.
445 29. 71.
446 28. 72.
447 28. 72.
448 28. 72.
449 28. 72.
450 28. 72.
451 29. 71.
452 29. 71.
453 29. 71.
454 29. 71.
455 29. 71.
456 29. 71.
457 28. 72.
458 28. 72.
459 28. 72.
460 28. 72.
461 28. 72.
462 28. 72.
463 28. 72.
464 28. 72.
465 28. 72.
466 28. 72.
467 28. 72.
468 28. 72.
469 28. 72.
470 28. 72.
471 28. 72.
472 28. 72.
473 29. 71.
474 29. 71.
475 29. 71.
476 30. 70.
477 30. 70.
478 30. 70.
479 30. 70.
480 30. 70.
481 30. 70.
482 30. 70.
483 30. 70.
484 30. 70.
485 30. 70.
486 30. 70.
487 30. 70.
488 30. 70.
489 30. 70.
490 30. 70.
491 30. 70.
492 29. 71.
493 29. 71.
494 29. 71.
495 28. 72.
496 27. 73.
497 27. 73.
498 27. 73.
499 27. 73.
500 27. 73.
501 27. 73.
502 27. 73.
503 26. 74.
504 26. 74.
505 26. 74.
506 25. 75.
507 25. 75.
508 25. 75.
509 24. 76.
510 24. 76.
511 24. 76.
512 25. 75.
513 25. 75.
514 25. 75.
515 25. 75.
516 25. 75.
517 26. 74.
518 25. 75.
519 25. 75.
520 24. 76.
521 23. 77.
522 23. 77.
523 23. 77.
524 23. 77.
525 23. 77.
526 24. 76.
527 24. 76.
528 24. 76.
529 24. 76.
530 25. 75.
531 24. 76.
532 23. 77.
533 23. 77.
534 22. 78.
535 22. 78.
536 22. 78.
537 22. 78.
538 22. 78.
539 22. 78.
540 22. 78.
541 22. 78.
542 21. 79.
543 20. 80.
544 20. 80.
545 20. 80.
546 20. 80.
547 19. 81.
548 19. 81.
549 19. 81.
550 19. 81.
551 20. 80.
552 20. 80.
553 20. 80.
554 19. 81.
555 18. 82.
556 18. 82.
557 18. 82.
558 17. 83.
559 17. 83.
560 18. 82.
561 17. 83.
562 17. 83.
563 17. 83.
564 17. 83.
565 16. 84.
566 16. 84.
567 16. 84.
568 16. 84.
569 16. 84.
570 16. 84.
571 16. 84.
572 16. 84.
573 16. 84.
574 16. 84.
575 16. 84.
576 16. 84.
577 16. 84.
578 15. 85.
579 15. 85.
580 15. 85.
581 15. 85.
582 15. 85.
583 15. 85.
584 15. 85.
585 16. 84.
586 16. 84.
587 15. 85.
588 15. 85.
589 15. 85.
590 15. 85.
591 15. 85.
592 15. 85.
593 16. 84.
594 16. 84.
595 16. 84.
596 16. 84.
597 16. 84.
598 16. 84.
599 16. 84.
600 17. 83.
601 16. 84.
602 16. 84.
603 16. 84.
604 16. 84.
605 16. 84.
606 17. 83.
607 16. 84.
608 16. 84.
609 15. 85.
610 15. 85.
611 15. 85.
612 15. 85.
613 15. 85.
614 15. 85.
615 16. 84.
616 16. 84.
617 16. 84.
618 16. 84.
619 16. 84.
620 16. 84.
621 16. 84.
622 16. 84.
623 16. 84.
624 16. 84.
625 16. 84.
626 16. 84.
627 16. 84.
628 16. 84.
629 16. 84.
630 16. 84.
631 16. 84.
632 16. 84.
633 16. 84.
634 16. 84.
635 16. 84.
636 17. 83.
637 17. 83.
638 17. 83.
639 17. 83.
640 17. 83.
641 17. 83.
642 17. 83.
643 17. 83.
644 17. 83.
645 17. 83.
646 17. 83.
647 17. 83.
648 17. 83.
649 17. 83.
650 17. 83.
651 17. 83.
652 17. 83.
653 17. 83.
654 16. 84.
655 16. 84.
656 16. 84.
657 16. 84.
658 16. 84.
659 16. 84.
660 16. 84.
661 16. 84.
662 16. 84.
663 16. 84.
664 16. 84.
665 16. 84.
666 16. 84.
667 15. 85.
668 16. 84.
669 16. 84.
670 16. 84.
671 16. 84.
672 16. 84.
673 16. 84.
674 16. 84.
675 16. 84.
676 16. 84.
677 16. 84.
678 16. 84.
679 16. 84.
680 17. 83.
681 16. 84.
682 16. 84.
683 16. 84.
684 16. 84.
685 16. 84.
686 16. 84.
687 16. 84.
688 16. 84.
689 16. 84.
690 16. 84.
691 16. 84.
692 16. 84.
693 16. 84.
694 16. 84.
695 16. 84.
696 16. 84.
697 16. 84.
698 15. 85.
699 15. 85.
700 15. 85.
701 15. 85.
702 14. 86.
703 14. 86.
704 14. 86.
705 14. 86.
706 14. 86.
707 14. 86.
708 15. 85.
709 15. 85.
710 15. 85.
711 15. 85.
712 15. 85.
713 15. 85.
714 15. 85.
715 16. 84.
716 16. 84.
717 16. 84.
718 16. 84.
719 16. 84.
720 16. 84.
721 17. 83.
722 17. 83.
723 17. 83.
724 17. 83.
725 17. 83.
726 17. 83.
727 17. 83.
728 17. 83.
729 16. 84.
730 16. 84.
731 16. 84.
732 16. 84.
733 15. 85.
734 15. 85.
735 15. 85.
736 15. 85.
737 15. 85.
738 15. 85.
739 15. 85.
740 15. 85.
741 15. 85.
742 15. 85.
743 15. 85.
744 15. 85.
745 15. 85.
746 15. 85.
747 15. 85.
748 15. 85.
749 15. 85.
750 15. 85.
751 15. 85.
752 15. 85.
753 15. 85.
754 16. 84.
755 16. 84.
756 16. 84.
757 16. 84.
758 16. 84.
759 17. 83.
760 17. 83.
761 18. 82.
762 18. 82.
763 18. 82.
764 18. 82.
765 18. 82.
766 18. 82.
767 18. 82.
768 18. 82.
769 18. 82.
770 18. 82.
771 18. 82.
772 18. 82.
773 18. 82.
774 18. 82.
775 18. 82.
776 18. 82.
777 18. 82.
778 18. 82.
779 18. 82.
780 19. 81.
781 19. 81.
782 19. 81.
783 19. 81.
784 19. 81.
785 19. 81.
786 19. 81.
787 19. 81.
788 19. 81.
789 19. 81.
790 19. 81.
791 19. 81.
792 18. 82.
793 18. 82.
794 18. 82.
795 18. 82.
796 18. 82.
797 17. 83.
798 17. 83.
799 17. 83.
800 18. 82.
801 18. 82.
802 17. 83.
803 16. 84.
804 16. 84.
805 16. 84.
806 16. 84.
807 16. 84.
808 16. 84.
809 16. 84.
810 17. 83.
811 17. 83.
812 16. 84.
813 16. 84.
814 16. 84.
815 16. 84.
816 16. 84.
817 16. 84.
818 15. 85.
819 15. 85.
820 15. 85.
821 14. 86.
822 15. 85.
823 15. 85.
824 15. 85.
825 15. 85.
826 16. 84.
827 16. 84.
828 16. 84.
829 16. 84.
830 16. 84.
831 16. 84.
832 16. 84.
833 15. 85.
834 15. 85.
835 15. 85.
836 15. 85.
837 15. 85.
838 15. 85.
839 15. 85.
840 15. 85.
841 15. 85.
842 15. 85.
843 15. 85.
844 15. 85.
845 15. 85.
846 15. 85.
847 15. 85.
848 15. 85.
849 15. 85.
850 15. 85.
851 15. 85.
852 15. 85.
853 15. 85.
854 15. 85.
855 15. 85.
856 15. 85.
857 14. 86.
858 14. 86.
859 14. 86.
860 14. 86.
861 14. 86.
862 14. 86.
863 14. 86.
864 13. 87.
865 13. 87.
866 13. 87.
867 13. 87.
868 13. 87.
869 13. 87.
870 13. 87.
871 13. 87.
872 13. 87.
873 13. 87.
874 13. 87.
875 13. 87.
876 13. 87.
877 13. 87.
878 13. 87.
879 13. 87.
880 13. 87.
881 13. 87.
882 13. 87.
883 13. 87.
884 13. 87.
885 13. 87.
886 13. 87.
887 13. 87.
888 13. 87.
889 13. 87.
890 14. 86.
891 14. 86.
892 14. 86.
893 14. 86.
894 14. 86.
895 14. 86.
896 14. 86.
897 14. 86.
898 14. 86.
899 14. 86.
900 14. 86.
901 14. 86.
902 14. 86.
903 14. 86.
904 14. 86.
905 14. 86.
906 14. 86.
907 14. 86.
908 13. 87.
909 13. 87.
910 13. 87.
911 13. 87.
912 13. 87.
913 12. 88.
914 12. 88.
915 12. 88.
916 12. 88.
917 12. 88.
918 12. 88.
919 12. 88.
920 12. 88.
921 12. 88.
922 12. 88.
923 12. 88.
924 12. 88.
925 12. 88.
926 12. 88.
927 12. 88.
928 12. 88.
929 12. 88.
930 12. 88.
931 12. 88.
932 13. 87.
933 13. 87.
934 13. 87.
935 13. 87.
936 13. 87.
937 13. 87.
938 13. 87.
939 13. 87.
940 13. 87.
941 14. 86.
942 14. 86.
943 14. 86.
944 14. 86.
945 14. 86.
946 14. 86.
947 14. 86.
948 14. 86.
949 14. 86.
950 14. 86.
951 14. 86.
952 14. 86.
953 14. 86.
954 14. 86.
955 14. 86.
956 14. 86.
957 14. 86.
958 13. 87.
959 12. 88.
960 12. 88.
961 12. 88.
962 11. 89.
963 11. 89.
964 11. 89.
965 11. 89.
966 11. 89.
967 11. 89.
968 11. 89.
969 12. 88.
970 12. 88.
971 12. 88.
972 12. 88.
973 12. 88.
974 12. 88.
975 12. 88.
976 12. 88.
977 12. 88.
978 13. 87.
979 13. 87.
980 13. 87.
981 13. 87.
982 13. 87.
983 13. 87.
984 13. 87.
985 13. 87.
986 12. 88.
987 12. 88.
988 12. 88.
989 12. 88.
990 12. 88.
991 13. 87.
992 13. 87.
993 13. 87.
994 13. 87.
995 13. 87.
996 13. 87.
997 13. 87.
998 13. 87.
999 13. 87.
1000 13. 87.
1001 13. 87.
1002 13. 87.
1003 13. 87.
1004 13. 87.
1005 13. 87.
1006 13. 87.
1007 12. 88.
1008 12. 88.
1009 12. 88.
1010 12. 88.
1011 12. 88.
1012 12. 88.
1013 12. 88.
1014 12. 88.
1015 12. 88.
1016 13. 87.
1017 13. 87.
1018 13. 87.
1019 13. 87.
1020 13. 87.
1021 13. 87.
1022 12. 88.
1023 12. 88.
1024 12. 88.
1025 12. 88.
1026 12. 88.
1027 12. 88.
1028 12. 88.
1029 13. 87.
1030 13. 87.
1031 13. 87.
1032 13. 87.
1033 13. 87.
1034 13. 87.
1035 13. 87.
1036 12. 88.
1037 12. 88.
1038 12. 88.
1039 12. 88.
1040 12. 88.
1041 12. 88.
1042 11. 89.
1043 11. 89.
1044 11. 89.
1045 11. 89.
1046 11. 89.
1047 11. 89.
1048 11. 89.
1049 11. 89.
1050 11. 89.
1051 11. 89.
1052 11. 89.
1053 11. 89.
1054 11. 89.
1055 11. 89.
1056 11. 89.
1057 11. 89.
1058 11. 89.
1059 11. 89.
1060 11. 89.
1061 11. 89.
1062 11. 89.
1063 11. 89.
1064 11. 89.
1065 11. 89.
1066 11. 89.
1067 11. 89.
1068 11. 89.
1069 11. 89.
1070 11. 89.
1071 11. 89.
1072 11. 89.
1073 11. 89.
1074 10. 90.
1075 10. 90.
1076 9. 91.
1077 9. 91.
1078 9. 91.
1079 9. 91.
1080 9. 91.
1081 9. 91.
1082 9. 91.
1083 10. 90.
1084 10. 90.
1085 10. 90.
1086 10. 90.
1087 10. 90.
1088 10. 90.
1089 10. 90.
1090 10. 90.
1091 10. 90.
1092 10. 90.
1093 10. 90.
1094 10. 90.
1095 10. 90.
1096 11. 89.
1097 11. 89.
1098 11. 89.
1099 12. 88.
1100 11. 89.
1101 11. 89.
1102 11. 89.
1103 11. 89.
1104 11. 89.
1105 11. 89.
1106 10. 90.
1107 10. 90.
1108 10. 90.
1109 10. 90.
1110 10. 90.
1111 10. 90.
1112 10. 90.
1113 10. 90.
1114 10. 90.
1115 10. 90.
1116 10. 90.
1117 11. 89.
1118 11. 89.
1119 11. 89.
1120 11. 89.
1121 11. 89.
1122 11. 89.
1123 11. 89.
1124 11. 89.
1125 11. 89.
1126 11. 89.
1127 10. 90.
1128 9. 91.
1129 9. 91.
1130 9. 91.
1131 9. 91.
1132 9. 91.
1133 9. 91.
1134 9. 91.
1135 9. 91.
1136 9. 91.
1137 9. 91.
1138 9. 91.
1139 9. 91.
1140 9. 91.
1141 9. 91.
1142 10. 90.
1143 10. 90.
1144 10. 90.
1145 10. 90.
1146 10. 90.
1147 10. 90.
1148 11. 89.
1149 11. 89.
1150 11. 89.
1151 10. 90.
1152 10. 90.
1153 10. 90.
1154 10. 90.
1155 11. 89.
1156 11. 89.
1157 12. 88.
1158 12. 88.
1159 12. 88.
1160 12. 88.
1161 12. 88.
1162 12. 88.
1163 12. 88.
1164 12. 88.
1165 12. 88.
1166 12. 88.
1167 11. 89.
1168 11. 89.
1169 11. 89.
1170 11. 89.
1171 11. 89.
1172 11. 89.
1173 11. 89.
1174 10. 90.
1175 10. 90.
1176 10. 90.
1177 10. 90.
1178 10. 90.
1179 10. 90.
1180 10. 90.
1181 10. 90.
1182 10. 90.
1183 10. 90.
1184 10. 90.
1185 10. 90.
1186 10. 90.
1187 10. 90.
1188 10. 90.
1189 10. 90.
1190 10. 90.
1191 10. 90.
1192 10. 90.
1193 9. 91.
1194 9. 91.
1195 9. 91.
1196 9. 91.
1197 9. 91.
1198 9. 91.
1199 9. 91.
1200 9. 91.
1201 9. 91.
1202 9. 91.
1203 9. 91.
1204 9. 91.
1205 9. 91.
1206 9. 91.
1207 9. 91.
1208 9. 91.
1209 9. 91.
1210 9. 91.
1211 9. 91.
1212 9. 91.
1213 9. 91.
1214 9. 91.
1215 9. 91.
1216 9. 91.
1217 9. 91.
1218 9. 91.
1219 8. 92.
1220 8. 92.
1221 8. 92.
1222 8. 92.
1223 8. 92.
1224 8. 92.
1225 8. 92.
1226 8. 92.
1227 8. 92.
1228 8. 92.
1229 8. 92.
1230 8. 92.
1231 8. 92.
1232 8. 92.
1233 7. 93.
1234 7. 93.
1235 7. 93.
1236 7. 93.
1237 7. 93.
1238 6. 94.
1239 6. 94.
1240 6. 94.
1241 6. 94.
1242 6. 94.
1243 6. 94.
1244 6. 94.
1245 6. 94.
1246 6. 94.
1247 6. 94.
1248 6. 94.
1249 6. 94.
1250 6. 94.
1251 6. 94.
1252 6. 94.
1253 6. 94.
1254 6. 94.
1255 6. 94.
1256 6. 94.
1257 6. 94.
1258 6. 94.
1259 6. 94.
1260 6. 94.
1261 6. 94.
1262 6. 94.
1263 6. 94.
1264 6. 94.
1265 5. 95.
1266 5. 95.
1267 5. 95.
1268 5. 95.
1269 5. 95.
1270 5. 95.
1271 5. 95.
1272 5. 95.
1273 5. 95.
1274 5. 95.
1275 5. 95.
1276 5. 95.
1277 5. 95.
1278 5. 95.
1279 5. 95.
1280 5. 95.
1281 5. 95.
1282 5. 95.
1283 5. 95.
1284 5. 95.
1285 5. 95.
1286 5. 95.
1287 5. 95.
1288 5. 95.
1289 5. 95.
1290 5. 95.
1291 5. 95.
1292 5. 95.
1293 5. 95.
1294 5. 95.
1295 5. 95.
1296 5. 95.
1297 5. 95.
1298 4. 96.
1299 4. 96.
1300 4. 96.
1301 4. 96.
1302 4. 96.
1303 5. 95.
1304 5. 95.
1305 5. 95.
1306 5. 95.
1307 5. 95.
1308 5. 95.
1309 5. 95.
1310 5. 95.
1311 5. 95.
1312 5. 95.
1313 5. 95.
1314 5. 95.
1315 6. 94.
1316 6. 94.
1317 6. 94.
1318 6. 94.
1319 6. 94.
1320 5. 95.
1321 5. 95.
1322 5. 95.
1323 5. 95.
1324 5. 95.
1325 5. 95.
1326 5. 95.
1327 5. 95.
1328 5. 95.
1329 5. 95.
1330 5. 95.
1331 5. 95.
1332 5. 95.
1333 5. 95.
1334 5. 95.
1335 5. 95.
1336 5. 95.
1337 5. 95.
1338 5. 95.
1339 5. 95.
1340 5. 95.
1341 5. 95.
1342 5. 95.
1343 5. 95.
1344 5. 95.
1345 5. 95.
1346 5. 95.
1347 5. 95.
1348 5. 95.
1349 5. 95.
1350 5. 95.
1351 5. 95.
1352 5. 95.
1353 5. 95.
1354 5. 95.
1355 5. 95.
1356 5. 95.
1357 5. 95.
1358 5. 95.
1359 5. 95.
1360 5. 95.
1361 5. 95.
1362 5. 95.
1363 5. 95.
1364 5. 95.
1365 6. 94.
1366 6. 94.
1367 6. 94.
1368 6. 94.
1369 6. 94.
1370 6. 94.
1371 6. 94.
1372 5. 95.
1373 4. 96.
1374 4. 96.
1375 4. 96.
1376 4. 96.
1377 4. 96.
1378 4. 96.
1379 4. 96.
1380 4. 96.
1381 4. 96.
1382 4. 96.
1383 4. 96.
1384 4. 96.
1385 4. 96.
1386 4. 96.
1387 4. 96.
1388 4. 96.
1389 4. 96.
1390 4. 96.
1391 4. 96.
1392 4. 96.
1393 4. 96.
1394 5. 95.
1395 5. 95.
1396 5. 95.
1397 5. 95.
1398 5. 95.
1399 5. 95.
1400 5. 95.
1401 5. 95.
1402 5. 95.
1403 5. 95.
1404 5. 95.
1405 5. 95.
1406 5. 95.
1407 5. 95.
1408 5. 95.
1409 6. 94.
1410 6. 94.
1411 6. 94.
1412 6. 94.
1413 6. 94.
1414 6. 94.
1415 6. 94.
1416 6. 94.
1417 6. 94.
1418 6. 94.
1419 6. 94.
1420 6. 94.
1421 6. 94.
1422 6. 94.
1423 6. 94.
1424 6. 94.
1425 6. 94.
1426 6. 94.
1427 6. 94.
1428 6. 94.
1429 6. 94.
1430 6. 94.
1431 6. 94.
1432 6. 94.
1433 6. 94.
1434 6. 94.
1435 6. 94.
1436 6. 94.
1437 6. 94.
1438 7. 93.
1439 7. 93.
1440 7. 93.
1441 7. 93.
1442 7. 93.
1443 7. 93.
1444 7. 93.
1445 7. 93.
1446 7. 93.
1447 7. 93.
1448 7. 93.
1449 7. 93.
1450 7. 93.
1451 7. 93.
1452 7. 93.
1453 7. 93.
1454 7. 93.
1455 7. 93.
1456 7. 93.
1457 7. 93.
1458 7. 93.
1459 7. 93.
1460 7. 93.
1461 7. 93.
1462 7. 93.
1463 7. 93.
1464 7. 93.
1465 7. 93.
1466 7. 93.
1467 7. 93.
1468 7. 93.
1469 7. 93.
1470 7. 93.
1471 7. 93.
1472 7. 93.
1473 7. 93.
1474 7. 93.
1475 7. 93.
1476 7. 93.
1477 7. 93.
1478 7. 93.
1479 7. 93.
1480 7. 93.
1481 7. 93.
1482 7. 93.
1483 7. 93.
1484 7. 93.
1485 7. 93.
1486 7. 93.
1487 7. 93.
1488 7. 93.
1489 7. 93.
1490 7. 93.
1491 7. 93.
1492 7. 93.
1493 7. 93.
1494 7. 93.
1495 7. 93.
1496 7. 93.
1497 7. 93.
1498 7. 93.
1499 7. 93.
1500 7. 93.
1501 7. 93.
1502 7. 93.
1503 7. 93.
1504 7. 93.
1505 7. 93.
1506 7. 93.
1507 7. 93.
1508 7. 93.
1509 7. 93.
1510 7. 93.
1511 7. 93.
1512 7. 93.
1513 7. 93.
1514 7. 93.
1515 7. 93.
1516 7. 93.
1517 7. 93.
1518 7. 93.
1519 7. 93.
1520 7. 93.
1521 7. 93.
1522 7. 93.
1523 7. 93.
1524 7. 93.
1525 7. 93.
1526 7. 93.
1527 7. 93.
1528 7. 93.
1529 7. 93.
1530 7. 93.
1531 7. 93.
1532 7. 93.
1533 7. 93.
1534 7. 93.
1535 7. 93.
1536 7. 93.
1537 7. 93.
1538 7. 93.
1539 7. 93.
1540 8. 92.
1541 8. 92.
1542 8. 92.
1543 8. 92.
1544 8. 92.
1545 8. 92.
1546 8. 92.
1547 7. 93.
1548 7. 93.
1549 7. 93.
1550 7. 93.
1551 7. 93.
1552 7. 93.
1553 7. 93.
1554 7. 93.
1555 8. 92.
1556 8. 92.
1557 9. 91.
1558 9. 91.
1559 9. 91.
1560 9. 91.
1561 9. 91.
1562 9. 91.
1563 9. 91.
1564 9. 91.
1565 9. 91.
1566 9. 91.
1567 9. 91.
1568 9. 91.
1569 9. 91.
1570 9. 91.
1571 9. 91.
1572 9. 91.
1573 9. 91.
1574 9. 91.
1575 9. 91.
1576 9. 91.
1577 9. 91.
1578 9. 91.
1579 9. 91.
1580 9. 91.
1581 9. 91.
1582 9. 91.
1583 9. 91.
1584 9. 91.
1585 9. 91.
1586 9. 91.
1587 8. 92.
1588 8. 92.
1589 9. 91.
1590 9. 91.
1591 9. 91.
1592 9. 91.
1593 9. 91.
1594 9. 91.
1595 9. 91.
1596 9. 91.
1597 9. 91.
1598 9. 91.
1599 8. 92.
1600 8. 92.
1601 8. 92.
1602 8. 92.
1603 8. 92.
1604 8. 92.
1605 8. 92.
1606 8. 92.
1607 8. 92.
1608 8. 92.
1609 8. 92.
1610 8. 92.
1611 8. 92.
1612 8. 92.
1613 8. 92.
1614 8. 92.
1615 8. 92.
1616 8. 92.
1617 8. 92.
1618 8. 92.
1619 8. 92.
1620 8. 92.
1621 8. 92.
1622 8. 92.
1623 8. 92.
1624 8. 92.
1625 8. 92.
1626 8. 92.
1627 8. 92.
1628 8. 92.
1629 8. 92.
1630 8. 92.
1631 8. 92.
1632 8. 92.
1633 8. 92.
1634 8. 92.
1635 8. 92.
1636 8. 92.
1637 8. 92.
1638 7. 93.
1639 7. 93.
1640 7. 93.
1641 7. 93.
1642 7. 93.
1643 7. 93.
1644 7. 93.
1645 7. 93.
1646 7. 93.
1647 8. 92.
1648 8. 92.
1649 8. 92.
1650 8. 92.
1651 8. 92.
1652 8. 92.
1653 8. 92.
1654 8. 92.
1655 8. 92.
1656 8. 92.
1657 8. 92.
1658 8. 92.
1659 8. 92.
1660 8. 92.
1661 8. 92.
1662 8. 92.
1663 8. 92.
1664 7. 93.
1665 7. 93.
1666 7. 93.
1667 7. 93.
1668 7. 93.
1669 7. 93.
1670 8. 92.
1671 8. 92.
1672 8. 92.
1673 8. 92.
1674 8. 92.
1675 8. 92.
1676 8. 92.
1677 8. 92.
1678 8. 92.
1679 7. 93.
1680 7. 93.
1681 7. 93.
1682 7. 93.
1683 7. 93.
1684 7. 93.
1685 8. 92.
1686 8. 92.
1687 8. 92.
1688 8. 92.
1689 8. 92.
1690 8. 92.
1691 8. 92.
1692 8. 92.
1693 8. 92.
1694 8. 92.
1695 8. 92.
1696 9. 91.
1697 8. 92.
1698 8. 92.
1699 8. 92.
1700 8. 92.
1701 8. 92.
1702 8. 92.
1703 8. 92.
1704 8. 92.
1705 8. 92.
1706 8. 92.
1707 8. 92.
1708 9. 91.
1709 9. 91.
1710 9. 91.
1711 9. 91.
1712 9. 91.
1713 9. 91.
1714 9. 91.
1715 9. 91.
1716 8. 92.
1717 8. 92.
1718 8. 92.
1719 8. 92.
1720 9. 91.
1721 9. 91.
1722 9. 91.
1723 8. 92.
1724 8. 92.
1725 8. 92.
1726 8. 92.
1727 8. 92.
1728 8. 92.
1729 8. 92.
1730 8. 92.
1731 8. 92.
1732 8. 92.
1733 8. 92.
1734 8. 92.
1735 8. 92.
1736 8. 92.
1737 8. 92.
1738 8. 92.
1739 8. 92.
1740 8. 92.
1741 8. 92.
1742 8. 92.
1743 8. 92.
1744 8. 92.
1745 8. 92.
1746 8. 92.
1747 8. 92.
1748 8. 92.
1749 8. 92.
1750 8. 92.
1751 8. 92.
1752 9. 91.
1753 9. 91.
1754 9. 91.
1755 9. 91.
1756 9. 91.
1757 9. 91.
1758 9. 91.
1759 9. 91.
1760 8. 92.
1761 8. 92.
1762 8. 92.
1763 8. 92.
1764 8. 92.
1765 8. 92.
1766 8. 92.
1767 8. 92.
1768 8. 92.
1769 8. 92.
1770 8. 92.
1771 8. 92.
1772 8. 92.
1773 8. 92.
1774 8. 92.
1775 8. 92.
1776 8. 92.
1777 8. 92.
1778 8. 92.
1779 8. 92.
1780 8. 92.
1781 8. 92.
1782 8. 92.
1783 8. 92.
1784 8. 92.
1785 8. 92.
1786 8. 92.
1787 8. 92.
1788 8. 92.
1789 8. 92.
1790 8. 92.
1791 8. 92.
1792 8. 92.
1793 8. 92.
1794 8. 92.
1795 8. 92.
1796 8. 92.
1797 8. 92.
1798 8. 92.
1799 8. 92.
1800 8. 92.
1801 8. 92.
1802 8. 92.
1803 8. 92.
1804 8. 92.
1805 8. 92.
1806 8. 92.
1807 8. 92.
1808 8. 92.
1809 8. 92.
1810 9. 91.
1811 10. 90.
1812 10. 90.
1813 10. 90.
1814 11. 89.
1815 10. 90.
1816 10. 90.
1817 10. 90.
1818 10. 90.
1819 9. 91.
1820 9. 91.
1821 9. 91.
1822 9. 91.
1823 9. 91.
1824 9. 91.
1825 9. 91.
1826 9. 91.
1827 9. 91.
1828 9. 91.
1829 9. 91.
1830 9. 91.
1831 9. 91.
1832 9. 91.
1833 9. 91.
1834 10. 90.
1835 10. 90.
1836 10. 90.
1837 10. 90.
1838 10. 90.
1839 10. 90.
1840 9. 91.
1841 9. 91.
1842 9. 91.
1843 9. 91.
1844 9. 91.
1845 9. 91.
1846 9. 91.
1847 9. 91.
1848 9. 91.
1849 9. 91.
1850 9. 91.
1851 9. 91.
1852 9. 91.
1853 9. 91.
1854 9. 91.
1855 9. 91.
1856 9. 91.
1857 9. 91.
1858 9. 91.
1859 9. 91.
1860 8. 92.
1861 8. 92.
1862 8. 92.
1863 8. 92.
1864 8. 92.
1865 8. 92.
1866 8. 92.
1867 8. 92.
1868 8. 92.
1869 8. 92.
1870 8. 92.
1871 8. 92.
1872 8. 92.
1873 8. 92.
1874 8. 92.
1875 8. 92.
1876 8. 92.
1877 8. 92.
1878 8. 92.
1879 8. 92.
1880 8. 92.
1881 8. 92.
1882 8. 92.
1883 8. 92.
1884 8. 92.
1885 8. 92.
1886 9. 91.
1887 9. 91.
1888 9. 91.
1889 9. 91.
1890 9. 91.
1891 9. 91.
1892 9. 91.
1893 9. 91.
1894 9. 91.
1895 9. 91.
1896 9. 91.
1897 9. 91.
1898 8. 92.
1899 8. 92.
1900 8. 92.
1901 8. 92.
1902 8. 92.
1903 8. 92.
1904 8. 92.
1905 8. 92.
1906 8. 92.
1907 8. 92.
1908 9. 91.
1909 9. 91.
1910 9. 91.
1911 9. 91.
1912 9. 91.
1913 9. 91.
1914 8. 92.
1915 8. 92.
1916 8. 92.
1917 8. 92.
1918 8. 92.
1919 8. 92.
1920 8. 92.
1921 8. 92.
1922 8. 92.
1923 8. 92.
1924 8. 92.
1925 8. 92.
1926 8. 92.
1927 9. 91.
1928 9. 91.
1929 10. 90.
1930 10. 90.
1931 10. 90.
1932 10. 90.
1933 10. 90.
1934 10. 90.
1935 10. 90.
1936 11. 89.
1937 11. 89.
1938 11. 89.
1939 11. 89.
1940 11. 89.
1941 11. 89.
1942 11. 89.
1943 11. 89.
1944 11. 89.
1945 11. 89.
1946 10. 90.
1947 10. 90.
1948 9. 91.
1949 9. 91.
1950 9. 91.
1951 9. 91.
1952 9. 91.
1953 9. 91.
1954 9. 91.
1955 9. 91.
1956 8. 92.
1957 8. 92.
1958 8. 92.
1959 8. 92.
1960 8. 92.
1961 8. 92.
1962 8. 92.
1963 8. 92.
1964 8. 92.
1965 8. 92.
1966 8. 92.
1967 8. 92.
1968 8. 92.
1969 8. 92.
1970 8. 92.
1971 8. 92.
1972 8. 92.
1973 8. 92.
1974 8. 92.
1975 9. 91.
1976 9. 91.
1977 9. 91.
1978 9. 91.
1979 9. 91.
1980 9. 91.
1981 9. 91.
1982 9. 91.
1983 9. 91.
1984 9. 91.
1985 9. 91.
1986 8. 92.
1987 8. 92.
1988 8. 92.
1989 8. 92.
1990 8. 92.
1991 8. 92.
1992 8. 92.
1993 8. 92.
1994 8. 92.
1995 8. 92.
1996 8. 92.
1997 8. 92.
1998 8. 92.
1999 8. 92.
2000 8. 92.
2001 8. 92.
2002 8. 92.
2003 8. 92.
2004 8. 92.
2005 8. 92.
2006 8. 92.
2007 8. 92.
2008 8. 92.
2009 8. 92.
2010 8. 92.
2011 8. 92.
2012 7. 93.
2013 7. 93.
2014 6. 94.
2015 6. 94.
2016 6. 94.
2017 6. 94.
2018 6. 94.
2019 6. 94.
2020 6. 94.
2021 5. 95.
2022 5. 95.
2023 5. 95.
2024 5. 95.
2025 5. 95.
2026 5. 95.
2027 5. 95.
2028 5. 95.
2029 5. 95.
2030 4. 96.
2031 4. 96.
2032 4. 96.
2033 4. 96.
2034 4. 96.
2035 4. 96.
2036 3. 97.
2037 3. 97.
2038 3. 97.
2039 3. 97.
2040 3. 97.
2041 3. 97.
2042 3. 97.
2043 3. 97.
2044 3. 97.
2045 3. 97.
2046 3. 97.
2047 3. 97.
2048 3. 97.
2049 3. 97.
2050 3. 97.
2051 3. 97.
2052 3. 97.
2053 3. 97.
2054 3. 97.
2055 3. 97.
2056 3. 97.
2057 3. 97.
2058 3. 97.
2059 3. 97.
2060 3. 97.
2061 3. 97.
2062 3. 97.
2063 3. 97.
2064 3. 97.
2065 3. 97.
2066 3. 97.
2067 3. 97.
2068 3. 97.
2069 3. 97.
2070 3. 97.
2071 3. 97.
2072 3. 97.
2073 3. 97.
2074 3. 97.
2075 3. 97.
2076 3. 97.
2077 3. 97.
2078 3. 97.
2079 3. 97.
2080 3. 97.
2081 3. 97.
2082 3. 97.
2083 3. 97.
2084 3. 97.
2085 3. 97.
2086 3. 97.
2087 3. 97.
2088 3. 97.
2089 3. 97.
2090 3. 97.
2091 3. 97.
2092 3. 97.
2093 3. 97.
2094 3. 97.
2095 3. 97.
2096 3. 97.
2097 3. 97.
2098 3. 97.
2099 3. 97.
2100 3. 97.
2101 3. 97.
2102 3. 97.
2103 3. 97.
2104 3. 97.
2105 3. 97.
2106 3. 97.
2107 3. 97.
2108 2. 98.
2109 2. 98.
2110 2. 98.
2111 2. 98.
2112 2. 98.
2113 2. 98.
2114 2. 98.
2115 2. 98.
2116 2. 98.
2117 2. 98.
2118 2. 98.
2119 2. 98.
2120 2. 98.
2121 2. 98.
2122 2. 98.
2123 2. 98.
2124 2. 98.
2125 2. 98.
2126 2. 98.
2127 2. 98.
2128 2. 98.
2129 2. 98.
2130 2. 98.
2131 2. 98.
2132 2. 98.
2133 2. 98.
2134 2. 98.
2135 2. 98.
2136 2. 98.
2137 2. 98.
2138 2. 98.
2139 2. 98.
2140 2. 98.
2141 2. 98.
2142 2. 98.
2143 2. 98.
2144 2. 98.
2145 2. 98.
2146 1. 99.
2147 1. 99.
2148 1. 99.
2149 1. 99.
2150 1. 99.
2151 1. 99.
2152 1. 99.
2153 1. 99.
2154 1. 99.
2155 1. 99.
2156 1. 99.
2157 1. 99.
2158 1. 99.
2159 1. 99.
2160 1. 99.
2161 1. 99.
2162 1. 99.
2163 1. 99.
2164 1. 99.
2165 1. 99.
2166 1. 99.
2167 1. 99.
2168 1. 99.
2169 1. 99.
2170 1. 99.
2171 1. 99.
2172 1. 99.
2173 1. 99.
2174 1. 99.
2175 1. 99.
2176 1. 99.
2177 1. 99.
2178 1. 99.
2179 1. 99.
2180 1. 99.
2181 1. 99.
2182 1. 99.
2183 1. 99.
2184 1. 99.
2185 1. 99.
2186 1. 99.
2187 1. 99.
2188 1. 99.
2189 1. 99.
2190 1. 99.
2191 1. 99.
2192 1. 99.
2193 1. 99.
2194 1. 99.
2195 1. 99.
2196 1. 99.
2197 1. 99.
2198 1. 99.
2199 1. 99.
2200 1. 99.
2201 1. 99.
2202 1. 99.
2203 1. 99.
2204 1. 99.
2205 1. 99.
2206 1. 99.
2207 1. 99.
2208 1. 99.
2209 1. 99.
2210 1. 99.
2211 1. 99.
2212 1. 99.
2213 1. 99.
2214 1. 99.
2215 1. 99.
2216 1. 99.
2217 1. 99.
2218 1. 99.
2219 1. 99.
2220 1. 99.
2221 1. 99.
2222 1. 99.
2223 1. 99.
2224 1. 99.
2225 1. 99.
2226 1. 99.
2227 1. 99.
2228 1. 99.
2229 1. 99.
2230 1. 99.
2231 1. 99.
2232 1. 99.
2233 1. 99.
2234 1. 99.
2235 1. 99.
2236 1. 99.
2237 1. 99.
2238 1. 99.
2239 1. 99.
2240 1. 99.
2241 1. 99.
2242 1. 99.
2243 1. 99.
2244 1. 99.
2245 1. 99.
2246 1. 99.
2247 1. 99.
2248 1. 99.
2249 1. 99.
2250 1. 99.
2251 1. 99.
2252 1. 99.
2253 1. 99.
2254 1. 99.
2255 1. 99.
2256 1. 99.
2257 1. 99.
2258 1. 99.
2259 1. 99.
2260 1. 99.
2261 1. 99.
2262 1. 99.
2263 1. 99.
2264 1. 99.
2265 1. 99.
2266 1. 99.
2267 1. 99.
2268 1. 99.
2269 1. 99.
2270 1. 99.
2271 1. 99.
2272 1. 99.
2273 1. 99.
2274 1. 99.
2275 1. 99.
2276 1. 99.
2277 1. 99.
2278 1. 99.
2279 1. 99.
2280 1. 99.
2281 1. 99.
2282 1. 99.
2283 1. 99.
2284 1. 99.
2285 1. 99.
2286 1. 99.
2287 1. 99.
2288 1. 99.
2289 1. 99.
2290 1. 99.
2291 1. 99.
2292 1. 99.
2293 1. 99.
2294 1. 99.
2295 1. 99.
2296 1. 99.
2297 1. 99.
2298 1. 99.
2299 1. 99.
2300 1. 99.
2301 1. 99.
2302 1. 99.
2303 1. 99.
2304 1. 99.
2305 1. 99.
2306 1. 99.
2307 1. 99.
2308 1. 99.
2309 1. 99.
2310 1. 99.
2311 1. 99.
2312 1. 99.
2313 1. 99.
2314 1. 99.
2315 1. 99.
2316 1. 99.
2317 1. 99.
2318 1. 99.
2319 1. 99.
2320 1. 99.
2321 1. 99.
2322 1. 99.
2323 1. 99.
2324 1. 99.
2325 1. 99.
2326 1. 99.
2327 1. 99.
2328 1. 99.
2329 1. 99.
2330 1. 99.
2331 1. 99.
2332 1. 99.
2333 1. 99.
2334 1. 99.
2335 1. 99.
2336 1. 99.
2337 1. 99.
2338 1. 99.
2339 1. 99.
2340 1. 99.
2341 1. 99.
2342 1. 99.
2343 1. 99.
2344 1. 99.
2345 1. 99.
2346 1. 99.
2347 1. 99.
2348 1. 99.
2349 1. 99.
2350 1. 99.
2351 1. 99.
2352 1. 99.
2353 1. 99.
2354 1. 99.
2355 1. 99.
2356 1. 99.
2357 1. 99.
2358 1. 99.
2359 1. 99.
2360 1. 99.
2361 1. 99.
2362 1. 99.
2363 1. 99.
2364 1. 99.
2365 1. 99.
2366 1. 99.
2367 1. 99.
2368 1. 99.
2369 1. 99.
2370 1. 99.
2371 1. 99.
2372 1. 99.
2373 1. 99.
2374 1. 99.
2375 1. 99.
2376 1. 99.
2377 1. 99.
2378 1. 99.
2379 1. 99.
2380 1. 99.
2381 1. 99.
2382 1. 99.
2383 1. 99.
2384 1. 99.
2385 1. 99.
2386 1. 99.
2387 1. 99.
2388 1. 99.
2389 1. 99.
2390 1. 99.
2391 1. 99.
2392 1. 99.
2393 1. 99.
2394 1. 99.
2395 1. 99.
2396 2. 98.
2397 2. 98.
2398 2. 98.
2399 2. 98.
2400 2. 98.
2401 2. 98.
2402 2. 98.
2403 2. 98.
2404 3. 97.
2405 3. 97.
2406 3. 97.
2407 3. 97.
2408 3. 97.
2409 3. 97.
2410 3. 97.
2411 3. 97.
2412 3. 97.
2413 3. 97.
2414 3. 97.
2415 3. 97.
2416 3. 97.
2417 3. 97.
2418 3. 97.
2419 3. 97.
2420 3. 97.
2421 3. 97.
2422 3. 97.
2423 3. 97.
2424 3. 97.
2425 3. 97.
2426 3. 97.
2427 3. 97.
2428 3. 97.
2429 3. 97.
2430 3. 97.
2431 3. 97.
2432 3. 97.
2433 3. 97.
2434 3. 97.
2435 3. 97.
2436 2. 98.
2437 2. 98.
2438 2. 98.
2439 2. 98.
2440 2. 98.
2441 2. 98.
2442 2. 98.
2443 2. 98.
2444 2. 98.
2445 2. 98.
2446 2. 98.
2447 2. 98.
2448 2. 98.
2449 2. 98.
2450 2. 98.
2451 2. 98.
2452 2. 98.
2453 2. 98.
2454 2. 98.
2455 2. 98.
2456 2. 98.
2457 2. 98.
2458 2. 98.
2459 2. 98.
2460 2. 98.
2461 2. 98.
2462 2. 98.
2463 2. 98.
2464 2. 98.
2465 2. 98.
2466 2. 98.
2467 2. 98.
2468 2. 98.
2469 2. 98.
2470 2. 98.
2471 2. 98.
2472 2. 98.
2473 2. 98.
2474 2. 98.
2475 2. 98.
2476 2. 98.
2477 2. 98.
2478 2. 98.
2479 2. 98.
2480 2. 98.
2481 2. 98.
2482 2. 98.
2483 2. 98.
2484 2. 98.
2485 2. 98.
2486 2. 98.
2487 2. 98.
2488 2. 98.
2489 2. 98.
2490 2. 98.
2491 2. 98.
2492 2. 98.
2493 2. 98.
2494 2. 98.
2495 2. 98.
2496 2. 98.
2497 2. 98.
2498 2. 98.
2499 2. 98.
2500 2. 98.
2501 2. 98.
2502 2. 98.
2503 2. 98.
2504 2. 98.
2505 2. 98.
2506 2. 98.
2507 2. 98.
2508 2. 98.
2509 2. 98.
2510 2. 98.
2511 2. 98.
2512 2. 98.
2513 2. 98.
2514 2. 98.
2515 2. 98.
2516 2. 98.
2517 2. 98.
2518 2. 98.
2519 2. 98.
2520 2. 98.
2521 2. 98.
2522 2. 98.
2523 2. 98.
2524 2. 98.
2525 2. 98.
2526 2. 98.
2527 2. 98.
2528 2. 98.
2529 2. 98.
2530 2. 98.
2531 2. 98.
2532 2. 98.
2533 2. 98.
2534 2. 98.
2535 2. 98.
2536 2. 98.
2537 2. 98.
2538 2. 98.
2539 2. 98.
2540 2. 98.
2541 2. 98.
2542 2. 98.
2543 2. 98.
2544 2. 98.
2545 2. 98.
2546 2. 98.
2547 2. 98.
2548 3. 97.
2549 3. 97.
2550 3. 97.
2551 3. 97.
2552 3. 97.
2553 3. 97.
2554 3. 97.
2555 3. 97.
2556 3. 97.
2557 3. 97.
2558 3. 97.
2559 3. 97.
2560 3. 97.
2561 3. 97.
2562 3. 97.
2563 3. 97.
2564 2. 98.
2565 2. 98.
2566 2. 98.
2567 2. 98.
2568 2. 98.
2569 2. 98.
2570 2. 98.
2571 1. 99.
2572 2. 98.
2573 2. 98.
2574 2. 98.
2575 2. 98.
2576 2. 98.
2577 2. 98.
2578 2. 98.
2579 2. 98.
2580 2. 98.
2581 2. 98.
2582 2. 98.
2583 2. 98.
2584 2. 98.
2585 2. 98.
2586 2. 98.
2587 2. 98.
2588 2. 98.
2589 2. 98.
2590 2. 98.
2591 2. 98.
2592 2. 98.
2593 2. 98.
2594 2. 98.
2595 2. 98.
2596 2. 98.
2597 2. 98.
2598 2. 98.
2599 2. 98.
2600 2. 98.
2601 2. 98.
2602 2. 98.
2603 2. 98.
2604 2. 98.
2605 2. 98.
2606 2. 98.
2607 2. 98.
2608 2. 98.
2609 2. 98.
2610 2. 98.
2611 2. 98.
2612 2. 98.
2613 2. 98.
2614 2. 98.
2615 2. 98.
2616 2. 98.
2617 2. 98.
2618 2. 98.
2619 2. 98.
2620 2. 98.
2621 2. 98.
2622 2. 98.
2623 2. 98.
2624 2. 98.
2625 2. 98.
2626 2. 98.
2627 2. 98.
2628 2. 98.
2629 2. 98.
2630 2. 98.
2631 2. 98.
2632 2. 98.
2633 2. 98.
2634 2. 98.
2635 2. 98.
2636 2. 98.
2637 2. 98.
2638 2. 98.
2639 2. 98.
2640 2. 98.
2641 2. 98.
2642 2. 98.
2643 2. 98.
2644 2. 98.
2645 2. 98.
2646 2. 98.
2647 2. 98.
2648 2. 98.
2649 2. 98.
2650 2. 98.
2651 2. 98.
2652 2. 98.
2653 2. 98.
2654 2. 98.
2655 2. 98.
2656 2. 98.
2657 2. 98.
2658 2. 98.
2659 2. 98.
2660 2. 98.
2661 2. 98.
2662 2. 98.
2663 2. 98.
2664 2. 98.
2665 2. 98.
2666 1. 99.
2667 1. 99.
2668 1. 99.
2669 1. 99.
2670 1. 99.
2671 1. 99.
2672 1. 99.
2673 1. 99.
2674 1. 99.
2675 1. 99.
2676 1. 99.
2677 1. 99.
2678 1. 99.
2679 1. 99.
2680 1. 99.
2681 1. 99.
2682 1. 99.
2683 1. 99.
2684 1. 99.
2685 1. 99.
2686 1. 99.
2687 1. 99.
2688 1. 99.
2689 1. 99.
2690 1. 99.
2691 1. 99.
2692 1. 99.
2693 1. 99.
2694 1. 99.
2695 1. 99.
2696 1. 99.
2697 1. 99.
2698 1. 99.
2699 1. 99.
2700 1. 99.
2701 1. 99.
2702 1. 99.
2703 1. 99.
2704 1. 99.
2705 1. 99.
2706 1. 99.
2707 1. 99.
2708 1. 99.
2709 1. 99.
2710 1. 99.
2711 1. 99.
2712 1. 99.
2713 1. 99.
2714 1. 99.
2715 1. 99.
2716 1. 99.
2717 1. 99.
2718 1. 99.
2719 1. 99.
2720 1. 99.
2721 1. 99.
2722 1. 99.
2723 1. 99.
2724 1. 99.
2725 1. 99.
2726 1. 99.
2727 1. 99.
2728 1. 99.
2729 1. 99.
2730 1. 99.
2731 1. 99.
2732 1. 99.
2733 1. 99.
2734 1. 99.
2735 1. 99.
2736 1. 99.
2737 1. 99.
2738 1. 99.
2739 1. 99.
2740 1. 99.
2741 1. 99.
2742 1. 99.
2743 1. 99.
2744 1. 99.
2745 1. 99.
2746 1. 99.
2747 1. 99.
2748 1. 99.
2749 1. 99.
2750 1. 99.
2751 1. 99.
2752 1. 99.
2753 1. 99.
2754 1. 99.
2755 1. 99.
2756 1. 99.
2757 1. 99.
2758 1. 99.
2759 1. 99.
2760 1. 99.
2761 1. 99.
2762 1. 99.
2763 1. 99.
2764 1. 99.
2765 1. 99.
2766 1. 99.
2767 1. 99.
2768 1. 99.
2769 1. 99.
2770 1. 99.
2771 1. 99.
2772 1. 99.
2773 1. 99.
2774 1. 99.
2775 1. 99.
2776 1. 99.
2777 1. 99.
2778 1. 99.
2779 1. 99.
2780 1. 99.
2781 1. 99.
2782 1. 99.
2783 1. 99.
2784 1. 99.
2785 1. 99.
2786 1. 99.
2787 1. 99.
2788 1. 99.
2789 1. 99.
2790 1. 99.
2791 1. 99.
2792 1. 99.
2793 1. 99.
2794 1. 99.
2795 1. 99.
2796 1. 99.
2797 1. 99.
2798 1. 99.
2799 1. 99.
2800 1. 99.
2801 1. 99.
2802 1. 99.
2803 1. 99.
2804 1. 99.
2805 1. 99.
2806 1. 99.
2807 1. 99.
2808 1. 99.
2809 1. 99.
2810 1. 99.
2811 1. 99.
2812 1. 99.
2813 1. 99.
2814 1. 99.
2815 1. 99.
2816 1. 99.
2817 1. 99.
2818 1. 99.
2819 1. 99.
2820 1. 99.
2821 1. 99.
2822 1. 99.
2823 1. 99.
2824 1. 99.
2825 1. 99.
2826 1. 99.
2827 1. 99.
2828 1. 99.
2829 1. 99.
2830 1. 99.
2831 1. 99.
2832 1. 99.
2833 1. 99.
2834 1. 99.
2835 1. 99.
2836 1. 99.
2837 1. 99.
2838 1. 99.
2839 1. 99.
2840 1. 99.
2841 1. 99.
2842 1. 99.
2843 2. 98.
2844 2. 98.
2845 2. 98.
2846 2. 98.
2847 2. 98.
2848 2. 98.
2849 2. 98.
2850 2. 98.
2851 2. 98.
2852 2. 98.
2853 2. 98.
2854 2. 98.
2855 2. 98.
2856 2. 98.
2857 2. 98.
2858 2. 98.
2859 2. 98.
2860 2. 98.
2861 2. 98.
2862 2. 98.
2863 2. 98.
2864 2. 98.
2865 2. 98.
2866 2. 98.
2867 2. 98.
2868 2. 98.
2869 2. 98.
2870 2. 98.
2871 2. 98.
2872 2. 98.
2873 2. 98.
2874 2. 98.
2875 2. 98.
2876 2. 98.
2877 2. 98.
2878 2. 98.
2879 2. 98.
2880 2. 98.
2881 2. 98.
2882 2. 98.
2883 2. 98.
2884 2. 98.
2885 2. 98.
2886 1. 99.
2887 1. 99.
2888 1. 99.
2889 1. 99.
2890 1. 99.
2891 1. 99.
2892 1. 99.
2893 1. 99.
2894 1. 99.
2895 1. 99.
2896 1. 99.
2897 1. 99.
2898 1. 99.
2899 1. 99.
2900 1. 99.
2901 1. 99.
2902 1. 99.
2903 1. 99.
2904 1. 99.
2905 1. 99.
2906 1. 99.
2907 1. 99.
2908 1. 99.
2909 1. 99.
2910 1. 99.
2911 1. 99.
2912 1. 99.
2913 1. 99.
2914 1. 99.
2915 1. 99.
2916 1. 99.
2917 1. 99.
2918 1. 99.
2919 1. 99.
2920 1. 99.
2921 1. 99.
2922 1. 99.
2923 1. 99.
2924 1. 99.
