0 17. 83.
1 17. 83.
2 18. 82.
3 18. 82.
4 18. 82.
5 18. 82.
6 18. 82.
7 19. 81.
8 20. 80.
9 20. 80.
10 20. 80.
11 20. 80.
12 20. 80.
13 20. 80.
14 19. 81.
15 18. 82.
16 19. 81.
17 19. 81.
18 19. 81.
19 19. 81.
20 19. 81.
21 19. 81.
22 19. 81.
23 19. 81.
24 19. 81.
25 19. 81.
26 18. 82.
27 18. 82.
28 18. 82.
29 18. 82.
30 18. 82.
31 18. 82.
32 18. 82.
33 18. 82.
34 18. 82.
35 18. 82.
36 18. 82.
37 18. 82.
38 18. 82.
39 18. 82.
40 18. 82.
41 17. 83.
42 17. 83.
43 17. 83.
44 18. 82.
45 18. 82.
46 18. 82.
47 18. 82.
48 18. 82.
49 18. 82.
50 18. 82.
51 18. 82.
52 18. 82.
53 18. 82.
54 18. 82.
55 18. 82.
56 18. 82.
57 18. 82.
58 19. 81.
59 19. 81.
60 20. 80.
61 20. 80.
62 20. 80.
63 20. 80.
64 20. 80.
65 20. 80.
66 20. 80.
67 19. 81.
68 19. 81.
69 19. 81.
70 19. 81.
71 19. 81.
72 19. 81.
73 19. 81.
74 19. 81.
75 20. 80.
76 20. 80.
77 21. 79.
78 22. 78.
79 22. 78.
80 22. 78.
81 22. 78.
82 22. 78.
83 22. 78.
84 22. 78.
85 22. 78.
86 21. 79.
87 21. 79.
88 21. 79.
89 22. 78.
90 23. 77.
91 23. 77.
92 23. 77.
93 23. 77.
94 23. 77.
95 23. 77.
96 23. 77.
97 23. 77.
98 24. 76.
99 24. 76.
100 24. 76.
101 23. 77.
102 23. 77.
103 23. 77.
104 23. 77.
105 24. 76.
106 24. 76.
107 24. 76.
108 24. 76.
109 25. 75.
110 25. 75.
111 25. 75.
112 25. 75.
113 24. 76.
114 24. 76.
115 24. 76.
116 24. 76.
117 24. 76.
118 24. 76.
119 24. 76.
120 24. 76.
121 24. 76.
122 25. 75.
123 25. 75.
124 25. 75.
125 25. 75.
126 25. 75.
127 25. 75.
128 24. 76.
129 25. 75.
130 25. 75.
131 25. 75.
132 25. 75.
133 25. 75.
134 25. 75.
135 25. 75.
136 25. 75.
137 25. 75.
138 25. 75.
139 25. 75.
140 25. 75.
141 25. 75.
142 26. 74.
143 26. 74.
144 27. 73.
145 28. 72.
146 28. 72.
147 28. 72.
148 28. 72.
149 28. 72.
150 28. 72.
151 28. 72.
152 28. 72.
153 28. 72.
154 29. 71.
155 28. 72.
156 28. 72.
157 28. 72.
158 28. 72.
159 28. 72.
160 28. 72.
161 28. 72.
162 28. 72.
163 28. 72.
164 28. 72.
165 29. 71.
166 29. 71.
167 29. 71.
168 30. 70.
169 30. 70.
170 31. 69.
171 31. 69.
172 31. 69.
173 31. 69.
174 31. 69.
175 31. 69.
176 31. 69.
177 31. 69.
178 31. 69.
179 31. 69.
180 31. 69.
181 31. 69.
182 30. 70.
183 30. 70.
184 30. 70.
185 30. 70.
186 29. 71.
187 29. 71.
188 29. 71.
189 29. 71.
190 29. 71.
191 29. 71.
192 29. 71.
193 29. 71.
194 29. 71.
195 30. 70.
196 31. 69.
197 31. 69.
198 30. 70.
199 29. 71.
200 29. 71.
201 29. 71.
202 29. 71.
203 29. 71.
204 29. 71.
205 30. 70.
206 29. 71.
207 29. 71.
208 29. 71.
209 30. 70.
210 30. 70.
211 30. 70.
212 30. 70.
213 30. 70.
214 30. 70.
215 30. 70.
216 30. 70.
217 30. 70.
218 29. 71.
219 29. 71.
220 28. 72.
221 28. 72.
222 28. 72.
223 28. 72.
224 28. 72.
225 28. 72.
226 27. 73.
227 27. 73.
228 27. 73.
229 27. 73.
230 26. 74.
231 26. 74.
232 26. 74.
233 27. 73.
234 27. 73.
235 27. 73.
236 27. 73.
237 26. 74.
238 27. 73.
239 27. 73.
240 27. 73.
241 27. 73.
242 26. 74.
243 26. 74.
244 26. 74.
245 26. 74.
246 26. 74.
247 26. 74.
248 26. 74.
249 25. 75.
250 24. 76.
251 25. 75.
252 25. 75.
253 25. 75.
254 25. 75.
255 25. 75.
256 26. 74.
257 26. 74.
258 26. 74.
259 25. 75.
260 25. 75.
261 25. 75.
262 25. 75.
263 25. 75.
264 25. 75.
265 25. 75.
266 25. 75.
267 25. 75.
268 25. 75.
269 25. 75.
270 25. 75.
271 25. 75.
272 25. 75.
273 25. 75.
274 25. 75.
275 25. 75.
276 25. 75.
277 25. 75.
278 25. 75.
279 25. 75.
280 25. 75.
281 25. 75.
282 26. 74.
283 26. 74.
284 26. 74.
285 26. 74.
286 26. 74.
287 26. 74.
288 26. 74.
289 26. 74.
290 26. 74.
291 26. 74.
292 26. 74.
293 27. 73.
294 27. 73.
295 27. 73.
296 27. 73.
297 27. 73.
298 27. 73.
299 27. 73.
300 27. 73.
301 27. 73.
302 27. 73.
303 27. 73.
304 27. 73.
305 27. 73.
306 27. 73.
307 27. 73.
308 27. 73.
309 27. 73.
310 27. 73.
311 27. 73.
312 27. 73.
313 28. 72.
314 29. 71.
315 29. 71.
316 29. 71.
317 28. 72.
318 28. 72.
319 28. 72.
320 28. 72.
321 28. 72.
322 28. 72.
323 28. 72.
324 29. 71.
325 29. 71.
326 30. 70.
327 30. 70.
328 30. 70.
329 30. 70.
330 30. 70.
331 31. 69.
332 31. 69.
333 31. 69.
334 32. 68.
335 32. 68.
336 32. 68.
337 32. 68.
338 32. 68.
339 31. 69.
340 31. 69.
341 31. 69.
342 32. 68.
343 32. 68.
344 32. 68.
345 32. 68.
346 32. 68.
347 32. 68.
348 33. 67.
349 33. 67.
350 33. 67.
351 33. 67.
352 33. 67.
353 34. 66.
354 33. 67.
355 33. 67.
356 33. 67.
357 34. 66.
358 34. 66.
359 34. 66.
360 33. 67.
361 33. 67.
362 33. 67.
363 33. 67.
364 33. 67.
365 33. 67.
366 33. 67.
367 33. 67.
368 33. 67.
369 33. 67.
370 33. 67.
371 33. 67.
372 33. 67.
373 33. 67.
374 33. 67.
375 33. 67.
376 34. 66.
377 34. 66.
378 34. 66.
379 34. 66.
380 34. 66.
381 34. 66.
382 34. 66.
383 34. 66.
384 34. 66.
385 34. 66.
386 34. 66.
387 34. 66.
388 34. 66.
389 35. 65.
390 35. 65.
391 35. 65.
392 35. 65.
393 35. 65.
394 35. 65.
395 35. 65.
396 36. 64.
397 35. 65.
398 34. 66.
399 34. 66.
400 34. 66.
401 33. 67.
402 32. 68.
403 32. 68.
404 32. 68.
405 32. 68.
406 32. 68.
407 31. 69.
408 32. 68.
409 32. 68.
410 32. 68.
411 31. 69.
412 31. 69.
413 31. 69.
414 31. 69.
415 31. 69.
416 31. 69.
417 30. 70.
418 29. 71.
419 29. 71.
420 29. 71.
421 29. 71.
422 29. 71.
423 29. 71.
424 29. 71.
425 29. 71.
426 29. 71.
427 29. 71.
428 29. 71.
429 29. 71.
430 29. 71.
431 29. 71.
432 29. 71.
433 30. 70.
434 30. 70.
435 30. 70.
436 30. 70.
437 30. 70.
438 30. 70.
439 30. 70.
440 29. 71.
441 29. 71.
442 29. 71.
443 29. 71.
444 28. 72.
445 28. 72.
446 27. 73.
447 26. 74.
448 26. 74.
449 26. 74.
450 26. 74.
451 26. 74.
452 26. 74.
453 26. 74.
454 25. 75.
455 25. 75.
456 25. 75.
457 25. 75.
458 25. 75.
459 25. 75.
460 26. 74.
461 26. 74.
462 26. 74.
463 25. 75.
464 25. 75.
465 25. 75.
466 25. 75.
467 25. 75.
468 24. 76.
469 24. 76.
470 24. 76.
471 23. 77.
472 24. 76.
473 24. 76.
474 25. 75.
475 25. 75.
476 25. 75.
477 25. 75.
478 25. 75.
479 26. 74.
480 26. 74.
481 26. 74.
482 26. 74.
483 26. 74.
484 26. 74.
485 26. 74.
486 26. 74.
487 26. 74.
488 26. 74.
489 25. 75.
490 25. 75.
491 25. 75.
492 25. 75.
493 25. 75.
494 25. 75.
495 25. 75.
496 25. 75.
497 25. 75.
498 25. 75.
499 25. 75.
500 24. 76.
501 23. 77.
502 23. 77.
503 23. 77.
504 23. 77.
505 22. 78.
506 22. 78.
507 22. 78.
508 22. 78.
509 22. 78.
510 22. 78.
511 23. 77.
512 23. 77.
513 24. 76.
514 24. 76.
515 24. 76.
516 24. 76.
517 24. 76.
518 24. 76.
519 24. 76.
520 24. 76.
521 24. 76.
522 24. 76.
523 24. 76.
524 24. 76.
525 24. 76.
526 23. 77.
527 23. 77.
528 23. 77.
529 23. 77.
530 23. 77.
531 23. 77.
532 23. 77.
533 23. 77.
534 23. 77.
535 23. 77.
536 23. 77.
537 23. 77.
538 23. 77.
539 23. 77.
540 23. 77.
541 23. 77.
542 23. 77.
543 22. 78.
544 22. 78.
545 23. 77.
546 23. 77.
547 22. 78.
548 22. 78.
549 22. 78.
550 22. 78.
551 23. 77.
552 24. 76.
553 24. 76.
554 24. 76.
555 23. 77.
556 23. 77.
557 23. 77.
558 23. 77.
559 23. 77.
560 23. 77.
561 23. 77.
562 23. 77.
563 23. 77.
564 24. 76.
565 24. 76.
566 24. 76.
567 25. 75.
568 26. 74.
569 27. 73.
570 26. 74.
571 26. 74.
572 26. 74.
573 26. 74.
574 26. 74.
575 26. 74.
576 26. 74.
577 26. 74.
578 26. 74.
579 26. 74.
580 27. 73.
581 27. 73.
582 27. 73.
583 27. 73.
584 28. 72.
585 28. 72.
586 28. 72.
587 28. 72.
588 28. 72.
589 28. 72.
590 28. 72.
591 28. 72.
592 29. 71.
593 28. 72.
594 28. 72.
595 29. 71.
596 29. 71.
597 29. 71.
598 29. 71.
599 30. 70.
600 30. 70.
601 31. 69.
602 31. 69.
603 31. 69.
604 31. 69.
605 31. 69.
606 31. 69.
607 31. 69.
608 31. 69.
609 31. 69.
610 31. 69.
611 31. 69.
612 31. 69.
613 31. 69.
614 31. 69.
615 31. 69.
616 32. 68.
617 32. 68.
618 32. 68.
619 32. 68.
620 32. 68.
621 32. 68.
622 32. 68.
623 33. 67.
624 33. 67.
625 33. 67.
626 33. 67.
627 32. 68.
628 32. 68.
629 32. 68.
630 31. 69.
631 31. 69.
632 31. 69.
633 30. 70.
634 30. 70.
635 30. 70.
636 30. 70.
637 30. 70.
638 30. 70.
639 29. 71.
640 28. 72.
641 28. 72.
642 28. 72.
643 28. 72.
644 28. 72.
645 28. 72.
646 28. 72.
647 28. 72.
648 28. 72.
649 28. 72.
650 27. 73.
651 27. 73.
652 27. 73.
653 27. 73.
654 27. 73.
655 27. 73.
656 27. 73.
657 27. 73.
658 27. 73.
659 27. 73.
660 27. 73.
661 27. 73.
662 27. 73.
663 27. 73.
664 27. 73.
665 27. 73.
666 27. 73.
667 27. 73.
668 27. 73.
669 27. 73.
670 27. 73.
671 27. 73.
672 27. 73.
673 27. 73.
674 26. 74.
675 27. 73.
676 27. 73.
677 27. 73.
678 27. 73.
679 27. 73.
680 27. 73.
681 28. 72.
682 28. 72.
683 28. 72.
684 27. 73.
685 28. 72.
686 28. 72.
687 28. 72.
688 29. 71.
689 29. 71.
690 29. 71.
691 29. 71.
692 29. 71.
693 29. 71.
694 28. 72.
695 28. 72.
696 28. 72.
697 28. 72.
698 28. 72.
699 28. 72.
700 28. 72.
701 28. 72.
702 28. 72.
703 29. 71.
704 29. 71.
705 30. 70.
706 30. 70.
707 29. 71.
708 28. 72.
709 28. 72.
710 28. 72.
711 29. 71.
712 29. 71.
713 30. 70.
714 31. 69.
715 31. 69.
716 31. 69.
717 31. 69.
718 31. 69.
719 30. 70.
720 30. 70.
721 30. 70.
722 30. 70.
723 30. 70.
724 30. 70.
725 30. 70.
726 30. 70.
727 30. 70.
728 30. 70.
729 30. 70.
730 30. 70.
731 30. 70.
732 30. 70.
733 29. 71.
734 29. 71.
735 29. 71.
736 28. 72.
737 29. 71.
738 29. 71.
739 28. 72.
740 28. 72.
741 28. 72.
742 28. 72.
743 28. 72.
744 29. 71.
745 29. 71.
746 29. 71.
747 29. 71.
748 29. 71.
749 29. 71.
750 28. 72.
751 28. 72.
752 28. 72.
753 28. 72.
754 28. 72.
755 28. 72.
756 28. 72.
757 28. 72.
758 28. 72.
759 28. 72.
760 28. 72.
761 28. 72.
762 29. 71.
763 29. 71.
764 29. 71.
765 29. 71.
766 30. 70.
767 30. 70.
768 29. 71.
769 29. 71.
770 29. 71.
771 29. 71.
772 29. 71.
773 29. 71.
774 29. 71.
775 29. 71.
776 29. 71.
777 28. 72.
778 28. 72.
779 29. 71.
780 28. 72.
781 28. 72.
782 28. 72.
783 28. 72.
784 27. 73.
785 27. 73.
786 27. 73.
787 27. 73.
788 27. 73.
789 27. 73.
790 26. 74.
791 27. 73.
792 27. 73.
793 28. 72.
794 28. 72.
795 27. 73.
796 27. 73.
797 26. 74.
798 26. 74.
799 26. 74.
800 26. 74.
801 26. 74.
802 26. 74.
803 26. 74.
804 26. 74.
805 26. 74.
806 26. 74.
807 26. 74.
808 27. 73.
809 27. 73.
810 27. 73.
811 27. 73.
812 28. 72.
813 28. 72.
814 28. 72.
815 28. 72.
816 28. 72.
817 28. 72.
818 28. 72.
819 28. 72.
820 28. 72.
821 28. 72.
822 29. 71.
823 29. 71.
824 30. 70.
825 30. 70.
826 29. 71.
827 29. 71.
828 29. 71.
829 30. 70.
830 30. 70.
831 30. 70.
832 30. 70.
833 30. 70.
834 30. 70.
835 30. 70.
836 31. 69.
837 31. 69.
838 31. 69.
839 31. 69.
840 30. 70.
841 31. 69.
842 31. 69.
843 31. 69.
844 31. 69.
845 31. 69.
846 31. 69.
847 31. 69.
848 31. 69.
849 31. 69.
850 31. 69.
851 31. 69.
852 31. 69.
853 31. 69.
854 30. 70.
855 30. 70.
856 30. 70.
857 30. 70.
858 30. 70.
859 30. 70.
860 30. 70.
861 30. 70.
862 30. 70.
863 31. 69.
864 30. 70.
865 31. 69.
866 31. 69.
867 31. 69.
868 31. 69.
869 31. 69.
870 31. 69.
871 32. 68.
872 31. 69.
873 31. 69.
874 32. 68.
875 32. 68.
876 31. 69.
877 31. 69.
878 31. 69.
879 31. 69.
880 32. 68.
881 32. 68.
882 32. 68.
883 33. 67.
884 33. 67.
885 32. 68.
886 32. 68.
887 33. 67.
888 33. 67.
889 33. 67.
890 33. 67.
891 32. 68.
892 32. 68.
893 32. 68.
894 32. 68.
895 32. 68.
896 32. 68.
897 32. 68.
898 32. 68.
899 32. 68.
900 32. 68.
901 31. 69.
902 31. 69.
903 31. 69.
904 31. 69.
905 31. 69.
906 31. 69.
907 31. 69.
908 31. 69.
909 31. 69.
910 31. 69.
911 31. 69.
912 31. 69.
913 31. 69.
914 31. 69.
915 31. 69.
916 31. 69.
917 30. 70.
918 30. 70.
919 30. 70.
920 30. 70.
921 30. 70.
922 29. 71.
923 29. 71.
924 29. 71.
925 29. 71.
926 29. 71.
927 28. 72.
928 28. 72.
929 28. 72.
930 28. 72.
931 28. 72.
932 28. 72.
933 29. 71.
934 28. 72.
935 28. 72.
936 28. 72.
937 28. 72.
938 28. 72.
939 28. 72.
940 27. 73.
941 27. 73.
942 27. 73.
943 27. 73.
944 27. 73.
945 27. 73.
946 27. 73.
947 27. 73.
948 27. 73.
949 27. 73.
950 27. 73.
951 27. 73.
952 27. 73.
953 27. 73.
954 27. 73.
955 27. 73.
956 28. 72.
957 27. 73.
958 27. 73.
959 26. 74.
960 26. 74.
961 27. 73.
962 27. 73.
963 27. 73.
964 27. 73.
965 28. 72.
966 28. 72.
967 28. 72.
968 28. 72.
969 28. 72.
970 28. 72.
971 28. 72.
972 28. 72.
973 28. 72.
974 28. 72.
975 28. 72.
976 28. 72.
977 28. 72.
978 29. 71.
979 30. 70.
980 30. 70.
981 29. 71.
982 28. 72.
983 28. 72.
984 29. 71.
985 28. 72.
986 29. 71.
987 29. 71.
988 30. 70.
989 30. 70.
990 30. 70.
991 30. 70.
992 30. 70.
993 30. 70.
994 30. 70.
995 30. 70.
996 31. 69.
997 31. 69.
998 31. 69.
999 31. 69.
1000 31. 69.
1001 30. 70.
1002 30. 70.
1003 30. 70.
1004 30. 70.
1005 30. 70.
1006 30. 70.
1007 30. 70.
1008 30. 70.
1009 30. 70.
1010 30. 70.
1011 29. 71.
1012 30. 70.
1013 30. 70.
1014 30. 70.
1015 30. 70.
1016 30. 70.
1017 30. 70.
1018 30. 70.
1019 29. 71.
1020 29. 71.
1021 29. 71.
1022 29. 71.
1023 29. 71.
1024 29. 71.
1025 29. 71.
1026 29. 71.
1027 29. 71.
1028 29. 71.
1029 30. 70.
1030 30. 70.
1031 31. 69.
1032 31. 69.
1033 30. 70.
1034 29. 71.
1035 29. 71.
1036 30. 70.
1037 30. 70.
1038 30. 70.
1039 30. 70.
1040 30. 70.
1041 30. 70.
1042 30. 70.
1043 29. 71.
1044 29. 71.
1045 29. 71.
1046 29. 71.
1047 29. 71.
1048 29. 71.
1049 29. 71.
1050 29. 71.
1051 29. 71.
1052 29. 71.
1053 29. 71.
1054 29. 71.
1055 29. 71.
1056 29. 71.
1057 29. 71.
1058 29. 71.
1059 29. 71.
1060 29. 71.
1061 29. 71.
1062 29. 71.
1063 29. 71.
1064 29. 71.
1065 29. 71.
1066 29. 71.
1067 29. 71.
1068 28. 72.
1069 28. 72.
1070 28. 72.
1071 28. 72.
1072 28. 72.
1073 28. 72.
1074 28. 72.
1075 28. 72.
1076 28. 72.
1077 28. 72.
1078 27. 73.
1079 26. 74.
1080 26. 74.
1081 26. 74.
1082 26. 74.
1083 26. 74.
1084 26. 74.
1085 26. 74.
1086 26. 74.
1087 27. 73.
1088 27. 73.
1089 27. 73.
1090 27. 73.
1091 27. 73.
1092 27. 73.
1093 27. 73.
1094 27. 73.
1095 27. 73.
1096 27. 73.
1097 27. 73.
1098 27. 73.
1099 27. 73.
1100 27. 73.
1101 27. 73.
1102 27. 73.
1103 27. 73.
1104 27. 73.
1105 27. 73.
1106 28. 72.
1107 28. 72.
1108 28. 72.
1109 28. 72.
1110 28. 72.
1111 29. 71.
1112 29. 71.
1113 28. 72.
1114 28. 72.
1115 28. 72.
1116 29. 71.
1117 30. 70.
1118 30. 70.
1119 31. 69.
1120 31. 69.
1121 31. 69.
1122 31. 69.
1123 30. 70.
1124 30. 70.
1125 30. 70.
1126 30. 70.
1127 31. 69.
1128 31. 69.
1129 31. 69.
1130 31. 69.
1131 31. 69.
1132 31. 69.
1133 31. 69.
1134 30. 70.
1135 30. 70.
1136 30. 70.
1137 30. 70.
1138 30. 70.
1139 29. 71.
1140 29. 71.
1141 29. 71.
1142 29. 71.
1143 30. 70.
1144 30. 70.
1145 30. 70.
1146 30. 70.
1147 30. 70.
1148 30. 70.
1149 30. 70.
1150 30. 70.
1151 30. 70.
1152 30. 70.
1153 30. 70.
1154 30. 70.
1155 30. 70.
1156 31. 69.
1157 32. 68.
1158 33. 67.
1159 33. 67.
1160 33. 67.
1161 33. 67.
1162 33. 67.
1163 33. 67.
1164 33. 67.
1165 34. 66.
1166 34. 66.
1167 33. 67.
1168 33. 67.
1169 32. 68.
1170 32. 68.
1171 32. 68.
1172 33. 67.
1173 33. 67.
1174 33. 67.
1175 32. 68.
1176 31. 69.
1177 31. 69.
1178 31. 69.
1179 31. 69.
1180 30. 70.
1181 31. 69.
1182 31. 69.
1183 32. 68.
1184 33. 67.
1185 34. 66.
1186 34. 66.
1187 34. 66.
1188 34. 66.
1189 34. 66.
1190 33. 67.
1191 32. 68.
1192 32. 68.
1193 32. 68.
1194 32. 68.
1195 32. 68.
1196 32. 68.
1197 32. 68.
1198 32. 68.
1199 32. 68.
1200 32. 68.
1201 32. 68.
1202 32. 68.
1203 33. 67.
1204 33. 67.
1205 32. 68.
1206 32. 68.
1207 32. 68.
1208 32. 68.
1209 32. 68.
1210 32. 68.
1211 32. 68.
1212 32. 68.
1213 32. 68.
1214 32. 68.
1215 32. 68.
1216 33. 67.
1217 33. 67.
1218 33. 67.
1219 33. 67.
1220 33. 67.
1221 33. 67.
1222 33. 67.
1223 33. 67.
1224 32. 68.
1225 32. 68.
1226 33. 67.
1227 33. 67.
1228 33. 67.
1229 32. 68.
1230 32. 68.
1231 31. 69.
1232 31. 69.
1233 31. 69.
1234 31. 69.
1235 31. 69.
1236 31. 69.
1237 31. 69.
1238 31. 69.
1239 31. 69.
1240 31. 69.
1241 31. 69.
1242 30. 70.
1243 30. 70.
1244 30. 70.
1245 30. 70.
1246 30. 70.
1247 30. 70.
1248 30. 70.
1249 30. 70.
1250 30. 70.
1251 30. 70.
1252 30. 70.
1253 30. 70.
1254 29. 71.
1255 29. 71.
1256 29. 71.
1257 28. 72.
1258 28. 72.
1259 28. 72.
1260 28. 72.
1261 28. 72.
1262 28. 72.
1263 29. 71.
1264 28. 72.
1265 28. 72.
1266 29. 71.
1267 28. 72.
1268 28. 72.
1269 28. 72.
1270 29. 71.
1271 30. 70.
1272 30. 70.
1273 30. 70.
1274 30. 70.
1275 30. 70.
1276 30. 70.
1277 30. 70.
1278 30. 70.
1279 30. 70.
1280 30. 70.
1281 30. 70.
1282 30. 70.
1283 30. 70.
1284 30. 70.
1285 30. 70.
1286 30. 70.
1287 31. 69.
1288 31. 69.
1289 31. 69.
1290 31. 69.
1291 31. 69.
1292 30. 70.
1293 29. 71.
1294 29. 71.
1295 29. 71.
1296 29. 71.
1297 29. 71.
1298 29. 71.
1299 28. 72.
1300 28. 72.
1301 28. 72.
1302 28. 72.
1303 28. 72.
1304 28. 72.
1305 28. 72.
1306 28. 72.
1307 29. 71.
1308 29. 71.
1309 29. 71.
1310 28. 72.
1311 28. 72.
1312 28. 72.
1313 28. 72.
1314 28. 72.
1315 28. 72.
1316 28. 72.
1317 28. 72.
1318 28. 72.
1319 28. 72.
1320 28. 72.
1321 28. 72.
1322 28. 72.
1323 29. 71.
1324 29. 71.
1325 29. 71.
1326 29. 71.
1327 29. 71.
1328 29. 71.
1329 29. 71.
1330 29. 71.
1331 28. 72.
1332 28. 72.
1333 28. 72.
1334 28. 72.
1335 29. 71.
1336 30. 70.
1337 30. 70.
1338 31. 69.
1339 31. 69.
1340 31. 69.
1341 31. 69.
1342 31. 69.
1343 31. 69.
1344 30. 70.
1345 30. 70.
1346 30. 70.
1347 30. 70.
1348 30. 70.
1349 30. 70.
1350 30. 70.
1351 30. 70.
1352 30. 70.
1353 30. 70.
1354 31. 69.
1355 31. 69.
1356 30. 70.
1357 30. 70.
1358 30. 70.
1359 30. 70.
1360 30. 70.
1361 30. 70.
1362 30. 70.
1363 30. 70.
1364 30. 70.
1365 31. 69.
1366 30. 70.
1367 30. 70.
1368 30. 70.
1369 30. 70.
1370 30. 70.
1371 30. 70.
1372 30. 70.
1373 30. 70.
1374 30. 70.
1375 30. 70.
1376 29. 71.
1377 29. 71.
1378 29. 71.
1379 29. 71.
1380 28. 72.
1381 28. 72.
1382 29. 71.
1383 29. 71.
1384 28. 72.
1385 28. 72.
1386 28. 72.
1387 28. 72.
1388 28. 72.
1389 28. 72.
1390 27. 73.
1391 28. 72.
1392 28. 72.
1393 29. 71.
1394 29. 71.
1395 28. 72.
1396 28. 72.
1397 28. 72.
1398 29. 71.
1399 29. 71.
1400 29. 71.
1401 30. 70.
1402 30. 70.
1403 30. 70.
1404 30. 70.
1405 30. 70.
1406 30. 70.
1407 30. 70.
1408 31. 69.
1409 31. 69.
1410 31. 69.
1411 31. 69.
1412 30. 70.
1413 30. 70.
1414 30. 70.
1415 30. 70.
1416 30. 70.
1417 30. 70.
1418 31. 69.
1419 31. 69.
1420 31. 69.
1421 31. 69.
1422 31. 69.
1423 32. 68.
1424 31. 69.
1425 31. 69.
1426 31. 69.
1427 30. 70.
1428 30. 70.
1429 29. 71.
1430 29. 71.
1431 29. 71.
1432 29. 71.
1433 29. 71.
1434 30. 70.
1435 29. 71.
1436 29. 71.
1437 30. 70.
1438 30. 70.
1439 30. 70.
1440 30. 70.
1441 30. 70.
1442 30. 70.
1443 30. 70.
1444 30. 70.
1445 30. 70.
1446 31. 69.
1447 32. 68.
1448 32. 68.
1449 32. 68.
1450 33. 67.
1451 33. 67.
1452 33. 67.
1453 33. 67.
1454 32. 68.
1455 33. 67.
1456 33. 67.
1457 33. 67.
1458 33. 67.
1459 33. 67.
1460 33. 67.
1461 33. 67.
1462 33. 67.
1463 33. 67.
1464 33. 67.
1465 32. 68.
1466 32. 68.
1467 33. 67.
1468 33. 67.
1469 33. 67.
1470 33. 67.
1471 33. 67.
1472 33. 67.
1473 32. 68.
1474 32. 68.
1475 32. 68.
1476 31. 69.
1477 31. 69.
1478 32. 68.
1479 32. 68.
1480 32. 68.
1481 32. 68.
1482 32. 68.
1483 32. 68.
1484 32. 68.
1485 31. 69.
1486 31. 69.
1487 31. 69.
1488 31. 69.
1489 31. 69.
1490 31. 69.
1491 31. 69.
1492 31. 69.
1493 31. 69.
1494 31. 69.
1495 31. 69.
1496 31. 69.
1497 31. 69.
1498 31. 69.
1499 31. 69.
1500 31. 69.
1501 31. 69.
1502 31. 69.
1503 31. 69.
1504 31. 69.
1505 31. 69.
1506 31. 69.
1507 31. 69.
1508 31. 69.
1509 32. 68.
1510 32. 68.
1511 32. 68.
1512 32. 68.
1513 32. 68.
1514 33. 67.
1515 33. 67.
1516 33. 67.
1517 33. 67.
1518 33. 67.
1519 33. 67.
1520 32. 68.
1521 33. 67.
1522 33. 67.
1523 32. 68.
1524 32. 68.
1525 32. 68.
1526 32. 68.
1527 32. 68.
1528 32. 68.
1529 32. 68.
1530 32. 68.
1531 32. 68.
1532 32. 68.
1533 33. 67.
1534 34. 66.
1535 34. 66.
1536 34. 66.
1537 33. 67.
1538 33. 67.
1539 33. 67.
1540 33. 67.
1541 33. 67.
1542 33. 67.
1543 33. 67.
1544 33. 67.
1545 33. 67.
1546 33. 67.
1547 33. 67.
1548 33. 67.
1549 33. 67.
1550 33. 67.
1551 33. 67.
1552 33. 67.
1553 33. 67.
1554 33. 67.
1555 33. 67.
1556 33. 67.
1557 33. 67.
1558 33. 67.
1559 33. 67.
1560 33. 67.
1561 33. 67.
1562 33. 67.
1563 34. 66.
1564 34. 66.
1565 34. 66.
1566 34. 66.
1567 33. 67.
1568 33. 67.
1569 34. 66.
1570 33. 67.
1571 33. 67.
1572 33. 67.
1573 33. 67.
1574 33. 67.
1575 33. 67.
1576 33. 67.
1577 33. 67.
1578 33. 67.
1579 32. 68.
1580 32. 68.
1581 31. 69.
1582 31. 69.
1583 31. 69.
1584 31. 69.
1585 31. 69.
1586 31. 69.
1587 32. 68.
1588 33. 67.
1589 33. 67.
1590 34. 66.
1591 34. 66.
1592 34. 66.
1593 33. 67.
1594 33. 67.
1595 33. 67.
1596 34. 66.
1597 33. 67.
1598 33. 67.
1599 33. 67.
1600 33. 67.
1601 33. 67.
1602 33. 67.
1603 32. 68.
1604 32. 68.
1605 32. 68.
1606 32. 68.
1607 32. 68.
1608 32. 68.
1609 32. 68.
1610 32. 68.
1611 32. 68.
1612 32. 68.
1613 32. 68.
1614 32. 68.
1615 33. 67.
1616 34. 66.
1617 34. 66.
1618 34. 66.
1619 34. 66.
1620 34. 66.
1621 34. 66.
1622 34. 66.
1623 34. 66.
1624 34. 66.
1625 34. 66.
1626 34. 66.
1627 35. 65.
1628 35. 65.
1629 35. 65.
1630 34. 66.
1631 34. 66.
1632 34. 66.
1633 34. 66.
1634 34. 66.
1635 35. 65.
1636 34. 66.
1637 34. 66.
1638 34. 66.
1639 33. 67.
1640 33. 67.
1641 33. 67.
1642 33. 67.
1643 33. 67.
1644 33. 67.
1645 33. 67.
1646 33. 67.
1647 33. 67.
1648 33. 67.
1649 33. 67.
1650 34. 66.
1651 34. 66.
1652 34. 66.
1653 34. 66.
1654 34. 66.
1655 34. 66.
1656 34. 66.
1657 35. 65.
1658 35. 65.
1659 35. 65.
1660 35. 65.
1661 35. 65.
1662 36. 64.
1663 36. 64.
1664 36. 64.
1665 35. 65.
1666 35. 65.
1667 35. 65.
1668 35. 65.
1669 34. 66.
1670 34. 66.
1671 34. 66.
1672 34. 66.
1673 34. 66.
1674 35. 65.
1675 35. 65.
1676 35. 65.
1677 35. 65.
1678 35. 65.
1679 35. 65.
1680 35. 65.
1681 35. 65.
1682 35. 65.
1683 35. 65.
1684 35. 65.
1685 35. 65.
1686 35. 65.
1687 35. 65.
1688 35. 65.
1689 35. 65.
1690 35. 65.
1691 35. 65.
1692 35. 65.
1693 34. 66.
1694 35. 65.
1695 35. 65.
1696 35. 65.
1697 35. 65.
1698 36. 64.
1699 36. 64.
1700 36. 64.
1701 36. 64.
1702 37. 63.
1703 38. 62.
1704 38. 62.
1705 38. 62.
1706 38. 62.
1707 37. 63.
1708 37. 63.
1709 37. 63.
1710 37. 63.
1711 37. 63.
1712 37. 63.
1713 37. 63.
1714 37. 63.
1715 37. 63.
1716 37. 63.
1717 37. 63.
1718 37. 63.
1719 37. 63.
1720 38. 62.
1721 38. 62.
1722 37. 63.
1723 37. 63.
1724 37. 63.
1725 37. 63.
1726 37. 63.
1727 37. 63.
1728 37. 63.
1729 37. 63.
1730 37. 63.
1731 37. 63.
1732 37. 63.
1733 37. 63.
1734 37. 63.
1735 36. 64.
1736 36. 64.
1737 36. 64.
1738 36. 64.
1739 36. 64.
1740 35. 65.
1741 35. 65.
1742 35. 65.
1743 35. 65.
1744 35. 65.
1745 36. 64.
1746 36. 64.
1747 36. 64.
1748 36. 64.
1749 36. 64.
1750 36. 64.
1751 36. 64.
1752 35. 65.
1753 34. 66.
1754 34. 66.
1755 34. 66.
1756 34. 66.
1757 35. 65.
1758 36. 64.
1759 36. 64.
1760 37. 63.
1761 38. 62.
1762 38. 62.
1763 38. 62.
1764 38. 62.
1765 38. 62.
1766 38. 62.
1767 38. 62.
1768 37. 63.
1769 37. 63.
1770 37. 63.
1771 37. 63.
1772 36. 64.
1773 35. 65.
1774 35. 65.
1775 35. 65.
1776 34. 66.
1777 34. 66.
1778 35. 65.
1779 35. 65.
1780 35. 65.
1781 35. 65.
1782 36. 64.
1783 36. 64.
1784 37. 63.
1785 37. 63.
1786 37. 63.
1787 36. 64.
1788 36. 64.
1789 36. 64.
1790 36. 64.
1791 36. 64.
1792 37. 63.
1793 37. 63.
1794 37. 63.
1795 37. 63.
1796 37. 63.
1797 37. 63.
1798 37. 63.
1799 37. 63.
1800 37. 63.
1801 37. 63.
1802 36. 64.
1803 36. 64.
1804 36. 64.
1805 36. 64.
1806 36. 64.
1807 36. 64.
1808 36. 64.
1809 36. 64.
1810 36. 64.
1811 36. 64.
1812 37. 63.
1813 37. 63.
1814 38. 62.
1815 38. 62.
1816 38. 62.
1817 37. 63.
1818 38. 62.
1819 38. 62.
1820 39. 61.
1821 39. 61.
1822 39. 61.
1823 39. 61.
1824 39. 61.
1825 40. 60.
1826 40. 60.
1827 40. 60.
1828 40. 60.
1829 40. 60.
1830 40. 60.
1831 40. 60.
1832 39. 61.
1833 39. 61.
1834 39. 61.
1835 39. 61.
1836 39. 61.
1837 39. 61.
1838 39. 61.
1839 39. 61.
1840 39. 61.
1841 40. 60.
1842 40. 60.
1843 40. 60.
1844 40. 60.
1845 39. 61.
1846 39. 61.
1847 39. 61.
1848 39. 61.
1849 39. 61.
1850 39. 61.
1851 38. 62.
1852 39. 61.
1853 39. 61.
1854 39. 61.
1855 38. 62.
1856 37. 63.
1857 37. 63.
1858 38. 62.
1859 38. 62.
1860 38. 62.
1861 38. 62.
1862 38. 62.
1863 38. 62.
1864 37. 63.
1865 36. 64.
1866 36. 64.
1867 37. 63.
1868 37. 63.
1869 36. 64.
1870 36. 64.
1871 36. 64.
1872 37. 63.
1873 37. 63.
1874 38. 62.
1875 39. 61.
1876 39. 61.
1877 39. 61.
1878 39. 61.
1879 39. 61.
1880 39. 61.
1881 39. 61.
1882 40. 60.
1883 40. 60.
1884 40. 60.
1885 40. 60.
1886 40. 60.
1887 40. 60.
1888 40. 60.
1889 40. 60.
1890 39. 61.
1891 39. 61.
1892 39. 61.
1893 39. 61.
1894 40. 60.
1895 40. 60.
1896 40. 60.
1897 40. 60.
1898 41. 59.
1899 41. 59.
1900 42. 58.
1901 42. 58.
1902 42. 58.
1903 43. 57.
1904 43. 57.
1905 43. 57.
1906 43. 57.
1907 42. 58.
1908 42. 58.
1909 42. 58.
1910 42. 58.
1911 42. 58.
1912 42. 58.
1913 43. 57.
1914 44. 56.
1915 44. 56.
1916 44. 56.
1917 44. 56.
1918 45. 55.
1919 45. 55.
1920 44. 56.
1921 45. 55.
1922 45. 55.
1923 45. 55.
1924 44. 56.
1925 44. 56.
1926 44. 56.
1927 44. 56.
1928 45. 55.
1929 45. 55.
1930 44. 56.
1931 44. 56.
1932 44. 56.
1933 44. 56.
1934 44. 56.
1935 44. 56.
1936 44. 56.
1937 44. 56.
1938 44. 56.
1939 44. 56.
1940 44. 56.
1941 45. 55.
1942 45. 55.
1943 45. 55.
1944 45. 55.
1945 44. 56.
1946 44. 56.
1947 44. 56.
1948 44. 56.
1949 44. 56.
1950 44. 56.
1951 44. 56.
1952 44. 56.
1953 44. 56.
1954 44. 56.
1955 44. 56.
1956 43. 57.
1957 43. 57.
1958 43. 57.
1959 43. 57.
1960 43. 57.
1961 44. 56.
1962 44. 56.
1963 44. 56.
1964 44. 56.
1965 44. 56.
1966 44. 56.
1967 45. 55.
1968 45. 55.
1969 45. 55.
1970 45. 55.
1971 45. 55.
1972 46. 54.
1973 46. 54.
1974 46. 54.
1975 46. 54.
1976 46. 54.
1977 46. 54.
1978 47. 53.
1979 47. 53.
1980 47. 53.
1981 47. 53.
1982 46. 54.
1983 46. 54.
1984 46. 54.
1985 47. 53.
1986 48. 52.
1987 48. 52.
1988 49. 51.
1989 50. 50.
1990 49. 51.
1991 49. 51.
1992 48. 52.
1993 48. 52.
1994 48. 52.
1995 48. 52.
1996 48. 52.
1997 47. 53.
1998 47. 53.
1999 47. 53.
2000 47. 53.
2001 47. 53.
2002 47. 53.
2003 47. 53.
2004 47. 53.
2005 47. 53.
2006 47. 53.
2007 47. 53.
2008 47. 53.
2009 48. 52.
2010 48. 52.
2011 48. 52.
2012 49. 51.
2013 49. 51.
2014 49. 51.
2015 49. 51.
2016 49. 51.
2017 48. 52.
2018 48. 52.
2019 48. 52.
2020 48. 52.
2021 48. 52.
2022 48. 52.
2023 48. 52.
2024 48. 52.
2025 48. 52.
2026 48. 52.
2027 48. 52.
2028 49. 51.
2029 49. 51.
2030 49. 51.
2031 49. 51.
2032 49. 51.
2033 48. 52.
2034 48. 52.
2035 48. 52.
2036 47. 53.
2037 47. 53.
2038 47. 53.
2039 47. 53.
2040 47. 53.
2041 47. 53.
2042 46. 54.
2043 46. 54.
2044 46. 54.
2045 47. 53.
2046 47. 53.
2047 47. 53.
2048 47. 53.
2049 46. 54.
2050 46. 54.
2051 46. 54.
2052 46. 54.
2053 46. 54.
2054 47. 53.
2055 47. 53.
2056 47. 53.
2057 47. 53.
2058 47. 53.
2059 47. 53.
2060 47. 53.
2061 47. 53.
2062 46. 54.
2063 46. 54.
2064 46. 54.
2065 46. 54.
2066 46. 54.
2067 46. 54.
2068 46. 54.
2069 46. 54.
2070 46. 54.
2071 46. 54.
2072 46. 54.
2073 46. 54.
2074 46. 54.
2075 46. 54.
2076 47. 53.
2077 47. 53.
2078 47. 53.
2079 47. 53.
2080 47. 53.
2081 47. 53.
2082 47. 53.
2083 47. 53.
2084 46. 54.
2085 46. 54.
2086 46. 54.
2087 46. 54.
2088 47. 53.
2089 47. 53.
2090 47. 53.
2091 47. 53.
2092 47. 53.
2093 47. 53.
2094 47. 53.
2095 47. 53.
2096 46. 54.
2097 46. 54.
2098 46. 54.
2099 46. 54.
2100 46. 54.
2101 46. 54.
2102 46. 54.
2103 46. 54.
2104 45. 55.
2105 45. 55.
2106 45. 55.
2107 46. 54.
2108 46. 54.
2109 47. 53.
2110 46. 54.
2111 46. 54.
2112 46. 54.
2113 47. 53.
2114 47. 53.
2115 47. 53.
2116 47. 53.
2117 47. 53.
2118 47. 53.
2119 47. 53.
2120 47. 53.
2121 47. 53.
2122 47. 53.
2123 47. 53.
2124 46. 54.
2125 45. 55.
2126 45. 55.
2127 45. 55.
2128 45. 55.
2129 45. 55.
2130 45. 55.
2131 45. 55.
2132 45. 55.
2133 46. 54.
2134 46. 54.
2135 47. 53.
2136 46. 54.
2137 46. 54.
2138 46. 54.
2139 46. 54.
2140 46. 54.
2141 46. 54.
2142 46. 54.
2143 46. 54.
2144 46. 54.
2145 45. 55.
2146 45. 55.
2147 45. 55.
2148 45. 55.
2149 45. 55.
2150 45. 55.
2151 45. 55.
2152 45. 55.
2153 44. 56.
2154 44. 56.
2155 43. 57.
2156 44. 56.
2157 44. 56.
2158 44. 56.
2159 45. 55.
2160 45. 55.
2161 45. 55.
2162 44. 56.
2163 44. 56.
2164 44. 56.
2165 44. 56.
2166 43. 57.
2167 43. 57.
2168 44. 56.
2169 44. 56.
2170 44. 56.
2171 43. 57.
2172 43. 57.
2173 43. 57.
2174 43. 57.
2175 44. 56.
2176 45. 55.
2177 45. 55.
2178 45. 55.
2179 45. 55.
2180 45. 55.
2181 45. 55.
2182 45. 55.
2183 45. 55.
2184 45. 55.
2185 46. 54.
2186 47. 53.
2187 47. 53.
2188 47. 53.
2189 47. 53.
2190 47. 53.
2191 46. 54.
2192 46. 54.
2193 46. 54.
2194 46. 54.
2195 45. 55.
2196 44. 56.
2197 44. 56.
2198 45. 55.
2199 45. 55.
2200 45. 55.
2201 45. 55.
2202 45. 55.
2203 45. 55.
2204 45. 55.
2205 45. 55.
2206 44. 56.
2207 44. 56.
2208 44. 56.
2209 44. 56.
2210 44. 56.
2211 44. 56.
2212 44. 56.
2213 44. 56.
2214 44. 56.
2215 44. 56.
2216 44. 56.
2217 43. 57.
2218 43. 57.
2219 43. 57.
2220 43. 57.
2221 44. 56.
2222 43. 57.
2223 43. 57.
2224 44. 56.
2225 45. 55.
2226 44. 56.
2227 44. 56.
2228 44. 56.
2229 44. 56.
2230 44. 56.
2231 44. 56.
2232 44. 56.
2233 44. 56.
2234 44. 56.
2235 44. 56.
2236 43. 57.
2237 44. 56.
2238 45. 55.
2239 45. 55.
2240 45. 55.
2241 45. 55.
2242 45. 55.
2243 44. 56.
2244 44. 56.
2245 45. 55.
2246 45. 55.
2247 45. 55.
2248 45. 55.
2249 44. 56.
2250 44. 56.
2251 43. 57.
2252 43. 57.
2253 43. 57.
2254 42. 58.
2255 42. 58.
2256 42. 58.
2257 41. 59.
2258 41. 59.
2259 40. 60.
2260 40. 60.
2261 40. 60.
2262 40. 60.
2263 40. 60.
2264 40. 60.
2265 40. 60.
2266 39. 61.
2267 38. 62.
2268 38. 62.
2269 37. 63.
2270 36. 64.
2271 35. 65.
2272 35. 65.
2273 35. 65.
2274 36. 64.
2275 36. 64.
2276 36. 64.
2277 36. 64.
2278 36. 64.
2279 37. 63.
2280 37. 63.
2281 37. 63.
2282 37. 63.
2283 37. 63.
2284 37. 63.
2285 37. 63.
2286 36. 64.
2287 37. 63.
2288 37. 63.
2289 37. 63.
2290 36. 64.
2291 36. 64.
2292 36. 64.
2293 36. 64.
2294 36. 64.
2295 36. 64.
2296 35. 65.
2297 35. 65.
2298 35. 65.
2299 35. 65.
2300 35. 65.
2301 35. 65.
2302 35. 65.
2303 35. 65.
2304 35. 65.
2305 35. 65.
2306 35. 65.
2307 35. 65.
2308 35. 65.
2309 35. 65.
2310 35. 65.
2311 35. 65.
2312 35. 65.
2313 35. 65.
2314 35. 65.
2315 36. 64.
2316 36. 64.
2317 36. 64.
2318 36. 64.
2319 36. 64.
2320 36. 64.
2321 36. 64.
2322 36. 64.
2323 36. 64.
2324 35. 65.
2325 35. 65.
2326 35. 65.
2327 35. 65.
2328 35. 65.
2329 35. 65.
2330 36. 64.
2331 36. 64.
2332 37. 63.
2333 37. 63.
2334 36. 64.
2335 36. 64.
2336 36. 64.
2337 36. 64.
2338 37. 63.
2339 37. 63.
2340 37. 63.
2341 36. 64.
2342 37. 63.
2343 37. 63.
2344 37. 63.
2345 37. 63.
2346 36. 64.
2347 36. 64.
2348 36. 64.
2349 36. 64.
2350 35. 65.
2351 36. 64.
2352 35. 65.
2353 35. 65.
2354 36. 64.
2355 36. 64.
2356 36. 64.
2357 36. 64.
2358 36. 64.
2359 35. 65.
2360 35. 65.
2361 35. 65.
2362 36. 64.
2363 36. 64.
2364 37. 63.
2365 37. 63.
2366 36. 64.
2367 37. 63.
2368 37. 63.
2369 37. 63.
2370 37. 63.
2371 37. 63.
2372 37. 63.
2373 37. 63.
2374 37. 63.
2375 37. 63.
2376 38. 62.
2377 39. 61.
2378 39. 61.
2379 39. 61.
2380 39. 61.
2381 38. 62.
2382 38. 62.
2383 38. 62.
2384 38. 62.
2385 38. 62.
2386 38. 62.
2387 38. 62.
2388 39. 61.
2389 38. 62.
2390 38. 62.
2391 39. 61.
2392 39. 61.
2393 39. 61.
2394 39. 61.
2395 39. 61.
2396 39. 61.
2397 39. 61.
2398 39. 61.
2399 38. 62.
2400 39. 61.
2401 39. 61.
2402 39. 61.
2403 39. 61.
2404 39. 61.
2405 40. 60.
2406 40. 60.
2407 40. 60.
2408 40. 60.
2409 40. 60.
2410 40. 60.
2411 40. 60.
2412 40. 60.
2413 40. 60.
2414 40. 60.
2415 40. 60.
2416 40. 60.
2417 40. 60.
2418 39. 61.
2419 40. 60.
2420 40. 60.
2421 39. 61.
2422 39. 61.
2423 39. 61.
2424 39. 61.
2425 39. 61.
2426 39. 61.
2427 39. 61.
2428 39. 61.
2429 39. 61.
2430 38. 62.
2431 38. 62.
2432 38. 62.
2433 38. 62.
2434 39. 61.
2435 39. 61.
2436 39. 61.
2437 39. 61.
2438 38. 62.
2439 38. 62.
2440 38. 62.
2441 38. 62.
2442 38. 62.
2443 37. 63.
2444 37. 63.
2445 37. 63.
2446 38. 62.
2447 38. 62.
2448 38. 62.
2449 38. 62.
2450 38. 62.
2451 38. 62.
2452 38. 62.
2453 38. 62.
2454 38. 62.
2455 38. 62.
2456 39. 61.
2457 39. 61.
2458 39. 61.
2459 39. 61.
2460 38. 62.
2461 38. 62.
2462 38. 62.
2463 38. 62.
2464 38. 62.
2465 38. 62.
2466 38. 62.
2467 39. 61.
2468 40. 60.
2469 40. 60.
2470 40. 60.
2471 40. 60.
2472 41. 59.
2473 41. 59.
2474 41. 59.
2475 41. 59.
2476 40. 60.
2477 39. 61.
2478 39. 61.
2479 38. 62.
2480 38. 62.
2481 38. 62.
2482 38. 62.
2483 38. 62.
2484 39. 61.
2485 39. 61.
2486 39. 61.
2487 39. 61.
2488 39. 61.
2489 39. 61.
2490 39. 61.
2491 39. 61.
2492 39. 61.
2493 39. 61.
2494 40. 60.
2495 40. 60.
2496 41. 59.
2497 41. 59.
2498 42. 58.
2499 41. 59.
2500 41. 59.
2501 42. 58.
2502 41. 59.
2503 41. 59.
2504 40. 60.
2505 41. 59.
2506 41. 59.
2507 41. 59.
2508 41. 59.
2509 41. 59.
2510 42. 58.
2511 42. 58.
2512 42. 58.
2513 43. 57.
2514 43. 57.
2515 43. 57.
2516 44. 56.
2517 45. 55.
2518 45. 55.
2519 44. 56.
2520 45. 55.
2521 45. 55.
2522 45. 55.
2523 45. 55.
2524 46. 54.
2525 46. 54.
2526 46. 54.
2527 46. 54.
2528 46. 54.
2529 45. 55.
2530 45. 55.
2531 45. 55.
2532 45. 55.
2533 45. 55.
2534 45. 55.
2535 45. 55.
2536 45. 55.
2537 45. 55.
2538 45. 55.
2539 45. 55.
2540 44. 56.
2541 43. 57.
2542 43. 57.
2543 43. 57.
2544 43. 57.
2545 43. 57.
2546 43. 57.
2547 42. 58.
2548 42. 58.
2549 42. 58.
2550 42. 58.
2551 42. 58.
2552 42. 58.
2553 43. 57.
2554 43. 57.
2555 43. 57.
2556 43. 57.
2557 43. 57.
2558 43. 57.
2559 43. 57.
2560 43. 57.
2561 43. 57.
2562 43. 57.
2563 43. 57.
2564 43. 57.
2565 44. 56.
2566 45. 55.
2567 45. 55.
2568 45. 55.
2569 45. 55.
2570 45. 55.
2571 45. 55.
2572 45. 55.
2573 45. 55.
2574 44. 56.
2575 44. 56.
2576 45. 55.
2577 46. 54.
2578 46. 54.
2579 45. 55.
2580 45. 55.
2581 45. 55.
2582 45. 55.
2583 45. 55.
2584 45. 55.
2585 45. 55.
2586 45. 55.
2587 45. 55.
2588 45. 55.
2589 45. 55.
2590 45. 55.
2591 46. 54.
2592 46. 54.
2593 46. 54.
2594 46. 54.
2595 46. 54.
2596 46. 54.
2597 46. 54.
2598 46. 54.
2599 46. 54.
2600 46. 54.
2601 46. 54.
2602 47. 53.
2603 47. 53.
2604 47. 53.
2605 47. 53.
2606 47. 53.
2607 47. 53.
2608 47. 53.
2609 47. 53.
2610 47. 53.
2611 47. 53.
2612 46. 54.
2613 46. 54.
2614 46. 54.
2615 46. 54.
2616 46. 54.
2617 46. 54.
2618 47. 53.
2619 48. 52.
2620 48. 52.
2621 48. 52.
2622 48. 52.
2623 48. 52.
2624 48. 52.
2625 48. 52.
2626 48. 52.
2627 48. 52.
2628 48. 52.
2629 48. 52.
2630 49. 51.
2631 49. 51.
2632 49. 51.
2633 49. 51.
2634 49. 51.
2635 49. 51.
2636 49. 51.
2637 49. 51.
2638 49. 51.
2639 49. 51.
2640 48. 52.
2641 48. 52.
2642 48. 52.
2643 48. 52.
2644 48. 52.
2645 47. 53.
2646 47. 53.
2647 46. 54.
2648 46. 54.
2649 47. 53.
2650 47. 53.
2651 47. 53.
2652 47. 53.
2653 47. 53.
2654 48. 52.
2655 49. 51.
2656 49. 51.
2657 49. 51.
2658 49. 51.
2659 49. 51.
2660 49. 51.
2661 48. 52.
2662 48. 52.
2663 49. 51.
2664 49. 51.
2665 49. 51.
2666 49. 51.
2667 49. 51.
2668 49. 51.
2669 49. 51.
2670 49. 51.
2671 48. 52.
2672 48. 52.
2673 49. 51.
2674 49. 51.
2675 49. 51.
2676 50. 50.
2677 50. 50.
2678 50. 50.
2679 50. 50.
2680 50. 50.
2681 49. 51.
2682 49. 51.
2683 49. 51.
2684 49. 51.
2685 49. 51.
2686 48. 52.
2687 48. 52.
2688 48. 52.
2689 48. 52.
2690 48. 52.
2691 48. 52.
2692 49. 51.
2693 49. 51.
2694 50. 50.
2695 50. 50.
2696 51. 49.
2697 51. 49.
2698 51. 49.
2699 51. 49.
2700 50. 50.
2701 49. 51.
2702 49. 51.
2703 49. 51.
2704 49. 51.
2705 48. 52.
2706 48. 52.
2707 47. 53.
2708 47. 53.
2709 47. 53.
2710 47. 53.
2711 47. 53.
2712 47. 53.
2713 47. 53.
2714 47. 53.
2715 47. 53.
2716 48. 52.
2717 48. 52.
2718 48. 52.
2719 48. 52.
2720 49. 51.
2721 49. 51.
2722 49. 51.
2723 49. 51.
2724 49. 51.
2725 50. 50.
2726 50. 50.
2727 49. 51.
2728 49. 51.
2729 49. 51.
2730 49. 51.
2731 49. 51.
2732 49. 51.
2733 49. 51.
2734 49. 51.
2735 49. 51.
2736 49. 51.
2737 48. 52.
2738 48. 52.
2739 48. 52.
2740 48. 52.
2741 47. 53.
2742 47. 53.
2743 47. 53.
2744 47. 53.
2745 48. 52.
2746 48. 52.
2747 48. 52.
2748 47. 53.
2749 47. 53.
2750 47. 53.
2751 48. 52.
2752 48. 52.
2753 49. 51.
2754 49. 51.
2755 49. 51.
2756 50. 50.
2757 50. 50.
2758 51. 49.
2759 51. 49.
2760 51. 49.
2761 52. 48.
2762 53. 47.
2763 53. 47.
2764 53. 47.
2765 53. 47.
2766 53. 47.
2767 53. 47.
2768 53. 47.
2769 53. 47.
2770 53. 47.
2771 53. 47.
2772 53. 47.
2773 53. 47.
2774 53. 47.
2775 52. 48.
2776 52. 48.
2777 52. 48.
2778 52. 48.
2779 53. 47.
2780 53. 47.
2781 53. 47.
2782 53. 47.
2783 53. 47.
2784 53. 47.
2785 53. 47.
2786 52. 48.
2787 52. 48.
2788 52. 48.
2789 52. 48.
2790 52. 48.
2791 52. 48.
2792 52. 48.
2793 52. 48.
2794 52. 48.
2795 52. 48.
2796 52. 48.
2797 52. 48.
2798 52. 48.
2799 52. 48.
2800 51. 49.
2801 50. 50.
2802 51. 49.
2803 51. 49.
2804 51. 49.
2805 51. 49.
2806 51. 49.
2807 51. 49.
2808 51. 49.
2809 51. 49.
2810 51. 49.
2811 51. 49.
2812 51. 49.
2813 52. 48.
2814 51. 49.
2815 51. 49.
2816 51. 49.
2817 51. 49.
2818 50. 50.
2819 49. 51.
2820 48. 52.
2821 49. 51.
2822 50. 50.
2823 49. 51.
2824 49. 51.
2825 50. 50.
2826 49. 51.
2827 48. 52.
2828 48. 52.
2829 49. 51.
2830 49. 51.
2831 49. 51.
2832 50. 50.
2833 50. 50.
2834 49. 51.
2835 49. 51.
2836 49. 51.
2837 50. 50.
2838 50. 50.
2839 51. 49.
2840 50. 50.
2841 50. 50.
2842 50. 50.
2843 50. 50.
2844 51. 49.
2845 51. 49.
2846 51. 49.
2847 51. 49.
2848 51. 49.
2849 51. 49.
2850 51. 49.
2851 51. 49.
2852 51. 49.
2853 51. 49.
2854 51. 49.
2855 51. 49.
2856 50. 50.
2857 50. 50.
2858 50. 50.
2859 50. 50.
2860 50. 50.
2861 50. 50.
2862 50. 50.
2863 50. 50.
2864 50. 50.
2865 50. 50.
2866 51. 49.
2867 50. 50.
2868 51. 49.
2869 51. 49.
2870 51. 49.
2871 50. 50.
2872 50. 50.
2873 50. 50.
2874 50. 50.
2875 50. 50.
2876 50. 50.
2877 51. 49.
2878 51. 49.
2879 52. 48.
2880 52. 48.
2881 52. 48.
2882 52. 48.
2883 52. 48.
2884 53. 47.
2885 53. 47.
2886 53. 47.
2887 54. 46.
2888 53. 47.
2889 53. 47.
2890 53. 47.
2891 53. 47.
2892 52. 48.
2893 52. 48.
2894 53. 47.
2895 52. 48.
2896 52. 48.
2897 51. 49.
2898 50. 50.
2899 49. 51.
2900 49. 51.
2901 49. 51.
2902 49. 51.
2903 50. 50.
2904 50. 50.
2905 50. 50.
2906 50. 50.
2907 49. 51.
2908 49. 51.
2909 49. 51.
2910 48. 52.
2911 47. 53.
2912 47. 53.
2913 47. 53.
2914 47. 53.
2915 47. 53.
2916 47. 53.
2917 47. 53.
2918 47. 53.
2919 47. 53.
2920 47. 53.
2921 47. 53.
2922 47. 53.
2923 47. 53.
2924 47. 53.
2925 46. 54.
2926 46. 54.
2927 46. 54.
2928 46. 54.
2929 46. 54.
2930 46. 54.
2931 46. 54.
2932 46. 54.
2933 46. 54.
2934 46. 54.
2935 46. 54.
2936 46. 54.
2937 45. 55.
2938 45. 55.
2939 45. 55.
2940 45. 55.
2941 45. 55.
2942 45. 55.
2943 45. 55.
2944 45. 55.
2945 45. 55.
2946 45. 55.
2947 44. 56.
2948 44. 56.
2949 44. 56.
2950 44. 56.
2951 44. 56.
2952 44. 56.
2953 44. 56.
2954 45. 55.
2955 44. 56.
2956 43. 57.
2957 43. 57.
2958 42. 58.
2959 42. 58.
2960 42. 58.
2961 42. 58.
2962 42. 58.
2963 42. 58.
2964 43. 57.
2965 43. 57.
2966 43. 57.
2967 43. 57.
2968 44. 56.
2969 44. 56.
2970 44. 56.
2971 43. 57.
2972 42. 58.
2973 42. 58.
2974 43. 57.
2975 43. 57.
2976 43. 57.
2977 43. 57.
2978 43. 57.
2979 43. 57.
2980 44. 56.
2981 44. 56.
2982 45. 55.
2983 45. 55.
2984 45. 55.
2985 46. 54.
2986 46. 54.
2987 46. 54.
2988 46. 54.
2989 46. 54.
2990 47. 53.
2991 47. 53.
2992 47. 53.
2993 48. 52.
2994 49. 51.
2995 49. 51.
2996 49. 51.
2997 49. 51.
2998 49. 51.
2999 49. 51.
3000 49. 51.
3001 50. 50.
3002 50. 50.
3003 50. 50.
3004 50. 50.
3005 50. 50.
3006 50. 50.
3007 50. 50.
3008 50. 50.
3009 50. 50.
3010 50. 50.
3011 50. 50.
3012 49. 51.
3013 49. 51.
3014 49. 51.
3015 49. 51.
3016 49. 51.
3017 49. 51.
3018 48. 52.
3019 48. 52.
3020 48. 52.
3021 48. 52.
3022 48. 52.
3023 47. 53.
3024 47. 53.
3025 47. 53.
3026 47. 53.
3027 47. 53.
3028 48. 52.
3029 48. 52.
3030 48. 52.
3031 49. 51.
3032 50. 50.
3033 50. 50.
3034 49. 51.
3035 49. 51.
3036 50. 50.
3037 50. 50.
3038 49. 51.
3039 49. 51.
3040 49. 51.
3041 49. 51.
3042 49. 51.
3043 50. 50.
3044 50. 50.
3045 50. 50.
3046 50. 50.
3047 50. 50.
3048 50. 50.
3049 50. 50.
3050 50. 50.
3051 51. 49.
3052 51. 49.
3053 51. 49.
3054 50. 50.
3055 51. 49.
3056 51. 49.
3057 51. 49.
3058 52. 48.
3059 52. 48.
3060 52. 48.
3061 52. 48.
3062 51. 49.
3063 51. 49.
3064 51. 49.
3065 51. 49.
3066 51. 49.
3067 51. 49.
3068 51. 49.
3069 51. 49.
3070 50. 50.
3071 50. 50.
3072 50. 50.
3073 50. 50.
3074 50. 50.
3075 49. 51.
3076 49. 51.
3077 49. 51.
3078 49. 51.
3079 49. 51.
3080 49. 51.
3081 49. 51.
3082 49. 51.
3083 49. 51.
3084 49. 51.
3085 49. 51.
3086 49. 51.
3087 49. 51.
3088 49. 51.
3089 50. 50.
3090 50. 50.
3091 49. 51.
3092 49. 51.
3093 49. 51.
3094 49. 51.
3095 49. 51.
3096 50. 50.
3097 50. 50.
3098 50. 50.
3099 50. 50.
3100 50. 50.
3101 50. 50.
3102 50. 50.
3103 50. 50.
3104 50. 50.
3105 49. 51.
3106 49. 51.
3107 48. 52.
3108 48. 52.
3109 48. 52.
3110 48. 52.
3111 47. 53.
3112 47. 53.
3113 47. 53.
3114 47. 53.
3115 48. 52.
3116 48. 52.
3117 48. 52.
3118 48. 52.
3119 48. 52.
3120 48. 52.
3121 48. 52.
3122 48. 52.
3123 48. 52.
3124 49. 51.
3125 49. 51.
3126 49. 51.
3127 49. 51.
3128 49. 51.
3129 48. 52.
3130 48. 52.
3131 47. 53.
3132 47. 53.
3133 47. 53.
3134 48. 52.
3135 48. 52.
3136 47. 53.
3137 47. 53.
3138 46. 54.
3139 46. 54.
3140 46. 54.
3141 46. 54.
3142 45. 55.
3143 45. 55.
3144 45. 55.
3145 45. 55.
3146 45. 55.
3147 45. 55.
3148 45. 55.
3149 46. 54.
3150 46. 54.
3151 46. 54.
3152 46. 54.
3153 46. 54.
3154 46. 54.
3155 46. 54.
3156 46. 54.
3157 46. 54.
3158 46. 54.
3159 46. 54.
3160 46. 54.
3161 46. 54.
3162 46. 54.
3163 46. 54.
3164 45. 55.
3165 45. 55.
3166 45. 55.
3167 45. 55.
3168 45. 55.
3169 44. 56.
3170 44. 56.
3171 44. 56.
3172 44. 56.
3173 45. 55.
3174 45. 55.
3175 45. 55.
3176 45. 55.
3177 46. 54.
3178 46. 54.
3179 46. 54.
3180 46. 54.
3181 46. 54.
3182 47. 53.
3183 47. 53.
3184 46. 54.
3185 46. 54.
3186 46. 54.
3187 46. 54.
3188 46. 54.
3189 46. 54.
3190 46. 54.
3191 46. 54.
3192 47. 53.
3193 47. 53.
3194 47. 53.
3195 48. 52.
3196 49. 51.
3197 50. 50.
3198 51. 49.
3199 51. 49.
3200 50. 50.
3201 50. 50.
3202 50. 50.
3203 49. 51.
3204 49. 51.
3205 49. 51.
3206 49. 51.
3207 49. 51.
3208 48. 52.
3209 48. 52.
3210 48. 52.
3211 48. 52.
3212 48. 52.
3213 48. 52.
3214 48. 52.
3215 48. 52.
3216 47. 53.
3217 47. 53.
3218 47. 53.
3219 47. 53.
3220 46. 54.
3221 46. 54.
3222 46. 54.
3223 46. 54.
3224 46. 54.
3225 46. 54.
3226 46. 54.
3227 46. 54.
3228 47. 53.
3229 46. 54.
3230 46. 54.
3231 46. 54.
3232 46. 54.
3233 46. 54.
3234 46. 54.
3235 47. 53.
3236 47. 53.
3237 47. 53.
3238 47. 53.
3239 47. 53.
3240 47. 53.
3241 48. 52.
3242 47. 53.
3243 47. 53.
3244 47. 53.
3245 48. 52.
3246 49. 51.
3247 48. 52.
3248 48. 52.
3249 48. 52.
3250 48. 52.
3251 48. 52.
3252 48. 52.
3253 49. 51.
3254 49. 51.
3255 49. 51.
3256 49. 51.
3257 49. 51.
3258 48. 52.
3259 48. 52.
3260 49. 51.
3261 50. 50.
3262 50. 50.
3263 51. 49.
3264 51. 49.
3265 51. 49.
3266 52. 48.
3267 52. 48.
3268 53. 47.
3269 53. 47.
3270 53. 47.
3271 53. 47.
3272 53. 47.
3273 53. 47.
3274 53. 47.
3275 52. 48.
3276 52. 48.
3277 51. 49.
3278 50. 50.
3279 50. 50.
3280 51. 49.
3281 51. 49.
3282 52. 48.
3283 52. 48.
3284 51. 49.
3285 51. 49.
3286 51. 49.
3287 51. 49.
3288 52. 48.
3289 52. 48.
3290 52. 48.
3291 52. 48.
3292 52. 48.
3293 53. 47.
3294 53. 47.
3295 53. 47.
3296 53. 47.
3297 53. 47.
3298 53. 47.
3299 53. 47.
3300 53. 47.
3301 53. 47.
3302 54. 46.
3303 54. 46.
3304 54. 46.
3305 55. 45.
3306 56. 44.
3307 56. 44.
3308 56. 44.
3309 55. 45.
3310 55. 45.
3311 55. 45.
3312 56. 44.
3313 56. 44.
3314 56. 44.
3315 56. 44.
3316 56. 44.
3317 56. 44.
3318 55. 45.
3319 55. 45.
3320 55. 45.
3321 55. 45.
3322 55. 45.
3323 55. 45.
3324 55. 45.
3325 55. 45.
3326 55. 45.
3327 55. 45.
3328 55. 45.
3329 55. 45.
3330 55. 45.
3331 55. 45.
3332 55. 45.
3333 56. 44.
3334 56. 44.
3335 55. 45.
3336 56. 44.
3337 55. 45.
3338 55. 45.
3339 55. 45.
3340 54. 46.
3341 55. 45.
3342 55. 45.
3343 55. 45.
3344 54. 46.
3345 54. 46.
3346 54. 46.
3347 55. 45.
3348 55. 45.
3349 55. 45.
3350 55. 45.
3351 56. 44.
3352 56. 44.
3353 56. 44.
3354 56. 44.
3355 55. 45.
3356 55. 45.
3357 55. 45.
3358 55. 45.
3359 55. 45.
3360 55. 45.
3361 56. 44.
3362 56. 44.
3363 56. 44.
3364 56. 44.
3365 55. 45.
3366 55. 45.
3367 56. 44.
3368 56. 44.
3369 55. 45.
3370 55. 45.
3371 55. 45.
3372 54. 46.
3373 54. 46.
3374 54. 46.
3375 54. 46.
3376 55. 45.
3377 55. 45.
3378 55. 45.
3379 54. 46.
3380 54. 46.
3381 55. 45.
3382 55. 45.
3383 56. 44.
3384 56. 44.
3385 56. 44.
3386 56. 44.
3387 56. 44.
3388 56. 44.
3389 56. 44.
3390 57. 43.
3391 57. 43.
3392 57. 43.
3393 57. 43.
3394 57. 43.
3395 57. 43.
3396 57. 43.
3397 57. 43.
3398 56. 44.
3399 56. 44.
3400 55. 45.
3401 54. 46.
3402 54. 46.
3403 53. 47.
3404 53. 47.
3405 53. 47.
3406 53. 47.
3407 52. 48.
3408 53. 47.
3409 53. 47.
3410 52. 48.
3411 52. 48.
3412 52. 48.
3413 53. 47.
3414 54. 46.
3415 55. 45.
3416 56. 44.
3417 56. 44.
3418 56. 44.
3419 55. 45.
3420 56. 44.
3421 56. 44.
3422 57. 43.
3423 57. 43.
3424 57. 43.
3425 56. 44.
3426 56. 44.
3427 56. 44.
3428 55. 45.
3429 55. 45.
3430 55. 45.
3431 55. 45.
3432 55. 45.
3433 55. 45.
3434 55. 45.
3435 55. 45.
3436 55. 45.
3437 55. 45.
3438 55. 45.
3439 55. 45.
3440 55. 45.
3441 55. 45.
3442 55. 45.
3443 55. 45.
3444 55. 45.
3445 56. 44.
3446 57. 43.
3447 57. 43.
3448 56. 44.
3449 57. 43.
3450 57. 43.
3451 57. 43.
3452 57. 43.
3453 57. 43.
3454 57. 43.
3455 57. 43.
3456 57. 43.
3457 57. 43.
3458 57. 43.
3459 57. 43.
3460 58. 42.
3461 59. 41.
3462 59. 41.
3463 59. 41.
3464 59. 41.
3465 59. 41.
3466 59. 41.
3467 59. 41.
3468 59. 41.
3469 59. 41.
3470 59. 41.
3471 59. 41.
3472 59. 41.
3473 59. 41.
3474 59. 41.
3475 59. 41.
3476 58. 42.
3477 58. 42.
3478 57. 43.
3479 57. 43.
3480 57. 43.
3481 57. 43.
3482 58. 42.
3483 58. 42.
3484 58. 42.
3485 58. 42.
3486 58. 42.
3487 57. 43.
3488 57. 43.
3489 56. 44.
3490 56. 44.
3491 56. 44.
3492 56. 44.
3493 56. 44.
3494 56. 44.
3495 56. 44.
3496 56. 44.
3497 56. 44.
3498 56. 44.
3499 56. 44.
3500 56. 44.
3501 56. 44.
3502 55. 45.
3503 55. 45.
3504 54. 46.
3505 54. 46.
3506 55. 45.
3507 55. 45.
3508 55. 45.
3509 55. 45.
3510 55. 45.
3511 54. 46.
3512 55. 45.
3513 56. 44.
3514 57. 43.
3515 57. 43.
3516 57. 43.
3517 58. 42.
3518 58. 42.
3519 58. 42.
3520 58. 42.
3521 58. 42.
3522 58. 42.
3523 58. 42.
3524 58. 42.
3525 58. 42.
3526 58. 42.
3527 58. 42.
3528 58. 42.
3529 58. 42.
3530 58. 42.
3531 57. 43.
3532 57. 43.
3533 57. 43.
3534 57. 43.
3535 57. 43.
3536 57. 43.
3537 57. 43.
3538 57. 43.
3539 57. 43.
3540 57. 43.
3541 57. 43.
3542 57. 43.
3543 56. 44.
3544 56. 44.
3545 56. 44.
3546 57. 43.
3547 57. 43.
3548 57. 43.
3549 57. 43.
3550 58. 42.
3551 59. 41.
3552 59. 41.
3553 59. 41.
3554 59. 41.
3555 60. 40.
3556 60. 40.
3557 60. 40.
3558 60. 40.
3559 60. 40.
3560 60. 40.
3561 61. 39.
3562 61. 39.
3563 61. 39.
3564 61. 39.
3565 61. 39.
3566 61. 39.
3567 61. 39.
3568 62. 38.
3569 63. 37.
3570 63. 37.
3571 63. 37.
3572 63. 37.
3573 64. 36.
3574 64. 36.
3575 63. 37.
3576 63. 37.
3577 64. 36.
3578 64. 36.
3579 64. 36.
3580 64. 36.
3581 64. 36.
3582 64. 36.
3583 64. 36.
3584 64. 36.
3585 64. 36.
3586 64. 36.
3587 64. 36.
3588 63. 37.
3589 63. 37.
3590 64. 36.
3591 64. 36.
3592 64. 36.
3593 64. 36.
3594 63. 37.
3595 63. 37.
3596 62. 38.
3597 62. 38.
3598 61. 39.
3599 60. 40.
3600 60. 40.
3601 60. 40.
3602 60. 40.
3603 60. 40.
3604 60. 40.
3605 60. 40.
3606 60. 40.
3607 60. 40.
3608 60. 40.
3609 59. 41.
3610 58. 42.
3611 58. 42.
3612 58. 42.
3613 58. 42.
3614 58. 42.
3615 58. 42.
3616 58. 42.
3617 58. 42.
3618 57. 43.
3619 57. 43.
3620 57. 43.
3621 56. 44.
3622 56. 44.
3623 56. 44.
3624 56. 44.
3625 56. 44.
3626 55. 45.
3627 54. 46.
3628 54. 46.
3629 54. 46.
3630 54. 46.
3631 55. 45.
3632 55. 45.
3633 55. 45.
3634 55. 45.
3635 55. 45.
3636 55. 45.
3637 55. 45.
3638 55. 45.
3639 54. 46.
3640 54. 46.
3641 54. 46.
3642 54. 46.
3643 54. 46.
3644 54. 46.
3645 53. 47.
3646 54. 46.
3647 54. 46.
3648 54. 46.
3649 54. 46.
3650 54. 46.
3651 54. 46.
3652 55. 45.
3653 56. 44.
3654 56. 44.
3655 56. 44.
3656 56. 44.
3657 57. 43.
3658 57. 43.
3659 56. 44.
3660 56. 44.
3661 56. 44.
3662 55. 45.
3663 55. 45.
3664 56. 44.
3665 56. 44.
3666 56. 44.
3667 57. 43.
3668 57. 43.
3669 58. 42.
3670 58. 42.
3671 58. 42.
3672 57. 43.
3673 57. 43.
3674 57. 43.
3675 58. 42.
3676 58. 42.
3677 58. 42.
3678 58. 42.
3679 59. 41.
3680 60. 40.
3681 60. 40.
3682 60. 40.
3683 60. 40.
3684 59. 41.
3685 60. 40.
3686 60. 40.
3687 60. 40.
3688 60. 40.
3689 60. 40.
3690 60. 40.
3691 59. 41.
3692 59. 41.
3693 59. 41.
3694 60. 40.
3695 60. 40.
3696 60. 40.
3697 60. 40.
3698 60. 40.
3699 60. 40.
3700 60. 40.
3701 60. 40.
3702 61. 39.
3703 61. 39.
3704 60. 40.
3705 61. 39.
3706 61. 39.
3707 62. 38.
3708 62. 38.
3709 62. 38.
3710 62. 38.
3711 62. 38.
3712 63. 37.
3713 63. 37.
3714 62. 38.
3715 62. 38.
3716 63. 37.
3717 62. 38.
3718 62. 38.
3719 62. 38.
3720 62. 38.
3721 62. 38.
3722 63. 37.
3723 63. 37.
3724 63. 37.
3725 63. 37.
3726 63. 37.
3727 64. 36.
3728 63. 37.
3729 63. 37.
3730 64. 36.
3731 64. 36.
3732 65. 35.
3733 65. 35.
3734 65. 35.
3735 65. 35.
3736 64. 36.
3737 64. 36.
3738 64. 36.
3739 63. 37.
3740 62. 38.
3741 63. 37.
3742 63. 37.
3743 63. 37.
3744 63. 37.
3745 63. 37.
3746 63. 37.
3747 63. 37.
3748 63. 37.
3749 63. 37.
3750 63. 37.
3751 62. 38.
3752 61. 39.
3753 62. 38.
3754 62. 38.
3755 62. 38.
3756 61. 39.
3757 60. 40.
3758 60. 40.
3759 60. 40.
3760 60. 40.
3761 60. 40.
3762 61. 39.
3763 61. 39.
3764 60. 40.
3765 60. 40.
3766 60. 40.
3767 60. 40.
3768 60. 40.
3769 60. 40.
3770 60. 40.
3771 60. 40.
3772 60. 40.
3773 60. 40.
3774 60. 40.
3775 60. 40.
3776 60. 40.
3777 60. 40.
3778 59. 41.
3779 59. 41.
3780 58. 42.
3781 59. 41.
3782 59. 41.
3783 59. 41.
3784 58. 42.
3785 58. 42.
3786 58. 42.
3787 58. 42.
3788 58. 42.
3789 58. 42.
3790 58. 42.
3791 58. 42.
3792 58. 42.
3793 58. 42.
3794 58. 42.
3795 57. 43.
3796 57. 43.
3797 57. 43.
3798 57. 43.
3799 57. 43.
3800 57. 43.
3801 56. 44.
3802 56. 44.
3803 56. 44.
3804 56. 44.
3805 56. 44.
3806 56. 44.
3807 56. 44.
3808 56. 44.
3809 57. 43.
3810 57. 43.
3811 57. 43.
3812 58. 42.
3813 58. 42.
3814 58. 42.
3815 58. 42.
3816 57. 43.
3817 57. 43.
3818 57. 43.
3819 57. 43.
3820 57. 43.
3821 57. 43.
3822 57. 43.
3823 57. 43.
3824 57. 43.
3825 57. 43.
3826 57. 43.
3827 57. 43.
3828 56. 44.
3829 56. 44.
3830 56. 44.
3831 57. 43.
3832 57. 43.
3833 56. 44.
3834 55. 45.
3835 54. 46.
3836 53. 47.
3837 54. 46.
3838 54. 46.
3839 54. 46.
3840 54. 46.
3841 54. 46.
3842 54. 46.
3843 54. 46.
3844 53. 47.
3845 53. 47.
3846 53. 47.
3847 52. 48.
3848 52. 48.
3849 52. 48.
3850 51. 49.
3851 51. 49.
3852 51. 49.
3853 51. 49.
3854 50. 50.
3855 50. 50.
3856 49. 51.
3857 50. 50.
3858 51. 49.
3859 50. 50.
3860 50. 50.
3861 50. 50.
3862 50. 50.
3863 50. 50.
3864 50. 50.
3865 49. 51.
3866 50. 50.
3867 50. 50.
3868 49. 51.
3869 50. 50.
3870 50. 50.
3871 50. 50.
3872 51. 49.
3873 51. 49.
3874 52. 48.
3875 52. 48.
3876 52. 48.
3877 52. 48.
3878 52. 48.
3879 52. 48.
3880 52. 48.
3881 52. 48.
3882 52. 48.
3883 53. 47.
3884 53. 47.
3885 53. 47.
3886 53. 47.
3887 52. 48.
3888 52. 48.
3889 52. 48.
3890 53. 47.
3891 53. 47.
3892 53. 47.
3893 53. 47.
3894 53. 47.
3895 53. 47.
3896 53. 47.
3897 53. 47.
3898 53. 47.
3899 54. 46.
3900 54. 46.
3901 54. 46.
3902 55. 45.
3903 55. 45.
3904 55. 45.
3905 54. 46.
3906 55. 45.
3907 55. 45.
3908 54. 46.
3909 54. 46.
3910 55. 45.
3911 55. 45.
3912 55. 45.
3913 55. 45.
3914 55. 45.
3915 54. 46.
3916 54. 46.
3917 54. 46.
3918 54. 46.
3919 54. 46.
3920 54. 46.
3921 54. 46.
3922 54. 46.
3923 54. 46.
3924 55. 45.
3925 55. 45.
3926 56. 44.
3927 56. 44.
3928 55. 45.
3929 55. 45.
3930 55. 45.
3931 54. 46.
3932 54. 46.
3933 54. 46.
3934 54. 46.
3935 54. 46.
3936 55. 45.
3937 55. 45.
3938 55. 45.
3939 54. 46.
3940 54. 46.
3941 55. 45.
3942 55. 45.
3943 55. 45.
3944 55. 45.
3945 55. 45.
3946 55. 45.
3947 55. 45.
3948 55. 45.
3949 54. 46.
3950 53. 47.
3951 54. 46.
3952 53. 47.
3953 53. 47.
3954 53. 47.
3955 53. 47.
3956 53. 47.
3957 54. 46.
3958 54. 46.
3959 54. 46.
3960 54. 46.
3961 55. 45.
3962 55. 45.
3963 54. 46.
3964 54. 46.
3965 54. 46.
3966 54. 46.
3967 55. 45.
3968 55. 45.
3969 55. 45.
3970 55. 45.
3971 55. 45.
3972 55. 45.
3973 55. 45.
3974 54. 46.
3975 53. 47.
3976 53. 47.
3977 53. 47.
3978 53. 47.
3979 53. 47.
3980 53. 47.
3981 53. 47.
3982 53. 47.
3983 53. 47.
3984 53. 47.
3985 53. 47.
3986 52. 48.
3987 52. 48.
3988 53. 47.
3989 53. 47.
3990 52. 48.
3991 52. 48.
3992 52. 48.
3993 52. 48.
3994 52. 48.
3995 52. 48.
3996 52. 48.
3997 51. 49.
3998 50. 50.
3999 51. 49.
4000 51. 49.
4001 51. 49.
4002 51. 49.
4003 51. 49.
4004 51. 49.
4005 52. 48.
4006 52. 48.
4007 52. 48.
4008 52. 48.
4009 52. 48.
4010 52. 48.
4011 51. 49.
4012 51. 49.
4013 52. 48.
4014 53. 47.
4015 53. 47.
4016 53. 47.
4017 53. 47.
4018 52. 48.
4019 52. 48.
4020 52. 48.
4021 51. 49.
4022 51. 49.
4023 51. 49.
4024 51. 49.
4025 51. 49.
4026 51. 49.
4027 51. 49.
4028 51. 49.
4029 51. 49.
4030 50. 50.
4031 51. 49.
4032 51. 49.
4033 51. 49.
4034 51. 49.
4035 52. 48.
4036 53. 47.
4037 52. 48.
4038 52. 48.
4039 52. 48.
4040 53. 47.
4041 53. 47.
4042 53. 47.
4043 53. 47.
4044 54. 46.
4045 54. 46.
4046 54. 46.
4047 54. 46.
4048 54. 46.
4049 53. 47.
4050 53. 47.
4051 53. 47.
4052 53. 47.
4053 53. 47.
4054 53. 47.
4055 54. 46.
4056 54. 46.
4057 54. 46.
4058 54. 46.
4059 54. 46.
4060 54. 46.
4061 55. 45.
4062 55. 45.
4063 55. 45.
4064 56. 44.
4065 56. 44.
4066 56. 44.
4067 56. 44.
4068 57. 43.
4069 57. 43.
4070 57. 43.
4071 57. 43.
4072 57. 43.
4073 57. 43.
4074 57. 43.
4075 57. 43.
4076 58. 42.
4077 58. 42.
4078 58. 42.
4079 58. 42.
4080 58. 42.
4081 58. 42.
4082 58. 42.
4083 59. 41.
4084 59. 41.
4085 59. 41.
4086 59. 41.
4087 59. 41.
4088 59. 41.
4089 60. 40.
4090 61. 39.
4091 61. 39.
4092 61. 39.
4093 61. 39.
4094 62. 38.
4095 62. 38.
4096 62. 38.
4097 62. 38.
4098 62. 38.
4099 62. 38.
4100 62. 38.
4101 62. 38.
4102 62. 38.
4103 62. 38.
4104 62. 38.
4105 61. 39.
4106 62. 38.
4107 62. 38.
4108 63. 37.
4109 63. 37.
4110 64. 36.
4111 64. 36.
4112 63. 37.
4113 63. 37.
4114 63. 37.
4115 63. 37.
4116 63. 37.
4117 63. 37.
4118 62. 38.
4119 62. 38.
4120 63. 37.
4121 63. 37.
4122 63. 37.
4123 64. 36.
4124 64. 36.
4125 64. 36.
4126 65. 35.
4127 64. 36.
4128 64. 36.
4129 64. 36.
4130 64. 36.
4131 64. 36.
4132 64. 36.
4133 64. 36.
4134 64. 36.
4135 63. 37.
4136 62. 38.
4137 62. 38.
4138 62. 38.
4139 62. 38.
4140 62. 38.
4141 62. 38.
4142 62. 38.
4143 62. 38.
4144 62. 38.
4145 63. 37.
4146 63. 37.
4147 63. 37.
4148 63. 37.
4149 63. 37.
4150 62. 38.
4151 62. 38.
4152 62. 38.
4153 62. 38.
4154 62. 38.
4155 61. 39.
4156 60. 40.
4157 60. 40.
4158 60. 40.
4159 61. 39.
4160 61. 39.
4161 61. 39.
4162 61. 39.
4163 61. 39.
4164 61. 39.
4165 60. 40.
4166 60. 40.
4167 60. 40.
4168 61. 39.
4169 61. 39.
4170 61. 39.
4171 62. 38.
4172 62. 38.
4173 62. 38.
4174 62. 38.
4175 62. 38.
4176 63. 37.
4177 64. 36.
4178 64. 36.
4179 64. 36.
4180 64. 36.
4181 65. 35.
4182 65. 35.
4183 65. 35.
4184 65. 35.
4185 65. 35.
4186 65. 35.
4187 65. 35.
4188 65. 35.
4189 65. 35.
4190 65. 35.
4191 65. 35.
4192 66. 34.
4193 66. 34.
4194 66. 34.
4195 66. 34.
4196 66. 34.
4197 65. 35.
4198 65. 35.
4199 65. 35.
4200 66. 34.
4201 67. 33.
4202 67. 33.
4203 67. 33.
4204 67. 33.
4205 67. 33.
4206 67. 33.
4207 67. 33.
4208 67. 33.
4209 67. 33.
4210 67. 33.
4211 67. 33.
4212 66. 34.
4213 66. 34.
4214 66. 34.
4215 66. 34.
4216 66. 34.
4217 66. 34.
4218 65. 35.
4219 65. 35.
4220 66. 34.
4221 66. 34.
4222 66. 34.
4223 66. 34.
4224 66. 34.
4225 66. 34.
4226 65. 35.
4227 65. 35.
4228 65. 35.
4229 65. 35.
4230 65. 35.
4231 65. 35.
4232 65. 35.
4233 65. 35.
4234 65. 35.
4235 65. 35.
4236 66. 34.
4237 66. 34.
4238 65. 35.
4239 65. 35.
4240 65. 35.
4241 65. 35.
4242 64. 36.
4243 63. 37.
4244 63. 37.
4245 63. 37.
4246 63. 37.
4247 63. 37.
4248 62. 38.
4249 62. 38.
4250 61. 39.
4251 61. 39.
4252 62. 38.
4253 62. 38.
4254 62. 38.
4255 62. 38.
4256 63. 37.
4257 63. 37.
4258 64. 36.
4259 64. 36.
4260 64. 36.
4261 64. 36.
4262 63. 37.
4263 63. 37.
4264 63. 37.
4265 63. 37.
4266 64. 36.
4267 64. 36.
4268 64. 36.
4269 65. 35.
4270 65. 35.
4271 66. 34.
4272 66. 34.
4273 66. 34.
4274 66. 34.
4275 65. 35.
4276 64. 36.
4277 64. 36.
4278 65. 35.
4279 65. 35.
4280 66. 34.
4281 65. 35.
4282 65. 35.
4283 65. 35.
4284 65. 35.
4285 65. 35.
4286 65. 35.
4287 65. 35.
4288 65. 35.
4289 65. 35.
4290 64. 36.
4291 64. 36.
4292 63. 37.
4293 64. 36.
4294 64. 36.
4295 64. 36.
4296 64. 36.
4297 64. 36.
4298 64. 36.
4299 64. 36.
4300 64. 36.
4301 65. 35.
4302 65. 35.
4303 65. 35.
4304 65. 35.
4305 66. 34.
4306 66. 34.
4307 65. 35.
4308 66. 34.
4309 66. 34.
4310 66. 34.
4311 66. 34.
4312 66. 34.
4313 66. 34.
4314 66. 34.
4315 66. 34.
4316 66. 34.
4317 67. 33.
4318 67. 33.
4319 67. 33.
4320 68. 32.
4321 69. 31.
4322 70. 30.
4323 70. 30.
4324 70. 30.
4325 70. 30.
4326 70. 30.
4327 70. 30.
4328 70. 30.
4329 70. 30.
4330 70. 30.
4331 70. 30.
4332 70. 30.
4333 70. 30.
4334 71. 29.
4335 71. 29.
4336 72. 28.
4337 72. 28.
4338 72. 28.
4339 72. 28.
4340 72. 28.
4341 73. 27.
4342 73. 27.
4343 72. 28.
4344 72. 28.
4345 72. 28.
4346 72. 28.
4347 72. 28.
4348 72. 28.
4349 72. 28.
4350 72. 28.
4351 72. 28.
4352 72. 28.
4353 72. 28.
4354 72. 28.
4355 71. 29.
4356 71. 29.
4357 72. 28.
4358 72. 28.
4359 73. 27.
4360 74. 26.
4361 75. 25.
4362 75. 25.
4363 74. 26.
4364 74. 26.
4365 74. 26.
4366 74. 26.
4367 74. 26.
4368 74. 26.
4369 74. 26.
4370 74. 26.
4371 73. 27.
4372 73. 27.
4373 73. 27.
4374 73. 27.
4375 73. 27.
4376 73. 27.
4377 73. 27.
4378 73. 27.
4379 73. 27.
4380 74. 26.
4381 74. 26.
4382 74. 26.
4383 74. 26.
4384 74. 26.
4385 74. 26.
4386 73. 27.
4387 73. 27.
4388 73. 27.
4389 73. 27.
4390 72. 28.
4391 72. 28.
4392 72. 28.
4393 72. 28.
4394 72. 28.
4395 72. 28.
4396 72. 28.
4397 72. 28.
4398 72. 28.
4399 72. 28.
4400 72. 28.
4401 71. 29.
4402 72. 28.
4403 71. 29.
4404 71. 29.
4405 71. 29.
4406 71. 29.
4407 71. 29.
4408 71. 29.
4409 71. 29.
4410 71. 29.
4411 71. 29.
4412 70. 30.
4413 70. 30.
4414 70. 30.
4415 70. 30.
4416 70. 30.
4417 70. 30.
4418 71. 29.
4419 71. 29.
4420 71. 29.
4421 71. 29.
4422 70. 30.
4423 70. 30.
4424 70. 30.
4425 70. 30.
4426 70. 30.
4427 70. 30.
4428 70. 30.
4429 70. 30.
4430 71. 29.
4431 72. 28.
4432 72. 28.
4433 72. 28.
4434 72. 28.
4435 72. 28.
4436 72. 28.
4437 72. 28.
4438 72. 28.
4439 72. 28.
4440 72. 28.
4441 72. 28.
4442 72. 28.
4443 72. 28.
4444 72. 28.
4445 72. 28.
4446 72. 28.
4447 73. 27.
4448 73. 27.
4449 73. 27.
4450 72. 28.
4451 72. 28.
4452 72. 28.
4453 73. 27.
4454 74. 26.
4455 75. 25.
4456 75. 25.
4457 75. 25.
4458 75. 25.
4459 75. 25.
4460 75. 25.
4461 74. 26.
4462 74. 26.
4463 74. 26.
4464 74. 26.
4465 75. 25.
4466 75. 25.
4467 75. 25.
4468 74. 26.
4469 74. 26.
4470 75. 25.
4471 75. 25.
4472 74. 26.
4473 74. 26.
4474 74. 26.
4475 74. 26.
4476 73. 27.
4477 73. 27.
4478 74. 26.
4479 74. 26.
4480 74. 26.
4481 73. 27.
4482 73. 27.
4483 73. 27.
4484 73. 27.
4485 73. 27.
4486 73. 27.
4487 72. 28.
4488 72. 28.
4489 73. 27.
4490 73. 27.
4491 72. 28.
4492 72. 28.
4493 72. 28.
4494 73. 27.
4495 74. 26.
4496 74. 26.
4497 75. 25.
4498 76. 24.
4499 76. 24.
4500 76. 24.
4501 76. 24.
4502 76. 24.
4503 76. 24.
4504 76. 24.
4505 76. 24.
4506 76. 24.
4507 76. 24.
4508 76. 24.
4509 76. 24.
4510 76. 24.
4511 76. 24.
4512 76. 24.
4513 77. 23.
4514 77. 23.
4515 76. 24.
4516 76. 24.
4517 76. 24.
4518 76. 24.
4519 76. 24.
4520 76. 24.
4521 76. 24.
4522 75. 25.
4523 75. 25.
4524 75. 25.
4525 75. 25.
4526 75. 25.
4527 75. 25.
4528 75. 25.
4529 75. 25.
4530 75. 25.
4531 75. 25.
4532 75. 25.
4533 75. 25.
4534 75. 25.
4535 75. 25.
4536 75. 25.
4537 75. 25.
4538 75. 25.
4539 75. 25.
4540 75. 25.
4541 75. 25.
4542 75. 25.
4543 74. 26.
4544 74. 26.
4545 74. 26.
4546 74. 26.
4547 74. 26.
4548 73. 27.
4549 73. 27.
4550 73. 27.
4551 73. 27.
4552 73. 27.
4553 74. 26.
4554 74. 26.
4555 74. 26.
4556 74. 26.
4557 74. 26.
4558 74. 26.
4559 74. 26.
4560 74. 26.
4561 74. 26.
4562 74. 26.
4563 74. 26.
4564 74. 26.
4565 74. 26.
4566 73. 27.
4567 73. 27.
4568 74. 26.
4569 73. 27.
4570 73. 27.
4571 72. 28.
4572 72. 28.
4573 72. 28.
4574 72. 28.
4575 72. 28.
4576 72. 28.
4577 72. 28.
4578 73. 27.
4579 73. 27.
4580 72. 28.
4581 72. 28.
4582 71. 29.
4583 70. 30.
4584 70. 30.
4585 70. 30.
4586 70. 30.
4587 70. 30.
4588 70. 30.
4589 70. 30.
4590 70. 30.
4591 70. 30.
4592 70. 30.
4593 70. 30.
4594 70. 30.
4595 70. 30.
4596 70. 30.
4597 70. 30.
4598 71. 29.
4599 72. 28.
4600 73. 27.
4601 72. 28.
4602 72. 28.
4603 72. 28.
4604 72. 28.
4605 71. 29.
4606 71. 29.
4607 71. 29.
4608 71. 29.
4609 71. 29.
4610 70. 30.
4611 70. 30.
4612 69. 31.
4613 69. 31.
4614 69. 31.
4615 69. 31.
4616 69. 31.
4617 68. 32.
4618 69. 31.
4619 69. 31.
4620 69. 31.
4621 69. 31.
4622 69. 31.
4623 70. 30.
4624 70. 30.
4625 70. 30.
4626 70. 30.
4627 70. 30.
4628 70. 30.
4629 70. 30.
4630 71. 29.
4631 71. 29.
4632 71. 29.
4633 71. 29.
4634 71. 29.
4635 71. 29.
4636 71. 29.
4637 71. 29.
4638 71. 29.
4639 72. 28.
4640 73. 27.
4641 73. 27.
4642 72. 28.
4643 71. 29.
4644 71. 29.
4645 71. 29.
4646 71. 29.
4647 72. 28.
4648 73. 27.
4649 73. 27.
4650 73. 27.
4651 73. 27.
4652 73. 27.
4653 74. 26.
4654 74. 26.
4655 74. 26.
4656 74. 26.
4657 74. 26.
4658 74. 26.
4659 75. 25.
4660 75. 25.
4661 75. 25.
4662 75. 25.
4663 76. 24.
4664 76. 24.
4665 76. 24.
4666 76. 24.
4667 75. 25.
4668 75. 25.
4669 75. 25.
4670 74. 26.
4671 74. 26.
4672 74. 26.
4673 74. 26.
4674 74. 26.
4675 74. 26.
4676 74. 26.
4677 74. 26.
4678 74. 26.
4679 75. 25.
4680 75. 25.
4681 76. 24.
4682 75. 25.
4683 76. 24.
4684 76. 24.
4685 76. 24.
4686 76. 24.
4687 76. 24.
4688 76. 24.
4689 76. 24.
4690 76. 24.
4691 76. 24.
4692 76. 24.
4693 76. 24.
4694 77. 23.
4695 76. 24.
4696 75. 25.
4697 76. 24.
4698 76. 24.
4699 76. 24.
4700 76. 24.
4701 76. 24.
4702 76. 24.
4703 76. 24.
4704 75. 25.
4705 74. 26.
4706 74. 26.
4707 74. 26.
4708 75. 25.
4709 76. 24.
4710 76. 24.
4711 76. 24.
4712 76. 24.
4713 76. 24.
4714 75. 25.
4715 75. 25.
4716 75. 25.
4717 76. 24.
4718 76. 24.
4719 76. 24.
4720 77. 23.
4721 77. 23.
4722 76. 24.
4723 76. 24.
4724 76. 24.
4725 76. 24.
4726 76. 24.
4727 76. 24.
4728 76. 24.
4729 76. 24.
4730 76. 24.
4731 76. 24.
4732 76. 24.
4733 76. 24.
4734 76. 24.
4735 76. 24.
4736 76. 24.
4737 76. 24.
4738 77. 23.
4739 78. 22.
4740 78. 22.
4741 79. 21.
4742 78. 22.
4743 78. 22.
4744 79. 21.
4745 79. 21.
4746 78. 22.
4747 78. 22.
4748 78. 22.
4749 79. 21.
4750 80. 20.
4751 80. 20.
4752 80. 20.
4753 80. 20.
4754 80. 20.
4755 80. 20.
4756 80. 20.
4757 80. 20.
4758 80. 20.
4759 80. 20.
4760 80. 20.
4761 80. 20.
4762 80. 20.
4763 80. 20.
4764 80. 20.
4765 81. 19.
4766 81. 19.
4767 82. 18.
4768 82. 18.
4769 82. 18.
4770 82. 18.
4771 81. 19.
4772 81. 19.
4773 82. 18.
4774 82. 18.
4775 82. 18.
4776 82. 18.
4777 82. 18.
4778 82. 18.
4779 82. 18.
4780 82. 18.
4781 81. 19.
4782 82. 18.
4783 82. 18.
4784 82. 18.
4785 82. 18.
4786 82. 18.
4787 82. 18.
4788 82. 18.
4789 82. 18.
4790 83. 17.
4791 83. 17.
4792 83. 17.
4793 83. 17.
4794 83. 17.
4795 83. 17.
4796 83. 17.
4797 83. 17.
4798 83. 17.
4799 82. 18.
4800 82. 18.
4801 81. 19.
4802 80. 20.
4803 80. 20.
4804 80. 20.
4805 81. 19.
4806 81. 19.
4807 81. 19.
4808 81. 19.
4809 81. 19.
4810 81. 19.
4811 81. 19.
4812 81. 19.
4813 81. 19.
4814 81. 19.
4815 81. 19.
4816 81. 19.
4817 81. 19.
4818 81. 19.
4819 81. 19.
4820 81. 19.
4821 81. 19.
4822 81. 19.
4823 81. 19.
4824 81. 19.
4825 81. 19.
4826 82. 18.
4827 83. 17.
4828 83. 17.
4829 83. 17.
4830 83. 17.
4831 82. 18.
4832 82. 18.
4833 82. 18.
4834 82. 18.
4835 82. 18.
4836 82. 18.
4837 82. 18.
4838 82. 18.
4839 82. 18.
4840 82. 18.
4841 82. 18.
4842 81. 19.
4843 81. 19.
4844 81. 19.
4845 81. 19.
4846 81. 19.
4847 81. 19.
4848 81. 19.
4849 81. 19.
4850 81. 19.
4851 80. 20.
4852 80. 20.
4853 81. 19.
4854 81. 19.
4855 82. 18.
4856 82. 18.
4857 82. 18.
4858 82. 18.
4859 82. 18.
4860 82. 18.
4861 82. 18.
4862 82. 18.
4863 82. 18.
4864 82. 18.
4865 81. 19.
4866 81. 19.
4867 81. 19.
4868 82. 18.
4869 82. 18.
4870 82. 18.
4871 82. 18.
4872 82. 18.
4873 82. 18.
4874 82. 18.
4875 82. 18.
4876 82. 18.
4877 82. 18.
4878 83. 17.
4879 83. 17.
4880 84. 16.
4881 84. 16.
4882 84. 16.
4883 84. 16.
4884 84. 16.
4885 84. 16.
4886 84. 16.
4887 84. 16.
4888 84. 16.
4889 84. 16.
4890 85. 15.
4891 86. 14.
4892 87. 13.
4893 87. 13.
4894 87. 13.
4895 87. 13.
4896 87. 13.
4897 87. 13.
4898 88. 12.
4899 87. 13.
4900 87. 13.
4901 87. 13.
4902 87. 13.
4903 87. 13.
4904 87. 13.
4905 87. 13.
4906 87. 13.
4907 87. 13.
4908 87. 13.
4909 87. 13.
4910 87. 13.
4911 87. 13.
4912 87. 13.
4913 87. 13.
4914 87. 13.
4915 88. 12.
4916 88. 12.
4917 88. 12.
4918 88. 12.
4919 88. 12.
4920 88. 12.
4921 88. 12.
4922 88. 12.
4923 89. 11.
4924 89. 11.
4925 89. 11.
4926 89. 11.
4927 89. 11.
4928 89. 11.
4929 90. 10.
4930 91. 9.
4931 91. 9.
4932 91. 9.
4933 91. 9.
4934 91. 9.
4935 91. 9.
4936 91. 9.
4937 91. 9.
4938 91. 9.
4939 91. 9.
4940 90. 10.
4941 90. 10.
4942 90. 10.
4943 90. 10.
4944 90. 10.
4945 90. 10.
4946 89. 11.
4947 89. 11.
4948 89. 11.
4949 89. 11.
4950 89. 11.
4951 89. 11.
4952 89. 11.
4953 89. 11.
4954 89. 11.
4955 89. 11.
4956 89. 11.
4957 89. 11.
4958 89. 11.
4959 89. 11.
4960 89. 11.
4961 89. 11.
4962 89. 11.
4963 90. 10.
4964 91. 9.
4965 91. 9.
4966 91. 9.
4967 90. 10.
4968 91. 9.
4969 91. 9.
4970 91. 9.
4971 91. 9.
4972 91. 9.
4973 90. 10.
4974 90. 10.
4975 90. 10.
4976 90. 10.
4977 90. 10.
4978 90. 10.
4979 90. 10.
4980 90. 10.
4981 90. 10.
4982 90. 10.
4983 90. 10.
4984 90. 10.
4985 90. 10.
4986 90. 10.
4987 89. 11.
4988 89. 11.
4989 90. 10.
4990 90. 10.
4991 90. 10.
4992 90. 10.
4993 90. 10.
4994 90. 10.
4995 90. 10.
4996 90. 10.
4997 91. 9.
4998 91. 9.
4999 91. 9.
5000 91. 9.
5001 91. 9.
5002 91. 9.
5003 91. 9.
5004 92. 8.
5005 92. 8.
5006 92. 8.
5007 92. 8.
5008 92. 8.
5009 92. 8.
5010 92. 8.
5011 92. 8.
5012 92. 8.
5013 92. 8.
5014 92. 8.
5015 92. 8.
5016 92. 8.
5017 92. 8.
5018 92. 8.
5019 93. 7.
5020 94. 6.
5021 94. 6.
5022 94. 6.
5023 94. 6.
5024 94. 6.
5025 94. 6.
5026 94. 6.
5027 94. 6.
5028 94. 6.
5029 94. 6.
5030 94. 6.
5031 94. 6.
5032 94. 6.
5033 94. 6.
5034 94. 6.
5035 94. 6.
5036 94. 6.
5037 94. 6.
5038 94. 6.
5039 94. 6.
5040 94. 6.
5041 94. 6.
5042 94. 6.
5043 94. 6.
5044 94. 6.
5045 94. 6.
5046 94. 6.
5047 94. 6.
5048 94. 6.
5049 94. 6.
5050 94. 6.
5051 94. 6.
5052 94. 6.
5053 94. 6.
5054 94. 6.
5055 94. 6.
5056 94. 6.
5057 94. 6.
5058 94. 6.
5059 94. 6.
5060 94. 6.
5061 94. 6.
5062 94. 6.
5063 94. 6.
5064 94. 6.
5065 93. 7.
5066 93. 7.
5067 93. 7.
5068 93. 7.
5069 93. 7.
5070 93. 7.
5071 93. 7.
5072 93. 7.
5073 93. 7.
5074 93. 7.
5075 93. 7.
5076 93. 7.
5077 93. 7.
5078 93. 7.
5079 93. 7.
5080 93. 7.
5081 94. 6.
5082 94. 6.
5083 94. 6.
5084 94. 6.
5085 94. 6.
5086 95. 5.
5087 95. 5.
5088 95. 5.
5089 95. 5.
5090 95. 5.
5091 95. 5.
5092 95. 5.
5093 95. 5.
5094 96. 4.
5095 96. 4.
5096 96. 4.
5097 96. 4.
5098 96. 4.
5099 96. 4.
5100 96. 4.
5101 96. 4.
5102 96. 4.
5103 96. 4.
5104 96. 4.
5105 96. 4.
5106 96. 4.
5107 97. 3.
5108 97. 3.
5109 97. 3.
5110 97. 3.
5111 97. 3.
5112 97. 3.
5113 97. 3.
5114 97. 3.
5115 97. 3.
5116 97. 3.
5117 97. 3.
5118 97. 3.
5119 97. 3.
5120 97. 3.
5121 97. 3.
5122 97. 3.
5123 97. 3.
5124 97. 3.
5125 97. 3.
5126 97. 3.
5127 97. 3.
5128 97. 3.
5129 97. 3.
5130 97. 3.
5131 97. 3.
5132 97. 3.
5133 97. 3.
5134 97. 3.
5135 97. 3.
5136 97. 3.
5137 97. 3.
5138 97. 3.
5139 97. 3.
5140 97. 3.
5141 97. 3.
5142 97. 3.
5143 97. 3.
5144 97. 3.
5145 97. 3.
5146 97. 3.
5147 97. 3.
5148 97. 3.
5149 97. 3.
5150 97. 3.
5151 97. 3.
5152 97. 3.
5153 97. 3.
5154 97. 3.
5155 97. 3.
5156 97. 3.
5157 97. 3.
5158 97. 3.
5159 97. 3.
5160 97. 3.
5161 97. 3.
5162 97. 3.
5163 97. 3.
5164 97. 3.
5165 97. 3.
5166 97. 3.
5167 97. 3.
5168 97. 3.
5169 97. 3.
5170 97. 3.
5171 97. 3.
5172 97. 3.
5173 97. 3.
5174 97. 3.
5175 97. 3.
5176 97. 3.
5177 97. 3.
5178 97. 3.
5179 97. 3.
5180 97. 3.
5181 97. 3.
5182 97. 3.
5183 97. 3.
5184 97. 3.
5185 97. 3.
5186 97. 3.
5187 97. 3.
5188 97. 3.
5189 97. 3.
5190 97. 3.
5191 97. 3.
5192 97. 3.
5193 97. 3.
5194 97. 3.
5195 97. 3.
5196 97. 3.
5197 97. 3.
5198 97. 3.
5199 97. 3.
5200 97. 3.
5201 97. 3.
5202 97. 3.
5203 97. 3.
5204 97. 3.
5205 97. 3.
5206 97. 3.
5207 97. 3.
5208 97. 3.
5209 97. 3.
5210 97. 3.
5211 97. 3.
5212 97. 3.
5213 97. 3.
5214 97. 3.
5215 97. 3.
5216 97. 3.
5217 97. 3.
5218 97. 3.
5219 97. 3.
5220 97. 3.
5221 97. 3.
5222 97. 3.
5223 97. 3.
5224 97. 3.
5225 97. 3.
5226 97. 3.
5227 97. 3.
5228 97. 3.
5229 97. 3.
5230 97. 3.
5231 97. 3.
5232 97. 3.
5233 97. 3.
5234 97. 3.
5235 97. 3.
5236 97. 3.
5237 97. 3.
5238 97. 3.
5239 97. 3.
5240 97. 3.
5241 97. 3.
5242 97. 3.
5243 97. 3.
5244 97. 3.
5245 97. 3.
5246 97. 3.
5247 97. 3.
5248 97. 3.
5249 97. 3.
5250 97. 3.
5251 97. 3.
5252 97. 3.
5253 97. 3.
5254 97. 3.
5255 97. 3.
5256 97. 3.
5257 97. 3.
5258 97. 3.
5259 97. 3.
5260 97. 3.
5261 97. 3.
5262 97. 3.
5263 97. 3.
5264 97. 3.
5265 97. 3.
5266 97. 3.
5267 97. 3.
5268 97. 3.
5269 97. 3.
5270 97. 3.
5271 97. 3.
5272 97. 3.
5273 97. 3.
5274 97. 3.
5275 97. 3.
5276 97. 3.
5277 97. 3.
5278 97. 3.
5279 97. 3.
5280 97. 3.
5281 97. 3.
5282 97. 3.
5283 97. 3.
5284 97. 3.
5285 97. 3.
5286 97. 3.
5287 97. 3.
5288 97. 3.
5289 97. 3.
5290 97. 3.
5291 97. 3.
5292 97. 3.
5293 97. 3.
5294 97. 3.
5295 97. 3.
5296 97. 3.
5297 97. 3.
5298 97. 3.
5299 97. 3.
5300 97. 3.
5301 97. 3.
5302 97. 3.
5303 97. 3.
5304 97. 3.
5305 97. 3.
5306 97. 3.
5307 96. 4.
5308 96. 4.
5309 96. 4.
5310 96. 4.
5311 96. 4.
5312 96. 4.
5313 96. 4.
5314 96. 4.
5315 96. 4.
5316 96. 4.
5317 96. 4.
5318 96. 4.
5319 96. 4.
5320 96. 4.
5321 96. 4.
5322 96. 4.
5323 96. 4.
5324 96. 4.
5325 96. 4.
5326 96. 4.
5327 96. 4.
5328 96. 4.
5329 96. 4.
5330 96. 4.
5331 96. 4.
5332 96. 4.
5333 96. 4.
5334 96. 4.
5335 96. 4.
5336 96. 4.
5337 96. 4.
5338 96. 4.
5339 96. 4.
5340 96. 4.
5341 96. 4.
5342 96. 4.
5343 96. 4.
5344 96. 4.
5345 96. 4.
5346 96. 4.
5347 96. 4.
5348 96. 4.
5349 96. 4.
5350 96. 4.
5351 96. 4.
5352 96. 4.
5353 96. 4.
5354 96. 4.
5355 96. 4.
5356 96. 4.
5357 96. 4.
5358 96. 4.
5359 96. 4.
5360 96. 4.
5361 96. 4.
5362 96. 4.
5363 96. 4.
5364 96. 4.
5365 96. 4.
5366 96. 4.
5367 96. 4.
5368 96. 4.
5369 96. 4.
5370 96. 4.
5371 96. 4.
5372 96. 4.
5373 96. 4.
5374 96. 4.
5375 96. 4.
5376 96. 4.
5377 96. 4.
5378 96. 4.
5379 96. 4.
5380 96. 4.
5381 96. 4.
5382 95. 5.
5383 95. 5.
5384 95. 5.
5385 95. 5.
5386 96. 4.
5387 96. 4.
5388 97. 3.
5389 97. 3.
5390 97. 3.
5391 97. 3.
5392 97. 3.
5393 97. 3.
5394 97. 3.
5395 97. 3.
5396 97. 3.
5397 97. 3.
5398 97. 3.
5399 97. 3.
5400 97. 3.
5401 97. 3.
5402 97. 3.
5403 97. 3.
5404 97. 3.
5405 97. 3.
5406 97. 3.
5407 97. 3.
5408 97. 3.
5409 97. 3.
5410 97. 3.
5411 97. 3.
5412 97. 3.
5413 97. 3.
5414 97. 3.
5415 97. 3.
5416 97. 3.
5417 97. 3.
5418 97. 3.
5419 97. 3.
5420 97. 3.
5421 98. 2.
5422 98. 2.
5423 98. 2.
5424 98. 2.
5425 98. 2.
5426 99. 1.
5427 99. 1.
5428 99. 1.
5429 99. 1.
5430 99. 1.
5431 99. 1.
5432 99. 1.
5433 99. 1.
5434 99. 1.
5435 99. 1.
5436 99. 1.
5437 99. 1.
5438 99. 1.
5439 99. 1.
5440 99. 1.
5441 99. 1.
5442 98. 2.
5443 98. 2.
5444 98. 2.
5445 98. 2.
5446 98. 2.
5447 98. 2.
5448 98. 2.
5449 98. 2.
5450 98. 2.
5451 98. 2.
5452 98. 2.
5453 98. 2.
5454 98. 2.
5455 98. 2.
5456 98. 2.
5457 98. 2.
5458 98. 2.
5459 98. 2.
5460 98. 2.
5461 98. 2.
5462 98. 2.
5463 98. 2.
5464 98. 2.
5465 98. 2.
5466 98. 2.
5467 98. 2.
5468 98. 2.
5469 98. 2.
5470 98. 2.
5471 98. 2.
5472 98. 2.
5473 98. 2.
5474 98. 2.
5475 98. 2.
5476 98. 2.
5477 98. 2.
5478 98. 2.
5479 98. 2.
5480 98. 2.
5481 98. 2.
5482 98. 2.
5483 98. 2.
5484 98. 2.
5485 98. 2.
5486 98. 2.
5487 98. 2.
5488 98. 2.
5489 98. 2.
5490 98. 2.
5491 98. 2.
5492 98. 2.
5493 98. 2.
5494 98. 2.
5495 98. 2.
5496 98. 2.
5497 98. 2.
5498 98. 2.
5499 98. 2.
5500 98. 2.
5501 98. 2.
5502 98. 2.
5503 98. 2.
5504 98. 2.
5505 98. 2.
5506 98. 2.
5507 98. 2.
5508 98. 2.
5509 98. 2.
5510 98. 2.
5511 98. 2.
5512 98. 2.
5513 98. 2.
5514 98. 2.
5515 98. 2.
5516 98. 2.
5517 98. 2.
5518 98. 2.
5519 98. 2.
5520 98. 2.
5521 98. 2.
5522 98. 2.
5523 98. 2.
5524 98. 2.
5525 98. 2.
5526 98. 2.
5527 98. 2.
5528 98. 2.
5529 98. 2.
5530 98. 2.
5531 98. 2.
5532 98. 2.
5533 98. 2.
5534 98. 2.
5535 98. 2.
5536 98. 2.
5537 98. 2.
5538 98. 2.
5539 98. 2.
5540 98. 2.
5541 98. 2.
5542 98. 2.
5543 98. 2.
5544 98. 2.
5545 98. 2.
5546 98. 2.
5547 98. 2.
5548 98. 2.
5549 98. 2.
5550 98. 2.
5551 98. 2.
5552 98. 2.
5553 98. 2.
5554 98. 2.
5555 98. 2.
5556 98. 2.
5557 98. 2.
5558 98. 2.
5559 98. 2.
5560 98. 2.
5561 98. 2.
5562 98. 2.
5563 98. 2.
5564 98. 2.
5565 98. 2.
5566 98. 2.
5567 98. 2.
5568 98. 2.
5569 98. 2.
5570 98. 2.
5571 98. 2.
5572 98. 2.
5573 98. 2.
5574 98. 2.
5575 98. 2.
5576 98. 2.
5577 98. 2.
5578 98. 2.
5579 98. 2.
5580 98. 2.
5581 98. 2.
5582 98. 2.
5583 98. 2.
5584 98. 2.
5585 98. 2.
5586 98. 2.
5587 98. 2.
5588 98. 2.
5589 98. 2.
5590 98. 2.
5591 98. 2.
5592 98. 2.
5593 98. 2.
5594 98. 2.
5595 98. 2.
5596 98. 2.
5597 98. 2.
5598 98. 2.
5599 98. 2.
5600 98. 2.
5601 98. 2.
5602 98. 2.
5603 98. 2.
5604 98. 2.
5605 98. 2.
5606 98. 2.
5607 98. 2.
5608 98. 2.
5609 98. 2.
5610 98. 2.
5611 98. 2.
5612 98. 2.
5613 98. 2.
5614 98. 2.
5615 98. 2.
5616 98. 2.
5617 98. 2.
5618 98. 2.
5619 98. 2.
5620 98. 2.
5621 98. 2.
5622 98. 2.
5623 98. 2.
5624 99. 1.
5625 99. 1.
5626 99. 1.
5627 99. 1.
5628 99. 1.
5629 99. 1.
5630 99. 1.
5631 99. 1.
5632 99. 1.
5633 99. 1.
5634 99. 1.
5635 99. 1.
5636 99. 1.
5637 99. 1.
5638 99. 1.
5639 99. 1.
5640 99. 1.
5641 99. 1.
5642 99. 1.
5643 99. 1.
5644 99. 1.
5645 99. 1.
5646 99. 1.
5647 99. 1.
5648 99. 1.
5649 99. 1.
5650 99. 1.
5651 99. 1.
5652 99. 1.
5653 99. 1.
5654 99. 1.
5655 99. 1.
5656 99. 1.
5657 99. 1.
5658 99. 1.
5659 99. 1.
5660 99. 1.
5661 99. 1.
5662 99. 1.
5663 99. 1.
