0 18. 82.
1 18. 82.
2 18. 82.
3 18. 82.
4 18. 82.
5 19. 81.
6 19. 81.
7 19. 81.
8 19. 81.
9 19. 81.
10 19. 81.
11 19. 81.
12 19. 81.
13 19. 81.
14 19. 81.
15 19. 81.
16 19. 81.
17 19. 81.
18 19. 81.
19 19. 81.
20 20. 80.
21 20. 80.
22 20. 80.
23 21. 79.
24 21. 79.
25 21. 79.
26 21. 79.
27 22. 78.
28 21. 79.
29 21. 79.
30 21. 79.
31 21. 79.
32 21. 79.
33 21. 79.
34 21. 79.
35 21. 79.
36 21. 79.
37 21. 79.
38 21. 79.
39 21. 79.
40 21. 79.
41 21. 79.
42 21. 79.
43 21. 79.
44 21. 79.
45 20. 80.
46 20. 80.
47 20. 80.
48 20. 80.
49 20. 80.
50 20. 80.
51 19. 81.
52 19. 81.
53 19. 81.
54 19. 81.
55 19. 81.
56 18. 82.
57 19. 81.
58 19. 81.
59 19. 81.
60 19. 81.
61 19. 81.
62 19. 81.
63 19. 81.
64 19. 81.
65 19. 81.
66 18. 82.
67 19. 81.
68 18. 82.
69 18. 82.
70 18. 82.
71 18. 82.
72 19. 81.
73 18. 82.
74 19. 81.
75 19. 81.
76 18. 82.
77 18. 82.
78 18. 82.
79 19. 81.
80 20. 80.
81 20. 80.
82 19. 81.
83 18. 82.
84 18. 82.
85 17. 83.
86 17. 83.
87 18. 82.
88 18. 82.
89 17. 83.
90 17. 83.
91 18. 82.
92 18. 82.
93 19. 81.
94 19. 81.
95 19. 81.
96 18. 82.
97 18. 82.
98 18. 82.
99 18. 82.
100 18. 82.
101 18. 82.
102 18. 82.
103 18. 82.
104 18. 82.
105 18. 82.
106 18. 82.
107 19. 81.
108 19. 81.
109 19. 81.
110 19. 81.
111 19. 81.
112 19. 81.
113 19. 81.
114 19. 81.
115 19. 81.
116 19. 81.
117 19. 81.
118 19. 81.
119 20. 80.
120 19. 81.
121 19. 81.
122 19. 81.
123 19. 81.
124 19. 81.
125 19. 81.
126 19. 81.
127 19. 81.
128 19. 81.
129 19. 81.
130 19. 81.
131 19. 81.
132 19. 81.
133 19. 81.
134 19. 81.
135 19. 81.
136 19. 81.
137 18. 82.
138 19. 81.
139 19. 81.
140 19. 81.
141 19. 81.
142 20. 80.
143 20. 80.
144 20. 80.
145 20. 80.
146 20. 80.
147 20. 80.
148 20. 80.
149 20. 80.
150 20. 80.
151 20. 80.
152 20. 80.
153 20. 80.
154 20. 80.
155 20. 80.
156 21. 79.
157 21. 79.
158 21. 79.
159 21. 79.
160 21. 79.
161 21. 79.
162 21. 79.
163 21. 79.
164 21. 79.
165 21. 79.
166 21. 79.
167 21. 79.
168 21. 79.
169 21. 79.
170 21. 79.
171 21. 79.
172 21. 79.
173 21. 79.
174 21. 79.
175 20. 80.
176 20. 80.
177 20. 80.
178 19. 81.
179 19. 81.
180 19. 81.
181 19. 81.
182 18. 82.
183 19. 81.
184 19. 81.
185 19. 81.
186 19. 81.
187 19. 81.
188 19. 81.
189 19. 81.
190 19. 81.
191 19. 81.
192 19. 81.
193 19. 81.
194 19. 81.
195 19. 81.
196 19. 81.
197 19. 81.
198 19. 81.
199 19. 81.
200 19. 81.
201 19. 81.
202 19. 81.
203 19. 81.
204 18. 82.
205 18. 82.
206 18. 82.
207 18. 82.
208 18. 82.
209 19. 81.
210 19. 81.
211 19. 81.
212 18. 82.
213 18. 82.
214 18. 82.
215 18. 82.
216 19. 81.
217 19. 81.
218 19. 81.
219 19. 81.
220 19. 81.
221 19. 81.
222 19. 81.
223 19. 81.
224 19. 81.
225 18. 82.
226 18. 82.
227 18. 82.
228 18. 82.
229 18. 82.
230 18. 82.
231 18. 82.
232 19. 81.
233 19. 81.
234 19. 81.
235 19. 81.
236 18. 82.
237 18. 82.
238 17. 83.
239 18. 82.
240 17. 83.
241 17. 83.
242 17. 83.
243 17. 83.
244 17. 83.
245 17. 83.
246 17. 83.
247 17. 83.
248 16. 84.
249 16. 84.
250 16. 84.
251 16. 84.
252 16. 84.
253 16. 84.
254 16. 84.
255 16. 84.
256 16. 84.
257 16. 84.
258 16. 84.
259 16. 84.
260 16. 84.
261 16. 84.
262 15. 85.
263 15. 85.
264 15. 85.
265 15. 85.
266 15. 85.
267 16. 84.
268 16. 84.
269 16. 84.
270 16. 84.
271 16. 84.
272 16. 84.
273 16. 84.
274 16. 84.
275 16. 84.
276 16. 84.
277 16. 84.
278 16. 84.
279 15. 85.
280 15. 85.
281 15. 85.
282 15. 85.
283 15. 85.
284 15. 85.
285 15. 85.
286 15. 85.
287 15. 85.
288 15. 85.
289 16. 84.
290 16. 84.
291 16. 84.
292 16. 84.
293 16. 84.
294 16. 84.
295 16. 84.
296 16. 84.
297 16. 84.
298 16. 84.
299 15. 85.
300 15. 85.
301 16. 84.
302 15. 85.
303 15. 85.
304 15. 85.
305 15. 85.
306 15. 85.
307 15. 85.
308 15. 85.
309 15. 85.
310 15. 85.
311 15. 85.
312 16. 84.
313 17. 83.
314 17. 83.
315 17. 83.
316 18. 82.
317 18. 82.
318 18. 82.
319 18. 82.
320 17. 83.
321 17. 83.
322 17. 83.
323 17. 83.
324 18. 82.
325 18. 82.
326 18. 82.
327 17. 83.
328 17. 83.
329 17. 83.
330 17. 83.
331 17. 83.
332 17. 83.
333 17. 83.
334 18. 82.
335 18. 82.
336 18. 82.
337 18. 82.
338 18. 82.
339 18. 82.
340 18. 82.
341 18. 82.
342 18. 82.
343 19. 81.
344 19. 81.
345 19. 81.
346 19. 81.
347 19. 81.
348 19. 81.
349 19. 81.
350 19. 81.
351 19. 81.
352 19. 81.
353 19. 81.
354 19. 81.
355 19. 81.
356 19. 81.
357 19. 81.
358 19. 81.
359 18. 82.
360 18. 82.
361 18. 82.
362 19. 81.
363 19. 81.
364 19. 81.
365 20. 80.
366 20. 80.
367 20. 80.
368 21. 79.
369 21. 79.
370 21. 79.
371 21. 79.
372 21. 79.
373 21. 79.
374 20. 80.
375 20. 80.
376 20. 80.
377 20. 80.
378 20. 80.
379 20. 80.
380 21. 79.
381 21. 79.
382 21. 79.
383 21. 79.
384 20. 80.
385 20. 80.
386 20. 80.
387 20. 80.
388 20. 80.
389 21. 79.
390 20. 80.
391 21. 79.
392 21. 79.
393 21. 79.
394 21. 79.
395 21. 79.
396 21. 79.
397 21. 79.
398 22. 78.
399 22. 78.
400 22. 78.
401 22. 78.
402 23. 77.
403 22. 78.
404 22. 78.
405 22. 78.
406 21. 79.
407 21. 79.
408 21. 79.
409 21. 79.
410 21. 79.
411 21. 79.
412 21. 79.
413 21. 79.
414 21. 79.
415 21. 79.
416 22. 78.
417 22. 78.
418 22. 78.
419 22. 78.
420 22. 78.
421 22. 78.
422 23. 77.
423 23. 77.
424 23. 77.
425 24. 76.
426 24. 76.
427 24. 76.
428 24. 76.
429 24. 76.
430 25. 75.
431 25. 75.
432 26. 74.
433 25. 75.
434 25. 75.
435 24. 76.
436 24. 76.
437 24. 76.
438 25. 75.
439 25. 75.
440 25. 75.
441 25. 75.
442 26. 74.
443 26. 74.
444 26. 74.
445 25. 75.
446 25. 75.
447 24. 76.
448 24. 76.
449 24. 76.
450 24. 76.
451 24. 76.
452 24. 76.
453 24. 76.
454 23. 77.
455 23. 77.
456 23. 77.
457 23. 77.
458 23. 77.
459 24. 76.
460 24. 76.
461 24. 76.
462 24. 76.
463 24. 76.
464 23. 77.
465 23. 77.
466 23. 77.
467 22. 78.
468 22. 78.
469 22. 78.
470 22. 78.
471 23. 77.
472 23. 77.
473 23. 77.
474 23. 77.
475 23. 77.
476 23. 77.
477 23. 77.
478 23. 77.
479 22. 78.
480 22. 78.
481 22. 78.
482 21. 79.
483 21. 79.
484 21. 79.
485 21. 79.
486 21. 79.
487 21. 79.
488 22. 78.
489 22. 78.
490 22. 78.
491 22. 78.
492 22. 78.
493 22. 78.
494 23. 77.
495 23. 77.
496 23. 77.
497 23. 77.
498 23. 77.
499 23. 77.
500 23. 77.
501 23. 77.
502 23. 77.
503 23. 77.
504 23. 77.
505 23. 77.
506 23. 77.
507 23. 77.
508 23. 77.
509 23. 77.
510 23. 77.
511 23. 77.
512 22. 78.
513 22. 78.
514 21. 79.
515 21. 79.
516 21. 79.
517 21. 79.
518 21. 79.
519 21. 79.
520 21. 79.
521 21. 79.
522 21. 79.
523 22. 78.
524 22. 78.
525 22. 78.
526 22. 78.
527 22. 78.
528 22. 78.
529 22. 78.
530 23. 77.
531 23. 77.
532 23. 77.
533 23. 77.
534 23. 77.
535 23. 77.
536 23. 77.
537 23. 77.
538 23. 77.
539 23. 77.
540 23. 77.
541 23. 77.
542 23. 77.
543 23. 77.
544 23. 77.
545 23. 77.
546 23. 77.
547 23. 77.
548 23. 77.
549 23. 77.
550 23. 77.
551 23. 77.
552 23. 77.
553 23. 77.
554 23. 77.
555 22. 78.
556 22. 78.
557 22. 78.
558 22. 78.
559 22. 78.
560 22. 78.
561 22. 78.
562 21. 79.
563 21. 79.
564 21. 79.
565 21. 79.
566 21. 79.
567 21. 79.
568 20. 80.
569 19. 81.
570 19. 81.
571 19. 81.
572 19. 81.
573 18. 82.
574 18. 82.
575 18. 82.
576 18. 82.
577 18. 82.
578 18. 82.
579 18. 82.
580 18. 82.
581 18. 82.
582 18. 82.
583 17. 83.
584 17. 83.
585 16. 84.
586 16. 84.
587 16. 84.
588 16. 84.
589 16. 84.
590 16. 84.
591 16. 84.
592 16. 84.
593 16. 84.
594 16. 84.
595 16. 84.
596 16. 84.
597 16. 84.
598 16. 84.
599 16. 84.
600 16. 84.
601 16. 84.
602 16. 84.
603 15. 85.
604 15. 85.
605 15. 85.
606 15. 85.
607 15. 85.
608 15. 85.
609 15. 85.
610 15. 85.
611 15. 85.
612 15. 85.
613 14. 86.
614 14. 86.
615 14. 86.
616 14. 86.
617 14. 86.
618 14. 86.
619 14. 86.
620 14. 86.
621 14. 86.
622 14. 86.
623 14. 86.
624 14. 86.
625 14. 86.
626 14. 86.
627 14. 86.
628 14. 86.
629 14. 86.
630 14. 86.
631 14. 86.
632 14. 86.
633 15. 85.
634 15. 85.
635 15. 85.
636 15. 85.
637 15. 85.
638 15. 85.
639 15. 85.
640 15. 85.
641 16. 84.
642 17. 83.
643 17. 83.
644 17. 83.
645 17. 83.
646 16. 84.
647 16. 84.
648 16. 84.
649 16. 84.
650 16. 84.
651 16. 84.
652 16. 84.
653 16. 84.
654 15. 85.
655 15. 85.
656 15. 85.
657 15. 85.
658 15. 85.
659 16. 84.
660 16. 84.
661 16. 84.
662 16. 84.
663 16. 84.
664 16. 84.
665 15. 85.
666 15. 85.
667 15. 85.
668 15. 85.
669 16. 84.
670 16. 84.
671 17. 83.
672 17. 83.
673 17. 83.
674 17. 83.
675 18. 82.
676 18. 82.
677 19. 81.
678 19. 81.
679 20. 80.
680 20. 80.
681 20. 80.
682 20. 80.
683 20. 80.
684 20. 80.
685 20. 80.
686 19. 81.
687 20. 80.
688 20. 80.
689 20. 80.
690 20. 80.
691 20. 80.
692 20. 80.
693 20. 80.
694 20. 80.
695 20. 80.
696 20. 80.
697 20. 80.
698 20. 80.
699 20. 80.
700 20. 80.
701 20. 80.
702 20. 80.
703 20. 80.
704 20. 80.
705 20. 80.
706 20. 80.
707 20. 80.
708 20. 80.
709 20. 80.
710 20. 80.
711 20. 80.
712 20. 80.
713 20. 80.
714 20. 80.
715 20. 80.
716 19. 81.
717 19. 81.
718 19. 81.
719 19. 81.
720 19. 81.
721 19. 81.
722 19. 81.
723 19. 81.
724 19. 81.
725 19. 81.
726 19. 81.
727 19. 81.
728 19. 81.
729 19. 81.
730 18. 82.
731 18. 82.
732 18. 82.
733 18. 82.
734 18. 82.
735 18. 82.
736 18. 82.
737 18. 82.
738 18. 82.
739 19. 81.
740 19. 81.
741 19. 81.
742 19. 81.
743 19. 81.
744 19. 81.
745 19. 81.
746 19. 81.
747 20. 80.
748 20. 80.
749 20. 80.
750 20. 80.
751 20. 80.
752 19. 81.
753 19. 81.
754 19. 81.
755 19. 81.
756 19. 81.
757 19. 81.
758 19. 81.
759 19. 81.
760 19. 81.
761 19. 81.
762 19. 81.
763 19. 81.
764 19. 81.
765 19. 81.
766 18. 82.
767 18. 82.
768 18. 82.
769 18. 82.
770 18. 82.
771 18. 82.
772 18. 82.
773 18. 82.
774 17. 83.
775 17. 83.
776 17. 83.
777 17. 83.
778 17. 83.
779 17. 83.
780 17. 83.
781 17. 83.
782 17. 83.
783 17. 83.
784 17. 83.
785 17. 83.
786 17. 83.
787 17. 83.
788 17. 83.
789 17. 83.
790 17. 83.
791 18. 82.
792 17. 83.
793 16. 84.
794 16. 84.
795 16. 84.
796 16. 84.
797 17. 83.
798 17. 83.
799 16. 84.
800 16. 84.
801 16. 84.
802 17. 83.
803 17. 83.
804 17. 83.
805 17. 83.
806 17. 83.
807 17. 83.
808 17. 83.
809 17. 83.
810 17. 83.
811 17. 83.
812 17. 83.
813 17. 83.
814 17. 83.
815 17. 83.
816 16. 84.
817 16. 84.
818 16. 84.
819 16. 84.
820 16. 84.
821 16. 84.
822 16. 84.
823 16. 84.
824 16. 84.
825 16. 84.
826 16. 84.
827 16. 84.
828 16. 84.
829 16. 84.
830 16. 84.
831 16. 84.
832 16. 84.
833 16. 84.
834 16. 84.
835 16. 84.
836 16. 84.
837 16. 84.
838 16. 84.
839 16. 84.
840 16. 84.
841 16. 84.
842 15. 85.
843 15. 85.
844 15. 85.
845 15. 85.
846 15. 85.
847 15. 85.
848 15. 85.
849 15. 85.
850 15. 85.
851 15. 85.
852 15. 85.
853 15. 85.
854 15. 85.
855 15. 85.
856 15. 85.
857 15. 85.
858 15. 85.
859 15. 85.
860 16. 84.
861 16. 84.
862 16. 84.
863 16. 84.
864 16. 84.
865 16. 84.
866 15. 85.
867 16. 84.
868 16. 84.
869 16. 84.
870 15. 85.
871 15. 85.
872 16. 84.
873 17. 83.
874 17. 83.
875 17. 83.
876 17. 83.
877 17. 83.
878 17. 83.
879 17. 83.
880 17. 83.
881 17. 83.
882 17. 83.
883 17. 83.
884 17. 83.
885 17. 83.
886 17. 83.
887 16. 84.
888 16. 84.
889 16. 84.
890 16. 84.
891 16. 84.
892 16. 84.
893 16. 84.
894 16. 84.
895 16. 84.
896 16. 84.
897 16. 84.
898 16. 84.
899 16. 84.
900 16. 84.
901 16. 84.
902 16. 84.
903 16. 84.
904 16. 84.
905 16. 84.
906 16. 84.
907 16. 84.
908 16. 84.
909 16. 84.
910 16. 84.
911 16. 84.
912 16. 84.
913 17. 83.
914 17. 83.
915 17. 83.
916 17. 83.
917 17. 83.
918 17. 83.
919 17. 83.
920 18. 82.
921 18. 82.
922 18. 82.
923 18. 82.
924 18. 82.
925 18. 82.
926 18. 82.
927 19. 81.
928 19. 81.
929 19. 81.
930 19. 81.
931 19. 81.
932 19. 81.
933 19. 81.
934 18. 82.
935 18. 82.
936 18. 82.
937 18. 82.
938 18. 82.
939 18. 82.
940 17. 83.
941 17. 83.
942 17. 83.
943 17. 83.
944 17. 83.
945 17. 83.
946 17. 83.
947 17. 83.
948 18. 82.
949 18. 82.
950 18. 82.
951 18. 82.
952 19. 81.
953 19. 81.
954 18. 82.
955 18. 82.
956 18. 82.
957 18. 82.
958 18. 82.
959 18. 82.
960 18. 82.
961 18. 82.
962 19. 81.
963 19. 81.
964 19. 81.
965 19. 81.
966 19. 81.
967 19. 81.
968 19. 81.
969 19. 81.
970 19. 81.
971 19. 81.
972 19. 81.
973 19. 81.
974 19. 81.
975 19. 81.
976 19. 81.
977 19. 81.
978 19. 81.
979 18. 82.
980 18. 82.
981 18. 82.
982 18. 82.
983 18. 82.
984 18. 82.
985 18. 82.
986 18. 82.
987 18. 82.
988 18. 82.
989 19. 81.
990 19. 81.
991 19. 81.
992 19. 81.
993 19. 81.
994 19. 81.
995 19. 81.
996 19. 81.
997 19. 81.
998 19. 81.
999 19. 81.
1000 19. 81.
1001 18. 82.
1002 18. 82.
1003 17. 83.
1004 17. 83.
1005 17. 83.
1006 17. 83.
1007 17. 83.
1008 17. 83.
1009 17. 83.
1010 17. 83.
1011 17. 83.
1012 17. 83.
1013 17. 83.
1014 17. 83.
1015 17. 83.
1016 17. 83.
1017 17. 83.
1018 17. 83.
1019 17. 83.
1020 17. 83.
1021 17. 83.
1022 17. 83.
1023 17. 83.
1024 17. 83.
1025 17. 83.
1026 17. 83.
1027 17. 83.
1028 17. 83.
1029 17. 83.
1030 17. 83.
1031 17. 83.
1032 17. 83.
1033 17. 83.
1034 17. 83.
1035 17. 83.
1036 17. 83.
1037 17. 83.
1038 18. 82.
1039 17. 83.
1040 17. 83.
1041 17. 83.
1042 17. 83.
1043 17. 83.
1044 16. 84.
1045 17. 83.
1046 17. 83.
1047 16. 84.
1048 16. 84.
1049 16. 84.
1050 16. 84.
1051 16. 84.
1052 16. 84.
1053 16. 84.
1054 17. 83.
1055 17. 83.
1056 17. 83.
1057 17. 83.
1058 17. 83.
1059 17. 83.
1060 17. 83.
1061 17. 83.
1062 17. 83.
1063 17. 83.
1064 17. 83.
1065 17. 83.
1066 16. 84.
1067 16. 84.
1068 16. 84.
1069 16. 84.
1070 16. 84.
1071 16. 84.
1072 16. 84.
1073 16. 84.
1074 16. 84.
1075 16. 84.
1076 15. 85.
1077 15. 85.
1078 15. 85.
1079 15. 85.
1080 15. 85.
1081 15. 85.
1082 15. 85.
1083 15. 85.
1084 15. 85.
1085 15. 85.
1086 15. 85.
1087 15. 85.
1088 15. 85.
1089 15. 85.
1090 15. 85.
1091 15. 85.
1092 15. 85.
1093 15. 85.
1094 15. 85.
1095 16. 84.
1096 15. 85.
1097 15. 85.
1098 15. 85.
1099 14. 86.
1100 14. 86.
1101 15. 85.
1102 15. 85.
1103 15. 85.
1104 15. 85.
1105 16. 84.
1106 16. 84.
1107 15. 85.
1108 15. 85.
1109 15. 85.
1110 14. 86.
1111 14. 86.
1112 14. 86.
1113 14. 86.
1114 13. 87.
1115 14. 86.
1116 14. 86.
1117 14. 86.
1118 14. 86.
1119 14. 86.
1120 14. 86.
1121 14. 86.
1122 14. 86.
1123 14. 86.
1124 15. 85.
1125 15. 85.
1126 15. 85.
1127 15. 85.
1128 15. 85.
1129 15. 85.
1130 16. 84.
1131 16. 84.
1132 16. 84.
1133 16. 84.
1134 16. 84.
1135 16. 84.
1136 16. 84.
1137 16. 84.
1138 16. 84.
1139 16. 84.
1140 16. 84.
1141 16. 84.
1142 16. 84.
1143 16. 84.
1144 16. 84.
1145 16. 84.
1146 16. 84.
1147 16. 84.
1148 16. 84.
1149 16. 84.
1150 16. 84.
1151 17. 83.
1152 17. 83.
1153 17. 83.
1154 17. 83.
1155 17. 83.
1156 17. 83.
1157 17. 83.
1158 17. 83.
1159 17. 83.
1160 17. 83.
1161 17. 83.
1162 17. 83.
1163 17. 83.
1164 17. 83.
1165 17. 83.
1166 18. 82.
1167 18. 82.
1168 17. 83.
1169 17. 83.
1170 17. 83.
1171 17. 83.
1172 17. 83.
1173 17. 83.
1174 18. 82.
1175 18. 82.
1176 19. 81.
1177 19. 81.
1178 19. 81.
1179 19. 81.
1180 19. 81.
1181 19. 81.
1182 19. 81.
1183 19. 81.
1184 19. 81.
1185 19. 81.
1186 19. 81.
1187 19. 81.
1188 19. 81.
1189 19. 81.
1190 19. 81.
1191 20. 80.
1192 20. 80.
1193 20. 80.
1194 20. 80.
1195 20. 80.
1196 20. 80.
1197 20. 80.
1198 20. 80.
1199 20. 80.
1200 20. 80.
1201 20. 80.
1202 20. 80.
1203 20. 80.
1204 20. 80.
1205 20. 80.
1206 20. 80.
1207 21. 79.
1208 20. 80.
1209 19. 81.
1210 19. 81.
1211 19. 81.
1212 19. 81.
1213 19. 81.
1214 19. 81.
1215 20. 80.
1216 20. 80.
1217 20. 80.
1218 20. 80.
1219 20. 80.
1220 20. 80.
1221 20. 80.
1222 20. 80.
1223 20. 80.
1224 20. 80.
1225 19. 81.
1226 19. 81.
1227 19. 81.
1228 19. 81.
1229 19. 81.
1230 19. 81.
1231 19. 81.
1232 19. 81.
1233 18. 82.
1234 18. 82.
1235 18. 82.
1236 18. 82.
1237 18. 82.
1238 18. 82.
1239 18. 82.
1240 18. 82.
1241 18. 82.
1242 18. 82.
1243 18. 82.
1244 18. 82.
1245 18. 82.
1246 18. 82.
1247 19. 81.
1248 19. 81.
1249 19. 81.
1250 19. 81.
1251 19. 81.
1252 19. 81.
1253 18. 82.
1254 18. 82.
1255 18. 82.
1256 18. 82.
1257 18. 82.
1258 18. 82.
1259 18. 82.
1260 18. 82.
1261 18. 82.
1262 18. 82.
1263 18. 82.
1264 18. 82.
1265 18. 82.
1266 18. 82.
1267 18. 82.
1268 18. 82.
1269 18. 82.
1270 18. 82.
1271 18. 82.
1272 18. 82.
1273 18. 82.
1274 18. 82.
1275 18. 82.
1276 18. 82.
1277 18. 82.
1278 18. 82.
1279 18. 82.
1280 18. 82.
1281 18. 82.
1282 18. 82.
1283 18. 82.
1284 18. 82.
1285 18. 82.
1286 18. 82.
1287 18. 82.
1288 18. 82.
1289 18. 82.
1290 18. 82.
1291 18. 82.
1292 18. 82.
1293 17. 83.
1294 17. 83.
1295 17. 83.
1296 17. 83.
1297 18. 82.
1298 19. 81.
1299 18. 82.
1300 18. 82.
1301 17. 83.
1302 17. 83.
1303 17. 83.
1304 17. 83.
1305 18. 82.
1306 18. 82.
1307 18. 82.
1308 18. 82.
1309 18. 82.
1310 17. 83.
1311 18. 82.
1312 18. 82.
1313 18. 82.
1314 18. 82.
1315 18. 82.
1316 18. 82.
1317 17. 83.
1318 17. 83.
1319 16. 84.
1320 16. 84.
1321 16. 84.
1322 16. 84.
1323 15. 85.
1324 15. 85.
1325 15. 85.
1326 15. 85.
1327 15. 85.
1328 15. 85.
1329 16. 84.
1330 16. 84.
1331 16. 84.
1332 16. 84.
1333 16. 84.
1334 16. 84.
1335 16. 84.
1336 16. 84.
1337 16. 84.
1338 16. 84.
1339 16. 84.
1340 16. 84.
1341 16. 84.
1342 16. 84.
1343 16. 84.
1344 16. 84.
1345 16. 84.
1346 16. 84.
1347 16. 84.
1348 16. 84.
1349 16. 84.
1350 16. 84.
1351 16. 84.
1352 16. 84.
1353 16. 84.
1354 16. 84.
1355 17. 83.
1356 17. 83.
1357 17. 83.
1358 17. 83.
1359 17. 83.
1360 17. 83.
1361 17. 83.
1362 17. 83.
1363 16. 84.
1364 17. 83.
1365 17. 83.
1366 17. 83.
1367 17. 83.
1368 17. 83.
1369 17. 83.
1370 17. 83.
1371 17. 83.
1372 17. 83.
1373 17. 83.
1374 17. 83.
1375 17. 83.
1376 17. 83.
1377 17. 83.
1378 16. 84.
1379 16. 84.
1380 16. 84.
1381 16. 84.
1382 16. 84.
1383 16. 84.
1384 16. 84.
1385 16. 84.
1386 16. 84.
1387 16. 84.
1388 15. 85.
1389 15. 85.
1390 15. 85.
1391 15. 85.
1392 16. 84.
1393 16. 84.
1394 16. 84.
1395 16. 84.
1396 16. 84.
1397 16. 84.
1398 16. 84.
1399 16. 84.
1400 16. 84.
1401 16. 84.
1402 16. 84.
1403 16. 84.
1404 16. 84.
1405 16. 84.
1406 16. 84.
1407 16. 84.
1408 16. 84.
1409 16. 84.
1410 16. 84.
1411 16. 84.
1412 16. 84.
1413 16. 84.
1414 16. 84.
1415 16. 84.
1416 16. 84.
1417 16. 84.
1418 16. 84.
1419 16. 84.
1420 16. 84.
1421 16. 84.
1422 15. 85.
1423 15. 85.
1424 15. 85.
1425 15. 85.
1426 14. 86.
1427 14. 86.
1428 15. 85.
1429 15. 85.
1430 15. 85.
1431 15. 85.
1432 15. 85.
1433 16. 84.
1434 16. 84.
1435 16. 84.
1436 16. 84.
1437 16. 84.
1438 16. 84.
1439 16. 84.
1440 15. 85.
1441 15. 85.
1442 15. 85.
1443 15. 85.
1444 15. 85.
1445 15. 85.
1446 15. 85.
1447 15. 85.
1448 15. 85.
1449 15. 85.
1450 15. 85.
1451 15. 85.
1452 15. 85.
1453 15. 85.
1454 15. 85.
1455 15. 85.
1456 15. 85.
1457 15. 85.
1458 15. 85.
1459 15. 85.
1460 15. 85.
1461 15. 85.
1462 15. 85.
1463 15. 85.
1464 14. 86.
1465 14. 86.
1466 14. 86.
1467 14. 86.
1468 14. 86.
1469 14. 86.
1470 14. 86.
1471 14. 86.
1472 14. 86.
1473 14. 86.
1474 14. 86.
1475 14. 86.
1476 14. 86.
1477 13. 87.
1478 13. 87.
1479 13. 87.
1480 13. 87.
1481 13. 87.
1482 13. 87.
1483 12. 88.
1484 12. 88.
1485 12. 88.
1486 12. 88.
1487 12. 88.
1488 12. 88.
1489 12. 88.
1490 12. 88.
1491 12. 88.
1492 12. 88.
1493 12. 88.
1494 12. 88.
1495 12. 88.
1496 11. 89.
1497 11. 89.
1498 11. 89.
1499 11. 89.
1500 11. 89.
1501 12. 88.
1502 12. 88.
1503 12. 88.
1504 12. 88.
1505 12. 88.
1506 12. 88.
1507 11. 89.
1508 11. 89.
1509 11. 89.
1510 11. 89.
1511 11. 89.
1512 11. 89.
1513 11. 89.
1514 10. 90.
1515 10. 90.
1516 9. 91.
1517 10. 90.
1518 11. 89.
1519 11. 89.
1520 11. 89.
1521 11. 89.
1522 11. 89.
1523 11. 89.
1524 11. 89.
1525 11. 89.
1526 11. 89.
1527 11. 89.
1528 11. 89.
1529 11. 89.
1530 11. 89.
1531 11. 89.
1532 11. 89.
1533 11. 89.
1534 11. 89.
1535 11. 89.
1536 10. 90.
1537 10. 90.
1538 10. 90.
1539 10. 90.
1540 10. 90.
1541 10. 90.
1542 10. 90.
1543 10. 90.
1544 10. 90.
1545 10. 90.
1546 10. 90.
1547 11. 89.
1548 11. 89.
1549 11. 89.
1550 11. 89.
1551 11. 89.
1552 12. 88.
1553 11. 89.
1554 11. 89.
1555 11. 89.
1556 11. 89.
1557 11. 89.
1558 11. 89.
1559 12. 88.
1560 12. 88.
1561 12. 88.
1562 12. 88.
1563 12. 88.
1564 11. 89.
1565 10. 90.
1566 10. 90.
1567 10. 90.
1568 10. 90.
1569 10. 90.
1570 10. 90.
1571 10. 90.
1572 10. 90.
1573 10. 90.
1574 9. 91.
1575 10. 90.
1576 10. 90.
1577 10. 90.
1578 10. 90.
1579 10. 90.
1580 10. 90.
1581 11. 89.
1582 12. 88.
1583 12. 88.
1584 12. 88.
1585 12. 88.
1586 12. 88.
1587 12. 88.
1588 12. 88.
1589 12. 88.
1590 12. 88.
1591 13. 87.
1592 12. 88.
1593 12. 88.
1594 12. 88.
1595 12. 88.
1596 12. 88.
1597 12. 88.
1598 12. 88.
1599 12. 88.
1600 12. 88.
1601 12. 88.
1602 12. 88.
1603 12. 88.
1604 12. 88.
1605 12. 88.
1606 12. 88.
1607 12. 88.
1608 12. 88.
1609 12. 88.
1610 12. 88.
1611 12. 88.
1612 12. 88.
1613 12. 88.
1614 12. 88.
1615 12. 88.
1616 12. 88.
1617 12. 88.
1618 12. 88.
1619 12. 88.
1620 12. 88.
1621 12. 88.
1622 12. 88.
1623 12. 88.
1624 12. 88.
1625 12. 88.
1626 12. 88.
1627 12. 88.
1628 13. 87.
1629 13. 87.
1630 12. 88.
1631 12. 88.
1632 12. 88.
1633 12. 88.
1634 11. 89.
1635 11. 89.
1636 11. 89.
1637 11. 89.
1638 11. 89.
1639 11. 89.
1640 10. 90.
1641 11. 89.
1642 12. 88.
1643 12. 88.
1644 11. 89.
1645 11. 89.
1646 11. 89.
1647 11. 89.
1648 11. 89.
1649 11. 89.
1650 11. 89.
1651 11. 89.
1652 11. 89.
1653 11. 89.
1654 11. 89.
1655 11. 89.
1656 11. 89.
1657 11. 89.
1658 11. 89.
1659 11. 89.
1660 11. 89.
1661 11. 89.
1662 10. 90.
1663 10. 90.
1664 10. 90.
1665 10. 90.
1666 10. 90.
1667 9. 91.
1668 10. 90.
1669 10. 90.
1670 10. 90.
1671 10. 90.
1672 10. 90.
1673 10. 90.
1674 10. 90.
1675 11. 89.
1676 11. 89.
1677 10. 90.
1678 10. 90.
1679 10. 90.
1680 10. 90.
1681 10. 90.
1682 10. 90.
1683 10. 90.
1684 10. 90.
1685 11. 89.
1686 11. 89.
1687 11. 89.
1688 11. 89.
1689 11. 89.
1690 11. 89.
1691 11. 89.
1692 11. 89.
1693 10. 90.
1694 10. 90.
1695 10. 90.
1696 9. 91.
1697 9. 91.
1698 9. 91.
1699 9. 91.
1700 9. 91.
1701 9. 91.
1702 9. 91.
1703 9. 91.
1704 8. 92.
1705 8. 92.
1706 8. 92.
1707 8. 92.
1708 8. 92.
1709 8. 92.
1710 8. 92.
1711 8. 92.
1712 8. 92.
1713 8. 92.
1714 7. 93.
1715 7. 93.
1716 7. 93.
1717 7. 93.
1718 7. 93.
1719 7. 93.
1720 7. 93.
1721 7. 93.
1722 7. 93.
1723 7. 93.
1724 7. 93.
1725 7. 93.
1726 7. 93.
1727 7. 93.
1728 7. 93.
1729 7. 93.
1730 6. 94.
1731 6. 94.
1732 6. 94.
1733 6. 94.
1734 6. 94.
1735 6. 94.
1736 6. 94.
1737 6. 94.
1738 6. 94.
1739 6. 94.
1740 6. 94.
1741 6. 94.
1742 6. 94.
1743 6. 94.
1744 6. 94.
1745 6. 94.
1746 6. 94.
1747 6. 94.
1748 6. 94.
1749 6. 94.
1750 6. 94.
1751 6. 94.
1752 6. 94.
1753 6. 94.
1754 6. 94.
1755 5. 95.
1756 5. 95.
1757 5. 95.
1758 5. 95.
1759 5. 95.
1760 5. 95.
1761 5. 95.
1762 5. 95.
1763 5. 95.
1764 5. 95.
1765 5. 95.
1766 5. 95.
1767 5. 95.
1768 5. 95.
1769 5. 95.
1770 5. 95.
1771 5. 95.
1772 5. 95.
1773 4. 96.
1774 4. 96.
1775 4. 96.
1776 4. 96.
1777 4. 96.
1778 4. 96.
1779 4. 96.
1780 4. 96.
1781 4. 96.
1782 4. 96.
1783 5. 95.
1784 5. 95.
1785 5. 95.
1786 5. 95.
1787 5. 95.
1788 5. 95.
1789 5. 95.
1790 5. 95.
1791 5. 95.
1792 5. 95.
1793 5. 95.
1794 5. 95.
1795 5. 95.
1796 5. 95.
1797 5. 95.
1798 5. 95.
1799 5. 95.
1800 5. 95.
1801 5. 95.
1802 5. 95.
1803 6. 94.
1804 6. 94.
1805 5. 95.
1806 5. 95.
1807 5. 95.
1808 5. 95.
1809 5. 95.
1810 5. 95.
1811 5. 95.
1812 5. 95.
1813 5. 95.
1814 5. 95.
1815 5. 95.
1816 5. 95.
1817 5. 95.
1818 5. 95.
1819 5. 95.
1820 5. 95.
1821 5. 95.
1822 5. 95.
1823 5. 95.
1824 5. 95.
1825 5. 95.
1826 5. 95.
1827 5. 95.
1828 5. 95.
1829 5. 95.
1830 5. 95.
1831 5. 95.
1832 5. 95.
1833 5. 95.
1834 5. 95.
1835 5. 95.
1836 5. 95.
1837 5. 95.
1838 5. 95.
1839 5. 95.
1840 5. 95.
1841 5. 95.
1842 5. 95.
1843 5. 95.
1844 5. 95.
1845 6. 94.
1846 6. 94.
1847 6. 94.
1848 6. 94.
1849 6. 94.
1850 6. 94.
1851 6. 94.
1852 6. 94.
1853 6. 94.
1854 6. 94.
1855 6. 94.
1856 6. 94.
1857 6. 94.
1858 6. 94.
1859 6. 94.
1860 6. 94.
1861 6. 94.
1862 6. 94.
1863 6. 94.
1864 6. 94.
1865 6. 94.
1866 6. 94.
1867 6. 94.
1868 6. 94.
1869 6. 94.
1870 7. 93.
1871 7. 93.
1872 7. 93.
1873 7. 93.
1874 7. 93.
1875 7. 93.
1876 7. 93.
1877 7. 93.
1878 7. 93.
1879 7. 93.
1880 7. 93.
1881 7. 93.
1882 7. 93.
1883 7. 93.
1884 7. 93.
1885 7. 93.
1886 7. 93.
1887 7. 93.
1888 7. 93.
1889 7. 93.
1890 7. 93.
1891 7. 93.
1892 7. 93.
1893 7. 93.
1894 8. 92.
1895 8. 92.
1896 8. 92.
1897 8. 92.
1898 9. 91.
1899 9. 91.
1900 9. 91.
1901 9. 91.
1902 9. 91.
1903 9. 91.
1904 9. 91.
1905 9. 91.
1906 9. 91.
1907 9. 91.
1908 9. 91.
1909 9. 91.
1910 9. 91.
1911 9. 91.
1912 9. 91.
1913 9. 91.
1914 9. 91.
1915 9. 91.
1916 9. 91.
1917 9. 91.
1918 9. 91.
1919 9. 91.
1920 9. 91.
1921 9. 91.
1922 9. 91.
1923 9. 91.
1924 9. 91.
1925 9. 91.
1926 9. 91.
1927 9. 91.
1928 9. 91.
1929 9. 91.
1930 9. 91.
1931 9. 91.
1932 9. 91.
1933 9. 91.
1934 9. 91.
1935 9. 91.
1936 9. 91.
1937 9. 91.
1938 9. 91.
1939 9. 91.
1940 9. 91.
1941 9. 91.
1942 9. 91.
1943 9. 91.
1944 9. 91.
1945 9. 91.
1946 9. 91.
1947 9. 91.
1948 9. 91.
1949 9. 91.
1950 9. 91.
1951 9. 91.
1952 10. 90.
1953 10. 90.
1954 10. 90.
1955 10. 90.
1956 10. 90.
1957 10. 90.
1958 10. 90.
1959 10. 90.
1960 10. 90.
1961 10. 90.
1962 10. 90.
1963 10. 90.
1964 10. 90.
1965 10. 90.
1966 10. 90.
1967 10. 90.
1968 10. 90.
1969 10. 90.
1970 10. 90.
1971 10. 90.
1972 10. 90.
1973 10. 90.
1974 10. 90.
1975 10. 90.
1976 10. 90.
1977 10. 90.
1978 10. 90.
1979 10. 90.
1980 10. 90.
1981 10. 90.
1982 10. 90.
1983 10. 90.
1984 10. 90.
1985 10. 90.
1986 10. 90.
1987 10. 90.
1988 10. 90.
1989 10. 90.
1990 10. 90.
1991 11. 89.
1992 11. 89.
1993 11. 89.
1994 11. 89.
1995 11. 89.
1996 11. 89.
1997 11. 89.
1998 11. 89.
1999 11. 89.
2000 11. 89.
2001 11. 89.
2002 11. 89.
2003 11. 89.
2004 11. 89.
2005 11. 89.
2006 11. 89.
2007 11. 89.
2008 11. 89.
2009 11. 89.
2010 11. 89.
2011 11. 89.
2012 11. 89.
2013 11. 89.
2014 11. 89.
2015 11. 89.
2016 11. 89.
2017 11. 89.
2018 11. 89.
2019 11. 89.
2020 11. 89.
2021 11. 89.
2022 11. 89.
2023 11. 89.
2024 11. 89.
2025 11. 89.
2026 11. 89.
2027 11. 89.
2028 11. 89.
2029 11. 89.
2030 11. 89.
2031 11. 89.
2032 11. 89.
2033 11. 89.
2034 11. 89.
2035 11. 89.
2036 11. 89.
2037 11. 89.
2038 11. 89.
2039 11. 89.
2040 11. 89.
2041 11. 89.
2042 11. 89.
2043 11. 89.
2044 11. 89.
2045 12. 88.
2046 12. 88.
2047 12. 88.
2048 12. 88.
2049 11. 89.
2050 11. 89.
2051 11. 89.
2052 11. 89.
2053 11. 89.
2054 11. 89.
2055 11. 89.
2056 11. 89.
2057 11. 89.
2058 11. 89.
2059 12. 88.
2060 12. 88.
2061 12. 88.
2062 12. 88.
2063 12. 88.
2064 12. 88.
2065 12. 88.
2066 12. 88.
2067 12. 88.
2068 12. 88.
2069 12. 88.
2070 12. 88.
2071 12. 88.
2072 12. 88.
2073 12. 88.
2074 12. 88.
2075 12. 88.
2076 12. 88.
2077 12. 88.
2078 12. 88.
2079 12. 88.
2080 12. 88.
2081 12. 88.
2082 12. 88.
2083 12. 88.
2084 12. 88.
2085 12. 88.
2086 12. 88.
2087 12. 88.
2088 12. 88.
2089 12. 88.
2090 12. 88.
2091 12. 88.
2092 12. 88.
2093 12. 88.
2094 12. 88.
2095 12. 88.
2096 12. 88.
2097 11. 89.
2098 11. 89.
2099 11. 89.
2100 11. 89.
2101 11. 89.
2102 11. 89.
2103 11. 89.
2104 11. 89.
2105 11. 89.
2106 11. 89.
2107 11. 89.
2108 11. 89.
2109 11. 89.
2110 11. 89.
2111 11. 89.
2112 11. 89.
2113 11. 89.
2114 10. 90.
2115 10. 90.
2116 10. 90.
2117 10. 90.
2118 10. 90.
2119 10. 90.
2120 11. 89.
2121 11. 89.
2122 11. 89.
2123 11. 89.
2124 11. 89.
2125 11. 89.
2126 11. 89.
2127 11. 89.
2128 10. 90.
2129 10. 90.
2130 10. 90.
2131 10. 90.
2132 9. 91.
2133 9. 91.
2134 9. 91.
2135 9. 91.
2136 9. 91.
2137 9. 91.
2138 9. 91.
2139 9. 91.
2140 9. 91.
2141 9. 91.
2142 9. 91.
2143 10. 90.
2144 9. 91.
2145 8. 92.
2146 8. 92.
2147 8. 92.
2148 8. 92.
2149 8. 92.
2150 9. 91.
2151 9. 91.
2152 9. 91.
2153 9. 91.
2154 9. 91.
2155 9. 91.
2156 9. 91.
2157 9. 91.
2158 9. 91.
2159 9. 91.
2160 8. 92.
2161 8. 92.
2162 8. 92.
2163 8. 92.
2164 8. 92.
2165 8. 92.
2166 8. 92.
2167 8. 92.
2168 8. 92.
2169 8. 92.
2170 8. 92.
2171 8. 92.
2172 8. 92.
2173 8. 92.
2174 8. 92.
2175 8. 92.
2176 8. 92.
2177 8. 92.
2178 8. 92.
2179 8. 92.
2180 8. 92.
2181 9. 91.
2182 9. 91.
2183 9. 91.
2184 9. 91.
2185 9. 91.
2186 9. 91.
2187 9. 91.
2188 9. 91.
2189 9. 91.
2190 9. 91.
2191 9. 91.
2192 9. 91.
2193 9. 91.
2194 9. 91.
2195 9. 91.
2196 9. 91.
2197 9. 91.
2198 9. 91.
2199 9. 91.
2200 9. 91.
2201 9. 91.
2202 9. 91.
2203 9. 91.
2204 9. 91.
2205 9. 91.
2206 9. 91.
2207 9. 91.
2208 9. 91.
2209 9. 91.
2210 10. 90.
2211 10. 90.
2212 11. 89.
2213 11. 89.
2214 11. 89.
2215 11. 89.
2216 11. 89.
2217 11. 89.
2218 11. 89.
2219 11. 89.
2220 11. 89.
2221 11. 89.
2222 11. 89.
2223 11. 89.
2224 11. 89.
2225 11. 89.
2226 11. 89.
2227 11. 89.
2228 11. 89.
2229 12. 88.
2230 12. 88.
2231 11. 89.
2232 11. 89.
2233 11. 89.
2234 11. 89.
2235 11. 89.
2236 11. 89.
2237 11. 89.
2238 11. 89.
2239 11. 89.
2240 11. 89.
2241 11. 89.
2242 11. 89.
2243 12. 88.
2244 12. 88.
2245 12. 88.
2246 12. 88.
2247 12. 88.
2248 12. 88.
2249 12. 88.
2250 12. 88.
2251 12. 88.
2252 12. 88.
2253 12. 88.
2254 12. 88.
2255 12. 88.
2256 12. 88.
2257 12. 88.
2258 12. 88.
2259 12. 88.
2260 12. 88.
2261 12. 88.
2262 12. 88.
2263 11. 89.
2264 11. 89.
2265 11. 89.
2266 11. 89.
2267 11. 89.
2268 11. 89.
2269 10. 90.
2270 10. 90.
2271 10. 90.
2272 10. 90.
2273 10. 90.
2274 10. 90.
2275 10. 90.
2276 10. 90.
2277 10. 90.
2278 10. 90.
2279 10. 90.
2280 10. 90.
2281 10. 90.
2282 10. 90.
2283 10. 90.
2284 10. 90.
2285 10. 90.
2286 10. 90.
2287 10. 90.
2288 10. 90.
2289 11. 89.
2290 11. 89.
2291 11. 89.
2292 11. 89.
2293 11. 89.
2294 11. 89.
2295 11. 89.
2296 11. 89.
2297 11. 89.
2298 11. 89.
2299 11. 89.
2300 11. 89.
2301 11. 89.
2302 10. 90.
2303 10. 90.
2304 10. 90.
2305 10. 90.
2306 10. 90.
2307 10. 90.
2308 10. 90.
2309 10. 90.
2310 10. 90.
2311 10. 90.
2312 10. 90.
2313 10. 90.
2314 11. 89.
2315 11. 89.
2316 11. 89.
2317 11. 89.
2318 11. 89.
2319 11. 89.
2320 11. 89.
2321 11. 89.
2322 11. 89.
2323 11. 89.
2324 12. 88.
2325 12. 88.
2326 13. 87.
2327 13. 87.
2328 14. 86.
2329 14. 86.
2330 14. 86.
2331 14. 86.
2332 14. 86.
2333 15. 85.
2334 15. 85.
2335 15. 85.
2336 15. 85.
2337 16. 84.
2338 16. 84.
2339 16. 84.
2340 16. 84.
2341 16. 84.
2342 16. 84.
2343 16. 84.
2344 15. 85.
2345 15. 85.
2346 15. 85.
2347 15. 85.
2348 15. 85.
2349 15. 85.
2350 15. 85.
2351 15. 85.
2352 14. 86.
2353 14. 86.
2354 14. 86.
2355 14. 86.
2356 14. 86.
2357 14. 86.
2358 14. 86.
2359 14. 86.
2360 14. 86.
2361 14. 86.
2362 14. 86.
2363 14. 86.
2364 14. 86.
2365 14. 86.
2366 14. 86.
2367 14. 86.
2368 15. 85.
2369 15. 85.
2370 15. 85.
2371 15. 85.
2372 15. 85.
2373 15. 85.
2374 16. 84.
2375 16. 84.
2376 16. 84.
2377 15. 85.
2378 15. 85.
2379 15. 85.
2380 15. 85.
2381 15. 85.
2382 16. 84.
2383 16. 84.
2384 16. 84.
2385 16. 84.
2386 16. 84.
2387 16. 84.
2388 16. 84.
2389 16. 84.
2390 16. 84.
2391 16. 84.
2392 16. 84.
2393 16. 84.
2394 16. 84.
2395 16. 84.
2396 16. 84.
2397 16. 84.
2398 16. 84.
2399 16. 84.
2400 16. 84.
2401 17. 83.
2402 16. 84.
2403 16. 84.
2404 16. 84.
2405 16. 84.
2406 17. 83.
2407 17. 83.
2408 17. 83.
2409 17. 83.
2410 17. 83.
2411 18. 82.
2412 18. 82.
2413 18. 82.
2414 18. 82.
2415 18. 82.
2416 17. 83.
2417 17. 83.
2418 17. 83.
2419 17. 83.
2420 17. 83.
2421 17. 83.
2422 17. 83.
2423 17. 83.
2424 16. 84.
2425 15. 85.
2426 14. 86.
2427 14. 86.
2428 14. 86.
2429 14. 86.
2430 14. 86.
2431 14. 86.
2432 14. 86.
2433 14. 86.
2434 15. 85.
2435 15. 85.
2436 14. 86.
2437 14. 86.
2438 14. 86.
2439 14. 86.
2440 14. 86.
2441 14. 86.
2442 14. 86.
2443 14. 86.
2444 14. 86.
2445 14. 86.
2446 14. 86.
2447 14. 86.
2448 14. 86.
2449 14. 86.
2450 15. 85.
2451 15. 85.
2452 15. 85.
2453 14. 86.
2454 14. 86.
2455 14. 86.
2456 14. 86.
2457 14. 86.
2458 14. 86.
2459 14. 86.
2460 14. 86.
2461 15. 85.
2462 15. 85.
2463 16. 84.
2464 16. 84.
2465 16. 84.
2466 16. 84.
2467 16. 84.
2468 16. 84.
2469 16. 84.
2470 16. 84.
2471 17. 83.
2472 16. 84.
2473 16. 84.
2474 16. 84.
2475 16. 84.
2476 15. 85.
2477 16. 84.
2478 16. 84.
2479 15. 85.
2480 15. 85.
2481 15. 85.
2482 15. 85.
2483 15. 85.
2484 15. 85.
2485 14. 86.
2486 14. 86.
2487 14. 86.
2488 14. 86.
2489 14. 86.
2490 14. 86.
2491 13. 87.
2492 12. 88.
2493 12. 88.
2494 13. 87.
2495 13. 87.
2496 13. 87.
2497 13. 87.
2498 13. 87.
2499 14. 86.
2500 14. 86.
2501 14. 86.
2502 14. 86.
2503 13. 87.
2504 13. 87.
2505 14. 86.
2506 14. 86.
2507 14. 86.
2508 14. 86.
2509 13. 87.
2510 13. 87.
2511 13. 87.
2512 13. 87.
2513 13. 87.
2514 13. 87.
2515 14. 86.
2516 14. 86.
2517 14. 86.
2518 14. 86.
2519 14. 86.
2520 14. 86.
2521 15. 85.
2522 15. 85.
2523 15. 85.
2524 15. 85.
2525 15. 85.
2526 15. 85.
2527 14. 86.
2528 14. 86.
2529 14. 86.
2530 14. 86.
2531 14. 86.
2532 14. 86.
2533 14. 86.
2534 14. 86.
2535 14. 86.
2536 14. 86.
2537 14. 86.
2538 14. 86.
2539 15. 85.
2540 14. 86.
2541 15. 85.
2542 15. 85.
2543 15. 85.
2544 15. 85.
2545 15. 85.
2546 15. 85.
2547 15. 85.
2548 15. 85.
2549 15. 85.
2550 15. 85.
2551 15. 85.
2552 15. 85.
2553 15. 85.
2554 15. 85.
2555 15. 85.
2556 14. 86.
2557 14. 86.
2558 14. 86.
2559 14. 86.
2560 14. 86.
2561 14. 86.
2562 14. 86.
2563 14. 86.
2564 14. 86.
2565 14. 86.
2566 14. 86.
2567 14. 86.
2568 14. 86.
2569 14. 86.
2570 13. 87.
2571 13. 87.
2572 13. 87.
2573 13. 87.
2574 13. 87.
2575 13. 87.
2576 13. 87.
2577 13. 87.
2578 13. 87.
2579 13. 87.
2580 13. 87.
2581 13. 87.
2582 13. 87.
2583 12. 88.
2584 12. 88.
2585 12. 88.
2586 12. 88.
2587 12. 88.
2588 12. 88.
2589 13. 87.
2590 12. 88.
2591 11. 89.
2592 11. 89.
2593 11. 89.
2594 12. 88.
2595 12. 88.
2596 12. 88.
2597 12. 88.
2598 12. 88.
2599 13. 87.
2600 13. 87.
2601 12. 88.
2602 12. 88.
2603 12. 88.
2604 12. 88.
2605 12. 88.
2606 12. 88.
2607 12. 88.
2608 12. 88.
2609 12. 88.
2610 12. 88.
2611 12. 88.
2612 12. 88.
2613 13. 87.
2614 13. 87.
2615 13. 87.
2616 13. 87.
2617 13. 87.
2618 13. 87.
2619 13. 87.
2620 13. 87.
2621 13. 87.
2622 13. 87.
2623 13. 87.
2624 13. 87.
2625 13. 87.
2626 13. 87.
2627 13. 87.
2628 13. 87.
2629 13. 87.
2630 13. 87.
2631 13. 87.
2632 12. 88.
2633 11. 89.
2634 11. 89.
2635 11. 89.
2636 11. 89.
2637 11. 89.
2638 11. 89.
2639 11. 89.
2640 11. 89.
2641 11. 89.
2642 11. 89.
2643 11. 89.
2644 11. 89.
2645 11. 89.
2646 11. 89.
2647 11. 89.
2648 11. 89.
2649 11. 89.
2650 12. 88.
2651 12. 88.
2652 12. 88.
2653 12. 88.
2654 12. 88.
2655 12. 88.
2656 12. 88.
2657 12. 88.
2658 12. 88.
2659 12. 88.
2660 12. 88.
2661 12. 88.
2662 12. 88.
2663 12. 88.
2664 12. 88.
2665 12. 88.
2666 12. 88.
2667 12. 88.
2668 12. 88.
2669 12. 88.
2670 12. 88.
2671 12. 88.
2672 12. 88.
2673 12. 88.
2674 12. 88.
2675 12. 88.
2676 11. 89.
2677 11. 89.
2678 11. 89.
2679 10. 90.
2680 10. 90.
2681 10. 90.
2682 10. 90.
2683 10. 90.
2684 10. 90.
2685 10. 90.
2686 10. 90.
2687 10. 90.
2688 10. 90.
2689 10. 90.
2690 9. 91.
2691 9. 91.
2692 9. 91.
2693 9. 91.
2694 8. 92.
2695 8. 92.
2696 8. 92.
2697 8. 92.
2698 8. 92.
2699 8. 92.
2700 8. 92.
2701 8. 92.
2702 8. 92.
2703 7. 93.
2704 7. 93.
2705 7. 93.
2706 7. 93.
2707 8. 92.
2708 8. 92.
2709 8. 92.
2710 8. 92.
2711 8. 92.
2712 8. 92.
2713 8. 92.
2714 8. 92.
2715 8. 92.
2716 8. 92.
2717 8. 92.
2718 8. 92.
2719 8. 92.
2720 8. 92.
2721 8. 92.
2722 8. 92.
2723 8. 92.
2724 8. 92.
2725 8. 92.
2726 8. 92.
2727 8. 92.
2728 8. 92.
2729 7. 93.
2730 7. 93.
2731 7. 93.
2732 7. 93.
2733 7. 93.
2734 7. 93.
2735 7. 93.
2736 7. 93.
2737 7. 93.
2738 7. 93.
2739 7. 93.
2740 7. 93.
2741 7. 93.
2742 7. 93.
2743 7. 93.
2744 7. 93.
2745 7. 93.
2746 6. 94.
2747 6. 94.
2748 6. 94.
2749 6. 94.
2750 6. 94.
2751 6. 94.
2752 6. 94.
2753 6. 94.
2754 6. 94.
2755 6. 94.
2756 6. 94.
2757 7. 93.
2758 7. 93.
2759 7. 93.
2760 7. 93.
2761 7. 93.
2762 7. 93.
2763 7. 93.
2764 7. 93.
2765 7. 93.
2766 7. 93.
2767 7. 93.
2768 7. 93.
2769 7. 93.
2770 7. 93.
2771 7. 93.
2772 7. 93.
2773 7. 93.
2774 7. 93.
2775 7. 93.
2776 7. 93.
2777 7. 93.
2778 7. 93.
2779 7. 93.
2780 7. 93.
2781 7. 93.
2782 7. 93.
2783 7. 93.
2784 7. 93.
2785 7. 93.
2786 7. 93.
2787 7. 93.
2788 7. 93.
2789 7. 93.
2790 7. 93.
2791 7. 93.
2792 7. 93.
2793 7. 93.
2794 7. 93.
2795 7. 93.
2796 7. 93.
2797 7. 93.
2798 7. 93.
2799 7. 93.
2800 7. 93.
2801 7. 93.
2802 7. 93.
2803 7. 93.
2804 7. 93.
2805 7. 93.
2806 7. 93.
2807 7. 93.
2808 7. 93.
2809 7. 93.
2810 7. 93.
2811 7. 93.
2812 7. 93.
2813 6. 94.
2814 6. 94.
2815 6. 94.
2816 6. 94.
2817 5. 95.
2818 5. 95.
2819 5. 95.
2820 5. 95.
2821 5. 95.
2822 4. 96.
2823 4. 96.
2824 4. 96.
2825 4. 96.
2826 4. 96.
2827 4. 96.
2828 4. 96.
2829 3. 97.
2830 3. 97.
2831 3. 97.
2832 3. 97.
2833 3. 97.
2834 3. 97.
2835 3. 97.
2836 3. 97.
2837 3. 97.
2838 3. 97.
2839 3. 97.
2840 3. 97.
2841 3. 97.
2842 3. 97.
2843 4. 96.
2844 4. 96.
2845 4. 96.
2846 4. 96.
2847 4. 96.
2848 4. 96.
2849 4. 96.
2850 4. 96.
2851 4. 96.
2852 4. 96.
2853 4. 96.
2854 4. 96.
2855 4. 96.
2856 4. 96.
2857 4. 96.
2858 4. 96.
2859 4. 96.
2860 4. 96.
2861 4. 96.
2862 5. 95.
2863 5. 95.
2864 5. 95.
2865 5. 95.
2866 5. 95.
2867 5. 95.
2868 5. 95.
2869 5. 95.
2870 5. 95.
2871 4. 96.
2872 4. 96.
2873 4. 96.
2874 4. 96.
2875 4. 96.
2876 4. 96.
2877 4. 96.
2878 4. 96.
2879 4. 96.
2880 4. 96.
2881 4. 96.
2882 4. 96.
2883 4. 96.
2884 4. 96.
2885 4. 96.
2886 4. 96.
2887 4. 96.
2888 4. 96.
2889 4. 96.
2890 4. 96.
2891 4. 96.
2892 4. 96.
2893 4. 96.
2894 4. 96.
2895 4. 96.
2896 4. 96.
2897 4. 96.
2898 4. 96.
2899 4. 96.
2900 4. 96.
2901 5. 95.
2902 5. 95.
2903 5. 95.
2904 5. 95.
2905 5. 95.
2906 5. 95.
2907 5. 95.
2908 5. 95.
2909 5. 95.
2910 5. 95.
2911 5. 95.
2912 5. 95.
2913 5. 95.
2914 5. 95.
2915 5. 95.
2916 5. 95.
2917 5. 95.
2918 5. 95.
2919 5. 95.
2920 5. 95.
2921 5. 95.
2922 5. 95.
2923 5. 95.
2924 5. 95.
2925 5. 95.
2926 5. 95.
2927 5. 95.
2928 5. 95.
2929 5. 95.
2930 5. 95.
2931 5. 95.
2932 5. 95.
2933 5. 95.
2934 5. 95.
2935 5. 95.
2936 5. 95.
2937 5. 95.
2938 5. 95.
2939 5. 95.
2940 5. 95.
2941 5. 95.
2942 5. 95.
2943 5. 95.
2944 5. 95.
2945 5. 95.
2946 5. 95.
2947 5. 95.
2948 5. 95.
2949 5. 95.
2950 5. 95.
2951 5. 95.
2952 5. 95.
2953 5. 95.
2954 5. 95.
2955 5. 95.
2956 5. 95.
2957 5. 95.
2958 5. 95.
2959 5. 95.
2960 5. 95.
2961 5. 95.
2962 5. 95.
2963 5. 95.
2964 5. 95.
2965 5. 95.
2966 5. 95.
2967 5. 95.
2968 5. 95.
2969 5. 95.
2970 5. 95.
2971 5. 95.
2972 5. 95.
2973 5. 95.
2974 5. 95.
2975 5. 95.
2976 5. 95.
2977 5. 95.
2978 5. 95.
2979 5. 95.
2980 5. 95.
2981 5. 95.
2982 5. 95.
2983 5. 95.
2984 5. 95.
2985 5. 95.
2986 5. 95.
2987 6. 94.
2988 6. 94.
2989 6. 94.
2990 6. 94.
2991 6. 94.
2992 6. 94.
2993 6. 94.
2994 6. 94.
2995 6. 94.
2996 6. 94.
2997 6. 94.
2998 6. 94.
2999 6. 94.
3000 6. 94.
3001 6. 94.
3002 6. 94.
3003 6. 94.
3004 6. 94.
3005 6. 94.
3006 6. 94.
3007 7. 93.
3008 7. 93.
3009 7. 93.
3010 7. 93.
3011 7. 93.
3012 7. 93.
3013 7. 93.
3014 7. 93.
3015 7. 93.
3016 7. 93.
3017 7. 93.
3018 7. 93.
3019 7. 93.
3020 7. 93.
3021 7. 93.
3022 7. 93.
3023 7. 93.
3024 6. 94.
3025 6. 94.
3026 6. 94.
3027 6. 94.
3028 6. 94.
3029 6. 94.
3030 6. 94.
3031 6. 94.
3032 6. 94.
3033 6. 94.
3034 6. 94.
3035 6. 94.
3036 6. 94.
3037 6. 94.
3038 6. 94.
3039 6. 94.
3040 6. 94.
3041 6. 94.
3042 6. 94.
3043 6. 94.
3044 6. 94.
3045 6. 94.
3046 7. 93.
3047 8. 92.
3048 8. 92.
3049 7. 93.
3050 7. 93.
3051 7. 93.
3052 7. 93.
3053 7. 93.
3054 7. 93.
3055 7. 93.
3056 7. 93.
3057 7. 93.
3058 7. 93.
3059 7. 93.
3060 7. 93.
3061 7. 93.
3062 7. 93.
3063 7. 93.
3064 7. 93.
3065 7. 93.
3066 7. 93.
3067 7. 93.
3068 7. 93.
3069 7. 93.
3070 7. 93.
3071 7. 93.
3072 7. 93.
3073 7. 93.
3074 7. 93.
3075 7. 93.
3076 7. 93.
3077 7. 93.
3078 7. 93.
3079 7. 93.
3080 7. 93.
3081 8. 92.
3082 8. 92.
3083 8. 92.
3084 8. 92.
3085 8. 92.
3086 8. 92.
3087 8. 92.
3088 8. 92.
3089 8. 92.
3090 8. 92.
3091 8. 92.
3092 8. 92.
3093 9. 91.
3094 9. 91.
3095 9. 91.
3096 9. 91.
3097 9. 91.
3098 9. 91.
3099 9. 91.
3100 9. 91.
3101 9. 91.
3102 9. 91.
3103 9. 91.
3104 9. 91.
3105 9. 91.
3106 9. 91.
3107 9. 91.
3108 9. 91.
3109 9. 91.
3110 9. 91.
3111 9. 91.
3112 9. 91.
3113 9. 91.
3114 9. 91.
3115 9. 91.
3116 9. 91.
3117 9. 91.
3118 9. 91.
3119 9. 91.
3120 9. 91.
3121 9. 91.
3122 9. 91.
3123 9. 91.
3124 9. 91.
3125 9. 91.
3126 9. 91.
3127 9. 91.
3128 9. 91.
3129 9. 91.
3130 9. 91.
3131 9. 91.
3132 9. 91.
3133 9. 91.
3134 9. 91.
3135 9. 91.
3136 9. 91.
3137 9. 91.
3138 8. 92.
3139 8. 92.
3140 8. 92.
3141 8. 92.
3142 8. 92.
3143 8. 92.
3144 8. 92.
3145 8. 92.
3146 8. 92.
3147 8. 92.
3148 8. 92.
3149 8. 92.
3150 8. 92.
3151 8. 92.
3152 8. 92.
3153 8. 92.
3154 8. 92.
3155 8. 92.
3156 8. 92.
3157 8. 92.
3158 8. 92.
3159 8. 92.
3160 8. 92.
3161 8. 92.
3162 8. 92.
3163 8. 92.
3164 8. 92.
3165 8. 92.
3166 8. 92.
3167 8. 92.
3168 8. 92.
3169 8. 92.
3170 8. 92.
3171 8. 92.
3172 8. 92.
3173 8. 92.
3174 8. 92.
3175 8. 92.
3176 8. 92.
3177 8. 92.
3178 8. 92.
3179 8. 92.
3180 8. 92.
3181 8. 92.
3182 7. 93.
3183 7. 93.
3184 8. 92.
3185 8. 92.
3186 8. 92.
3187 8. 92.
3188 8. 92.
3189 8. 92.
3190 8. 92.
3191 8. 92.
3192 8. 92.
3193 7. 93.
3194 7. 93.
3195 7. 93.
3196 7. 93.
3197 7. 93.
3198 7. 93.
3199 7. 93.
3200 7. 93.
3201 7. 93.
3202 7. 93.
3203 7. 93.
3204 7. 93.
3205 7. 93.
3206 7. 93.
3207 7. 93.
3208 7. 93.
3209 7. 93.
3210 7. 93.
3211 7. 93.
3212 7. 93.
3213 7. 93.
3214 7. 93.
3215 7. 93.
3216 7. 93.
3217 7. 93.
3218 7. 93.
3219 7. 93.
3220 7. 93.
3221 7. 93.
3222 7. 93.
3223 7. 93.
3224 7. 93.
3225 7. 93.
3226 7. 93.
3227 7. 93.
3228 7. 93.
3229 7. 93.
3230 7. 93.
3231 7. 93.
3232 6. 94.
3233 6. 94.
3234 6. 94.
3235 6. 94.
3236 6. 94.
3237 6. 94.
3238 6. 94.
3239 6. 94.
3240 6. 94.
3241 6. 94.
3242 6. 94.
3243 6. 94.
3244 6. 94.
3245 6. 94.
3246 6. 94.
3247 6. 94.
3248 6. 94.
3249 6. 94.
3250 6. 94.
3251 6. 94.
3252 6. 94.
3253 6. 94.
3254 5. 95.
3255 5. 95.
3256 5. 95.
3257 5. 95.
3258 5. 95.
3259 5. 95.
3260 5. 95.
3261 5. 95.
3262 5. 95.
3263 5. 95.
3264 5. 95.
3265 5. 95.
3266 5. 95.
3267 5. 95.
3268 5. 95.
3269 5. 95.
3270 5. 95.
3271 5. 95.
3272 5. 95.
3273 5. 95.
3274 5. 95.
3275 5. 95.
3276 5. 95.
3277 5. 95.
3278 5. 95.
3279 5. 95.
3280 5. 95.
3281 5. 95.
3282 5. 95.
3283 5. 95.
3284 6. 94.
3285 6. 94.
3286 6. 94.
3287 6. 94.
3288 6. 94.
3289 6. 94.
3290 6. 94.
3291 6. 94.
3292 6. 94.
3293 6. 94.
3294 6. 94.
3295 6. 94.
3296 6. 94.
3297 6. 94.
3298 6. 94.
3299 6. 94.
3300 5. 95.
3301 5. 95.
3302 5. 95.
3303 5. 95.
3304 5. 95.
3305 5. 95.
3306 5. 95.
3307 5. 95.
3308 5. 95.
3309 5. 95.
3310 5. 95.
3311 4. 96.
3312 4. 96.
3313 4. 96.
3314 4. 96.
3315 4. 96.
3316 4. 96.
3317 4. 96.
3318 4. 96.
3319 4. 96.
3320 4. 96.
3321 4. 96.
3322 4. 96.
3323 4. 96.
3324 4. 96.
3325 4. 96.
3326 4. 96.
3327 4. 96.
3328 4. 96.
3329 4. 96.
3330 4. 96.
3331 4. 96.
3332 4. 96.
3333 4. 96.
3334 4. 96.
3335 4. 96.
3336 4. 96.
3337 4. 96.
3338 4. 96.
3339 4. 96.
3340 4. 96.
3341 4. 96.
3342 4. 96.
3343 4. 96.
3344 4. 96.
3345 4. 96.
3346 4. 96.
3347 4. 96.
3348 4. 96.
3349 4. 96.
3350 4. 96.
3351 4. 96.
3352 4. 96.
3353 4. 96.
3354 4. 96.
3355 4. 96.
3356 4. 96.
3357 4. 96.
3358 4. 96.
3359 4. 96.
3360 4. 96.
3361 4. 96.
3362 4. 96.
3363 4. 96.
3364 4. 96.
3365 4. 96.
3366 4. 96.
3367 4. 96.
3368 4. 96.
3369 4. 96.
3370 4. 96.
3371 4. 96.
3372 4. 96.
3373 4. 96.
3374 4. 96.
3375 4. 96.
3376 4. 96.
3377 4. 96.
3378 4. 96.
3379 4. 96.
3380 4. 96.
3381 4. 96.
3382 4. 96.
3383 4. 96.
3384 4. 96.
3385 4. 96.
3386 4. 96.
3387 4. 96.
3388 4. 96.
3389 4. 96.
3390 4. 96.
3391 4. 96.
3392 4. 96.
3393 4. 96.
3394 4. 96.
3395 4. 96.
3396 4. 96.
3397 4. 96.
3398 4. 96.
3399 3. 97.
3400 3. 97.
3401 3. 97.
3402 3. 97.
3403 3. 97.
3404 3. 97.
3405 3. 97.
3406 3. 97.
3407 3. 97.
3408 3. 97.
3409 3. 97.
3410 3. 97.
3411 3. 97.
3412 3. 97.
3413 3. 97.
3414 3. 97.
3415 3. 97.
3416 3. 97.
3417 3. 97.
3418 3. 97.
3419 3. 97.
3420 3. 97.
3421 3. 97.
3422 3. 97.
3423 3. 97.
3424 3. 97.
3425 3. 97.
3426 2. 98.
3427 3. 97.
3428 3. 97.
3429 3. 97.
3430 3. 97.
3431 3. 97.
3432 3. 97.
3433 3. 97.
3434 3. 97.
3435 3. 97.
3436 3. 97.
3437 3. 97.
3438 3. 97.
3439 3. 97.
3440 3. 97.
3441 3. 97.
3442 3. 97.
3443 3. 97.
3444 3. 97.
3445 3. 97.
3446 3. 97.
3447 3. 97.
3448 3. 97.
3449 3. 97.
3450 3. 97.
3451 3. 97.
3452 3. 97.
3453 3. 97.
3454 3. 97.
3455 3. 97.
3456 3. 97.
3457 3. 97.
3458 3. 97.
3459 3. 97.
3460 3. 97.
3461 3. 97.
3462 3. 97.
3463 3. 97.
3464 3. 97.
3465 3. 97.
3466 3. 97.
3467 3. 97.
3468 3. 97.
3469 3. 97.
3470 3. 97.
3471 3. 97.
3472 3. 97.
3473 3. 97.
3474 3. 97.
3475 3. 97.
3476 3. 97.
3477 3. 97.
3478 3. 97.
3479 3. 97.
3480 3. 97.
3481 3. 97.
3482 3. 97.
3483 3. 97.
3484 3. 97.
3485 3. 97.
3486 3. 97.
3487 3. 97.
3488 3. 97.
3489 3. 97.
3490 3. 97.
3491 3. 97.
3492 3. 97.
3493 3. 97.
3494 3. 97.
3495 3. 97.
3496 3. 97.
3497 3. 97.
3498 3. 97.
3499 3. 97.
3500 3. 97.
3501 3. 97.
3502 3. 97.
3503 3. 97.
3504 3. 97.
3505 3. 97.
3506 3. 97.
3507 2. 98.
3508 2. 98.
3509 2. 98.
3510 2. 98.
3511 1. 99.
3512 1. 99.
3513 1. 99.
3514 1. 99.
3515 1. 99.
3516 1. 99.
3517 1. 99.
3518 1. 99.
3519 1. 99.
3520 1. 99.
3521 1. 99.
3522 1. 99.
3523 1. 99.
3524 1. 99.
3525 1. 99.
3526 1. 99.
3527 1. 99.
3528 1. 99.
3529 1. 99.
3530 1. 99.
3531 1. 99.
3532 1. 99.
3533 1. 99.
3534 1. 99.
3535 1. 99.
3536 1. 99.
3537 1. 99.
3538 1. 99.
3539 1. 99.
3540 1. 99.
3541 1. 99.
3542 1. 99.
3543 1. 99.
3544 1. 99.
3545 1. 99.
3546 1. 99.
3547 2. 98.
3548 2. 98.
3549 2. 98.
3550 2. 98.
3551 2. 98.
3552 2. 98.
3553 2. 98.
3554 2. 98.
3555 2. 98.
3556 2. 98.
3557 2. 98.
3558 2. 98.
3559 2. 98.
3560 3. 97.
3561 3. 97.
3562 3. 97.
3563 3. 97.
3564 3. 97.
3565 3. 97.
3566 3. 97.
3567 3. 97.
3568 3. 97.
3569 3. 97.
3570 3. 97.
3571 3. 97.
3572 3. 97.
3573 4. 96.
3574 4. 96.
3575 4. 96.
3576 4. 96.
3577 4. 96.
3578 4. 96.
3579 4. 96.
3580 4. 96.
3581 4. 96.
3582 4. 96.
3583 4. 96.
3584 3. 97.
3585 3. 97.
3586 3. 97.
3587 3. 97.
3588 3. 97.
3589 3. 97.
3590 3. 97.
3591 3. 97.
3592 3. 97.
3593 3. 97.
3594 3. 97.
3595 3. 97.
3596 3. 97.
3597 3. 97.
3598 3. 97.
3599 3. 97.
3600 3. 97.
3601 3. 97.
3602 3. 97.
3603 3. 97.
3604 3. 97.
3605 3. 97.
3606 3. 97.
3607 3. 97.
3608 3. 97.
3609 3. 97.
3610 3. 97.
3611 3. 97.
3612 3. 97.
3613 3. 97.
3614 3. 97.
3615 3. 97.
3616 3. 97.
3617 3. 97.
3618 3. 97.
3619 3. 97.
3620 3. 97.
3621 3. 97.
3622 3. 97.
3623 3. 97.
3624 3. 97.
3625 3. 97.
3626 3. 97.
3627 3. 97.
3628 3. 97.
3629 3. 97.
3630 3. 97.
3631 3. 97.
3632 3. 97.
3633 3. 97.
3634 3. 97.
3635 3. 97.
3636 3. 97.
3637 3. 97.
3638 3. 97.
3639 3. 97.
3640 4. 96.
3641 4. 96.
3642 4. 96.
3643 4. 96.
3644 4. 96.
3645 4. 96.
3646 4. 96.
3647 4. 96.
3648 4. 96.
3649 4. 96.
3650 4. 96.
3651 4. 96.
3652 4. 96.
3653 4. 96.
3654 4. 96.
3655 4. 96.
3656 4. 96.
3657 4. 96.
3658 4. 96.
3659 4. 96.
3660 4. 96.
3661 4. 96.
3662 4. 96.
3663 4. 96.
3664 4. 96.
3665 4. 96.
3666 4. 96.
3667 4. 96.
3668 4. 96.
3669 4. 96.
3670 4. 96.
3671 4. 96.
3672 3. 97.
3673 3. 97.
3674 3. 97.
3675 4. 96.
3676 4. 96.
3677 4. 96.
3678 4. 96.
3679 4. 96.
3680 4. 96.
3681 4. 96.
3682 4. 96.
3683 4. 96.
3684 4. 96.
3685 4. 96.
3686 4. 96.
3687 4. 96.
3688 5. 95.
3689 5. 95.
3690 5. 95.
3691 5. 95.
3692 5. 95.
3693 5. 95.
3694 5. 95.
3695 5. 95.
3696 5. 95.
3697 5. 95.
3698 5. 95.
3699 5. 95.
3700 5. 95.
3701 5. 95.
3702 5. 95.
3703 5. 95.
3704 5. 95.
3705 4. 96.
3706 4. 96.
3707 4. 96.
3708 4. 96.
3709 4. 96.
3710 4. 96.
3711 4. 96.
3712 4. 96.
3713 4. 96.
3714 4. 96.
3715 4. 96.
3716 4. 96.
3717 4. 96.
3718 4. 96.
3719 4. 96.
3720 4. 96.
3721 4. 96.
3722 4. 96.
3723 4. 96.
3724 4. 96.
3725 4. 96.
3726 4. 96.
3727 4. 96.
3728 4. 96.
3729 4. 96.
3730 4. 96.
3731 4. 96.
3732 4. 96.
3733 4. 96.
3734 4. 96.
3735 4. 96.
3736 4. 96.
3737 4. 96.
3738 4. 96.
3739 4. 96.
3740 4. 96.
3741 4. 96.
3742 4. 96.
3743 4. 96.
3744 3. 97.
3745 3. 97.
3746 3. 97.
3747 3. 97.
3748 3. 97.
3749 3. 97.
3750 3. 97.
3751 3. 97.
3752 2. 98.
3753 2. 98.
3754 2. 98.
3755 2. 98.
3756 2. 98.
3757 2. 98.
3758 2. 98.
3759 2. 98.
3760 2. 98.
3761 2. 98.
3762 2. 98.
3763 2. 98.
3764 2. 98.
3765 2. 98.
3766 2. 98.
3767 2. 98.
3768 2. 98.
3769 2. 98.
3770 2. 98.
3771 2. 98.
3772 2. 98.
3773 2. 98.
3774 2. 98.
3775 2. 98.
3776 2. 98.
3777 2. 98.
3778 2. 98.
3779 1. 99.
3780 1. 99.
3781 1. 99.
3782 1. 99.
3783 1. 99.
3784 2. 98.
3785 2. 98.
3786 2. 98.
3787 2. 98.
3788 2. 98.
3789 2. 98.
3790 2. 98.
3791 2. 98.
3792 2. 98.
3793 2. 98.
3794 2. 98.
3795 2. 98.
3796 2. 98.
3797 2. 98.
3798 2. 98.
3799 2. 98.
3800 2. 98.
3801 2. 98.
3802 2. 98.
3803 2. 98.
3804 2. 98.
3805 2. 98.
3806 2. 98.
3807 2. 98.
3808 2. 98.
3809 2. 98.
3810 2. 98.
3811 2. 98.
3812 2. 98.
3813 2. 98.
3814 2. 98.
3815 3. 97.
3816 3. 97.
3817 3. 97.
3818 3. 97.
3819 3. 97.
3820 3. 97.
3821 3. 97.
3822 3. 97.
3823 3. 97.
3824 3. 97.
3825 3. 97.
3826 3. 97.
3827 3. 97.
3828 3. 97.
3829 3. 97.
3830 3. 97.
3831 3. 97.
3832 3. 97.
3833 3. 97.
3834 3. 97.
3835 3. 97.
3836 3. 97.
3837 3. 97.
3838 4. 96.
3839 4. 96.
3840 4. 96.
3841 4. 96.
3842 4. 96.
3843 4. 96.
3844 4. 96.
3845 4. 96.
3846 4. 96.
3847 4. 96.
3848 4. 96.
3849 4. 96.
3850 4. 96.
3851 4. 96.
3852 4. 96.
3853 4. 96.
3854 4. 96.
3855 4. 96.
3856 4. 96.
3857 4. 96.
3858 4. 96.
3859 4. 96.
3860 4. 96.
3861 4. 96.
3862 4. 96.
3863 4. 96.
3864 4. 96.
3865 4. 96.
3866 4. 96.
3867 4. 96.
3868 4. 96.
3869 4. 96.
3870 4. 96.
3871 4. 96.
3872 4. 96.
3873 4. 96.
3874 4. 96.
3875 4. 96.
3876 4. 96.
3877 4. 96.
3878 4. 96.
3879 3. 97.
3880 3. 97.
3881 3. 97.
3882 3. 97.
3883 3. 97.
3884 3. 97.
3885 3. 97.
3886 3. 97.
3887 3. 97.
3888 3. 97.
3889 3. 97.
3890 3. 97.
3891 3. 97.
3892 3. 97.
3893 3. 97.
3894 3. 97.
3895 3. 97.
3896 3. 97.
3897 3. 97.
3898 3. 97.
3899 3. 97.
3900 3. 97.
3901 3. 97.
3902 3. 97.
3903 3. 97.
3904 3. 97.
3905 3. 97.
3906 3. 97.
3907 3. 97.
3908 3. 97.
3909 3. 97.
3910 3. 97.
3911 3. 97.
3912 3. 97.
3913 3. 97.
3914 3. 97.
3915 3. 97.
3916 3. 97.
3917 3. 97.
3918 3. 97.
3919 3. 97.
3920 3. 97.
3921 3. 97.
3922 3. 97.
3923 3. 97.
3924 3. 97.
3925 3. 97.
3926 3. 97.
3927 3. 97.
3928 3. 97.
3929 3. 97.
3930 3. 97.
3931 3. 97.
3932 3. 97.
3933 3. 97.
3934 3. 97.
3935 3. 97.
3936 3. 97.
3937 3. 97.
3938 3. 97.
3939 3. 97.
3940 3. 97.
3941 3. 97.
3942 3. 97.
3943 3. 97.
3944 3. 97.
3945 3. 97.
3946 4. 96.
3947 4. 96.
3948 4. 96.
3949 3. 97.
3950 3. 97.
3951 3. 97.
3952 3. 97.
3953 3. 97.
3954 3. 97.
3955 3. 97.
3956 3. 97.
3957 3. 97.
3958 3. 97.
3959 3. 97.
3960 3. 97.
3961 3. 97.
3962 3. 97.
3963 3. 97.
3964 3. 97.
3965 3. 97.
3966 4. 96.
3967 4. 96.
3968 4. 96.
3969 4. 96.
3970 4. 96.
3971 4. 96.
3972 4. 96.
3973 4. 96.
3974 4. 96.
3975 4. 96.
3976 4. 96.
3977 4. 96.
3978 4. 96.
3979 4. 96.
3980 4. 96.
3981 4. 96.
3982 5. 95.
3983 5. 95.
3984 5. 95.
3985 5. 95.
3986 5. 95.
3987 5. 95.
3988 5. 95.
3989 5. 95.
3990 5. 95.
3991 5. 95.
3992 5. 95.
3993 5. 95.
3994 5. 95.
3995 5. 95.
3996 5. 95.
3997 5. 95.
3998 5. 95.
3999 5. 95.
4000 5. 95.
4001 5. 95.
4002 5. 95.
4003 5. 95.
4004 5. 95.
4005 5. 95.
4006 5. 95.
4007 5. 95.
4008 5. 95.
4009 5. 95.
4010 5. 95.
4011 5. 95.
4012 5. 95.
4013 5. 95.
4014 5. 95.
4015 5. 95.
4016 5. 95.
4017 5. 95.
4018 5. 95.
4019 5. 95.
4020 5. 95.
4021 5. 95.
4022 5. 95.
4023 5. 95.
4024 5. 95.
4025 5. 95.
4026 5. 95.
4027 5. 95.
4028 5. 95.
4029 6. 94.
4030 6. 94.
4031 6. 94.
4032 6. 94.
4033 6. 94.
4034 6. 94.
4035 6. 94.
4036 6. 94.
4037 6. 94.
4038 6. 94.
4039 6. 94.
4040 5. 95.
4041 5. 95.
4042 5. 95.
4043 5. 95.
4044 5. 95.
4045 5. 95.
4046 5. 95.
4047 5. 95.
4048 5. 95.
4049 5. 95.
4050 5. 95.
4051 5. 95.
4052 5. 95.
4053 5. 95.
4054 5. 95.
4055 5. 95.
4056 5. 95.
4057 5. 95.
4058 5. 95.
4059 5. 95.
4060 5. 95.
4061 5. 95.
4062 5. 95.
4063 5. 95.
4064 5. 95.
4065 5. 95.
4066 5. 95.
4067 5. 95.
4068 5. 95.
4069 5. 95.
4070 5. 95.
4071 5. 95.
4072 5. 95.
4073 5. 95.
4074 5. 95.
4075 5. 95.
4076 5. 95.
4077 5. 95.
4078 5. 95.
4079 5. 95.
4080 5. 95.
4081 5. 95.
4082 5. 95.
4083 5. 95.
4084 5. 95.
4085 5. 95.
4086 5. 95.
4087 5. 95.
4088 5. 95.
4089 5. 95.
4090 5. 95.
4091 5. 95.
4092 5. 95.
4093 5. 95.
4094 5. 95.
4095 5. 95.
4096 5. 95.
4097 5. 95.
4098 5. 95.
4099 5. 95.
4100 5. 95.
4101 5. 95.
4102 5. 95.
4103 5. 95.
4104 5. 95.
4105 5. 95.
4106 5. 95.
4107 5. 95.
4108 6. 94.
4109 6. 94.
4110 6. 94.
4111 6. 94.
4112 6. 94.
4113 6. 94.
4114 5. 95.
4115 5. 95.
4116 5. 95.
4117 4. 96.
4118 4. 96.
4119 4. 96.
4120 4. 96.
4121 3. 97.
4122 3. 97.
4123 3. 97.
4124 2. 98.
4125 2. 98.
4126 1. 99.
4127 1. 99.
4128 1. 99.
4129 1. 99.
4130 1. 99.
4131 1. 99.
4132 1. 99.
4133 1. 99.
4134 1. 99.
4135 1. 99.
4136 1. 99.
4137 1. 99.
4138 1. 99.
4139 1. 99.
4140 1. 99.
4141 1. 99.
4142 1. 99.
4143 1. 99.
4144 1. 99.
4145 1. 99.
4146 1. 99.
4147 1. 99.
4148 1. 99.
4149 1. 99.
