0 14. 86.
1 14. 86.
2 14. 86.
3 14. 86.
4 14. 86.
5 14. 86.
6 15. 85.
7 15. 85.
8 16. 84.
9 16. 84.
10 16. 84.
11 16. 84.
12 16. 84.
13 16. 84.
14 15. 85.
15 14. 86.
16 14. 86.
17 14. 86.
18 14. 86.
19 15. 85.
20 14. 86.
21 14. 86.
22 14. 86.
23 14. 86.
24 14. 86.
25 14. 86.
26 14. 86.
27 14. 86.
28 14. 86.
29 14. 86.
30 14. 86.
31 15. 85.
32 15. 85.
33 15. 85.
34 15. 85.
35 15. 85.
36 15. 85.
37 15. 85.
38 15. 85.
39 15. 85.
40 15. 85.
41 16. 84.
42 16. 84.
43 16. 84.
44 16. 84.
45 16. 84.
46 16. 84.
47 16. 84.
48 16. 84.
49 16. 84.
50 16. 84.
51 16. 84.
52 16. 84.
53 15. 85.
54 15. 85.
55 15. 85.
56 15. 85.
57 15. 85.
58 15. 85.
59 15. 85.
60 15. 85.
61 15. 85.
62 15. 85.
63 15. 85.
64 15. 85.
65 15. 85.
66 16. 84.
67 16. 84.
68 16. 84.
69 16. 84.
70 16. 84.
71 16. 84.
72 17. 83.
73 17. 83.
74 17. 83.
75 17. 83.
76 17. 83.
77 17. 83.
78 17. 83.
79 17. 83.
80 17. 83.
81 17. 83.
82 17. 83.
83 17. 83.
84 16. 84.
85 16. 84.
86 16. 84.
87 16. 84.
88 16. 84.
89 16. 84.
90 16. 84.
91 17. 83.
92 17. 83.
93 17. 83.
94 17. 83.
95 17. 83.
96 17. 83.
97 17. 83.
98 17. 83.
99 17. 83.
100 17. 83.
101 17. 83.
102 18. 82.
103 18. 82.
104 18. 82.
105 18. 82.
106 17. 83.
107 17. 83.
108 17. 83.
109 16. 84.
110 16. 84.
111 16. 84.
112 16. 84.
113 16. 84.
114 16. 84.
115 16. 84.
116 16. 84.
117 16. 84.
118 16. 84.
119 16. 84.
120 16. 84.
121 16. 84.
122 16. 84.
123 16. 84.
124 15. 85.
125 15. 85.
126 15. 85.
127 15. 85.
128 15. 85.
129 15. 85.
130 16. 84.
131 16. 84.
132 16. 84.
133 17. 83.
134 18. 82.
135 19. 81.
136 19. 81.
137 19. 81.
138 18. 82.
139 18. 82.
140 18. 82.
141 18. 82.
142 18. 82.
143 17. 83.
144 17. 83.
145 16. 84.
146 16. 84.
147 16. 84.
148 16. 84.
149 16. 84.
150 16. 84.
151 16. 84.
152 16. 84.
153 16. 84.
154 16. 84.
155 16. 84.
156 16. 84.
157 16. 84.
158 16. 84.
159 16. 84.
160 16. 84.
161 16. 84.
162 16. 84.
163 16. 84.
164 16. 84.
165 16. 84.
166 16. 84.
167 16. 84.
168 16. 84.
169 16. 84.
170 16. 84.
171 16. 84.
172 16. 84.
173 16. 84.
174 17. 83.
175 16. 84.
176 16. 84.
177 16. 84.
178 16. 84.
179 16. 84.
180 16. 84.
181 16. 84.
182 16. 84.
183 16. 84.
184 16. 84.
185 16. 84.
186 16. 84.
187 16. 84.
188 16. 84.
189 16. 84.
190 16. 84.
191 16. 84.
192 16. 84.
193 16. 84.
194 16. 84.
195 16. 84.
196 16. 84.
197 17. 83.
198 18. 82.
199 18. 82.
200 18. 82.
201 18. 82.
202 18. 82.
203 18. 82.
204 18. 82.
205 18. 82.
206 18. 82.
207 18. 82.
208 18. 82.
209 18. 82.
210 19. 81.
211 19. 81.
212 18. 82.
213 18. 82.
214 18. 82.
215 18. 82.
216 18. 82.
217 18. 82.
218 17. 83.
219 17. 83.
220 17. 83.
221 18. 82.
222 18. 82.
223 18. 82.
224 18. 82.
225 18. 82.
226 18. 82.
227 19. 81.
228 19. 81.
229 19. 81.
230 19. 81.
231 18. 82.
232 18. 82.
233 18. 82.
234 18. 82.
235 18. 82.
236 18. 82.
237 18. 82.
238 18. 82.
239 18. 82.
240 18. 82.
241 17. 83.
242 17. 83.
243 17. 83.
244 17. 83.
245 17. 83.
246 17. 83.
247 17. 83.
248 17. 83.
249 17. 83.
250 17. 83.
251 18. 82.
252 18. 82.
253 19. 81.
254 19. 81.
255 19. 81.
256 19. 81.
257 19. 81.
258 19. 81.
259 19. 81.
260 19. 81.
261 20. 80.
262 20. 80.
263 20. 80.
264 20. 80.
265 20. 80.
266 20. 80.
267 20. 80.
268 20. 80.
269 20. 80.
270 19. 81.
271 19. 81.
272 19. 81.
273 19. 81.
274 19. 81.
275 19. 81.
276 19. 81.
277 20. 80.
278 20. 80.
279 21. 79.
280 20. 80.
281 20. 80.
282 20. 80.
283 20. 80.
284 19. 81.
285 19. 81.
286 19. 81.
287 19. 81.
288 19. 81.
289 19. 81.
290 19. 81.
291 19. 81.
292 19. 81.
293 19. 81.
294 19. 81.
295 19. 81.
296 19. 81.
297 19. 81.
298 19. 81.
299 19. 81.
300 19. 81.
301 19. 81.
302 19. 81.
303 19. 81.
304 19. 81.
305 19. 81.
306 19. 81.
307 19. 81.
308 19. 81.
309 19. 81.
310 19. 81.
311 19. 81.
312 19. 81.
313 19. 81.
314 19. 81.
315 19. 81.
316 19. 81.
317 19. 81.
318 19. 81.
319 19. 81.
320 19. 81.
321 18. 82.
322 18. 82.
323 18. 82.
324 18. 82.
325 18. 82.
326 18. 82.
327 18. 82.
328 18. 82.
329 18. 82.
330 18. 82.
331 18. 82.
332 17. 83.
333 17. 83.
334 17. 83.
335 18. 82.
336 18. 82.
337 18. 82.
338 18. 82.
339 17. 83.
340 17. 83.
341 16. 84.
342 16. 84.
343 16. 84.
344 16. 84.
345 16. 84.
346 16. 84.
347 16. 84.
348 17. 83.
349 17. 83.
350 17. 83.
351 17. 83.
352 17. 83.
353 17. 83.
354 17. 83.
355 16. 84.
356 16. 84.
357 16. 84.
358 16. 84.
359 16. 84.
360 16. 84.
361 16. 84.
362 16. 84.
363 15. 85.
364 15. 85.
365 15. 85.
366 15. 85.
367 16. 84.
368 16. 84.
369 16. 84.
370 16. 84.
371 16. 84.
372 16. 84.
373 16. 84.
374 16. 84.
375 16. 84.
376 15. 85.
377 15. 85.
378 15. 85.
379 15. 85.
380 15. 85.
381 15. 85.
382 15. 85.
383 15. 85.
384 15. 85.
385 15. 85.
386 16. 84.
387 16. 84.
388 17. 83.
389 16. 84.
390 16. 84.
391 17. 83.
392 17. 83.
393 17. 83.
394 17. 83.
395 17. 83.
396 17. 83.
397 17. 83.
398 17. 83.
399 17. 83.
400 17. 83.
401 17. 83.
402 18. 82.
403 18. 82.
404 17. 83.
405 17. 83.
406 17. 83.
407 17. 83.
408 17. 83.
409 17. 83.
410 17. 83.
411 17. 83.
412 18. 82.
413 18. 82.
414 18. 82.
415 18. 82.
416 19. 81.
417 19. 81.
418 19. 81.
419 19. 81.
420 19. 81.
421 19. 81.
422 19. 81.
423 19. 81.
424 19. 81.
425 19. 81.
426 19. 81.
427 19. 81.
428 19. 81.
429 19. 81.
430 19. 81.
431 19. 81.
432 19. 81.
433 19. 81.
434 19. 81.
435 19. 81.
436 19. 81.
437 19. 81.
438 19. 81.
439 19. 81.
440 19. 81.
441 18. 82.
442 18. 82.
443 18. 82.
444 18. 82.
445 18. 82.
446 18. 82.
447 18. 82.
448 18. 82.
449 18. 82.
450 18. 82.
451 18. 82.
452 18. 82.
453 18. 82.
454 18. 82.
455 18. 82.
456 18. 82.
457 18. 82.
458 18. 82.
459 18. 82.
460 18. 82.
461 18. 82.
462 18. 82.
463 18. 82.
464 18. 82.
465 18. 82.
466 18. 82.
467 18. 82.
468 18. 82.
469 18. 82.
470 18. 82.
471 18. 82.
472 18. 82.
473 18. 82.
474 18. 82.
475 18. 82.
476 17. 83.
477 17. 83.
478 17. 83.
479 17. 83.
480 16. 84.
481 16. 84.
482 16. 84.
483 16. 84.
484 16. 84.
485 16. 84.
486 16. 84.
487 16. 84.
488 16. 84.
489 16. 84.
490 17. 83.
491 17. 83.
492 17. 83.
493 17. 83.
494 17. 83.
495 17. 83.
496 17. 83.
497 17. 83.
498 17. 83.
499 17. 83.
500 17. 83.
501 16. 84.
502 15. 85.
503 14. 86.
504 13. 87.
505 13. 87.
506 13. 87.
507 13. 87.
508 12. 88.
509 12. 88.
510 12. 88.
511 12. 88.
512 12. 88.
513 12. 88.
514 12. 88.
515 12. 88.
516 12. 88.
517 12. 88.
518 12. 88.
519 12. 88.
520 11. 89.
521 11. 89.
522 11. 89.
523 11. 89.
524 11. 89.
525 12. 88.
526 13. 87.
527 13. 87.
528 13. 87.
529 13. 87.
530 13. 87.
531 13. 87.
532 13. 87.
533 13. 87.
534 13. 87.
535 13. 87.
536 13. 87.
537 14. 86.
538 14. 86.
539 14. 86.
540 14. 86.
541 14. 86.
542 14. 86.
543 14. 86.
544 14. 86.
545 14. 86.
546 14. 86.
547 14. 86.
548 14. 86.
549 14. 86.
550 14. 86.
551 14. 86.
552 14. 86.
553 14. 86.
554 14. 86.
555 14. 86.
556 14. 86.
557 14. 86.
558 14. 86.
559 14. 86.
560 14. 86.
561 14. 86.
562 14. 86.
563 14. 86.
564 14. 86.
565 14. 86.
566 14. 86.
567 14. 86.
568 14. 86.
569 15. 85.
570 14. 86.
571 14. 86.
572 14. 86.
573 14. 86.
574 14. 86.
575 14. 86.
576 14. 86.
577 14. 86.
578 14. 86.
579 14. 86.
580 14. 86.
581 13. 87.
582 13. 87.
583 13. 87.
584 13. 87.
585 13. 87.
586 13. 87.
587 13. 87.
588 13. 87.
589 13. 87.
590 13. 87.
591 13. 87.
592 14. 86.
593 14. 86.
594 14. 86.
595 14. 86.
596 14. 86.
597 14. 86.
598 14. 86.
599 14. 86.
600 13. 87.
601 13. 87.
602 12. 88.
603 12. 88.
604 12. 88.
605 12. 88.
606 12. 88.
607 12. 88.
608 12. 88.
609 12. 88.
610 13. 87.
611 13. 87.
612 13. 87.
613 14. 86.
614 15. 85.
615 15. 85.
616 15. 85.
617 15. 85.
618 15. 85.
619 15. 85.
620 15. 85.
621 15. 85.
622 15. 85.
623 15. 85.
624 14. 86.
625 14. 86.
626 14. 86.
627 14. 86.
628 15. 85.
629 15. 85.
630 15. 85.
631 15. 85.
632 15. 85.
633 15. 85.
634 16. 84.
635 16. 84.
636 16. 84.
637 16. 84.
638 16. 84.
639 16. 84.
640 16. 84.
641 16. 84.
642 16. 84.
643 16. 84.
644 15. 85.
645 15. 85.
646 15. 85.
647 15. 85.
648 15. 85.
649 15. 85.
650 15. 85.
651 15. 85.
652 15. 85.
653 15. 85.
654 14. 86.
655 14. 86.
656 14. 86.
657 14. 86.
658 14. 86.
659 14. 86.
660 14. 86.
661 14. 86.
662 14. 86.
663 14. 86.
664 13. 87.
665 13. 87.
666 13. 87.
667 13. 87.
668 13. 87.
669 13. 87.
670 13. 87.
671 13. 87.
672 14. 86.
673 15. 85.
674 15. 85.
675 14. 86.
676 14. 86.
677 14. 86.
678 14. 86.
679 14. 86.
680 14. 86.
681 14. 86.
682 14. 86.
683 14. 86.
684 14. 86.
685 15. 85.
686 15. 85.
687 15. 85.
688 15. 85.
689 15. 85.
690 15. 85.
691 15. 85.
692 15. 85.
693 15. 85.
694 15. 85.
695 15. 85.
696 15. 85.
697 15. 85.
698 15. 85.
699 15. 85.
700 15. 85.
701 15. 85.
702 16. 84.
703 16. 84.
704 16. 84.
705 16. 84.
706 16. 84.
707 16. 84.
708 16. 84.
709 16. 84.
710 16. 84.
711 16. 84.
712 16. 84.
713 16. 84.
714 16. 84.
715 16. 84.
716 16. 84.
717 16. 84.
718 16. 84.
719 16. 84.
720 16. 84.
721 16. 84.
722 16. 84.
723 16. 84.
724 16. 84.
725 16. 84.
726 15. 85.
727 15. 85.
728 15. 85.
729 15. 85.
730 15. 85.
731 15. 85.
732 15. 85.
733 15. 85.
734 15. 85.
735 15. 85.
736 15. 85.
737 15. 85.
738 15. 85.
739 15. 85.
740 15. 85.
741 15. 85.
742 15. 85.
743 15. 85.
744 15. 85.
745 15. 85.
746 15. 85.
747 14. 86.
748 14. 86.
749 14. 86.
750 14. 86.
751 14. 86.
752 14. 86.
753 14. 86.
754 14. 86.
755 14. 86.
756 14. 86.
757 14. 86.
758 14. 86.
759 14. 86.
760 14. 86.
761 14. 86.
762 14. 86.
763 14. 86.
764 14. 86.
765 14. 86.
766 14. 86.
767 14. 86.
768 14. 86.
769 14. 86.
770 14. 86.
771 14. 86.
772 14. 86.
773 14. 86.
774 14. 86.
775 14. 86.
776 14. 86.
777 14. 86.
778 14. 86.
779 14. 86.
780 14. 86.
781 14. 86.
782 14. 86.
783 15. 85.
784 15. 85.
785 15. 85.
786 14. 86.
787 14. 86.
788 15. 85.
789 15. 85.
790 15. 85.
791 15. 85.
792 15. 85.
793 14. 86.
794 14. 86.
795 14. 86.
796 14. 86.
797 14. 86.
798 14. 86.
799 14. 86.
800 14. 86.
801 14. 86.
802 14. 86.
803 14. 86.
804 14. 86.
805 14. 86.
806 14. 86.
807 14. 86.
808 14. 86.
809 14. 86.
810 14. 86.
811 14. 86.
812 15. 85.
813 15. 85.
814 15. 85.
815 15. 85.
816 15. 85.
817 14. 86.
818 13. 87.
819 13. 87.
820 13. 87.
821 13. 87.
822 13. 87.
823 13. 87.
824 13. 87.
825 13. 87.
826 13. 87.
827 13. 87.
828 13. 87.
829 13. 87.
830 13. 87.
831 13. 87.
832 13. 87.
833 13. 87.
834 13. 87.
835 13. 87.
836 13. 87.
837 13. 87.
838 13. 87.
839 13. 87.
840 13. 87.
841 12. 88.
842 12. 88.
843 12. 88.
844 12. 88.
845 12. 88.
846 12. 88.
847 12. 88.
848 12. 88.
849 12. 88.
850 12. 88.
851 12. 88.
852 12. 88.
853 12. 88.
854 12. 88.
855 12. 88.
856 12. 88.
857 12. 88.
858 12. 88.
859 12. 88.
860 12. 88.
861 12. 88.
862 12. 88.
863 12. 88.
864 12. 88.
865 12. 88.
866 12. 88.
867 12. 88.
868 12. 88.
869 12. 88.
870 12. 88.
871 12. 88.
872 12. 88.
873 12. 88.
874 12. 88.
875 12. 88.
876 12. 88.
877 13. 87.
878 13. 87.
879 13. 87.
880 13. 87.
881 13. 87.
882 13. 87.
883 13. 87.
884 13. 87.
885 13. 87.
886 13. 87.
887 13. 87.
888 13. 87.
889 13. 87.
890 13. 87.
891 13. 87.
892 13. 87.
893 13. 87.
894 13. 87.
895 13. 87.
896 13. 87.
897 13. 87.
898 13. 87.
899 12. 88.
900 12. 88.
901 11. 89.
902 11. 89.
903 11. 89.
904 11. 89.
905 11. 89.
906 11. 89.
907 10. 90.
908 10. 90.
909 10. 90.
910 10. 90.
911 10. 90.
912 10. 90.
913 10. 90.
914 10. 90.
915 9. 91.
916 9. 91.
917 9. 91.
918 9. 91.
919 9. 91.
920 9. 91.
921 9. 91.
922 10. 90.
923 10. 90.
924 10. 90.
925 10. 90.
926 10. 90.
927 10. 90.
928 10. 90.
929 10. 90.
930 10. 90.
931 10. 90.
932 10. 90.
933 10. 90.
934 10. 90.
935 9. 91.
936 9. 91.
937 9. 91.
938 9. 91.
939 9. 91.
940 9. 91.
941 9. 91.
942 9. 91.
943 9. 91.
944 8. 92.
945 8. 92.
946 8. 92.
947 8. 92.
948 8. 92.
949 8. 92.
950 8. 92.
951 8. 92.
952 8. 92.
953 8. 92.
954 8. 92.
955 8. 92.
956 9. 91.
957 9. 91.
958 9. 91.
959 9. 91.
960 9. 91.
961 9. 91.
962 9. 91.
963 9. 91.
964 9. 91.
965 9. 91.
966 9. 91.
967 9. 91.
968 9. 91.
969 9. 91.
970 9. 91.
971 9. 91.
972 10. 90.
973 10. 90.
974 10. 90.
975 10. 90.
976 10. 90.
977 11. 89.
978 11. 89.
979 12. 88.
980 12. 88.
981 12. 88.
982 12. 88.
983 12. 88.
984 12. 88.
985 12. 88.
986 12. 88.
987 12. 88.
988 12. 88.
989 12. 88.
990 11. 89.
991 11. 89.
992 10. 90.
993 10. 90.
994 10. 90.
995 10. 90.
996 10. 90.
997 10. 90.
998 10. 90.
999 10. 90.
1000 10. 90.
1001 10. 90.
1002 10. 90.
1003 10. 90.
1004 10. 90.
1005 11. 89.
1006 11. 89.
1007 11. 89.
1008 11. 89.
1009 12. 88.
1010 12. 88.
1011 13. 87.
1012 13. 87.
1013 13. 87.
1014 13. 87.
1015 13. 87.
1016 13. 87.
1017 13. 87.
1018 13. 87.
1019 13. 87.
1020 13. 87.
1021 13. 87.
1022 13. 87.
1023 13. 87.
1024 13. 87.
1025 13. 87.
1026 13. 87.
1027 13. 87.
1028 13. 87.
1029 13. 87.
1030 13. 87.
1031 13. 87.
1032 13. 87.
1033 13. 87.
1034 13. 87.
1035 13. 87.
1036 13. 87.
1037 13. 87.
1038 13. 87.
1039 13. 87.
1040 13. 87.
1041 12. 88.
1042 12. 88.
1043 12. 88.
1044 12. 88.
1045 12. 88.
1046 12. 88.
1047 11. 89.
1048 11. 89.
1049 11. 89.
1050 11. 89.
1051 11. 89.
1052 11. 89.
1053 11. 89.
1054 11. 89.
1055 10. 90.
1056 10. 90.
1057 10. 90.
1058 10. 90.
1059 10. 90.
1060 10. 90.
1061 10. 90.
1062 10. 90.
1063 11. 89.
1064 11. 89.
1065 11. 89.
1066 11. 89.
1067 11. 89.
1068 11. 89.
1069 11. 89.
1070 11. 89.
1071 11. 89.
1072 11. 89.
1073 11. 89.
1074 11. 89.
1075 11. 89.
1076 11. 89.
1077 11. 89.
1078 11. 89.
1079 11. 89.
1080 11. 89.
1081 11. 89.
1082 11. 89.
1083 11. 89.
1084 11. 89.
1085 11. 89.
1086 11. 89.
1087 11. 89.
1088 11. 89.
1089 11. 89.
1090 11. 89.
1091 11. 89.
1092 11. 89.
1093 11. 89.
1094 11. 89.
1095 11. 89.
1096 11. 89.
1097 11. 89.
1098 11. 89.
1099 11. 89.
1100 11. 89.
1101 11. 89.
1102 11. 89.
1103 11. 89.
1104 11. 89.
1105 11. 89.
1106 12. 88.
1107 12. 88.
1108 12. 88.
1109 12. 88.
1110 12. 88.
1111 12. 88.
1112 12. 88.
1113 12. 88.
1114 12. 88.
1115 12. 88.
1116 12. 88.
1117 12. 88.
1118 12. 88.
1119 12. 88.
1120 12. 88.
1121 12. 88.
1122 12. 88.
1123 12. 88.
1124 12. 88.
1125 12. 88.
1126 12. 88.
1127 12. 88.
1128 12. 88.
1129 12. 88.
1130 12. 88.
1131 12. 88.
1132 11. 89.
1133 11. 89.
1134 11. 89.
1135 11. 89.
1136 11. 89.
1137 11. 89.
1138 11. 89.
1139 11. 89.
1140 12. 88.
1141 12. 88.
1142 12. 88.
1143 12. 88.
1144 12. 88.
1145 12. 88.
1146 12. 88.
1147 12. 88.
1148 12. 88.
1149 12. 88.
1150 12. 88.
1151 12. 88.
1152 12. 88.
1153 12. 88.
1154 12. 88.
1155 12. 88.
1156 13. 87.
1157 14. 86.
1158 14. 86.
1159 14. 86.
1160 14. 86.
1161 14. 86.
1162 14. 86.
1163 14. 86.
1164 14. 86.
1165 14. 86.
1166 14. 86.
1167 14. 86.
1168 14. 86.
1169 14. 86.
1170 14. 86.
1171 14. 86.
1172 14. 86.
1173 13. 87.
1174 13. 87.
1175 13. 87.
1176 13. 87.
1177 13. 87.
1178 13. 87.
1179 13. 87.
1180 13. 87.
1181 13. 87.
1182 13. 87.
1183 13. 87.
1184 13. 87.
1185 13. 87.
1186 13. 87.
1187 13. 87.
1188 13. 87.
1189 13. 87.
1190 13. 87.
1191 13. 87.
1192 13. 87.
1193 13. 87.
1194 13. 87.
1195 13. 87.
1196 13. 87.
1197 13. 87.
1198 13. 87.
1199 12. 88.
1200 12. 88.
1201 13. 87.
1202 13. 87.
1203 13. 87.
1204 13. 87.
1205 14. 86.
1206 14. 86.
1207 14. 86.
1208 14. 86.
1209 14. 86.
1210 14. 86.
1211 14. 86.
1212 14. 86.
1213 14. 86.
1214 14. 86.
1215 14. 86.
1216 14. 86.
1217 14. 86.
1218 14. 86.
1219 14. 86.
1220 14. 86.
1221 14. 86.
1222 14. 86.
1223 14. 86.
1224 15. 85.
1225 15. 85.
1226 15. 85.
1227 15. 85.
1228 15. 85.
1229 15. 85.
1230 15. 85.
1231 15. 85.
1232 15. 85.
1233 15. 85.
1234 15. 85.
1235 15. 85.
1236 15. 85.
1237 15. 85.
1238 15. 85.
1239 15. 85.
1240 15. 85.
1241 15. 85.
1242 15. 85.
1243 14. 86.
1244 14. 86.
1245 14. 86.
1246 14. 86.
1247 14. 86.
1248 14. 86.
1249 14. 86.
1250 15. 85.
1251 15. 85.
1252 15. 85.
1253 15. 85.
1254 15. 85.
1255 15. 85.
1256 15. 85.
1257 15. 85.
1258 15. 85.
1259 15. 85.
1260 15. 85.
1261 15. 85.
1262 15. 85.
1263 15. 85.
1264 15. 85.
1265 15. 85.
1266 15. 85.
1267 15. 85.
1268 14. 86.
1269 14. 86.
1270 14. 86.
1271 14. 86.
1272 14. 86.
1273 14. 86.
1274 14. 86.
1275 14. 86.
1276 14. 86.
1277 14. 86.
1278 14. 86.
1279 14. 86.
1280 14. 86.
1281 14. 86.
1282 14. 86.
1283 14. 86.
1284 14. 86.
1285 14. 86.
1286 14. 86.
1287 14. 86.
1288 14. 86.
1289 14. 86.
1290 14. 86.
1291 14. 86.
1292 14. 86.
1293 14. 86.
1294 14. 86.
1295 14. 86.
1296 14. 86.
1297 14. 86.
1298 14. 86.
1299 13. 87.
1300 13. 87.
1301 13. 87.
1302 13. 87.
1303 13. 87.
1304 13. 87.
1305 13. 87.
1306 13. 87.
1307 13. 87.
1308 13. 87.
1309 13. 87.
1310 13. 87.
1311 13. 87.
1312 13. 87.
1313 13. 87.
1314 13. 87.
1315 13. 87.
1316 12. 88.
1317 12. 88.
1318 12. 88.
1319 12. 88.
1320 12. 88.
1321 12. 88.
1322 12. 88.
1323 12. 88.
1324 12. 88.
1325 12. 88.
1326 12. 88.
1327 12. 88.
1328 12. 88.
1329 13. 87.
1330 13. 87.
1331 13. 87.
1332 13. 87.
1333 13. 87.
1334 13. 87.
1335 13. 87.
1336 12. 88.
1337 12. 88.
1338 12. 88.
1339 12. 88.
1340 12. 88.
1341 12. 88.
1342 12. 88.
1343 12. 88.
1344 12. 88.
1345 12. 88.
1346 12. 88.
1347 12. 88.
1348 13. 87.
1349 13. 87.
1350 13. 87.
1351 13. 87.
1352 13. 87.
1353 14. 86.
1354 14. 86.
1355 14. 86.
1356 14. 86.
1357 14. 86.
1358 14. 86.
1359 14. 86.
1360 14. 86.
1361 14. 86.
1362 14. 86.
1363 13. 87.
1364 13. 87.
1365 13. 87.
1366 13. 87.
1367 13. 87.
1368 13. 87.
1369 13. 87.
1370 13. 87.
1371 13. 87.
1372 13. 87.
1373 13. 87.
1374 13. 87.
1375 12. 88.
1376 13. 87.
1377 14. 86.
1378 14. 86.
1379 14. 86.
1380 14. 86.
1381 14. 86.
1382 14. 86.
1383 14. 86.
1384 14. 86.
1385 14. 86.
1386 14. 86.
1387 14. 86.
1388 14. 86.
1389 15. 85.
1390 15. 85.
1391 15. 85.
1392 15. 85.
1393 15. 85.
1394 15. 85.
1395 15. 85.
1396 15. 85.
1397 16. 84.
1398 16. 84.
1399 16. 84.
1400 16. 84.
1401 16. 84.
1402 17. 83.
1403 17. 83.
1404 17. 83.
1405 17. 83.
1406 17. 83.
1407 17. 83.
1408 17. 83.
1409 17. 83.
1410 17. 83.
1411 17. 83.
1412 17. 83.
1413 17. 83.
1414 17. 83.
1415 17. 83.
1416 17. 83.
1417 17. 83.
1418 17. 83.
1419 17. 83.
1420 17. 83.
1421 17. 83.
1422 17. 83.
1423 17. 83.
1424 17. 83.
1425 17. 83.
1426 17. 83.
1427 17. 83.
1428 17. 83.
1429 16. 84.
1430 16. 84.
1431 16. 84.
1432 16. 84.
1433 16. 84.
1434 15. 85.
1435 15. 85.
1436 15. 85.
1437 15. 85.
1438 15. 85.
1439 16. 84.
1440 16. 84.
1441 16. 84.
1442 16. 84.
1443 16. 84.
1444 16. 84.
1445 16. 84.
1446 16. 84.
1447 16. 84.
1448 16. 84.
1449 16. 84.
1450 16. 84.
1451 16. 84.
1452 16. 84.
1453 16. 84.
1454 16. 84.
1455 16. 84.
1456 16. 84.
1457 16. 84.
1458 16. 84.
1459 16. 84.
1460 16. 84.
1461 16. 84.
1462 16. 84.
1463 17. 83.
1464 17. 83.
1465 17. 83.
1466 17. 83.
1467 17. 83.
1468 17. 83.
1469 17. 83.
1470 17. 83.
1471 17. 83.
1472 17. 83.
1473 17. 83.
1474 17. 83.
1475 17. 83.
1476 17. 83.
1477 18. 82.
1478 18. 82.
1479 18. 82.
1480 18. 82.
1481 18. 82.
1482 18. 82.
1483 18. 82.
1484 18. 82.
1485 18. 82.
1486 18. 82.
1487 18. 82.
1488 18. 82.
1489 18. 82.
1490 18. 82.
1491 18. 82.
1492 18. 82.
1493 18. 82.
1494 18. 82.
1495 18. 82.
1496 18. 82.
1497 18. 82.
1498 18. 82.
1499 18. 82.
1500 19. 81.
1501 19. 81.
1502 19. 81.
1503 19. 81.
1504 18. 82.
1505 18. 82.
1506 18. 82.
1507 18. 82.
1508 18. 82.
1509 18. 82.
1510 18. 82.
1511 18. 82.
1512 18. 82.
1513 18. 82.
1514 18. 82.
1515 18. 82.
1516 18. 82.
1517 18. 82.
1518 18. 82.
1519 18. 82.
1520 17. 83.
1521 17. 83.
1522 16. 84.
1523 16. 84.
1524 16. 84.
1525 16. 84.
1526 16. 84.
1527 16. 84.
1528 16. 84.
1529 16. 84.
1530 16. 84.
1531 16. 84.
1532 16. 84.
1533 16. 84.
1534 16. 84.
1535 16. 84.
1536 16. 84.
1537 16. 84.
1538 16. 84.
1539 16. 84.
1540 16. 84.
1541 16. 84.
1542 16. 84.
1543 16. 84.
1544 16. 84.
1545 15. 85.
1546 15. 85.
1547 15. 85.
1548 15. 85.
1549 15. 85.
1550 15. 85.
1551 15. 85.
1552 15. 85.
1553 15. 85.
1554 15. 85.
1555 14. 86.
1556 14. 86.
1557 14. 86.
1558 14. 86.
1559 14. 86.
1560 14. 86.
1561 14. 86.
1562 14. 86.
1563 14. 86.
1564 14. 86.
1565 14. 86.
1566 14. 86.
1567 14. 86.
1568 14. 86.
1569 14. 86.
1570 14. 86.
1571 14. 86.
1572 14. 86.
1573 14. 86.
1574 14. 86.
1575 15. 85.
1576 15. 85.
1577 15. 85.
1578 16. 84.
1579 16. 84.
1580 16. 84.
1581 16. 84.
1582 16. 84.
1583 16. 84.
1584 16. 84.
1585 16. 84.
1586 16. 84.
1587 16. 84.
1588 15. 85.
1589 15. 85.
1590 15. 85.
1591 15. 85.
1592 15. 85.
1593 15. 85.
1594 15. 85.
1595 15. 85.
1596 15. 85.
1597 15. 85.
1598 15. 85.
1599 15. 85.
1600 15. 85.
1601 15. 85.
1602 15. 85.
1603 15. 85.
1604 15. 85.
1605 15. 85.
1606 15. 85.
1607 16. 84.
1608 16. 84.
1609 16. 84.
1610 16. 84.
1611 16. 84.
1612 16. 84.
1613 15. 85.
1614 15. 85.
1615 15. 85.
1616 15. 85.
1617 15. 85.
1618 15. 85.
1619 15. 85.
1620 15. 85.
1621 15. 85.
1622 15. 85.
1623 15. 85.
1624 14. 86.
1625 14. 86.
1626 14. 86.
1627 14. 86.
1628 14. 86.
1629 14. 86.
1630 14. 86.
1631 14. 86.
1632 14. 86.
1633 14. 86.
1634 14. 86.
1635 14. 86.
1636 14. 86.
1637 14. 86.
1638 14. 86.
1639 14. 86.
1640 14. 86.
1641 14. 86.
1642 14. 86.
1643 14. 86.
1644 14. 86.
1645 14. 86.
1646 14. 86.
1647 14. 86.
1648 14. 86.
1649 14. 86.
1650 14. 86.
1651 14. 86.
1652 14. 86.
1653 13. 87.
1654 13. 87.
1655 13. 87.
1656 13. 87.
1657 13. 87.
1658 13. 87.
1659 13. 87.
1660 13. 87.
1661 13. 87.
1662 13. 87.
1663 13. 87.
1664 13. 87.
1665 13. 87.
1666 13. 87.
1667 13. 87.
1668 13. 87.
1669 13. 87.
1670 13. 87.
1671 13. 87.
1672 13. 87.
1673 13. 87.
1674 13. 87.
1675 13. 87.
1676 14. 86.
1677 14. 86.
1678 14. 86.
1679 14. 86.
1680 14. 86.
1681 13. 87.
1682 13. 87.
1683 13. 87.
1684 13. 87.
1685 13. 87.
1686 13. 87.
1687 13. 87.
1688 13. 87.
1689 14. 86.
1690 14. 86.
1691 14. 86.
1692 14. 86.
1693 14. 86.
1694 14. 86.
1695 14. 86.
1696 14. 86.
1697 14. 86.
1698 13. 87.
1699 13. 87.
1700 13. 87.
1701 14. 86.
1702 14. 86.
1703 14. 86.
1704 14. 86.
1705 14. 86.
1706 14. 86.
1707 14. 86.
1708 14. 86.
1709 14. 86.
1710 14. 86.
1711 14. 86.
1712 15. 85.
1713 15. 85.
1714 15. 85.
1715 15. 85.
1716 15. 85.
1717 15. 85.
1718 15. 85.
1719 15. 85.
1720 15. 85.
1721 15. 85.
1722 15. 85.
1723 14. 86.
1724 14. 86.
1725 15. 85.
1726 15. 85.
1727 15. 85.
1728 15. 85.
1729 15. 85.
1730 14. 86.
1731 14. 86.
1732 14. 86.
1733 14. 86.
1734 14. 86.
1735 14. 86.
1736 14. 86.
1737 14. 86.
1738 14. 86.
1739 14. 86.
1740 14. 86.
1741 14. 86.
1742 14. 86.
1743 14. 86.
1744 14. 86.
1745 14. 86.
1746 13. 87.
1747 13. 87.
1748 13. 87.
1749 13. 87.
1750 13. 87.
1751 13. 87.
1752 13. 87.
1753 13. 87.
1754 13. 87.
1755 13. 87.
1756 13. 87.
1757 13. 87.
1758 13. 87.
1759 14. 86.
1760 14. 86.
1761 13. 87.
1762 13. 87.
1763 13. 87.
1764 13. 87.
1765 13. 87.
1766 13. 87.
1767 14. 86.
1768 14. 86.
1769 13. 87.
1770 13. 87.
1771 13. 87.
1772 13. 87.
1773 13. 87.
1774 13. 87.
1775 13. 87.
1776 13. 87.
1777 13. 87.
1778 13. 87.
1779 13. 87.
1780 13. 87.
1781 13. 87.
1782 13. 87.
1783 13. 87.
1784 13. 87.
1785 13. 87.
1786 13. 87.
1787 13. 87.
1788 13. 87.
1789 13. 87.
1790 13. 87.
1791 13. 87.
1792 13. 87.
1793 13. 87.
1794 13. 87.
1795 13. 87.
1796 13. 87.
1797 13. 87.
1798 13. 87.
1799 13. 87.
1800 13. 87.
1801 13. 87.
1802 13. 87.
1803 13. 87.
1804 13. 87.
1805 13. 87.
1806 13. 87.
1807 13. 87.
1808 13. 87.
1809 13. 87.
1810 13. 87.
1811 14. 86.
1812 14. 86.
1813 14. 86.
1814 14. 86.
1815 15. 85.
1816 15. 85.
1817 15. 85.
1818 15. 85.
1819 15. 85.
1820 16. 84.
1821 16. 84.
1822 16. 84.
1823 16. 84.
1824 15. 85.
1825 15. 85.
1826 15. 85.
1827 15. 85.
1828 15. 85.
1829 15. 85.
1830 15. 85.
1831 15. 85.
1832 15. 85.
1833 15. 85.
1834 15. 85.
1835 15. 85.
1836 15. 85.
1837 15. 85.
1838 15. 85.
1839 15. 85.
1840 15. 85.
1841 15. 85.
1842 15. 85.
1843 15. 85.
1844 15. 85.
1845 15. 85.
1846 15. 85.
1847 15. 85.
1848 15. 85.
1849 15. 85.
1850 15. 85.
1851 15. 85.
1852 15. 85.
1853 15. 85.
1854 15. 85.
1855 15. 85.
1856 14. 86.
1857 14. 86.
1858 15. 85.
1859 15. 85.
1860 15. 85.
1861 15. 85.
1862 14. 86.
1863 14. 86.
1864 14. 86.
1865 14. 86.
1866 14. 86.
1867 15. 85.
1868 15. 85.
1869 15. 85.
1870 15. 85.
1871 15. 85.
1872 15. 85.
1873 15. 85.
1874 15. 85.
1875 15. 85.
1876 15. 85.
1877 15. 85.
1878 15. 85.
1879 15. 85.
1880 15. 85.
1881 15. 85.
1882 15. 85.
1883 14. 86.
1884 15. 85.
1885 15. 85.
1886 14. 86.
1887 14. 86.
1888 13. 87.
1889 13. 87.
1890 12. 88.
1891 12. 88.
1892 11. 89.
1893 11. 89.
1894 11. 89.
1895 11. 89.
1896 11. 89.
1897 11. 89.
1898 11. 89.
1899 11. 89.
1900 11. 89.
1901 11. 89.
1902 11. 89.
1903 11. 89.
1904 11. 89.
1905 11. 89.
1906 12. 88.
1907 12. 88.
1908 12. 88.
1909 11. 89.
1910 11. 89.
1911 11. 89.
1912 11. 89.
1913 12. 88.
1914 12. 88.
1915 12. 88.
1916 12. 88.
1917 12. 88.
1918 12. 88.
1919 12. 88.
1920 12. 88.
1921 12. 88.
1922 12. 88.
1923 12. 88.
1924 12. 88.
1925 13. 87.
1926 13. 87.
1927 13. 87.
1928 13. 87.
1929 12. 88.
1930 12. 88.
1931 12. 88.
1932 12. 88.
1933 12. 88.
1934 12. 88.
1935 12. 88.
1936 12. 88.
1937 12. 88.
1938 12. 88.
1939 11. 89.
1940 11. 89.
1941 12. 88.
1942 12. 88.
1943 11. 89.
1944 11. 89.
1945 11. 89.
1946 11. 89.
1947 11. 89.
1948 11. 89.
1949 11. 89.
1950 11. 89.
1951 11. 89.
1952 11. 89.
1953 11. 89.
1954 11. 89.
1955 10. 90.
1956 10. 90.
1957 10. 90.
1958 10. 90.
1959 10. 90.
1960 10. 90.
1961 10. 90.
1962 10. 90.
1963 10. 90.
1964 10. 90.
1965 9. 91.
1966 9. 91.
1967 10. 90.
1968 10. 90.
1969 10. 90.
1970 10. 90.
1971 10. 90.
1972 10. 90.
1973 10. 90.
1974 10. 90.
1975 10. 90.
1976 10. 90.
1977 10. 90.
1978 10. 90.
1979 10. 90.
1980 9. 91.
1981 9. 91.
1982 9. 91.
1983 9. 91.
1984 9. 91.
1985 9. 91.
1986 9. 91.
1987 10. 90.
1988 9. 91.
1989 9. 91.
1990 10. 90.
1991 10. 90.
1992 10. 90.
1993 10. 90.
1994 10. 90.
1995 10. 90.
1996 10. 90.
1997 10. 90.
1998 10. 90.
1999 10. 90.
2000 10. 90.
2001 10. 90.
2002 10. 90.
2003 10. 90.
2004 10. 90.
2005 10. 90.
2006 10. 90.
2007 10. 90.
2008 10. 90.
2009 10. 90.
2010 10. 90.
2011 10. 90.
2012 10. 90.
2013 10. 90.
2014 10. 90.
2015 10. 90.
2016 10. 90.
2017 10. 90.
2018 10. 90.
2019 10. 90.
2020 11. 89.
2021 11. 89.
2022 11. 89.
2023 11. 89.
2024 11. 89.
2025 11. 89.
2026 11. 89.
2027 11. 89.
2028 11. 89.
2029 11. 89.
2030 11. 89.
2031 11. 89.
2032 11. 89.
2033 11. 89.
2034 11. 89.
2035 11. 89.
2036 11. 89.
2037 11. 89.
2038 11. 89.
2039 12. 88.
2040 13. 87.
2041 13. 87.
2042 13. 87.
2043 14. 86.
2044 14. 86.
2045 14. 86.
2046 14. 86.
2047 14. 86.
2048 14. 86.
2049 14. 86.
2050 14. 86.
2051 14. 86.
2052 14. 86.
2053 14. 86.
2054 14. 86.
2055 14. 86.
2056 14. 86.
2057 15. 85.
2058 15. 85.
2059 15. 85.
2060 15. 85.
2061 15. 85.
2062 15. 85.
2063 15. 85.
2064 15. 85.
2065 15. 85.
2066 14. 86.
2067 14. 86.
2068 14. 86.
2069 14. 86.
2070 14. 86.
2071 14. 86.
2072 14. 86.
2073 14. 86.
2074 14. 86.
2075 14. 86.
2076 14. 86.
2077 14. 86.
2078 14. 86.
2079 14. 86.
2080 14. 86.
2081 14. 86.
2082 14. 86.
2083 14. 86.
2084 14. 86.
2085 14. 86.
2086 13. 87.
2087 13. 87.
2088 13. 87.
2089 14. 86.
2090 14. 86.
2091 14. 86.
2092 13. 87.
2093 13. 87.
2094 13. 87.
2095 13. 87.
2096 13. 87.
2097 13. 87.
2098 13. 87.
2099 13. 87.
2100 13. 87.
2101 13. 87.
2102 13. 87.
2103 13. 87.
2104 13. 87.
2105 13. 87.
2106 13. 87.
2107 13. 87.
2108 13. 87.
2109 13. 87.
2110 13. 87.
2111 14. 86.
2112 14. 86.
2113 14. 86.
2114 14. 86.
2115 14. 86.
2116 14. 86.
2117 14. 86.
2118 14. 86.
2119 14. 86.
2120 14. 86.
2121 14. 86.
2122 14. 86.
2123 14. 86.
2124 14. 86.
2125 14. 86.
2126 14. 86.
2127 14. 86.
2128 14. 86.
2129 14. 86.
2130 14. 86.
2131 14. 86.
2132 13. 87.
2133 13. 87.
2134 13. 87.
2135 13. 87.
2136 13. 87.
2137 13. 87.
2138 13. 87.
2139 13. 87.
2140 13. 87.
2141 13. 87.
2142 13. 87.
2143 13. 87.
2144 13. 87.
2145 13. 87.
2146 13. 87.
2147 13. 87.
2148 14. 86.
2149 14. 86.
2150 14. 86.
2151 14. 86.
2152 14. 86.
2153 14. 86.
2154 14. 86.
2155 14. 86.
2156 14. 86.
2157 14. 86.
2158 15. 85.
2159 15. 85.
2160 15. 85.
2161 14. 86.
2162 14. 86.
2163 14. 86.
2164 14. 86.
2165 15. 85.
2166 15. 85.
2167 15. 85.
2168 15. 85.
2169 15. 85.
2170 15. 85.
2171 15. 85.
2172 15. 85.
2173 15. 85.
2174 15. 85.
2175 15. 85.
2176 15. 85.
2177 15. 85.
2178 14. 86.
2179 14. 86.
2180 14. 86.
2181 14. 86.
2182 14. 86.
2183 14. 86.
2184 14. 86.
2185 14. 86.
2186 14. 86.
2187 14. 86.
2188 14. 86.
2189 13. 87.
2190 13. 87.
2191 13. 87.
2192 13. 87.
2193 13. 87.
2194 13. 87.
2195 13. 87.
2196 13. 87.
2197 13. 87.
2198 12. 88.
2199 12. 88.
2200 12. 88.
2201 12. 88.
2202 12. 88.
2203 12. 88.
2204 12. 88.
2205 12. 88.
2206 11. 89.
2207 11. 89.
2208 11. 89.
2209 11. 89.
2210 11. 89.
2211 11. 89.
2212 11. 89.
2213 11. 89.
2214 11. 89.
2215 11. 89.
2216 11. 89.
2217 12. 88.
2218 12. 88.
2219 12. 88.
2220 12. 88.
2221 13. 87.
2222 13. 87.
2223 14. 86.
2224 14. 86.
2225 14. 86.
2226 14. 86.
2227 14. 86.
2228 14. 86.
2229 14. 86.
2230 14. 86.
2231 14. 86.
2232 14. 86.
2233 14. 86.
2234 14. 86.
2235 14. 86.
2236 14. 86.
2237 14. 86.
2238 13. 87.
2239 13. 87.
2240 13. 87.
2241 13. 87.
2242 13. 87.
2243 13. 87.
2244 13. 87.
2245 13. 87.
2246 13. 87.
2247 13. 87.
2248 13. 87.
2249 13. 87.
2250 13. 87.
2251 14. 86.
2252 14. 86.
2253 14. 86.
2254 14. 86.
2255 14. 86.
2256 14. 86.
2257 14. 86.
2258 14. 86.
2259 14. 86.
2260 14. 86.
2261 14. 86.
2262 14. 86.
2263 14. 86.
2264 14. 86.
2265 14. 86.
2266 14. 86.
2267 14. 86.
2268 14. 86.
2269 14. 86.
2270 14. 86.
2271 14. 86.
2272 14. 86.
2273 14. 86.
2274 15. 85.
2275 16. 84.
2276 16. 84.
2277 16. 84.
2278 16. 84.
2279 16. 84.
2280 16. 84.
2281 16. 84.
2282 15. 85.
2283 15. 85.
2284 15. 85.
2285 15. 85.
2286 15. 85.
2287 15. 85.
2288 15. 85.
2289 15. 85.
2290 15. 85.
2291 15. 85.
2292 15. 85.
2293 15. 85.
2294 15. 85.
2295 15. 85.
2296 15. 85.
2297 14. 86.
2298 14. 86.
2299 14. 86.
2300 14. 86.
2301 14. 86.
2302 13. 87.
2303 13. 87.
2304 13. 87.
2305 13. 87.
2306 13. 87.
2307 13. 87.
2308 13. 87.
2309 13. 87.
2310 13. 87.
2311 13. 87.
2312 13. 87.
2313 13. 87.
2314 13. 87.
2315 13. 87.
2316 13. 87.
2317 13. 87.
2318 13. 87.
2319 13. 87.
2320 13. 87.
2321 13. 87.
2322 13. 87.
2323 13. 87.
2324 13. 87.
2325 13. 87.
2326 13. 87.
2327 13. 87.
2328 13. 87.
2329 13. 87.
2330 14. 86.
2331 14. 86.
2332 14. 86.
2333 14. 86.
2334 14. 86.
2335 14. 86.
2336 13. 87.
2337 13. 87.
2338 13. 87.
2339 12. 88.
2340 12. 88.
2341 12. 88.
2342 13. 87.
2343 13. 87.
2344 13. 87.
2345 13. 87.
2346 13. 87.
2347 13. 87.
2348 13. 87.
2349 13. 87.
2350 13. 87.
2351 13. 87.
2352 12. 88.
2353 12. 88.
2354 12. 88.
2355 12. 88.
2356 12. 88.
2357 12. 88.
2358 12. 88.
2359 12. 88.
2360 12. 88.
2361 12. 88.
2362 12. 88.
2363 12. 88.
2364 12. 88.
2365 12. 88.
2366 13. 87.
2367 13. 87.
2368 13. 87.
2369 13. 87.
2370 13. 87.
2371 13. 87.
2372 13. 87.
2373 13. 87.
2374 13. 87.
2375 13. 87.
2376 13. 87.
2377 14. 86.
2378 14. 86.
2379 14. 86.
2380 14. 86.
2381 14. 86.
2382 14. 86.
2383 13. 87.
2384 13. 87.
2385 13. 87.
2386 13. 87.
2387 13. 87.
2388 13. 87.
2389 13. 87.
2390 13. 87.
2391 14. 86.
2392 14. 86.
2393 14. 86.
2394 14. 86.
2395 14. 86.
2396 14. 86.
2397 14. 86.
2398 15. 85.
2399 15. 85.
2400 14. 86.
2401 14. 86.
2402 14. 86.
2403 14. 86.
2404 14. 86.
2405 14. 86.
2406 14. 86.
2407 14. 86.
2408 14. 86.
2409 14. 86.
2410 14. 86.
2411 14. 86.
2412 13. 87.
2413 13. 87.
2414 13. 87.
2415 13. 87.
2416 13. 87.
2417 13. 87.
2418 13. 87.
2419 12. 88.
2420 13. 87.
2421 13. 87.
2422 14. 86.
2423 14. 86.
2424 14. 86.
2425 14. 86.
2426 14. 86.
2427 14. 86.
2428 14. 86.
2429 14. 86.
2430 14. 86.
2431 14. 86.
2432 14. 86.
2433 14. 86.
2434 14. 86.
2435 14. 86.
2436 14. 86.
2437 14. 86.
2438 14. 86.
2439 14. 86.
2440 14. 86.
2441 14. 86.
2442 13. 87.
2443 13. 87.
2444 13. 87.
2445 13. 87.
2446 13. 87.
2447 13. 87.
2448 13. 87.
2449 13. 87.
2450 13. 87.
2451 13. 87.
2452 13. 87.
2453 13. 87.
2454 12. 88.
2455 12. 88.
2456 12. 88.
2457 12. 88.
2458 12. 88.
2459 12. 88.
2460 12. 88.
2461 12. 88.
2462 12. 88.
2463 11. 89.
2464 11. 89.
2465 11. 89.
2466 11. 89.
2467 11. 89.
2468 11. 89.
2469 11. 89.
2470 11. 89.
2471 11. 89.
2472 11. 89.
2473 11. 89.
2474 11. 89.
2475 11. 89.
2476 11. 89.
2477 11. 89.
2478 11. 89.
2479 11. 89.
2480 11. 89.
2481 10. 90.
2482 10. 90.
2483 10. 90.
2484 10. 90.
2485 10. 90.
2486 11. 89.
2487 11. 89.
2488 11. 89.
2489 11. 89.
2490 10. 90.
2491 11. 89.
2492 11. 89.
2493 11. 89.
2494 11. 89.
2495 11. 89.
2496 11. 89.
2497 11. 89.
2498 11. 89.
2499 11. 89.
2500 11. 89.
2501 11. 89.
2502 11. 89.
2503 11. 89.
2504 11. 89.
2505 11. 89.
2506 11. 89.
2507 11. 89.
2508 11. 89.
2509 11. 89.
2510 11. 89.
2511 11. 89.
2512 11. 89.
2513 11. 89.
2514 11. 89.
2515 11. 89.
2516 11. 89.
2517 11. 89.
2518 11. 89.
2519 11. 89.
2520 11. 89.
2521 11. 89.
2522 11. 89.
2523 11. 89.
2524 12. 88.
2525 12. 88.
2526 12. 88.
2527 12. 88.
2528 12. 88.
2529 12. 88.
2530 12. 88.
2531 12. 88.
2532 12. 88.
2533 12. 88.
2534 12. 88.
2535 12. 88.
2536 12. 88.
2537 12. 88.
2538 12. 88.
2539 12. 88.
2540 12. 88.
2541 12. 88.
2542 12. 88.
2543 12. 88.
2544 12. 88.
2545 12. 88.
2546 12. 88.
2547 12. 88.
2548 13. 87.
2549 13. 87.
2550 13. 87.
2551 13. 87.
2552 14. 86.
2553 14. 86.
2554 14. 86.
2555 14. 86.
2556 14. 86.
2557 14. 86.
2558 14. 86.
2559 15. 85.
2560 15. 85.
2561 15. 85.
2562 15. 85.
2563 15. 85.
2564 15. 85.
2565 14. 86.
2566 14. 86.
2567 14. 86.
2568 14. 86.
2569 14. 86.
2570 14. 86.
2571 14. 86.
2572 14. 86.
2573 14. 86.
2574 14. 86.
2575 14. 86.
2576 14. 86.
2577 14. 86.
2578 14. 86.
2579 15. 85.
2580 15. 85.
2581 15. 85.
2582 15. 85.
2583 15. 85.
2584 16. 84.
2585 16. 84.
2586 16. 84.
2587 16. 84.
2588 16. 84.
2589 16. 84.
2590 15. 85.
2591 15. 85.
2592 15. 85.
2593 15. 85.
2594 15. 85.
2595 15. 85.
2596 15. 85.
2597 15. 85.
2598 15. 85.
2599 15. 85.
2600 15. 85.
2601 15. 85.
2602 15. 85.
2603 15. 85.
2604 15. 85.
2605 15. 85.
2606 15. 85.
2607 15. 85.
2608 15. 85.
2609 14. 86.
2610 14. 86.
2611 14. 86.
2612 14. 86.
2613 14. 86.
2614 14. 86.
2615 14. 86.
2616 14. 86.
2617 13. 87.
2618 13. 87.
2619 13. 87.
2620 13. 87.
2621 12. 88.
2622 12. 88.
2623 12. 88.
2624 12. 88.
2625 12. 88.
2626 12. 88.
2627 12. 88.
2628 12. 88.
2629 12. 88.
2630 12. 88.
2631 12. 88.
2632 12. 88.
2633 11. 89.
2634 11. 89.
2635 11. 89.
2636 11. 89.
2637 11. 89.
2638 11. 89.
2639 10. 90.
2640 10. 90.
2641 10. 90.
2642 10. 90.
2643 10. 90.
2644 11. 89.
2645 11. 89.
2646 11. 89.
2647 11. 89.
2648 11. 89.
2649 11. 89.
2650 11. 89.
2651 11. 89.
2652 11. 89.
2653 11. 89.
2654 11. 89.
2655 11. 89.
2656 11. 89.
2657 11. 89.
2658 11. 89.
2659 11. 89.
2660 11. 89.
2661 11. 89.
2662 11. 89.
2663 12. 88.
2664 12. 88.
2665 12. 88.
2666 12. 88.
2667 12. 88.
2668 12. 88.
2669 12. 88.
2670 12. 88.
2671 12. 88.
2672 12. 88.
2673 12. 88.
2674 12. 88.
2675 13. 87.
2676 13. 87.
2677 13. 87.
2678 13. 87.
2679 12. 88.
2680 12. 88.
2681 13. 87.
2682 13. 87.
2683 13. 87.
2684 13. 87.
2685 13. 87.
2686 13. 87.
2687 13. 87.
2688 13. 87.
2689 13. 87.
2690 13. 87.
2691 13. 87.
2692 13. 87.
2693 13. 87.
2694 13. 87.
2695 13. 87.
2696 13. 87.
2697 13. 87.
2698 13. 87.
2699 13. 87.
2700 14. 86.
2701 14. 86.
2702 14. 86.
2703 14. 86.
2704 14. 86.
2705 14. 86.
2706 14. 86.
2707 14. 86.
2708 14. 86.
2709 14. 86.
2710 14. 86.
2711 14. 86.
2712 14. 86.
2713 14. 86.
2714 14. 86.
2715 14. 86.
2716 14. 86.
2717 14. 86.
2718 14. 86.
2719 14. 86.
2720 14. 86.
2721 14. 86.
2722 14. 86.
2723 14. 86.
2724 13. 87.
2725 13. 87.
2726 12. 88.
2727 12. 88.
2728 12. 88.
2729 12. 88.
2730 12. 88.
2731 12. 88.
2732 12. 88.
2733 12. 88.
2734 12. 88.
2735 12. 88.
2736 12. 88.
2737 12. 88.
2738 12. 88.
2739 12. 88.
2740 12. 88.
2741 12. 88.
2742 12. 88.
2743 11. 89.
2744 11. 89.
2745 11. 89.
2746 11. 89.
2747 11. 89.
2748 11. 89.
2749 11. 89.
2750 11. 89.
2751 11. 89.
2752 11. 89.
2753 11. 89.
2754 11. 89.
2755 10. 90.
2756 10. 90.
2757 10. 90.
2758 10. 90.
2759 10. 90.
2760 10. 90.
2761 11. 89.
2762 11. 89.
2763 11. 89.
2764 10. 90.
2765 10. 90.
2766 10. 90.
2767 10. 90.
2768 10. 90.
2769 10. 90.
2770 10. 90.
2771 10. 90.
2772 10. 90.
2773 10. 90.
2774 10. 90.
2775 10. 90.
2776 10. 90.
2777 10. 90.
2778 10. 90.
2779 10. 90.
2780 10. 90.
2781 10. 90.
2782 10. 90.
2783 10. 90.
2784 10. 90.
2785 10. 90.
2786 10. 90.
2787 10. 90.
2788 10. 90.
2789 10. 90.
2790 10. 90.
2791 10. 90.
2792 10. 90.
2793 10. 90.
2794 10. 90.
2795 10. 90.
2796 10. 90.
2797 10. 90.
2798 10. 90.
2799 10. 90.
2800 10. 90.
2801 10. 90.
2802 10. 90.
2803 10. 90.
2804 10. 90.
2805 10. 90.
2806 10. 90.
2807 11. 89.
2808 11. 89.
2809 10. 90.
2810 10. 90.
2811 10. 90.
2812 10. 90.
2813 10. 90.
2814 10. 90.
2815 10. 90.
2816 10. 90.
2817 10. 90.
2818 10. 90.
2819 10. 90.
2820 11. 89.
2821 10. 90.
2822 10. 90.
2823 10. 90.
2824 10. 90.
2825 10. 90.
2826 10. 90.
2827 10. 90.
2828 10. 90.
2829 10. 90.
2830 10. 90.
2831 10. 90.
2832 10. 90.
2833 10. 90.
2834 10. 90.
2835 10. 90.
2836 10. 90.
2837 10. 90.
2838 10. 90.
2839 10. 90.
2840 10. 90.
2841 10. 90.
2842 10. 90.
2843 10. 90.
2844 10. 90.
2845 10. 90.
2846 11. 89.
2847 11. 89.
2848 11. 89.
2849 11. 89.
2850 11. 89.
2851 11. 89.
2852 11. 89.
2853 11. 89.
2854 11. 89.
2855 11. 89.
2856 11. 89.
2857 11. 89.
2858 11. 89.
2859 11. 89.
2860 11. 89.
2861 11. 89.
2862 11. 89.
2863 11. 89.
2864 11. 89.
2865 11. 89.
2866 11. 89.
2867 12. 88.
2868 12. 88.
2869 12. 88.
2870 12. 88.
2871 12. 88.
2872 12. 88.
2873 12. 88.
2874 12. 88.
2875 12. 88.
2876 12. 88.
2877 12. 88.
2878 12. 88.
2879 12. 88.
2880 12. 88.
2881 12. 88.
2882 12. 88.
2883 12. 88.
2884 12. 88.
2885 12. 88.
2886 12. 88.
2887 12. 88.
2888 12. 88.
2889 12. 88.
2890 11. 89.
2891 11. 89.
2892 11. 89.
2893 11. 89.
2894 11. 89.
2895 12. 88.
2896 12. 88.
2897 12. 88.
2898 12. 88.
2899 12. 88.
2900 12. 88.
2901 12. 88.
2902 12. 88.
2903 12. 88.
2904 12. 88.
2905 12. 88.
2906 12. 88.
2907 12. 88.
2908 12. 88.
2909 12. 88.
2910 12. 88.
2911 12. 88.
2912 12. 88.
2913 11. 89.
2914 11. 89.
2915 11. 89.
2916 11. 89.
2917 11. 89.
2918 11. 89.
2919 11. 89.
2920 11. 89.
2921 11. 89.
2922 11. 89.
2923 11. 89.
2924 11. 89.
2925 11. 89.
2926 12. 88.
2927 12. 88.
2928 12. 88.
2929 12. 88.
2930 12. 88.
2931 13. 87.
2932 13. 87.
2933 13. 87.
2934 13. 87.
2935 13. 87.
2936 13. 87.
2937 13. 87.
2938 13. 87.
2939 13. 87.
2940 13. 87.
2941 13. 87.
2942 13. 87.
2943 14. 86.
2944 14. 86.
2945 14. 86.
2946 14. 86.
2947 14. 86.
2948 14. 86.
2949 14. 86.
2950 14. 86.
2951 14. 86.
2952 14. 86.
2953 14. 86.
2954 14. 86.
2955 14. 86.
2956 14. 86.
2957 14. 86.
2958 14. 86.
2959 14. 86.
2960 14. 86.
2961 14. 86.
2962 14. 86.
2963 14. 86.
2964 14. 86.
2965 14. 86.
2966 14. 86.
2967 14. 86.
2968 13. 87.
2969 13. 87.
2970 13. 87.
2971 13. 87.
2972 13. 87.
2973 13. 87.
2974 13. 87.
2975 13. 87.
2976 13. 87.
2977 13. 87.
2978 13. 87.
2979 13. 87.
2980 13. 87.
2981 13. 87.
2982 13. 87.
2983 13. 87.
2984 13. 87.
2985 13. 87.
2986 13. 87.
2987 13. 87.
2988 13. 87.
2989 12. 88.
2990 12. 88.
2991 13. 87.
2992 13. 87.
2993 13. 87.
2994 13. 87.
2995 13. 87.
2996 13. 87.
2997 13. 87.
2998 13. 87.
2999 13. 87.
3000 13. 87.
3001 12. 88.
3002 13. 87.
3003 13. 87.
3004 13. 87.
3005 13. 87.
3006 13. 87.
3007 12. 88.
3008 12. 88.
3009 12. 88.
3010 12. 88.
3011 12. 88.
3012 12. 88.
3013 12. 88.
3014 12. 88.
3015 12. 88.
3016 12. 88.
3017 11. 89.
3018 11. 89.
3019 11. 89.
3020 11. 89.
3021 11. 89.
3022 11. 89.
3023 11. 89.
3024 11. 89.
3025 12. 88.
3026 12. 88.
3027 12. 88.
3028 12. 88.
3029 12. 88.
3030 12. 88.
3031 12. 88.
3032 12. 88.
3033 12. 88.
3034 13. 87.
3035 13. 87.
3036 13. 87.
3037 13. 87.
3038 13. 87.
3039 13. 87.
3040 13. 87.
3041 13. 87.
3042 13. 87.
3043 13. 87.
3044 13. 87.
3045 13. 87.
3046 13. 87.
3047 13. 87.
3048 13. 87.
3049 12. 88.
3050 12. 88.
3051 12. 88.
3052 13. 87.
3053 13. 87.
3054 13. 87.
3055 14. 86.
3056 14. 86.
3057 14. 86.
3058 14. 86.
3059 14. 86.
3060 15. 85.
3061 15. 85.
3062 15. 85.
3063 15. 85.
3064 15. 85.
3065 16. 84.
3066 16. 84.
3067 16. 84.
3068 16. 84.
3069 16. 84.
3070 16. 84.
3071 17. 83.
3072 17. 83.
3073 17. 83.
3074 17. 83.
3075 17. 83.
3076 18. 82.
3077 18. 82.
3078 18. 82.
3079 18. 82.
3080 18. 82.
3081 18. 82.
3082 18. 82.
3083 18. 82.
3084 17. 83.
3085 17. 83.
3086 17. 83.
3087 17. 83.
3088 17. 83.
3089 17. 83.
3090 17. 83.
3091 17. 83.
3092 17. 83.
3093 17. 83.
3094 17. 83.
3095 17. 83.
3096 17. 83.
3097 17. 83.
3098 17. 83.
3099 17. 83.
3100 17. 83.
3101 16. 84.
3102 16. 84.
3103 16. 84.
3104 16. 84.
3105 16. 84.
3106 16. 84.
3107 16. 84.
3108 16. 84.
3109 16. 84.
3110 16. 84.
3111 16. 84.
3112 16. 84.
3113 16. 84.
3114 15. 85.
3115 15. 85.
3116 15. 85.
3117 14. 86.
3118 14. 86.
3119 14. 86.
3120 14. 86.
3121 14. 86.
3122 14. 86.
3123 15. 85.
3124 15. 85.
3125 15. 85.
3126 15. 85.
3127 15. 85.
3128 15. 85.
3129 15. 85.
3130 15. 85.
3131 15. 85.
3132 15. 85.
3133 15. 85.
3134 15. 85.
3135 15. 85.
3136 14. 86.
3137 14. 86.
3138 14. 86.
3139 14. 86.
3140 14. 86.
3141 14. 86.
3142 14. 86.
3143 14. 86.
3144 14. 86.
3145 14. 86.
3146 14. 86.
3147 14. 86.
3148 15. 85.
3149 15. 85.
3150 15. 85.
3151 15. 85.
3152 15. 85.
3153 15. 85.
3154 15. 85.
3155 15. 85.
3156 15. 85.
3157 15. 85.
3158 15. 85.
3159 15. 85.
3160 15. 85.
3161 15. 85.
3162 15. 85.
3163 15. 85.
3164 15. 85.
3165 15. 85.
3166 15. 85.
3167 15. 85.
3168 15. 85.
3169 15. 85.
3170 14. 86.
3171 14. 86.
3172 15. 85.
3173 15. 85.
3174 15. 85.
3175 15. 85.
3176 15. 85.
3177 15. 85.
3178 15. 85.
3179 15. 85.
3180 15. 85.
3181 16. 84.
3182 16. 84.
3183 16. 84.
3184 16. 84.
3185 16. 84.
3186 16. 84.
3187 16. 84.
3188 16. 84.
3189 16. 84.
3190 16. 84.
3191 15. 85.
3192 15. 85.
3193 15. 85.
3194 15. 85.
3195 15. 85.
3196 15. 85.
3197 15. 85.
3198 15. 85.
3199 15. 85.
3200 15. 85.
3201 15. 85.
3202 15. 85.
3203 15. 85.
3204 16. 84.
3205 16. 84.
3206 16. 84.
3207 16. 84.
3208 16. 84.
3209 16. 84.
3210 16. 84.
3211 16. 84.
3212 16. 84.
3213 16. 84.
3214 16. 84.
3215 15. 85.
3216 15. 85.
3217 14. 86.
3218 14. 86.
3219 15. 85.
3220 15. 85.
3221 15. 85.
3222 15. 85.
3223 14. 86.
3224 14. 86.
3225 14. 86.
3226 14. 86.
3227 14. 86.
3228 14. 86.
3229 13. 87.
3230 13. 87.
3231 13. 87.
3232 13. 87.
3233 12. 88.
3234 12. 88.
3235 12. 88.
3236 12. 88.
3237 13. 87.
3238 13. 87.
3239 13. 87.
3240 13. 87.
3241 13. 87.
3242 13. 87.
3243 13. 87.
3244 13. 87.
3245 13. 87.
3246 13. 87.
3247 13. 87.
3248 13. 87.
3249 12. 88.
3250 12. 88.
3251 11. 89.
3252 11. 89.
3253 11. 89.
3254 11. 89.
3255 11. 89.
3256 11. 89.
3257 11. 89.
3258 11. 89.
3259 11. 89.
3260 11. 89.
3261 11. 89.
3262 11. 89.
3263 11. 89.
3264 11. 89.
3265 11. 89.
3266 10. 90.
3267 10. 90.
3268 9. 91.
3269 9. 91.
3270 9. 91.
3271 8. 92.
3272 8. 92.
3273 8. 92.
3274 8. 92.
3275 8. 92.
3276 8. 92.
3277 8. 92.
3278 8. 92.
3279 8. 92.
3280 8. 92.
3281 8. 92.
3282 8. 92.
3283 8. 92.
3284 8. 92.
3285 8. 92.
3286 8. 92.
3287 8. 92.
3288 7. 93.
3289 7. 93.
3290 7. 93.
3291 7. 93.
3292 7. 93.
3293 7. 93.
3294 7. 93.
3295 7. 93.
3296 7. 93.
3297 8. 92.
3298 8. 92.
3299 8. 92.
3300 8. 92.
3301 8. 92.
3302 8. 92.
3303 8. 92.
3304 7. 93.
3305 7. 93.
3306 7. 93.
3307 7. 93.
3308 7. 93.
3309 7. 93.
3310 7. 93.
3311 7. 93.
3312 7. 93.
3313 7. 93.
3314 7. 93.
3315 7. 93.
3316 7. 93.
3317 7. 93.
3318 7. 93.
3319 7. 93.
3320 7. 93.
3321 6. 94.
3322 6. 94.
3323 5. 95.
3324 5. 95.
3325 5. 95.
3326 5. 95.
3327 5. 95.
3328 5. 95.
3329 5. 95.
3330 5. 95.
3331 4. 96.
3332 4. 96.
3333 4. 96.
3334 4. 96.
3335 4. 96.
3336 4. 96.
3337 4. 96.
3338 4. 96.
3339 4. 96.
3340 4. 96.
3341 4. 96.
3342 4. 96.
3343 4. 96.
3344 4. 96.
3345 4. 96.
3346 4. 96.
3347 4. 96.
3348 5. 95.
3349 5. 95.
3350 5. 95.
3351 5. 95.
3352 5. 95.
3353 5. 95.
3354 5. 95.
3355 5. 95.
3356 5. 95.
3357 5. 95.
3358 5. 95.
3359 5. 95.
3360 5. 95.
3361 5. 95.
3362 5. 95.
3363 5. 95.
3364 5. 95.
3365 5. 95.
3366 5. 95.
3367 5. 95.
3368 5. 95.
3369 5. 95.
3370 5. 95.
3371 5. 95.
3372 5. 95.
3373 5. 95.
3374 5. 95.
3375 5. 95.
3376 5. 95.
3377 5. 95.
3378 5. 95.
3379 5. 95.
3380 5. 95.
3381 5. 95.
3382 5. 95.
3383 5. 95.
3384 5. 95.
3385 5. 95.
3386 5. 95.
3387 5. 95.
3388 5. 95.
3389 5. 95.
3390 5. 95.
3391 5. 95.
3392 5. 95.
3393 5. 95.
3394 5. 95.
3395 6. 94.
3396 6. 94.
3397 6. 94.
3398 6. 94.
3399 6. 94.
3400 6. 94.
3401 6. 94.
3402 6. 94.
3403 6. 94.
3404 6. 94.
3405 6. 94.
3406 6. 94.
3407 6. 94.
3408 6. 94.
3409 6. 94.
3410 6. 94.
3411 6. 94.
3412 6. 94.
3413 6. 94.
3414 6. 94.
3415 6. 94.
3416 6. 94.
3417 6. 94.
3418 6. 94.
3419 6. 94.
3420 6. 94.
3421 6. 94.
3422 6. 94.
3423 6. 94.
3424 6. 94.
3425 6. 94.
3426 6. 94.
3427 6. 94.
3428 6. 94.
3429 6. 94.
3430 6. 94.
3431 6. 94.
3432 6. 94.
3433 6. 94.
3434 6. 94.
3435 6. 94.
3436 6. 94.
3437 6. 94.
3438 6. 94.
3439 6. 94.
3440 6. 94.
3441 6. 94.
3442 6. 94.
3443 6. 94.
3444 6. 94.
3445 6. 94.
3446 6. 94.
3447 7. 93.
3448 7. 93.
3449 7. 93.
3450 7. 93.
3451 7. 93.
3452 7. 93.
3453 7. 93.
3454 7. 93.
3455 7. 93.
3456 7. 93.
3457 7. 93.
3458 7. 93.
3459 7. 93.
3460 7. 93.
3461 7. 93.
3462 7. 93.
3463 7. 93.
3464 7. 93.
3465 7. 93.
3466 7. 93.
3467 7. 93.
3468 7. 93.
3469 7. 93.
3470 7. 93.
3471 7. 93.
3472 7. 93.
3473 7. 93.
3474 7. 93.
3475 7. 93.
3476 7. 93.
3477 7. 93.
3478 7. 93.
3479 7. 93.
3480 7. 93.
3481 7. 93.
3482 7. 93.
3483 7. 93.
3484 7. 93.
3485 6. 94.
3486 6. 94.
3487 6. 94.
3488 6. 94.
3489 6. 94.
3490 6. 94.
3491 6. 94.
3492 6. 94.
3493 6. 94.
3494 6. 94.
3495 6. 94.
3496 6. 94.
3497 6. 94.
3498 5. 95.
3499 5. 95.
3500 5. 95.
3501 5. 95.
3502 5. 95.
3503 5. 95.
3504 5. 95.
3505 5. 95.
3506 6. 94.
3507 6. 94.
3508 6. 94.
3509 5. 95.
3510 5. 95.
3511 5. 95.
3512 5. 95.
3513 5. 95.
3514 5. 95.
3515 5. 95.
3516 5. 95.
3517 5. 95.
3518 5. 95.
3519 5. 95.
3520 5. 95.
3521 5. 95.
3522 6. 94.
3523 6. 94.
3524 6. 94.
3525 6. 94.
3526 6. 94.
3527 6. 94.
3528 6. 94.
3529 6. 94.
3530 6. 94.
3531 6. 94.
3532 6. 94.
3533 6. 94.
3534 6. 94.
3535 6. 94.
3536 6. 94.
3537 5. 95.
3538 5. 95.
3539 5. 95.
3540 5. 95.
3541 5. 95.
3542 5. 95.
3543 5. 95.
3544 5. 95.
3545 5. 95.
3546 5. 95.
3547 5. 95.
3548 5. 95.
3549 6. 94.
3550 6. 94.
3551 6. 94.
3552 6. 94.
3553 6. 94.
3554 6. 94.
3555 6. 94.
3556 6. 94.
3557 6. 94.
3558 6. 94.
3559 6. 94.
3560 6. 94.
3561 6. 94.
3562 6. 94.
3563 6. 94.
3564 6. 94.
3565 6. 94.
3566 6. 94.
3567 6. 94.
3568 6. 94.
3569 6. 94.
3570 6. 94.
3571 6. 94.
3572 6. 94.
3573 6. 94.
3574 6. 94.
3575 6. 94.
3576 6. 94.
3577 6. 94.
3578 6. 94.
3579 6. 94.
3580 6. 94.
3581 5. 95.
3582 5. 95.
3583 6. 94.
3584 6. 94.
3585 6. 94.
3586 6. 94.
3587 6. 94.
3588 6. 94.
3589 6. 94.
3590 6. 94.
3591 6. 94.
3592 6. 94.
3593 6. 94.
3594 6. 94.
3595 6. 94.
3596 6. 94.
3597 6. 94.
3598 6. 94.
3599 6. 94.
3600 6. 94.
3601 6. 94.
3602 6. 94.
3603 6. 94.
3604 6. 94.
3605 6. 94.
3606 6. 94.
3607 6. 94.
3608 6. 94.
3609 6. 94.
3610 6. 94.
3611 6. 94.
3612 6. 94.
3613 6. 94.
3614 6. 94.
3615 6. 94.
3616 6. 94.
3617 6. 94.
3618 6. 94.
3619 6. 94.
3620 6. 94.
3621 6. 94.
3622 6. 94.
3623 6. 94.
3624 6. 94.
3625 6. 94.
3626 6. 94.
3627 6. 94.
3628 6. 94.
3629 6. 94.
3630 6. 94.
3631 5. 95.
3632 5. 95.
3633 5. 95.
3634 5. 95.
3635 5. 95.
3636 5. 95.
3637 4. 96.
3638 4. 96.
3639 4. 96.
3640 4. 96.
3641 4. 96.
3642 4. 96.
3643 4. 96.
3644 4. 96.
3645 4. 96.
3646 4. 96.
3647 4. 96.
3648 4. 96.
3649 4. 96.
3650 4. 96.
3651 4. 96.
3652 4. 96.
3653 4. 96.
3654 4. 96.
3655 4. 96.
3656 4. 96.
3657 4. 96.
3658 4. 96.
3659 3. 97.
3660 3. 97.
3661 4. 96.
3662 4. 96.
3663 4. 96.
3664 4. 96.
3665 4. 96.
3666 4. 96.
3667 4. 96.
3668 4. 96.
3669 4. 96.
3670 5. 95.
3671 5. 95.
3672 5. 95.
3673 5. 95.
3674 5. 95.
3675 5. 95.
3676 5. 95.
3677 5. 95.
3678 5. 95.
3679 5. 95.
3680 5. 95.
3681 6. 94.
3682 6. 94.
3683 6. 94.
3684 6. 94.
3685 6. 94.
3686 6. 94.
3687 6. 94.
3688 6. 94.
3689 6. 94.
3690 6. 94.
3691 6. 94.
3692 6. 94.
3693 6. 94.
3694 6. 94.
3695 6. 94.
3696 6. 94.
3697 6. 94.
3698 6. 94.
3699 6. 94.
3700 6. 94.
3701 6. 94.
3702 5. 95.
3703 5. 95.
3704 5. 95.
3705 5. 95.
3706 5. 95.
3707 5. 95.
3708 5. 95.
3709 5. 95.
3710 5. 95.
3711 5. 95.
3712 5. 95.
3713 5. 95.
3714 5. 95.
3715 5. 95.
3716 5. 95.
3717 5. 95.
3718 5. 95.
3719 5. 95.
3720 5. 95.
3721 5. 95.
3722 5. 95.
3723 5. 95.
3724 5. 95.
3725 5. 95.
3726 5. 95.
3727 5. 95.
3728 5. 95.
3729 5. 95.
3730 5. 95.
3731 5. 95.
3732 5. 95.
3733 5. 95.
3734 5. 95.
3735 5. 95.
3736 5. 95.
3737 5. 95.
3738 5. 95.
3739 5. 95.
3740 5. 95.
3741 5. 95.
3742 5. 95.
3743 5. 95.
3744 5. 95.
3745 6. 94.
3746 6. 94.
3747 6. 94.
3748 6. 94.
3749 6. 94.
3750 6. 94.
3751 6. 94.
3752 6. 94.
3753 6. 94.
3754 6. 94.
3755 6. 94.
3756 6. 94.
3757 6. 94.
3758 6. 94.
3759 7. 93.
3760 7. 93.
3761 7. 93.
3762 7. 93.
3763 7. 93.
3764 7. 93.
3765 7. 93.
3766 7. 93.
3767 7. 93.
3768 7. 93.
3769 7. 93.
3770 7. 93.
3771 7. 93.
3772 7. 93.
3773 7. 93.
3774 7. 93.
3775 7. 93.
3776 7. 93.
3777 7. 93.
3778 7. 93.
3779 7. 93.
3780 7. 93.
3781 7. 93.
3782 7. 93.
3783 7. 93.
3784 7. 93.
3785 7. 93.
3786 6. 94.
3787 6. 94.
3788 6. 94.
3789 6. 94.
3790 6. 94.
3791 6. 94.
3792 6. 94.
3793 6. 94.
3794 6. 94.
3795 6. 94.
3796 6. 94.
3797 6. 94.
3798 6. 94.
3799 6. 94.
3800 6. 94.
3801 6. 94.
3802 6. 94.
3803 6. 94.
3804 6. 94.
3805 6. 94.
3806 6. 94.
3807 6. 94.
3808 6. 94.
3809 6. 94.
3810 6. 94.
3811 6. 94.
3812 6. 94.
3813 6. 94.
3814 6. 94.
3815 6. 94.
3816 7. 93.
3817 7. 93.
3818 7. 93.
3819 7. 93.
3820 7. 93.
3821 7. 93.
3822 7. 93.
3823 7. 93.
3824 7. 93.
3825 7. 93.
3826 7. 93.
3827 7. 93.
3828 7. 93.
3829 7. 93.
3830 7. 93.
3831 7. 93.
3832 7. 93.
3833 7. 93.
3834 7. 93.
3835 7. 93.
3836 7. 93.
3837 8. 92.
3838 8. 92.
3839 8. 92.
3840 7. 93.
3841 7. 93.
3842 7. 93.
3843 7. 93.
3844 7. 93.
3845 7. 93.
3846 7. 93.
3847 7. 93.
3848 7. 93.
3849 7. 93.
3850 7. 93.
3851 7. 93.
3852 7. 93.
3853 7. 93.
3854 7. 93.
3855 7. 93.
3856 7. 93.
3857 7. 93.
3858 7. 93.
3859 7. 93.
3860 7. 93.
3861 7. 93.
3862 7. 93.
3863 7. 93.
3864 7. 93.
3865 7. 93.
3866 7. 93.
3867 7. 93.
3868 7. 93.
3869 7. 93.
3870 7. 93.
3871 7. 93.
3872 7. 93.
3873 7. 93.
3874 7. 93.
3875 7. 93.
3876 7. 93.
3877 7. 93.
3878 7. 93.
3879 7. 93.
3880 7. 93.
3881 7. 93.
3882 7. 93.
3883 7. 93.
3884 7. 93.
3885 6. 94.
3886 6. 94.
3887 6. 94.
3888 6. 94.
3889 6. 94.
3890 6. 94.
3891 6. 94.
3892 6. 94.
3893 6. 94.
3894 6. 94.
3895 6. 94.
3896 6. 94.
3897 6. 94.
3898 6. 94.
3899 6. 94.
3900 6. 94.
3901 6. 94.
3902 6. 94.
3903 6. 94.
3904 6. 94.
3905 6. 94.
3906 6. 94.
3907 6. 94.
3908 6. 94.
3909 6. 94.
3910 6. 94.
3911 6. 94.
3912 6. 94.
3913 6. 94.
3914 6. 94.
3915 6. 94.
3916 6. 94.
3917 6. 94.
3918 6. 94.
3919 6. 94.
3920 5. 95.
3921 4. 96.
3922 4. 96.
3923 5. 95.
3924 5. 95.
3925 5. 95.
3926 5. 95.
3927 5. 95.
3928 5. 95.
3929 5. 95.
3930 5. 95.
3931 5. 95.
3932 4. 96.
3933 4. 96.
3934 4. 96.
3935 4. 96.
3936 4. 96.
3937 4. 96.
3938 4. 96.
3939 4. 96.
3940 4. 96.
3941 4. 96.
3942 4. 96.
3943 4. 96.
3944 4. 96.
3945 4. 96.
3946 4. 96.
3947 4. 96.
3948 4. 96.
3949 4. 96.
3950 4. 96.
3951 4. 96.
3952 4. 96.
3953 4. 96.
3954 4. 96.
3955 4. 96.
3956 4. 96.
3957 4. 96.
3958 4. 96.
3959 4. 96.
3960 4. 96.
3961 4. 96.
3962 4. 96.
3963 4. 96.
3964 4. 96.
3965 4. 96.
3966 4. 96.
3967 4. 96.
3968 4. 96.
3969 4. 96.
3970 4. 96.
3971 4. 96.
3972 4. 96.
3973 4. 96.
3974 4. 96.
3975 4. 96.
3976 4. 96.
3977 4. 96.
3978 4. 96.
3979 4. 96.
3980 4. 96.
3981 4. 96.
3982 4. 96.
3983 4. 96.
3984 4. 96.
3985 4. 96.
3986 4. 96.
3987 4. 96.
3988 4. 96.
3989 4. 96.
3990 4. 96.
3991 4. 96.
3992 4. 96.
3993 4. 96.
3994 4. 96.
3995 4. 96.
3996 4. 96.
3997 4. 96.
3998 4. 96.
3999 4. 96.
4000 4. 96.
4001 4. 96.
4002 4. 96.
4003 4. 96.
4004 4. 96.
4005 4. 96.
4006 4. 96.
4007 4. 96.
4008 4. 96.
4009 4. 96.
4010 4. 96.
4011 4. 96.
4012 4. 96.
4013 5. 95.
4014 5. 95.
4015 5. 95.
4016 5. 95.
4017 5. 95.
4018 5. 95.
4019 4. 96.
4020 4. 96.
4021 4. 96.
4022 3. 97.
4023 3. 97.
4024 3. 97.
4025 3. 97.
4026 3. 97.
4027 3. 97.
4028 3. 97.
4029 3. 97.
4030 3. 97.
4031 3. 97.
4032 3. 97.
4033 3. 97.
4034 3. 97.
4035 3. 97.
4036 3. 97.
4037 3. 97.
4038 3. 97.
4039 3. 97.
4040 3. 97.
4041 3. 97.
4042 3. 97.
4043 3. 97.
4044 3. 97.
4045 3. 97.
4046 3. 97.
4047 3. 97.
4048 3. 97.
4049 3. 97.
4050 3. 97.
4051 3. 97.
4052 3. 97.
4053 3. 97.
4054 3. 97.
4055 3. 97.
4056 3. 97.
4057 3. 97.
4058 3. 97.
4059 3. 97.
4060 3. 97.
4061 3. 97.
4062 3. 97.
4063 3. 97.
4064 3. 97.
4065 3. 97.
4066 3. 97.
4067 3. 97.
4068 3. 97.
4069 3. 97.
4070 3. 97.
4071 3. 97.
4072 3. 97.
4073 3. 97.
4074 3. 97.
4075 3. 97.
4076 3. 97.
4077 3. 97.
4078 3. 97.
4079 3. 97.
4080 3. 97.
4081 3. 97.
4082 3. 97.
4083 3. 97.
4084 3. 97.
4085 3. 97.
4086 3. 97.
4087 3. 97.
4088 3. 97.
4089 3. 97.
4090 4. 96.
4091 4. 96.
4092 4. 96.
4093 4. 96.
4094 4. 96.
4095 4. 96.
4096 4. 96.
4097 4. 96.
4098 4. 96.
4099 4. 96.
4100 4. 96.
4101 4. 96.
4102 4. 96.
4103 4. 96.
4104 4. 96.
4105 4. 96.
4106 4. 96.
4107 4. 96.
4108 4. 96.
4109 4. 96.
4110 4. 96.
4111 4. 96.
4112 4. 96.
4113 4. 96.
4114 4. 96.
4115 4. 96.
4116 4. 96.
4117 4. 96.
4118 4. 96.
4119 4. 96.
4120 4. 96.
4121 4. 96.
4122 4. 96.
4123 4. 96.
4124 4. 96.
4125 4. 96.
4126 4. 96.
4127 4. 96.
4128 4. 96.
4129 4. 96.
4130 4. 96.
4131 4. 96.
4132 4. 96.
4133 4. 96.
4134 4. 96.
4135 4. 96.
4136 4. 96.
4137 4. 96.
4138 3. 97.
4139 3. 97.
4140 3. 97.
4141 3. 97.
4142 3. 97.
4143 3. 97.
4144 3. 97.
4145 3. 97.
4146 3. 97.
4147 3. 97.
4148 4. 96.
4149 4. 96.
4150 4. 96.
4151 4. 96.
4152 4. 96.
4153 4. 96.
4154 4. 96.
4155 4. 96.
4156 4. 96.
4157 4. 96.
4158 4. 96.
4159 4. 96.
4160 5. 95.
4161 5. 95.
4162 5. 95.
4163 5. 95.
4164 5. 95.
4165 5. 95.
4166 5. 95.
4167 5. 95.
4168 5. 95.
4169 5. 95.
4170 5. 95.
4171 5. 95.
4172 5. 95.
4173 5. 95.
4174 5. 95.
4175 5. 95.
4176 5. 95.
4177 5. 95.
4178 5. 95.
4179 5. 95.
4180 5. 95.
4181 5. 95.
4182 6. 94.
4183 6. 94.
4184 6. 94.
4185 6. 94.
4186 6. 94.
4187 6. 94.
4188 6. 94.
4189 6. 94.
4190 6. 94.
4191 6. 94.
4192 6. 94.
4193 6. 94.
4194 6. 94.
4195 6. 94.
4196 6. 94.
4197 6. 94.
4198 6. 94.
4199 6. 94.
4200 6. 94.
4201 6. 94.
4202 6. 94.
4203 6. 94.
4204 6. 94.
4205 6. 94.
4206 6. 94.
4207 6. 94.
4208 6. 94.
4209 6. 94.
4210 6. 94.
4211 6. 94.
4212 6. 94.
4213 6. 94.
4214 6. 94.
4215 6. 94.
4216 6. 94.
4217 6. 94.
4218 6. 94.
4219 6. 94.
4220 6. 94.
4221 6. 94.
4222 6. 94.
4223 6. 94.
4224 6. 94.
4225 6. 94.
4226 6. 94.
4227 6. 94.
4228 6. 94.
4229 6. 94.
4230 6. 94.
4231 7. 93.
4232 7. 93.
4233 7. 93.
4234 7. 93.
4235 7. 93.
4236 7. 93.
4237 6. 94.
4238 6. 94.
4239 6. 94.
4240 6. 94.
4241 6. 94.
4242 6. 94.
4243 6. 94.
4244 6. 94.
4245 6. 94.
4246 6. 94.
4247 6. 94.
4248 6. 94.
4249 5. 95.
4250 5. 95.
4251 5. 95.
4252 5. 95.
4253 5. 95.
4254 5. 95.
4255 5. 95.
4256 5. 95.
4257 5. 95.
4258 5. 95.
4259 5. 95.
4260 5. 95.
4261 5. 95.
4262 5. 95.
4263 5. 95.
4264 5. 95.
4265 6. 94.
4266 6. 94.
4267 6. 94.
4268 6. 94.
4269 6. 94.
4270 6. 94.
4271 6. 94.
4272 6. 94.
4273 6. 94.
4274 6. 94.
4275 6. 94.
4276 6. 94.
4277 6. 94.
4278 6. 94.
4279 6. 94.
4280 6. 94.
4281 6. 94.
4282 6. 94.
4283 6. 94.
4284 6. 94.
4285 6. 94.
4286 6. 94.
4287 6. 94.
4288 6. 94.
4289 6. 94.
4290 6. 94.
4291 6. 94.
4292 6. 94.
4293 7. 93.
4294 7. 93.
4295 7. 93.
4296 7. 93.
4297 7. 93.
4298 7. 93.
4299 7. 93.
4300 7. 93.
4301 7. 93.
4302 7. 93.
4303 6. 94.
4304 6. 94.
4305 6. 94.
4306 6. 94.
4307 6. 94.
4308 6. 94.
4309 6. 94.
4310 6. 94.
4311 6. 94.
4312 6. 94.
4313 5. 95.
4314 5. 95.
4315 5. 95.
4316 5. 95.
4317 5. 95.
4318 5. 95.
4319 5. 95.
4320 5. 95.
4321 5. 95.
4322 5. 95.
4323 5. 95.
4324 5. 95.
4325 5. 95.
4326 5. 95.
4327 5. 95.
4328 5. 95.
4329 5. 95.
4330 5. 95.
4331 5. 95.
4332 5. 95.
4333 5. 95.
4334 5. 95.
4335 5. 95.
4336 6. 94.
4337 6. 94.
4338 6. 94.
4339 5. 95.
4340 5. 95.
4341 5. 95.
4342 5. 95.
4343 5. 95.
4344 5. 95.
4345 5. 95.
4346 5. 95.
4347 5. 95.
4348 5. 95.
4349 5. 95.
4350 5. 95.
4351 5. 95.
4352 6. 94.
4353 6. 94.
4354 6. 94.
4355 6. 94.
4356 6. 94.
4357 6. 94.
4358 5. 95.
4359 5. 95.
4360 5. 95.
4361 5. 95.
4362 5. 95.
4363 5. 95.
4364 5. 95.
4365 5. 95.
4366 5. 95.
4367 5. 95.
4368 5. 95.
4369 5. 95.
4370 5. 95.
4371 5. 95.
4372 5. 95.
4373 5. 95.
4374 5. 95.
4375 5. 95.
4376 5. 95.
4377 5. 95.
4378 5. 95.
4379 5. 95.
4380 5. 95.
4381 5. 95.
4382 5. 95.
4383 5. 95.
4384 5. 95.
4385 5. 95.
4386 5. 95.
4387 5. 95.
4388 5. 95.
4389 5. 95.
4390 5. 95.
4391 4. 96.
4392 4. 96.
4393 4. 96.
4394 4. 96.
4395 4. 96.
4396 4. 96.
4397 4. 96.
4398 4. 96.
4399 4. 96.
4400 4. 96.
4401 4. 96.
4402 4. 96.
4403 4. 96.
4404 4. 96.
4405 4. 96.
4406 4. 96.
4407 4. 96.
4408 4. 96.
4409 4. 96.
4410 4. 96.
4411 4. 96.
4412 4. 96.
4413 4. 96.
4414 4. 96.
4415 4. 96.
4416 4. 96.
4417 4. 96.
4418 4. 96.
4419 5. 95.
4420 5. 95.
4421 5. 95.
4422 5. 95.
4423 5. 95.
4424 4. 96.
4425 5. 95.
4426 5. 95.
4427 5. 95.
4428 5. 95.
4429 5. 95.
4430 5. 95.
4431 5. 95.
4432 5. 95.
4433 5. 95.
4434 5. 95.
4435 5. 95.
4436 5. 95.
4437 5. 95.
4438 5. 95.
4439 5. 95.
4440 5. 95.
4441 5. 95.
4442 5. 95.
4443 5. 95.
4444 5. 95.
4445 5. 95.
4446 4. 96.
4447 4. 96.
4448 4. 96.
4449 4. 96.
4450 4. 96.
4451 4. 96.
4452 4. 96.
4453 3. 97.
4454 3. 97.
4455 3. 97.
4456 3. 97.
4457 3. 97.
4458 3. 97.
4459 3. 97.
4460 4. 96.
4461 4. 96.
4462 4. 96.
4463 4. 96.
4464 4. 96.
4465 4. 96.
4466 4. 96.
4467 4. 96.
4468 4. 96.
4469 4. 96.
4470 4. 96.
4471 4. 96.
4472 4. 96.
4473 4. 96.
4474 4. 96.
4475 4. 96.
4476 4. 96.
4477 4. 96.
4478 4. 96.
4479 4. 96.
4480 4. 96.
4481 4. 96.
4482 4. 96.
4483 4. 96.
4484 4. 96.
4485 4. 96.
4486 4. 96.
4487 4. 96.
4488 4. 96.
4489 4. 96.
4490 4. 96.
4491 4. 96.
4492 4. 96.
4493 4. 96.
4494 4. 96.
4495 4. 96.
4496 4. 96.
4497 4. 96.
4498 4. 96.
4499 4. 96.
4500 4. 96.
4501 4. 96.
4502 3. 97.
4503 3. 97.
4504 3. 97.
4505 3. 97.
4506 3. 97.
4507 4. 96.
4508 4. 96.
4509 4. 96.
4510 4. 96.
4511 4. 96.
4512 4. 96.
4513 4. 96.
4514 4. 96.
4515 4. 96.
4516 4. 96.
4517 4. 96.
4518 4. 96.
4519 4. 96.
4520 4. 96.
4521 4. 96.
4522 4. 96.
4523 4. 96.
4524 4. 96.
4525 4. 96.
4526 4. 96.
4527 4. 96.
4528 4. 96.
4529 4. 96.
4530 4. 96.
4531 4. 96.
4532 4. 96.
4533 4. 96.
4534 4. 96.
4535 4. 96.
4536 4. 96.
4537 4. 96.
4538 4. 96.
4539 4. 96.
4540 4. 96.
4541 4. 96.
4542 4. 96.
4543 4. 96.
4544 4. 96.
4545 4. 96.
4546 4. 96.
4547 4. 96.
4548 4. 96.
4549 4. 96.
4550 4. 96.
4551 4. 96.
4552 4. 96.
4553 4. 96.
4554 4. 96.
4555 4. 96.
4556 4. 96.
4557 4. 96.
4558 4. 96.
4559 4. 96.
4560 4. 96.
4561 4. 96.
4562 4. 96.
4563 4. 96.
4564 4. 96.
4565 4. 96.
4566 4. 96.
4567 4. 96.
4568 4. 96.
4569 4. 96.
4570 4. 96.
4571 4. 96.
4572 4. 96.
4573 4. 96.
4574 4. 96.
4575 5. 95.
4576 5. 95.
4577 5. 95.
4578 5. 95.
4579 5. 95.
4580 5. 95.
4581 5. 95.
4582 5. 95.
4583 5. 95.
4584 5. 95.
4585 5. 95.
4586 5. 95.
4587 5. 95.
4588 5. 95.
4589 5. 95.
4590 5. 95.
4591 5. 95.
4592 6. 94.
4593 6. 94.
4594 6. 94.
4595 6. 94.
4596 6. 94.
4597 6. 94.
4598 6. 94.
4599 6. 94.
4600 6. 94.
4601 6. 94.
4602 6. 94.
4603 6. 94.
4604 6. 94.
4605 6. 94.
4606 6. 94.
4607 6. 94.
4608 5. 95.
4609 5. 95.
4610 5. 95.
4611 5. 95.
4612 5. 95.
4613 5. 95.
4614 5. 95.
4615 5. 95.
4616 5. 95.
4617 6. 94.
4618 6. 94.
4619 6. 94.
4620 6. 94.
4621 6. 94.
4622 6. 94.
4623 6. 94.
4624 6. 94.
4625 6. 94.
4626 6. 94.
4627 6. 94.
4628 6. 94.
4629 6. 94.
4630 6. 94.
4631 6. 94.
4632 6. 94.
4633 6. 94.
4634 6. 94.
4635 6. 94.
4636 6. 94.
4637 6. 94.
4638 6. 94.
4639 6. 94.
4640 6. 94.
4641 6. 94.
4642 6. 94.
4643 6. 94.
4644 6. 94.
4645 6. 94.
4646 6. 94.
4647 6. 94.
4648 6. 94.
4649 6. 94.
4650 6. 94.
4651 6. 94.
4652 6. 94.
4653 6. 94.
4654 6. 94.
4655 6. 94.
4656 7. 93.
4657 7. 93.
4658 7. 93.
4659 7. 93.
4660 7. 93.
4661 7. 93.
4662 7. 93.
4663 7. 93.
4664 7. 93.
4665 7. 93.
4666 7. 93.
4667 7. 93.
4668 7. 93.
4669 7. 93.
4670 7. 93.
4671 6. 94.
4672 5. 95.
4673 5. 95.
4674 5. 95.
4675 5. 95.
4676 5. 95.
4677 5. 95.
4678 5. 95.
4679 5. 95.
4680 5. 95.
4681 5. 95.
4682 5. 95.
4683 5. 95.
4684 5. 95.
4685 5. 95.
4686 5. 95.
4687 5. 95.
4688 4. 96.
4689 4. 96.
4690 4. 96.
4691 4. 96.
4692 4. 96.
4693 4. 96.
4694 4. 96.
4695 4. 96.
4696 4. 96.
4697 4. 96.
4698 4. 96.
4699 4. 96.
4700 4. 96.
4701 4. 96.
4702 4. 96.
4703 4. 96.
4704 4. 96.
4705 4. 96.
4706 4. 96.
4707 4. 96.
4708 4. 96.
4709 4. 96.
4710 4. 96.
4711 4. 96.
4712 3. 97.
4713 3. 97.
4714 3. 97.
4715 3. 97.
4716 3. 97.
4717 3. 97.
4718 3. 97.
4719 3. 97.
4720 3. 97.
4721 3. 97.
4722 3. 97.
4723 3. 97.
4724 3. 97.
4725 3. 97.
4726 3. 97.
4727 3. 97.
4728 3. 97.
4729 3. 97.
4730 3. 97.
4731 3. 97.
4732 3. 97.
4733 3. 97.
4734 3. 97.
4735 3. 97.
4736 3. 97.
4737 3. 97.
4738 3. 97.
4739 3. 97.
4740 3. 97.
4741 3. 97.
4742 3. 97.
4743 3. 97.
4744 3. 97.
4745 3. 97.
4746 3. 97.
4747 3. 97.
4748 3. 97.
4749 3. 97.
4750 3. 97.
4751 3. 97.
4752 3. 97.
4753 3. 97.
4754 3. 97.
4755 3. 97.
4756 3. 97.
4757 3. 97.
4758 3. 97.
4759 3. 97.
4760 3. 97.
4761 3. 97.
4762 3. 97.
4763 3. 97.
4764 3. 97.
4765 3. 97.
4766 3. 97.
4767 3. 97.
4768 3. 97.
4769 3. 97.
4770 3. 97.
4771 3. 97.
4772 3. 97.
4773 3. 97.
4774 3. 97.
4775 3. 97.
4776 3. 97.
4777 3. 97.
4778 3. 97.
4779 3. 97.
4780 3. 97.
4781 3. 97.
4782 3. 97.
4783 3. 97.
4784 3. 97.
4785 2. 98.
4786 2. 98.
4787 2. 98.
4788 2. 98.
4789 2. 98.
4790 2. 98.
4791 2. 98.
4792 2. 98.
4793 2. 98.
4794 2. 98.
4795 2. 98.
4796 2. 98.
4797 2. 98.
4798 2. 98.
4799 2. 98.
4800 2. 98.
4801 2. 98.
4802 2. 98.
4803 2. 98.
4804 2. 98.
4805 2. 98.
4806 2. 98.
4807 2. 98.
4808 2. 98.
4809 2. 98.
4810 2. 98.
4811 2. 98.
4812 2. 98.
4813 2. 98.
4814 2. 98.
4815 2. 98.
4816 2. 98.
4817 2. 98.
4818 2. 98.
4819 2. 98.
4820 2. 98.
4821 2. 98.
4822 2. 98.
4823 2. 98.
4824 2. 98.
4825 2. 98.
4826 2. 98.
4827 2. 98.
4828 2. 98.
4829 2. 98.
4830 2. 98.
4831 2. 98.
4832 2. 98.
4833 2. 98.
4834 2. 98.
4835 2. 98.
4836 2. 98.
4837 2. 98.
4838 2. 98.
4839 2. 98.
4840 2. 98.
4841 2. 98.
4842 2. 98.
4843 2. 98.
4844 2. 98.
4845 2. 98.
4846 2. 98.
4847 2. 98.
4848 1. 99.
4849 1. 99.
4850 1. 99.
4851 1. 99.
4852 1. 99.
4853 1. 99.
4854 1. 99.
4855 1. 99.
4856 1. 99.
4857 1. 99.
4858 1. 99.
4859 1. 99.
4860 1. 99.
4861 1. 99.
4862 1. 99.
4863 1. 99.
4864 1. 99.
4865 1. 99.
4866 1. 99.
4867 1. 99.
4868 1. 99.
4869 1. 99.
4870 1. 99.
4871 1. 99.
4872 1. 99.
4873 1. 99.
4874 1. 99.
4875 1. 99.
4876 1. 99.
4877 1. 99.
4878 1. 99.
4879 1. 99.
4880 1. 99.
4881 1. 99.
4882 1. 99.
4883 1. 99.
4884 1. 99.
4885 1. 99.
4886 1. 99.
4887 1. 99.
4888 1. 99.
4889 1. 99.
4890 1. 99.
4891 1. 99.
4892 1. 99.
4893 1. 99.
4894 1. 99.
4895 1. 99.
4896 1. 99.
4897 1. 99.
4898 1. 99.
4899 1. 99.
4900 1. 99.
4901 1. 99.
4902 1. 99.
4903 1. 99.
4904 1. 99.
4905 1. 99.
4906 1. 99.
4907 1. 99.
4908 1. 99.
4909 1. 99.
4910 1. 99.
