0 19. 81.
1 20. 80.
2 20. 80.
3 19. 81.
4 19. 81.
5 19. 81.
6 19. 81.
7 19. 81.
8 20. 80.
9 20. 80.
10 21. 79.
11 22. 78.
12 21. 79.
13 22. 78.
14 22. 78.
15 22. 78.
16 22. 78.
17 22. 78.
18 21. 79.
19 21. 79.
20 21. 79.
21 21. 79.
22 21. 79.
23 21. 79.
24 22. 78.
25 21. 79.
26 21. 79.
27 21. 79.
28 21. 79.
29 22. 78.
30 22. 78.
31 21. 79.
32 21. 79.
33 21. 79.
34 22. 78.
35 23. 77.
36 23. 77.
37 23. 77.
38 23. 77.
39 23. 77.
40 23. 77.
41 23. 77.
42 22. 78.
43 22. 78.
44 21. 79.
45 21. 79.
46 22. 78.
47 22. 78.
48 22. 78.
49 22. 78.
50 22. 78.
51 22. 78.
52 22. 78.
53 22. 78.
54 22. 78.
55 22. 78.
56 21. 79.
57 21. 79.
58 22. 78.
59 21. 79.
60 22. 78.
61 21. 79.
62 21. 79.
63 21. 79.
64 20. 80.
65 20. 80.
66 20. 80.
67 20. 80.
68 20. 80.
69 20. 80.
70 20. 80.
71 20. 80.
72 20. 80.
73 20. 80.
74 21. 79.
75 21. 79.
76 21. 79.
77 21. 79.
78 21. 79.
79 21. 79.
80 21. 79.
81 20. 80.
82 21. 79.
83 22. 78.
84 22. 78.
85 22. 78.
86 22. 78.
87 22. 78.
88 22. 78.
89 22. 78.
90 22. 78.
91 22. 78.
92 22. 78.
93 22. 78.
94 22. 78.
95 23. 77.
96 23. 77.
97 23. 77.
98 23. 77.
99 24. 76.
100 24. 76.
101 24. 76.
102 23. 77.
103 23. 77.
104 23. 77.
105 23. 77.
106 23. 77.
107 23. 77.
108 23. 77.
109 23. 77.
110 23. 77.
111 23. 77.
112 23. 77.
113 23. 77.
114 23. 77.
115 23. 77.
116 23. 77.
117 23. 77.
118 23. 77.
119 23. 77.
120 23. 77.
121 23. 77.
122 23. 77.
123 24. 76.
124 24. 76.
125 24. 76.
126 24. 76.
127 24. 76.
128 24. 76.
129 24. 76.
130 24. 76.
131 24. 76.
132 24. 76.
133 24. 76.
134 25. 75.
135 25. 75.
136 25. 75.
137 26. 74.
138 26. 74.
139 26. 74.
140 27. 73.
141 28. 72.
142 28. 72.
143 28. 72.
144 28. 72.
145 28. 72.
146 28. 72.
147 28. 72.
148 28. 72.
149 28. 72.
150 28. 72.
151 28. 72.
152 28. 72.
153 28. 72.
154 28. 72.
155 29. 71.
156 29. 71.
157 29. 71.
158 29. 71.
159 29. 71.
160 29. 71.
161 29. 71.
162 29. 71.
163 29. 71.
164 29. 71.
165 30. 70.
166 30. 70.
167 30. 70.
168 30. 70.
169 30. 70.
170 30. 70.
171 30. 70.
172 30. 70.
173 30. 70.
174 30. 70.
175 30. 70.
176 30. 70.
177 30. 70.
178 30. 70.
179 30. 70.
180 30. 70.
181 30. 70.
182 29. 71.
183 29. 71.
184 29. 71.
185 29. 71.
186 29. 71.
187 29. 71.
188 29. 71.
189 29. 71.
190 29. 71.
191 30. 70.
192 30. 70.
193 30. 70.
194 30. 70.
195 30. 70.
196 31. 69.
197 31. 69.
198 31. 69.
199 31. 69.
200 31. 69.
201 31. 69.
202 31. 69.
203 31. 69.
204 31. 69.
205 31. 69.
206 32. 68.
207 32. 68.
208 32. 68.
209 32. 68.
210 32. 68.
211 32. 68.
212 32. 68.
213 33. 67.
214 33. 67.
215 33. 67.
216 33. 67.
217 33. 67.
218 33. 67.
219 33. 67.
220 33. 67.
221 33. 67.
222 32. 68.
223 33. 67.
224 33. 67.
225 33. 67.
226 32. 68.
227 32. 68.
228 33. 67.
229 33. 67.
230 33. 67.
231 33. 67.
232 34. 66.
233 33. 67.
234 33. 67.
235 33. 67.
236 33. 67.
237 33. 67.
238 33. 67.
239 34. 66.
240 35. 65.
241 34. 66.
242 34. 66.
243 34. 66.
244 34. 66.
245 34. 66.
246 34. 66.
247 34. 66.
248 35. 65.
249 34. 66.
250 34. 66.
251 34. 66.
252 33. 67.
253 33. 67.
254 32. 68.
255 32. 68.
256 33. 67.
257 33. 67.
258 33. 67.
259 33. 67.
260 34. 66.
261 34. 66.
262 34. 66.
263 34. 66.
264 34. 66.
265 35. 65.
266 35. 65.
267 36. 64.
268 36. 64.
269 36. 64.
270 36. 64.
271 36. 64.
272 36. 64.
273 36. 64.
274 36. 64.
275 36. 64.
276 36. 64.
277 36. 64.
278 36. 64.
279 36. 64.
280 36. 64.
281 36. 64.
282 37. 63.
283 37. 63.
284 37. 63.
285 37. 63.
286 37. 63.
287 37. 63.
288 37. 63.
289 36. 64.
290 36. 64.
291 36. 64.
292 37. 63.
293 37. 63.
294 37. 63.
295 37. 63.
296 36. 64.
297 37. 63.
298 37. 63.
299 37. 63.
300 37. 63.
301 37. 63.
302 37. 63.
303 36. 64.
304 36. 64.
305 36. 64.
306 36. 64.
307 37. 63.
308 37. 63.
309 37. 63.
310 37. 63.
311 37. 63.
312 37. 63.
313 37. 63.
314 37. 63.
315 37. 63.
316 37. 63.
317 37. 63.
318 37. 63.
319 37. 63.
320 37. 63.
321 37. 63.
322 37. 63.
323 37. 63.
324 38. 62.
325 38. 62.
326 38. 62.
327 38. 62.
328 38. 62.
329 38. 62.
330 38. 62.
331 38. 62.
332 38. 62.
333 38. 62.
334 38. 62.
335 37. 63.
336 37. 63.
337 37. 63.
338 37. 63.
339 37. 63.
340 37. 63.
341 37. 63.
342 37. 63.
343 37. 63.
344 37. 63.
345 36. 64.
346 36. 64.
347 36. 64.
348 36. 64.
349 37. 63.
350 37. 63.
351 37. 63.
352 37. 63.
353 37. 63.
354 37. 63.
355 37. 63.
356 37. 63.
357 37. 63.
358 37. 63.
359 36. 64.
360 36. 64.
361 35. 65.
362 35. 65.
363 35. 65.
364 34. 66.
365 34. 66.
366 34. 66.
367 34. 66.
368 34. 66.
369 34. 66.
370 33. 67.
371 33. 67.
372 32. 68.
373 32. 68.
374 32. 68.
375 31. 69.
376 31. 69.
377 31. 69.
378 31. 69.
379 31. 69.
380 31. 69.
381 31. 69.
382 31. 69.
383 31. 69.
384 31. 69.
385 31. 69.
386 30. 70.
387 30. 70.
388 30. 70.
389 31. 69.
390 31. 69.
391 31. 69.
392 31. 69.
393 31. 69.
394 31. 69.
395 31. 69.
396 31. 69.
397 31. 69.
398 30. 70.
399 30. 70.
400 29. 71.
401 30. 70.
402 31. 69.
403 31. 69.
404 31. 69.
405 31. 69.
406 31. 69.
407 31. 69.
408 31. 69.
409 32. 68.
410 32. 68.
411 32. 68.
412 32. 68.
413 32. 68.
414 33. 67.
415 32. 68.
416 32. 68.
417 32. 68.
418 32. 68.
419 32. 68.
420 32. 68.
421 32. 68.
422 33. 67.
423 33. 67.
424 33. 67.
425 33. 67.
426 33. 67.
427 34. 66.
428 33. 67.
429 33. 67.
430 34. 66.
431 34. 66.
432 34. 66.
433 34. 66.
434 35. 65.
435 35. 65.
436 34. 66.
437 34. 66.
438 34. 66.
439 34. 66.
440 34. 66.
441 34. 66.
442 34. 66.
443 34. 66.
444 34. 66.
445 35. 65.
446 35. 65.
447 35. 65.
448 35. 65.
449 35. 65.
450 35. 65.
451 35. 65.
452 35. 65.
453 35. 65.
454 36. 64.
455 36. 64.
456 35. 65.
457 35. 65.
458 35. 65.
459 35. 65.
460 36. 64.
461 36. 64.
462 36. 64.
463 36. 64.
464 36. 64.
465 36. 64.
466 36. 64.
467 36. 64.
468 36. 64.
469 35. 65.
470 34. 66.
471 33. 67.
472 32. 68.
473 32. 68.
474 32. 68.
475 32. 68.
476 32. 68.
477 32. 68.
478 33. 67.
479 33. 67.
480 33. 67.
481 33. 67.
482 33. 67.
483 33. 67.
484 33. 67.
485 33. 67.
486 34. 66.
487 34. 66.
488 33. 67.
489 33. 67.
490 33. 67.
491 33. 67.
492 33. 67.
493 33. 67.
494 32. 68.
495 32. 68.
496 32. 68.
497 31. 69.
498 32. 68.
499 32. 68.
500 32. 68.
501 32. 68.
502 32. 68.
503 33. 67.
504 33. 67.
505 33. 67.
506 32. 68.
507 33. 67.
508 33. 67.
509 33. 67.
510 33. 67.
511 33. 67.
512 33. 67.
513 33. 67.
514 33. 67.
515 34. 66.
516 34. 66.
517 34. 66.
518 34. 66.
519 34. 66.
520 34. 66.
521 34. 66.
522 34. 66.
523 34. 66.
524 34. 66.
525 34. 66.
526 34. 66.
527 35. 65.
528 35. 65.
529 35. 65.
530 34. 66.
531 33. 67.
532 33. 67.
533 33. 67.
534 33. 67.
535 33. 67.
536 33. 67.
537 33. 67.
538 33. 67.
539 32. 68.
540 32. 68.
541 32. 68.
542 32. 68.
543 32. 68.
544 32. 68.
545 32. 68.
546 32. 68.
547 33. 67.
548 33. 67.
549 33. 67.
550 33. 67.
551 33. 67.
552 33. 67.
553 34. 66.
554 34. 66.
555 34. 66.
556 34. 66.
557 34. 66.
558 35. 65.
559 35. 65.
560 36. 64.
561 35. 65.
562 35. 65.
563 35. 65.
564 35. 65.
565 35. 65.
566 35. 65.
567 35. 65.
568 35. 65.
569 36. 64.
570 37. 63.
571 37. 63.
572 37. 63.
573 37. 63.
574 37. 63.
575 37. 63.
576 37. 63.
577 37. 63.
578 36. 64.
579 36. 64.
580 36. 64.
581 36. 64.
582 36. 64.
583 36. 64.
584 36. 64.
585 36. 64.
586 36. 64.
587 36. 64.
588 36. 64.
589 37. 63.
590 37. 63.
591 37. 63.
592 37. 63.
593 37. 63.
594 37. 63.
595 37. 63.
596 37. 63.
597 37. 63.
598 37. 63.
599 37. 63.
600 37. 63.
601 37. 63.
602 36. 64.
603 36. 64.
604 37. 63.
605 36. 64.
606 36. 64.
607 36. 64.
608 35. 65.
609 35. 65.
610 36. 64.
611 36. 64.
612 36. 64.
613 36. 64.
614 36. 64.
615 37. 63.
616 37. 63.
617 37. 63.
618 38. 62.
619 37. 63.
620 37. 63.
621 37. 63.
622 37. 63.
623 37. 63.
624 37. 63.
625 36. 64.
626 36. 64.
627 36. 64.
628 37. 63.
629 37. 63.
630 37. 63.
631 37. 63.
632 37. 63.
633 37. 63.
634 37. 63.
635 37. 63.
636 37. 63.
637 37. 63.
638 37. 63.
639 37. 63.
640 37. 63.
641 38. 62.
642 38. 62.
643 38. 62.
644 38. 62.
645 38. 62.
646 38. 62.
647 38. 62.
648 38. 62.
649 38. 62.
650 37. 63.
651 36. 64.
652 36. 64.
653 36. 64.
654 37. 63.
655 38. 62.
656 37. 63.
657 36. 64.
658 36. 64.
659 36. 64.
660 36. 64.
661 36. 64.
662 36. 64.
663 36. 64.
664 36. 64.
665 37. 63.
666 36. 64.
667 36. 64.
668 36. 64.
669 35. 65.
670 35. 65.
671 35. 65.
672 35. 65.
673 35. 65.
674 35. 65.
675 35. 65.
676 35. 65.
677 34. 66.
678 33. 67.
679 33. 67.
680 33. 67.
681 33. 67.
682 33. 67.
683 33. 67.
684 33. 67.
685 33. 67.
686 33. 67.
687 33. 67.
688 33. 67.
689 33. 67.
690 33. 67.
691 33. 67.
692 32. 68.
693 32. 68.
694 32. 68.
695 32. 68.
696 32. 68.
697 32. 68.
698 33. 67.
699 33. 67.
700 33. 67.
701 33. 67.
702 33. 67.
703 33. 67.
704 34. 66.
705 34. 66.
706 34. 66.
707 34. 66.
708 34. 66.
709 35. 65.
710 35. 65.
711 35. 65.
712 35. 65.
713 35. 65.
714 36. 64.
715 36. 64.
716 35. 65.
717 35. 65.
718 35. 65.
719 35. 65.
720 35. 65.
721 35. 65.
722 35. 65.
723 35. 65.
724 35. 65.
725 35. 65.
726 36. 64.
727 36. 64.
728 36. 64.
729 36. 64.
730 36. 64.
731 36. 64.
732 36. 64.
733 36. 64.
734 36. 64.
735 37. 63.
736 37. 63.
737 37. 63.
738 37. 63.
739 38. 62.
740 38. 62.
741 38. 62.
742 38. 62.
743 38. 62.
744 39. 61.
745 39. 61.
746 39. 61.
747 39. 61.
748 40. 60.
749 40. 60.
750 41. 59.
751 40. 60.
752 41. 59.
753 41. 59.
754 41. 59.
755 41. 59.
756 40. 60.
757 40. 60.
758 40. 60.
759 40. 60.
760 39. 61.
761 38. 62.
762 37. 63.
763 37. 63.
764 38. 62.
765 38. 62.
766 38. 62.
767 38. 62.
768 38. 62.
769 38. 62.
770 38. 62.
771 38. 62.
772 38. 62.
773 38. 62.
774 38. 62.
775 37. 63.
776 37. 63.
777 37. 63.
778 37. 63.
779 37. 63.
780 37. 63.
781 37. 63.
782 36. 64.
783 36. 64.
784 35. 65.
785 36. 64.
786 36. 64.
787 36. 64.
788 36. 64.
789 36. 64.
790 35. 65.
791 35. 65.
792 35. 65.
793 35. 65.
794 35. 65.
795 35. 65.
796 35. 65.
797 36. 64.
798 36. 64.
799 36. 64.
800 37. 63.
801 37. 63.
802 38. 62.
803 38. 62.
804 38. 62.
805 38. 62.
806 38. 62.
807 38. 62.
808 38. 62.
809 38. 62.
810 38. 62.
811 38. 62.
812 39. 61.
813 39. 61.
814 39. 61.
815 39. 61.
816 39. 61.
817 40. 60.
818 41. 59.
819 41. 59.
820 41. 59.
821 41. 59.
822 41. 59.
823 41. 59.
824 41. 59.
825 41. 59.
826 41. 59.
827 41. 59.
828 41. 59.
829 41. 59.
830 41. 59.
831 41. 59.
832 41. 59.
833 41. 59.
834 41. 59.
835 41. 59.
836 41. 59.
837 41. 59.
838 41. 59.
839 41. 59.
840 41. 59.
841 41. 59.
842 40. 60.
843 40. 60.
844 40. 60.
845 40. 60.
846 40. 60.
847 40. 60.
848 40. 60.
849 40. 60.
850 40. 60.
851 40. 60.
852 40. 60.
853 40. 60.
854 39. 61.
855 39. 61.
856 40. 60.
857 40. 60.
858 40. 60.
859 40. 60.
860 39. 61.
861 39. 61.
862 39. 61.
863 39. 61.
864 38. 62.
865 38. 62.
866 38. 62.
867 38. 62.
868 38. 62.
869 38. 62.
870 39. 61.
871 39. 61.
872 39. 61.
873 38. 62.
874 39. 61.
875 39. 61.
876 38. 62.
877 38. 62.
878 38. 62.
879 39. 61.
880 39. 61.
881 39. 61.
882 39. 61.
883 39. 61.
884 39. 61.
885 39. 61.
886 39. 61.
887 40. 60.
888 39. 61.
889 40. 60.
890 40. 60.
891 40. 60.
892 40. 60.
893 39. 61.
894 39. 61.
895 38. 62.
896 38. 62.
897 38. 62.
898 38. 62.
899 38. 62.
900 38. 62.
901 38. 62.
902 39. 61.
903 40. 60.
904 40. 60.
905 41. 59.
906 41. 59.
907 41. 59.
908 41. 59.
909 41. 59.
910 41. 59.
911 41. 59.
912 41. 59.
913 42. 58.
914 41. 59.
915 41. 59.
916 41. 59.
917 42. 58.
918 41. 59.
919 41. 59.
920 41. 59.
921 41. 59.
922 41. 59.
923 41. 59.
924 40. 60.
925 40. 60.
926 41. 59.
927 41. 59.
928 41. 59.
929 41. 59.
930 41. 59.
931 41. 59.
932 41. 59.
933 41. 59.
934 40. 60.
935 40. 60.
936 40. 60.
937 40. 60.
938 40. 60.
939 40. 60.
940 40. 60.
941 39. 61.
942 38. 62.
943 38. 62.
944 38. 62.
945 38. 62.
946 39. 61.
947 39. 61.
948 39. 61.
949 39. 61.
950 39. 61.
951 39. 61.
952 39. 61.
953 39. 61.
954 39. 61.
955 39. 61.
956 39. 61.
957 39. 61.
958 38. 62.
959 38. 62.
960 38. 62.
961 38. 62.
962 38. 62.
963 38. 62.
964 39. 61.
965 38. 62.
966 38. 62.
967 38. 62.
968 38. 62.
969 38. 62.
970 38. 62.
971 38. 62.
972 38. 62.
973 38. 62.
974 38. 62.
975 38. 62.
976 39. 61.
977 39. 61.
978 39. 61.
979 39. 61.
980 39. 61.
981 40. 60.
982 41. 59.
983 42. 58.
984 41. 59.
985 42. 58.
986 42. 58.
987 42. 58.
988 42. 58.
989 42. 58.
990 42. 58.
991 41. 59.
992 40. 60.
993 40. 60.
994 40. 60.
995 39. 61.
996 39. 61.
997 40. 60.
998 40. 60.
999 40. 60.
1000 40. 60.
1001 41. 59.
1002 41. 59.
1003 41. 59.
1004 41. 59.
1005 41. 59.
1006 41. 59.
1007 41. 59.
1008 41. 59.
1009 41. 59.
1010 41. 59.
1011 41. 59.
1012 41. 59.
1013 41. 59.
1014 41. 59.
1015 41. 59.
1016 41. 59.
1017 41. 59.
1018 41. 59.
1019 41. 59.
1020 41. 59.
1021 41. 59.
1022 42. 58.
1023 42. 58.
1024 42. 58.
1025 42. 58.
1026 42. 58.
1027 42. 58.
1028 42. 58.
1029 42. 58.
1030 42. 58.
1031 43. 57.
1032 43. 57.
1033 43. 57.
1034 43. 57.
1035 43. 57.
1036 43. 57.
1037 43. 57.
1038 43. 57.
1039 43. 57.
1040 43. 57.
1041 43. 57.
1042 43. 57.
1043 43. 57.
1044 43. 57.
1045 42. 58.
1046 42. 58.
1047 42. 58.
1048 42. 58.
1049 42. 58.
1050 42. 58.
1051 42. 58.
1052 42. 58.
1053 42. 58.
1054 42. 58.
1055 42. 58.
1056 42. 58.
1057 42. 58.
1058 42. 58.
1059 41. 59.
1060 41. 59.
1061 41. 59.
1062 41. 59.
1063 42. 58.
1064 41. 59.
1065 41. 59.
1066 41. 59.
1067 41. 59.
1068 41. 59.
1069 41. 59.
1070 41. 59.
1071 40. 60.
1072 40. 60.
1073 40. 60.
1074 41. 59.
1075 40. 60.
1076 41. 59.
1077 41. 59.
1078 41. 59.
1079 41. 59.
1080 41. 59.
1081 41. 59.
1082 41. 59.
1083 41. 59.
1084 41. 59.
1085 42. 58.
1086 43. 57.
1087 43. 57.
1088 43. 57.
1089 43. 57.
1090 43. 57.
1091 43. 57.
1092 43. 57.
1093 43. 57.
1094 43. 57.
1095 43. 57.
1096 43. 57.
1097 43. 57.
1098 43. 57.
1099 42. 58.
1100 43. 57.
1101 43. 57.
1102 43. 57.
1103 42. 58.
1104 43. 57.
1105 44. 56.
1106 44. 56.
1107 44. 56.
1108 43. 57.
1109 43. 57.
1110 43. 57.
1111 44. 56.
1112 44. 56.
1113 44. 56.
1114 43. 57.
1115 43. 57.
1116 43. 57.
1117 43. 57.
1118 43. 57.
1119 42. 58.
1120 42. 58.
1121 41. 59.
1122 42. 58.
1123 42. 58.
1124 42. 58.
1125 42. 58.
1126 42. 58.
1127 42. 58.
1128 42. 58.
1129 43. 57.
1130 42. 58.
1131 41. 59.
1132 42. 58.
1133 42. 58.
1134 42. 58.
1135 43. 57.
1136 42. 58.
1137 43. 57.
1138 42. 58.
1139 41. 59.
1140 41. 59.
1141 40. 60.
1142 40. 60.
1143 40. 60.
1144 40. 60.
1145 41. 59.
1146 41. 59.
1147 41. 59.
1148 40. 60.
1149 40. 60.
1150 40. 60.
1151 39. 61.
1152 39. 61.
1153 38. 62.
1154 38. 62.
1155 38. 62.
1156 38. 62.
1157 38. 62.
1158 39. 61.
1159 39. 61.
1160 39. 61.
1161 39. 61.
1162 39. 61.
1163 39. 61.
1164 39. 61.
1165 40. 60.
1166 40. 60.
1167 40. 60.
1168 40. 60.
1169 40. 60.
1170 40. 60.
1171 41. 59.
1172 40. 60.
1173 40. 60.
1174 41. 59.
1175 41. 59.
1176 41. 59.
1177 41. 59.
1178 41. 59.
1179 41. 59.
1180 41. 59.
1181 41. 59.
1182 40. 60.
1183 40. 60.
1184 40. 60.
1185 39. 61.
1186 38. 62.
1187 38. 62.
1188 38. 62.
1189 37. 63.
1190 37. 63.
1191 37. 63.
1192 37. 63.
1193 38. 62.
1194 38. 62.
1195 38. 62.
1196 38. 62.
1197 39. 61.
1198 39. 61.
1199 39. 61.
1200 40. 60.
1201 41. 59.
1202 41. 59.
1203 41. 59.
1204 40. 60.
1205 40. 60.
1206 40. 60.
1207 41. 59.
1208 41. 59.
1209 41. 59.
1210 41. 59.
1211 42. 58.
1212 43. 57.
1213 43. 57.
1214 44. 56.
1215 44. 56.
1216 44. 56.
1217 45. 55.
1218 45. 55.
1219 45. 55.
1220 46. 54.
1221 46. 54.
1222 46. 54.
1223 46. 54.
1224 46. 54.
1225 46. 54.
1226 46. 54.
1227 46. 54.
1228 46. 54.
1229 46. 54.
1230 46. 54.
1231 45. 55.
1232 46. 54.
1233 46. 54.
1234 46. 54.
1235 45. 55.
1236 45. 55.
1237 46. 54.
1238 46. 54.
1239 46. 54.
1240 47. 53.
1241 47. 53.
1242 47. 53.
1243 47. 53.
1244 47. 53.
1245 47. 53.
1246 47. 53.
1247 47. 53.
1248 47. 53.
1249 47. 53.
1250 47. 53.
1251 46. 54.
1252 46. 54.
1253 45. 55.
1254 45. 55.
1255 45. 55.
1256 45. 55.
1257 44. 56.
1258 44. 56.
1259 44. 56.
1260 44. 56.
1261 43. 57.
1262 43. 57.
1263 44. 56.
1264 44. 56.
1265 44. 56.
1266 44. 56.
1267 45. 55.
1268 45. 55.
1269 46. 54.
1270 46. 54.
1271 46. 54.
1272 45. 55.
1273 45. 55.
1274 46. 54.
1275 46. 54.
1276 47. 53.
1277 48. 52.
1278 48. 52.
1279 48. 52.
1280 48. 52.
1281 48. 52.
1282 47. 53.
1283 47. 53.
1284 48. 52.
1285 48. 52.
1286 48. 52.
1287 49. 51.
1288 49. 51.
1289 49. 51.
1290 49. 51.
1291 50. 50.
1292 50. 50.
1293 49. 51.
1294 49. 51.
1295 49. 51.
1296 49. 51.
1297 48. 52.
1298 48. 52.
1299 47. 53.
1300 47. 53.
1301 47. 53.
1302 48. 52.
1303 48. 52.
1304 48. 52.
1305 48. 52.
1306 49. 51.
1307 49. 51.
1308 49. 51.
1309 49. 51.
1310 49. 51.
1311 48. 52.
1312 48. 52.
1313 48. 52.
1314 48. 52.
1315 48. 52.
1316 48. 52.
1317 48. 52.
1318 48. 52.
1319 48. 52.
1320 48. 52.
1321 48. 52.
1322 48. 52.
1323 49. 51.
1324 49. 51.
1325 48. 52.
1326 48. 52.
1327 48. 52.
1328 48. 52.
1329 47. 53.
1330 47. 53.
1331 47. 53.
1332 48. 52.
1333 49. 51.
1334 49. 51.
1335 48. 52.
1336 47. 53.
1337 47. 53.
1338 47. 53.
1339 47. 53.
1340 47. 53.
1341 47. 53.
1342 47. 53.
1343 47. 53.
1344 46. 54.
1345 46. 54.
1346 46. 54.
1347 46. 54.
1348 46. 54.
1349 46. 54.
1350 47. 53.
1351 47. 53.
1352 47. 53.
1353 47. 53.
1354 46. 54.
1355 46. 54.
1356 45. 55.
1357 45. 55.
1358 45. 55.
1359 45. 55.
1360 45. 55.
1361 45. 55.
1362 45. 55.
1363 45. 55.
1364 44. 56.
1365 44. 56.
1366 43. 57.
1367 43. 57.
1368 43. 57.
1369 43. 57.
1370 43. 57.
1371 43. 57.
1372 43. 57.
1373 43. 57.
1374 43. 57.
1375 44. 56.
1376 44. 56.
1377 44. 56.
1378 45. 55.
1379 45. 55.
1380 45. 55.
1381 45. 55.
1382 45. 55.
1383 46. 54.
1384 46. 54.
1385 47. 53.
1386 48. 52.
1387 48. 52.
1388 48. 52.
1389 49. 51.
1390 50. 50.
1391 51. 49.
1392 51. 49.
1393 51. 49.
1394 51. 49.
1395 51. 49.
1396 51. 49.
1397 51. 49.
1398 51. 49.
1399 51. 49.
1400 51. 49.
1401 50. 50.
1402 50. 50.
1403 51. 49.
1404 51. 49.
1405 51. 49.
1406 50. 50.
1407 50. 50.
1408 50. 50.
1409 50. 50.
1410 50. 50.
1411 50. 50.
1412 50. 50.
1413 50. 50.
1414 50. 50.
1415 50. 50.
1416 50. 50.
1417 50. 50.
1418 50. 50.
1419 50. 50.
1420 51. 49.
1421 51. 49.
1422 50. 50.
1423 51. 49.
1424 51. 49.
1425 51. 49.
1426 52. 48.
1427 53. 47.
1428 53. 47.
1429 53. 47.
1430 53. 47.
1431 53. 47.
1432 53. 47.
1433 53. 47.
1434 53. 47.
1435 54. 46.
1436 54. 46.
1437 54. 46.
1438 54. 46.
1439 55. 45.
1440 55. 45.
1441 55. 45.
1442 54. 46.
1443 53. 47.
1444 54. 46.
1445 54. 46.
1446 54. 46.
1447 54. 46.
1448 54. 46.
1449 54. 46.
1450 53. 47.
1451 53. 47.
1452 53. 47.
1453 52. 48.
1454 52. 48.
1455 52. 48.
1456 52. 48.
1457 52. 48.
1458 52. 48.
1459 52. 48.
1460 52. 48.
1461 52. 48.
1462 53. 47.
1463 53. 47.
1464 52. 48.
1465 53. 47.
1466 53. 47.
1467 52. 48.
1468 53. 47.
1469 52. 48.
1470 52. 48.
1471 52. 48.
1472 52. 48.
1473 52. 48.
1474 52. 48.
1475 52. 48.
1476 52. 48.
1477 52. 48.
1478 52. 48.
1479 52. 48.
1480 52. 48.
1481 52. 48.
1482 51. 49.
1483 50. 50.
1484 50. 50.
1485 50. 50.
1486 50. 50.
1487 50. 50.
1488 50. 50.
1489 50. 50.
1490 50. 50.
1491 50. 50.
1492 49. 51.
1493 49. 51.
1494 49. 51.
1495 49. 51.
1496 49. 51.
1497 49. 51.
1498 50. 50.
1499 50. 50.
1500 50. 50.
1501 50. 50.
1502 49. 51.
1503 49. 51.
1504 49. 51.
1505 49. 51.
1506 49. 51.
1507 48. 52.
1508 49. 51.
1509 49. 51.
1510 48. 52.
1511 47. 53.
1512 47. 53.
1513 47. 53.
1514 46. 54.
1515 46. 54.
1516 47. 53.
1517 47. 53.
1518 46. 54.
1519 46. 54.
1520 46. 54.
1521 46. 54.
1522 46. 54.
1523 46. 54.
1524 45. 55.
1525 44. 56.
1526 44. 56.
1527 44. 56.
1528 44. 56.
1529 44. 56.
1530 44. 56.
1531 44. 56.
1532 44. 56.
1533 44. 56.
1534 43. 57.
1535 43. 57.
1536 43. 57.
1537 44. 56.
1538 44. 56.
1539 44. 56.
1540 43. 57.
1541 43. 57.
1542 43. 57.
1543 43. 57.
1544 43. 57.
1545 44. 56.
1546 44. 56.
1547 44. 56.
1548 44. 56.
1549 44. 56.
1550 44. 56.
1551 44. 56.
1552 44. 56.
1553 44. 56.
1554 45. 55.
1555 45. 55.
1556 45. 55.
1557 45. 55.
1558 45. 55.
1559 45. 55.
1560 45. 55.
1561 45. 55.
1562 45. 55.
1563 45. 55.
1564 45. 55.
1565 45. 55.
1566 45. 55.
1567 45. 55.
1568 45. 55.
1569 45. 55.
1570 45. 55.
1571 45. 55.
1572 45. 55.
1573 46. 54.
1574 46. 54.
1575 46. 54.
1576 46. 54.
1577 46. 54.
1578 45. 55.
1579 45. 55.
1580 45. 55.
1581 44. 56.
1582 44. 56.
1583 44. 56.
1584 44. 56.
1585 44. 56.
1586 43. 57.
1587 43. 57.
1588 43. 57.
1589 43. 57.
1590 43. 57.
1591 42. 58.
1592 41. 59.
1593 41. 59.
1594 41. 59.
1595 42. 58.
1596 41. 59.
1597 41. 59.
1598 41. 59.
1599 41. 59.
1600 41. 59.
1601 40. 60.
1602 40. 60.
1603 40. 60.
1604 40. 60.
1605 41. 59.
1606 41. 59.
1607 41. 59.
1608 41. 59.
1609 41. 59.
1610 40. 60.
1611 41. 59.
1612 40. 60.
1613 40. 60.
1614 39. 61.
1615 39. 61.
1616 39. 61.
1617 39. 61.
1618 39. 61.
1619 39. 61.
1620 39. 61.
1621 39. 61.
1622 39. 61.
1623 40. 60.
1624 39. 61.
1625 39. 61.
1626 39. 61.
1627 40. 60.
1628 40. 60.
1629 41. 59.
1630 41. 59.
1631 42. 58.
1632 42. 58.
1633 42. 58.
1634 43. 57.
1635 43. 57.
1636 43. 57.
1637 43. 57.
1638 42. 58.
1639 42. 58.
1640 42. 58.
1641 42. 58.
1642 42. 58.
1643 42. 58.
1644 43. 57.
1645 42. 58.
1646 41. 59.
1647 42. 58.
1648 42. 58.
1649 42. 58.
1650 42. 58.
1651 42. 58.
1652 41. 59.
1653 40. 60.
1654 40. 60.
1655 40. 60.
1656 40. 60.
1657 39. 61.
1658 39. 61.
1659 39. 61.
1660 40. 60.
1661 40. 60.
1662 40. 60.
1663 40. 60.
1664 40. 60.
1665 41. 59.
1666 41. 59.
1667 41. 59.
1668 41. 59.
1669 41. 59.
1670 41. 59.
1671 41. 59.
1672 41. 59.
1673 41. 59.
1674 41. 59.
1675 41. 59.
1676 41. 59.
1677 42. 58.
1678 42. 58.
1679 42. 58.
1680 43. 57.
1681 43. 57.
1682 43. 57.
1683 43. 57.
1684 43. 57.
1685 43. 57.
1686 43. 57.
1687 43. 57.
1688 42. 58.
1689 42. 58.
1690 42. 58.
1691 42. 58.
1692 42. 58.
1693 42. 58.
1694 42. 58.
1695 41. 59.
1696 41. 59.
1697 41. 59.
1698 41. 59.
1699 41. 59.
1700 41. 59.
1701 41. 59.
1702 41. 59.
1703 41. 59.
1704 41. 59.
1705 40. 60.
1706 40. 60.
1707 39. 61.
1708 39. 61.
1709 39. 61.
1710 39. 61.
1711 40. 60.
1712 40. 60.
1713 41. 59.
1714 41. 59.
1715 41. 59.
1716 41. 59.
1717 41. 59.
1718 41. 59.
1719 41. 59.
1720 41. 59.
1721 41. 59.
1722 41. 59.
1723 40. 60.
1724 40. 60.
1725 40. 60.
1726 40. 60.
1727 41. 59.
1728 40. 60.
1729 40. 60.
1730 41. 59.
1731 41. 59.
1732 41. 59.
1733 41. 59.
1734 41. 59.
1735 41. 59.
1736 41. 59.
1737 41. 59.
1738 41. 59.
1739 41. 59.
1740 41. 59.
1741 42. 58.
1742 42. 58.
1743 42. 58.
1744 42. 58.
1745 42. 58.
1746 42. 58.
1747 42. 58.
1748 42. 58.
1749 42. 58.
1750 42. 58.
1751 42. 58.
1752 42. 58.
1753 43. 57.
1754 43. 57.
1755 43. 57.
1756 43. 57.
1757 43. 57.
1758 43. 57.
1759 43. 57.
1760 43. 57.
1761 43. 57.
1762 42. 58.
1763 42. 58.
1764 42. 58.
1765 42. 58.
1766 43. 57.
1767 44. 56.
1768 44. 56.
1769 44. 56.
1770 44. 56.
1771 43. 57.
1772 43. 57.
1773 44. 56.
1774 44. 56.
1775 44. 56.
1776 44. 56.
1777 44. 56.
1778 44. 56.
1779 44. 56.
1780 44. 56.
1781 44. 56.
1782 45. 55.
1783 46. 54.
1784 46. 54.
1785 46. 54.
1786 46. 54.
1787 46. 54.
1788 47. 53.
1789 46. 54.
1790 46. 54.
1791 46. 54.
1792 46. 54.
1793 46. 54.
1794 47. 53.
1795 47. 53.
1796 46. 54.
1797 46. 54.
1798 46. 54.
1799 47. 53.
1800 47. 53.
1801 47. 53.
1802 47. 53.
1803 47. 53.
1804 48. 52.
1805 48. 52.
1806 48. 52.
1807 48. 52.
1808 48. 52.
1809 48. 52.
1810 49. 51.
1811 49. 51.
1812 50. 50.
1813 51. 49.
1814 52. 48.
1815 52. 48.
1816 53. 47.
1817 53. 47.
1818 53. 47.
1819 53. 47.
1820 53. 47.
1821 53. 47.
1822 53. 47.
1823 53. 47.
1824 53. 47.
1825 53. 47.
1826 53. 47.
1827 53. 47.
1828 53. 47.
1829 53. 47.
1830 53. 47.
1831 53. 47.
1832 53. 47.
1833 53. 47.
1834 53. 47.
1835 52. 48.
1836 53. 47.
1837 53. 47.
1838 53. 47.
1839 53. 47.
1840 53. 47.
1841 53. 47.
1842 53. 47.
1843 53. 47.
1844 53. 47.
1845 53. 47.
1846 53. 47.
1847 53. 47.
1848 53. 47.
1849 54. 46.
1850 54. 46.
1851 54. 46.
1852 54. 46.
1853 54. 46.
1854 54. 46.
1855 53. 47.
1856 53. 47.
1857 53. 47.
1858 53. 47.
1859 53. 47.
1860 54. 46.
1861 54. 46.
1862 54. 46.
1863 54. 46.
1864 54. 46.
1865 54. 46.
1866 54. 46.
1867 54. 46.
1868 54. 46.
1869 54. 46.
1870 55. 45.
1871 55. 45.
1872 56. 44.
1873 56. 44.
1874 56. 44.
1875 55. 45.
1876 55. 45.
1877 55. 45.
1878 55. 45.
1879 55. 45.
1880 55. 45.
1881 55. 45.
1882 55. 45.
1883 55. 45.
1884 55. 45.
1885 55. 45.
1886 55. 45.
1887 55. 45.
1888 55. 45.
1889 55. 45.
1890 55. 45.
1891 54. 46.
1892 54. 46.
1893 54. 46.
1894 53. 47.
1895 53. 47.
1896 53. 47.
1897 53. 47.
1898 53. 47.
1899 53. 47.
1900 53. 47.
1901 53. 47.
1902 53. 47.
1903 52. 48.
1904 52. 48.
1905 52. 48.
1906 52. 48.
1907 52. 48.
1908 52. 48.
1909 53. 47.
1910 53. 47.
1911 53. 47.
1912 53. 47.
1913 52. 48.
1914 52. 48.
1915 52. 48.
1916 52. 48.
1917 52. 48.
1918 52. 48.
1919 51. 49.
1920 51. 49.
1921 51. 49.
1922 51. 49.
1923 51. 49.
1924 51. 49.
1925 51. 49.
1926 51. 49.
1927 51. 49.
1928 51. 49.
1929 50. 50.
1930 50. 50.
1931 50. 50.
1932 51. 49.
1933 51. 49.
1934 52. 48.
1935 52. 48.
1936 52. 48.
1937 52. 48.
1938 52. 48.
1939 52. 48.
1940 51. 49.
1941 51. 49.
1942 51. 49.
1943 51. 49.
1944 51. 49.
1945 52. 48.
1946 52. 48.
1947 53. 47.
1948 53. 47.
1949 53. 47.
1950 53. 47.
1951 53. 47.
1952 53. 47.
1953 53. 47.
1954 53. 47.
1955 54. 46.
1956 54. 46.
1957 55. 45.
1958 54. 46.
1959 54. 46.
1960 54. 46.
1961 55. 45.
1962 55. 45.
1963 55. 45.
1964 55. 45.
1965 56. 44.
1966 56. 44.
1967 56. 44.
1968 56. 44.
1969 56. 44.
1970 57. 43.
1971 58. 42.
1972 58. 42.
1973 58. 42.
1974 58. 42.
1975 58. 42.
1976 59. 41.
1977 59. 41.
1978 59. 41.
1979 59. 41.
1980 59. 41.
1981 59. 41.
1982 60. 40.
1983 59. 41.
1984 59. 41.
1985 59. 41.
1986 59. 41.
1987 59. 41.
1988 60. 40.
1989 60. 40.
1990 61. 39.
1991 60. 40.
1992 60. 40.
1993 60. 40.
1994 59. 41.
1995 58. 42.
1996 58. 42.
1997 58. 42.
1998 59. 41.
1999 59. 41.
2000 59. 41.
2001 59. 41.
2002 60. 40.
2003 60. 40.
2004 61. 39.
2005 61. 39.
2006 61. 39.
2007 60. 40.
2008 60. 40.
2009 60. 40.
2010 61. 39.
2011 61. 39.
2012 61. 39.
2013 61. 39.
2014 60. 40.
2015 60. 40.
2016 60. 40.
2017 60. 40.
2018 60. 40.
2019 60. 40.
2020 59. 41.
2021 58. 42.
2022 59. 41.
2023 59. 41.
2024 59. 41.
2025 59. 41.
2026 60. 40.
2027 60. 40.
2028 60. 40.
2029 60. 40.
2030 60. 40.
2031 60. 40.
2032 60. 40.
2033 61. 39.
2034 61. 39.
2035 61. 39.
2036 62. 38.
2037 62. 38.
2038 62. 38.
2039 62. 38.
2040 62. 38.
2041 62. 38.
2042 62. 38.
2043 62. 38.
2044 62. 38.
2045 62. 38.
2046 62. 38.
2047 61. 39.
2048 61. 39.
2049 61. 39.
2050 62. 38.
2051 62. 38.
2052 62. 38.
2053 63. 37.
2054 63. 37.
2055 62. 38.
2056 63. 37.
2057 63. 37.
2058 62. 38.
2059 61. 39.
2060 61. 39.
2061 61. 39.
2062 60. 40.
2063 60. 40.
2064 59. 41.
2065 59. 41.
2066 59. 41.
2067 59. 41.
2068 58. 42.
2069 58. 42.
2070 58. 42.
2071 59. 41.
2072 59. 41.
2073 59. 41.
2074 59. 41.
2075 59. 41.
2076 59. 41.
2077 59. 41.
2078 59. 41.
2079 59. 41.
2080 58. 42.
2081 58. 42.
2082 58. 42.
2083 59. 41.
2084 59. 41.
2085 59. 41.
2086 59. 41.
2087 59. 41.
2088 59. 41.
2089 60. 40.
2090 59. 41.
2091 59. 41.
2092 58. 42.
2093 58. 42.
2094 59. 41.
2095 59. 41.
2096 59. 41.
2097 59. 41.
2098 58. 42.
2099 59. 41.
2100 59. 41.
2101 59. 41.
2102 59. 41.
2103 59. 41.
2104 59. 41.
2105 60. 40.
2106 59. 41.
2107 60. 40.
2108 60. 40.
2109 60. 40.
2110 60. 40.
2111 60. 40.
2112 60. 40.
2113 59. 41.
2114 59. 41.
2115 59. 41.
2116 59. 41.
2117 59. 41.
2118 59. 41.
2119 59. 41.
2120 59. 41.
2121 59. 41.
2122 59. 41.
2123 59. 41.
2124 59. 41.
2125 59. 41.
2126 59. 41.
2127 59. 41.
2128 59. 41.
2129 60. 40.
2130 60. 40.
2131 60. 40.
2132 60. 40.
2133 60. 40.
2134 60. 40.
2135 60. 40.
2136 61. 39.
2137 61. 39.
2138 62. 38.
2139 62. 38.
2140 62. 38.
2141 62. 38.
2142 62. 38.
2143 62. 38.
2144 61. 39.
2145 61. 39.
2146 62. 38.
2147 62. 38.
2148 62. 38.
2149 62. 38.
2150 62. 38.
2151 63. 37.
2152 63. 37.
2153 63. 37.
2154 63. 37.
2155 63. 37.
2156 62. 38.
2157 63. 37.
2158 63. 37.
2159 63. 37.
2160 63. 37.
2161 63. 37.
2162 63. 37.
2163 63. 37.
2164 63. 37.
2165 63. 37.
2166 64. 36.
2167 64. 36.
2168 64. 36.
2169 63. 37.
2170 63. 37.
2171 63. 37.
2172 63. 37.
2173 64. 36.
2174 64. 36.
2175 64. 36.
2176 64. 36.
2177 64. 36.
2178 64. 36.
2179 64. 36.
2180 65. 35.
2181 65. 35.
2182 65. 35.
2183 65. 35.
2184 64. 36.
2185 64. 36.
2186 64. 36.
2187 64. 36.
2188 63. 37.
2189 63. 37.
2190 63. 37.
2191 63. 37.
2192 64. 36.
2193 64. 36.
2194 64. 36.
2195 64. 36.
2196 64. 36.
2197 64. 36.
2198 64. 36.
2199 64. 36.
2200 64. 36.
2201 63. 37.
2202 63. 37.
2203 63. 37.
2204 63. 37.
2205 63. 37.
2206 63. 37.
2207 62. 38.
2208 61. 39.
2209 61. 39.
2210 60. 40.
2211 60. 40.
2212 60. 40.
2213 60. 40.
2214 60. 40.
2215 61. 39.
2216 60. 40.
2217 60. 40.
2218 60. 40.
2219 59. 41.
2220 59. 41.
2221 59. 41.
2222 59. 41.
2223 60. 40.
2224 60. 40.
2225 60. 40.
2226 60. 40.
2227 61. 39.
2228 62. 38.
2229 62. 38.
2230 62. 38.
2231 62. 38.
2232 62. 38.
2233 62. 38.
2234 63. 37.
2235 64. 36.
2236 64. 36.
2237 64. 36.
2238 64. 36.
2239 64. 36.
2240 64. 36.
2241 64. 36.
2242 64. 36.
2243 64. 36.
2244 64. 36.
2245 64. 36.
2246 64. 36.
2247 64. 36.
2248 63. 37.
2249 63. 37.
2250 63. 37.
2251 63. 37.
2252 63. 37.
2253 63. 37.
2254 63. 37.
2255 63. 37.
2256 63. 37.
2257 63. 37.
2258 63. 37.
2259 63. 37.
2260 63. 37.
2261 63. 37.
2262 62. 38.
2263 62. 38.
2264 62. 38.
2265 62. 38.
2266 62. 38.
2267 62. 38.
2268 62. 38.
2269 62. 38.
2270 61. 39.
2271 62. 38.
2272 62. 38.
2273 62. 38.
2274 62. 38.
2275 62. 38.
2276 63. 37.
2277 63. 37.
2278 63. 37.
2279 64. 36.
2280 64. 36.
2281 64. 36.
2282 64. 36.
2283 64. 36.
2284 64. 36.
2285 65. 35.
2286 65. 35.
2287 66. 34.
2288 66. 34.
2289 66. 34.
2290 66. 34.
2291 66. 34.
2292 66. 34.
2293 66. 34.
2294 66. 34.
2295 65. 35.
2296 66. 34.
2297 66. 34.
2298 65. 35.
2299 65. 35.
2300 65. 35.
2301 65. 35.
2302 66. 34.
2303 67. 33.
2304 67. 33.
2305 67. 33.
2306 67. 33.
2307 67. 33.
2308 67. 33.
2309 68. 32.
2310 68. 32.
2311 68. 32.
2312 68. 32.
2313 68. 32.
2314 68. 32.
2315 68. 32.
2316 68. 32.
2317 67. 33.
2318 68. 32.
2319 68. 32.
2320 68. 32.
2321 68. 32.
2322 68. 32.
2323 68. 32.
2324 68. 32.
2325 68. 32.
2326 68. 32.
2327 68. 32.
2328 69. 31.
2329 69. 31.
2330 69. 31.
2331 69. 31.
2332 70. 30.
2333 71. 29.
2334 71. 29.
2335 71. 29.
2336 71. 29.
2337 71. 29.
2338 71. 29.
2339 71. 29.
2340 71. 29.
2341 71. 29.
2342 72. 28.
2343 72. 28.
2344 72. 28.
2345 72. 28.
2346 73. 27.
2347 72. 28.
2348 72. 28.
2349 72. 28.
2350 72. 28.
2351 72. 28.
2352 72. 28.
2353 72. 28.
2354 72. 28.
2355 72. 28.
2356 72. 28.
2357 72. 28.
2358 72. 28.
2359 72. 28.
2360 72. 28.
2361 72. 28.
2362 72. 28.
2363 72. 28.
2364 72. 28.
2365 72. 28.
2366 72. 28.
2367 72. 28.
2368 72. 28.
2369 71. 29.
2370 71. 29.
2371 71. 29.
2372 71. 29.
2373 71. 29.
2374 70. 30.
2375 70. 30.
2376 70. 30.
2377 70. 30.
2378 70. 30.
2379 70. 30.
2380 70. 30.
2381 70. 30.
2382 70. 30.
2383 70. 30.
2384 70. 30.
2385 70. 30.
2386 71. 29.
2387 71. 29.
2388 71. 29.
2389 71. 29.
2390 71. 29.
2391 71. 29.
2392 71. 29.
2393 71. 29.
2394 71. 29.
2395 71. 29.
2396 72. 28.
2397 72. 28.
2398 72. 28.
2399 72. 28.
2400 72. 28.
2401 72. 28.
2402 72. 28.
2403 72. 28.
2404 72. 28.
2405 72. 28.
2406 72. 28.
2407 72. 28.
2408 72. 28.
2409 73. 27.
2410 73. 27.
2411 73. 27.
2412 73. 27.
2413 73. 27.
2414 74. 26.
2415 74. 26.
2416 74. 26.
2417 74. 26.
2418 74. 26.
2419 73. 27.
2420 73. 27.
2421 73. 27.
2422 73. 27.
2423 73. 27.
2424 73. 27.
2425 73. 27.
2426 73. 27.
2427 73. 27.
2428 73. 27.
2429 72. 28.
2430 73. 27.
2431 73. 27.
2432 73. 27.
2433 73. 27.
2434 73. 27.
2435 73. 27.
2436 73. 27.
2437 73. 27.
2438 73. 27.
2439 73. 27.
2440 73. 27.
2441 73. 27.
2442 73. 27.
2443 73. 27.
2444 73. 27.
2445 73. 27.
2446 73. 27.
2447 73. 27.
2448 73. 27.
2449 73. 27.
2450 72. 28.
2451 72. 28.
2452 72. 28.
2453 72. 28.
2454 72. 28.
2455 72. 28.
2456 72. 28.
2457 72. 28.
2458 72. 28.
2459 72. 28.
2460 72. 28.
2461 73. 27.
2462 73. 27.
2463 73. 27.
2464 73. 27.
2465 73. 27.
2466 74. 26.
2467 74. 26.
2468 74. 26.
2469 74. 26.
2470 74. 26.
2471 74. 26.
2472 74. 26.
2473 73. 27.
2474 73. 27.
2475 73. 27.
2476 73. 27.
2477 73. 27.
2478 74. 26.
2479 75. 25.
2480 75. 25.
2481 75. 25.
2482 75. 25.
2483 75. 25.
2484 75. 25.
2485 74. 26.
2486 75. 25.
2487 75. 25.
2488 76. 24.
2489 75. 25.
2490 75. 25.
2491 75. 25.
2492 76. 24.
2493 76. 24.
2494 76. 24.
2495 76. 24.
2496 76. 24.
2497 76. 24.
2498 76. 24.
2499 76. 24.
2500 75. 25.
2501 75. 25.
2502 75. 25.
2503 75. 25.
2504 75. 25.
2505 75. 25.
2506 74. 26.
2507 74. 26.
2508 74. 26.
2509 74. 26.
2510 74. 26.
2511 74. 26.
2512 74. 26.
2513 74. 26.
2514 74. 26.
2515 74. 26.
2516 74. 26.
2517 74. 26.
2518 74. 26.
2519 74. 26.
2520 74. 26.
2521 74. 26.
2522 74. 26.
2523 74. 26.
2524 74. 26.
2525 74. 26.
2526 74. 26.
2527 74. 26.
2528 74. 26.
2529 74. 26.
2530 75. 25.
2531 75. 25.
2532 75. 25.
2533 75. 25.
2534 75. 25.
2535 75. 25.
2536 75. 25.
2537 76. 24.
2538 76. 24.
2539 76. 24.
2540 76. 24.
2541 76. 24.
2542 76. 24.
2543 76. 24.
2544 76. 24.
2545 76. 24.
2546 76. 24.
2547 76. 24.
2548 76. 24.
2549 76. 24.
2550 76. 24.
2551 76. 24.
2552 76. 24.
2553 76. 24.
2554 76. 24.
2555 77. 23.
2556 77. 23.
2557 77. 23.
2558 77. 23.
2559 76. 24.
2560 77. 23.
2561 77. 23.
2562 77. 23.
2563 76. 24.
2564 76. 24.
2565 76. 24.
2566 77. 23.
2567 77. 23.
2568 77. 23.
2569 77. 23.
2570 77. 23.
2571 77. 23.
2572 77. 23.
2573 77. 23.
2574 77. 23.
2575 77. 23.
2576 77. 23.
2577 77. 23.
2578 77. 23.
2579 77. 23.
2580 77. 23.
2581 77. 23.
2582 77. 23.
2583 77. 23.
2584 76. 24.
2585 76. 24.
2586 76. 24.
2587 76. 24.
2588 76. 24.
2589 76. 24.
2590 75. 25.
2591 76. 24.
2592 76. 24.
2593 76. 24.
2594 76. 24.
2595 76. 24.
2596 76. 24.
2597 76. 24.
2598 76. 24.
2599 77. 23.
2600 78. 22.
2601 78. 22.
2602 78. 22.
2603 78. 22.
2604 78. 22.
2605 78. 22.
2606 78. 22.
2607 78. 22.
2608 78. 22.
2609 78. 22.
2610 78. 22.
2611 78. 22.
2612 78. 22.
2613 78. 22.
2614 78. 22.
2615 78. 22.
2616 78. 22.
2617 78. 22.
2618 78. 22.
2619 78. 22.
2620 78. 22.
2621 78. 22.
2622 78. 22.
2623 78. 22.
2624 79. 21.
2625 78. 22.
2626 78. 22.
2627 78. 22.
2628 78. 22.
2629 78. 22.
2630 78. 22.
2631 77. 23.
2632 77. 23.
2633 77. 23.
2634 77. 23.
2635 77. 23.
2636 77. 23.
2637 77. 23.
2638 77. 23.
2639 77. 23.
2640 77. 23.
2641 76. 24.
2642 76. 24.
2643 76. 24.
2644 76. 24.
2645 76. 24.
2646 76. 24.
2647 76. 24.
2648 76. 24.
2649 76. 24.
2650 77. 23.
2651 78. 22.
2652 78. 22.
2653 78. 22.
2654 78. 22.
2655 78. 22.
2656 78. 22.
2657 78. 22.
2658 78. 22.
2659 78. 22.
2660 77. 23.
2661 77. 23.
2662 77. 23.
2663 77. 23.
2664 77. 23.
2665 77. 23.
2666 77. 23.
2667 76. 24.
2668 76. 24.
2669 76. 24.
2670 76. 24.
2671 77. 23.
2672 77. 23.
2673 77. 23.
2674 77. 23.
2675 77. 23.
2676 77. 23.
2677 76. 24.
2678 76. 24.
2679 76. 24.
2680 76. 24.
2681 76. 24.
2682 76. 24.
2683 76. 24.
2684 76. 24.
2685 76. 24.
2686 75. 25.
2687 75. 25.
2688 76. 24.
2689 76. 24.
2690 77. 23.
2691 76. 24.
2692 76. 24.
2693 76. 24.
2694 76. 24.
2695 76. 24.
2696 76. 24.
2697 76. 24.
2698 76. 24.
2699 76. 24.
2700 76. 24.
2701 76. 24.
2702 76. 24.
2703 76. 24.
2704 76. 24.
2705 76. 24.
2706 77. 23.
2707 77. 23.
2708 77. 23.
2709 77. 23.
2710 77. 23.
2711 77. 23.
2712 77. 23.
2713 77. 23.
2714 77. 23.
2715 77. 23.
2716 77. 23.
2717 77. 23.
2718 77. 23.
2719 77. 23.
2720 76. 24.
2721 77. 23.
2722 77. 23.
2723 77. 23.
2724 77. 23.
2725 77. 23.
2726 77. 23.
2727 77. 23.
2728 77. 23.
2729 77. 23.
2730 77. 23.
2731 77. 23.
2732 77. 23.
2733 77. 23.
2734 77. 23.
2735 77. 23.
2736 77. 23.
2737 77. 23.
2738 77. 23.
2739 76. 24.
2740 76. 24.
2741 76. 24.
2742 76. 24.
2743 76. 24.
2744 76. 24.
2745 76. 24.
2746 76. 24.
2747 76. 24.
2748 76. 24.
2749 76. 24.
2750 76. 24.
2751 76. 24.
2752 75. 25.
2753 75. 25.
2754 76. 24.
2755 75. 25.
2756 75. 25.
2757 75. 25.
2758 75. 25.
2759 75. 25.
2760 75. 25.
2761 76. 24.
2762 76. 24.
2763 76. 24.
2764 76. 24.
2765 77. 23.
2766 77. 23.
2767 77. 23.
2768 77. 23.
2769 77. 23.
2770 77. 23.
2771 77. 23.
2772 77. 23.
2773 77. 23.
2774 77. 23.
2775 77. 23.
2776 77. 23.
2777 77. 23.
2778 77. 23.
2779 77. 23.
2780 78. 22.
2781 78. 22.
2782 78. 22.
2783 78. 22.
2784 79. 21.
2785 79. 21.
2786 79. 21.
2787 78. 22.
2788 79. 21.
2789 79. 21.
2790 79. 21.
2791 79. 21.
2792 79. 21.
2793 79. 21.
2794 79. 21.
2795 79. 21.
2796 79. 21.
2797 79. 21.
2798 79. 21.
2799 79. 21.
2800 79. 21.
2801 79. 21.
2802 79. 21.
2803 79. 21.
2804 79. 21.
2805 79. 21.
2806 79. 21.
2807 79. 21.
2808 78. 22.
2809 78. 22.
2810 78. 22.
2811 78. 22.
2812 78. 22.
2813 78. 22.
2814 78. 22.
2815 78. 22.
2816 79. 21.
2817 79. 21.
2818 79. 21.
2819 80. 20.
2820 80. 20.
2821 79. 21.
2822 78. 22.
2823 78. 22.
2824 79. 21.
2825 79. 21.
2826 79. 21.
2827 79. 21.
2828 78. 22.
2829 78. 22.
2830 78. 22.
2831 78. 22.
2832 78. 22.
2833 78. 22.
2834 78. 22.
2835 78. 22.
2836 79. 21.
2837 79. 21.
2838 79. 21.
2839 79. 21.
2840 79. 21.
2841 79. 21.
2842 79. 21.
2843 79. 21.
2844 78. 22.
2845 78. 22.
2846 78. 22.
2847 79. 21.
2848 79. 21.
2849 79. 21.
2850 80. 20.
2851 80. 20.
2852 80. 20.
2853 80. 20.
2854 80. 20.
2855 80. 20.
2856 80. 20.
2857 80. 20.
2858 80. 20.
2859 80. 20.
2860 80. 20.
2861 80. 20.
2862 80. 20.
2863 80. 20.
2864 81. 19.
2865 82. 18.
2866 82. 18.
2867 82. 18.
2868 82. 18.
2869 82. 18.
2870 82. 18.
2871 82. 18.
2872 82. 18.
2873 82. 18.
2874 81. 19.
2875 81. 19.
2876 81. 19.
2877 81. 19.
2878 81. 19.
2879 81. 19.
2880 81. 19.
2881 81. 19.
2882 81. 19.
2883 81. 19.
2884 81. 19.
2885 81. 19.
2886 80. 20.
2887 80. 20.
2888 80. 20.
2889 80. 20.
2890 80. 20.
2891 80. 20.
2892 79. 21.
2893 79. 21.
2894 78. 22.
2895 78. 22.
2896 78. 22.
2897 78. 22.
2898 78. 22.
2899 78. 22.
2900 79. 21.
2901 79. 21.
2902 80. 20.
2903 80. 20.
2904 81. 19.
2905 81. 19.
2906 81. 19.
2907 81. 19.
2908 81. 19.
2909 81. 19.
2910 82. 18.
2911 81. 19.
2912 81. 19.
2913 81. 19.
2914 81. 19.
2915 82. 18.
2916 82. 18.
2917 83. 17.
2918 84. 16.
2919 84. 16.
2920 84. 16.
2921 84. 16.
2922 84. 16.
2923 84. 16.
2924 84. 16.
2925 84. 16.
2926 84. 16.
2927 84. 16.
2928 84. 16.
2929 84. 16.
2930 84. 16.
2931 84. 16.
2932 84. 16.
2933 84. 16.
2934 83. 17.
2935 83. 17.
2936 83. 17.
2937 82. 18.
2938 82. 18.
2939 82. 18.
2940 83. 17.
2941 83. 17.
2942 83. 17.
2943 83. 17.
2944 84. 16.
2945 84. 16.
2946 84. 16.
2947 84. 16.
2948 84. 16.
2949 84. 16.
2950 84. 16.
2951 84. 16.
2952 84. 16.
2953 83. 17.
2954 83. 17.
2955 83. 17.
2956 83. 17.
2957 83. 17.
2958 83. 17.
2959 83. 17.
2960 84. 16.
2961 84. 16.
2962 84. 16.
2963 84. 16.
2964 84. 16.
2965 84. 16.
2966 84. 16.
2967 83. 17.
2968 84. 16.
2969 84. 16.
2970 84. 16.
2971 84. 16.
2972 83. 17.
2973 83. 17.
2974 83. 17.
2975 83. 17.
2976 83. 17.
2977 83. 17.
2978 83. 17.
2979 83. 17.
2980 83. 17.
2981 83. 17.
2982 83. 17.
2983 84. 16.
2984 84. 16.
2985 84. 16.
2986 84. 16.
2987 85. 15.
2988 85. 15.
2989 85. 15.
2990 85. 15.
2991 85. 15.
2992 85. 15.
2993 85. 15.
2994 85. 15.
2995 85. 15.
2996 85. 15.
2997 84. 16.
2998 84. 16.
2999 83. 17.
3000 83. 17.
3001 83. 17.
3002 83. 17.
3003 83. 17.
3004 83. 17.
3005 83. 17.
3006 83. 17.
3007 83. 17.
3008 83. 17.
3009 83. 17.
3010 83. 17.
3011 82. 18.
3012 82. 18.
3013 82. 18.
3014 82. 18.
3015 82. 18.
3016 82. 18.
3017 82. 18.
3018 82. 18.
3019 82. 18.
3020 82. 18.
3021 82. 18.
3022 83. 17.
3023 83. 17.
3024 83. 17.
3025 83. 17.
3026 83. 17.
3027 82. 18.
3028 82. 18.
3029 82. 18.
3030 82. 18.
3031 82. 18.
3032 82. 18.
3033 83. 17.
3034 83. 17.
3035 83. 17.
3036 83. 17.
3037 83. 17.
3038 83. 17.
3039 82. 18.
3040 82. 18.
3041 82. 18.
3042 82. 18.
3043 82. 18.
3044 82. 18.
3045 82. 18.
3046 82. 18.
3047 82. 18.
3048 82. 18.
3049 83. 17.
3050 83. 17.
3051 83. 17.
3052 83. 17.
3053 83. 17.
3054 82. 18.
3055 82. 18.
3056 82. 18.
3057 82. 18.
3058 82. 18.
3059 82. 18.
3060 82. 18.
3061 82. 18.
3062 82. 18.
3063 83. 17.
3064 83. 17.
3065 83. 17.
3066 83. 17.
3067 83. 17.
3068 83. 17.
3069 83. 17.
3070 83. 17.
3071 83. 17.
3072 83. 17.
3073 83. 17.
3074 83. 17.
3075 83. 17.
3076 83. 17.
3077 83. 17.
3078 83. 17.
3079 83. 17.
3080 83. 17.
3081 84. 16.
3082 84. 16.
3083 84. 16.
3084 84. 16.
3085 84. 16.
3086 84. 16.
3087 84. 16.
3088 84. 16.
3089 84. 16.
3090 84. 16.
3091 84. 16.
3092 83. 17.
3093 83. 17.
3094 83. 17.
3095 83. 17.
3096 83. 17.
3097 83. 17.
3098 83. 17.
3099 83. 17.
3100 83. 17.
3101 83. 17.
3102 82. 18.
3103 82. 18.
3104 82. 18.
3105 82. 18.
3106 82. 18.
3107 82. 18.
3108 83. 17.
3109 83. 17.
3110 83. 17.
3111 83. 17.
3112 82. 18.
3113 82. 18.
3114 81. 19.
3115 81. 19.
3116 81. 19.
3117 81. 19.
3118 81. 19.
3119 81. 19.
3120 82. 18.
3121 83. 17.
3122 83. 17.
3123 83. 17.
3124 83. 17.
3125 83. 17.
3126 83. 17.
3127 84. 16.
3128 84. 16.
3129 84. 16.
3130 83. 17.
3131 83. 17.
3132 83. 17.
3133 83. 17.
3134 84. 16.
3135 84. 16.
3136 84. 16.
3137 85. 15.
3138 85. 15.
3139 85. 15.
3140 85. 15.
3141 85. 15.
3142 85. 15.
3143 85. 15.
3144 86. 14.
3145 86. 14.
3146 86. 14.
3147 86. 14.
3148 86. 14.
3149 86. 14.
3150 86. 14.
3151 86. 14.
3152 86. 14.
3153 86. 14.
3154 86. 14.
3155 86. 14.
3156 86. 14.
3157 86. 14.
3158 86. 14.
3159 86. 14.
3160 86. 14.
3161 87. 13.
3162 87. 13.
3163 87. 13.
3164 87. 13.
3165 87. 13.
3166 87. 13.
3167 87. 13.
3168 87. 13.
3169 87. 13.
3170 87. 13.
3171 88. 12.
3172 87. 13.
3173 87. 13.
3174 88. 12.
3175 88. 12.
3176 88. 12.
3177 88. 12.
3178 88. 12.
3179 88. 12.
3180 88. 12.
3181 88. 12.
3182 88. 12.
3183 88. 12.
3184 88. 12.
3185 88. 12.
3186 88. 12.
3187 88. 12.
3188 88. 12.
3189 88. 12.
3190 88. 12.
3191 87. 13.
3192 87. 13.
3193 87. 13.
3194 87. 13.
3195 88. 12.
3196 88. 12.
3197 88. 12.
3198 88. 12.
3199 88. 12.
3200 88. 12.
3201 88. 12.
3202 88. 12.
3203 88. 12.
3204 88. 12.
3205 88. 12.
3206 88. 12.
3207 88. 12.
3208 88. 12.
3209 89. 11.
3210 89. 11.
3211 89. 11.
3212 89. 11.
3213 88. 12.
3214 88. 12.
3215 88. 12.
3216 88. 12.
3217 88. 12.
3218 88. 12.
3219 88. 12.
3220 88. 12.
3221 88. 12.
3222 88. 12.
3223 87. 13.
3224 87. 13.
3225 87. 13.
3226 87. 13.
3227 87. 13.
3228 87. 13.
3229 87. 13.
3230 87. 13.
3231 87. 13.
3232 87. 13.
3233 86. 14.
3234 86. 14.
3235 86. 14.
3236 86. 14.
3237 86. 14.
3238 87. 13.
3239 87. 13.
3240 87. 13.
3241 87. 13.
3242 86. 14.
3243 86. 14.
3244 86. 14.
3245 86. 14.
3246 86. 14.
3247 86. 14.
3248 86. 14.
3249 85. 15.
3250 85. 15.
3251 85. 15.
3252 86. 14.
3253 86. 14.
3254 86. 14.
3255 86. 14.
3256 85. 15.
3257 85. 15.
3258 85. 15.
3259 85. 15.
3260 85. 15.
3261 85. 15.
3262 85. 15.
3263 85. 15.
3264 85. 15.
3265 85. 15.
3266 86. 14.
3267 86. 14.
3268 87. 13.
3269 87. 13.
3270 87. 13.
3271 87. 13.
3272 87. 13.
3273 87. 13.
3274 87. 13.
3275 87. 13.
3276 87. 13.
3277 87. 13.
3278 87. 13.
3279 87. 13.
3280 87. 13.
3281 87. 13.
3282 87. 13.
3283 87. 13.
3284 87. 13.
3285 87. 13.
3286 87. 13.
3287 88. 12.
3288 88. 12.
3289 88. 12.
3290 88. 12.
3291 88. 12.
3292 88. 12.
3293 88. 12.
3294 88. 12.
3295 88. 12.
3296 88. 12.
3297 88. 12.
3298 89. 11.
3299 88. 12.
3300 88. 12.
3301 88. 12.
3302 89. 11.
3303 88. 12.
3304 88. 12.
3305 88. 12.
3306 88. 12.
3307 88. 12.
3308 88. 12.
3309 88. 12.
3310 88. 12.
3311 88. 12.
3312 88. 12.
3313 88. 12.
3314 88. 12.
3315 88. 12.
3316 88. 12.
3317 88. 12.
3318 88. 12.
3319 88. 12.
3320 88. 12.
3321 89. 11.
3322 89. 11.
3323 89. 11.
3324 89. 11.
3325 89. 11.
3326 90. 10.
3327 90. 10.
3328 90. 10.
3329 90. 10.
3330 90. 10.
3331 90. 10.
3332 90. 10.
3333 90. 10.
3334 90. 10.
3335 90. 10.
3336 90. 10.
3337 90. 10.
3338 90. 10.
3339 90. 10.
3340 90. 10.
3341 90. 10.
3342 90. 10.
3343 90. 10.
3344 90. 10.
3345 90. 10.
3346 91. 9.
3347 91. 9.
3348 91. 9.
3349 91. 9.
3350 91. 9.
3351 90. 10.
3352 90. 10.
3353 90. 10.
3354 90. 10.
3355 90. 10.
3356 90. 10.
3357 90. 10.
3358 90. 10.
3359 90. 10.
3360 89. 11.
3361 89. 11.
3362 89. 11.
3363 89. 11.
3364 90. 10.
3365 90. 10.
3366 90. 10.
3367 90. 10.
3368 91. 9.
3369 92. 8.
3370 92. 8.
3371 92. 8.
3372 92. 8.
3373 92. 8.
3374 92. 8.
3375 92. 8.
3376 92. 8.
3377 92. 8.
3378 92. 8.
3379 92. 8.
3380 92. 8.
3381 92. 8.
3382 92. 8.
3383 93. 7.
3384 93. 7.
3385 93. 7.
3386 93. 7.
3387 93. 7.
3388 93. 7.
3389 93. 7.
3390 93. 7.
3391 93. 7.
3392 93. 7.
3393 93. 7.
3394 94. 6.
3395 94. 6.
3396 94. 6.
3397 94. 6.
3398 94. 6.
3399 94. 6.
3400 94. 6.
3401 94. 6.
3402 95. 5.
3403 95. 5.
3404 95. 5.
3405 95. 5.
3406 95. 5.
3407 95. 5.
3408 96. 4.
3409 96. 4.
3410 96. 4.
3411 96. 4.
3412 96. 4.
3413 96. 4.
3414 97. 3.
3415 97. 3.
3416 97. 3.
3417 97. 3.
3418 97. 3.
3419 97. 3.
3420 97. 3.
3421 97. 3.
3422 97. 3.
3423 97. 3.
3424 97. 3.
3425 97. 3.
3426 97. 3.
3427 97. 3.
3428 97. 3.
3429 97. 3.
3430 97. 3.
3431 97. 3.
3432 97. 3.
3433 97. 3.
3434 97. 3.
3435 97. 3.
3436 97. 3.
3437 97. 3.
3438 97. 3.
3439 97. 3.
3440 97. 3.
3441 97. 3.
3442 97. 3.
3443 97. 3.
3444 97. 3.
3445 97. 3.
3446 97. 3.
3447 97. 3.
3448 97. 3.
3449 97. 3.
3450 97. 3.
3451 97. 3.
3452 97. 3.
3453 97. 3.
3454 97. 3.
3455 97. 3.
3456 97. 3.
3457 97. 3.
3458 97. 3.
3459 97. 3.
3460 97. 3.
3461 97. 3.
3462 97. 3.
3463 97. 3.
3464 97. 3.
3465 97. 3.
3466 97. 3.
3467 97. 3.
3468 97. 3.
3469 96. 4.
3470 96. 4.
3471 96. 4.
3472 96. 4.
3473 96. 4.
3474 96. 4.
3475 96. 4.
3476 96. 4.
3477 97. 3.
3478 97. 3.
3479 97. 3.
3480 97. 3.
3481 97. 3.
3482 97. 3.
3483 97. 3.
3484 97. 3.
3485 97. 3.
3486 97. 3.
3487 97. 3.
3488 97. 3.
3489 97. 3.
3490 97. 3.
3491 97. 3.
3492 97. 3.
3493 97. 3.
3494 97. 3.
3495 97. 3.
3496 97. 3.
3497 97. 3.
3498 97. 3.
3499 97. 3.
3500 97. 3.
3501 97. 3.
3502 97. 3.
3503 97. 3.
3504 97. 3.
3505 97. 3.
3506 97. 3.
3507 97. 3.
3508 96. 4.
3509 96. 4.
3510 96. 4.
3511 96. 4.
3512 96. 4.
3513 96. 4.
3514 96. 4.
3515 96. 4.
3516 96. 4.
3517 96. 4.
3518 96. 4.
3519 96. 4.
3520 96. 4.
3521 96. 4.
3522 96. 4.
3523 96. 4.
3524 96. 4.
3525 96. 4.
3526 96. 4.
3527 96. 4.
3528 96. 4.
3529 96. 4.
3530 96. 4.
3531 96. 4.
3532 96. 4.
3533 95. 5.
3534 95. 5.
3535 95. 5.
3536 95. 5.
3537 95. 5.
3538 95. 5.
3539 95. 5.
3540 95. 5.
3541 95. 5.
3542 95. 5.
3543 95. 5.
3544 95. 5.
3545 95. 5.
3546 95. 5.
3547 95. 5.
3548 95. 5.
3549 96. 4.
3550 96. 4.
3551 96. 4.
3552 96. 4.
3553 96. 4.
3554 95. 5.
3555 95. 5.
3556 95. 5.
3557 95. 5.
3558 95. 5.
3559 95. 5.
3560 95. 5.
3561 95. 5.
3562 95. 5.
3563 95. 5.
3564 95. 5.
3565 95. 5.
3566 96. 4.
3567 97. 3.
3568 97. 3.
3569 97. 3.
3570 97. 3.
3571 97. 3.
3572 97. 3.
3573 97. 3.
3574 97. 3.
3575 97. 3.
3576 97. 3.
3577 97. 3.
3578 97. 3.
3579 97. 3.
3580 97. 3.
3581 97. 3.
3582 97. 3.
3583 97. 3.
3584 97. 3.
3585 97. 3.
3586 97. 3.
3587 97. 3.
3588 97. 3.
3589 97. 3.
3590 97. 3.
3591 97. 3.
3592 97. 3.
3593 97. 3.
3594 97. 3.
3595 97. 3.
3596 97. 3.
3597 97. 3.
3598 97. 3.
3599 97. 3.
3600 97. 3.
3601 97. 3.
3602 97. 3.
3603 97. 3.
3604 97. 3.
3605 98. 2.
3606 98. 2.
3607 98. 2.
3608 98. 2.
3609 98. 2.
3610 98. 2.
3611 98. 2.
3612 98. 2.
3613 98. 2.
3614 98. 2.
3615 98. 2.
3616 98. 2.
3617 98. 2.
3618 98. 2.
3619 98. 2.
3620 98. 2.
3621 98. 2.
3622 98. 2.
3623 98. 2.
3624 98. 2.
3625 98. 2.
3626 98. 2.
3627 98. 2.
3628 98. 2.
3629 98. 2.
3630 98. 2.
3631 98. 2.
3632 98. 2.
3633 98. 2.
3634 98. 2.
3635 98. 2.
3636 98. 2.
3637 98. 2.
3638 98. 2.
3639 98. 2.
3640 98. 2.
3641 98. 2.
3642 98. 2.
3643 98. 2.
3644 98. 2.
3645 99. 1.
3646 99. 1.
3647 99. 1.
3648 99. 1.
3649 99. 1.
3650 99. 1.
3651 99. 1.
3652 99. 1.
3653 99. 1.
3654 99. 1.
3655 99. 1.
3656 99. 1.
3657 99. 1.
3658 99. 1.
3659 99. 1.
3660 99. 1.
3661 99. 1.
3662 99. 1.
3663 99. 1.
3664 99. 1.
3665 99. 1.
3666 99. 1.
3667 99. 1.
3668 99. 1.
3669 99. 1.
3670 99. 1.
3671 99. 1.
3672 99. 1.
3673 99. 1.
3674 99. 1.
3675 99. 1.
3676 99. 1.
3677 99. 1.
3678 99. 1.
3679 99. 1.
3680 99. 1.
3681 99. 1.
3682 99. 1.
3683 99. 1.
3684 99. 1.
3685 99. 1.
3686 99. 1.
3687 99. 1.
3688 99. 1.
3689 99. 1.
3690 99. 1.
3691 99. 1.
3692 99. 1.
3693 99. 1.
3694 99. 1.
3695 99. 1.
3696 99. 1.
3697 99. 1.
3698 99. 1.
3699 99. 1.
3700 99. 1.
3701 99. 1.
3702 99. 1.
3703 99. 1.
3704 99. 1.
3705 99. 1.
3706 99. 1.
3707 99. 1.
3708 99. 1.
3709 99. 1.
3710 99. 1.
3711 99. 1.
3712 99. 1.
3713 99. 1.
3714 99. 1.
3715 99. 1.
3716 99. 1.
3717 99. 1.
3718 99. 1.
3719 99. 1.
3720 99. 1.
3721 98. 2.
3722 98. 2.
3723 98. 2.
3724 98. 2.
3725 98. 2.
3726 97. 3.
3727 97. 3.
3728 97. 3.
3729 97. 3.
3730 97. 3.
3731 97. 3.
3732 97. 3.
3733 97. 3.
3734 97. 3.
3735 97. 3.
3736 97. 3.
3737 98. 2.
3738 98. 2.
3739 98. 2.
3740 98. 2.
3741 98. 2.
3742 98. 2.
3743 98. 2.
3744 99. 1.
3745 99. 1.
3746 99. 1.
3747 99. 1.
3748 99. 1.
3749 99. 1.
3750 99. 1.
3751 99. 1.
3752 99. 1.
3753 99. 1.
3754 99. 1.
3755 99. 1.
3756 99. 1.
3757 99. 1.
3758 99. 1.
3759 99. 1.
3760 99. 1.
3761 99. 1.
3762 99. 1.
3763 99. 1.
3764 99. 1.
3765 99. 1.
3766 99. 1.
3767 99. 1.
3768 99. 1.
3769 99. 1.
3770 99. 1.
3771 99. 1.
3772 99. 1.
3773 99. 1.
3774 99. 1.
3775 99. 1.
3776 99. 1.
3777 99. 1.
3778 99. 1.
3779 99. 1.
3780 99. 1.
3781 99. 1.
3782 99. 1.
3783 99. 1.
3784 99. 1.
3785 99. 1.
3786 99. 1.
3787 99. 1.
3788 99. 1.
3789 99. 1.
3790 99. 1.
3791 99. 1.
3792 99. 1.
