0 31. 69.
1 31. 69.
2 31. 69.
3 31. 69.
4 31. 69.
5 31. 69.
6 31. 69.
7 30. 70.
8 30. 70.
9 30. 70.
10 30. 70.
11 31. 69.
12 31. 69.
13 30. 70.
14 31. 69.
15 31. 69.
16 31. 69.
17 30. 70.
18 30. 70.
19 31. 69.
20 31. 69.
21 31. 69.
22 31. 69.
23 32. 68.
24 33. 67.
25 32. 68.
26 32. 68.
27 31. 69.
28 31. 69.
29 30. 70.
30 29. 71.
31 29. 71.
32 30. 70.
33 30. 70.
34 30. 70.
35 31. 69.
36 32. 68.
37 32. 68.
38 33. 67.
39 34. 66.
40 34. 66.
41 33. 67.
42 33. 67.
43 33. 67.
44 34. 66.
45 34. 66.
46 34. 66.
47 34. 66.
48 34. 66.
49 34. 66.
50 34. 66.
51 33. 67.
52 33. 67.
53 33. 67.
54 34. 66.
55 34. 66.
56 34. 66.
57 33. 67.
58 33. 67.
59 33. 67.
60 33. 67.
61 32. 68.
62 32. 68.
63 32. 68.
64 32. 68.
65 32. 68.
66 32. 68.
67 32. 68.
68 31. 69.
69 31. 69.
70 30. 70.
71 30. 70.
72 30. 70.
73 30. 70.
74 30. 70.
75 30. 70.
76 30. 70.
77 30. 70.
78 30. 70.
79 30. 70.
80 30. 70.
81 31. 69.
82 31. 69.
83 32. 68.
84 31. 69.
85 31. 69.
86 30. 70.
87 31. 69.
88 31. 69.
89 31. 69.
90 31. 69.
91 31. 69.
92 32. 68.
93 32. 68.
94 32. 68.
95 32. 68.
96 32. 68.
97 32. 68.
98 32. 68.
99 32. 68.
100 32. 68.
101 33. 67.
102 33. 67.
103 33. 67.
104 32. 68.
105 32. 68.
106 31. 69.
107 31. 69.
108 31. 69.
109 31. 69.
110 31. 69.
111 31. 69.
112 31. 69.
113 31. 69.
114 31. 69.
115 31. 69.
116 31. 69.
117 30. 70.
118 30. 70.
119 31. 69.
120 32. 68.
121 31. 69.
122 31. 69.
123 31. 69.
124 31. 69.
125 31. 69.
126 31. 69.
127 30. 70.
128 30. 70.
129 31. 69.
130 31. 69.
131 31. 69.
132 31. 69.
133 31. 69.
134 32. 68.
135 32. 68.
136 32. 68.
137 31. 69.
138 31. 69.
139 31. 69.
140 31. 69.
141 31. 69.
142 31. 69.
143 32. 68.
144 32. 68.
145 32. 68.
146 32. 68.
147 33. 67.
148 33. 67.
149 33. 67.
150 33. 67.
151 33. 67.
152 33. 67.
153 33. 67.
154 33. 67.
155 34. 66.
156 34. 66.
157 34. 66.
158 34. 66.
159 35. 65.
160 35. 65.
161 35. 65.
162 35. 65.
163 35. 65.
164 36. 64.
165 36. 64.
166 36. 64.
167 36. 64.
168 35. 65.
169 35. 65.
170 36. 64.
171 36. 64.
172 35. 65.
173 35. 65.
174 35. 65.
175 35. 65.
176 35. 65.
177 35. 65.
178 35. 65.
179 35. 65.
180 35. 65.
181 35. 65.
182 35. 65.
183 35. 65.
184 35. 65.
185 35. 65.
186 35. 65.
187 35. 65.
188 35. 65.
189 35. 65.
190 35. 65.
191 35. 65.
192 35. 65.
193 35. 65.
194 35. 65.
195 34. 66.
196 34. 66.
197 34. 66.
198 34. 66.
199 34. 66.
200 34. 66.
201 33. 67.
202 33. 67.
203 33. 67.
204 33. 67.
205 32. 68.
206 32. 68.
207 31. 69.
208 31. 69.
209 31. 69.
210 30. 70.
211 30. 70.
212 30. 70.
213 30. 70.
214 30. 70.
215 30. 70.
216 30. 70.
217 30. 70.
218 30. 70.
219 29. 71.
220 29. 71.
221 30. 70.
222 30. 70.
223 29. 71.
224 30. 70.
225 30. 70.
226 30. 70.
227 30. 70.
228 30. 70.
229 30. 70.
230 30. 70.
231 30. 70.
232 30. 70.
233 30. 70.
234 30. 70.
235 30. 70.
236 30. 70.
237 30. 70.
238 30. 70.
239 31. 69.
240 32. 68.
241 32. 68.
242 32. 68.
243 32. 68.
244 32. 68.
245 32. 68.
246 32. 68.
247 32. 68.
248 32. 68.
249 32. 68.
250 31. 69.
251 31. 69.
252 31. 69.
253 30. 70.
254 29. 71.
255 29. 71.
256 29. 71.
257 29. 71.
258 29. 71.
259 29. 71.
260 28. 72.
261 27. 73.
262 27. 73.
263 27. 73.
264 27. 73.
265 27. 73.
266 27. 73.
267 27. 73.
268 27. 73.
269 28. 72.
270 28. 72.
271 29. 71.
272 28. 72.
273 28. 72.
274 27. 73.
275 26. 74.
276 26. 74.
277 25. 75.
278 25. 75.
279 24. 76.
280 24. 76.
281 24. 76.
282 24. 76.
283 23. 77.
284 22. 78.
285 22. 78.
286 22. 78.
287 22. 78.
288 22. 78.
289 23. 77.
290 24. 76.
291 24. 76.
292 24. 76.
293 25. 75.
294 25. 75.
295 25. 75.
296 25. 75.
297 24. 76.
298 24. 76.
299 25. 75.
300 25. 75.
301 25. 75.
302 26. 74.
303 26. 74.
304 26. 74.
305 25. 75.
306 25. 75.
307 25. 75.
308 25. 75.
309 25. 75.
310 24. 76.
311 24. 76.
312 24. 76.
313 24. 76.
314 24. 76.
315 24. 76.
316 24. 76.
317 24. 76.
318 24. 76.
319 24. 76.
320 24. 76.
321 24. 76.
322 23. 77.
323 22. 78.
324 21. 79.
325 21. 79.
326 21. 79.
327 22. 78.
328 22. 78.
329 22. 78.
330 22. 78.
331 21. 79.
332 21. 79.
333 21. 79.
334 21. 79.
335 21. 79.
336 21. 79.
337 21. 79.
338 21. 79.
339 21. 79.
340 21. 79.
341 22. 78.
342 23. 77.
343 23. 77.
344 23. 77.
345 23. 77.
346 23. 77.
347 23. 77.
348 23. 77.
349 23. 77.
350 24. 76.
351 25. 75.
352 25. 75.
353 25. 75.
354 25. 75.
355 25. 75.
356 25. 75.
357 25. 75.
358 25. 75.
359 25. 75.
360 25. 75.
361 25. 75.
362 25. 75.
363 25. 75.
364 25. 75.
365 25. 75.
366 25. 75.
367 25. 75.
368 26. 74.
369 26. 74.
370 26. 74.
371 26. 74.
372 26. 74.
373 26. 74.
374 26. 74.
375 26. 74.
376 27. 73.
377 27. 73.
378 27. 73.
379 28. 72.
380 28. 72.
381 28. 72.
382 28. 72.
383 28. 72.
384 28. 72.
385 28. 72.
386 28. 72.
387 29. 71.
388 29. 71.
389 30. 70.
390 30. 70.
391 30. 70.
392 30. 70.
393 29. 71.
394 29. 71.
395 29. 71.
396 29. 71.
397 29. 71.
398 29. 71.
399 29. 71.
400 29. 71.
401 29. 71.
402 29. 71.
403 29. 71.
404 29. 71.
405 29. 71.
406 29. 71.
407 29. 71.
408 29. 71.
409 29. 71.
410 29. 71.
411 29. 71.
412 29. 71.
413 29. 71.
414 29. 71.
415 29. 71.
416 29. 71.
417 30. 70.
418 30. 70.
419 30. 70.
420 30. 70.
421 30. 70.
422 30. 70.
423 30. 70.
424 30. 70.
425 30. 70.
426 31. 69.
427 31. 69.
428 31. 69.
429 32. 68.
430 33. 67.
431 33. 67.
432 33. 67.
433 34. 66.
434 34. 66.
435 34. 66.
436 34. 66.
437 34. 66.
438 34. 66.
439 34. 66.
440 34. 66.
441 34. 66.
442 34. 66.
443 34. 66.
444 34. 66.
445 34. 66.
446 34. 66.
447 35. 65.
448 36. 64.
449 37. 63.
450 37. 63.
451 37. 63.
452 38. 62.
453 38. 62.
454 38. 62.
455 38. 62.
456 38. 62.
457 38. 62.
458 39. 61.
459 39. 61.
460 39. 61.
461 39. 61.
462 39. 61.
463 39. 61.
464 39. 61.
465 39. 61.
466 39. 61.
467 38. 62.
468 38. 62.
469 38. 62.
470 38. 62.
471 38. 62.
472 38. 62.
473 38. 62.
474 38. 62.
475 38. 62.
476 38. 62.
477 37. 63.
478 37. 63.
479 37. 63.
480 37. 63.
481 37. 63.
482 37. 63.
483 37. 63.
484 37. 63.
485 36. 64.
486 37. 63.
487 37. 63.
488 38. 62.
489 39. 61.
490 39. 61.
491 39. 61.
492 39. 61.
493 39. 61.
494 39. 61.
495 39. 61.
496 39. 61.
497 39. 61.
498 38. 62.
499 38. 62.
500 37. 63.
501 37. 63.
502 37. 63.
503 38. 62.
504 38. 62.
505 38. 62.
506 38. 62.
507 38. 62.
508 39. 61.
509 39. 61.
510 39. 61.
511 39. 61.
512 39. 61.
513 39. 61.
514 39. 61.
515 39. 61.
516 39. 61.
517 39. 61.
518 39. 61.
519 39. 61.
520 40. 60.
521 40. 60.
522 40. 60.
523 39. 61.
524 38. 62.
525 38. 62.
526 37. 63.
527 37. 63.
528 37. 63.
529 38. 62.
530 38. 62.
531 39. 61.
532 39. 61.
533 38. 62.
534 38. 62.
535 38. 62.
536 38. 62.
537 38. 62.
538 38. 62.
539 39. 61.
540 39. 61.
541 39. 61.
542 39. 61.
543 39. 61.
544 39. 61.
545 39. 61.
546 39. 61.
547 39. 61.
548 39. 61.
549 39. 61.
550 39. 61.
551 39. 61.
552 40. 60.
553 40. 60.
554 40. 60.
555 39. 61.
556 39. 61.
557 39. 61.
558 39. 61.
559 39. 61.
560 39. 61.
561 39. 61.
562 39. 61.
563 39. 61.
564 39. 61.
565 39. 61.
566 39. 61.
567 39. 61.
568 39. 61.
569 39. 61.
570 40. 60.
571 40. 60.
572 40. 60.
573 40. 60.
574 40. 60.
575 40. 60.
576 40. 60.
577 40. 60.
578 40. 60.
579 41. 59.
580 41. 59.
581 40. 60.
582 40. 60.
583 40. 60.
584 41. 59.
585 42. 58.
586 42. 58.
587 42. 58.
588 42. 58.
589 42. 58.
590 42. 58.
591 42. 58.
592 41. 59.
593 41. 59.
594 40. 60.
595 40. 60.
596 41. 59.
597 40. 60.
598 40. 60.
599 40. 60.
600 39. 61.
601 39. 61.
602 39. 61.
603 40. 60.
604 39. 61.
605 39. 61.
606 38. 62.
607 38. 62.
608 38. 62.
609 38. 62.
610 38. 62.
611 38. 62.
612 38. 62.
613 38. 62.
614 38. 62.
615 38. 62.
616 38. 62.
617 38. 62.
618 38. 62.
619 37. 63.
620 38. 62.
621 39. 61.
622 39. 61.
623 39. 61.
624 39. 61.
625 39. 61.
626 39. 61.
627 39. 61.
628 39. 61.
629 39. 61.
630 40. 60.
631 40. 60.
632 40. 60.
633 40. 60.
634 40. 60.
635 40. 60.
636 41. 59.
637 42. 58.
638 42. 58.
639 42. 58.
640 42. 58.
641 42. 58.
642 42. 58.
643 42. 58.
644 42. 58.
645 42. 58.
646 41. 59.
647 41. 59.
648 41. 59.
649 41. 59.
650 41. 59.
651 41. 59.
652 41. 59.
653 41. 59.
654 40. 60.
655 40. 60.
656 40. 60.
657 41. 59.
658 41. 59.
659 41. 59.
660 41. 59.
661 42. 58.
662 41. 59.
663 41. 59.
664 41. 59.
665 41. 59.
666 41. 59.
667 41. 59.
668 41. 59.
669 41. 59.
670 41. 59.
671 41. 59.
672 41. 59.
673 41. 59.
674 42. 58.
675 42. 58.
676 42. 58.
677 42. 58.
678 42. 58.
679 42. 58.
680 42. 58.
681 42. 58.
682 43. 57.
683 44. 56.
684 43. 57.
685 42. 58.
686 43. 57.
687 43. 57.
688 43. 57.
689 43. 57.
690 43. 57.
691 43. 57.
692 43. 57.
693 43. 57.
694 43. 57.
695 43. 57.
696 43. 57.
697 43. 57.
698 43. 57.
699 42. 58.
700 42. 58.
701 42. 58.
702 42. 58.
703 42. 58.
704 42. 58.
705 42. 58.
706 43. 57.
707 43. 57.
708 43. 57.
709 42. 58.
710 42. 58.
711 42. 58.
712 42. 58.
713 42. 58.
714 42. 58.
715 42. 58.
716 43. 57.
717 43. 57.
718 43. 57.
719 43. 57.
720 43. 57.
721 43. 57.
722 43. 57.
723 43. 57.
724 43. 57.
725 43. 57.
726 42. 58.
727 42. 58.
728 42. 58.
729 42. 58.
730 41. 59.
731 41. 59.
732 40. 60.
733 40. 60.
734 40. 60.
735 39. 61.
736 39. 61.
737 39. 61.
738 39. 61.
739 40. 60.
740 40. 60.
741 40. 60.
742 40. 60.
743 40. 60.
744 40. 60.
745 40. 60.
746 40. 60.
747 39. 61.
748 39. 61.
749 40. 60.
750 40. 60.
751 40. 60.
752 40. 60.
753 40. 60.
754 40. 60.
755 39. 61.
756 40. 60.
757 40. 60.
758 40. 60.
759 40. 60.
760 40. 60.
761 40. 60.
762 40. 60.
763 40. 60.
764 40. 60.
765 40. 60.
766 40. 60.
767 40. 60.
768 40. 60.
769 40. 60.
770 41. 59.
771 41. 59.
772 41. 59.
773 41. 59.
774 41. 59.
775 41. 59.
776 41. 59.
777 41. 59.
778 41. 59.
779 42. 58.
780 42. 58.
781 42. 58.
782 42. 58.
783 42. 58.
784 42. 58.
785 42. 58.
786 43. 57.
787 43. 57.
788 43. 57.
789 42. 58.
790 42. 58.
791 42. 58.
792 42. 58.
793 42. 58.
794 42. 58.
795 42. 58.
796 41. 59.
797 42. 58.
798 42. 58.
799 43. 57.
800 43. 57.
801 43. 57.
802 43. 57.
803 42. 58.
804 42. 58.
805 42. 58.
806 41. 59.
807 41. 59.
808 41. 59.
809 41. 59.
810 41. 59.
811 41. 59.
812 41. 59.
813 41. 59.
814 41. 59.
815 41. 59.
816 42. 58.
817 42. 58.
818 41. 59.
819 40. 60.
820 41. 59.
821 40. 60.
822 40. 60.
823 40. 60.
824 40. 60.
825 40. 60.
826 40. 60.
827 40. 60.
828 40. 60.
829 40. 60.
830 39. 61.
831 39. 61.
832 39. 61.
833 39. 61.
834 40. 60.
835 41. 59.
836 41. 59.
837 41. 59.
838 41. 59.
839 41. 59.
840 41. 59.
841 41. 59.
842 40. 60.
843 40. 60.
844 40. 60.
845 39. 61.
846 39. 61.
847 39. 61.
848 39. 61.
849 40. 60.
850 40. 60.
851 40. 60.
852 40. 60.
853 41. 59.
854 40. 60.
855 40. 60.
856 40. 60.
857 41. 59.
858 42. 58.
859 42. 58.
860 41. 59.
861 41. 59.
862 41. 59.
863 41. 59.
864 40. 60.
865 40. 60.
866 40. 60.
867 39. 61.
868 40. 60.
869 40. 60.
870 39. 61.
871 39. 61.
872 39. 61.
873 39. 61.
874 40. 60.
875 41. 59.
876 41. 59.
877 41. 59.
878 41. 59.
879 42. 58.
880 43. 57.
881 42. 58.
882 42. 58.
883 42. 58.
884 42. 58.
885 42. 58.
886 42. 58.
887 41. 59.
888 41. 59.
889 42. 58.
890 43. 57.
891 43. 57.
892 42. 58.
893 43. 57.
894 43. 57.
895 42. 58.
896 42. 58.
897 42. 58.
898 42. 58.
899 42. 58.
900 42. 58.
901 42. 58.
902 42. 58.
903 42. 58.
904 43. 57.
905 42. 58.
906 42. 58.
907 41. 59.
908 41. 59.
909 42. 58.
910 43. 57.
911 43. 57.
912 43. 57.
913 43. 57.
914 43. 57.
915 43. 57.
916 43. 57.
917 44. 56.
918 44. 56.
919 44. 56.
920 44. 56.
921 43. 57.
922 43. 57.
923 42. 58.
924 42. 58.
925 42. 58.
926 43. 57.
927 43. 57.
928 43. 57.
929 42. 58.
930 43. 57.
931 43. 57.
932 42. 58.
933 42. 58.
934 42. 58.
935 42. 58.
936 42. 58.
937 43. 57.
938 43. 57.
939 43. 57.
940 44. 56.
941 44. 56.
942 44. 56.
943 44. 56.
944 44. 56.
945 44. 56.
946 43. 57.
947 43. 57.
948 44. 56.
949 45. 55.
950 46. 54.
951 46. 54.
952 45. 55.
953 45. 55.
954 45. 55.
955 45. 55.
956 45. 55.
957 45. 55.
958 45. 55.
959 45. 55.
960 44. 56.
961 44. 56.
962 43. 57.
963 44. 56.
964 44. 56.
965 43. 57.
966 43. 57.
967 43. 57.
968 43. 57.
969 43. 57.
970 42. 58.
971 42. 58.
972 42. 58.
973 42. 58.
974 42. 58.
975 42. 58.
976 41. 59.
977 42. 58.
978 42. 58.
979 42. 58.
980 43. 57.
981 42. 58.
982 42. 58.
983 43. 57.
984 43. 57.
985 43. 57.
986 43. 57.
987 43. 57.
988 42. 58.
989 41. 59.
990 41. 59.
991 41. 59.
992 42. 58.
993 41. 59.
994 41. 59.
995 41. 59.
996 40. 60.
997 41. 59.
998 41. 59.
999 41. 59.
1000 40. 60.
1001 40. 60.
1002 39. 61.
1003 39. 61.
1004 39. 61.
1005 39. 61.
1006 39. 61.
1007 39. 61.
1008 39. 61.
1009 40. 60.
1010 40. 60.
1011 40. 60.
1012 41. 59.
1013 41. 59.
1014 41. 59.
1015 41. 59.
1016 41. 59.
1017 41. 59.
1018 41. 59.
1019 41. 59.
1020 41. 59.
1021 41. 59.
1022 41. 59.
1023 40. 60.
1024 39. 61.
1025 39. 61.
1026 39. 61.
1027 39. 61.
1028 38. 62.
1029 39. 61.
1030 39. 61.
1031 39. 61.
1032 39. 61.
1033 39. 61.
1034 40. 60.
1035 40. 60.
1036 40. 60.
1037 40. 60.
1038 40. 60.
1039 39. 61.
1040 39. 61.
1041 39. 61.
1042 39. 61.
1043 39. 61.
1044 39. 61.
1045 39. 61.
1046 39. 61.
1047 39. 61.
1048 39. 61.
1049 39. 61.
1050 40. 60.
1051 40. 60.
1052 40. 60.
1053 40. 60.
1054 40. 60.
1055 41. 59.
1056 40. 60.
1057 40. 60.
1058 40. 60.
1059 40. 60.
1060 40. 60.
1061 40. 60.
1062 40. 60.
1063 40. 60.
1064 40. 60.
1065 40. 60.
1066 40. 60.
1067 40. 60.
1068 40. 60.
1069 40. 60.
1070 40. 60.
1071 40. 60.
1072 41. 59.
1073 41. 59.
1074 41. 59.
1075 40. 60.
1076 40. 60.
1077 40. 60.
1078 40. 60.
1079 40. 60.
1080 40. 60.
1081 40. 60.
1082 40. 60.
1083 40. 60.
1084 40. 60.
1085 39. 61.
1086 39. 61.
1087 39. 61.
1088 39. 61.
1089 39. 61.
1090 39. 61.
1091 39. 61.
1092 39. 61.
1093 39. 61.
1094 39. 61.
1095 39. 61.
1096 39. 61.
1097 40. 60.
1098 40. 60.
1099 40. 60.
1100 40. 60.
1101 40. 60.
1102 40. 60.
1103 40. 60.
1104 41. 59.
1105 40. 60.
1106 40. 60.
1107 40. 60.
1108 40. 60.
1109 40. 60.
1110 40. 60.
1111 40. 60.
1112 40. 60.
1113 40. 60.
1114 40. 60.
1115 40. 60.
1116 40. 60.
1117 40. 60.
1118 40. 60.
1119 40. 60.
1120 40. 60.
1121 40. 60.
1122 40. 60.
1123 39. 61.
1124 40. 60.
1125 40. 60.
1126 40. 60.
1127 40. 60.
1128 41. 59.
1129 41. 59.
1130 41. 59.
1131 42. 58.
1132 42. 58.
1133 41. 59.
1134 41. 59.
1135 40. 60.
1136 40. 60.
1137 40. 60.
1138 40. 60.
1139 40. 60.
1140 39. 61.
1141 40. 60.
1142 40. 60.
1143 40. 60.
1144 40. 60.
1145 40. 60.
1146 40. 60.
1147 40. 60.
1148 40. 60.
1149 40. 60.
1150 40. 60.
1151 39. 61.
1152 39. 61.
1153 39. 61.
1154 39. 61.
1155 39. 61.
1156 38. 62.
1157 37. 63.
1158 37. 63.
1159 38. 62.
1160 39. 61.
1161 39. 61.
1162 39. 61.
1163 39. 61.
1164 39. 61.
1165 39. 61.
1166 39. 61.
1167 39. 61.
1168 39. 61.
1169 39. 61.
1170 39. 61.
1171 39. 61.
1172 39. 61.
1173 39. 61.
1174 39. 61.
1175 39. 61.
1176 40. 60.
1177 40. 60.
1178 40. 60.
1179 40. 60.
1180 40. 60.
1181 40. 60.
1182 41. 59.
1183 41. 59.
1184 42. 58.
1185 42. 58.
1186 41. 59.
1187 41. 59.
1188 41. 59.
1189 41. 59.
1190 41. 59.
1191 41. 59.
1192 42. 58.
1193 42. 58.
1194 42. 58.
1195 41. 59.
1196 40. 60.
1197 41. 59.
1198 41. 59.
1199 41. 59.
1200 41. 59.
1201 41. 59.
1202 42. 58.
1203 42. 58.
1204 42. 58.
1205 42. 58.
1206 42. 58.
1207 42. 58.
1208 42. 58.
1209 42. 58.
1210 42. 58.
1211 42. 58.
1212 42. 58.
1213 41. 59.
1214 41. 59.
1215 42. 58.
1216 42. 58.
1217 42. 58.
1218 42. 58.
1219 42. 58.
1220 42. 58.
1221 42. 58.
1222 42. 58.
1223 43. 57.
1224 43. 57.
1225 43. 57.
1226 43. 57.
1227 43. 57.
1228 43. 57.
1229 42. 58.
1230 42. 58.
1231 42. 58.
1232 42. 58.
1233 43. 57.
1234 43. 57.
1235 44. 56.
1236 45. 55.
1237 44. 56.
1238 44. 56.
1239 44. 56.
1240 44. 56.
1241 44. 56.
1242 45. 55.
1243 45. 55.
1244 44. 56.
1245 44. 56.
1246 44. 56.
1247 44. 56.
1248 45. 55.
1249 46. 54.
1250 47. 53.
1251 47. 53.
1252 48. 52.
1253 48. 52.
1254 49. 51.
1255 49. 51.
1256 49. 51.
1257 49. 51.
1258 49. 51.
1259 48. 52.
1260 48. 52.
1261 47. 53.
1262 47. 53.
1263 47. 53.
1264 47. 53.
1265 47. 53.
1266 47. 53.
1267 47. 53.
1268 48. 52.
1269 49. 51.
1270 49. 51.
1271 49. 51.
1272 49. 51.
1273 50. 50.
1274 50. 50.
1275 49. 51.
1276 49. 51.
1277 49. 51.
1278 49. 51.
1279 49. 51.
1280 49. 51.
1281 50. 50.
1282 50. 50.
1283 49. 51.
1284 49. 51.
1285 48. 52.
1286 48. 52.
1287 47. 53.
1288 47. 53.
1289 47. 53.
1290 47. 53.
1291 46. 54.
1292 46. 54.
1293 46. 54.
1294 46. 54.
1295 46. 54.
1296 47. 53.
1297 47. 53.
1298 47. 53.
1299 46. 54.
1300 46. 54.
1301 45. 55.
1302 45. 55.
1303 45. 55.
1304 44. 56.
1305 44. 56.
1306 44. 56.
1307 44. 56.
1308 45. 55.
1309 46. 54.
1310 47. 53.
1311 47. 53.
1312 47. 53.
1313 47. 53.
1314 46. 54.
1315 46. 54.
1316 46. 54.
1317 47. 53.
1318 47. 53.
1319 47. 53.
1320 47. 53.
1321 47. 53.
1322 48. 52.
1323 48. 52.
1324 48. 52.
1325 48. 52.
1326 48. 52.
1327 47. 53.
1328 47. 53.
1329 47. 53.
1330 46. 54.
1331 45. 55.
1332 45. 55.
1333 45. 55.
1334 45. 55.
1335 45. 55.
1336 44. 56.
1337 44. 56.
1338 44. 56.
1339 44. 56.
1340 44. 56.
1341 45. 55.
1342 45. 55.
1343 45. 55.
1344 45. 55.
1345 45. 55.
1346 46. 54.
1347 46. 54.
1348 46. 54.
1349 47. 53.
1350 47. 53.
1351 47. 53.
1352 47. 53.
1353 47. 53.
1354 47. 53.
1355 47. 53.
1356 48. 52.
1357 48. 52.
1358 49. 51.
1359 49. 51.
1360 49. 51.
1361 49. 51.
1362 49. 51.
1363 49. 51.
1364 50. 50.
1365 50. 50.
1366 50. 50.
1367 50. 50.
1368 50. 50.
1369 50. 50.
1370 50. 50.
1371 51. 49.
1372 51. 49.
1373 51. 49.
1374 51. 49.
1375 51. 49.
1376 51. 49.
1377 51. 49.
1378 51. 49.
1379 51. 49.
1380 51. 49.
1381 52. 48.
1382 52. 48.
1383 52. 48.
1384 52. 48.
1385 52. 48.
1386 52. 48.
1387 52. 48.
1388 52. 48.
1389 52. 48.
1390 52. 48.
1391 52. 48.
1392 52. 48.
1393 52. 48.
1394 53. 47.
1395 53. 47.
1396 53. 47.
1397 54. 46.
1398 53. 47.
1399 53. 47.
1400 52. 48.
1401 52. 48.
1402 52. 48.
1403 52. 48.
1404 51. 49.
1405 51. 49.
1406 51. 49.
1407 51. 49.
1408 51. 49.
1409 50. 50.
1410 50. 50.
1411 50. 50.
1412 50. 50.
1413 50. 50.
1414 51. 49.
1415 50. 50.
1416 50. 50.
1417 50. 50.
1418 49. 51.
1419 49. 51.
1420 49. 51.
1421 50. 50.
1422 49. 51.
1423 49. 51.
1424 49. 51.
1425 48. 52.
1426 48. 52.
1427 48. 52.
1428 48. 52.
1429 48. 52.
1430 48. 52.
1431 48. 52.
1432 47. 53.
1433 48. 52.
1434 47. 53.
1435 46. 54.
1436 47. 53.
1437 47. 53.
1438 47. 53.
1439 47. 53.
1440 47. 53.
1441 47. 53.
1442 46. 54.
1443 47. 53.
1444 47. 53.
1445 48. 52.
1446 47. 53.
1447 48. 52.
1448 48. 52.
1449 48. 52.
1450 48. 52.
1451 48. 52.
1452 48. 52.
1453 48. 52.
1454 48. 52.
1455 48. 52.
1456 48. 52.
1457 48. 52.
1458 48. 52.
1459 48. 52.
1460 48. 52.
1461 48. 52.
1462 48. 52.
1463 48. 52.
1464 49. 51.
1465 49. 51.
1466 49. 51.
1467 49. 51.
1468 49. 51.
1469 49. 51.
1470 48. 52.
1471 49. 51.
1472 49. 51.
1473 49. 51.
1474 49. 51.
1475 49. 51.
1476 50. 50.
1477 51. 49.
1478 52. 48.
1479 52. 48.
1480 53. 47.
1481 53. 47.
1482 53. 47.
1483 53. 47.
1484 53. 47.
1485 53. 47.
1486 53. 47.
1487 53. 47.
1488 53. 47.
1489 53. 47.
1490 53. 47.
1491 52. 48.
1492 52. 48.
1493 51. 49.
1494 51. 49.
1495 51. 49.
1496 52. 48.
1497 52. 48.
1498 53. 47.
1499 53. 47.
1500 54. 46.
1501 54. 46.
1502 54. 46.
1503 54. 46.
1504 54. 46.
1505 55. 45.
1506 54. 46.
1507 54. 46.
1508 54. 46.
1509 54. 46.
1510 54. 46.
1511 54. 46.
1512 54. 46.
1513 54. 46.
1514 54. 46.
1515 53. 47.
1516 53. 47.
1517 53. 47.
1518 53. 47.
1519 52. 48.
1520 52. 48.
1521 52. 48.
1522 52. 48.
1523 52. 48.
1524 52. 48.
1525 52. 48.
1526 52. 48.
1527 52. 48.
1528 53. 47.
1529 53. 47.
1530 52. 48.
1531 52. 48.
1532 52. 48.
1533 52. 48.
1534 52. 48.
1535 52. 48.
1536 52. 48.
1537 51. 49.
1538 50. 50.
1539 51. 49.
1540 51. 49.
1541 51. 49.
1542 51. 49.
1543 52. 48.
1544 52. 48.
1545 51. 49.
1546 51. 49.
1547 51. 49.
1548 51. 49.
1549 52. 48.
1550 52. 48.
1551 51. 49.
1552 51. 49.
1553 51. 49.
1554 50. 50.
1555 50. 50.
1556 51. 49.
1557 51. 49.
1558 51. 49.
1559 51. 49.
1560 51. 49.
1561 51. 49.
1562 51. 49.
1563 51. 49.
1564 50. 50.
1565 50. 50.
1566 50. 50.
1567 50. 50.
1568 50. 50.
1569 50. 50.
1570 50. 50.
1571 50. 50.
1572 50. 50.
1573 50. 50.
1574 50. 50.
1575 50. 50.
1576 51. 49.
1577 51. 49.
1578 50. 50.
1579 50. 50.
1580 51. 49.
1581 52. 48.
1582 52. 48.
1583 52. 48.
1584 52. 48.
1585 52. 48.
1586 51. 49.
1587 51. 49.
1588 51. 49.
1589 51. 49.
1590 51. 49.
1591 51. 49.
1592 51. 49.
1593 51. 49.
1594 50. 50.
1595 51. 49.
1596 50. 50.
1597 50. 50.
1598 50. 50.
1599 50. 50.
1600 50. 50.
1601 50. 50.
1602 50. 50.
1603 50. 50.
1604 50. 50.
1605 50. 50.
1606 50. 50.
1607 51. 49.
1608 51. 49.
1609 50. 50.
1610 50. 50.
1611 50. 50.
1612 50. 50.
1613 50. 50.
1614 50. 50.
1615 50. 50.
1616 50. 50.
1617 50. 50.
1618 50. 50.
1619 50. 50.
1620 50. 50.
1621 50. 50.
1622 50. 50.
1623 50. 50.
1624 50. 50.
1625 51. 49.
1626 51. 49.
1627 51. 49.
1628 51. 49.
1629 51. 49.
1630 51. 49.
1631 51. 49.
1632 51. 49.
1633 51. 49.
1634 51. 49.
1635 51. 49.
1636 51. 49.
1637 50. 50.
1638 50. 50.
1639 50. 50.
1640 50. 50.
1641 50. 50.
1642 50. 50.
1643 49. 51.
1644 49. 51.
1645 49. 51.
1646 50. 50.
1647 50. 50.
1648 50. 50.
1649 50. 50.
1650 50. 50.
1651 50. 50.
1652 50. 50.
1653 50. 50.
1654 50. 50.
1655 50. 50.
1656 50. 50.
1657 50. 50.
1658 50. 50.
1659 50. 50.
1660 50. 50.
1661 50. 50.
1662 50. 50.
1663 50. 50.
1664 50. 50.
1665 49. 51.
1666 49. 51.
1667 49. 51.
1668 49. 51.
1669 49. 51.
1670 49. 51.
1671 49. 51.
1672 49. 51.
1673 49. 51.
1674 49. 51.
1675 49. 51.
1676 49. 51.
1677 49. 51.
1678 49. 51.
1679 49. 51.
1680 50. 50.
1681 50. 50.
1682 50. 50.
1683 50. 50.
1684 51. 49.
1685 51. 49.
1686 51. 49.
1687 51. 49.
1688 51. 49.
1689 51. 49.
1690 51. 49.
1691 51. 49.
1692 50. 50.
1693 50. 50.
1694 50. 50.
1695 50. 50.
1696 50. 50.
1697 50. 50.
1698 50. 50.
1699 51. 49.
1700 51. 49.
1701 52. 48.
1702 52. 48.
1703 52. 48.
1704 52. 48.
1705 52. 48.
1706 52. 48.
1707 52. 48.
1708 53. 47.
1709 53. 47.
1710 53. 47.
1711 53. 47.
1712 53. 47.
1713 53. 47.
1714 53. 47.
1715 54. 46.
1716 54. 46.
1717 54. 46.
1718 54. 46.
1719 53. 47.
1720 53. 47.
1721 53. 47.
1722 53. 47.
1723 52. 48.
1724 51. 49.
1725 51. 49.
1726 51. 49.
1727 51. 49.
1728 51. 49.
1729 51. 49.
1730 50. 50.
1731 50. 50.
1732 50. 50.
1733 50. 50.
1734 50. 50.
1735 49. 51.
1736 49. 51.
1737 49. 51.
1738 49. 51.
1739 48. 52.
1740 48. 52.
1741 48. 52.
1742 49. 51.
1743 49. 51.
1744 49. 51.
1745 49. 51.
1746 49. 51.
1747 49. 51.
1748 49. 51.
1749 49. 51.
1750 49. 51.
1751 49. 51.
1752 50. 50.
1753 49. 51.
1754 49. 51.
1755 49. 51.
1756 49. 51.
1757 49. 51.
1758 48. 52.
1759 48. 52.
1760 48. 52.
1761 47. 53.
1762 46. 54.
1763 46. 54.
1764 46. 54.
1765 46. 54.
1766 45. 55.
1767 45. 55.
1768 45. 55.
1769 45. 55.
1770 45. 55.
1771 45. 55.
1772 45. 55.
1773 45. 55.
1774 45. 55.
1775 45. 55.
1776 45. 55.
1777 45. 55.
1778 45. 55.
1779 45. 55.
1780 45. 55.
1781 45. 55.
1782 45. 55.
1783 45. 55.
1784 45. 55.
1785 45. 55.
1786 46. 54.
1787 46. 54.
1788 46. 54.
1789 46. 54.
1790 46. 54.
1791 46. 54.
1792 46. 54.
1793 46. 54.
1794 45. 55.
1795 45. 55.
1796 45. 55.
1797 45. 55.
1798 45. 55.
1799 45. 55.
1800 45. 55.
1801 45. 55.
1802 45. 55.
1803 45. 55.
1804 46. 54.
1805 46. 54.
1806 46. 54.
1807 46. 54.
1808 45. 55.
1809 45. 55.
1810 45. 55.
1811 45. 55.
1812 45. 55.
1813 46. 54.
1814 46. 54.
1815 46. 54.
1816 46. 54.
1817 45. 55.
1818 45. 55.
1819 45. 55.
1820 45. 55.
1821 45. 55.
1822 45. 55.
1823 45. 55.
1824 44. 56.
1825 44. 56.
1826 44. 56.
1827 44. 56.
1828 45. 55.
1829 45. 55.
1830 46. 54.
1831 46. 54.
1832 46. 54.
1833 46. 54.
1834 46. 54.
1835 45. 55.
1836 45. 55.
1837 45. 55.
1838 45. 55.
1839 45. 55.
1840 45. 55.
1841 46. 54.
1842 46. 54.
1843 46. 54.
1844 45. 55.
1845 45. 55.
1846 45. 55.
1847 45. 55.
1848 45. 55.
1849 44. 56.
1850 44. 56.
1851 44. 56.
1852 44. 56.
1853 44. 56.
1854 44. 56.
1855 44. 56.
1856 44. 56.
1857 44. 56.
1858 44. 56.
1859 44. 56.
1860 44. 56.
1861 44. 56.
1862 44. 56.
1863 44. 56.
1864 44. 56.
1865 44. 56.
1866 44. 56.
1867 44. 56.
1868 45. 55.
1869 45. 55.
1870 45. 55.
1871 45. 55.
1872 44. 56.
1873 44. 56.
1874 43. 57.
1875 42. 58.
1876 42. 58.
1877 42. 58.
1878 42. 58.
1879 42. 58.
1880 42. 58.
1881 42. 58.
1882 42. 58.
1883 42. 58.
1884 42. 58.
1885 42. 58.
1886 42. 58.
1887 42. 58.
1888 43. 57.
1889 43. 57.
1890 43. 57.
1891 44. 56.
1892 44. 56.
1893 44. 56.
1894 45. 55.
1895 45. 55.
1896 45. 55.
1897 44. 56.
1898 43. 57.
1899 43. 57.
1900 43. 57.
1901 43. 57.
1902 42. 58.
1903 42. 58.
1904 41. 59.
1905 41. 59.
1906 41. 59.
1907 41. 59.
1908 42. 58.
1909 42. 58.
1910 42. 58.
1911 42. 58.
1912 42. 58.
1913 42. 58.
1914 42. 58.
1915 42. 58.
1916 42. 58.
1917 42. 58.
1918 42. 58.
1919 42. 58.
1920 42. 58.
1921 42. 58.
1922 43. 57.
1923 43. 57.
1924 43. 57.
1925 43. 57.
1926 43. 57.
1927 43. 57.
1928 43. 57.
1929 43. 57.
1930 43. 57.
1931 42. 58.
1932 42. 58.
1933 42. 58.
1934 42. 58.
1935 42. 58.
1936 42. 58.
1937 42. 58.
1938 42. 58.
1939 42. 58.
1940 42. 58.
1941 42. 58.
1942 42. 58.
1943 42. 58.
1944 43. 57.
1945 43. 57.
1946 43. 57.
1947 43. 57.
1948 43. 57.
1949 43. 57.
1950 43. 57.
1951 43. 57.
1952 43. 57.
1953 43. 57.
1954 44. 56.
1955 44. 56.
1956 44. 56.
1957 44. 56.
1958 44. 56.
1959 44. 56.
1960 44. 56.
1961 44. 56.
1962 44. 56.
1963 45. 55.
1964 46. 54.
1965 46. 54.
1966 46. 54.
1967 46. 54.
1968 46. 54.
1969 46. 54.
1970 46. 54.
1971 46. 54.
1972 46. 54.
1973 45. 55.
1974 44. 56.
1975 44. 56.
1976 44. 56.
1977 44. 56.
1978 44. 56.
1979 45. 55.
1980 46. 54.
1981 46. 54.
1982 46. 54.
1983 46. 54.
1984 46. 54.
1985 46. 54.
1986 47. 53.
1987 47. 53.
1988 47. 53.
1989 47. 53.
1990 46. 54.
1991 46. 54.
1992 45. 55.
1993 45. 55.
1994 45. 55.
1995 45. 55.
1996 45. 55.
1997 45. 55.
1998 45. 55.
1999 45. 55.
2000 45. 55.
2001 45. 55.
2002 45. 55.
2003 45. 55.
2004 45. 55.
2005 45. 55.
2006 45. 55.
2007 45. 55.
2008 44. 56.
2009 44. 56.
2010 44. 56.
2011 44. 56.
2012 44. 56.
2013 44. 56.
2014 44. 56.
2015 44. 56.
2016 44. 56.
2017 44. 56.
2018 45. 55.
2019 45. 55.
2020 45. 55.
2021 45. 55.
2022 45. 55.
2023 46. 54.
2024 46. 54.
2025 46. 54.
2026 46. 54.
2027 46. 54.
2028 46. 54.
2029 45. 55.
2030 45. 55.
2031 45. 55.
2032 45. 55.
2033 45. 55.
2034 45. 55.
2035 45. 55.
2036 44. 56.
2037 45. 55.
2038 45. 55.
2039 45. 55.
2040 45. 55.
2041 45. 55.
2042 46. 54.
2043 45. 55.
2044 46. 54.
2045 45. 55.
2046 46. 54.
2047 46. 54.
2048 46. 54.
2049 46. 54.
2050 46. 54.
2051 47. 53.
2052 47. 53.
2053 47. 53.
2054 47. 53.
2055 47. 53.
2056 47. 53.
2057 47. 53.
2058 47. 53.
2059 47. 53.
2060 47. 53.
2061 47. 53.
2062 47. 53.
2063 47. 53.
2064 47. 53.
2065 46. 54.
2066 46. 54.
2067 45. 55.
2068 45. 55.
2069 45. 55.
2070 45. 55.
2071 45. 55.
2072 45. 55.
2073 46. 54.
2074 46. 54.
2075 46. 54.
2076 46. 54.
2077 46. 54.
2078 46. 54.
2079 45. 55.
2080 45. 55.
2081 44. 56.
2082 44. 56.
2083 44. 56.
2084 44. 56.
2085 44. 56.
2086 44. 56.
2087 44. 56.
2088 44. 56.
2089 44. 56.
2090 44. 56.
2091 44. 56.
2092 44. 56.
2093 44. 56.
2094 45. 55.
2095 45. 55.
2096 45. 55.
2097 45. 55.
2098 45. 55.
2099 45. 55.
2100 45. 55.
2101 45. 55.
2102 45. 55.
2103 45. 55.
2104 46. 54.
2105 45. 55.
2106 45. 55.
2107 45. 55.
2108 46. 54.
2109 46. 54.
2110 46. 54.
2111 46. 54.
2112 46. 54.
2113 46. 54.
2114 45. 55.
2115 46. 54.
2116 46. 54.
2117 46. 54.
2118 47. 53.
2119 47. 53.
2120 47. 53.
2121 47. 53.
2122 47. 53.
2123 47. 53.
2124 47. 53.
2125 47. 53.
2126 47. 53.
2127 47. 53.
2128 46. 54.
2129 46. 54.
2130 46. 54.
2131 46. 54.
2132 46. 54.
2133 46. 54.
2134 46. 54.
2135 46. 54.
2136 47. 53.
2137 47. 53.
2138 47. 53.
2139 47. 53.
2140 48. 52.
2141 48. 52.
2142 48. 52.
2143 48. 52.
2144 48. 52.
2145 48. 52.
2146 47. 53.
2147 48. 52.
2148 47. 53.
2149 47. 53.
2150 47. 53.
2151 47. 53.
2152 47. 53.
2153 47. 53.
2154 47. 53.
2155 47. 53.
2156 47. 53.
2157 47. 53.
2158 47. 53.
2159 47. 53.
2160 46. 54.
2161 46. 54.
2162 46. 54.
2163 46. 54.
2164 47. 53.
2165 47. 53.
2166 47. 53.
2167 47. 53.
2168 47. 53.
2169 47. 53.
2170 47. 53.
2171 47. 53.
2172 47. 53.
2173 48. 52.
2174 48. 52.
2175 48. 52.
2176 48. 52.
2177 47. 53.
2178 48. 52.
2179 47. 53.
2180 47. 53.
2181 46. 54.
2182 47. 53.
2183 46. 54.
2184 46. 54.
2185 46. 54.
2186 46. 54.
2187 46. 54.
2188 46. 54.
2189 46. 54.
2190 46. 54.
2191 46. 54.
2192 46. 54.
2193 46. 54.
2194 46. 54.
2195 46. 54.
2196 46. 54.
2197 46. 54.
2198 46. 54.
2199 45. 55.
2200 44. 56.
2201 44. 56.
2202 44. 56.
2203 44. 56.
2204 44. 56.
2205 44. 56.
2206 44. 56.
2207 44. 56.
2208 43. 57.
2209 43. 57.
2210 43. 57.
2211 43. 57.
2212 43. 57.
2213 42. 58.
2214 42. 58.
2215 42. 58.
2216 42. 58.
2217 43. 57.
2218 43. 57.
2219 44. 56.
2220 43. 57.
2221 43. 57.
2222 42. 58.
2223 42. 58.
2224 42. 58.
2225 42. 58.
2226 42. 58.
2227 42. 58.
2228 42. 58.
2229 42. 58.
2230 42. 58.
2231 42. 58.
2232 42. 58.
2233 42. 58.
2234 42. 58.
2235 42. 58.
2236 42. 58.
2237 42. 58.
2238 43. 57.
2239 43. 57.
2240 42. 58.
2241 41. 59.
2242 42. 58.
2243 42. 58.
2244 42. 58.
2245 42. 58.
2246 42. 58.
2247 42. 58.
2248 41. 59.
2249 41. 59.
2250 41. 59.
2251 42. 58.
2252 43. 57.
2253 43. 57.
2254 43. 57.
2255 43. 57.
2256 43. 57.
2257 43. 57.
2258 43. 57.
2259 43. 57.
2260 43. 57.
2261 43. 57.
2262 43. 57.
2263 43. 57.
2264 43. 57.
2265 43. 57.
2266 43. 57.
2267 43. 57.
2268 43. 57.
2269 43. 57.
2270 42. 58.
2271 42. 58.
2272 42. 58.
2273 42. 58.
2274 42. 58.
2275 42. 58.
2276 42. 58.
2277 42. 58.
2278 42. 58.
2279 42. 58.
2280 42. 58.
2281 42. 58.
2282 42. 58.
2283 43. 57.
2284 42. 58.
2285 42. 58.
2286 42. 58.
2287 42. 58.
2288 42. 58.
2289 42. 58.
2290 43. 57.
2291 42. 58.
2292 42. 58.
2293 43. 57.
2294 43. 57.
2295 43. 57.
2296 43. 57.
2297 43. 57.
2298 43. 57.
2299 43. 57.
2300 42. 58.
2301 42. 58.
2302 41. 59.
2303 41. 59.
2304 40. 60.
2305 40. 60.
2306 40. 60.
2307 39. 61.
2308 39. 61.
2309 39. 61.
2310 39. 61.
2311 40. 60.
2312 40. 60.
2313 40. 60.
2314 40. 60.
2315 41. 59.
2316 41. 59.
2317 41. 59.
2318 41. 59.
2319 41. 59.
2320 41. 59.
2321 41. 59.
2322 42. 58.
2323 42. 58.
2324 42. 58.
2325 41. 59.
2326 41. 59.
2327 41. 59.
2328 41. 59.
2329 41. 59.
2330 41. 59.
2331 41. 59.
2332 41. 59.
2333 41. 59.
2334 41. 59.
2335 42. 58.
2336 43. 57.
2337 42. 58.
2338 42. 58.
2339 42. 58.
2340 42. 58.
2341 42. 58.
2342 42. 58.
2343 42. 58.
2344 41. 59.
2345 41. 59.
2346 41. 59.
2347 41. 59.
2348 41. 59.
2349 40. 60.
2350 40. 60.
2351 40. 60.
2352 40. 60.
2353 40. 60.
2354 39. 61.
2355 38. 62.
2356 38. 62.
2357 38. 62.
2358 38. 62.
2359 39. 61.
2360 39. 61.
2361 39. 61.
2362 39. 61.
2363 39. 61.
2364 39. 61.
2365 39. 61.
2366 40. 60.
2367 40. 60.
2368 39. 61.
2369 39. 61.
2370 40. 60.
2371 39. 61.
2372 40. 60.
2373 40. 60.
2374 40. 60.
2375 40. 60.
2376 40. 60.
2377 40. 60.
2378 40. 60.
2379 40. 60.
2380 40. 60.
2381 40. 60.
2382 40. 60.
2383 40. 60.
2384 40. 60.
2385 40. 60.
2386 40. 60.
2387 40. 60.
2388 39. 61.
2389 39. 61.
2390 38. 62.
2391 38. 62.
2392 38. 62.
2393 37. 63.
2394 37. 63.
2395 37. 63.
2396 38. 62.
2397 38. 62.
2398 39. 61.
2399 39. 61.
2400 39. 61.
2401 38. 62.
2402 38. 62.
2403 38. 62.
2404 38. 62.
2405 38. 62.
2406 38. 62.
2407 37. 63.
2408 37. 63.
2409 36. 64.
2410 36. 64.
2411 36. 64.
2412 35. 65.
2413 35. 65.
2414 35. 65.
2415 35. 65.
2416 35. 65.
2417 36. 64.
2418 36. 64.
2419 36. 64.
2420 37. 63.
2421 37. 63.
2422 36. 64.
2423 36. 64.
2424 36. 64.
2425 36. 64.
2426 36. 64.
2427 36. 64.
2428 36. 64.
2429 36. 64.
2430 36. 64.
2431 35. 65.
2432 35. 65.
2433 35. 65.
2434 35. 65.
2435 35. 65.
2436 35. 65.
2437 35. 65.
2438 34. 66.
2439 35. 65.
2440 35. 65.
2441 35. 65.
2442 35. 65.
2443 35. 65.
2444 34. 66.
2445 33. 67.
2446 33. 67.
2447 33. 67.
2448 33. 67.
2449 32. 68.
2450 31. 69.
2451 31. 69.
2452 31. 69.
2453 30. 70.
2454 30. 70.
2455 29. 71.
2456 29. 71.
2457 30. 70.
2458 30. 70.
2459 30. 70.
2460 30. 70.
2461 30. 70.
2462 30. 70.
2463 30. 70.
2464 31. 69.
2465 32. 68.
2466 32. 68.
2467 32. 68.
2468 33. 67.
2469 33. 67.
2470 33. 67.
2471 34. 66.
2472 34. 66.
2473 34. 66.
2474 35. 65.
2475 35. 65.
2476 35. 65.
2477 36. 64.
2478 36. 64.
2479 36. 64.
2480 35. 65.
2481 35. 65.
2482 35. 65.
2483 35. 65.
2484 35. 65.
2485 35. 65.
2486 35. 65.
2487 35. 65.
2488 35. 65.
2489 34. 66.
2490 34. 66.
2491 34. 66.
2492 34. 66.
2493 33. 67.
2494 33. 67.
2495 33. 67.
2496 33. 67.
2497 33. 67.
2498 33. 67.
2499 33. 67.
2500 33. 67.
2501 33. 67.
2502 33. 67.
2503 32. 68.
2504 32. 68.
2505 32. 68.
2506 31. 69.
2507 32. 68.
2508 32. 68.
2509 31. 69.
2510 31. 69.
2511 31. 69.
2512 31. 69.
2513 31. 69.
2514 30. 70.
2515 30. 70.
2516 31. 69.
2517 31. 69.
2518 31. 69.
2519 32. 68.
2520 33. 67.
2521 32. 68.
2522 32. 68.
2523 32. 68.
2524 32. 68.
2525 32. 68.
2526 32. 68.
2527 32. 68.
2528 31. 69.
2529 32. 68.
2530 33. 67.
2531 33. 67.
2532 33. 67.
2533 32. 68.
2534 32. 68.
2535 32. 68.
2536 32. 68.
2537 31. 69.
2538 32. 68.
2539 32. 68.
2540 32. 68.
2541 32. 68.
2542 32. 68.
2543 31. 69.
2544 32. 68.
2545 33. 67.
2546 33. 67.
2547 33. 67.
2548 33. 67.
2549 33. 67.
2550 33. 67.
2551 32. 68.
2552 32. 68.
2553 32. 68.
2554 32. 68.
2555 32. 68.
2556 31. 69.
2557 31. 69.
2558 31. 69.
2559 30. 70.
2560 29. 71.
2561 29. 71.
2562 28. 72.
2563 28. 72.
2564 28. 72.
2565 28. 72.
2566 28. 72.
2567 28. 72.
2568 28. 72.
2569 27. 73.
2570 27. 73.
2571 27. 73.
2572 28. 72.
2573 28. 72.
2574 28. 72.
2575 28. 72.
2576 28. 72.
2577 28. 72.
2578 29. 71.
2579 29. 71.
2580 29. 71.
2581 29. 71.
2582 29. 71.
2583 29. 71.
2584 28. 72.
2585 28. 72.
2586 28. 72.
2587 28. 72.
2588 28. 72.
2589 27. 73.
2590 27. 73.
2591 27. 73.
2592 27. 73.
2593 27. 73.
2594 27. 73.
2595 27. 73.
2596 27. 73.
2597 27. 73.
2598 27. 73.
2599 27. 73.
2600 26. 74.
2601 26. 74.
2602 27. 73.
2603 27. 73.
2604 28. 72.
2605 28. 72.
2606 29. 71.
2607 29. 71.
2608 29. 71.
2609 29. 71.
2610 29. 71.
2611 29. 71.
2612 29. 71.
2613 29. 71.
2614 28. 72.
2615 27. 73.
2616 27. 73.
2617 26. 74.
2618 26. 74.
2619 27. 73.
2620 27. 73.
2621 27. 73.
2622 27. 73.
2623 27. 73.
2624 27. 73.
2625 27. 73.
2626 27. 73.
2627 27. 73.
2628 28. 72.
2629 28. 72.
2630 28. 72.
2631 28. 72.
2632 27. 73.
2633 28. 72.
2634 28. 72.
2635 28. 72.
2636 28. 72.
2637 28. 72.
2638 28. 72.
2639 28. 72.
2640 28. 72.
2641 28. 72.
2642 29. 71.
2643 29. 71.
2644 29. 71.
2645 29. 71.
2646 29. 71.
2647 29. 71.
2648 30. 70.
2649 30. 70.
2650 30. 70.
2651 30. 70.
2652 30. 70.
2653 30. 70.
2654 30. 70.
2655 30. 70.
2656 30. 70.
2657 30. 70.
2658 30. 70.
2659 31. 69.
2660 31. 69.
2661 32. 68.
2662 32. 68.
2663 32. 68.
2664 32. 68.
2665 31. 69.
2666 32. 68.
2667 31. 69.
2668 31. 69.
2669 31. 69.
2670 31. 69.
2671 31. 69.
2672 31. 69.
2673 31. 69.
2674 31. 69.
2675 31. 69.
2676 31. 69.
2677 31. 69.
2678 31. 69.
2679 31. 69.
2680 31. 69.
2681 31. 69.
2682 31. 69.
2683 31. 69.
2684 31. 69.
2685 31. 69.
2686 31. 69.
2687 31. 69.
2688 30. 70.
2689 31. 69.
2690 30. 70.
2691 29. 71.
2692 29. 71.
2693 29. 71.
2694 30. 70.
2695 30. 70.
2696 29. 71.
2697 29. 71.
2698 29. 71.
2699 29. 71.
2700 30. 70.
2701 31. 69.
2702 31. 69.
2703 31. 69.
2704 31. 69.
2705 31. 69.
2706 31. 69.
2707 32. 68.
2708 32. 68.
2709 32. 68.
2710 31. 69.
2711 31. 69.
2712 31. 69.
2713 31. 69.
2714 31. 69.
2715 32. 68.
2716 32. 68.
2717 32. 68.
2718 32. 68.
2719 32. 68.
2720 32. 68.
2721 32. 68.
2722 32. 68.
2723 32. 68.
2724 32. 68.
2725 32. 68.
2726 32. 68.
2727 33. 67.
2728 33. 67.
2729 33. 67.
2730 33. 67.
2731 33. 67.
2732 33. 67.
2733 33. 67.
2734 33. 67.
2735 33. 67.
2736 32. 68.
2737 32. 68.
2738 32. 68.
2739 32. 68.
2740 31. 69.
2741 31. 69.
2742 31. 69.
2743 30. 70.
2744 30. 70.
2745 30. 70.
2746 30. 70.
2747 30. 70.
2748 30. 70.
2749 30. 70.
2750 30. 70.
2751 31. 69.
2752 31. 69.
2753 31. 69.
2754 31. 69.
2755 31. 69.
2756 32. 68.
2757 32. 68.
2758 32. 68.
2759 32. 68.
2760 31. 69.
2761 31. 69.
2762 31. 69.
2763 31. 69.
2764 31. 69.
2765 31. 69.
2766 31. 69.
2767 31. 69.
2768 32. 68.
2769 32. 68.
2770 32. 68.
2771 32. 68.
2772 32. 68.
2773 32. 68.
2774 32. 68.
2775 32. 68.
2776 32. 68.
2777 31. 69.
2778 31. 69.
2779 31. 69.
2780 31. 69.
2781 32. 68.
2782 33. 67.
2783 33. 67.
2784 33. 67.
2785 33. 67.
2786 33. 67.
2787 34. 66.
2788 34. 66.
2789 34. 66.
2790 35. 65.
2791 34. 66.
2792 34. 66.
2793 34. 66.
2794 34. 66.
2795 34. 66.
2796 34. 66.
2797 34. 66.
2798 33. 67.
2799 33. 67.
2800 33. 67.
2801 33. 67.
2802 33. 67.
2803 33. 67.
2804 33. 67.
2805 33. 67.
2806 34. 66.
2807 34. 66.
2808 34. 66.
2809 34. 66.
2810 33. 67.
2811 33. 67.
2812 32. 68.
2813 32. 68.
2814 31. 69.
2815 31. 69.
2816 31. 69.
2817 31. 69.
2818 31. 69.
2819 31. 69.
2820 31. 69.
2821 31. 69.
2822 31. 69.
2823 31. 69.
2824 31. 69.
2825 31. 69.
2826 31. 69.
2827 31. 69.
2828 31. 69.
2829 31. 69.
2830 31. 69.
2831 31. 69.
2832 31. 69.
2833 31. 69.
2834 31. 69.
2835 31. 69.
2836 31. 69.
2837 31. 69.
2838 30. 70.
2839 30. 70.
2840 30. 70.
2841 30. 70.
2842 30. 70.
2843 30. 70.
2844 30. 70.
2845 30. 70.
2846 30. 70.
2847 30. 70.
2848 30. 70.
2849 29. 71.
2850 29. 71.
2851 30. 70.
2852 29. 71.
2853 29. 71.
2854 30. 70.
2855 30. 70.
2856 30. 70.
2857 31. 69.
2858 31. 69.
2859 30. 70.
2860 30. 70.
2861 30. 70.
2862 31. 69.
2863 32. 68.
2864 32. 68.
2865 32. 68.
2866 32. 68.
2867 33. 67.
2868 33. 67.
2869 33. 67.
2870 33. 67.
2871 33. 67.
2872 33. 67.
2873 33. 67.
2874 34. 66.
2875 34. 66.
2876 33. 67.
2877 33. 67.
2878 33. 67.
2879 33. 67.
2880 33. 67.
2881 33. 67.
2882 33. 67.
2883 33. 67.
2884 33. 67.
2885 33. 67.
2886 33. 67.
2887 33. 67.
2888 33. 67.
2889 32. 68.
2890 32. 68.
2891 32. 68.
2892 32. 68.
2893 32. 68.
2894 33. 67.
2895 33. 67.
2896 33. 67.
2897 33. 67.
2898 33. 67.
2899 33. 67.
2900 33. 67.
2901 34. 66.
2902 35. 65.
2903 35. 65.
2904 36. 64.
2905 36. 64.
2906 36. 64.
2907 36. 64.
2908 36. 64.
2909 36. 64.
2910 37. 63.
2911 37. 63.
2912 38. 62.
2913 38. 62.
2914 38. 62.
2915 38. 62.
2916 38. 62.
2917 38. 62.
2918 38. 62.
2919 38. 62.
2920 38. 62.
2921 39. 61.
2922 38. 62.
2923 38. 62.
2924 37. 63.
2925 36. 64.
2926 36. 64.
2927 36. 64.
2928 36. 64.
2929 35. 65.
2930 35. 65.
2931 35. 65.
2932 35. 65.
2933 34. 66.
2934 34. 66.
2935 34. 66.
2936 33. 67.
2937 33. 67.
2938 33. 67.
2939 33. 67.
2940 33. 67.
2941 33. 67.
2942 33. 67.
2943 33. 67.
2944 32. 68.
2945 32. 68.
2946 32. 68.
2947 32. 68.
2948 33. 67.
2949 33. 67.
2950 33. 67.
2951 32. 68.
2952 32. 68.
2953 32. 68.
2954 32. 68.
2955 32. 68.
2956 32. 68.
2957 33. 67.
2958 33. 67.
2959 33. 67.
2960 33. 67.
2961 33. 67.
2962 32. 68.
2963 32. 68.
2964 32. 68.
2965 32. 68.
2966 32. 68.
2967 32. 68.
2968 32. 68.
2969 31. 69.
2970 31. 69.
2971 30. 70.
2972 30. 70.
2973 30. 70.
2974 30. 70.
2975 30. 70.
2976 30. 70.
2977 31. 69.
2978 31. 69.
2979 31. 69.
2980 31. 69.
2981 31. 69.
2982 31. 69.
2983 31. 69.
2984 30. 70.
2985 30. 70.
2986 30. 70.
2987 30. 70.
2988 30. 70.
2989 30. 70.
2990 30. 70.
2991 30. 70.
2992 30. 70.
2993 30. 70.
2994 31. 69.
2995 31. 69.
2996 32. 68.
2997 32. 68.
2998 33. 67.
2999 33. 67.
3000 33. 67.
3001 33. 67.
3002 33. 67.
3003 34. 66.
3004 33. 67.
3005 34. 66.
3006 33. 67.
3007 33. 67.
3008 33. 67.
3009 32. 68.
3010 32. 68.
3011 32. 68.
3012 33. 67.
3013 33. 67.
3014 33. 67.
3015 33. 67.
3016 33. 67.
3017 33. 67.
3018 33. 67.
3019 33. 67.
3020 34. 66.
3021 34. 66.
3022 34. 66.
3023 34. 66.
3024 34. 66.
3025 34. 66.
3026 34. 66.
3027 34. 66.
3028 34. 66.
3029 34. 66.
3030 34. 66.
3031 33. 67.
3032 33. 67.
3033 33. 67.
3034 32. 68.
3035 32. 68.
3036 32. 68.
3037 32. 68.
3038 32. 68.
3039 33. 67.
3040 33. 67.
3041 33. 67.
3042 33. 67.
3043 33. 67.
3044 33. 67.
3045 33. 67.
3046 33. 67.
3047 33. 67.
3048 33. 67.
3049 33. 67.
3050 33. 67.
3051 33. 67.
3052 33. 67.
3053 34. 66.
3054 34. 66.
3055 34. 66.
3056 34. 66.
3057 34. 66.
3058 33. 67.
3059 34. 66.
3060 33. 67.
3061 33. 67.
3062 33. 67.
3063 33. 67.
3064 33. 67.
3065 34. 66.
3066 34. 66.
3067 34. 66.
3068 34. 66.
3069 34. 66.
3070 34. 66.
3071 35. 65.
3072 35. 65.
3073 35. 65.
3074 35. 65.
3075 34. 66.
3076 34. 66.
3077 34. 66.
3078 34. 66.
3079 34. 66.
3080 34. 66.
3081 34. 66.
3082 34. 66.
3083 34. 66.
3084 34. 66.
3085 34. 66.
3086 34. 66.
3087 34. 66.
3088 34. 66.
3089 34. 66.
3090 34. 66.
3091 34. 66.
3092 34. 66.
3093 33. 67.
3094 33. 67.
3095 33. 67.
3096 33. 67.
3097 33. 67.
3098 33. 67.
3099 33. 67.
3100 33. 67.
3101 33. 67.
3102 32. 68.
3103 32. 68.
3104 32. 68.
3105 32. 68.
3106 32. 68.
3107 33. 67.
3108 33. 67.
3109 33. 67.
3110 34. 66.
3111 34. 66.
3112 34. 66.
3113 34. 66.
3114 34. 66.
3115 34. 66.
3116 34. 66.
3117 34. 66.
3118 34. 66.
3119 34. 66.
3120 34. 66.
3121 35. 65.
3122 35. 65.
3123 35. 65.
3124 35. 65.
3125 34. 66.
3126 34. 66.
3127 34. 66.
3128 34. 66.
3129 35. 65.
3130 35. 65.
3131 35. 65.
3132 36. 64.
3133 35. 65.
3134 35. 65.
3135 36. 64.
3136 36. 64.
3137 35. 65.
3138 35. 65.
3139 35. 65.
3140 35. 65.
3141 35. 65.
3142 35. 65.
3143 35. 65.
3144 35. 65.
3145 34. 66.
3146 34. 66.
3147 33. 67.
3148 33. 67.
3149 32. 68.
3150 32. 68.
3151 32. 68.
3152 31. 69.
3153 31. 69.
3154 31. 69.
3155 31. 69.
3156 31. 69.
3157 32. 68.
3158 32. 68.
3159 32. 68.
3160 32. 68.
3161 32. 68.
3162 32. 68.
3163 32. 68.
3164 33. 67.
3165 33. 67.
3166 33. 67.
3167 33. 67.
3168 33. 67.
3169 32. 68.
3170 32. 68.
3171 32. 68.
3172 32. 68.
3173 32. 68.
3174 32. 68.
3175 32. 68.
3176 32. 68.
3177 32. 68.
3178 32. 68.
3179 32. 68.
3180 32. 68.
3181 32. 68.
3182 32. 68.
3183 33. 67.
3184 32. 68.
3185 32. 68.
3186 32. 68.
3187 32. 68.
3188 32. 68.
3189 32. 68.
3190 32. 68.
3191 32. 68.
3192 32. 68.
3193 32. 68.
3194 32. 68.
3195 32. 68.
3196 33. 67.
3197 33. 67.
3198 33. 67.
3199 33. 67.
3200 33. 67.
3201 33. 67.
3202 33. 67.
3203 33. 67.
3204 33. 67.
3205 33. 67.
3206 33. 67.
3207 32. 68.
3208 31. 69.
3209 31. 69.
3210 31. 69.
3211 31. 69.
3212 31. 69.
3213 31. 69.
3214 31. 69.
3215 31. 69.
3216 31. 69.
3217 31. 69.
3218 32. 68.
3219 31. 69.
3220 31. 69.
3221 31. 69.
3222 31. 69.
3223 32. 68.
3224 32. 68.
3225 32. 68.
3226 32. 68.
3227 32. 68.
3228 32. 68.
3229 31. 69.
3230 31. 69.
3231 31. 69.
3232 31. 69.
3233 31. 69.
3234 31. 69.
3235 31. 69.
3236 30. 70.
3237 30. 70.
3238 29. 71.
3239 29. 71.
3240 29. 71.
3241 29. 71.
3242 29. 71.
3243 29. 71.
3244 28. 72.
3245 28. 72.
3246 28. 72.
3247 27. 73.
3248 27. 73.
3249 27. 73.
3250 27. 73.
3251 27. 73.
3252 27. 73.
3253 27. 73.
3254 27. 73.
3255 27. 73.
3256 27. 73.
3257 26. 74.
3258 26. 74.
3259 26. 74.
3260 26. 74.
3261 26. 74.
3262 26. 74.
3263 26. 74.
3264 26. 74.
3265 26. 74.
3266 26. 74.
3267 26. 74.
3268 26. 74.
3269 26. 74.
3270 26. 74.
3271 26. 74.
3272 26. 74.
3273 26. 74.
3274 26. 74.
3275 26. 74.
3276 27. 73.
3277 28. 72.
3278 28. 72.
3279 28. 72.
3280 28. 72.
3281 28. 72.
3282 27. 73.
3283 27. 73.
3284 27. 73.
3285 27. 73.
3286 27. 73.
3287 27. 73.
3288 27. 73.
3289 27. 73.
3290 27. 73.
3291 27. 73.
3292 26. 74.
3293 26. 74.
3294 26. 74.
3295 26. 74.
3296 26. 74.
3297 26. 74.
3298 26. 74.
3299 26. 74.
3300 26. 74.
3301 26. 74.
3302 25. 75.
3303 26. 74.
3304 26. 74.
3305 26. 74.
3306 26. 74.
3307 26. 74.
3308 25. 75.
3309 25. 75.
3310 26. 74.
3311 26. 74.
3312 26. 74.
3313 26. 74.
3314 26. 74.
3315 26. 74.
3316 26. 74.
3317 26. 74.
3318 26. 74.
3319 26. 74.
3320 26. 74.
3321 27. 73.
3322 26. 74.
3323 26. 74.
3324 26. 74.
3325 26. 74.
3326 26. 74.
3327 27. 73.
3328 27. 73.
3329 26. 74.
3330 26. 74.
3331 27. 73.
3332 27. 73.
3333 27. 73.
3334 26. 74.
3335 26. 74.
3336 26. 74.
3337 26. 74.
3338 26. 74.
3339 26. 74.
3340 26. 74.
3341 26. 74.
3342 26. 74.
3343 25. 75.
3344 25. 75.
3345 25. 75.
3346 25. 75.
3347 25. 75.
3348 25. 75.
3349 25. 75.
3350 25. 75.
3351 25. 75.
3352 25. 75.
3353 25. 75.
3354 26. 74.
3355 26. 74.
3356 25. 75.
3357 25. 75.
3358 25. 75.
3359 25. 75.
3360 25. 75.
3361 26. 74.
3362 26. 74.
3363 26. 74.
3364 26. 74.
3365 25. 75.
3366 26. 74.
3367 26. 74.
3368 26. 74.
3369 26. 74.
3370 26. 74.
3371 26. 74.
3372 26. 74.
3373 26. 74.
3374 26. 74.
3375 26. 74.
3376 26. 74.
3377 27. 73.
3378 27. 73.
3379 27. 73.
3380 27. 73.
3381 28. 72.
3382 28. 72.
3383 28. 72.
3384 28. 72.
3385 28. 72.
3386 28. 72.
3387 28. 72.
3388 28. 72.
3389 28. 72.
3390 28. 72.
3391 28. 72.
3392 28. 72.
3393 27. 73.
3394 27. 73.
3395 27. 73.
3396 27. 73.
3397 27. 73.
3398 27. 73.
3399 27. 73.
3400 27. 73.
3401 27. 73.
3402 27. 73.
3403 27. 73.
3404 27. 73.
3405 27. 73.
3406 27. 73.
3407 28. 72.
3408 28. 72.
3409 27. 73.
3410 27. 73.
3411 27. 73.
3412 26. 74.
3413 26. 74.
3414 27. 73.
3415 27. 73.
3416 27. 73.
3417 27. 73.
3418 28. 72.
3419 28. 72.
3420 28. 72.
3421 28. 72.
3422 28. 72.
3423 27. 73.
3424 27. 73.
3425 27. 73.
3426 28. 72.
3427 28. 72.
3428 28. 72.
3429 28. 72.
3430 28. 72.
3431 28. 72.
3432 28. 72.
3433 28. 72.
3434 28. 72.
3435 28. 72.
3436 28. 72.
3437 28. 72.
3438 29. 71.
3439 28. 72.
3440 28. 72.
3441 28. 72.
3442 28. 72.
3443 28. 72.
3444 28. 72.
3445 28. 72.
3446 28. 72.
3447 28. 72.
3448 28. 72.
3449 29. 71.
3450 29. 71.
3451 29. 71.
3452 29. 71.
3453 29. 71.
3454 29. 71.
3455 29. 71.
3456 29. 71.
3457 29. 71.
3458 29. 71.
3459 29. 71.
3460 30. 70.
3461 30. 70.
3462 30. 70.
3463 30. 70.
3464 30. 70.
3465 30. 70.
3466 30. 70.
3467 30. 70.
3468 30. 70.
3469 29. 71.
3470 29. 71.
3471 29. 71.
3472 29. 71.
3473 29. 71.
3474 29. 71.
3475 29. 71.
3476 29. 71.
3477 29. 71.
3478 30. 70.
3479 30. 70.
3480 30. 70.
3481 29. 71.
3482 29. 71.
3483 29. 71.
3484 29. 71.
3485 29. 71.
3486 30. 70.
3487 30. 70.
3488 30. 70.
3489 30. 70.
3490 30. 70.
3491 30. 70.
3492 30. 70.
3493 30. 70.
3494 31. 69.
3495 30. 70.
3496 30. 70.
3497 30. 70.
3498 31. 69.
3499 31. 69.
3500 31. 69.
3501 31. 69.
3502 31. 69.
3503 32. 68.
3504 32. 68.
3505 32. 68.
3506 32. 68.
3507 32. 68.
3508 32. 68.
3509 32. 68.
3510 31. 69.
3511 31. 69.
3512 31. 69.
3513 31. 69.
3514 30. 70.
3515 30. 70.
3516 30. 70.
3517 30. 70.
3518 30. 70.
3519 30. 70.
3520 31. 69.
3521 31. 69.
3522 31. 69.
3523 31. 69.
3524 31. 69.
3525 31. 69.
3526 31. 69.
3527 30. 70.
3528 30. 70.
3529 30. 70.
3530 29. 71.
3531 29. 71.
3532 30. 70.
3533 30. 70.
3534 30. 70.
3535 30. 70.
3536 31. 69.
3537 30. 70.
3538 30. 70.
3539 30. 70.
3540 30. 70.
3541 30. 70.
3542 30. 70.
3543 30. 70.
3544 29. 71.
3545 30. 70.
3546 30. 70.
3547 31. 69.
3548 31. 69.
3549 31. 69.
3550 31. 69.
3551 32. 68.
3552 32. 68.
3553 32. 68.
3554 32. 68.
3555 31. 69.
3556 31. 69.
3557 31. 69.
3558 31. 69.
3559 31. 69.
3560 32. 68.
3561 33. 67.
3562 34. 66.
3563 34. 66.
3564 33. 67.
3565 33. 67.
3566 33. 67.
3567 33. 67.
3568 33. 67.
3569 33. 67.
3570 33. 67.
3571 34. 66.
3572 33. 67.
3573 33. 67.
3574 33. 67.
3575 33. 67.
3576 33. 67.
3577 33. 67.
3578 34. 66.
3579 33. 67.
3580 33. 67.
3581 33. 67.
3582 33. 67.
3583 33. 67.
3584 33. 67.
3585 33. 67.
3586 33. 67.
3587 32. 68.
3588 32. 68.
3589 32. 68.
3590 32. 68.
3591 32. 68.
3592 32. 68.
3593 32. 68.
3594 32. 68.
3595 33. 67.
3596 33. 67.
3597 33. 67.
3598 33. 67.
3599 33. 67.
3600 32. 68.
3601 32. 68.
3602 31. 69.
3603 31. 69.
3604 31. 69.
3605 31. 69.
3606 31. 69.
3607 31. 69.
3608 31. 69.
3609 32. 68.
3610 32. 68.
3611 32. 68.
3612 32. 68.
3613 31. 69.
3614 32. 68.
3615 32. 68.
3616 32. 68.
3617 32. 68.
3618 31. 69.
3619 32. 68.
3620 32. 68.
3621 33. 67.
3622 34. 66.
3623 34. 66.
3624 33. 67.
3625 33. 67.
3626 33. 67.
3627 33. 67.
3628 33. 67.
3629 33. 67.
3630 33. 67.
3631 33. 67.
3632 33. 67.
3633 34. 66.
3634 34. 66.
3635 33. 67.
3636 33. 67.
3637 34. 66.
3638 33. 67.
3639 33. 67.
3640 33. 67.
3641 32. 68.
3642 32. 68.
3643 32. 68.
3644 32. 68.
3645 32. 68.
3646 32. 68.
3647 32. 68.
3648 33. 67.
3649 33. 67.
3650 33. 67.
3651 33. 67.
3652 33. 67.
3653 33. 67.
3654 33. 67.
3655 33. 67.
3656 34. 66.
3657 34. 66.
3658 33. 67.
3659 33. 67.
3660 33. 67.
3661 33. 67.
3662 33. 67.
3663 33. 67.
3664 33. 67.
3665 33. 67.
3666 33. 67.
3667 32. 68.
3668 32. 68.
3669 33. 67.
3670 33. 67.
3671 33. 67.
3672 33. 67.
3673 33. 67.
3674 32. 68.
3675 32. 68.
3676 32. 68.
3677 32. 68.
3678 32. 68.
3679 32. 68.
3680 32. 68.
3681 33. 67.
3682 33. 67.
3683 34. 66.
3684 34. 66.
3685 33. 67.
3686 33. 67.
3687 33. 67.
3688 33. 67.
3689 33. 67.
3690 34. 66.
3691 35. 65.
3692 35. 65.
3693 34. 66.
3694 34. 66.
3695 35. 65.
3696 35. 65.
3697 35. 65.
3698 35. 65.
3699 35. 65.
3700 35. 65.
3701 35. 65.
3702 34. 66.
3703 34. 66.
3704 35. 65.
3705 35. 65.
3706 35. 65.
3707 35. 65.
3708 36. 64.
3709 36. 64.
3710 36. 64.
3711 37. 63.
3712 37. 63.
3713 37. 63.
3714 37. 63.
3715 37. 63.
3716 36. 64.
3717 36. 64.
3718 35. 65.
3719 34. 66.
3720 34. 66.
3721 35. 65.
3722 35. 65.
3723 35. 65.
3724 34. 66.
3725 34. 66.
3726 34. 66.
3727 34. 66.
3728 34. 66.
3729 33. 67.
3730 33. 67.
3731 33. 67.
3732 32. 68.
3733 32. 68.
3734 33. 67.
3735 33. 67.
3736 33. 67.
3737 33. 67.
3738 33. 67.
3739 34. 66.
3740 34. 66.
3741 33. 67.
3742 33. 67.
3743 33. 67.
3744 33. 67.
3745 33. 67.
3746 33. 67.
3747 33. 67.
3748 34. 66.
3749 34. 66.
3750 34. 66.
3751 34. 66.
3752 34. 66.
3753 34. 66.
3754 34. 66.
3755 34. 66.
3756 34. 66.
3757 33. 67.
3758 34. 66.
3759 34. 66.
3760 34. 66.
3761 34. 66.
3762 34. 66.
3763 34. 66.
3764 34. 66.
3765 34. 66.
3766 34. 66.
3767 34. 66.
3768 34. 66.
3769 34. 66.
3770 34. 66.
3771 34. 66.
3772 33. 67.
3773 33. 67.
3774 33. 67.
3775 33. 67.
3776 33. 67.
3777 33. 67.
3778 32. 68.
3779 32. 68.
3780 32. 68.
3781 32. 68.
3782 32. 68.
3783 32. 68.
3784 33. 67.
3785 33. 67.
3786 32. 68.
3787 32. 68.
3788 32. 68.
3789 31. 69.
3790 32. 68.
3791 32. 68.
3792 32. 68.
3793 31. 69.
3794 31. 69.
3795 31. 69.
3796 32. 68.
3797 32. 68.
3798 32. 68.
3799 32. 68.
3800 32. 68.
3801 32. 68.
3802 32. 68.
3803 32. 68.
3804 32. 68.
3805 32. 68.
3806 32. 68.
3807 32. 68.
3808 32. 68.
3809 32. 68.
3810 32. 68.
3811 32. 68.
3812 32. 68.
3813 32. 68.
3814 32. 68.
3815 32. 68.
3816 32. 68.
3817 32. 68.
3818 31. 69.
3819 30. 70.
3820 30. 70.
3821 31. 69.
3822 31. 69.
3823 31. 69.
3824 31. 69.
3825 31. 69.
3826 31. 69.
3827 31. 69.
3828 31. 69.
3829 31. 69.
3830 31. 69.
3831 31. 69.
3832 31. 69.
3833 31. 69.
3834 30. 70.
3835 30. 70.
3836 29. 71.
3837 29. 71.
3838 29. 71.
3839 30. 70.
3840 30. 70.
3841 29. 71.
3842 29. 71.
3843 29. 71.
3844 28. 72.
3845 28. 72.
3846 28. 72.
3847 28. 72.
3848 28. 72.
3849 28. 72.
3850 28. 72.
3851 28. 72.
3852 29. 71.
3853 29. 71.
3854 29. 71.
3855 28. 72.
3856 27. 73.
3857 27. 73.
3858 27. 73.
3859 28. 72.
3860 28. 72.
3861 28. 72.
3862 29. 71.
3863 29. 71.
3864 28. 72.
3865 28. 72.
3866 28. 72.
3867 29. 71.
3868 28. 72.
3869 28. 72.
3870 27. 73.
3871 27. 73.
3872 27. 73.
3873 27. 73.
3874 27. 73.
3875 28. 72.
3876 28. 72.
3877 28. 72.
3878 28. 72.
3879 28. 72.
3880 28. 72.
3881 28. 72.
3882 27. 73.
3883 27. 73.
3884 27. 73.
3885 27. 73.
3886 27. 73.
3887 27. 73.
3888 27. 73.
3889 27. 73.
3890 27. 73.
3891 27. 73.
3892 27. 73.
3893 28. 72.
3894 28. 72.
3895 28. 72.
3896 28. 72.
3897 28. 72.
3898 28. 72.
3899 28. 72.
3900 28. 72.
3901 28. 72.
3902 28. 72.
3903 28. 72.
3904 28. 72.
3905 28. 72.
3906 27. 73.
3907 28. 72.
3908 27. 73.
3909 27. 73.
3910 27. 73.
3911 27. 73.
3912 27. 73.
3913 27. 73.
3914 28. 72.
3915 29. 71.
3916 29. 71.
3917 29. 71.
3918 29. 71.
3919 29. 71.
3920 29. 71.
3921 29. 71.
3922 29. 71.
3923 29. 71.
3924 28. 72.
3925 28. 72.
3926 28. 72.
3927 29. 71.
3928 28. 72.
3929 28. 72.
3930 29. 71.
3931 29. 71.
3932 29. 71.
3933 29. 71.
3934 28. 72.
3935 28. 72.
3936 28. 72.
3937 28. 72.
3938 29. 71.
3939 29. 71.
3940 30. 70.
3941 30. 70.
3942 30. 70.
3943 30. 70.
3944 30. 70.
3945 30. 70.
3946 30. 70.
3947 31. 69.
3948 32. 68.
3949 32. 68.
3950 32. 68.
3951 32. 68.
3952 32. 68.
3953 32. 68.
3954 32. 68.
3955 32. 68.
3956 32. 68.
3957 32. 68.
3958 32. 68.
3959 32. 68.
3960 32. 68.
3961 32. 68.
3962 31. 69.
3963 31. 69.
3964 31. 69.
3965 32. 68.
3966 32. 68.
3967 32. 68.
3968 32. 68.
3969 32. 68.
3970 33. 67.
3971 33. 67.
3972 33. 67.
3973 33. 67.
3974 33. 67.
3975 33. 67.
3976 33. 67.
3977 33. 67.
3978 33. 67.
3979 33. 67.
3980 33. 67.
3981 33. 67.
3982 33. 67.
3983 32. 68.
3984 32. 68.
3985 32. 68.
3986 32. 68.
3987 32. 68.
3988 32. 68.
3989 32. 68.
3990 32. 68.
3991 31. 69.
3992 31. 69.
3993 31. 69.
3994 30. 70.
3995 30. 70.
3996 31. 69.
3997 31. 69.
3998 31. 69.
3999 31. 69.
4000 31. 69.
4001 30. 70.
4002 30. 70.
4003 30. 70.
4004 30. 70.
4005 30. 70.
4006 30. 70.
4007 31. 69.
4008 31. 69.
4009 31. 69.
4010 31. 69.
4011 31. 69.
4012 32. 68.
4013 32. 68.
4014 32. 68.
4015 32. 68.
4016 32. 68.
4017 32. 68.
4018 32. 68.
4019 32. 68.
4020 32. 68.
4021 31. 69.
4022 31. 69.
4023 31. 69.
4024 31. 69.
4025 31. 69.
4026 30. 70.
4027 30. 70.
4028 30. 70.
4029 30. 70.
4030 30. 70.
4031 30. 70.
4032 30. 70.
4033 31. 69.
4034 32. 68.
4035 31. 69.
4036 32. 68.
4037 33. 67.
4038 32. 68.
4039 32. 68.
4040 32. 68.
4041 32. 68.
4042 32. 68.
4043 32. 68.
4044 32. 68.
4045 31. 69.
4046 31. 69.
4047 31. 69.
4048 31. 69.
4049 31. 69.
4050 31. 69.
4051 31. 69.
4052 31. 69.
4053 31. 69.
4054 30. 70.
4055 30. 70.
4056 29. 71.
4057 29. 71.
4058 29. 71.
4059 30. 70.
4060 29. 71.
4061 29. 71.
4062 29. 71.
4063 29. 71.
4064 29. 71.
4065 28. 72.
4066 28. 72.
4067 29. 71.
4068 29. 71.
4069 29. 71.
4070 28. 72.
4071 28. 72.
4072 29. 71.
4073 30. 70.
4074 31. 69.
4075 31. 69.
4076 31. 69.
4077 31. 69.
4078 31. 69.
4079 30. 70.
4080 30. 70.
4081 30. 70.
4082 29. 71.
4083 29. 71.
4084 30. 70.
4085 30. 70.
4086 30. 70.
4087 30. 70.
4088 30. 70.
4089 30. 70.
4090 31. 69.
4091 31. 69.
4092 31. 69.
4093 31. 69.
4094 31. 69.
4095 31. 69.
4096 31. 69.
4097 31. 69.
4098 30. 70.
4099 30. 70.
4100 30. 70.
4101 30. 70.
4102 29. 71.
4103 29. 71.
4104 29. 71.
4105 28. 72.
4106 28. 72.
4107 27. 73.
4108 27. 73.
4109 27. 73.
4110 27. 73.
4111 27. 73.
4112 26. 74.
4113 26. 74.
4114 25. 75.
4115 25. 75.
4116 26. 74.
4117 26. 74.
4118 26. 74.
4119 27. 73.
4120 27. 73.
4121 27. 73.
4122 27. 73.
4123 26. 74.
4124 25. 75.
4125 25. 75.
4126 25. 75.
4127 25. 75.
4128 25. 75.
4129 25. 75.
4130 25. 75.
4131 25. 75.
4132 25. 75.
4133 26. 74.
4134 26. 74.
4135 26. 74.
4136 26. 74.
4137 26. 74.
4138 26. 74.
4139 27. 73.
4140 27. 73.
4141 27. 73.
4142 27. 73.
4143 27. 73.
4144 27. 73.
4145 27. 73.
4146 27. 73.
4147 27. 73.
4148 27. 73.
4149 27. 73.
4150 27. 73.
4151 27. 73.
4152 27. 73.
4153 27. 73.
4154 27. 73.
4155 27. 73.
4156 27. 73.
4157 27. 73.
4158 27. 73.
4159 27. 73.
4160 27. 73.
4161 26. 74.
4162 26. 74.
4163 26. 74.
4164 26. 74.
4165 27. 73.
4166 27. 73.
4167 28. 72.
4168 28. 72.
4169 28. 72.
4170 28. 72.
4171 28. 72.
4172 28. 72.
4173 28. 72.
4174 29. 71.
4175 29. 71.
4176 29. 71.
4177 29. 71.
4178 28. 72.
4179 29. 71.
4180 28. 72.
4181 28. 72.
4182 27. 73.
4183 27. 73.
4184 27. 73.
4185 27. 73.
4186 27. 73.
4187 27. 73.
4188 26. 74.
4189 27. 73.
4190 27. 73.
4191 26. 74.
4192 26. 74.
4193 25. 75.
4194 25. 75.
4195 24. 76.
4196 24. 76.
4197 23. 77.
4198 23. 77.
4199 23. 77.
4200 23. 77.
4201 23. 77.
4202 23. 77.
4203 23. 77.
4204 23. 77.
4205 24. 76.
4206 24. 76.
4207 25. 75.
4208 26. 74.
4209 26. 74.
4210 27. 73.
4211 27. 73.
4212 27. 73.
4213 27. 73.
4214 27. 73.
4215 27. 73.
4216 28. 72.
4217 27. 73.
4218 27. 73.
4219 27. 73.
4220 27. 73.
4221 27. 73.
4222 27. 73.
4223 26. 74.
4224 26. 74.
4225 26. 74.
4226 26. 74.
4227 26. 74.
4228 27. 73.
4229 27. 73.
4230 28. 72.
4231 29. 71.
4232 29. 71.
4233 29. 71.
4234 29. 71.
4235 29. 71.
4236 29. 71.
4237 28. 72.
4238 28. 72.
4239 28. 72.
4240 28. 72.
4241 27. 73.
4242 27. 73.
4243 27. 73.
4244 27. 73.
4245 27. 73.
4246 26. 74.
4247 26. 74.
4248 26. 74.
4249 26. 74.
4250 26. 74.
4251 26. 74.
4252 26. 74.
4253 26. 74.
4254 26. 74.
4255 26. 74.
4256 27. 73.
4257 28. 72.
4258 28. 72.
4259 28. 72.
4260 27. 73.
4261 27. 73.
4262 27. 73.
4263 27. 73.
4264 27. 73.
4265 27. 73.
4266 27. 73.
4267 27. 73.
4268 27. 73.
4269 27. 73.
4270 27. 73.
4271 27. 73.
4272 27. 73.
4273 27. 73.
4274 27. 73.
4275 27. 73.
4276 27. 73.
4277 27. 73.
4278 27. 73.
4279 27. 73.
4280 28. 72.
4281 28. 72.
4282 28. 72.
4283 28. 72.
4284 28. 72.
4285 28. 72.
4286 29. 71.
4287 29. 71.
4288 29. 71.
4289 28. 72.
4290 28. 72.
4291 28. 72.
4292 27. 73.
4293 27. 73.
4294 27. 73.
4295 26. 74.
4296 26. 74.
4297 25. 75.
4298 25. 75.
4299 25. 75.
4300 24. 76.
4301 24. 76.
4302 23. 77.
4303 23. 77.
4304 23. 77.
4305 23. 77.
4306 23. 77.
4307 23. 77.
4308 23. 77.
4309 23. 77.
4310 23. 77.
4311 24. 76.
4312 24. 76.
4313 24. 76.
4314 25. 75.
4315 25. 75.
4316 25. 75.
4317 26. 74.
4318 26. 74.
4319 26. 74.
4320 27. 73.
4321 27. 73.
4322 27. 73.
4323 27. 73.
4324 27. 73.
4325 27. 73.
4326 27. 73.
4327 27. 73.
4328 27. 73.
4329 26. 74.
4330 26. 74.
4331 26. 74.
4332 26. 74.
4333 26. 74.
4334 26. 74.
4335 26. 74.
4336 26. 74.
4337 25. 75.
4338 25. 75.
4339 25. 75.
4340 25. 75.
4341 25. 75.
4342 25. 75.
4343 25. 75.
4344 25. 75.
4345 25. 75.
4346 25. 75.
4347 26. 74.
4348 26. 74.
4349 26. 74.
4350 26. 74.
4351 27. 73.
4352 27. 73.
4353 28. 72.
4354 28. 72.
4355 28. 72.
4356 28. 72.
4357 27. 73.
4358 27. 73.
4359 27. 73.
4360 27. 73.
4361 28. 72.
4362 28. 72.
4363 28. 72.
4364 29. 71.
4365 30. 70.
4366 30. 70.
4367 29. 71.
4368 29. 71.
4369 29. 71.
4370 29. 71.
4371 29. 71.
4372 29. 71.
4373 30. 70.
4374 31. 69.
4375 31. 69.
4376 31. 69.
4377 30. 70.
4378 30. 70.
4379 30. 70.
4380 30. 70.
4381 30. 70.
4382 30. 70.
4383 31. 69.
4384 30. 70.
4385 30. 70.
4386 30. 70.
4387 30. 70.
4388 30. 70.
4389 30. 70.
4390 30. 70.
4391 30. 70.
4392 30. 70.
4393 30. 70.
4394 30. 70.
4395 30. 70.
4396 30. 70.
4397 29. 71.
4398 29. 71.
4399 29. 71.
4400 29. 71.
4401 29. 71.
4402 29. 71.
4403 29. 71.
4404 29. 71.
4405 29. 71.
4406 29. 71.
4407 29. 71.
4408 30. 70.
4409 30. 70.
4410 30. 70.
4411 30. 70.
4412 30. 70.
4413 30. 70.
4414 30. 70.
4415 30. 70.
4416 30. 70.
4417 30. 70.
4418 29. 71.
4419 30. 70.
4420 30. 70.
4421 31. 69.
4422 31. 69.
4423 31. 69.
4424 31. 69.
4425 31. 69.
4426 31. 69.
4427 31. 69.
4428 31. 69.
4429 31. 69.
4430 31. 69.
4431 31. 69.
4432 31. 69.
4433 32. 68.
4434 32. 68.
4435 33. 67.
4436 33. 67.
4437 33. 67.
4438 33. 67.
4439 33. 67.
4440 33. 67.
4441 33. 67.
4442 33. 67.
4443 34. 66.
4444 34. 66.
4445 34. 66.
4446 34. 66.
4447 33. 67.
4448 34. 66.
4449 34. 66.
4450 34. 66.
4451 34. 66.
4452 34. 66.
4453 34. 66.
4454 34. 66.
4455 34. 66.
4456 34. 66.
4457 34. 66.
4458 34. 66.
4459 34. 66.
4460 34. 66.
4461 34. 66.
4462 34. 66.
4463 34. 66.
4464 34. 66.
4465 34. 66.
4466 34. 66.
4467 34. 66.
4468 35. 65.
4469 35. 65.
4470 35. 65.
4471 35. 65.
4472 35. 65.
4473 35. 65.
4474 35. 65.
4475 35. 65.
4476 35. 65.
4477 34. 66.
4478 34. 66.
4479 34. 66.
4480 34. 66.
4481 34. 66.
4482 34. 66.
4483 34. 66.
4484 34. 66.
4485 34. 66.
4486 34. 66.
4487 34. 66.
4488 34. 66.
4489 34. 66.
4490 34. 66.
4491 34. 66.
4492 34. 66.
4493 35. 65.
4494 35. 65.
4495 35. 65.
4496 35. 65.
4497 35. 65.
4498 35. 65.
4499 35. 65.
4500 36. 64.
4501 36. 64.
4502 36. 64.
4503 36. 64.
4504 36. 64.
4505 36. 64.
4506 36. 64.
4507 36. 64.
4508 36. 64.
4509 36. 64.
4510 36. 64.
4511 36. 64.
4512 36. 64.
4513 35. 65.
4514 35. 65.
4515 34. 66.
4516 34. 66.
4517 34. 66.
4518 34. 66.
4519 33. 67.
4520 32. 68.
4521 32. 68.
4522 32. 68.
4523 32. 68.
4524 32. 68.
4525 32. 68.
4526 32. 68.
4527 32. 68.
4528 32. 68.
4529 32. 68.
4530 32. 68.
4531 32. 68.
4532 32. 68.
4533 33. 67.
4534 33. 67.
4535 34. 66.
4536 34. 66.
4537 34. 66.
4538 34. 66.
4539 34. 66.
4540 35. 65.
4541 35. 65.
4542 36. 64.
4543 36. 64.
4544 36. 64.
4545 37. 63.
4546 37. 63.
4547 37. 63.
4548 38. 62.
4549 38. 62.
4550 37. 63.
4551 37. 63.
4552 37. 63.
4553 37. 63.
4554 37. 63.
4555 37. 63.
4556 37. 63.
4557 37. 63.
4558 38. 62.
4559 39. 61.
4560 39. 61.
4561 39. 61.
4562 39. 61.
4563 39. 61.
4564 39. 61.
4565 40. 60.
4566 40. 60.
4567 39. 61.
4568 39. 61.
4569 39. 61.
4570 39. 61.
4571 39. 61.
4572 39. 61.
4573 39. 61.
4574 39. 61.
4575 39. 61.
4576 39. 61.
4577 38. 62.
4578 38. 62.
4579 38. 62.
4580 38. 62.
4581 39. 61.
4582 39. 61.
4583 39. 61.
4584 39. 61.
4585 38. 62.
4586 38. 62.
4587 39. 61.
4588 39. 61.
4589 39. 61.
4590 38. 62.
4591 38. 62.
4592 38. 62.
4593 38. 62.
4594 39. 61.
4595 39. 61.
4596 39. 61.
4597 39. 61.
4598 39. 61.
4599 39. 61.
4600 38. 62.
4601 37. 63.
4602 37. 63.
4603 37. 63.
4604 37. 63.
4605 37. 63.
4606 37. 63.
4607 37. 63.
4608 37. 63.
4609 37. 63.
4610 37. 63.
4611 37. 63.
4612 37. 63.
4613 37. 63.
4614 37. 63.
4615 37. 63.
4616 37. 63.
4617 37. 63.
4618 37. 63.
4619 37. 63.
4620 38. 62.
4621 38. 62.
4622 38. 62.
4623 37. 63.
4624 36. 64.
4625 35. 65.
4626 35. 65.
4627 35. 65.
4628 35. 65.
4629 35. 65.
4630 35. 65.
4631 35. 65.
4632 35. 65.
4633 36. 64.
4634 36. 64.
4635 36. 64.
4636 36. 64.
4637 36. 64.
4638 35. 65.
4639 35. 65.
4640 35. 65.
4641 35. 65.
4642 34. 66.
4643 34. 66.
4644 34. 66.
4645 35. 65.
4646 36. 64.
4647 36. 64.
4648 36. 64.
4649 36. 64.
4650 36. 64.
4651 36. 64.
4652 36. 64.
4653 36. 64.
4654 36. 64.
4655 36. 64.
4656 36. 64.
4657 35. 65.
4658 35. 65.
4659 35. 65.
4660 34. 66.
4661 35. 65.
4662 35. 65.
4663 35. 65.
4664 35. 65.
4665 35. 65.
4666 35. 65.
4667 35. 65.
4668 35. 65.
4669 35. 65.
4670 35. 65.
4671 35. 65.
4672 35. 65.
4673 36. 64.
4674 36. 64.
4675 36. 64.
4676 36. 64.
4677 35. 65.
4678 35. 65.
4679 35. 65.
4680 34. 66.
4681 34. 66.
4682 34. 66.
4683 34. 66.
4684 34. 66.
4685 34. 66.
4686 34. 66.
4687 34. 66.
4688 34. 66.
4689 34. 66.
4690 34. 66.
4691 34. 66.
4692 34. 66.
4693 34. 66.
4694 34. 66.
4695 35. 65.
4696 35. 65.
4697 35. 65.
4698 36. 64.
4699 36. 64.
4700 36. 64.
4701 35. 65.
4702 35. 65.
4703 35. 65.
4704 35. 65.
4705 35. 65.
4706 34. 66.
4707 34. 66.
4708 34. 66.
4709 34. 66.
4710 33. 67.
4711 33. 67.
4712 32. 68.
4713 32. 68.
4714 32. 68.
4715 31. 69.
4716 31. 69.
4717 31. 69.
4718 31. 69.
4719 30. 70.
4720 30. 70.
4721 30. 70.
4722 31. 69.
4723 31. 69.
4724 30. 70.
4725 30. 70.
4726 30. 70.
4727 30. 70.
4728 30. 70.
4729 30. 70.
4730 31. 69.
4731 30. 70.
4732 30. 70.
4733 29. 71.
4734 29. 71.
4735 29. 71.
4736 29. 71.
4737 29. 71.
4738 29. 71.
4739 29. 71.
4740 29. 71.
4741 29. 71.
4742 29. 71.
4743 29. 71.
4744 28. 72.
4745 28. 72.
4746 28. 72.
4747 28. 72.
4748 28. 72.
4749 28. 72.
4750 28. 72.
4751 27. 73.
4752 27. 73.
4753 27. 73.
4754 27. 73.
4755 27. 73.
4756 27. 73.
4757 28. 72.
4758 28. 72.
4759 28. 72.
4760 28. 72.
4761 28. 72.
4762 28. 72.
4763 28. 72.
4764 28. 72.
4765 27. 73.
4766 26. 74.
4767 26. 74.
4768 26. 74.
4769 26. 74.
4770 26. 74.
4771 26. 74.
4772 26. 74.
4773 25. 75.
4774 25. 75.
4775 25. 75.
4776 25. 75.
4777 25. 75.
4778 25. 75.
4779 25. 75.
4780 26. 74.
4781 26. 74.
4782 26. 74.
4783 26. 74.
4784 26. 74.
4785 25. 75.
4786 25. 75.
4787 25. 75.
4788 25. 75.
4789 25. 75.
4790 25. 75.
4791 25. 75.
4792 25. 75.
4793 25. 75.
4794 25. 75.
4795 25. 75.
4796 25. 75.
4797 25. 75.
4798 24. 76.
4799 24. 76.
4800 23. 77.
4801 23. 77.
4802 24. 76.
4803 23. 77.
4804 24. 76.
4805 24. 76.
4806 24. 76.
4807 23. 77.
4808 23. 77.
4809 24. 76.
4810 25. 75.
4811 25. 75.
4812 25. 75.
4813 25. 75.
4814 25. 75.
4815 25. 75.
4816 26. 74.
4817 26. 74.
4818 25. 75.
4819 25. 75.
4820 25. 75.
4821 25. 75.
4822 25. 75.
4823 25. 75.
4824 26. 74.
4825 26. 74.
4826 26. 74.
4827 26. 74.
4828 26. 74.
4829 26. 74.
4830 26. 74.
4831 26. 74.
4832 26. 74.
4833 26. 74.
4834 26. 74.
4835 26. 74.
4836 26. 74.
4837 26. 74.
4838 26. 74.
4839 26. 74.
4840 26. 74.
4841 26. 74.
4842 25. 75.
4843 26. 74.
4844 25. 75.
4845 26. 74.
4846 26. 74.
4847 26. 74.
4848 26. 74.
4849 26. 74.
4850 27. 73.
4851 27. 73.
4852 27. 73.
4853 27. 73.
4854 27. 73.
4855 27. 73.
4856 26. 74.
4857 26. 74.
4858 26. 74.
4859 26. 74.
4860 26. 74.
4861 26. 74.
4862 26. 74.
4863 26. 74.
4864 26. 74.
4865 26. 74.
4866 26. 74.
4867 26. 74.
4868 26. 74.
4869 26. 74.
4870 27. 73.
4871 27. 73.
4872 27. 73.
4873 27. 73.
4874 27. 73.
4875 26. 74.
4876 26. 74.
4877 25. 75.
4878 25. 75.
4879 25. 75.
4880 24. 76.
4881 24. 76.
4882 24. 76.
4883 24. 76.
4884 25. 75.
4885 25. 75.
4886 25. 75.
4887 24. 76.
4888 24. 76.
4889 24. 76.
4890 24. 76.
4891 24. 76.
4892 24. 76.
4893 25. 75.
4894 25. 75.
4895 26. 74.
4896 26. 74.
4897 26. 74.
4898 26. 74.
4899 26. 74.
4900 26. 74.
4901 26. 74.
4902 26. 74.
4903 27. 73.
4904 27. 73.
4905 27. 73.
4906 27. 73.
4907 27. 73.
4908 27. 73.
4909 27. 73.
4910 27. 73.
4911 27. 73.
4912 27. 73.
4913 27. 73.
4914 27. 73.
4915 26. 74.
4916 26. 74.
4917 26. 74.
4918 26. 74.
4919 26. 74.
4920 25. 75.
4921 24. 76.
4922 24. 76.
4923 24. 76.
4924 23. 77.
4925 23. 77.
4926 23. 77.
4927 23. 77.
4928 23. 77.
4929 23. 77.
4930 23. 77.
4931 23. 77.
4932 23. 77.
4933 23. 77.
4934 23. 77.
4935 23. 77.
4936 22. 78.
4937 22. 78.
4938 22. 78.
4939 22. 78.
4940 21. 79.
4941 21. 79.
4942 21. 79.
4943 21. 79.
4944 21. 79.
4945 21. 79.
4946 20. 80.
4947 20. 80.
4948 20. 80.
4949 20. 80.
4950 20. 80.
4951 20. 80.
4952 20. 80.
4953 20. 80.
4954 20. 80.
4955 20. 80.
4956 20. 80.
4957 21. 79.
4958 21. 79.
4959 21. 79.
4960 21. 79.
4961 21. 79.
4962 21. 79.
4963 21. 79.
4964 21. 79.
4965 22. 78.
4966 22. 78.
4967 22. 78.
4968 22. 78.
4969 22. 78.
4970 21. 79.
4971 21. 79.
4972 21. 79.
4973 21. 79.
4974 21. 79.
4975 21. 79.
4976 21. 79.
4977 21. 79.
4978 21. 79.
4979 21. 79.
4980 21. 79.
4981 21. 79.
4982 21. 79.
4983 21. 79.
4984 21. 79.
4985 21. 79.
4986 21. 79.
4987 21. 79.
4988 21. 79.
4989 21. 79.
4990 21. 79.
4991 21. 79.
4992 21. 79.
4993 22. 78.
4994 23. 77.
4995 23. 77.
4996 23. 77.
4997 23. 77.
4998 22. 78.
4999 22. 78.
5000 22. 78.
5001 21. 79.
5002 21. 79.
5003 21. 79.
5004 21. 79.
5005 21. 79.
5006 21. 79.
5007 20. 80.
5008 20. 80.
5009 20. 80.
5010 20. 80.
5011 20. 80.
5012 20. 80.
5013 20. 80.
5014 20. 80.
5015 20. 80.
5016 20. 80.
5017 20. 80.
5018 20. 80.
5019 20. 80.
5020 20. 80.
5021 20. 80.
5022 20. 80.
5023 20. 80.
5024 20. 80.
5025 20. 80.
5026 20. 80.
5027 20. 80.
5028 20. 80.
5029 20. 80.
5030 20. 80.
5031 20. 80.
5032 20. 80.
5033 20. 80.
5034 20. 80.
5035 20. 80.
5036 20. 80.
5037 20. 80.
5038 20. 80.
5039 21. 79.
5040 21. 79.
5041 21. 79.
5042 21. 79.
5043 21. 79.
5044 21. 79.
5045 21. 79.
5046 20. 80.
5047 20. 80.
5048 20. 80.
5049 20. 80.
5050 20. 80.
5051 20. 80.
5052 20. 80.
5053 20. 80.
5054 20. 80.
5055 20. 80.
5056 20. 80.
5057 20. 80.
5058 20. 80.
5059 20. 80.
5060 20. 80.
5061 19. 81.
5062 19. 81.
5063 19. 81.
5064 19. 81.
5065 18. 82.
5066 18. 82.
5067 18. 82.
5068 18. 82.
5069 17. 83.
5070 17. 83.
5071 17. 83.
5072 17. 83.
5073 17. 83.
5074 17. 83.
5075 17. 83.
5076 17. 83.
5077 17. 83.
5078 18. 82.
5079 18. 82.
5080 18. 82.
5081 18. 82.
5082 18. 82.
5083 18. 82.
5084 18. 82.
5085 18. 82.
5086 18. 82.
5087 18. 82.
5088 18. 82.
5089 18. 82.
5090 18. 82.
5091 18. 82.
5092 18. 82.
5093 18. 82.
5094 18. 82.
5095 18. 82.
5096 18. 82.
5097 18. 82.
5098 18. 82.
5099 18. 82.
5100 18. 82.
5101 17. 83.
5102 17. 83.
5103 17. 83.
5104 17. 83.
5105 17. 83.
5106 17. 83.
5107 17. 83.
5108 17. 83.
5109 17. 83.
5110 17. 83.
5111 17. 83.
5112 17. 83.
5113 17. 83.
5114 17. 83.
5115 17. 83.
5116 16. 84.
5117 16. 84.
5118 16. 84.
5119 16. 84.
5120 16. 84.
5121 16. 84.
5122 16. 84.
5123 16. 84.
5124 17. 83.
5125 17. 83.
5126 17. 83.
5127 17. 83.
5128 17. 83.
5129 18. 82.
5130 18. 82.
5131 18. 82.
5132 18. 82.
5133 18. 82.
5134 18. 82.
5135 19. 81.
5136 19. 81.
5137 18. 82.
5138 18. 82.
5139 18. 82.
5140 18. 82.
5141 18. 82.
5142 17. 83.
5143 17. 83.
5144 17. 83.
5145 17. 83.
5146 17. 83.
5147 17. 83.
5148 17. 83.
5149 17. 83.
5150 17. 83.
5151 17. 83.
5152 17. 83.
5153 16. 84.
5154 16. 84.
5155 16. 84.
5156 16. 84.
5157 16. 84.
5158 16. 84.
5159 16. 84.
5160 16. 84.
5161 16. 84.
5162 16. 84.
5163 16. 84.
5164 16. 84.
5165 16. 84.
5166 16. 84.
5167 15. 85.
5168 15. 85.
5169 16. 84.
5170 16. 84.
5171 17. 83.
5172 17. 83.
5173 17. 83.
5174 17. 83.
5175 17. 83.
5176 17. 83.
5177 17. 83.
5178 17. 83.
5179 17. 83.
5180 17. 83.
5181 17. 83.
5182 17. 83.
5183 17. 83.
5184 17. 83.
5185 17. 83.
5186 17. 83.
5187 17. 83.
5188 17. 83.
5189 17. 83.
5190 17. 83.
5191 17. 83.
5192 17. 83.
5193 17. 83.
5194 17. 83.
5195 17. 83.
5196 17. 83.
5197 17. 83.
5198 16. 84.
5199 16. 84.
5200 16. 84.
5201 16. 84.
5202 16. 84.
5203 16. 84.
5204 16. 84.
5205 16. 84.
5206 15. 85.
5207 15. 85.
5208 15. 85.
5209 15. 85.
5210 15. 85.
5211 15. 85.
5212 15. 85.
5213 15. 85.
5214 15. 85.
5215 15. 85.
5216 15. 85.
5217 15. 85.
5218 15. 85.
5219 15. 85.
5220 15. 85.
5221 15. 85.
5222 15. 85.
5223 16. 84.
5224 16. 84.
5225 16. 84.
5226 15. 85.
5227 15. 85.
5228 15. 85.
5229 15. 85.
5230 15. 85.
5231 15. 85.
5232 16. 84.
5233 16. 84.
5234 16. 84.
5235 16. 84.
5236 16. 84.
5237 16. 84.
5238 16. 84.
5239 16. 84.
5240 16. 84.
5241 16. 84.
5242 16. 84.
5243 16. 84.
5244 16. 84.
5245 16. 84.
5246 16. 84.
5247 16. 84.
5248 16. 84.
5249 16. 84.
5250 15. 85.
5251 15. 85.
5252 15. 85.
5253 15. 85.
5254 16. 84.
5255 16. 84.
5256 16. 84.
5257 16. 84.
5258 16. 84.
5259 15. 85.
5260 16. 84.
5261 16. 84.
5262 16. 84.
5263 16. 84.
5264 16. 84.
5265 16. 84.
5266 16. 84.
5267 16. 84.
5268 16. 84.
5269 16. 84.
5270 16. 84.
5271 16. 84.
5272 16. 84.
5273 16. 84.
5274 16. 84.
5275 16. 84.
5276 16. 84.
5277 16. 84.
5278 16. 84.
5279 16. 84.
5280 16. 84.
5281 16. 84.
5282 16. 84.
5283 16. 84.
5284 16. 84.
5285 16. 84.
5286 16. 84.
5287 16. 84.
5288 15. 85.
5289 15. 85.
5290 15. 85.
5291 15. 85.
5292 15. 85.
5293 15. 85.
5294 15. 85.
5295 15. 85.
5296 15. 85.
5297 16. 84.
5298 16. 84.
5299 15. 85.
5300 16. 84.
5301 16. 84.
5302 16. 84.
5303 16. 84.
5304 16. 84.
5305 16. 84.
5306 15. 85.
5307 15. 85.
5308 15. 85.
5309 15. 85.
5310 15. 85.
5311 15. 85.
5312 15. 85.
5313 16. 84.
5314 16. 84.
5315 16. 84.
5316 16. 84.
5317 16. 84.
5318 16. 84.
5319 16. 84.
5320 16. 84.
5321 16. 84.
5322 17. 83.
5323 17. 83.
5324 17. 83.
5325 16. 84.
5326 16. 84.
5327 16. 84.
5328 16. 84.
5329 16. 84.
5330 16. 84.
5331 16. 84.
5332 16. 84.
5333 16. 84.
5334 16. 84.
5335 16. 84.
5336 16. 84.
5337 16. 84.
5338 16. 84.
5339 16. 84.
5340 16. 84.
5341 16. 84.
5342 16. 84.
5343 16. 84.
5344 16. 84.
5345 16. 84.
5346 16. 84.
5347 15. 85.
5348 15. 85.
5349 15. 85.
5350 15. 85.
5351 15. 85.
5352 15. 85.
5353 15. 85.
5354 15. 85.
5355 15. 85.
5356 15. 85.
5357 15. 85.
5358 15. 85.
5359 15. 85.
5360 15. 85.
5361 15. 85.
5362 15. 85.
5363 15. 85.
5364 15. 85.
5365 15. 85.
5366 15. 85.
5367 15. 85.
5368 15. 85.
5369 15. 85.
5370 15. 85.
5371 15. 85.
5372 15. 85.
5373 15. 85.
5374 15. 85.
5375 15. 85.
5376 15. 85.
5377 15. 85.
5378 15. 85.
5379 15. 85.
5380 14. 86.
5381 13. 87.
5382 13. 87.
5383 13. 87.
5384 13. 87.
5385 13. 87.
5386 13. 87.
5387 13. 87.
5388 13. 87.
5389 13. 87.
5390 13. 87.
5391 13. 87.
5392 13. 87.
5393 13. 87.
5394 13. 87.
5395 13. 87.
5396 13. 87.
5397 14. 86.
5398 13. 87.
5399 13. 87.
5400 13. 87.
5401 13. 87.
5402 13. 87.
5403 13. 87.
5404 13. 87.
5405 13. 87.
5406 13. 87.
5407 13. 87.
5408 13. 87.
5409 13. 87.
5410 13. 87.
5411 13. 87.
5412 13. 87.
5413 13. 87.
5414 13. 87.
5415 13. 87.
5416 13. 87.
5417 13. 87.
5418 13. 87.
5419 13. 87.
5420 13. 87.
5421 13. 87.
5422 13. 87.
5423 13. 87.
5424 13. 87.
5425 13. 87.
5426 14. 86.
5427 14. 86.
5428 14. 86.
5429 14. 86.
5430 14. 86.
5431 14. 86.
5432 14. 86.
5433 14. 86.
5434 14. 86.
5435 14. 86.
5436 14. 86.
5437 14. 86.
5438 14. 86.
5439 14. 86.
5440 13. 87.
5441 13. 87.
5442 14. 86.
5443 14. 86.
5444 14. 86.
5445 15. 85.
5446 15. 85.
5447 15. 85.
5448 15. 85.
5449 16. 84.
5450 16. 84.
5451 16. 84.
5452 16. 84.
5453 15. 85.
5454 14. 86.
5455 14. 86.
5456 14. 86.
5457 15. 85.
5458 15. 85.
5459 15. 85.
5460 14. 86.
5461 14. 86.
5462 14. 86.
5463 14. 86.
5464 14. 86.
5465 14. 86.
5466 14. 86.
5467 14. 86.
5468 14. 86.
5469 14. 86.
5470 14. 86.
5471 14. 86.
5472 14. 86.
5473 14. 86.
5474 14. 86.
5475 14. 86.
5476 14. 86.
5477 14. 86.
5478 14. 86.
5479 14. 86.
5480 14. 86.
5481 14. 86.
5482 14. 86.
5483 14. 86.
5484 14. 86.
5485 14. 86.
5486 13. 87.
5487 13. 87.
5488 13. 87.
5489 13. 87.
5490 13. 87.
5491 13. 87.
5492 13. 87.
5493 13. 87.
5494 13. 87.
5495 13. 87.
5496 13. 87.
5497 13. 87.
5498 13. 87.
5499 13. 87.
5500 13. 87.
5501 13. 87.
5502 13. 87.
5503 13. 87.
5504 13. 87.
5505 14. 86.
5506 14. 86.
5507 14. 86.
5508 14. 86.
5509 14. 86.
5510 14. 86.
5511 14. 86.
5512 14. 86.
5513 13. 87.
5514 13. 87.
5515 12. 88.
5516 12. 88.
5517 12. 88.
5518 12. 88.
5519 12. 88.
5520 12. 88.
5521 12. 88.
5522 12. 88.
5523 12. 88.
5524 12. 88.
5525 13. 87.
5526 13. 87.
5527 13. 87.
5528 13. 87.
5529 12. 88.
5530 12. 88.
5531 12. 88.
5532 12. 88.
5533 12. 88.
5534 12. 88.
5535 12. 88.
5536 12. 88.
5537 12. 88.
5538 12. 88.
5539 12. 88.
5540 12. 88.
5541 12. 88.
5542 12. 88.
5543 12. 88.
5544 12. 88.
5545 12. 88.
5546 12. 88.
5547 12. 88.
5548 12. 88.
5549 12. 88.
5550 12. 88.
5551 13. 87.
5552 13. 87.
5553 13. 87.
5554 13. 87.
5555 13. 87.
5556 13. 87.
5557 14. 86.
5558 14. 86.
5559 13. 87.
5560 13. 87.
5561 13. 87.
5562 12. 88.
5563 12. 88.
5564 13. 87.
5565 13. 87.
5566 13. 87.
5567 13. 87.
5568 13. 87.
5569 13. 87.
5570 14. 86.
5571 14. 86.
5572 14. 86.
5573 14. 86.
5574 13. 87.
5575 13. 87.
5576 13. 87.
5577 13. 87.
5578 13. 87.
5579 13. 87.
5580 13. 87.
5581 13. 87.
5582 13. 87.
5583 13. 87.
5584 13. 87.
5585 14. 86.
5586 14. 86.
5587 14. 86.
5588 14. 86.
5589 14. 86.
5590 14. 86.
5591 14. 86.
5592 14. 86.
5593 14. 86.
5594 14. 86.
5595 14. 86.
5596 14. 86.
5597 14. 86.
5598 14. 86.
5599 14. 86.
5600 14. 86.
5601 14. 86.
5602 14. 86.
5603 14. 86.
5604 14. 86.
5605 14. 86.
5606 14. 86.
5607 14. 86.
5608 14. 86.
5609 14. 86.
5610 14. 86.
5611 13. 87.
5612 13. 87.
5613 13. 87.
5614 13. 87.
5615 13. 87.
5616 13. 87.
5617 13. 87.
5618 13. 87.
5619 13. 87.
5620 13. 87.
5621 13. 87.
5622 12. 88.
5623 12. 88.
5624 12. 88.
5625 12. 88.
5626 12. 88.
5627 12. 88.
5628 12. 88.
5629 12. 88.
5630 11. 89.
5631 11. 89.
5632 11. 89.
5633 11. 89.
5634 11. 89.
5635 11. 89.
5636 11. 89.
5637 11. 89.
5638 11. 89.
5639 11. 89.
5640 11. 89.
5641 11. 89.
5642 11. 89.
5643 10. 90.
5644 10. 90.
5645 10. 90.
5646 10. 90.
5647 10. 90.
5648 9. 91.
5649 9. 91.
5650 9. 91.
5651 9. 91.
5652 9. 91.
5653 9. 91.
5654 9. 91.
5655 8. 92.
5656 8. 92.
5657 8. 92.
5658 7. 93.
5659 7. 93.
5660 7. 93.
5661 7. 93.
5662 7. 93.
5663 7. 93.
5664 7. 93.
5665 7. 93.
5666 7. 93.
5667 7. 93.
5668 8. 92.
5669 8. 92.
5670 8. 92.
5671 8. 92.
5672 8. 92.
5673 8. 92.
5674 8. 92.
5675 8. 92.
5676 8. 92.
5677 8. 92.
5678 8. 92.
5679 8. 92.
5680 8. 92.
5681 8. 92.
5682 7. 93.
5683 7. 93.
5684 7. 93.
5685 7. 93.
5686 7. 93.
5687 7. 93.
5688 7. 93.
5689 7. 93.
5690 7. 93.
5691 7. 93.
5692 7. 93.
5693 7. 93.
5694 7. 93.
5695 7. 93.
5696 7. 93.
5697 7. 93.
5698 7. 93.
5699 7. 93.
5700 7. 93.
5701 7. 93.
5702 7. 93.
5703 7. 93.
5704 7. 93.
5705 7. 93.
5706 7. 93.
5707 7. 93.
5708 8. 92.
5709 8. 92.
5710 8. 92.
5711 8. 92.
5712 8. 92.
5713 8. 92.
5714 8. 92.
5715 8. 92.
5716 8. 92.
5717 8. 92.
5718 8. 92.
5719 8. 92.
5720 8. 92.
5721 8. 92.
5722 8. 92.
5723 8. 92.
5724 8. 92.
5725 8. 92.
5726 8. 92.
5727 8. 92.
5728 8. 92.
5729 8. 92.
5730 8. 92.
5731 8. 92.
5732 8. 92.
5733 8. 92.
5734 9. 91.
5735 9. 91.
5736 9. 91.
5737 9. 91.
5738 9. 91.
5739 9. 91.
5740 8. 92.
5741 8. 92.
5742 8. 92.
5743 8. 92.
5744 7. 93.
5745 8. 92.
5746 8. 92.
5747 8. 92.
5748 8. 92.
5749 8. 92.
5750 8. 92.
5751 8. 92.
5752 8. 92.
5753 7. 93.
5754 7. 93.
5755 7. 93.
5756 7. 93.
5757 7. 93.
5758 7. 93.
5759 7. 93.
5760 7. 93.
5761 7. 93.
5762 7. 93.
5763 7. 93.
5764 7. 93.
5765 7. 93.
5766 7. 93.
5767 7. 93.
5768 7. 93.
5769 7. 93.
5770 7. 93.
5771 7. 93.
5772 7. 93.
5773 7. 93.
5774 7. 93.
5775 7. 93.
5776 7. 93.
5777 7. 93.
5778 7. 93.
5779 6. 94.
5780 6. 94.
5781 6. 94.
5782 6. 94.
5783 6. 94.
5784 6. 94.
5785 6. 94.
5786 6. 94.
5787 6. 94.
5788 6. 94.
5789 6. 94.
5790 7. 93.
5791 7. 93.
5792 7. 93.
5793 7. 93.
5794 7. 93.
5795 7. 93.
5796 7. 93.
5797 8. 92.
5798 8. 92.
5799 8. 92.
5800 8. 92.
5801 8. 92.
5802 8. 92.
5803 7. 93.
5804 7. 93.
5805 7. 93.
5806 7. 93.
5807 7. 93.
5808 7. 93.
5809 7. 93.
5810 7. 93.
5811 7. 93.
5812 7. 93.
5813 7. 93.
5814 7. 93.
5815 8. 92.
5816 8. 92.
5817 8. 92.
5818 8. 92.
5819 8. 92.
5820 8. 92.
5821 8. 92.
5822 8. 92.
5823 8. 92.
5824 8. 92.
5825 8. 92.
5826 8. 92.
5827 8. 92.
5828 8. 92.
5829 7. 93.
5830 7. 93.
5831 7. 93.
5832 7. 93.
5833 7. 93.
5834 7. 93.
5835 6. 94.
5836 6. 94.
5837 6. 94.
5838 6. 94.
5839 6. 94.
5840 6. 94.
5841 6. 94.
5842 6. 94.
5843 6. 94.
5844 6. 94.
5845 6. 94.
5846 6. 94.
5847 6. 94.
5848 6. 94.
5849 5. 95.
5850 5. 95.
5851 5. 95.
5852 5. 95.
5853 5. 95.
5854 5. 95.
5855 5. 95.
5856 5. 95.
5857 5. 95.
5858 5. 95.
5859 5. 95.
5860 5. 95.
5861 5. 95.
5862 5. 95.
5863 5. 95.
5864 5. 95.
5865 6. 94.
5866 6. 94.
5867 6. 94.
5868 6. 94.
5869 6. 94.
5870 6. 94.
5871 6. 94.
5872 6. 94.
5873 6. 94.
5874 6. 94.
5875 6. 94.
5876 6. 94.
5877 7. 93.
5878 8. 92.
5879 8. 92.
5880 8. 92.
5881 8. 92.
5882 8. 92.
5883 8. 92.
5884 8. 92.
5885 8. 92.
5886 8. 92.
5887 8. 92.
5888 8. 92.
5889 8. 92.
5890 8. 92.
5891 7. 93.
5892 7. 93.
5893 7. 93.
5894 7. 93.
5895 7. 93.
5896 7. 93.
5897 7. 93.
5898 7. 93.
5899 7. 93.
5900 7. 93.
5901 7. 93.
5902 6. 94.
5903 6. 94.
5904 6. 94.
5905 6. 94.
5906 6. 94.
5907 6. 94.
5908 6. 94.
5909 6. 94.
5910 6. 94.
5911 6. 94.
5912 6. 94.
5913 6. 94.
5914 6. 94.
5915 6. 94.
5916 6. 94.
5917 6. 94.
5918 6. 94.
5919 6. 94.
5920 6. 94.
5921 6. 94.
5922 6. 94.
5923 6. 94.
5924 6. 94.
5925 6. 94.
5926 7. 93.
5927 7. 93.
5928 7. 93.
5929 7. 93.
5930 7. 93.
5931 7. 93.
5932 8. 92.
5933 8. 92.
5934 8. 92.
5935 8. 92.
5936 8. 92.
5937 8. 92.
5938 8. 92.
5939 8. 92.
5940 8. 92.
5941 7. 93.
5942 7. 93.
5943 7. 93.
5944 7. 93.
5945 6. 94.
5946 6. 94.
5947 6. 94.
5948 6. 94.
5949 6. 94.
5950 6. 94.
5951 6. 94.
5952 6. 94.
5953 6. 94.
5954 6. 94.
5955 6. 94.
5956 6. 94.
5957 6. 94.
5958 6. 94.
5959 6. 94.
5960 6. 94.
5961 7. 93.
5962 7. 93.
5963 7. 93.
5964 7. 93.
5965 7. 93.
5966 7. 93.
5967 7. 93.
5968 7. 93.
5969 7. 93.
5970 7. 93.
5971 7. 93.
5972 7. 93.
5973 7. 93.
5974 7. 93.
5975 7. 93.
5976 7. 93.
5977 7. 93.
5978 7. 93.
5979 7. 93.
5980 7. 93.
5981 7. 93.
5982 6. 94.
5983 6. 94.
5984 6. 94.
5985 6. 94.
5986 6. 94.
5987 6. 94.
5988 6. 94.
5989 6. 94.
5990 6. 94.
5991 6. 94.
5992 6. 94.
5993 6. 94.
5994 6. 94.
5995 6. 94.
5996 6. 94.
5997 6. 94.
5998 6. 94.
5999 6. 94.
6000 6. 94.
6001 6. 94.
6002 6. 94.
6003 6. 94.
6004 6. 94.
6005 6. 94.
6006 6. 94.
6007 6. 94.
6008 6. 94.
6009 6. 94.
6010 6. 94.
6011 6. 94.
6012 6. 94.
6013 6. 94.
6014 6. 94.
6015 6. 94.
6016 6. 94.
6017 6. 94.
6018 6. 94.
6019 6. 94.
6020 7. 93.
6021 7. 93.
6022 7. 93.
6023 7. 93.
6024 7. 93.
6025 7. 93.
6026 7. 93.
6027 7. 93.
6028 7. 93.
6029 7. 93.
6030 7. 93.
6031 7. 93.
6032 7. 93.
6033 7. 93.
6034 7. 93.
6035 7. 93.
6036 7. 93.
6037 7. 93.
6038 6. 94.
6039 6. 94.
6040 6. 94.
6041 6. 94.
6042 6. 94.
6043 7. 93.
6044 7. 93.
6045 7. 93.
6046 7. 93.
6047 7. 93.
6048 7. 93.
6049 7. 93.
6050 7. 93.
6051 7. 93.
6052 7. 93.
6053 7. 93.
6054 7. 93.
6055 7. 93.
6056 7. 93.
6057 7. 93.
6058 7. 93.
6059 7. 93.
6060 7. 93.
6061 7. 93.
6062 7. 93.
6063 7. 93.
6064 7. 93.
6065 7. 93.
6066 7. 93.
6067 7. 93.
6068 7. 93.
6069 7. 93.
6070 7. 93.
6071 7. 93.
6072 7. 93.
6073 7. 93.
6074 7. 93.
6075 7. 93.
6076 7. 93.
6077 7. 93.
6078 7. 93.
6079 6. 94.
6080 6. 94.
6081 6. 94.
6082 6. 94.
6083 6. 94.
6084 6. 94.
6085 6. 94.
6086 6. 94.
6087 6. 94.
6088 6. 94.
6089 5. 95.
6090 5. 95.
6091 5. 95.
6092 5. 95.
6093 5. 95.
6094 5. 95.
6095 5. 95.
6096 5. 95.
6097 5. 95.
6098 5. 95.
6099 5. 95.
6100 5. 95.
6101 5. 95.
6102 5. 95.
6103 5. 95.
6104 5. 95.
6105 5. 95.
6106 5. 95.
6107 5. 95.
6108 5. 95.
6109 5. 95.
6110 5. 95.
6111 5. 95.
6112 5. 95.
6113 5. 95.
6114 6. 94.
6115 6. 94.
6116 6. 94.
6117 6. 94.
6118 6. 94.
6119 6. 94.
6120 6. 94.
6121 7. 93.
6122 7. 93.
6123 7. 93.
6124 7. 93.
6125 7. 93.
6126 7. 93.
6127 7. 93.
6128 7. 93.
6129 7. 93.
6130 7. 93.
6131 7. 93.
6132 7. 93.
6133 6. 94.
6134 6. 94.
6135 6. 94.
6136 6. 94.
6137 6. 94.
6138 6. 94.
6139 6. 94.
6140 6. 94.
6141 6. 94.
6142 6. 94.
6143 6. 94.
6144 6. 94.
6145 6. 94.
6146 6. 94.
6147 6. 94.
6148 6. 94.
6149 6. 94.
6150 6. 94.
6151 6. 94.
6152 6. 94.
6153 6. 94.
6154 6. 94.
6155 6. 94.
6156 6. 94.
6157 6. 94.
6158 6. 94.
6159 6. 94.
6160 6. 94.
6161 6. 94.
6162 6. 94.
6163 6. 94.
6164 6. 94.
6165 6. 94.
6166 6. 94.
6167 6. 94.
6168 6. 94.
6169 6. 94.
6170 6. 94.
6171 6. 94.
6172 6. 94.
6173 6. 94.
6174 6. 94.
6175 6. 94.
6176 6. 94.
6177 6. 94.
6178 6. 94.
6179 6. 94.
6180 6. 94.
6181 6. 94.
6182 6. 94.
6183 6. 94.
6184 6. 94.
6185 6. 94.
6186 6. 94.
6187 6. 94.
6188 6. 94.
6189 6. 94.
6190 6. 94.
6191 6. 94.
6192 6. 94.
6193 6. 94.
6194 6. 94.
6195 6. 94.
6196 6. 94.
6197 6. 94.
6198 6. 94.
6199 6. 94.
6200 5. 95.
6201 5. 95.
6202 6. 94.
6203 6. 94.
6204 6. 94.
6205 6. 94.
6206 6. 94.
6207 6. 94.
6208 6. 94.
6209 7. 93.
6210 7. 93.
6211 7. 93.
6212 7. 93.
6213 7. 93.
6214 7. 93.
6215 7. 93.
6216 7. 93.
6217 7. 93.
6218 7. 93.
6219 7. 93.
6220 7. 93.
6221 7. 93.
6222 7. 93.
6223 7. 93.
6224 7. 93.
6225 7. 93.
6226 7. 93.
6227 7. 93.
6228 7. 93.
6229 7. 93.
6230 7. 93.
6231 7. 93.
6232 7. 93.
6233 7. 93.
6234 7. 93.
6235 7. 93.
6236 7. 93.
6237 7. 93.
6238 7. 93.
6239 7. 93.
6240 7. 93.
6241 7. 93.
6242 7. 93.
6243 7. 93.
6244 7. 93.
6245 7. 93.
6246 7. 93.
6247 7. 93.
6248 7. 93.
6249 6. 94.
6250 6. 94.
6251 6. 94.
6252 6. 94.
6253 6. 94.
6254 6. 94.
6255 6. 94.
6256 6. 94.
6257 6. 94.
6258 6. 94.
6259 6. 94.
6260 7. 93.
6261 7. 93.
6262 7. 93.
6263 7. 93.
6264 7. 93.
6265 7. 93.
6266 7. 93.
6267 7. 93.
6268 7. 93.
6269 7. 93.
6270 7. 93.
6271 7. 93.
6272 7. 93.
6273 7. 93.
6274 7. 93.
6275 7. 93.
6276 7. 93.
6277 7. 93.
6278 7. 93.
6279 7. 93.
6280 7. 93.
6281 7. 93.
6282 7. 93.
6283 7. 93.
6284 7. 93.
6285 7. 93.
6286 7. 93.
6287 7. 93.
6288 7. 93.
6289 7. 93.
6290 7. 93.
6291 7. 93.
6292 7. 93.
6293 7. 93.
6294 7. 93.
6295 7. 93.
6296 7. 93.
6297 7. 93.
6298 7. 93.
6299 7. 93.
6300 6. 94.
6301 6. 94.
6302 6. 94.
6303 6. 94.
6304 6. 94.
6305 6. 94.
6306 6. 94.
6307 5. 95.
6308 5. 95.
6309 5. 95.
6310 5. 95.
6311 5. 95.
6312 5. 95.
6313 4. 96.
6314 4. 96.
6315 4. 96.
6316 4. 96.
6317 4. 96.
6318 4. 96.
6319 4. 96.
6320 4. 96.
6321 4. 96.
6322 4. 96.
6323 4. 96.
6324 4. 96.
6325 4. 96.
6326 4. 96.
6327 4. 96.
6328 4. 96.
6329 4. 96.
6330 4. 96.
6331 4. 96.
6332 4. 96.
6333 4. 96.
6334 4. 96.
6335 4. 96.
6336 4. 96.
6337 4. 96.
6338 4. 96.
6339 4. 96.
6340 4. 96.
6341 3. 97.
6342 3. 97.
6343 3. 97.
6344 3. 97.
6345 3. 97.
6346 3. 97.
6347 3. 97.
6348 3. 97.
6349 3. 97.
6350 3. 97.
6351 3. 97.
6352 3. 97.
6353 3. 97.
6354 3. 97.
6355 3. 97.
6356 3. 97.
6357 3. 97.
6358 3. 97.
6359 3. 97.
6360 3. 97.
6361 3. 97.
6362 3. 97.
6363 3. 97.
6364 3. 97.
6365 3. 97.
6366 3. 97.
6367 3. 97.
6368 3. 97.
6369 3. 97.
6370 3. 97.
6371 3. 97.
6372 3. 97.
6373 3. 97.
6374 3. 97.
6375 3. 97.
6376 3. 97.
6377 3. 97.
6378 3. 97.
6379 3. 97.
6380 2. 98.
6381 2. 98.
6382 2. 98.
6383 2. 98.
6384 2. 98.
6385 2. 98.
6386 2. 98.
6387 2. 98.
6388 2. 98.
6389 2. 98.
6390 2. 98.
6391 2. 98.
6392 2. 98.
6393 2. 98.
6394 2. 98.
6395 2. 98.
6396 2. 98.
6397 2. 98.
6398 2. 98.
6399 2. 98.
6400 2. 98.
6401 2. 98.
6402 2. 98.
6403 2. 98.
6404 2. 98.
6405 2. 98.
6406 2. 98.
6407 2. 98.
6408 2. 98.
6409 2. 98.
6410 2. 98.
6411 2. 98.
6412 2. 98.
6413 2. 98.
6414 2. 98.
6415 2. 98.
6416 2. 98.
6417 2. 98.
6418 2. 98.
6419 2. 98.
6420 2. 98.
6421 2. 98.
6422 2. 98.
6423 2. 98.
6424 2. 98.
6425 2. 98.
6426 2. 98.
6427 2. 98.
6428 2. 98.
6429 2. 98.
6430 2. 98.
6431 2. 98.
6432 2. 98.
6433 2. 98.
6434 2. 98.
6435 2. 98.
6436 2. 98.
6437 2. 98.
6438 2. 98.
6439 2. 98.
6440 2. 98.
6441 2. 98.
6442 2. 98.
6443 2. 98.
6444 2. 98.
6445 2. 98.
6446 2. 98.
6447 2. 98.
6448 2. 98.
6449 2. 98.
6450 2. 98.
6451 2. 98.
6452 2. 98.
6453 2. 98.
6454 2. 98.
6455 2. 98.
6456 2. 98.
6457 2. 98.
6458 2. 98.
6459 2. 98.
6460 2. 98.
6461 2. 98.
6462 2. 98.
6463 2. 98.
6464 2. 98.
6465 2. 98.
6466 2. 98.
6467 2. 98.
6468 2. 98.
6469 2. 98.
6470 2. 98.
6471 2. 98.
6472 2. 98.
6473 2. 98.
6474 2. 98.
6475 2. 98.
6476 2. 98.
6477 2. 98.
6478 2. 98.
6479 2. 98.
6480 2. 98.
6481 2. 98.
6482 2. 98.
6483 2. 98.
6484 2. 98.
6485 2. 98.
6486 2. 98.
6487 2. 98.
6488 2. 98.
6489 2. 98.
6490 2. 98.
6491 2. 98.
6492 2. 98.
6493 2. 98.
6494 2. 98.
6495 3. 97.
6496 4. 96.
6497 4. 96.
6498 4. 96.
6499 4. 96.
6500 4. 96.
6501 4. 96.
6502 4. 96.
6503 4. 96.
6504 4. 96.
6505 4. 96.
6506 4. 96.
6507 4. 96.
6508 4. 96.
6509 4. 96.
6510 4. 96.
6511 4. 96.
6512 4. 96.
6513 4. 96.
6514 4. 96.
6515 4. 96.
6516 4. 96.
6517 4. 96.
6518 4. 96.
6519 4. 96.
6520 4. 96.
6521 4. 96.
6522 4. 96.
6523 4. 96.
6524 4. 96.
6525 5. 95.
6526 5. 95.
6527 5. 95.
6528 5. 95.
6529 5. 95.
6530 5. 95.
6531 5. 95.
6532 5. 95.
6533 5. 95.
6534 5. 95.
6535 5. 95.
6536 5. 95.
6537 5. 95.
6538 5. 95.
6539 5. 95.
6540 5. 95.
6541 5. 95.
6542 5. 95.
6543 5. 95.
6544 5. 95.
6545 5. 95.
6546 5. 95.
6547 5. 95.
6548 5. 95.
6549 5. 95.
6550 5. 95.
6551 5. 95.
6552 5. 95.
6553 5. 95.
6554 5. 95.
6555 5. 95.
6556 5. 95.
6557 5. 95.
6558 5. 95.
6559 5. 95.
6560 5. 95.
6561 5. 95.
6562 5. 95.
6563 5. 95.
6564 5. 95.
6565 5. 95.
6566 5. 95.
6567 5. 95.
6568 5. 95.
6569 5. 95.
6570 5. 95.
6571 5. 95.
6572 5. 95.
6573 5. 95.
6574 5. 95.
6575 5. 95.
6576 5. 95.
6577 5. 95.
6578 5. 95.
6579 5. 95.
6580 5. 95.
6581 5. 95.
6582 5. 95.
6583 5. 95.
6584 5. 95.
6585 5. 95.
6586 5. 95.
6587 5. 95.
6588 5. 95.
6589 5. 95.
6590 5. 95.
6591 5. 95.
6592 5. 95.
6593 5. 95.
6594 5. 95.
6595 5. 95.
6596 5. 95.
6597 5. 95.
6598 5. 95.
6599 5. 95.
6600 5. 95.
6601 5. 95.
6602 5. 95.
6603 5. 95.
6604 5. 95.
6605 5. 95.
6606 5. 95.
6607 5. 95.
6608 5. 95.
6609 5. 95.
6610 5. 95.
6611 5. 95.
6612 5. 95.
6613 5. 95.
6614 5. 95.
6615 5. 95.
6616 5. 95.
6617 5. 95.
6618 5. 95.
6619 5. 95.
6620 5. 95.
6621 5. 95.
6622 5. 95.
6623 5. 95.
6624 5. 95.
6625 5. 95.
6626 4. 96.
6627 4. 96.
6628 4. 96.
6629 4. 96.
6630 4. 96.
6631 4. 96.
6632 4. 96.
6633 4. 96.
6634 4. 96.
6635 4. 96.
6636 4. 96.
6637 4. 96.
6638 4. 96.
6639 4. 96.
6640 4. 96.
6641 4. 96.
6642 4. 96.
6643 4. 96.
6644 4. 96.
6645 4. 96.
6646 4. 96.
6647 4. 96.
6648 4. 96.
6649 4. 96.
6650 4. 96.
6651 4. 96.
6652 4. 96.
6653 4. 96.
6654 4. 96.
6655 3. 97.
6656 3. 97.
6657 3. 97.
6658 3. 97.
6659 3. 97.
6660 3. 97.
6661 3. 97.
6662 3. 97.
6663 3. 97.
6664 3. 97.
6665 3. 97.
6666 3. 97.
6667 3. 97.
6668 3. 97.
6669 3. 97.
6670 3. 97.
6671 3. 97.
6672 3. 97.
6673 2. 98.
6674 2. 98.
6675 2. 98.
6676 2. 98.
6677 2. 98.
6678 2. 98.
6679 2. 98.
6680 2. 98.
6681 2. 98.
6682 2. 98.
6683 2. 98.
6684 2. 98.
6685 2. 98.
6686 2. 98.
6687 3. 97.
6688 3. 97.
6689 3. 97.
6690 3. 97.
6691 3. 97.
6692 3. 97.
6693 3. 97.
6694 3. 97.
6695 3. 97.
6696 3. 97.
6697 3. 97.
6698 3. 97.
6699 3. 97.
6700 3. 97.
6701 3. 97.
6702 3. 97.
6703 3. 97.
6704 3. 97.
6705 3. 97.
6706 3. 97.
6707 3. 97.
6708 3. 97.
6709 3. 97.
6710 3. 97.
6711 3. 97.
6712 3. 97.
6713 3. 97.
6714 3. 97.
6715 3. 97.
6716 3. 97.
6717 3. 97.
6718 3. 97.
6719 3. 97.
6720 3. 97.
6721 3. 97.
6722 3. 97.
6723 3. 97.
6724 3. 97.
6725 3. 97.
6726 3. 97.
6727 3. 97.
6728 3. 97.
6729 3. 97.
6730 3. 97.
6731 3. 97.
6732 3. 97.
6733 3. 97.
6734 3. 97.
6735 3. 97.
6736 3. 97.
6737 3. 97.
6738 3. 97.
6739 3. 97.
6740 3. 97.
6741 3. 97.
6742 3. 97.
6743 3. 97.
6744 3. 97.
6745 3. 97.
6746 3. 97.
6747 3. 97.
6748 2. 98.
6749 2. 98.
6750 2. 98.
6751 2. 98.
6752 2. 98.
6753 2. 98.
6754 2. 98.
6755 2. 98.
6756 2. 98.
6757 2. 98.
6758 2. 98.
6759 2. 98.
6760 2. 98.
6761 2. 98.
6762 2. 98.
6763 2. 98.
6764 2. 98.
6765 2. 98.
6766 2. 98.
6767 2. 98.
6768 1. 99.
6769 1. 99.
6770 1. 99.
6771 1. 99.
6772 1. 99.
6773 1. 99.
6774 1. 99.
6775 1. 99.
6776 1. 99.
6777 1. 99.
6778 1. 99.
6779 1. 99.
6780 1. 99.
6781 1. 99.
6782 1. 99.
6783 1. 99.
6784 1. 99.
6785 1. 99.
6786 1. 99.
6787 1. 99.
6788 1. 99.
6789 1. 99.
6790 2. 98.
6791 2. 98.
6792 2. 98.
6793 2. 98.
6794 2. 98.
6795 2. 98.
6796 2. 98.
6797 2. 98.
6798 2. 98.
6799 2. 98.
6800 2. 98.
6801 2. 98.
6802 2. 98.
6803 2. 98.
6804 2. 98.
6805 2. 98.
6806 2. 98.
6807 2. 98.
6808 2. 98.
6809 2. 98.
6810 2. 98.
6811 2. 98.
6812 2. 98.
6813 2. 98.
6814 2. 98.
6815 2. 98.
6816 2. 98.
6817 2. 98.
6818 2. 98.
6819 2. 98.
6820 2. 98.
6821 2. 98.
6822 2. 98.
6823 2. 98.
6824 2. 98.
6825 2. 98.
6826 2. 98.
6827 2. 98.
6828 2. 98.
6829 2. 98.
6830 2. 98.
6831 2. 98.
6832 2. 98.
6833 2. 98.
6834 2. 98.
6835 2. 98.
6836 2. 98.
6837 2. 98.
6838 2. 98.
6839 2. 98.
6840 2. 98.
6841 2. 98.
6842 2. 98.
6843 2. 98.
6844 2. 98.
6845 2. 98.
6846 2. 98.
6847 2. 98.
6848 2. 98.
6849 2. 98.
6850 1. 99.
6851 1. 99.
6852 1. 99.
6853 1. 99.
6854 1. 99.
6855 1. 99.
6856 1. 99.
6857 1. 99.
6858 1. 99.
6859 1. 99.
6860 1. 99.
6861 1. 99.
6862 1. 99.
6863 1. 99.
6864 1. 99.
6865 1. 99.
6866 1. 99.
6867 1. 99.
6868 1. 99.
6869 1. 99.
6870 1. 99.
