0 20. 80.
1 19. 81.
2 19. 81.
3 19. 81.
4 19. 81.
5 19. 81.
6 19. 81.
7 19. 81.
8 19. 81.
9 19. 81.
10 19. 81.
11 18. 82.
12 17. 83.
13 18. 82.
14 19. 81.
15 20. 80.
16 21. 79.
17 22. 78.
18 21. 79.
19 21. 79.
20 21. 79.
21 21. 79.
22 22. 78.
23 22. 78.
24 22. 78.
25 22. 78.
26 23. 77.
27 23. 77.
28 23. 77.
29 23. 77.
30 23. 77.
31 23. 77.
32 24. 76.
33 24. 76.
34 23. 77.
35 23. 77.
36 23. 77.
37 23. 77.
38 23. 77.
39 24. 76.
40 24. 76.
41 24. 76.
42 24. 76.
43 24. 76.
44 23. 77.
45 23. 77.
46 23. 77.
47 23. 77.
48 23. 77.
49 23. 77.
50 23. 77.
51 23. 77.
52 24. 76.
53 24. 76.
54 24. 76.
55 24. 76.
56 24. 76.
57 24. 76.
58 24. 76.
59 24. 76.
60 24. 76.
61 24. 76.
62 24. 76.
63 24. 76.
64 24. 76.
65 23. 77.
66 23. 77.
67 23. 77.
68 23. 77.
69 23. 77.
70 24. 76.
71 24. 76.
72 24. 76.
73 24. 76.
74 24. 76.
75 25. 75.
76 25. 75.
77 25. 75.
78 25. 75.
79 26. 74.
80 26. 74.
81 26. 74.
82 26. 74.
83 25. 75.
84 25. 75.
85 25. 75.
86 25. 75.
87 25. 75.
88 25. 75.
89 25. 75.
90 25. 75.
91 26. 74.
92 26. 74.
93 26. 74.
94 26. 74.
95 26. 74.
96 26. 74.
97 26. 74.
98 26. 74.
99 26. 74.
100 26. 74.
101 26. 74.
102 26. 74.
103 26. 74.
104 26. 74.
105 26. 74.
106 26. 74.
107 26. 74.
108 26. 74.
109 25. 75.
110 25. 75.
111 25. 75.
112 25. 75.
113 25. 75.
114 24. 76.
115 24. 76.
116 24. 76.
117 25. 75.
118 25. 75.
119 25. 75.
120 25. 75.
121 25. 75.
122 26. 74.
123 26. 74.
124 25. 75.
125 25. 75.
126 25. 75.
127 25. 75.
128 25. 75.
129 25. 75.
130 25. 75.
131 24. 76.
132 24. 76.
133 24. 76.
134 24. 76.
135 24. 76.
136 24. 76.
137 24. 76.
138 25. 75.
139 24. 76.
140 24. 76.
141 24. 76.
142 23. 77.
143 23. 77.
144 22. 78.
145 22. 78.
146 22. 78.
147 22. 78.
148 21. 79.
149 22. 78.
150 22. 78.
151 22. 78.
152 22. 78.
153 22. 78.
154 23. 77.
155 22. 78.
156 23. 77.
157 22. 78.
158 22. 78.
159 22. 78.
160 21. 79.
161 21. 79.
162 21. 79.
163 22. 78.
164 21. 79.
165 21. 79.
166 21. 79.
167 22. 78.
168 22. 78.
169 21. 79.
170 21. 79.
171 21. 79.
172 21. 79.
173 21. 79.
174 21. 79.
175 21. 79.
176 21. 79.
177 21. 79.
178 21. 79.
179 21. 79.
180 21. 79.
181 21. 79.
182 21. 79.
183 21. 79.
184 21. 79.
185 20. 80.
186 20. 80.
187 20. 80.
188 20. 80.
189 20. 80.
190 20. 80.
191 20. 80.
192 20. 80.
193 20. 80.
194 19. 81.
195 19. 81.
196 20. 80.
197 20. 80.
198 20. 80.
199 21. 79.
200 21. 79.
201 21. 79.
202 21. 79.
203 21. 79.
204 21. 79.
205 21. 79.
206 21. 79.
207 21. 79.
208 21. 79.
209 21. 79.
210 21. 79.
211 21. 79.
212 22. 78.
213 22. 78.
214 22. 78.
215 22. 78.
216 22. 78.
217 22. 78.
218 22. 78.
219 22. 78.
220 22. 78.
221 22. 78.
222 22. 78.
223 23. 77.
224 23. 77.
225 23. 77.
226 23. 77.
227 23. 77.
228 23. 77.
229 23. 77.
230 23. 77.
231 23. 77.
232 23. 77.
233 23. 77.
234 22. 78.
235 23. 77.
236 23. 77.
237 23. 77.
238 23. 77.
239 23. 77.
240 23. 77.
241 23. 77.
242 23. 77.
243 23. 77.
244 23. 77.
245 23. 77.
246 23. 77.
247 23. 77.
248 23. 77.
249 23. 77.
250 23. 77.
251 23. 77.
252 23. 77.
253 23. 77.
254 23. 77.
255 23. 77.
256 24. 76.
257 24. 76.
258 24. 76.
259 24. 76.
260 24. 76.
261 24. 76.
262 24. 76.
263 24. 76.
264 23. 77.
265 23. 77.
266 23. 77.
267 23. 77.
268 23. 77.
269 23. 77.
270 23. 77.
271 23. 77.
272 23. 77.
273 24. 76.
274 24. 76.
275 24. 76.
276 24. 76.
277 24. 76.
278 24. 76.
279 24. 76.
280 24. 76.
281 24. 76.
282 25. 75.
283 25. 75.
284 25. 75.
285 24. 76.
286 24. 76.
287 24. 76.
288 24. 76.
289 24. 76.
290 24. 76.
291 24. 76.
292 24. 76.
293 25. 75.
294 25. 75.
295 25. 75.
296 25. 75.
297 25. 75.
298 25. 75.
299 25. 75.
300 25. 75.
301 26. 74.
302 26. 74.
303 26. 74.
304 26. 74.
305 26. 74.
306 26. 74.
307 26. 74.
308 26. 74.
309 26. 74.
310 26. 74.
311 26. 74.
312 26. 74.
313 26. 74.
314 26. 74.
315 26. 74.
316 26. 74.
317 26. 74.
318 25. 75.
319 25. 75.
320 24. 76.
321 25. 75.
322 25. 75.
323 25. 75.
324 25. 75.
325 25. 75.
326 25. 75.
327 25. 75.
328 24. 76.
329 24. 76.
330 23. 77.
331 23. 77.
332 22. 78.
333 22. 78.
334 22. 78.
335 21. 79.
336 21. 79.
337 21. 79.
338 21. 79.
339 21. 79.
340 21. 79.
341 21. 79.
342 21. 79.
343 21. 79.
344 21. 79.
345 21. 79.
346 21. 79.
347 21. 79.
348 21. 79.
349 21. 79.
350 21. 79.
351 21. 79.
352 21. 79.
353 21. 79.
354 21. 79.
355 21. 79.
356 21. 79.
357 20. 80.
358 20. 80.
359 20. 80.
360 20. 80.
361 20. 80.
362 20. 80.
363 20. 80.
364 20. 80.
365 21. 79.
366 22. 78.
367 22. 78.
368 22. 78.
369 23. 77.
370 22. 78.
371 22. 78.
372 22. 78.
373 22. 78.
374 22. 78.
375 22. 78.
376 23. 77.
377 23. 77.
378 24. 76.
379 24. 76.
380 24. 76.
381 24. 76.
382 23. 77.
383 23. 77.
384 23. 77.
385 23. 77.
386 23. 77.
387 23. 77.
388 23. 77.
389 24. 76.
390 24. 76.
391 24. 76.
392 24. 76.
393 24. 76.
394 25. 75.
395 26. 74.
396 26. 74.
397 26. 74.
398 26. 74.
399 26. 74.
400 26. 74.
401 26. 74.
402 26. 74.
403 26. 74.
404 26. 74.
405 26. 74.
406 26. 74.
407 26. 74.
408 26. 74.
409 26. 74.
410 26. 74.
411 25. 75.
412 25. 75.
413 25. 75.
414 25. 75.
415 25. 75.
416 25. 75.
417 25. 75.
418 25. 75.
419 25. 75.
420 24. 76.
421 24. 76.
422 24. 76.
423 25. 75.
424 24. 76.
425 24. 76.
426 25. 75.
427 25. 75.
428 25. 75.
429 25. 75.
430 25. 75.
431 25. 75.
432 25. 75.
433 25. 75.
434 25. 75.
435 25. 75.
436 25. 75.
437 25. 75.
438 25. 75.
439 25. 75.
440 25. 75.
441 26. 74.
442 25. 75.
443 25. 75.
444 26. 74.
445 26. 74.
446 26. 74.
447 26. 74.
448 26. 74.
449 27. 73.
450 28. 72.
451 28. 72.
452 28. 72.
453 28. 72.
454 28. 72.
455 29. 71.
456 29. 71.
457 29. 71.
458 29. 71.
459 29. 71.
460 30. 70.
461 30. 70.
462 30. 70.
463 29. 71.
464 29. 71.
465 29. 71.
466 29. 71.
467 30. 70.
468 30. 70.
469 30. 70.
470 30. 70.
471 30. 70.
472 30. 70.
473 31. 69.
474 31. 69.
475 31. 69.
476 31. 69.
477 31. 69.
478 31. 69.
479 31. 69.
480 31. 69.
481 31. 69.
482 31. 69.
483 31. 69.
484 31. 69.
485 31. 69.
486 31. 69.
487 30. 70.
488 30. 70.
489 30. 70.
490 30. 70.
491 30. 70.
492 30. 70.
493 30. 70.
494 30. 70.
495 29. 71.
496 29. 71.
497 29. 71.
498 29. 71.
499 29. 71.
500 29. 71.
501 29. 71.
502 29. 71.
503 29. 71.
504 29. 71.
505 29. 71.
506 29. 71.
507 29. 71.
508 29. 71.
509 29. 71.
510 29. 71.
511 29. 71.
512 29. 71.
513 30. 70.
514 30. 70.
515 29. 71.
516 29. 71.
517 28. 72.
518 28. 72.
519 28. 72.
520 28. 72.
521 28. 72.
522 28. 72.
523 28. 72.
524 28. 72.
525 28. 72.
526 28. 72.
527 28. 72.
528 29. 71.
529 29. 71.
530 29. 71.
531 29. 71.
532 29. 71.
533 29. 71.
534 29. 71.
535 30. 70.
536 30. 70.
537 29. 71.
538 29. 71.
539 29. 71.
540 29. 71.
541 28. 72.
542 28. 72.
543 28. 72.
544 28. 72.
545 28. 72.
546 28. 72.
547 28. 72.
548 28. 72.
549 28. 72.
550 29. 71.
551 29. 71.
552 29. 71.
553 29. 71.
554 30. 70.
555 30. 70.
556 30. 70.
557 30. 70.
558 29. 71.
559 29. 71.
560 29. 71.
561 29. 71.
562 29. 71.
563 29. 71.
564 29. 71.
565 29. 71.
566 28. 72.
567 28. 72.
568 28. 72.
569 28. 72.
570 28. 72.
571 28. 72.
572 28. 72.
573 28. 72.
574 28. 72.
575 29. 71.
576 29. 71.
577 30. 70.
578 30. 70.
579 29. 71.
580 29. 71.
581 29. 71.
582 29. 71.
583 29. 71.
584 29. 71.
585 29. 71.
586 29. 71.
587 29. 71.
588 29. 71.
589 29. 71.
590 29. 71.
591 29. 71.
592 29. 71.
593 29. 71.
594 29. 71.
595 29. 71.
596 29. 71.
597 29. 71.
598 29. 71.
599 29. 71.
600 29. 71.
601 29. 71.
602 29. 71.
603 29. 71.
604 29. 71.
605 29. 71.
606 28. 72.
607 28. 72.
608 28. 72.
609 28. 72.
610 28. 72.
611 29. 71.
612 29. 71.
613 28. 72.
614 29. 71.
615 29. 71.
616 29. 71.
617 29. 71.
618 29. 71.
619 29. 71.
620 30. 70.
621 30. 70.
622 30. 70.
623 30. 70.
624 30. 70.
625 30. 70.
626 31. 69.
627 32. 68.
628 32. 68.
629 32. 68.
630 32. 68.
631 31. 69.
632 31. 69.
633 32. 68.
634 32. 68.
635 32. 68.
636 32. 68.
637 32. 68.
638 33. 67.
639 33. 67.
640 33. 67.
641 32. 68.
642 31. 69.
643 32. 68.
644 32. 68.
645 32. 68.
646 32. 68.
647 32. 68.
648 31. 69.
649 31. 69.
650 31. 69.
651 30. 70.
652 30. 70.
653 30. 70.
654 29. 71.
655 29. 71.
656 29. 71.
657 29. 71.
658 29. 71.
659 29. 71.
660 29. 71.
661 29. 71.
662 29. 71.
663 29. 71.
664 29. 71.
665 29. 71.
666 29. 71.
667 29. 71.
668 29. 71.
669 29. 71.
670 29. 71.
671 28. 72.
672 28. 72.
673 28. 72.
674 28. 72.
675 28. 72.
676 28. 72.
677 27. 73.
678 27. 73.
679 27. 73.
680 27. 73.
681 26. 74.
682 26. 74.
683 26. 74.
684 25. 75.
685 25. 75.
686 25. 75.
687 25. 75.
688 25. 75.
689 25. 75.
690 25. 75.
691 26. 74.
692 27. 73.
693 27. 73.
694 27. 73.
695 26. 74.
696 26. 74.
697 26. 74.
698 26. 74.
699 26. 74.
700 26. 74.
701 26. 74.
702 25. 75.
703 25. 75.
704 24. 76.
705 24. 76.
706 24. 76.
707 24. 76.
708 24. 76.
709 25. 75.
710 25. 75.
711 25. 75.
712 25. 75.
713 25. 75.
714 25. 75.
715 25. 75.
716 25. 75.
717 25. 75.
718 26. 74.
719 26. 74.
720 26. 74.
721 26. 74.
722 26. 74.
723 26. 74.
724 26. 74.
725 26. 74.
726 26. 74.
727 26. 74.
728 26. 74.
729 26. 74.
730 26. 74.
731 26. 74.
732 26. 74.
733 27. 73.
734 27. 73.
735 28. 72.
736 28. 72.
737 28. 72.
738 28. 72.
739 28. 72.
740 28. 72.
741 27. 73.
742 27. 73.
743 27. 73.
744 27. 73.
745 26. 74.
746 26. 74.
747 25. 75.
748 25. 75.
749 25. 75.
750 24. 76.
751 24. 76.
752 24. 76.
753 24. 76.
754 25. 75.
755 25. 75.
756 25. 75.
757 25. 75.
758 24. 76.
759 24. 76.
760 25. 75.
761 25. 75.
762 24. 76.
763 24. 76.
764 24. 76.
765 24. 76.
766 24. 76.
767 24. 76.
768 25. 75.
769 26. 74.
770 26. 74.
771 25. 75.
772 26. 74.
773 25. 75.
774 25. 75.
775 25. 75.
776 25. 75.
777 26. 74.
778 26. 74.
779 26. 74.
780 26. 74.
781 26. 74.
782 27. 73.
783 27. 73.
784 26. 74.
785 26. 74.
786 26. 74.
787 25. 75.
788 25. 75.
789 25. 75.
790 25. 75.
791 25. 75.
792 25. 75.
793 26. 74.
794 25. 75.
795 25. 75.
796 25. 75.
797 25. 75.
798 25. 75.
799 25. 75.
800 25. 75.
801 25. 75.
802 24. 76.
803 24. 76.
804 23. 77.
805 23. 77.
806 23. 77.
807 23. 77.
808 24. 76.
809 24. 76.
810 24. 76.
811 24. 76.
812 24. 76.
813 24. 76.
814 25. 75.
815 26. 74.
816 26. 74.
817 26. 74.
818 26. 74.
819 26. 74.
820 26. 74.
821 26. 74.
822 26. 74.
823 26. 74.
824 26. 74.
825 26. 74.
826 26. 74.
827 26. 74.
828 27. 73.
829 28. 72.
830 28. 72.
831 28. 72.
832 28. 72.
833 28. 72.
834 27. 73.
835 27. 73.
836 27. 73.
837 27. 73.
838 27. 73.
839 27. 73.
840 27. 73.
841 26. 74.
842 26. 74.
843 26. 74.
844 26. 74.
845 26. 74.
846 26. 74.
847 26. 74.
848 26. 74.
849 26. 74.
850 26. 74.
851 26. 74.
852 26. 74.
853 26. 74.
854 26. 74.
855 25. 75.
856 25. 75.
857 25. 75.
858 25. 75.
859 25. 75.
860 25. 75.
861 25. 75.
862 24. 76.
863 24. 76.
864 24. 76.
865 24. 76.
866 24. 76.
867 24. 76.
868 24. 76.
869 25. 75.
870 25. 75.
871 24. 76.
872 24. 76.
873 23. 77.
874 22. 78.
875 21. 79.
876 21. 79.
877 21. 79.
878 21. 79.
879 21. 79.
880 21. 79.
881 21. 79.
882 21. 79.
883 21. 79.
884 21. 79.
885 21. 79.
886 22. 78.
887 22. 78.
888 22. 78.
889 22. 78.
890 22. 78.
891 22. 78.
892 22. 78.
893 22. 78.
894 22. 78.
895 22. 78.
896 23. 77.
897 23. 77.
898 23. 77.
899 23. 77.
900 23. 77.
901 23. 77.
902 23. 77.
903 23. 77.
904 23. 77.
905 22. 78.
906 22. 78.
907 21. 79.
908 21. 79.
909 21. 79.
910 21. 79.
911 21. 79.
912 21. 79.
913 22. 78.
914 22. 78.
915 22. 78.
916 22. 78.
917 22. 78.
918 22. 78.
919 22. 78.
920 22. 78.
921 22. 78.
922 22. 78.
923 22. 78.
924 23. 77.
925 23. 77.
926 23. 77.
927 23. 77.
928 23. 77.
929 23. 77.
930 23. 77.
931 24. 76.
932 24. 76.
933 24. 76.
934 24. 76.
935 24. 76.
936 23. 77.
937 23. 77.
938 23. 77.
939 24. 76.
940 24. 76.
941 25. 75.
942 25. 75.
943 25. 75.
944 24. 76.
945 24. 76.
946 24. 76.
947 24. 76.
948 25. 75.
949 25. 75.
950 25. 75.
951 25. 75.
952 26. 74.
953 26. 74.
954 27. 73.
955 27. 73.
956 27. 73.
957 27. 73.
958 27. 73.
959 27. 73.
960 28. 72.
961 28. 72.
962 28. 72.
963 28. 72.
964 29. 71.
965 30. 70.
966 30. 70.
967 29. 71.
968 29. 71.
969 29. 71.
970 29. 71.
971 28. 72.
972 28. 72.
973 28. 72.
974 28. 72.
975 27. 73.
976 27. 73.
977 27. 73.
978 27. 73.
979 27. 73.
980 27. 73.
981 27. 73.
982 27. 73.
983 27. 73.
984 27. 73.
985 27. 73.
986 27. 73.
987 27. 73.
988 27. 73.
989 28. 72.
990 28. 72.
991 28. 72.
992 28. 72.
993 28. 72.
994 28. 72.
995 28. 72.
996 28. 72.
997 28. 72.
998 28. 72.
999 28. 72.
1000 28. 72.
1001 28. 72.
1002 28. 72.
1003 28. 72.
1004 28. 72.
1005 28. 72.
1006 28. 72.
1007 28. 72.
1008 28. 72.
1009 28. 72.
1010 28. 72.
1011 27. 73.
1012 27. 73.
1013 27. 73.
1014 27. 73.
1015 27. 73.
1016 27. 73.
1017 27. 73.
1018 27. 73.
1019 27. 73.
1020 27. 73.
1021 27. 73.
1022 26. 74.
1023 26. 74.
1024 26. 74.
1025 26. 74.
1026 26. 74.
1027 26. 74.
1028 26. 74.
1029 26. 74.
1030 26. 74.
1031 26. 74.
1032 26. 74.
1033 26. 74.
1034 25. 75.
1035 25. 75.
1036 25. 75.
1037 25. 75.
1038 25. 75.
1039 25. 75.
1040 25. 75.
1041 25. 75.
1042 25. 75.
1043 25. 75.
1044 25. 75.
1045 25. 75.
1046 25. 75.
1047 25. 75.
1048 26. 74.
1049 26. 74.
1050 26. 74.
1051 26. 74.
1052 25. 75.
1053 25. 75.
1054 25. 75.
1055 24. 76.
1056 24. 76.
1057 24. 76.
1058 24. 76.
1059 24. 76.
1060 24. 76.
1061 24. 76.
1062 24. 76.
1063 24. 76.
1064 24. 76.
1065 25. 75.
1066 24. 76.
1067 24. 76.
1068 24. 76.
1069 24. 76.
1070 24. 76.
1071 24. 76.
1072 24. 76.
1073 24. 76.
1074 23. 77.
1075 24. 76.
1076 24. 76.
1077 24. 76.
1078 24. 76.
1079 25. 75.
1080 24. 76.
1081 24. 76.
1082 24. 76.
1083 24. 76.
1084 24. 76.
1085 24. 76.
1086 24. 76.
1087 24. 76.
1088 24. 76.
1089 24. 76.
1090 24. 76.
1091 24. 76.
1092 24. 76.
1093 24. 76.
1094 23. 77.
1095 23. 77.
1096 23. 77.
1097 24. 76.
1098 23. 77.
1099 23. 77.
1100 22. 78.
1101 22. 78.
1102 22. 78.
1103 22. 78.
1104 22. 78.
1105 22. 78.
1106 22. 78.
1107 22. 78.
1108 23. 77.
1109 23. 77.
1110 23. 77.
1111 23. 77.
1112 23. 77.
1113 23. 77.
1114 24. 76.
1115 23. 77.
1116 22. 78.
1117 22. 78.
1118 22. 78.
1119 22. 78.
1120 23. 77.
1121 23. 77.
1122 24. 76.
1123 24. 76.
1124 24. 76.
1125 24. 76.
1126 24. 76.
1127 24. 76.
1128 23. 77.
1129 23. 77.
1130 22. 78.
1131 22. 78.
1132 22. 78.
1133 22. 78.
1134 22. 78.
1135 22. 78.
1136 22. 78.
1137 21. 79.
1138 20. 80.
1139 20. 80.
1140 20. 80.
1141 20. 80.
1142 20. 80.
1143 20. 80.
1144 20. 80.
1145 21. 79.
1146 21. 79.
1147 21. 79.
1148 21. 79.
1149 22. 78.
1150 23. 77.
1151 23. 77.
1152 23. 77.
1153 23. 77.
1154 22. 78.
1155 22. 78.
1156 22. 78.
1157 22. 78.
1158 22. 78.
1159 22. 78.
1160 22. 78.
1161 22. 78.
1162 22. 78.
1163 22. 78.
1164 22. 78.
1165 22. 78.
1166 21. 79.
1167 21. 79.
1168 22. 78.
1169 23. 77.
1170 23. 77.
1171 23. 77.
1172 23. 77.
1173 23. 77.
1174 23. 77.
1175 23. 77.
1176 23. 77.
1177 23. 77.
1178 23. 77.
1179 23. 77.
1180 23. 77.
1181 24. 76.
1182 24. 76.
1183 25. 75.
1184 24. 76.
1185 24. 76.
1186 24. 76.
1187 23. 77.
1188 22. 78.
1189 22. 78.
1190 22. 78.
1191 22. 78.
1192 22. 78.
1193 22. 78.
1194 22. 78.
1195 22. 78.
1196 22. 78.
1197 22. 78.
1198 22. 78.
1199 22. 78.
1200 22. 78.
1201 22. 78.
1202 22. 78.
1203 22. 78.
1204 21. 79.
1205 21. 79.
1206 22. 78.
1207 23. 77.
1208 23. 77.
1209 23. 77.
1210 24. 76.
1211 24. 76.
1212 24. 76.
1213 24. 76.
1214 24. 76.
1215 24. 76.
1216 24. 76.
1217 24. 76.
1218 24. 76.
1219 24. 76.
1220 24. 76.
1221 24. 76.
1222 24. 76.
1223 24. 76.
1224 24. 76.
1225 24. 76.
1226 25. 75.
1227 24. 76.
1228 24. 76.
1229 24. 76.
1230 25. 75.
1231 25. 75.
1232 26. 74.
1233 26. 74.
1234 26. 74.
1235 26. 74.
1236 26. 74.
1237 26. 74.
1238 26. 74.
1239 25. 75.
1240 25. 75.
1241 25. 75.
1242 26. 74.
1243 26. 74.
1244 26. 74.
1245 26. 74.
1246 26. 74.
1247 27. 73.
1248 27. 73.
1249 27. 73.
1250 27. 73.
1251 27. 73.
1252 27. 73.
1253 27. 73.
1254 27. 73.
1255 27. 73.
1256 26. 74.
1257 26. 74.
1258 26. 74.
1259 26. 74.
1260 26. 74.
1261 26. 74.
1262 26. 74.
1263 26. 74.
1264 25. 75.
1265 26. 74.
1266 26. 74.
1267 25. 75.
1268 25. 75.
1269 25. 75.
1270 25. 75.
1271 25. 75.
1272 25. 75.
1273 26. 74.
1274 26. 74.
1275 26. 74.
1276 26. 74.
1277 27. 73.
1278 27. 73.
1279 27. 73.
1280 27. 73.
1281 26. 74.
1282 26. 74.
1283 26. 74.
1284 26. 74.
1285 26. 74.
1286 26. 74.
1287 26. 74.
1288 26. 74.
1289 26. 74.
1290 26. 74.
1291 26. 74.
1292 26. 74.
1293 26. 74.
1294 26. 74.
1295 26. 74.
1296 27. 73.
1297 27. 73.
1298 26. 74.
1299 27. 73.
1300 27. 73.
1301 26. 74.
1302 26. 74.
1303 26. 74.
1304 26. 74.
1305 27. 73.
1306 27. 73.
1307 26. 74.
1308 26. 74.
1309 27. 73.
1310 26. 74.
1311 26. 74.
1312 26. 74.
1313 27. 73.
1314 27. 73.
1315 28. 72.
1316 28. 72.
1317 28. 72.
1318 28. 72.
1319 28. 72.
1320 28. 72.
1321 28. 72.
1322 28. 72.
1323 28. 72.
1324 28. 72.
1325 28. 72.
1326 29. 71.
1327 29. 71.
1328 29. 71.
1329 29. 71.
1330 29. 71.
1331 29. 71.
1332 29. 71.
1333 29. 71.
1334 30. 70.
1335 30. 70.
1336 30. 70.
1337 30. 70.
1338 30. 70.
1339 31. 69.
1340 31. 69.
1341 31. 69.
1342 31. 69.
1343 31. 69.
1344 31. 69.
1345 31. 69.
1346 30. 70.
1347 30. 70.
1348 30. 70.
1349 30. 70.
1350 30. 70.
1351 29. 71.
1352 28. 72.
1353 28. 72.
1354 28. 72.
1355 29. 71.
1356 29. 71.
1357 29. 71.
1358 29. 71.
1359 29. 71.
1360 30. 70.
1361 30. 70.
1362 30. 70.
1363 30. 70.
1364 31. 69.
1365 31. 69.
1366 31. 69.
1367 31. 69.
1368 32. 68.
1369 32. 68.
1370 32. 68.
1371 32. 68.
1372 32. 68.
1373 32. 68.
1374 32. 68.
1375 32. 68.
1376 32. 68.
1377 31. 69.
1378 31. 69.
1379 31. 69.
1380 31. 69.
1381 31. 69.
1382 31. 69.
1383 31. 69.
1384 31. 69.
1385 31. 69.
1386 32. 68.
1387 31. 69.
1388 31. 69.
1389 31. 69.
1390 31. 69.
1391 32. 68.
1392 32. 68.
1393 31. 69.
1394 31. 69.
1395 31. 69.
1396 31. 69.
1397 32. 68.
1398 32. 68.
1399 32. 68.
1400 32. 68.
1401 32. 68.
1402 32. 68.
1403 32. 68.
1404 32. 68.
1405 32. 68.
1406 32. 68.
1407 32. 68.
1408 32. 68.
1409 32. 68.
1410 32. 68.
1411 32. 68.
1412 32. 68.
1413 32. 68.
1414 32. 68.
1415 32. 68.
1416 32. 68.
1417 32. 68.
1418 32. 68.
1419 33. 67.
1420 33. 67.
1421 33. 67.
1422 33. 67.
1423 33. 67.
1424 32. 68.
1425 31. 69.
1426 32. 68.
1427 32. 68.
1428 32. 68.
1429 32. 68.
1430 32. 68.
1431 32. 68.
1432 33. 67.
1433 33. 67.
1434 33. 67.
1435 33. 67.
1436 33. 67.
1437 33. 67.
1438 33. 67.
1439 34. 66.
1440 34. 66.
1441 33. 67.
1442 33. 67.
1443 33. 67.
1444 33. 67.
1445 33. 67.
1446 33. 67.
1447 33. 67.
1448 34. 66.
1449 34. 66.
1450 34. 66.
1451 34. 66.
1452 35. 65.
1453 35. 65.
1454 35. 65.
1455 35. 65.
1456 35. 65.
1457 35. 65.
1458 35. 65.
1459 35. 65.
1460 35. 65.
1461 34. 66.
1462 34. 66.
1463 34. 66.
1464 34. 66.
1465 35. 65.
1466 35. 65.
1467 35. 65.
1468 35. 65.
1469 36. 64.
1470 36. 64.
1471 36. 64.
1472 37. 63.
1473 37. 63.
1474 37. 63.
1475 37. 63.
1476 37. 63.
1477 37. 63.
1478 37. 63.
1479 37. 63.
1480 37. 63.
1481 36. 64.
1482 36. 64.
1483 36. 64.
1484 36. 64.
1485 36. 64.
1486 36. 64.
1487 36. 64.
1488 36. 64.
1489 36. 64.
1490 36. 64.
1491 36. 64.
1492 36. 64.
1493 36. 64.
1494 36. 64.
1495 36. 64.
1496 36. 64.
1497 36. 64.
1498 36. 64.
1499 36. 64.
1500 36. 64.
1501 36. 64.
1502 36. 64.
1503 36. 64.
1504 36. 64.
1505 37. 63.
1506 37. 63.
1507 37. 63.
1508 37. 63.
1509 37. 63.
1510 37. 63.
1511 37. 63.
1512 37. 63.
1513 37. 63.
1514 37. 63.
1515 37. 63.
1516 37. 63.
1517 37. 63.
1518 37. 63.
1519 37. 63.
1520 37. 63.
1521 37. 63.
1522 36. 64.
1523 36. 64.
1524 36. 64.
1525 36. 64.
1526 36. 64.
1527 36. 64.
1528 36. 64.
1529 36. 64.
1530 36. 64.
1531 36. 64.
1532 35. 65.
1533 35. 65.
1534 35. 65.
1535 35. 65.
1536 35. 65.
1537 34. 66.
1538 34. 66.
1539 33. 67.
1540 33. 67.
1541 33. 67.
1542 33. 67.
1543 32. 68.
1544 32. 68.
1545 32. 68.
1546 32. 68.
1547 32. 68.
1548 31. 69.
1549 31. 69.
1550 31. 69.
1551 31. 69.
1552 32. 68.
1553 32. 68.
1554 32. 68.
1555 32. 68.
1556 32. 68.
1557 32. 68.
1558 32. 68.
1559 32. 68.
1560 32. 68.
1561 32. 68.
1562 32. 68.
1563 32. 68.
1564 32. 68.
1565 31. 69.
1566 31. 69.
1567 31. 69.
1568 31. 69.
1569 31. 69.
1570 31. 69.
1571 30. 70.
1572 30. 70.
1573 30. 70.
1574 30. 70.
1575 30. 70.
1576 29. 71.
1577 28. 72.
1578 28. 72.
1579 28. 72.
1580 28. 72.
1581 28. 72.
1582 28. 72.
1583 28. 72.
1584 28. 72.
1585 28. 72.
1586 28. 72.
1587 28. 72.
1588 28. 72.
1589 27. 73.
1590 27. 73.
1591 27. 73.
1592 27. 73.
1593 27. 73.
1594 27. 73.
1595 27. 73.
1596 27. 73.
1597 27. 73.
1598 27. 73.
1599 27. 73.
1600 27. 73.
1601 27. 73.
1602 27. 73.
1603 27. 73.
1604 27. 73.
1605 27. 73.
1606 27. 73.
1607 27. 73.
1608 27. 73.
1609 26. 74.
1610 26. 74.
1611 26. 74.
1612 26. 74.
1613 26. 74.
1614 26. 74.
1615 26. 74.
1616 26. 74.
1617 26. 74.
1618 26. 74.
1619 26. 74.
1620 25. 75.
1621 25. 75.
1622 26. 74.
1623 27. 73.
1624 27. 73.
1625 28. 72.
1626 29. 71.
1627 30. 70.
1628 30. 70.
1629 30. 70.
1630 31. 69.
1631 31. 69.
1632 32. 68.
1633 32. 68.
1634 32. 68.
1635 32. 68.
1636 31. 69.
1637 31. 69.
1638 31. 69.
1639 31. 69.
1640 31. 69.
1641 31. 69.
1642 31. 69.
1643 31. 69.
1644 32. 68.
1645 32. 68.
1646 32. 68.
1647 32. 68.
1648 32. 68.
1649 32. 68.
1650 32. 68.
1651 32. 68.
1652 33. 67.
1653 33. 67.
1654 33. 67.
1655 33. 67.
1656 33. 67.
1657 33. 67.
1658 32. 68.
1659 32. 68.
1660 32. 68.
1661 32. 68.
1662 32. 68.
1663 32. 68.
1664 32. 68.
1665 32. 68.
1666 32. 68.
1667 33. 67.
1668 33. 67.
1669 33. 67.
1670 33. 67.
1671 33. 67.
1672 33. 67.
1673 33. 67.
1674 33. 67.
1675 33. 67.
1676 32. 68.
1677 32. 68.
1678 32. 68.
1679 32. 68.
1680 32. 68.
1681 32. 68.
1682 32. 68.
1683 32. 68.
1684 32. 68.
1685 32. 68.
1686 32. 68.
1687 32. 68.
1688 32. 68.
1689 32. 68.
1690 33. 67.
1691 33. 67.
1692 34. 66.
1693 34. 66.
1694 34. 66.
1695 34. 66.
1696 34. 66.
1697 34. 66.
1698 34. 66.
1699 34. 66.
1700 34. 66.
1701 34. 66.
1702 34. 66.
1703 34. 66.
1704 34. 66.
1705 33. 67.
1706 33. 67.
1707 33. 67.
1708 33. 67.
1709 33. 67.
1710 33. 67.
1711 33. 67.
1712 33. 67.
1713 33. 67.
1714 33. 67.
1715 33. 67.
1716 33. 67.
1717 33. 67.
1718 33. 67.
1719 33. 67.
1720 33. 67.
1721 34. 66.
1722 34. 66.
1723 33. 67.
1724 33. 67.
1725 33. 67.
1726 33. 67.
1727 33. 67.
1728 33. 67.
1729 33. 67.
1730 34. 66.
1731 34. 66.
1732 34. 66.
1733 33. 67.
1734 33. 67.
1735 33. 67.
1736 33. 67.
1737 33. 67.
1738 33. 67.
1739 32. 68.
1740 32. 68.
1741 32. 68.
1742 32. 68.
1743 32. 68.
1744 32. 68.
1745 32. 68.
1746 32. 68.
1747 31. 69.
1748 31. 69.
1749 31. 69.
1750 31. 69.
1751 31. 69.
1752 30. 70.
1753 30. 70.
1754 29. 71.
1755 29. 71.
1756 28. 72.
1757 28. 72.
1758 27. 73.
1759 27. 73.
1760 27. 73.
1761 27. 73.
1762 26. 74.
1763 26. 74.
1764 27. 73.
1765 27. 73.
1766 27. 73.
1767 27. 73.
1768 28. 72.
1769 28. 72.
1770 28. 72.
1771 28. 72.
1772 28. 72.
1773 27. 73.
1774 26. 74.
1775 26. 74.
1776 26. 74.
1777 27. 73.
1778 27. 73.
1779 27. 73.
1780 27. 73.
1781 28. 72.
1782 28. 72.
1783 28. 72.
1784 28. 72.
1785 28. 72.
1786 28. 72.
1787 28. 72.
1788 28. 72.
1789 27. 73.
1790 27. 73.
1791 27. 73.
1792 27. 73.
1793 27. 73.
1794 26. 74.
1795 27. 73.
1796 27. 73.
1797 26. 74.
1798 27. 73.
1799 27. 73.
1800 27. 73.
1801 28. 72.
1802 29. 71.
1803 29. 71.
1804 29. 71.
1805 29. 71.
1806 29. 71.
1807 29. 71.
1808 29. 71.
1809 30. 70.
1810 30. 70.
1811 30. 70.
1812 30. 70.
1813 30. 70.
1814 30. 70.
1815 31. 69.
1816 31. 69.
1817 32. 68.
1818 32. 68.
1819 32. 68.
1820 32. 68.
1821 32. 68.
1822 32. 68.
1823 31. 69.
1824 30. 70.
1825 31. 69.
1826 31. 69.
1827 31. 69.
1828 30. 70.
1829 30. 70.
1830 30. 70.
1831 30. 70.
1832 30. 70.
1833 30. 70.
1834 30. 70.
1835 30. 70.
1836 30. 70.
1837 30. 70.
1838 30. 70.
1839 30. 70.
1840 30. 70.
1841 30. 70.
1842 30. 70.
1843 30. 70.
1844 30. 70.
1845 30. 70.
1846 30. 70.
1847 30. 70.
1848 30. 70.
1849 30. 70.
1850 30. 70.
1851 29. 71.
1852 29. 71.
1853 29. 71.
1854 30. 70.
1855 30. 70.
1856 30. 70.
1857 29. 71.
1858 29. 71.
1859 29. 71.
1860 30. 70.
1861 30. 70.
1862 30. 70.
1863 30. 70.
1864 30. 70.
1865 30. 70.
1866 30. 70.
1867 30. 70.
1868 29. 71.
1869 29. 71.
1870 29. 71.
1871 29. 71.
1872 29. 71.
1873 30. 70.
1874 30. 70.
1875 30. 70.
1876 30. 70.
1877 30. 70.
1878 30. 70.
1879 30. 70.
1880 29. 71.
1881 29. 71.
1882 28. 72.
1883 28. 72.
1884 27. 73.
1885 27. 73.
1886 26. 74.
1887 26. 74.
1888 26. 74.
1889 27. 73.
1890 26. 74.
1891 26. 74.
1892 26. 74.
1893 26. 74.
1894 26. 74.
1895 26. 74.
1896 26. 74.
1897 26. 74.
1898 26. 74.
1899 26. 74.
1900 27. 73.
1901 27. 73.
1902 27. 73.
1903 27. 73.
1904 27. 73.
1905 27. 73.
1906 26. 74.
1907 26. 74.
1908 26. 74.
1909 26. 74.
1910 27. 73.
1911 27. 73.
1912 27. 73.
1913 27. 73.
1914 26. 74.
1915 26. 74.
1916 26. 74.
1917 26. 74.
1918 26. 74.
1919 26. 74.
1920 26. 74.
1921 26. 74.
1922 25. 75.
1923 25. 75.
1924 25. 75.
1925 25. 75.
1926 25. 75.
1927 25. 75.
1928 25. 75.
1929 25. 75.
1930 25. 75.
1931 26. 74.
1932 26. 74.
1933 26. 74.
1934 25. 75.
1935 25. 75.
1936 25. 75.
1937 25. 75.
1938 25. 75.
1939 25. 75.
1940 25. 75.
1941 25. 75.
1942 25. 75.
1943 25. 75.
1944 25. 75.
1945 24. 76.
1946 24. 76.
1947 24. 76.
1948 25. 75.
1949 24. 76.
1950 24. 76.
1951 24. 76.
1952 25. 75.
1953 25. 75.
1954 25. 75.
1955 25. 75.
1956 25. 75.
1957 25. 75.
1958 25. 75.
1959 25. 75.
1960 25. 75.
1961 25. 75.
1962 25. 75.
1963 25. 75.
1964 25. 75.
1965 25. 75.
1966 24. 76.
1967 25. 75.
1968 25. 75.
1969 26. 74.
1970 26. 74.
1971 26. 74.
1972 27. 73.
1973 27. 73.
1974 27. 73.
1975 27. 73.
1976 26. 74.
1977 26. 74.
1978 26. 74.
1979 26. 74.
1980 26. 74.
1981 26. 74.
1982 26. 74.
1983 25. 75.
1984 25. 75.
1985 25. 75.
1986 25. 75.
1987 25. 75.
1988 25. 75.
1989 25. 75.
1990 25. 75.
1991 24. 76.
1992 24. 76.
1993 24. 76.
1994 24. 76.
1995 24. 76.
1996 24. 76.
1997 24. 76.
1998 24. 76.
1999 24. 76.
2000 24. 76.
2001 24. 76.
2002 25. 75.
2003 26. 74.
2004 26. 74.
2005 27. 73.
2006 27. 73.
2007 27. 73.
2008 27. 73.
2009 27. 73.
2010 27. 73.
2011 28. 72.
2012 29. 71.
2013 29. 71.
2014 30. 70.
2015 30. 70.
2016 31. 69.
2017 31. 69.
2018 31. 69.
2019 31. 69.
2020 31. 69.
2021 31. 69.
2022 31. 69.
2023 31. 69.
2024 31. 69.
2025 31. 69.
2026 31. 69.
2027 31. 69.
2028 32. 68.
2029 32. 68.
2030 32. 68.
2031 31. 69.
2032 32. 68.
2033 31. 69.
2034 31. 69.
2035 31. 69.
2036 31. 69.
2037 31. 69.
2038 32. 68.
2039 32. 68.
2040 32. 68.
2041 32. 68.
2042 32. 68.
2043 32. 68.
2044 32. 68.
2045 32. 68.
2046 32. 68.
2047 32. 68.
2048 32. 68.
2049 32. 68.
2050 32. 68.
2051 32. 68.
2052 32. 68.
2053 32. 68.
2054 32. 68.
2055 33. 67.
2056 33. 67.
2057 33. 67.
2058 33. 67.
2059 33. 67.
2060 34. 66.
2061 34. 66.
2062 34. 66.
2063 34. 66.
2064 35. 65.
2065 34. 66.
2066 34. 66.
2067 34. 66.
2068 34. 66.
2069 35. 65.
2070 35. 65.
2071 34. 66.
2072 34. 66.
2073 35. 65.
2074 35. 65.
2075 35. 65.
2076 35. 65.
2077 35. 65.
2078 36. 64.
2079 35. 65.
2080 35. 65.
2081 35. 65.
2082 35. 65.
2083 35. 65.
2084 35. 65.
2085 35. 65.
2086 35. 65.
2087 36. 64.
2088 35. 65.
2089 35. 65.
2090 35. 65.
2091 35. 65.
2092 35. 65.
2093 35. 65.
2094 35. 65.
2095 35. 65.
2096 36. 64.
2097 36. 64.
2098 36. 64.
2099 36. 64.
2100 36. 64.
2101 36. 64.
2102 36. 64.
2103 36. 64.
2104 36. 64.
2105 35. 65.
2106 35. 65.
2107 35. 65.
2108 35. 65.
2109 35. 65.
2110 35. 65.
2111 35. 65.
2112 34. 66.
2113 34. 66.
2114 34. 66.
2115 34. 66.
2116 34. 66.
2117 34. 66.
2118 33. 67.
2119 33. 67.
2120 33. 67.
2121 33. 67.
2122 33. 67.
2123 34. 66.
2124 34. 66.
2125 34. 66.
2126 34. 66.
2127 34. 66.
2128 35. 65.
2129 35. 65.
2130 35. 65.
2131 35. 65.
2132 35. 65.
2133 34. 66.
2134 34. 66.
2135 33. 67.
2136 34. 66.
2137 34. 66.
2138 34. 66.
2139 34. 66.
2140 34. 66.
2141 34. 66.
2142 35. 65.
2143 35. 65.
2144 35. 65.
2145 35. 65.
2146 36. 64.
2147 36. 64.
2148 35. 65.
2149 35. 65.
2150 35. 65.
2151 35. 65.
2152 36. 64.
2153 36. 64.
2154 36. 64.
2155 36. 64.
2156 36. 64.
2157 36. 64.
2158 36. 64.
2159 36. 64.
2160 36. 64.
2161 35. 65.
2162 35. 65.
2163 35. 65.
2164 36. 64.
2165 37. 63.
2166 37. 63.
2167 36. 64.
2168 36. 64.
2169 36. 64.
2170 36. 64.
2171 36. 64.
2172 36. 64.
2173 36. 64.
2174 36. 64.
2175 36. 64.
2176 36. 64.
2177 36. 64.
2178 36. 64.
2179 36. 64.
2180 36. 64.
2181 36. 64.
2182 36. 64.
2183 36. 64.
2184 36. 64.
2185 37. 63.
2186 38. 62.
2187 38. 62.
2188 37. 63.
2189 37. 63.
2190 36. 64.
2191 36. 64.
2192 36. 64.
2193 35. 65.
2194 35. 65.
2195 35. 65.
2196 35. 65.
2197 35. 65.
2198 35. 65.
2199 34. 66.
2200 34. 66.
2201 34. 66.
2202 33. 67.
2203 33. 67.
2204 33. 67.
2205 33. 67.
2206 33. 67.
2207 32. 68.
2208 31. 69.
2209 32. 68.
2210 32. 68.
2211 32. 68.
2212 32. 68.
2213 32. 68.
2214 31. 69.
2215 31. 69.
2216 31. 69.
2217 31. 69.
2218 32. 68.
2219 32. 68.
2220 32. 68.
2221 32. 68.
2222 32. 68.
2223 33. 67.
2224 33. 67.
2225 33. 67.
2226 33. 67.
2227 33. 67.
2228 33. 67.
2229 33. 67.
2230 33. 67.
2231 33. 67.
2232 32. 68.
2233 32. 68.
2234 32. 68.
2235 32. 68.
2236 31. 69.
2237 31. 69.
2238 31. 69.
2239 31. 69.
2240 31. 69.
2241 31. 69.
2242 31. 69.
2243 30. 70.
2244 30. 70.
2245 30. 70.
2246 30. 70.
2247 30. 70.
2248 31. 69.
2249 31. 69.
2250 31. 69.
2251 31. 69.
2252 31. 69.
2253 31. 69.
2254 30. 70.
2255 30. 70.
2256 30. 70.
2257 31. 69.
2258 31. 69.
2259 31. 69.
2260 31. 69.
2261 31. 69.
2262 32. 68.
2263 32. 68.
2264 33. 67.
2265 33. 67.
2266 33. 67.
2267 33. 67.
2268 32. 68.
2269 32. 68.
2270 32. 68.
2271 32. 68.
2272 32. 68.
2273 32. 68.
2274 32. 68.
2275 32. 68.
2276 33. 67.
2277 33. 67.
2278 33. 67.
2279 33. 67.
2280 33. 67.
2281 33. 67.
2282 33. 67.
2283 33. 67.
2284 33. 67.
2285 33. 67.
2286 33. 67.
2287 32. 68.
2288 33. 67.
2289 33. 67.
2290 33. 67.
2291 33. 67.
2292 33. 67.
2293 33. 67.
2294 33. 67.
2295 33. 67.
2296 33. 67.
2297 33. 67.
2298 34. 66.
2299 34. 66.
2300 34. 66.
2301 34. 66.
2302 34. 66.
2303 35. 65.
2304 35. 65.
2305 35. 65.
2306 35. 65.
2307 34. 66.
2308 35. 65.
2309 36. 64.
2310 36. 64.
2311 36. 64.
2312 36. 64.
2313 36. 64.
2314 36. 64.
2315 36. 64.
2316 36. 64.
2317 37. 63.
2318 36. 64.
2319 36. 64.
2320 37. 63.
2321 37. 63.
2322 37. 63.
2323 37. 63.
2324 37. 63.
2325 38. 62.
2326 38. 62.
2327 39. 61.
2328 39. 61.
2329 39. 61.
2330 39. 61.
2331 39. 61.
2332 39. 61.
2333 39. 61.
2334 39. 61.
2335 39. 61.
2336 39. 61.
2337 39. 61.
2338 38. 62.
2339 38. 62.
2340 38. 62.
2341 38. 62.
2342 38. 62.
2343 38. 62.
2344 37. 63.
2345 38. 62.
2346 38. 62.
2347 38. 62.
2348 39. 61.
2349 39. 61.
2350 39. 61.
2351 39. 61.
2352 39. 61.
2353 39. 61.
2354 39. 61.
2355 39. 61.
2356 39. 61.
2357 39. 61.
2358 38. 62.
2359 38. 62.
2360 38. 62.
2361 39. 61.
2362 38. 62.
2363 38. 62.
2364 38. 62.
2365 38. 62.
2366 39. 61.
2367 39. 61.
2368 39. 61.
2369 39. 61.
2370 38. 62.
2371 39. 61.
2372 40. 60.
2373 40. 60.
2374 40. 60.
2375 40. 60.
2376 41. 59.
2377 41. 59.
2378 41. 59.
2379 41. 59.
2380 42. 58.
2381 42. 58.
2382 42. 58.
2383 42. 58.
2384 42. 58.
2385 42. 58.
2386 42. 58.
2387 42. 58.
2388 42. 58.
2389 42. 58.
2390 42. 58.
2391 43. 57.
2392 43. 57.
2393 43. 57.
2394 43. 57.
2395 43. 57.
2396 43. 57.
2397 43. 57.
2398 42. 58.
2399 42. 58.
2400 42. 58.
2401 42. 58.
2402 42. 58.
2403 43. 57.
2404 43. 57.
2405 44. 56.
2406 44. 56.
2407 44. 56.
2408 44. 56.
2409 45. 55.
2410 45. 55.
2411 46. 54.
2412 46. 54.
2413 45. 55.
2414 45. 55.
2415 44. 56.
2416 44. 56.
2417 45. 55.
2418 45. 55.
2419 45. 55.
2420 45. 55.
2421 45. 55.
2422 45. 55.
2423 45. 55.
2424 44. 56.
2425 44. 56.
2426 44. 56.
2427 43. 57.
2428 43. 57.
2429 43. 57.
2430 44. 56.
2431 45. 55.
2432 45. 55.
2433 45. 55.
2434 46. 54.
2435 47. 53.
2436 47. 53.
2437 47. 53.
2438 47. 53.
2439 47. 53.
2440 47. 53.
2441 47. 53.
2442 47. 53.
2443 46. 54.
2444 46. 54.
2445 46. 54.
2446 46. 54.
2447 45. 55.
2448 44. 56.
2449 44. 56.
2450 44. 56.
2451 44. 56.
2452 44. 56.
2453 44. 56.
2454 44. 56.
2455 45. 55.
2456 45. 55.
2457 45. 55.
2458 45. 55.
2459 45. 55.
2460 45. 55.
2461 45. 55.
2462 45. 55.
2463 45. 55.
2464 45. 55.
2465 45. 55.
2466 45. 55.
2467 45. 55.
2468 45. 55.
2469 46. 54.
2470 47. 53.
2471 47. 53.
2472 47. 53.
2473 46. 54.
2474 46. 54.
2475 46. 54.
2476 46. 54.
2477 46. 54.
2478 46. 54.
2479 45. 55.
2480 45. 55.
2481 45. 55.
2482 45. 55.
2483 45. 55.
2484 45. 55.
2485 44. 56.
2486 44. 56.
2487 44. 56.
2488 44. 56.
2489 44. 56.
2490 44. 56.
2491 44. 56.
2492 45. 55.
2493 45. 55.
2494 45. 55.
2495 45. 55.
2496 46. 54.
2497 45. 55.
2498 46. 54.
2499 45. 55.
2500 45. 55.
2501 45. 55.
2502 45. 55.
2503 45. 55.
2504 45. 55.
2505 45. 55.
2506 45. 55.
2507 45. 55.
2508 45. 55.
2509 45. 55.
2510 45. 55.
2511 45. 55.
2512 45. 55.
2513 45. 55.
2514 45. 55.
2515 45. 55.
2516 45. 55.
2517 45. 55.
2518 45. 55.
2519 45. 55.
2520 45. 55.
2521 45. 55.
2522 45. 55.
2523 45. 55.
2524 45. 55.
2525 45. 55.
2526 45. 55.
2527 45. 55.
2528 44. 56.
2529 44. 56.
2530 43. 57.
2531 43. 57.
2532 42. 58.
2533 42. 58.
2534 42. 58.
2535 42. 58.
2536 43. 57.
2537 44. 56.
2538 45. 55.
2539 45. 55.
2540 46. 54.
2541 46. 54.
2542 46. 54.
2543 45. 55.
2544 45. 55.
2545 45. 55.
2546 45. 55.
2547 45. 55.
2548 45. 55.
2549 45. 55.
2550 44. 56.
2551 44. 56.
2552 44. 56.
2553 43. 57.
2554 42. 58.
2555 42. 58.
2556 43. 57.
2557 43. 57.
2558 43. 57.
2559 44. 56.
2560 44. 56.
2561 44. 56.
2562 44. 56.
2563 44. 56.
2564 44. 56.
2565 44. 56.
2566 44. 56.
2567 44. 56.
2568 44. 56.
2569 45. 55.
2570 45. 55.
2571 45. 55.
2572 45. 55.
2573 45. 55.
2574 44. 56.
2575 45. 55.
2576 45. 55.
2577 45. 55.
2578 45. 55.
2579 45. 55.
2580 45. 55.
2581 45. 55.
2582 45. 55.
2583 45. 55.
2584 45. 55.
2585 45. 55.
2586 45. 55.
2587 46. 54.
2588 46. 54.
2589 46. 54.
2590 47. 53.
2591 47. 53.
2592 47. 53.
2593 47. 53.
2594 47. 53.
2595 47. 53.
2596 46. 54.
2597 47. 53.
2598 47. 53.
2599 48. 52.
2600 48. 52.
2601 48. 52.
2602 47. 53.
2603 46. 54.
2604 46. 54.
2605 46. 54.
2606 47. 53.
2607 47. 53.
2608 47. 53.
2609 47. 53.
2610 47. 53.
2611 47. 53.
2612 48. 52.
2613 48. 52.
2614 48. 52.
2615 48. 52.
2616 49. 51.
2617 49. 51.
2618 49. 51.
2619 50. 50.
2620 50. 50.
2621 50. 50.
2622 50. 50.
2623 49. 51.
2624 50. 50.
2625 50. 50.
2626 50. 50.
2627 51. 49.
2628 51. 49.
2629 51. 49.
2630 51. 49.
2631 52. 48.
2632 52. 48.
2633 52. 48.
2634 52. 48.
2635 52. 48.
2636 52. 48.
2637 52. 48.
2638 52. 48.
2639 52. 48.
2640 52. 48.
2641 51. 49.
2642 52. 48.
2643 52. 48.
2644 52. 48.
2645 52. 48.
2646 52. 48.
2647 52. 48.
2648 52. 48.
2649 51. 49.
2650 51. 49.
2651 51. 49.
2652 51. 49.
2653 51. 49.
2654 51. 49.
2655 51. 49.
2656 51. 49.
2657 50. 50.
2658 50. 50.
2659 49. 51.
2660 49. 51.
2661 50. 50.
2662 50. 50.
2663 50. 50.
2664 50. 50.
2665 50. 50.
2666 50. 50.
2667 49. 51.
2668 49. 51.
2669 49. 51.
2670 50. 50.
2671 51. 49.
2672 51. 49.
2673 52. 48.
2674 53. 47.
2675 54. 46.
2676 54. 46.
2677 53. 47.
2678 53. 47.
2679 53. 47.
2680 54. 46.
2681 54. 46.
2682 54. 46.
2683 54. 46.
2684 54. 46.
2685 54. 46.
2686 55. 45.
2687 54. 46.
2688 53. 47.
2689 53. 47.
2690 53. 47.
2691 53. 47.
2692 52. 48.
2693 52. 48.
2694 52. 48.
2695 53. 47.
2696 53. 47.
2697 53. 47.
2698 53. 47.
2699 53. 47.
2700 54. 46.
2701 54. 46.
2702 54. 46.
2703 54. 46.
2704 54. 46.
2705 55. 45.
2706 55. 45.
2707 55. 45.
2708 56. 44.
2709 57. 43.
2710 57. 43.
2711 57. 43.
2712 57. 43.
2713 56. 44.
2714 56. 44.
2715 56. 44.
2716 56. 44.
2717 56. 44.
2718 56. 44.
2719 55. 45.
2720 55. 45.
2721 55. 45.
2722 55. 45.
2723 55. 45.
2724 55. 45.
2725 55. 45.
2726 56. 44.
2727 56. 44.
2728 55. 45.
2729 55. 45.
2730 55. 45.
2731 55. 45.
2732 55. 45.
2733 54. 46.
2734 54. 46.
2735 54. 46.
2736 54. 46.
2737 54. 46.
2738 54. 46.
2739 54. 46.
2740 54. 46.
2741 54. 46.
2742 55. 45.
2743 55. 45.
2744 55. 45.
2745 55. 45.
2746 55. 45.
2747 55. 45.
2748 55. 45.
2749 56. 44.
2750 55. 45.
2751 56. 44.
2752 56. 44.
2753 56. 44.
2754 56. 44.
2755 56. 44.
2756 56. 44.
2757 56. 44.
2758 56. 44.
2759 56. 44.
2760 56. 44.
2761 56. 44.
2762 56. 44.
2763 56. 44.
2764 57. 43.
2765 56. 44.
2766 55. 45.
2767 55. 45.
2768 55. 45.
2769 55. 45.
2770 54. 46.
2771 54. 46.
2772 54. 46.
2773 54. 46.
2774 54. 46.
2775 54. 46.
2776 54. 46.
2777 55. 45.
2778 55. 45.
2779 55. 45.
2780 55. 45.
2781 55. 45.
2782 54. 46.
2783 54. 46.
2784 54. 46.
2785 53. 47.
2786 53. 47.
2787 54. 46.
2788 54. 46.
2789 54. 46.
2790 55. 45.
2791 56. 44.
2792 56. 44.
2793 56. 44.
2794 56. 44.
2795 56. 44.
2796 57. 43.
2797 57. 43.
2798 57. 43.
2799 57. 43.
2800 57. 43.
2801 57. 43.
2802 57. 43.
2803 57. 43.
2804 57. 43.
2805 57. 43.
2806 56. 44.
2807 56. 44.
2808 55. 45.
2809 55. 45.
2810 55. 45.
2811 55. 45.
2812 55. 45.
2813 55. 45.
2814 55. 45.
2815 55. 45.
2816 56. 44.
2817 56. 44.
2818 56. 44.
2819 55. 45.
2820 56. 44.
2821 56. 44.
2822 56. 44.
2823 56. 44.
2824 56. 44.
2825 56. 44.
2826 56. 44.
2827 56. 44.
2828 55. 45.
2829 54. 46.
2830 54. 46.
2831 54. 46.
2832 54. 46.
2833 54. 46.
2834 54. 46.
2835 54. 46.
2836 54. 46.
2837 54. 46.
2838 54. 46.
2839 55. 45.
2840 55. 45.
2841 55. 45.
2842 56. 44.
2843 56. 44.
2844 56. 44.
2845 56. 44.
2846 56. 44.
2847 56. 44.
2848 56. 44.
2849 55. 45.
2850 55. 45.
2851 56. 44.
2852 56. 44.
2853 56. 44.
2854 56. 44.
2855 56. 44.
2856 56. 44.
2857 56. 44.
2858 56. 44.
2859 56. 44.
2860 56. 44.
2861 56. 44.
2862 57. 43.
2863 57. 43.
2864 57. 43.
2865 57. 43.
2866 57. 43.
2867 57. 43.
2868 56. 44.
2869 56. 44.
2870 56. 44.
2871 56. 44.
2872 57. 43.
2873 57. 43.
2874 57. 43.
2875 58. 42.
2876 58. 42.
2877 58. 42.
2878 59. 41.
2879 59. 41.
2880 59. 41.
2881 59. 41.
2882 59. 41.
2883 59. 41.
2884 58. 42.
2885 58. 42.
2886 58. 42.
2887 58. 42.
2888 59. 41.
2889 59. 41.
2890 60. 40.
2891 60. 40.
2892 60. 40.
2893 60. 40.
2894 60. 40.
2895 61. 39.
2896 60. 40.
2897 60. 40.
2898 60. 40.
2899 60. 40.
2900 60. 40.
2901 60. 40.
2902 60. 40.
2903 60. 40.
2904 61. 39.
2905 61. 39.
2906 60. 40.
2907 60. 40.
2908 60. 40.
2909 60. 40.
2910 60. 40.
2911 60. 40.
2912 61. 39.
2913 61. 39.
2914 61. 39.
2915 61. 39.
2916 61. 39.
2917 61. 39.
2918 60. 40.
2919 60. 40.
2920 60. 40.
2921 60. 40.
2922 60. 40.
2923 60. 40.
2924 60. 40.
2925 60. 40.
2926 61. 39.
2927 61. 39.
2928 62. 38.
2929 62. 38.
2930 62. 38.
2931 62. 38.
2932 62. 38.
2933 63. 37.
2934 63. 37.
2935 63. 37.
2936 63. 37.
2937 63. 37.
2938 63. 37.
2939 63. 37.
2940 64. 36.
2941 63. 37.
2942 64. 36.
2943 64. 36.
2944 64. 36.
2945 64. 36.
2946 65. 35.
2947 65. 35.
2948 65. 35.
2949 65. 35.
2950 65. 35.
2951 65. 35.
2952 66. 34.
2953 67. 33.
2954 67. 33.
2955 66. 34.
2956 66. 34.
2957 66. 34.
2958 67. 33.
2959 67. 33.
2960 67. 33.
2961 67. 33.
2962 67. 33.
2963 67. 33.
2964 66. 34.
2965 66. 34.
2966 65. 35.
2967 65. 35.
2968 65. 35.
2969 65. 35.
2970 65. 35.
2971 65. 35.
2972 65. 35.
2973 65. 35.
2974 65. 35.
2975 65. 35.
2976 65. 35.
2977 65. 35.
2978 65. 35.
2979 65. 35.
2980 65. 35.
2981 65. 35.
2982 65. 35.
2983 65. 35.
2984 65. 35.
2985 65. 35.
2986 65. 35.
2987 65. 35.
2988 65. 35.
2989 65. 35.
2990 65. 35.
2991 66. 34.
2992 66. 34.
2993 66. 34.
2994 66. 34.
2995 66. 34.
2996 66. 34.
2997 66. 34.
2998 65. 35.
2999 65. 35.
3000 65. 35.
3001 65. 35.
3002 65. 35.
3003 65. 35.
3004 65. 35.
3005 65. 35.
3006 65. 35.
3007 65. 35.
3008 66. 34.
3009 66. 34.
3010 66. 34.
3011 67. 33.
3012 67. 33.
3013 67. 33.
3014 67. 33.
3015 67. 33.
3016 67. 33.
3017 67. 33.
3018 67. 33.
3019 67. 33.
3020 67. 33.
3021 67. 33.
3022 67. 33.
3023 67. 33.
3024 67. 33.
3025 67. 33.
3026 68. 32.
3027 68. 32.
3028 68. 32.
3029 68. 32.
3030 68. 32.
3031 68. 32.
3032 68. 32.
3033 68. 32.
3034 68. 32.
3035 68. 32.
3036 68. 32.
3037 68. 32.
3038 68. 32.
3039 68. 32.
3040 68. 32.
3041 68. 32.
3042 68. 32.
3043 68. 32.
3044 68. 32.
3045 68. 32.
3046 68. 32.
3047 68. 32.
3048 68. 32.
3049 68. 32.
3050 68. 32.
3051 68. 32.
3052 68. 32.
3053 68. 32.
3054 68. 32.
3055 68. 32.
3056 68. 32.
3057 68. 32.
3058 69. 31.
3059 68. 32.
3060 68. 32.
3061 68. 32.
3062 68. 32.
3063 68. 32.
3064 68. 32.
3065 68. 32.
3066 68. 32.
3067 67. 33.
3068 66. 34.
3069 66. 34.
3070 66. 34.
3071 66. 34.
3072 66. 34.
3073 66. 34.
3074 66. 34.
3075 66. 34.
3076 65. 35.
3077 64. 36.
3078 64. 36.
3079 64. 36.
3080 64. 36.
3081 65. 35.
3082 65. 35.
3083 65. 35.
3084 65. 35.
3085 65. 35.
3086 65. 35.
3087 65. 35.
3088 66. 34.
3089 66. 34.
3090 66. 34.
3091 66. 34.
3092 65. 35.
3093 66. 34.
3094 65. 35.
3095 65. 35.
3096 65. 35.
3097 65. 35.
3098 65. 35.
3099 65. 35.
3100 64. 36.
3101 64. 36.
3102 64. 36.
3103 64. 36.
3104 64. 36.
3105 64. 36.
3106 64. 36.
3107 64. 36.
3108 64. 36.
3109 64. 36.
3110 64. 36.
3111 64. 36.
3112 64. 36.
3113 64. 36.
3114 64. 36.
3115 64. 36.
3116 64. 36.
3117 64. 36.
3118 64. 36.
3119 64. 36.
3120 64. 36.
3121 65. 35.
3122 65. 35.
3123 64. 36.
3124 64. 36.
3125 64. 36.
3126 64. 36.
3127 64. 36.
3128 64. 36.
3129 64. 36.
3130 64. 36.
3131 64. 36.
3132 64. 36.
3133 64. 36.
3134 64. 36.
3135 64. 36.
3136 64. 36.
3137 64. 36.
3138 64. 36.
3139 64. 36.
3140 64. 36.
3141 64. 36.
3142 64. 36.
3143 63. 37.
3144 63. 37.
3145 63. 37.
3146 62. 38.
3147 62. 38.
3148 62. 38.
3149 62. 38.
3150 62. 38.
3151 62. 38.
3152 63. 37.
3153 63. 37.
3154 63. 37.
3155 63. 37.
3156 63. 37.
3157 63. 37.
3158 63. 37.
3159 63. 37.
3160 63. 37.
3161 63. 37.
3162 63. 37.
3163 63. 37.
3164 64. 36.
3165 64. 36.
3166 64. 36.
3167 65. 35.
3168 65. 35.
3169 65. 35.
3170 65. 35.
3171 65. 35.
3172 64. 36.
3173 64. 36.
3174 64. 36.
3175 63. 37.
3176 63. 37.
3177 63. 37.
3178 63. 37.
3179 62. 38.
3180 62. 38.
3181 62. 38.
3182 62. 38.
3183 62. 38.
3184 62. 38.
3185 62. 38.
3186 63. 37.
3187 63. 37.
3188 64. 36.
3189 64. 36.
3190 64. 36.
3191 65. 35.
3192 65. 35.
3193 65. 35.
3194 65. 35.
3195 65. 35.
3196 65. 35.
3197 65. 35.
3198 65. 35.
3199 65. 35.
3200 65. 35.
3201 65. 35.
3202 65. 35.
3203 65. 35.
3204 64. 36.
3205 64. 36.
3206 64. 36.
3207 64. 36.
3208 65. 35.
3209 66. 34.
3210 66. 34.
3211 66. 34.
3212 65. 35.
3213 65. 35.
3214 65. 35.
3215 65. 35.
3216 65. 35.
3217 65. 35.
3218 65. 35.
3219 64. 36.
3220 64. 36.
3221 64. 36.
3222 63. 37.
3223 63. 37.
3224 63. 37.
3225 63. 37.
3226 63. 37.
3227 63. 37.
3228 63. 37.
3229 62. 38.
3230 62. 38.
3231 61. 39.
3232 61. 39.
3233 61. 39.
3234 62. 38.
3235 62. 38.
3236 62. 38.
3237 62. 38.
3238 62. 38.
3239 62. 38.
3240 62. 38.
3241 62. 38.
3242 61. 39.
3243 61. 39.
3244 62. 38.
3245 62. 38.
3246 61. 39.
3247 61. 39.
3248 61. 39.
3249 61. 39.
3250 62. 38.
3251 62. 38.
3252 62. 38.
3253 62. 38.
3254 61. 39.
3255 61. 39.
3256 62. 38.
3257 63. 37.
3258 64. 36.
3259 64. 36.
3260 64. 36.
3261 64. 36.
3262 65. 35.
3263 65. 35.
3264 65. 35.
3265 65. 35.
3266 65. 35.
3267 65. 35.
3268 65. 35.
3269 65. 35.
3270 64. 36.
3271 65. 35.
3272 64. 36.
3273 64. 36.
3274 64. 36.
3275 65. 35.
3276 65. 35.
3277 65. 35.
3278 65. 35.
3279 64. 36.
3280 64. 36.
3281 64. 36.
3282 64. 36.
3283 64. 36.
3284 64. 36.
3285 64. 36.
3286 63. 37.
3287 63. 37.
3288 63. 37.
3289 62. 38.
3290 62. 38.
3291 62. 38.
3292 62. 38.
3293 62. 38.
3294 62. 38.
3295 62. 38.
3296 62. 38.
3297 62. 38.
3298 62. 38.
3299 62. 38.
3300 61. 39.
3301 61. 39.
3302 61. 39.
3303 61. 39.
3304 60. 40.
3305 60. 40.
3306 60. 40.
3307 60. 40.
3308 60. 40.
3309 59. 41.
3310 59. 41.
3311 58. 42.
3312 57. 43.
3313 56. 44.
3314 56. 44.
3315 56. 44.
3316 56. 44.
3317 56. 44.
3318 56. 44.
3319 56. 44.
3320 56. 44.
3321 55. 45.
3322 55. 45.
3323 56. 44.
3324 56. 44.
3325 56. 44.
3326 56. 44.
3327 56. 44.
3328 56. 44.
3329 57. 43.
3330 57. 43.
3331 57. 43.
3332 57. 43.
3333 58. 42.
3334 58. 42.
3335 58. 42.
3336 58. 42.
3337 58. 42.
3338 58. 42.
3339 58. 42.
3340 57. 43.
3341 57. 43.
3342 58. 42.
3343 58. 42.
3344 58. 42.
3345 58. 42.
3346 58. 42.
3347 57. 43.
3348 57. 43.
3349 56. 44.
3350 57. 43.
3351 57. 43.
3352 58. 42.
3353 59. 41.
3354 59. 41.
3355 59. 41.
3356 59. 41.
3357 58. 42.
3358 58. 42.
3359 58. 42.
3360 58. 42.
3361 58. 42.
3362 59. 41.
3363 58. 42.
3364 58. 42.
3365 58. 42.
3366 58. 42.
3367 58. 42.
3368 58. 42.
3369 58. 42.
3370 58. 42.
3371 57. 43.
3372 56. 44.
3373 56. 44.
3374 56. 44.
3375 55. 45.
3376 55. 45.
3377 55. 45.
3378 55. 45.
3379 55. 45.
3380 54. 46.
3381 54. 46.
3382 54. 46.
3383 55. 45.
3384 55. 45.
3385 55. 45.
3386 56. 44.
3387 56. 44.
3388 57. 43.
3389 57. 43.
3390 57. 43.
3391 57. 43.
3392 58. 42.
3393 58. 42.
3394 58. 42.
3395 58. 42.
3396 59. 41.
3397 60. 40.
3398 60. 40.
3399 61. 39.
3400 62. 38.
3401 62. 38.
3402 62. 38.
3403 62. 38.
3404 62. 38.
3405 62. 38.
3406 62. 38.
3407 61. 39.
3408 61. 39.
3409 61. 39.
3410 61. 39.
3411 61. 39.
3412 62. 38.
3413 62. 38.
3414 62. 38.
3415 62. 38.
3416 62. 38.
3417 62. 38.
3418 62. 38.
3419 62. 38.
3420 63. 37.
3421 63. 37.
3422 62. 38.
3423 62. 38.
3424 61. 39.
3425 61. 39.
3426 61. 39.
3427 61. 39.
3428 61. 39.
3429 61. 39.
3430 61. 39.
3431 62. 38.
3432 62. 38.
3433 62. 38.
3434 61. 39.
3435 61. 39.
3436 61. 39.
3437 61. 39.
3438 62. 38.
3439 62. 38.
3440 62. 38.
3441 62. 38.
3442 61. 39.
3443 61. 39.
3444 61. 39.
3445 61. 39.
3446 61. 39.
3447 61. 39.
3448 61. 39.
3449 61. 39.
3450 61. 39.
3451 61. 39.
3452 61. 39.
3453 61. 39.
3454 61. 39.
3455 61. 39.
3456 61. 39.
3457 62. 38.
3458 61. 39.
3459 61. 39.
3460 61. 39.
3461 61. 39.
3462 61. 39.
3463 61. 39.
3464 62. 38.
3465 62. 38.
3466 62. 38.
3467 62. 38.
3468 62. 38.
3469 62. 38.
3470 62. 38.
3471 62. 38.
3472 62. 38.
3473 62. 38.
3474 62. 38.
3475 63. 37.
3476 62. 38.
3477 63. 37.
3478 63. 37.
3479 62. 38.
3480 62. 38.
3481 61. 39.
3482 61. 39.
3483 62. 38.
3484 62. 38.
3485 62. 38.
3486 62. 38.
3487 62. 38.
3488 62. 38.
3489 62. 38.
3490 62. 38.
3491 62. 38.
3492 62. 38.
3493 61. 39.
3494 61. 39.
3495 61. 39.
3496 61. 39.
3497 61. 39.
3498 61. 39.
3499 62. 38.
3500 61. 39.
3501 61. 39.
3502 61. 39.
3503 61. 39.
3504 61. 39.
3505 61. 39.
3506 61. 39.
3507 62. 38.
3508 62. 38.
3509 62. 38.
3510 62. 38.
3511 62. 38.
3512 62. 38.
3513 62. 38.
3514 62. 38.
3515 63. 37.
3516 63. 37.
3517 63. 37.
3518 63. 37.
3519 63. 37.
3520 63. 37.
3521 63. 37.
3522 63. 37.
3523 63. 37.
3524 63. 37.
3525 63. 37.
3526 63. 37.
3527 64. 36.
3528 65. 35.
3529 65. 35.
3530 64. 36.
3531 64. 36.
3532 63. 37.
3533 64. 36.
3534 64. 36.
3535 64. 36.
3536 64. 36.
3537 65. 35.
3538 64. 36.
3539 63. 37.
3540 64. 36.
3541 64. 36.
3542 64. 36.
3543 64. 36.
3544 64. 36.
3545 63. 37.
3546 62. 38.
3547 62. 38.
3548 62. 38.
3549 63. 37.
3550 63. 37.
3551 64. 36.
3552 64. 36.
3553 65. 35.
3554 65. 35.
3555 65. 35.
3556 65. 35.
3557 65. 35.
3558 65. 35.
3559 65. 35.
3560 65. 35.
3561 65. 35.
3562 64. 36.
3563 65. 35.
3564 66. 34.
3565 65. 35.
3566 66. 34.
3567 66. 34.
3568 66. 34.
3569 67. 33.
3570 67. 33.
3571 66. 34.
3572 66. 34.
3573 66. 34.
3574 66. 34.
3575 66. 34.
3576 66. 34.
3577 66. 34.
3578 66. 34.
3579 66. 34.
3580 66. 34.
3581 66. 34.
3582 66. 34.
3583 65. 35.
3584 65. 35.
3585 65. 35.
3586 65. 35.
3587 65. 35.
3588 65. 35.
3589 65. 35.
3590 64. 36.
3591 65. 35.
3592 64. 36.
3593 64. 36.
3594 65. 35.
3595 65. 35.
3596 65. 35.
3597 65. 35.
3598 65. 35.
3599 65. 35.
3600 65. 35.
3601 65. 35.
3602 65. 35.
3603 65. 35.
3604 64. 36.
3605 64. 36.
3606 65. 35.
3607 65. 35.
3608 65. 35.
3609 64. 36.
3610 65. 35.
3611 64. 36.
3612 64. 36.
3613 64. 36.
3614 64. 36.
3615 64. 36.
3616 64. 36.
3617 63. 37.
3618 63. 37.
3619 63. 37.
3620 63. 37.
3621 63. 37.
3622 63. 37.
3623 63. 37.
3624 64. 36.
3625 64. 36.
3626 64. 36.
3627 64. 36.
3628 64. 36.
3629 64. 36.
3630 65. 35.
3631 66. 34.
3632 66. 34.
3633 66. 34.
3634 66. 34.
3635 66. 34.
3636 65. 35.
3637 64. 36.
3638 64. 36.
3639 65. 35.
3640 64. 36.
3641 64. 36.
3642 64. 36.
3643 65. 35.
3644 66. 34.
3645 66. 34.
3646 66. 34.
3647 66. 34.
3648 66. 34.
3649 66. 34.
3650 66. 34.
3651 66. 34.
3652 66. 34.
3653 66. 34.
3654 66. 34.
3655 66. 34.
3656 66. 34.
3657 66. 34.
3658 66. 34.
3659 65. 35.
3660 65. 35.
3661 64. 36.
3662 64. 36.
3663 64. 36.
3664 64. 36.
3665 64. 36.
3666 64. 36.
3667 64. 36.
3668 64. 36.
3669 65. 35.
3670 65. 35.
3671 65. 35.
3672 65. 35.
3673 65. 35.
3674 65. 35.
3675 64. 36.
3676 65. 35.
3677 65. 35.
3678 65. 35.
3679 65. 35.
3680 66. 34.
3681 67. 33.
3682 67. 33.
3683 68. 32.
3684 67. 33.
3685 67. 33.
3686 68. 32.
3687 68. 32.
3688 68. 32.
3689 68. 32.
3690 68. 32.
3691 68. 32.
3692 67. 33.
3693 68. 32.
3694 69. 31.
3695 68. 32.
3696 68. 32.
3697 68. 32.
3698 69. 31.
3699 69. 31.
3700 69. 31.
3701 69. 31.
3702 69. 31.
3703 69. 31.
3704 69. 31.
3705 69. 31.
3706 69. 31.
3707 69. 31.
3708 69. 31.
3709 68. 32.
3710 68. 32.
3711 67. 33.
3712 66. 34.
3713 67. 33.
3714 68. 32.
3715 69. 31.
3716 70. 30.
3717 71. 29.
3718 71. 29.
3719 72. 28.
3720 72. 28.
3721 72. 28.
3722 72. 28.
3723 72. 28.
3724 71. 29.
3725 71. 29.
3726 71. 29.
3727 71. 29.
3728 71. 29.
3729 71. 29.
3730 71. 29.
3731 71. 29.
3732 71. 29.
3733 71. 29.
3734 71. 29.
3735 70. 30.
3736 70. 30.
3737 70. 30.
3738 70. 30.
3739 70. 30.
3740 70. 30.
3741 70. 30.
3742 70. 30.
3743 70. 30.
3744 70. 30.
3745 70. 30.
3746 71. 29.
3747 71. 29.
3748 71. 29.
3749 71. 29.
3750 71. 29.
3751 71. 29.
3752 71. 29.
3753 71. 29.
3754 71. 29.
3755 72. 28.
3756 72. 28.
3757 72. 28.
3758 72. 28.
3759 72. 28.
3760 72. 28.
3761 72. 28.
3762 72. 28.
3763 72. 28.
3764 72. 28.
3765 71. 29.
3766 71. 29.
3767 71. 29.
3768 71. 29.
3769 71. 29.
3770 71. 29.
3771 71. 29.
3772 71. 29.
3773 71. 29.
3774 71. 29.
3775 71. 29.
3776 71. 29.
3777 71. 29.
3778 71. 29.
3779 71. 29.
3780 71. 29.
3781 70. 30.
3782 70. 30.
3783 70. 30.
3784 70. 30.
3785 70. 30.
3786 70. 30.
3787 70. 30.
3788 70. 30.
3789 71. 29.
3790 71. 29.
3791 71. 29.
3792 71. 29.
3793 70. 30.
3794 70. 30.
3795 70. 30.
3796 71. 29.
3797 70. 30.
3798 70. 30.
3799 70. 30.
3800 69. 31.
3801 68. 32.
3802 68. 32.
3803 69. 31.
3804 69. 31.
3805 68. 32.
3806 68. 32.
3807 68. 32.
3808 68. 32.
3809 68. 32.
3810 68. 32.
3811 68. 32.
3812 68. 32.
3813 69. 31.
3814 68. 32.
3815 69. 31.
3816 69. 31.
3817 70. 30.
3818 70. 30.
3819 70. 30.
3820 70. 30.
3821 70. 30.
3822 70. 30.
3823 70. 30.
3824 70. 30.
3825 69. 31.
3826 69. 31.
3827 69. 31.
3828 69. 31.
3829 69. 31.
3830 70. 30.
3831 69. 31.
3832 69. 31.
3833 69. 31.
3834 69. 31.
3835 69. 31.
3836 69. 31.
3837 69. 31.
3838 69. 31.
3839 69. 31.
3840 69. 31.
3841 69. 31.
3842 68. 32.
3843 68. 32.
3844 68. 32.
3845 68. 32.
3846 68. 32.
3847 68. 32.
3848 68. 32.
3849 68. 32.
3850 68. 32.
3851 68. 32.
3852 67. 33.
3853 67. 33.
3854 68. 32.
3855 68. 32.
3856 68. 32.
3857 68. 32.
3858 68. 32.
3859 67. 33.
3860 67. 33.
3861 67. 33.
3862 66. 34.
3863 65. 35.
3864 64. 36.
3865 64. 36.
3866 63. 37.
3867 63. 37.
3868 63. 37.
3869 64. 36.
3870 64. 36.
3871 64. 36.
3872 63. 37.
3873 62. 38.
3874 62. 38.
3875 62. 38.
3876 62. 38.
3877 62. 38.
3878 62. 38.
3879 62. 38.
3880 62. 38.
3881 62. 38.
3882 62. 38.
3883 63. 37.
3884 63. 37.
3885 63. 37.
3886 63. 37.
3887 63. 37.
3888 63. 37.
3889 63. 37.
3890 63. 37.
3891 63. 37.
3892 63. 37.
3893 63. 37.
3894 62. 38.
3895 62. 38.
3896 62. 38.
3897 62. 38.
3898 62. 38.
3899 62. 38.
3900 62. 38.
3901 62. 38.
3902 62. 38.
3903 61. 39.
3904 61. 39.
3905 61. 39.
3906 61. 39.
3907 61. 39.
3908 61. 39.
3909 61. 39.
3910 61. 39.
3911 61. 39.
3912 62. 38.
3913 62. 38.
3914 62. 38.
3915 63. 37.
3916 63. 37.
3917 63. 37.
3918 63. 37.
3919 63. 37.
3920 63. 37.
3921 64. 36.
3922 64. 36.
3923 64. 36.
3924 64. 36.
3925 64. 36.
3926 64. 36.
3927 65. 35.
3928 65. 35.
3929 66. 34.
3930 67. 33.
3931 67. 33.
3932 67. 33.
3933 67. 33.
3934 67. 33.
3935 67. 33.
3936 67. 33.
3937 67. 33.
3938 67. 33.
3939 67. 33.
3940 67. 33.
3941 67. 33.
3942 66. 34.
3943 65. 35.
3944 65. 35.
3945 65. 35.
3946 65. 35.
3947 66. 34.
3948 66. 34.
3949 67. 33.
3950 67. 33.
3951 67. 33.
3952 68. 32.
3953 68. 32.
3954 69. 31.
3955 70. 30.
3956 70. 30.
3957 70. 30.
3958 70. 30.
3959 70. 30.
3960 70. 30.
3961 70. 30.
3962 70. 30.
3963 70. 30.
3964 70. 30.
3965 70. 30.
3966 70. 30.
3967 70. 30.
3968 70. 30.
3969 70. 30.
3970 71. 29.
3971 71. 29.
3972 71. 29.
3973 72. 28.
3974 71. 29.
3975 71. 29.
3976 71. 29.
3977 71. 29.
3978 71. 29.
3979 71. 29.
3980 70. 30.
3981 70. 30.
3982 70. 30.
3983 70. 30.
3984 70. 30.
3985 70. 30.
3986 70. 30.
3987 70. 30.
3988 70. 30.
3989 70. 30.
3990 70. 30.
3991 70. 30.
3992 70. 30.
3993 70. 30.
3994 70. 30.
3995 71. 29.
3996 71. 29.
3997 71. 29.
3998 71. 29.
3999 71. 29.
4000 72. 28.
4001 72. 28.
4002 73. 27.
4003 73. 27.
4004 74. 26.
4005 74. 26.
4006 73. 27.
4007 73. 27.
4008 73. 27.
4009 73. 27.
4010 73. 27.
4011 73. 27.
4012 74. 26.
4013 74. 26.
4014 74. 26.
4015 74. 26.
4016 74. 26.
4017 75. 25.
4018 75. 25.
4019 75. 25.
4020 76. 24.
4021 76. 24.
4022 76. 24.
4023 77. 23.
4024 77. 23.
4025 77. 23.
4026 77. 23.
4027 77. 23.
4028 76. 24.
4029 76. 24.
4030 76. 24.
4031 76. 24.
4032 75. 25.
4033 75. 25.
4034 75. 25.
4035 76. 24.
4036 76. 24.
4037 76. 24.
4038 76. 24.
4039 76. 24.
4040 76. 24.
4041 76. 24.
4042 76. 24.
4043 76. 24.
4044 76. 24.
4045 76. 24.
4046 76. 24.
4047 76. 24.
4048 76. 24.
4049 76. 24.
4050 75. 25.
4051 75. 25.
4052 76. 24.
4053 76. 24.
4054 76. 24.
4055 76. 24.
4056 76. 24.
4057 76. 24.
4058 77. 23.
4059 77. 23.
4060 76. 24.
4061 76. 24.
4062 76. 24.
4063 77. 23.
4064 77. 23.
4065 77. 23.
4066 77. 23.
4067 77. 23.
4068 77. 23.
4069 77. 23.
4070 77. 23.
4071 77. 23.
4072 77. 23.
4073 77. 23.
4074 77. 23.
4075 77. 23.
4076 76. 24.
4077 76. 24.
4078 77. 23.
4079 77. 23.
4080 77. 23.
4081 77. 23.
4082 77. 23.
4083 77. 23.
4084 76. 24.
4085 76. 24.
4086 76. 24.
4087 76. 24.
4088 76. 24.
4089 76. 24.
4090 76. 24.
4091 76. 24.
4092 76. 24.
4093 76. 24.
4094 76. 24.
4095 76. 24.
4096 76. 24.
4097 75. 25.
4098 75. 25.
4099 75. 25.
4100 75. 25.
4101 75. 25.
4102 75. 25.
4103 75. 25.
4104 75. 25.
4105 74. 26.
4106 75. 25.
4107 75. 25.
4108 75. 25.
4109 75. 25.
4110 76. 24.
4111 76. 24.
4112 77. 23.
4113 77. 23.
4114 77. 23.
4115 77. 23.
4116 77. 23.
4117 77. 23.
4118 78. 22.
4119 78. 22.
4120 78. 22.
4121 78. 22.
4122 77. 23.
4123 76. 24.
4124 76. 24.
4125 76. 24.
4126 76. 24.
4127 76. 24.
4128 76. 24.
4129 76. 24.
4130 76. 24.
4131 76. 24.
4132 76. 24.
4133 77. 23.
4134 77. 23.
4135 77. 23.
4136 76. 24.
4137 76. 24.
4138 77. 23.
4139 77. 23.
4140 77. 23.
4141 77. 23.
4142 77. 23.
4143 77. 23.
4144 77. 23.
4145 77. 23.
4146 77. 23.
4147 77. 23.
4148 77. 23.
4149 77. 23.
4150 77. 23.
4151 77. 23.
4152 77. 23.
4153 77. 23.
4154 77. 23.
4155 77. 23.
4156 76. 24.
4157 76. 24.
4158 77. 23.
4159 77. 23.
4160 77. 23.
4161 78. 22.
4162 78. 22.
4163 78. 22.
4164 78. 22.
4165 78. 22.
4166 78. 22.
4167 79. 21.
4168 79. 21.
4169 78. 22.
4170 78. 22.
4171 78. 22.
4172 78. 22.
4173 79. 21.
4174 79. 21.
4175 79. 21.
4176 79. 21.
4177 79. 21.
4178 79. 21.
4179 79. 21.
4180 79. 21.
4181 79. 21.
4182 79. 21.
4183 79. 21.
4184 79. 21.
4185 79. 21.
4186 79. 21.
4187 79. 21.
4188 79. 21.
4189 79. 21.
4190 79. 21.
4191 79. 21.
4192 79. 21.
4193 79. 21.
4194 79. 21.
4195 79. 21.
4196 80. 20.
4197 80. 20.
4198 80. 20.
4199 79. 21.
4200 79. 21.
4201 79. 21.
4202 79. 21.
4203 79. 21.
4204 79. 21.
4205 78. 22.
4206 78. 22.
4207 78. 22.
4208 78. 22.
4209 78. 22.
4210 78. 22.
4211 78. 22.
4212 78. 22.
4213 78. 22.
4214 78. 22.
4215 78. 22.
4216 78. 22.
4217 78. 22.
4218 78. 22.
4219 78. 22.
4220 78. 22.
4221 78. 22.
4222 77. 23.
4223 76. 24.
4224 76. 24.
4225 76. 24.
4226 76. 24.
4227 76. 24.
4228 77. 23.
4229 77. 23.
4230 77. 23.
4231 78. 22.
4232 78. 22.
4233 78. 22.
4234 78. 22.
4235 78. 22.
4236 78. 22.
4237 78. 22.
4238 77. 23.
4239 77. 23.
4240 77. 23.
4241 77. 23.
4242 78. 22.
4243 78. 22.
4244 78. 22.
4245 78. 22.
4246 78. 22.
4247 78. 22.
4248 78. 22.
4249 78. 22.
4250 78. 22.
4251 78. 22.
4252 78. 22.
4253 78. 22.
4254 78. 22.
4255 78. 22.
4256 78. 22.
4257 78. 22.
4258 78. 22.
4259 78. 22.
4260 78. 22.
4261 79. 21.
4262 80. 20.
4263 79. 21.
4264 79. 21.
4265 79. 21.
4266 79. 21.
4267 79. 21.
4268 79. 21.
4269 79. 21.
4270 79. 21.
4271 79. 21.
4272 79. 21.
4273 79. 21.
4274 78. 22.
4275 78. 22.
4276 78. 22.
4277 78. 22.
4278 78. 22.
4279 78. 22.
4280 79. 21.
4281 78. 22.
4282 78. 22.
4283 78. 22.
4284 78. 22.
4285 78. 22.
4286 78. 22.
4287 78. 22.
4288 78. 22.
4289 78. 22.
4290 78. 22.
4291 78. 22.
4292 77. 23.
4293 77. 23.
4294 77. 23.
4295 77. 23.
4296 77. 23.
4297 77. 23.
4298 77. 23.
4299 77. 23.
4300 77. 23.
4301 77. 23.
4302 77. 23.
4303 77. 23.
4304 77. 23.
4305 77. 23.
4306 77. 23.
4307 77. 23.
4308 77. 23.
4309 77. 23.
4310 78. 22.
4311 77. 23.
4312 77. 23.
4313 77. 23.
4314 77. 23.
4315 77. 23.
4316 77. 23.
4317 77. 23.
4318 76. 24.
4319 76. 24.
4320 76. 24.
4321 76. 24.
4322 76. 24.
4323 76. 24.
4324 76. 24.
4325 76. 24.
4326 76. 24.
4327 76. 24.
4328 75. 25.
4329 75. 25.
4330 75. 25.
4331 75. 25.
4332 75. 25.
4333 75. 25.
4334 75. 25.
4335 75. 25.
4336 75. 25.
4337 75. 25.
4338 76. 24.
4339 76. 24.
4340 76. 24.
4341 77. 23.
4342 77. 23.
4343 77. 23.
4344 76. 24.
4345 76. 24.
4346 75. 25.
4347 75. 25.
4348 75. 25.
4349 75. 25.
4350 75. 25.
4351 75. 25.
4352 75. 25.
4353 75. 25.
4354 75. 25.
4355 75. 25.
4356 74. 26.
4357 74. 26.
4358 74. 26.
4359 73. 27.
4360 74. 26.
4361 74. 26.
4362 74. 26.
4363 75. 25.
4364 75. 25.
4365 76. 24.
4366 77. 23.
4367 77. 23.
4368 77. 23.
4369 77. 23.
4370 77. 23.
4371 77. 23.
4372 77. 23.
4373 77. 23.
4374 76. 24.
4375 76. 24.
4376 76. 24.
4377 77. 23.
4378 77. 23.
4379 77. 23.
4380 77. 23.
4381 77. 23.
4382 76. 24.
4383 76. 24.
4384 76. 24.
4385 76. 24.
4386 76. 24.
4387 76. 24.
4388 77. 23.
4389 77. 23.
4390 77. 23.
4391 78. 22.
4392 78. 22.
4393 78. 22.
4394 78. 22.
4395 78. 22.
4396 78. 22.
4397 78. 22.
4398 79. 21.
4399 79. 21.
4400 79. 21.
4401 79. 21.
4402 80. 20.
4403 80. 20.
4404 80. 20.
4405 79. 21.
4406 79. 21.
4407 79. 21.
4408 80. 20.
4409 80. 20.
4410 80. 20.
4411 80. 20.
4412 80. 20.
4413 80. 20.
4414 80. 20.
4415 80. 20.
4416 80. 20.
4417 80. 20.
4418 80. 20.
4419 80. 20.
4420 80. 20.
4421 80. 20.
4422 80. 20.
4423 80. 20.
4424 80. 20.
4425 80. 20.
4426 81. 19.
4427 82. 18.
4428 82. 18.
4429 82. 18.
4430 82. 18.
4431 82. 18.
4432 82. 18.
4433 82. 18.
4434 82. 18.
4435 82. 18.
4436 82. 18.
4437 82. 18.
4438 82. 18.
4439 82. 18.
4440 82. 18.
4441 82. 18.
4442 82. 18.
4443 82. 18.
4444 82. 18.
4445 82. 18.
4446 82. 18.
4447 83. 17.
4448 82. 18.
4449 82. 18.
4450 81. 19.
4451 81. 19.
4452 82. 18.
4453 82. 18.
4454 82. 18.
4455 82. 18.
4456 82. 18.
4457 82. 18.
4458 82. 18.
4459 82. 18.
4460 82. 18.
4461 82. 18.
4462 82. 18.
4463 82. 18.
4464 82. 18.
4465 82. 18.
4466 82. 18.
4467 82. 18.
4468 82. 18.
4469 82. 18.
4470 82. 18.
4471 82. 18.
4472 82. 18.
4473 82. 18.
4474 82. 18.
4475 82. 18.
4476 82. 18.
4477 83. 17.
4478 83. 17.
4479 83. 17.
4480 83. 17.
4481 83. 17.
4482 83. 17.
4483 83. 17.
4484 83. 17.
4485 83. 17.
4486 84. 16.
4487 84. 16.
4488 84. 16.
4489 84. 16.
4490 84. 16.
4491 84. 16.
4492 84. 16.
4493 84. 16.
4494 84. 16.
4495 83. 17.
4496 82. 18.
4497 82. 18.
4498 82. 18.
4499 82. 18.
4500 82. 18.
4501 82. 18.
4502 82. 18.
4503 82. 18.
4504 82. 18.
4505 81. 19.
4506 81. 19.
4507 81. 19.
4508 81. 19.
4509 81. 19.
4510 81. 19.
4511 81. 19.
4512 81. 19.
4513 81. 19.
4514 80. 20.
4515 80. 20.
4516 80. 20.
4517 80. 20.
4518 80. 20.
4519 80. 20.
4520 80. 20.
4521 80. 20.
4522 81. 19.
4523 81. 19.
4524 81. 19.
4525 81. 19.
4526 81. 19.
4527 81. 19.
4528 81. 19.
4529 81. 19.
4530 81. 19.
4531 81. 19.
4532 81. 19.
4533 81. 19.
4534 80. 20.
4535 80. 20.
4536 81. 19.
4537 81. 19.
4538 80. 20.
4539 80. 20.
4540 80. 20.
4541 80. 20.
4542 79. 21.
4543 80. 20.
4544 80. 20.
4545 80. 20.
4546 80. 20.
4547 80. 20.
4548 80. 20.
4549 80. 20.
4550 80. 20.
4551 81. 19.
4552 81. 19.
4553 81. 19.
4554 81. 19.
4555 82. 18.
4556 82. 18.
4557 81. 19.
4558 81. 19.
4559 81. 19.
4560 81. 19.
4561 81. 19.
4562 82. 18.
4563 82. 18.
4564 82. 18.
4565 82. 18.
4566 82. 18.
4567 82. 18.
4568 82. 18.
4569 81. 19.
4570 81. 19.
4571 81. 19.
4572 81. 19.
4573 81. 19.
4574 81. 19.
4575 81. 19.
4576 81. 19.
4577 81. 19.
4578 81. 19.
4579 80. 20.
4580 80. 20.
4581 80. 20.
4582 80. 20.
4583 80. 20.
4584 80. 20.
4585 80. 20.
4586 80. 20.
4587 80. 20.
4588 80. 20.
4589 80. 20.
4590 79. 21.
4591 79. 21.
4592 79. 21.
4593 79. 21.
4594 79. 21.
4595 79. 21.
4596 79. 21.
4597 79. 21.
4598 79. 21.
4599 79. 21.
4600 79. 21.
4601 79. 21.
4602 79. 21.
4603 78. 22.
4604 78. 22.
4605 78. 22.
4606 77. 23.
4607 77. 23.
4608 77. 23.
4609 77. 23.
4610 77. 23.
4611 77. 23.
4612 77. 23.
4613 78. 22.
4614 78. 22.
4615 79. 21.
4616 79. 21.
4617 79. 21.
4618 79. 21.
4619 79. 21.
4620 79. 21.
4621 79. 21.
4622 79. 21.
4623 79. 21.
4624 79. 21.
4625 79. 21.
4626 79. 21.
4627 79. 21.
4628 78. 22.
4629 78. 22.
4630 78. 22.
4631 78. 22.
4632 78. 22.
4633 79. 21.
4634 79. 21.
4635 79. 21.
4636 80. 20.
4637 80. 20.
4638 80. 20.
4639 80. 20.
4640 80. 20.
4641 80. 20.
4642 80. 20.
4643 79. 21.
4644 79. 21.
4645 79. 21.
4646 80. 20.
4647 80. 20.
4648 80. 20.
4649 80. 20.
4650 80. 20.
4651 81. 19.
4652 81. 19.
4653 80. 20.
4654 80. 20.
4655 79. 21.
4656 80. 20.
4657 80. 20.
4658 80. 20.
4659 80. 20.
4660 79. 21.
4661 79. 21.
4662 79. 21.
4663 79. 21.
4664 78. 22.
4665 78. 22.
4666 78. 22.
4667 78. 22.
4668 78. 22.
4669 78. 22.
4670 78. 22.
4671 78. 22.
4672 77. 23.
4673 77. 23.
4674 77. 23.
4675 76. 24.
4676 76. 24.
4677 76. 24.
4678 76. 24.
4679 76. 24.
4680 76. 24.
4681 76. 24.
4682 76. 24.
4683 77. 23.
4684 77. 23.
4685 77. 23.
4686 78. 22.
4687 78. 22.
4688 78. 22.
4689 78. 22.
4690 78. 22.
4691 78. 22.
4692 78. 22.
4693 78. 22.
4694 78. 22.
4695 79. 21.
4696 79. 21.
4697 79. 21.
4698 79. 21.
4699 79. 21.
4700 80. 20.
4701 80. 20.
4702 80. 20.
4703 80. 20.
4704 80. 20.
4705 80. 20.
4706 80. 20.
4707 80. 20.
4708 81. 19.
4709 81. 19.
4710 81. 19.
4711 81. 19.
4712 81. 19.
4713 80. 20.
4714 79. 21.
4715 78. 22.
4716 78. 22.
4717 78. 22.
4718 79. 21.
4719 79. 21.
4720 79. 21.
4721 78. 22.
4722 77. 23.
4723 77. 23.
4724 77. 23.
4725 78. 22.
4726 78. 22.
4727 78. 22.
4728 78. 22.
4729 78. 22.
4730 78. 22.
4731 78. 22.
4732 78. 22.
4733 78. 22.
4734 78. 22.
4735 78. 22.
4736 79. 21.
4737 79. 21.
4738 79. 21.
4739 78. 22.
4740 78. 22.
4741 78. 22.
4742 78. 22.
4743 77. 23.
4744 78. 22.
4745 78. 22.
4746 77. 23.
4747 77. 23.
4748 77. 23.
4749 78. 22.
4750 78. 22.
4751 77. 23.
4752 77. 23.
4753 77. 23.
4754 77. 23.
4755 77. 23.
4756 77. 23.
4757 77. 23.
4758 77. 23.
4759 77. 23.
4760 76. 24.
4761 76. 24.
4762 76. 24.
4763 76. 24.
4764 75. 25.
4765 75. 25.
4766 75. 25.
4767 75. 25.
4768 76. 24.
4769 76. 24.
4770 76. 24.
4771 75. 25.
4772 75. 25.
4773 75. 25.
4774 75. 25.
4775 75. 25.
4776 74. 26.
4777 74. 26.
4778 74. 26.
4779 74. 26.
4780 74. 26.
4781 74. 26.
4782 74. 26.
4783 74. 26.
4784 74. 26.
4785 74. 26.
4786 74. 26.
4787 75. 25.
4788 75. 25.
4789 75. 25.
4790 75. 25.
4791 75. 25.
4792 75. 25.
4793 76. 24.
4794 76. 24.
4795 76. 24.
4796 76. 24.
4797 76. 24.
4798 76. 24.
4799 76. 24.
4800 76. 24.
4801 76. 24.
4802 76. 24.
4803 76. 24.
4804 76. 24.
4805 76. 24.
4806 77. 23.
4807 77. 23.
4808 77. 23.
4809 78. 22.
4810 78. 22.
4811 78. 22.
4812 78. 22.
4813 79. 21.
4814 79. 21.
4815 79. 21.
4816 79. 21.
4817 79. 21.
4818 78. 22.
4819 78. 22.
4820 79. 21.
4821 79. 21.
4822 79. 21.
4823 79. 21.
4824 79. 21.
4825 79. 21.
4826 80. 20.
4827 80. 20.
4828 80. 20.
4829 80. 20.
4830 81. 19.
4831 80. 20.
4832 80. 20.
4833 81. 19.
4834 81. 19.
4835 82. 18.
4836 82. 18.
4837 82. 18.
4838 82. 18.
4839 82. 18.
4840 82. 18.
4841 82. 18.
4842 82. 18.
4843 82. 18.
4844 82. 18.
4845 82. 18.
4846 82. 18.
4847 82. 18.
4848 82. 18.
4849 82. 18.
4850 82. 18.
4851 82. 18.
4852 82. 18.
4853 83. 17.
4854 83. 17.
4855 83. 17.
4856 83. 17.
4857 83. 17.
4858 83. 17.
4859 83. 17.
4860 83. 17.
4861 83. 17.
4862 83. 17.
4863 83. 17.
4864 83. 17.
4865 83. 17.
4866 83. 17.
4867 83. 17.
4868 83. 17.
4869 83. 17.
4870 83. 17.
4871 83. 17.
4872 83. 17.
4873 83. 17.
4874 83. 17.
4875 83. 17.
4876 83. 17.
4877 84. 16.
4878 84. 16.
4879 84. 16.
4880 84. 16.
4881 84. 16.
4882 84. 16.
4883 84. 16.
4884 85. 15.
4885 85. 15.
4886 85. 15.
4887 85. 15.
4888 85. 15.
4889 85. 15.
4890 85. 15.
4891 85. 15.
4892 85. 15.
4893 85. 15.
4894 85. 15.
4895 84. 16.
4896 84. 16.
4897 84. 16.
4898 84. 16.
4899 84. 16.
4900 84. 16.
4901 84. 16.
4902 84. 16.
4903 84. 16.
4904 84. 16.
4905 84. 16.
4906 84. 16.
4907 84. 16.
4908 84. 16.
4909 84. 16.
4910 84. 16.
4911 84. 16.
4912 84. 16.
4913 85. 15.
4914 84. 16.
4915 84. 16.
4916 84. 16.
4917 84. 16.
4918 85. 15.
4919 85. 15.
4920 85. 15.
4921 85. 15.
4922 85. 15.
4923 85. 15.
4924 85. 15.
4925 85. 15.
4926 85. 15.
4927 85. 15.
4928 85. 15.
4929 85. 15.
4930 85. 15.
4931 85. 15.
4932 85. 15.
4933 85. 15.
4934 85. 15.
4935 85. 15.
4936 85. 15.
4937 85. 15.
4938 85. 15.
4939 85. 15.
4940 85. 15.
4941 85. 15.
4942 85. 15.
4943 85. 15.
4944 85. 15.
4945 85. 15.
4946 85. 15.
4947 85. 15.
4948 85. 15.
4949 85. 15.
4950 85. 15.
4951 85. 15.
4952 85. 15.
4953 85. 15.
4954 85. 15.
4955 85. 15.
4956 86. 14.
4957 86. 14.
4958 86. 14.
4959 86. 14.
4960 86. 14.
4961 86. 14.
4962 86. 14.
4963 86. 14.
4964 85. 15.
4965 85. 15.
4966 85. 15.
4967 85. 15.
4968 84. 16.
4969 84. 16.
4970 84. 16.
4971 84. 16.
4972 84. 16.
4973 84. 16.
4974 84. 16.
4975 84. 16.
4976 84. 16.
4977 84. 16.
4978 84. 16.
4979 84. 16.
4980 83. 17.
4981 82. 18.
4982 82. 18.
4983 82. 18.
4984 82. 18.
4985 82. 18.
4986 82. 18.
4987 82. 18.
4988 82. 18.
4989 82. 18.
4990 83. 17.
4991 83. 17.
4992 83. 17.
4993 83. 17.
4994 83. 17.
4995 82. 18.
4996 82. 18.
4997 82. 18.
4998 82. 18.
4999 82. 18.
5000 82. 18.
5001 82. 18.
5002 82. 18.
5003 82. 18.
5004 83. 17.
5005 83. 17.
5006 83. 17.
5007 83. 17.
5008 82. 18.
5009 82. 18.
5010 82. 18.
5011 82. 18.
5012 81. 19.
5013 81. 19.
5014 81. 19.
5015 80. 20.
5016 80. 20.
5017 80. 20.
5018 80. 20.
5019 80. 20.
5020 80. 20.
5021 80. 20.
5022 81. 19.
5023 81. 19.
5024 82. 18.
5025 82. 18.
5026 82. 18.
5027 82. 18.
5028 82. 18.
5029 82. 18.
5030 82. 18.
5031 82. 18.
5032 82. 18.
5033 82. 18.
5034 83. 17.
5035 83. 17.
5036 83. 17.
5037 84. 16.
5038 84. 16.
5039 84. 16.
5040 84. 16.
5041 84. 16.
5042 84. 16.
5043 84. 16.
5044 84. 16.
5045 84. 16.
5046 83. 17.
5047 84. 16.
5048 83. 17.
5049 83. 17.
5050 83. 17.
5051 83. 17.
5052 83. 17.
5053 83. 17.
5054 84. 16.
5055 84. 16.
5056 84. 16.
5057 85. 15.
5058 85. 15.
5059 85. 15.
5060 85. 15.
5061 85. 15.
5062 85. 15.
5063 85. 15.
5064 85. 15.
5065 85. 15.
5066 85. 15.
5067 86. 14.
5068 86. 14.
5069 86. 14.
5070 86. 14.
5071 86. 14.
5072 87. 13.
5073 87. 13.
5074 87. 13.
5075 87. 13.
5076 87. 13.
5077 88. 12.
5078 88. 12.
5079 88. 12.
5080 88. 12.
5081 88. 12.
5082 88. 12.
5083 88. 12.
5084 88. 12.
5085 88. 12.
5086 88. 12.
5087 88. 12.
5088 89. 11.
5089 89. 11.
5090 89. 11.
5091 89. 11.
5092 89. 11.
5093 89. 11.
5094 89. 11.
5095 89. 11.
5096 89. 11.
5097 89. 11.
5098 88. 12.
5099 89. 11.
5100 89. 11.
5101 89. 11.
5102 90. 10.
5103 90. 10.
5104 90. 10.
5105 90. 10.
5106 90. 10.
5107 91. 9.
5108 91. 9.
5109 91. 9.
5110 91. 9.
5111 91. 9.
5112 91. 9.
5113 91. 9.
5114 90. 10.
5115 89. 11.
5116 89. 11.
5117 89. 11.
5118 89. 11.
5119 89. 11.
5120 89. 11.
5121 89. 11.
5122 89. 11.
5123 89. 11.
5124 90. 10.
5125 90. 10.
5126 90. 10.
5127 90. 10.
5128 90. 10.
5129 90. 10.
5130 90. 10.
5131 90. 10.
5132 90. 10.
5133 90. 10.
5134 90. 10.
5135 90. 10.
5136 90. 10.
5137 90. 10.
5138 89. 11.
5139 89. 11.
5140 89. 11.
5141 89. 11.
5142 89. 11.
5143 89. 11.
5144 89. 11.
5145 89. 11.
5146 88. 12.
5147 88. 12.
5148 87. 13.
5149 86. 14.
5150 86. 14.
5151 86. 14.
5152 86. 14.
5153 86. 14.
5154 86. 14.
5155 86. 14.
5156 86. 14.
5157 86. 14.
5158 86. 14.
5159 86. 14.
5160 86. 14.
5161 86. 14.
5162 86. 14.
5163 86. 14.
5164 86. 14.
5165 86. 14.
5166 86. 14.
5167 86. 14.
5168 86. 14.
5169 87. 13.
5170 88. 12.
5171 88. 12.
5172 88. 12.
5173 87. 13.
5174 87. 13.
5175 87. 13.
5176 88. 12.
5177 88. 12.
5178 88. 12.
5179 87. 13.
5180 87. 13.
5181 87. 13.
5182 86. 14.
5183 86. 14.
5184 86. 14.
5185 86. 14.
5186 85. 15.
5187 85. 15.
5188 85. 15.
5189 85. 15.
5190 85. 15.
5191 85. 15.
5192 85. 15.
5193 85. 15.
5194 85. 15.
5195 85. 15.
5196 85. 15.
5197 85. 15.
5198 85. 15.
5199 85. 15.
5200 86. 14.
5201 86. 14.
5202 86. 14.
5203 86. 14.
5204 86. 14.
5205 86. 14.
5206 86. 14.
5207 86. 14.
5208 86. 14.
5209 87. 13.
5210 86. 14.
5211 86. 14.
5212 86. 14.
5213 86. 14.
5214 86. 14.
5215 86. 14.
5216 86. 14.
5217 86. 14.
5218 87. 13.
5219 87. 13.
5220 87. 13.
5221 87. 13.
5222 88. 12.
5223 88. 12.
5224 88. 12.
5225 88. 12.
5226 88. 12.
5227 88. 12.
5228 88. 12.
5229 87. 13.
5230 88. 12.
5231 88. 12.
5232 88. 12.
5233 89. 11.
5234 88. 12.
5235 88. 12.
5236 88. 12.
5237 88. 12.
5238 88. 12.
5239 88. 12.
5240 88. 12.
5241 88. 12.
5242 88. 12.
5243 88. 12.
5244 88. 12.
5245 88. 12.
5246 88. 12.
5247 88. 12.
5248 88. 12.
5249 88. 12.
5250 88. 12.
5251 88. 12.
5252 88. 12.
5253 88. 12.
5254 88. 12.
5255 88. 12.
5256 87. 13.
5257 87. 13.
5258 88. 12.
5259 88. 12.
5260 88. 12.
5261 88. 12.
5262 88. 12.
5263 88. 12.
5264 88. 12.
5265 88. 12.
5266 88. 12.
5267 88. 12.
5268 88. 12.
5269 88. 12.
5270 88. 12.
5271 88. 12.
5272 89. 11.
5273 89. 11.
5274 89. 11.
5275 89. 11.
5276 89. 11.
5277 89. 11.
5278 89. 11.
5279 90. 10.
5280 90. 10.
5281 90. 10.
5282 90. 10.
5283 90. 10.
5284 90. 10.
5285 90. 10.
5286 90. 10.
5287 90. 10.
5288 90. 10.
5289 90. 10.
5290 90. 10.
5291 89. 11.
5292 89. 11.
5293 89. 11.
5294 89. 11.
5295 89. 11.
5296 89. 11.
5297 89. 11.
5298 89. 11.
5299 89. 11.
5300 89. 11.
5301 89. 11.
5302 89. 11.
5303 89. 11.
5304 89. 11.
5305 89. 11.
5306 89. 11.
5307 89. 11.
5308 89. 11.
5309 89. 11.
5310 89. 11.
5311 89. 11.
5312 89. 11.
5313 89. 11.
5314 89. 11.
5315 89. 11.
5316 89. 11.
5317 89. 11.
5318 89. 11.
5319 89. 11.
5320 89. 11.
5321 90. 10.
5322 89. 11.
5323 89. 11.
5324 89. 11.
5325 89. 11.
5326 89. 11.
5327 89. 11.
5328 89. 11.
5329 89. 11.
5330 89. 11.
5331 89. 11.
5332 89. 11.
5333 89. 11.
5334 89. 11.
5335 89. 11.
5336 89. 11.
5337 89. 11.
5338 89. 11.
5339 89. 11.
5340 89. 11.
5341 89. 11.
5342 89. 11.
5343 89. 11.
5344 89. 11.
5345 89. 11.
5346 89. 11.
5347 89. 11.
5348 89. 11.
5349 89. 11.
5350 89. 11.
5351 89. 11.
5352 89. 11.
5353 90. 10.
5354 90. 10.
5355 90. 10.
5356 90. 10.
5357 90. 10.
5358 90. 10.
5359 90. 10.
5360 90. 10.
5361 90. 10.
5362 90. 10.
5363 90. 10.
5364 91. 9.
5365 91. 9.
5366 91. 9.
5367 91. 9.
5368 91. 9.
5369 91. 9.
5370 91. 9.
5371 91. 9.
5372 92. 8.
5373 92. 8.
5374 92. 8.
5375 92. 8.
5376 92. 8.
5377 92. 8.
5378 92. 8.
5379 92. 8.
5380 91. 9.
5381 91. 9.
5382 91. 9.
5383 91. 9.
5384 91. 9.
5385 91. 9.
5386 91. 9.
5387 91. 9.
5388 91. 9.
5389 91. 9.
5390 91. 9.
5391 91. 9.
5392 91. 9.
5393 91. 9.
5394 91. 9.
5395 91. 9.
5396 91. 9.
5397 91. 9.
5398 91. 9.
5399 90. 10.
5400 90. 10.
5401 90. 10.
5402 90. 10.
5403 90. 10.
5404 90. 10.
5405 90. 10.
5406 90. 10.
5407 90. 10.
5408 90. 10.
5409 90. 10.
5410 90. 10.
5411 90. 10.
5412 90. 10.
5413 90. 10.
5414 90. 10.
5415 90. 10.
5416 91. 9.
5417 91. 9.
5418 91. 9.
5419 91. 9.
5420 91. 9.
5421 91. 9.
5422 91. 9.
5423 91. 9.
5424 91. 9.
5425 91. 9.
5426 91. 9.
5427 91. 9.
5428 91. 9.
5429 91. 9.
5430 91. 9.
5431 91. 9.
5432 91. 9.
5433 91. 9.
5434 91. 9.
5435 91. 9.
5436 91. 9.
5437 91. 9.
5438 91. 9.
5439 91. 9.
5440 91. 9.
5441 91. 9.
5442 91. 9.
5443 91. 9.
5444 91. 9.
5445 91. 9.
5446 91. 9.
5447 91. 9.
5448 91. 9.
5449 91. 9.
5450 91. 9.
5451 91. 9.
5452 91. 9.
5453 91. 9.
5454 91. 9.
5455 91. 9.
5456 91. 9.
5457 91. 9.
5458 91. 9.
5459 91. 9.
5460 91. 9.
5461 91. 9.
5462 91. 9.
5463 91. 9.
5464 91. 9.
5465 90. 10.
5466 90. 10.
5467 90. 10.
5468 90. 10.
5469 90. 10.
5470 90. 10.
5471 89. 11.
5472 89. 11.
5473 89. 11.
5474 89. 11.
5475 89. 11.
5476 89. 11.
5477 89. 11.
5478 89. 11.
5479 89. 11.
5480 89. 11.
5481 89. 11.
5482 89. 11.
5483 88. 12.
5484 88. 12.
5485 88. 12.
5486 88. 12.
5487 88. 12.
5488 88. 12.
5489 88. 12.
5490 88. 12.
5491 88. 12.
5492 88. 12.
5493 88. 12.
5494 88. 12.
5495 89. 11.
5496 89. 11.
5497 89. 11.
5498 89. 11.
5499 89. 11.
5500 89. 11.
5501 88. 12.
5502 88. 12.
5503 88. 12.
5504 88. 12.
5505 88. 12.
5506 89. 11.
5507 89. 11.
5508 89. 11.
5509 89. 11.
5510 89. 11.
5511 89. 11.
5512 89. 11.
5513 88. 12.
5514 88. 12.
5515 88. 12.
5516 88. 12.
5517 88. 12.
5518 87. 13.
5519 87. 13.
5520 87. 13.
5521 87. 13.
5522 86. 14.
5523 86. 14.
5524 86. 14.
5525 85. 15.
5526 85. 15.
5527 85. 15.
5528 85. 15.
5529 85. 15.
5530 85. 15.
5531 85. 15.
5532 85. 15.
5533 85. 15.
5534 85. 15.
5535 85. 15.
5536 85. 15.
5537 85. 15.
5538 85. 15.
5539 84. 16.
5540 84. 16.
5541 84. 16.
5542 84. 16.
5543 84. 16.
5544 84. 16.
5545 84. 16.
5546 84. 16.
5547 84. 16.
5548 84. 16.
5549 84. 16.
5550 84. 16.
5551 84. 16.
5552 84. 16.
5553 84. 16.
5554 84. 16.
5555 84. 16.
5556 84. 16.
5557 84. 16.
5558 84. 16.
5559 84. 16.
5560 84. 16.
5561 83. 17.
5562 83. 17.
5563 83. 17.
5564 83. 17.
5565 83. 17.
5566 83. 17.
5567 82. 18.
5568 82. 18.
5569 82. 18.
5570 82. 18.
5571 82. 18.
5572 81. 19.
5573 81. 19.
5574 81. 19.
5575 81. 19.
5576 81. 19.
5577 81. 19.
5578 81. 19.
5579 81. 19.
5580 81. 19.
5581 80. 20.
5582 80. 20.
5583 80. 20.
5584 80. 20.
5585 80. 20.
5586 80. 20.
5587 81. 19.
5588 82. 18.
5589 82. 18.
5590 82. 18.
5591 83. 17.
5592 83. 17.
5593 83. 17.
5594 83. 17.
5595 83. 17.
5596 83. 17.
5597 83. 17.
5598 83. 17.
5599 83. 17.
5600 83. 17.
5601 83. 17.
5602 83. 17.
5603 83. 17.
5604 83. 17.
5605 83. 17.
5606 83. 17.
5607 83. 17.
5608 83. 17.
5609 83. 17.
5610 83. 17.
5611 83. 17.
5612 83. 17.
5613 83. 17.
5614 83. 17.
5615 83. 17.
5616 83. 17.
5617 83. 17.
5618 84. 16.
5619 84. 16.
5620 84. 16.
5621 84. 16.
5622 84. 16.
5623 84. 16.
5624 84. 16.
5625 84. 16.
5626 84. 16.
5627 84. 16.
5628 84. 16.
5629 83. 17.
5630 83. 17.
5631 83. 17.
5632 82. 18.
5633 82. 18.
5634 82. 18.
5635 82. 18.
5636 82. 18.
5637 82. 18.
5638 82. 18.
5639 82. 18.
5640 82. 18.
5641 82. 18.
5642 82. 18.
5643 82. 18.
5644 82. 18.
5645 82. 18.
5646 82. 18.
5647 82. 18.
5648 82. 18.
5649 82. 18.
5650 82. 18.
5651 82. 18.
5652 82. 18.
5653 82. 18.
5654 82. 18.
5655 83. 17.
5656 83. 17.
5657 83. 17.
5658 83. 17.
5659 83. 17.
5660 83. 17.
5661 83. 17.
5662 83. 17.
5663 83. 17.
5664 83. 17.
5665 83. 17.
5666 84. 16.
5667 84. 16.
5668 84. 16.
5669 84. 16.
5670 84. 16.
5671 84. 16.
5672 84. 16.
5673 84. 16.
5674 84. 16.
5675 84. 16.
5676 84. 16.
5677 84. 16.
5678 84. 16.
5679 84. 16.
5680 84. 16.
5681 85. 15.
5682 85. 15.
5683 85. 15.
5684 86. 14.
5685 87. 13.
5686 87. 13.
5687 87. 13.
5688 87. 13.
5689 87. 13.
5690 87. 13.
5691 87. 13.
5692 87. 13.
5693 87. 13.
5694 87. 13.
5695 87. 13.
5696 87. 13.
5697 87. 13.
5698 86. 14.
5699 87. 13.
5700 87. 13.
5701 87. 13.
5702 87. 13.
5703 88. 12.
5704 88. 12.
5705 88. 12.
5706 88. 12.
5707 88. 12.
5708 88. 12.
5709 88. 12.
5710 88. 12.
5711 88. 12.
5712 88. 12.
5713 88. 12.
5714 88. 12.
5715 89. 11.
5716 89. 11.
5717 89. 11.
5718 89. 11.
5719 89. 11.
5720 89. 11.
5721 89. 11.
5722 89. 11.
5723 89. 11.
5724 89. 11.
5725 88. 12.
5726 88. 12.
5727 88. 12.
5728 88. 12.
5729 88. 12.
5730 89. 11.
5731 89. 11.
5732 90. 10.
5733 90. 10.
5734 90. 10.
5735 90. 10.
5736 90. 10.
5737 90. 10.
5738 90. 10.
5739 90. 10.
5740 90. 10.
5741 90. 10.
5742 90. 10.
5743 90. 10.
5744 90. 10.
5745 90. 10.
5746 90. 10.
5747 90. 10.
5748 90. 10.
5749 90. 10.
5750 90. 10.
5751 90. 10.
5752 90. 10.
5753 90. 10.
5754 90. 10.
5755 90. 10.
5756 90. 10.
5757 90. 10.
5758 90. 10.
5759 90. 10.
5760 90. 10.
5761 91. 9.
5762 91. 9.
5763 91. 9.
5764 91. 9.
5765 91. 9.
5766 91. 9.
5767 91. 9.
5768 91. 9.
5769 91. 9.
5770 91. 9.
5771 91. 9.
5772 91. 9.
5773 91. 9.
5774 91. 9.
5775 91. 9.
5776 91. 9.
5777 91. 9.
5778 91. 9.
5779 91. 9.
5780 91. 9.
5781 91. 9.
5782 91. 9.
5783 91. 9.
5784 91. 9.
5785 91. 9.
5786 91. 9.
5787 91. 9.
5788 91. 9.
5789 91. 9.
5790 91. 9.
5791 91. 9.
5792 91. 9.
5793 91. 9.
5794 91. 9.
5795 91. 9.
5796 91. 9.
5797 92. 8.
5798 92. 8.
5799 92. 8.
5800 92. 8.
5801 92. 8.
5802 92. 8.
5803 92. 8.
5804 93. 7.
5805 93. 7.
5806 93. 7.
5807 93. 7.
5808 93. 7.
5809 94. 6.
5810 94. 6.
5811 94. 6.
5812 94. 6.
5813 94. 6.
5814 94. 6.
5815 94. 6.
5816 94. 6.
5817 94. 6.
5818 94. 6.
5819 93. 7.
5820 94. 6.
5821 94. 6.
5822 94. 6.
5823 94. 6.
5824 94. 6.
5825 94. 6.
5826 94. 6.
5827 94. 6.
5828 94. 6.
5829 94. 6.
5830 94. 6.
5831 94. 6.
5832 93. 7.
5833 93. 7.
5834 93. 7.
5835 93. 7.
5836 93. 7.
5837 93. 7.
5838 93. 7.
5839 94. 6.
5840 94. 6.
5841 95. 5.
5842 96. 4.
5843 96. 4.
5844 96. 4.
5845 96. 4.
5846 96. 4.
5847 96. 4.
5848 96. 4.
5849 96. 4.
5850 96. 4.
5851 96. 4.
5852 96. 4.
5853 96. 4.
5854 96. 4.
5855 96. 4.
5856 96. 4.
5857 96. 4.
5858 96. 4.
5859 96. 4.
5860 96. 4.
5861 96. 4.
5862 96. 4.
5863 96. 4.
5864 96. 4.
5865 96. 4.
5866 96. 4.
5867 96. 4.
5868 96. 4.
5869 97. 3.
5870 97. 3.
5871 97. 3.
5872 97. 3.
5873 97. 3.
5874 97. 3.
5875 97. 3.
5876 97. 3.
5877 97. 3.
5878 97. 3.
5879 97. 3.
5880 97. 3.
5881 97. 3.
5882 97. 3.
5883 97. 3.
5884 97. 3.
5885 97. 3.
5886 97. 3.
5887 97. 3.
5888 97. 3.
5889 97. 3.
5890 97. 3.
5891 97. 3.
5892 97. 3.
5893 97. 3.
5894 97. 3.
5895 97. 3.
5896 97. 3.
5897 97. 3.
5898 96. 4.
5899 97. 3.
5900 97. 3.
5901 97. 3.
5902 97. 3.
5903 97. 3.
5904 97. 3.
5905 97. 3.
5906 97. 3.
5907 97. 3.
5908 97. 3.
5909 97. 3.
5910 97. 3.
5911 97. 3.
5912 97. 3.
5913 97. 3.
5914 97. 3.
5915 97. 3.
5916 97. 3.
5917 97. 3.
5918 97. 3.
5919 97. 3.
5920 97. 3.
5921 97. 3.
5922 97. 3.
5923 97. 3.
5924 97. 3.
5925 97. 3.
5926 97. 3.
5927 97. 3.
5928 97. 3.
5929 97. 3.
5930 97. 3.
5931 97. 3.
5932 97. 3.
5933 97. 3.
5934 97. 3.
5935 97. 3.
5936 97. 3.
5937 97. 3.
5938 97. 3.
5939 97. 3.
5940 97. 3.
5941 97. 3.
5942 97. 3.
5943 97. 3.
5944 97. 3.
5945 97. 3.
5946 97. 3.
5947 97. 3.
5948 97. 3.
5949 97. 3.
5950 97. 3.
5951 97. 3.
5952 97. 3.
5953 97. 3.
5954 97. 3.
5955 97. 3.
5956 97. 3.
5957 97. 3.
5958 97. 3.
5959 97. 3.
5960 97. 3.
5961 97. 3.
5962 97. 3.
5963 97. 3.
5964 97. 3.
5965 97. 3.
5966 97. 3.
5967 97. 3.
5968 97. 3.
5969 97. 3.
5970 97. 3.
5971 97. 3.
5972 97. 3.
5973 97. 3.
5974 97. 3.
5975 97. 3.
5976 97. 3.
5977 97. 3.
5978 97. 3.
5979 97. 3.
5980 97. 3.
5981 97. 3.
5982 97. 3.
5983 97. 3.
5984 97. 3.
5985 97. 3.
5986 97. 3.
5987 97. 3.
5988 97. 3.
5989 97. 3.
5990 97. 3.
5991 97. 3.
5992 96. 4.
5993 96. 4.
5994 96. 4.
5995 96. 4.
5996 96. 4.
5997 96. 4.
5998 96. 4.
5999 96. 4.
6000 96. 4.
6001 95. 5.
6002 95. 5.
6003 95. 5.
6004 95. 5.
6005 95. 5.
6006 95. 5.
6007 95. 5.
6008 95. 5.
6009 95. 5.
6010 95. 5.
6011 95. 5.
6012 95. 5.
6013 95. 5.
6014 95. 5.
6015 95. 5.
6016 95. 5.
6017 95. 5.
6018 95. 5.
6019 95. 5.
6020 95. 5.
6021 95. 5.
6022 95. 5.
6023 95. 5.
6024 94. 6.
6025 94. 6.
6026 94. 6.
6027 94. 6.
6028 94. 6.
6029 94. 6.
6030 94. 6.
6031 94. 6.
6032 94. 6.
6033 94. 6.
6034 94. 6.
6035 94. 6.
6036 94. 6.
6037 94. 6.
6038 94. 6.
6039 94. 6.
6040 94. 6.
6041 94. 6.
6042 94. 6.
6043 94. 6.
6044 93. 7.
6045 93. 7.
6046 93. 7.
6047 93. 7.
6048 93. 7.
6049 93. 7.
6050 93. 7.
6051 93. 7.
6052 93. 7.
6053 93. 7.
6054 93. 7.
6055 93. 7.
6056 93. 7.
6057 93. 7.
6058 93. 7.
6059 93. 7.
6060 93. 7.
6061 93. 7.
6062 93. 7.
6063 94. 6.
6064 94. 6.
6065 94. 6.
6066 94. 6.
6067 94. 6.
6068 94. 6.
6069 94. 6.
6070 94. 6.
6071 94. 6.
6072 94. 6.
6073 94. 6.
6074 94. 6.
6075 95. 5.
6076 95. 5.
6077 95. 5.
6078 95. 5.
6079 95. 5.
6080 95. 5.
6081 95. 5.
6082 95. 5.
6083 95. 5.
6084 95. 5.
6085 95. 5.
6086 95. 5.
6087 95. 5.
6088 95. 5.
6089 95. 5.
6090 95. 5.
6091 95. 5.
6092 95. 5.
6093 95. 5.
6094 95. 5.
6095 95. 5.
6096 95. 5.
6097 95. 5.
6098 95. 5.
6099 95. 5.
6100 95. 5.
6101 95. 5.
6102 95. 5.
6103 95. 5.
6104 95. 5.
6105 95. 5.
6106 95. 5.
6107 95. 5.
6108 95. 5.
6109 95. 5.
6110 95. 5.
6111 95. 5.
6112 95. 5.
6113 95. 5.
6114 96. 4.
6115 96. 4.
6116 96. 4.
6117 96. 4.
6118 96. 4.
6119 96. 4.
6120 96. 4.
6121 96. 4.
6122 96. 4.
6123 96. 4.
6124 96. 4.
6125 96. 4.
6126 96. 4.
6127 96. 4.
6128 96. 4.
6129 96. 4.
6130 96. 4.
6131 96. 4.
6132 96. 4.
6133 96. 4.
6134 97. 3.
6135 97. 3.
6136 97. 3.
6137 97. 3.
6138 97. 3.
6139 97. 3.
6140 97. 3.
6141 97. 3.
6142 97. 3.
6143 97. 3.
6144 97. 3.
6145 97. 3.
6146 97. 3.
6147 97. 3.
6148 97. 3.
6149 97. 3.
6150 97. 3.
6151 97. 3.
6152 97. 3.
6153 97. 3.
6154 97. 3.
6155 97. 3.
6156 97. 3.
6157 97. 3.
6158 97. 3.
6159 97. 3.
6160 97. 3.
6161 97. 3.
6162 97. 3.
6163 97. 3.
6164 97. 3.
6165 97. 3.
6166 97. 3.
6167 97. 3.
6168 98. 2.
6169 98. 2.
6170 98. 2.
6171 98. 2.
6172 98. 2.
6173 98. 2.
6174 98. 2.
6175 98. 2.
6176 98. 2.
6177 98. 2.
6178 98. 2.
6179 98. 2.
6180 98. 2.
6181 98. 2.
6182 98. 2.
6183 98. 2.
6184 98. 2.
6185 98. 2.
6186 98. 2.
6187 98. 2.
6188 98. 2.
6189 98. 2.
6190 98. 2.
6191 98. 2.
6192 98. 2.
6193 98. 2.
6194 98. 2.
6195 98. 2.
6196 98. 2.
6197 98. 2.
6198 98. 2.
6199 98. 2.
6200 98. 2.
6201 98. 2.
6202 98. 2.
6203 98. 2.
6204 98. 2.
6205 98. 2.
6206 98. 2.
6207 98. 2.
6208 98. 2.
6209 98. 2.
6210 98. 2.
6211 98. 2.
6212 98. 2.
6213 98. 2.
6214 98. 2.
6215 98. 2.
6216 98. 2.
6217 98. 2.
6218 98. 2.
6219 98. 2.
6220 98. 2.
6221 98. 2.
6222 98. 2.
6223 98. 2.
6224 98. 2.
6225 98. 2.
6226 98. 2.
6227 98. 2.
6228 99. 1.
6229 99. 1.
6230 99. 1.
6231 99. 1.
6232 99. 1.
6233 99. 1.
6234 99. 1.
6235 99. 1.
6236 99. 1.
6237 99. 1.
6238 99. 1.
