0 18. 82.
1 19. 81.
2 19. 81.
3 19. 81.
4 19. 81.
5 19. 81.
6 19. 81.
7 18. 82.
8 18. 82.
9 18. 82.
10 18. 82.
11 18. 82.
12 18. 82.
13 18. 82.
14 18. 82.
15 19. 81.
16 19. 81.
17 18. 82.
18 19. 81.
19 19. 81.
20 19. 81.
21 19. 81.
22 19. 81.
23 19. 81.
24 19. 81.
25 19. 81.
26 19. 81.
27 19. 81.
28 19. 81.
29 19. 81.
30 19. 81.
31 19. 81.
32 19. 81.
33 19. 81.
34 18. 82.
35 19. 81.
36 19. 81.
37 20. 80.
38 20. 80.
39 20. 80.
40 20. 80.
41 19. 81.
42 19. 81.
43 20. 80.
44 20. 80.
45 20. 80.
46 21. 79.
47 21. 79.
48 21. 79.
49 21. 79.
50 21. 79.
51 21. 79.
52 21. 79.
53 21. 79.
54 21. 79.
55 22. 78.
56 22. 78.
57 22. 78.
58 22. 78.
59 22. 78.
60 22. 78.
61 22. 78.
62 23. 77.
63 22. 78.
64 22. 78.
65 22. 78.
66 21. 79.
67 21. 79.
68 21. 79.
69 21. 79.
70 21. 79.
71 20. 80.
72 20. 80.
73 20. 80.
74 20. 80.
75 20. 80.
76 20. 80.
77 20. 80.
78 20. 80.
79 20. 80.
80 19. 81.
81 18. 82.
82 18. 82.
83 18. 82.
84 18. 82.
85 18. 82.
86 18. 82.
87 18. 82.
88 18. 82.
89 17. 83.
90 17. 83.
91 17. 83.
92 17. 83.
93 18. 82.
94 18. 82.
95 17. 83.
96 17. 83.
97 17. 83.
98 18. 82.
99 19. 81.
100 19. 81.
101 20. 80.
102 20. 80.
103 21. 79.
104 21. 79.
105 21. 79.
106 21. 79.
107 21. 79.
108 21. 79.
109 21. 79.
110 21. 79.
111 21. 79.
112 21. 79.
113 21. 79.
114 21. 79.
115 21. 79.
116 21. 79.
117 21. 79.
118 22. 78.
119 22. 78.
120 22. 78.
121 22. 78.
122 22. 78.
123 22. 78.
124 22. 78.
125 22. 78.
126 22. 78.
127 22. 78.
128 22. 78.
129 22. 78.
130 22. 78.
131 22. 78.
132 22. 78.
133 22. 78.
134 22. 78.
135 21. 79.
136 21. 79.
137 20. 80.
138 20. 80.
139 20. 80.
140 19. 81.
141 19. 81.
142 19. 81.
143 19. 81.
144 19. 81.
145 20. 80.
146 20. 80.
147 20. 80.
148 20. 80.
149 21. 79.
150 21. 79.
151 21. 79.
152 21. 79.
153 22. 78.
154 22. 78.
155 22. 78.
156 23. 77.
157 22. 78.
158 22. 78.
159 22. 78.
160 21. 79.
161 21. 79.
162 21. 79.
163 21. 79.
164 21. 79.
165 21. 79.
166 21. 79.
167 22. 78.
168 23. 77.
169 23. 77.
170 22. 78.
171 22. 78.
172 22. 78.
173 22. 78.
174 22. 78.
175 22. 78.
176 22. 78.
177 22. 78.
178 22. 78.
179 22. 78.
180 22. 78.
181 22. 78.
182 22. 78.
183 22. 78.
184 22. 78.
185 22. 78.
186 22. 78.
187 22. 78.
188 22. 78.
189 22. 78.
190 22. 78.
191 22. 78.
192 22. 78.
193 22. 78.
194 22. 78.
195 22. 78.
196 22. 78.
197 23. 77.
198 23. 77.
199 23. 77.
200 23. 77.
201 23. 77.
202 24. 76.
203 25. 75.
204 24. 76.
205 24. 76.
206 24. 76.
207 24. 76.
208 25. 75.
209 25. 75.
210 25. 75.
211 25. 75.
212 24. 76.
213 24. 76.
214 24. 76.
215 24. 76.
216 24. 76.
217 24. 76.
218 24. 76.
219 24. 76.
220 24. 76.
221 24. 76.
222 24. 76.
223 24. 76.
224 24. 76.
225 23. 77.
226 23. 77.
227 24. 76.
228 24. 76.
229 24. 76.
230 24. 76.
231 24. 76.
232 24. 76.
233 24. 76.
234 24. 76.
235 24. 76.
236 23. 77.
237 23. 77.
238 24. 76.
239 25. 75.
240 26. 74.
241 26. 74.
242 26. 74.
243 27. 73.
244 27. 73.
245 27. 73.
246 27. 73.
247 27. 73.
248 27. 73.
249 27. 73.
250 26. 74.
251 26. 74.
252 26. 74.
253 26. 74.
254 26. 74.
255 26. 74.
256 26. 74.
257 26. 74.
258 26. 74.
259 25. 75.
260 25. 75.
261 25. 75.
262 25. 75.
263 25. 75.
264 25. 75.
265 24. 76.
266 24. 76.
267 23. 77.
268 24. 76.
269 24. 76.
270 24. 76.
271 24. 76.
272 24. 76.
273 24. 76.
274 24. 76.
275 24. 76.
276 24. 76.
277 25. 75.
278 25. 75.
279 25. 75.
280 25. 75.
281 25. 75.
282 25. 75.
283 24. 76.
284 24. 76.
285 24. 76.
286 24. 76.
287 24. 76.
288 24. 76.
289 24. 76.
290 24. 76.
291 24. 76.
292 24. 76.
293 24. 76.
294 24. 76.
295 24. 76.
296 24. 76.
297 24. 76.
298 24. 76.
299 24. 76.
300 23. 77.
301 23. 77.
302 23. 77.
303 23. 77.
304 23. 77.
305 23. 77.
306 23. 77.
307 23. 77.
308 23. 77.
309 23. 77.
310 23. 77.
311 23. 77.
312 23. 77.
313 23. 77.
314 23. 77.
315 23. 77.
316 22. 78.
317 22. 78.
318 22. 78.
319 22. 78.
320 22. 78.
321 22. 78.
322 22. 78.
323 21. 79.
324 21. 79.
325 22. 78.
326 22. 78.
327 22. 78.
328 22. 78.
329 21. 79.
330 21. 79.
331 22. 78.
332 22. 78.
333 22. 78.
334 23. 77.
335 23. 77.
336 23. 77.
337 23. 77.
338 23. 77.
339 23. 77.
340 22. 78.
341 22. 78.
342 22. 78.
343 22. 78.
344 22. 78.
345 22. 78.
346 22. 78.
347 22. 78.
348 22. 78.
349 22. 78.
350 22. 78.
351 21. 79.
352 22. 78.
353 22. 78.
354 22. 78.
355 22. 78.
356 22. 78.
357 22. 78.
358 22. 78.
359 22. 78.
360 22. 78.
361 22. 78.
362 22. 78.
363 22. 78.
364 22. 78.
365 23. 77.
366 23. 77.
367 23. 77.
368 23. 77.
369 23. 77.
370 23. 77.
371 23. 77.
372 23. 77.
373 23. 77.
374 23. 77.
375 24. 76.
376 24. 76.
377 24. 76.
378 24. 76.
379 24. 76.
380 24. 76.
381 24. 76.
382 24. 76.
383 24. 76.
384 24. 76.
385 24. 76.
386 24. 76.
387 24. 76.
388 24. 76.
389 24. 76.
390 24. 76.
391 25. 75.
392 25. 75.
393 25. 75.
394 25. 75.
395 25. 75.
396 25. 75.
397 25. 75.
398 25. 75.
399 25. 75.
400 25. 75.
401 25. 75.
402 25. 75.
403 25. 75.
404 24. 76.
405 24. 76.
406 25. 75.
407 25. 75.
408 25. 75.
409 25. 75.
410 25. 75.
411 25. 75.
412 25. 75.
413 25. 75.
414 26. 74.
415 26. 74.
416 26. 74.
417 26. 74.
418 26. 74.
419 26. 74.
420 26. 74.
421 26. 74.
422 26. 74.
423 26. 74.
424 26. 74.
425 26. 74.
426 25. 75.
427 25. 75.
428 25. 75.
429 25. 75.
430 25. 75.
431 25. 75.
432 25. 75.
433 25. 75.
434 25. 75.
435 25. 75.
436 25. 75.
437 25. 75.
438 25. 75.
439 25. 75.
440 25. 75.
441 25. 75.
442 25. 75.
443 25. 75.
444 25. 75.
445 25. 75.
446 24. 76.
447 24. 76.
448 24. 76.
449 24. 76.
450 24. 76.
451 23. 77.
452 22. 78.
453 22. 78.
454 22. 78.
455 22. 78.
456 22. 78.
457 22. 78.
458 21. 79.
459 21. 79.
460 20. 80.
461 21. 79.
462 21. 79.
463 21. 79.
464 21. 79.
465 21. 79.
466 21. 79.
467 21. 79.
468 20. 80.
469 20. 80.
470 20. 80.
471 20. 80.
472 20. 80.
473 20. 80.
474 21. 79.
475 20. 80.
476 19. 81.
477 19. 81.
478 19. 81.
479 19. 81.
480 19. 81.
481 20. 80.
482 20. 80.
483 20. 80.
484 20. 80.
485 19. 81.
486 20. 80.
487 20. 80.
488 20. 80.
489 20. 80.
490 20. 80.
491 20. 80.
492 20. 80.
493 19. 81.
494 19. 81.
495 19. 81.
496 19. 81.
497 19. 81.
498 19. 81.
499 19. 81.
500 19. 81.
501 19. 81.
502 18. 82.
503 18. 82.
504 18. 82.
505 18. 82.
506 18. 82.
507 18. 82.
508 18. 82.
509 18. 82.
510 18. 82.
511 18. 82.
512 17. 83.
513 17. 83.
514 17. 83.
515 16. 84.
516 16. 84.
517 16. 84.
518 16. 84.
519 16. 84.
520 16. 84.
521 16. 84.
522 15. 85.
523 15. 85.
524 15. 85.
525 15. 85.
526 16. 84.
527 16. 84.
528 16. 84.
529 16. 84.
530 16. 84.
531 16. 84.
532 16. 84.
533 16. 84.
534 16. 84.
535 16. 84.
536 16. 84.
537 17. 83.
538 17. 83.
539 16. 84.
540 17. 83.
541 16. 84.
542 17. 83.
543 16. 84.
544 16. 84.
545 16. 84.
546 16. 84.
547 16. 84.
548 16. 84.
549 16. 84.
550 16. 84.
551 16. 84.
552 16. 84.
553 16. 84.
554 16. 84.
555 16. 84.
556 16. 84.
557 16. 84.
558 16. 84.
559 16. 84.
560 16. 84.
561 16. 84.
562 17. 83.
563 17. 83.
564 17. 83.
565 17. 83.
566 17. 83.
567 17. 83.
568 17. 83.
569 17. 83.
570 17. 83.
571 17. 83.
572 17. 83.
573 17. 83.
574 18. 82.
575 18. 82.
576 18. 82.
577 18. 82.
578 18. 82.
579 18. 82.
580 18. 82.
581 18. 82.
582 18. 82.
583 18. 82.
584 18. 82.
585 18. 82.
586 18. 82.
587 18. 82.
588 18. 82.
589 19. 81.
590 19. 81.
591 19. 81.
592 19. 81.
593 19. 81.
594 18. 82.
595 18. 82.
596 18. 82.
597 18. 82.
598 17. 83.
599 18. 82.
600 18. 82.
601 18. 82.
602 18. 82.
603 18. 82.
604 18. 82.
605 17. 83.
606 16. 84.
607 16. 84.
608 16. 84.
609 16. 84.
610 16. 84.
611 16. 84.
612 16. 84.
613 16. 84.
614 16. 84.
615 16. 84.
616 16. 84.
617 16. 84.
618 16. 84.
619 17. 83.
620 17. 83.
621 17. 83.
622 17. 83.
623 17. 83.
624 17. 83.
625 17. 83.
626 18. 82.
627 18. 82.
628 18. 82.
629 18. 82.
630 18. 82.
631 18. 82.
632 18. 82.
633 18. 82.
634 18. 82.
635 18. 82.
636 18. 82.
637 18. 82.
638 18. 82.
639 18. 82.
640 18. 82.
641 18. 82.
642 19. 81.
643 19. 81.
644 19. 81.
645 18. 82.
646 19. 81.
647 19. 81.
648 19. 81.
649 19. 81.
650 19. 81.
651 19. 81.
652 19. 81.
653 18. 82.
654 18. 82.
655 18. 82.
656 18. 82.
657 18. 82.
658 18. 82.
659 18. 82.
660 18. 82.
661 19. 81.
662 19. 81.
663 19. 81.
664 19. 81.
665 19. 81.
666 19. 81.
667 19. 81.
668 19. 81.
669 19. 81.
670 19. 81.
671 19. 81.
672 19. 81.
673 20. 80.
674 20. 80.
675 21. 79.
676 21. 79.
677 21. 79.
678 21. 79.
679 21. 79.
680 21. 79.
681 21. 79.
682 21. 79.
683 21. 79.
684 21. 79.
685 21. 79.
686 21. 79.
687 21. 79.
688 21. 79.
689 21. 79.
690 21. 79.
691 21. 79.
692 21. 79.
693 21. 79.
694 21. 79.
695 21. 79.
696 21. 79.
697 21. 79.
698 21. 79.
699 21. 79.
700 22. 78.
701 23. 77.
702 22. 78.
703 22. 78.
704 22. 78.
705 22. 78.
706 22. 78.
707 22. 78.
708 22. 78.
709 22. 78.
710 22. 78.
711 22. 78.
712 21. 79.
713 21. 79.
714 21. 79.
715 21. 79.
716 22. 78.
717 22. 78.
718 22. 78.
719 21. 79.
720 21. 79.
721 21. 79.
722 21. 79.
723 21. 79.
724 21. 79.
725 21. 79.
726 21. 79.
727 21. 79.
728 21. 79.
729 20. 80.
730 20. 80.
731 20. 80.
732 20. 80.
733 20. 80.
734 20. 80.
735 20. 80.
736 19. 81.
737 18. 82.
738 17. 83.
739 17. 83.
740 17. 83.
741 17. 83.
742 16. 84.
743 16. 84.
744 16. 84.
745 16. 84.
746 16. 84.
747 16. 84.
748 16. 84.
749 16. 84.
750 16. 84.
751 16. 84.
752 16. 84.
753 16. 84.
754 15. 85.
755 15. 85.
756 15. 85.
757 15. 85.
758 15. 85.
759 16. 84.
760 16. 84.
761 16. 84.
762 16. 84.
763 16. 84.
764 16. 84.
765 16. 84.
766 16. 84.
767 16. 84.
768 16. 84.
769 16. 84.
770 16. 84.
771 16. 84.
772 16. 84.
773 15. 85.
774 15. 85.
775 15. 85.
776 15. 85.
777 15. 85.
778 15. 85.
779 15. 85.
780 15. 85.
781 15. 85.
782 15. 85.
783 15. 85.
784 14. 86.
785 14. 86.
786 14. 86.
787 14. 86.
788 14. 86.
789 14. 86.
790 14. 86.
791 14. 86.
792 14. 86.
793 14. 86.
794 14. 86.
795 15. 85.
796 15. 85.
797 15. 85.
798 15. 85.
799 15. 85.
800 15. 85.
801 14. 86.
802 14. 86.
803 14. 86.
804 14. 86.
805 14. 86.
806 14. 86.
807 14. 86.
808 14. 86.
809 14. 86.
810 14. 86.
811 14. 86.
812 14. 86.
813 14. 86.
814 14. 86.
815 14. 86.
816 14. 86.
817 14. 86.
818 14. 86.
819 13. 87.
820 13. 87.
821 13. 87.
822 13. 87.
823 13. 87.
824 13. 87.
825 14. 86.
826 14. 86.
827 14. 86.
828 14. 86.
829 14. 86.
830 13. 87.
831 13. 87.
832 13. 87.
833 13. 87.
834 13. 87.
835 13. 87.
836 13. 87.
837 12. 88.
838 12. 88.
839 12. 88.
840 12. 88.
841 12. 88.
842 12. 88.
843 12. 88.
844 12. 88.
845 12. 88.
846 12. 88.
847 12. 88.
848 11. 89.
849 10. 90.
850 9. 91.
851 9. 91.
852 9. 91.
853 9. 91.
854 9. 91.
855 10. 90.
856 10. 90.
857 10. 90.
858 11. 89.
859 11. 89.
860 11. 89.
861 11. 89.
862 12. 88.
863 12. 88.
864 12. 88.
865 12. 88.
866 12. 88.
867 12. 88.
868 12. 88.
869 12. 88.
870 12. 88.
871 12. 88.
872 12. 88.
873 12. 88.
874 12. 88.
875 12. 88.
876 11. 89.
877 11. 89.
878 11. 89.
879 11. 89.
880 11. 89.
881 11. 89.
882 11. 89.
883 11. 89.
884 11. 89.
885 11. 89.
886 12. 88.
887 12. 88.
888 12. 88.
889 12. 88.
890 12. 88.
891 12. 88.
892 12. 88.
893 12. 88.
894 12. 88.
895 12. 88.
896 12. 88.
897 12. 88.
898 11. 89.
899 11. 89.
900 11. 89.
901 11. 89.
902 11. 89.
903 11. 89.
904 11. 89.
905 11. 89.
906 11. 89.
907 11. 89.
908 11. 89.
909 11. 89.
910 11. 89.
911 11. 89.
912 11. 89.
913 10. 90.
914 10. 90.
915 10. 90.
916 10. 90.
917 10. 90.
918 10. 90.
919 10. 90.
920 10. 90.
921 10. 90.
922 10. 90.
923 11. 89.
924 11. 89.
925 11. 89.
926 11. 89.
927 11. 89.
928 11. 89.
929 11. 89.
930 11. 89.
931 11. 89.
932 11. 89.
933 10. 90.
934 10. 90.
935 10. 90.
936 10. 90.
937 10. 90.
938 10. 90.
939 10. 90.
940 10. 90.
941 10. 90.
942 10. 90.
943 10. 90.
944 11. 89.
945 11. 89.
946 11. 89.
947 11. 89.
948 11. 89.
949 11. 89.
950 11. 89.
951 12. 88.
952 12. 88.
953 12. 88.
954 12. 88.
955 12. 88.
956 12. 88.
957 12. 88.
958 12. 88.
959 12. 88.
960 12. 88.
961 12. 88.
962 12. 88.
963 12. 88.
964 12. 88.
965 12. 88.
966 12. 88.
967 12. 88.
968 12. 88.
969 12. 88.
970 12. 88.
971 12. 88.
972 12. 88.
973 12. 88.
974 12. 88.
975 12. 88.
976 13. 87.
977 13. 87.
978 13. 87.
979 12. 88.
980 12. 88.
981 12. 88.
982 12. 88.
983 12. 88.
984 11. 89.
985 11. 89.
986 11. 89.
987 10. 90.
988 10. 90.
989 9. 91.
990 9. 91.
991 9. 91.
992 9. 91.
993 9. 91.
994 9. 91.
995 9. 91.
996 9. 91.
997 9. 91.
998 9. 91.
999 9. 91.
1000 9. 91.
1001 9. 91.
1002 9. 91.
1003 9. 91.
1004 9. 91.
1005 9. 91.
1006 9. 91.
1007 9. 91.
1008 9. 91.
1009 9. 91.
1010 8. 92.
1011 7. 93.
1012 7. 93.
1013 7. 93.
1014 7. 93.
1015 7. 93.
1016 6. 94.
1017 6. 94.
1018 6. 94.
1019 6. 94.
1020 6. 94.
1021 6. 94.
1022 6. 94.
1023 6. 94.
1024 6. 94.
1025 6. 94.
1026 6. 94.
1027 6. 94.
1028 6. 94.
1029 6. 94.
1030 6. 94.
1031 6. 94.
1032 6. 94.
1033 6. 94.
1034 6. 94.
1035 6. 94.
1036 6. 94.
1037 6. 94.
1038 6. 94.
1039 6. 94.
1040 7. 93.
1041 7. 93.
1042 7. 93.
1043 7. 93.
1044 7. 93.
1045 7. 93.
1046 7. 93.
1047 6. 94.
1048 6. 94.
1049 6. 94.
1050 6. 94.
1051 6. 94.
1052 6. 94.
1053 6. 94.
1054 7. 93.
1055 7. 93.
1056 7. 93.
1057 7. 93.
1058 7. 93.
1059 7. 93.
1060 7. 93.
1061 6. 94.
1062 6. 94.
1063 6. 94.
1064 6. 94.
1065 6. 94.
1066 6. 94.
1067 6. 94.
1068 6. 94.
1069 6. 94.
1070 6. 94.
1071 6. 94.
1072 6. 94.
1073 6. 94.
1074 6. 94.
1075 6. 94.
1076 6. 94.
1077 6. 94.
1078 7. 93.
1079 7. 93.
1080 7. 93.
1081 7. 93.
1082 8. 92.
1083 8. 92.
1084 8. 92.
1085 8. 92.
1086 8. 92.
1087 8. 92.
1088 8. 92.
1089 8. 92.
1090 8. 92.
1091 8. 92.
1092 8. 92.
1093 8. 92.
1094 8. 92.
1095 8. 92.
1096 8. 92.
1097 8. 92.
1098 8. 92.
1099 8. 92.
1100 8. 92.
1101 8. 92.
1102 8. 92.
1103 8. 92.
1104 8. 92.
1105 8. 92.
1106 9. 91.
1107 9. 91.
1108 9. 91.
1109 9. 91.
1110 9. 91.
1111 9. 91.
1112 9. 91.
1113 9. 91.
1114 9. 91.
1115 10. 90.
1116 10. 90.
1117 10. 90.
1118 10. 90.
1119 10. 90.
1120 10. 90.
1121 10. 90.
1122 10. 90.
1123 10. 90.
1124 10. 90.
1125 10. 90.
1126 10. 90.
1127 10. 90.
1128 11. 89.
1129 11. 89.
1130 10. 90.
1131 10. 90.
1132 10. 90.
1133 10. 90.
1134 10. 90.
1135 10. 90.
1136 10. 90.
1137 9. 91.
1138 9. 91.
1139 9. 91.
1140 9. 91.
1141 9. 91.
1142 9. 91.
1143 9. 91.
1144 9. 91.
1145 9. 91.
1146 9. 91.
1147 9. 91.
1148 9. 91.
1149 10. 90.
1150 10. 90.
1151 10. 90.
1152 10. 90.
1153 10. 90.
1154 10. 90.
1155 10. 90.
1156 11. 89.
1157 10. 90.
1158 10. 90.
1159 10. 90.
1160 10. 90.
1161 10. 90.
1162 10. 90.
1163 10. 90.
1164 10. 90.
1165 10. 90.
1166 10. 90.
1167 10. 90.
1168 10. 90.
1169 10. 90.
1170 10. 90.
1171 10. 90.
1172 10. 90.
1173 10. 90.
1174 10. 90.
1175 10. 90.
1176 10. 90.
1177 10. 90.
1178 10. 90.
1179 10. 90.
1180 10. 90.
1181 10. 90.
1182 10. 90.
1183 11. 89.
1184 11. 89.
1185 11. 89.
1186 11. 89.
1187 11. 89.
1188 11. 89.
1189 12. 88.
1190 12. 88.
1191 12. 88.
1192 12. 88.
1193 12. 88.
1194 11. 89.
1195 11. 89.
1196 11. 89.
1197 11. 89.
1198 11. 89.
1199 11. 89.
1200 11. 89.
1201 11. 89.
1202 11. 89.
1203 11. 89.
1204 11. 89.
1205 11. 89.
1206 11. 89.
1207 11. 89.
1208 11. 89.
1209 11. 89.
1210 11. 89.
1211 11. 89.
1212 11. 89.
1213 11. 89.
1214 11. 89.
1215 11. 89.
1216 11. 89.
1217 12. 88.
1218 12. 88.
1219 12. 88.
1220 12. 88.
1221 12. 88.
1222 12. 88.
1223 12. 88.
1224 12. 88.
1225 12. 88.
1226 12. 88.
1227 12. 88.
1228 12. 88.
1229 12. 88.
1230 12. 88.
1231 12. 88.
1232 12. 88.
1233 12. 88.
1234 12. 88.
1235 12. 88.
1236 12. 88.
1237 12. 88.
1238 12. 88.
1239 12. 88.
1240 12. 88.
1241 12. 88.
1242 12. 88.
1243 12. 88.
1244 12. 88.
1245 12. 88.
1246 12. 88.
1247 12. 88.
1248 12. 88.
1249 12. 88.
1250 12. 88.
1251 12. 88.
1252 12. 88.
1253 12. 88.
1254 12. 88.
1255 13. 87.
1256 13. 87.
1257 13. 87.
1258 13. 87.
1259 13. 87.
1260 14. 86.
1261 14. 86.
1262 14. 86.
1263 14. 86.
1264 14. 86.
1265 14. 86.
1266 14. 86.
1267 14. 86.
1268 15. 85.
1269 15. 85.
1270 15. 85.
1271 15. 85.
1272 15. 85.
1273 15. 85.
1274 15. 85.
1275 15. 85.
1276 15. 85.
1277 15. 85.
1278 15. 85.
1279 15. 85.
1280 15. 85.
1281 15. 85.
1282 15. 85.
1283 15. 85.
1284 15. 85.
1285 15. 85.
1286 15. 85.
1287 15. 85.
1288 15. 85.
1289 15. 85.
1290 16. 84.
1291 16. 84.
1292 15. 85.
1293 15. 85.
1294 15. 85.
1295 15. 85.
1296 15. 85.
1297 15. 85.
1298 15. 85.
1299 15. 85.
1300 15. 85.
1301 15. 85.
1302 15. 85.
1303 15. 85.
1304 15. 85.
1305 16. 84.
1306 16. 84.
1307 16. 84.
1308 15. 85.
1309 16. 84.
1310 16. 84.
1311 16. 84.
1312 16. 84.
1313 16. 84.
1314 15. 85.
1315 15. 85.
1316 15. 85.
1317 15. 85.
1318 15. 85.
1319 15. 85.
1320 15. 85.
1321 15. 85.
1322 14. 86.
1323 14. 86.
1324 14. 86.
1325 14. 86.
1326 15. 85.
1327 15. 85.
1328 15. 85.
1329 15. 85.
1330 15. 85.
1331 15. 85.
1332 15. 85.
1333 15. 85.
1334 15. 85.
1335 15. 85.
1336 15. 85.
1337 15. 85.
1338 15. 85.
1339 15. 85.
1340 15. 85.
1341 15. 85.
1342 14. 86.
1343 15. 85.
1344 15. 85.
1345 15. 85.
1346 15. 85.
1347 15. 85.
1348 15. 85.
1349 15. 85.
1350 15. 85.
1351 15. 85.
1352 15. 85.
1353 15. 85.
1354 15. 85.
1355 16. 84.
1356 17. 83.
1357 17. 83.
1358 17. 83.
1359 17. 83.
1360 17. 83.
1361 17. 83.
1362 18. 82.
1363 18. 82.
1364 18. 82.
1365 18. 82.
1366 19. 81.
1367 19. 81.
1368 19. 81.
1369 19. 81.
1370 19. 81.
1371 19. 81.
1372 19. 81.
1373 19. 81.
1374 19. 81.
1375 18. 82.
1376 18. 82.
1377 17. 83.
1378 17. 83.
1379 17. 83.
1380 17. 83.
1381 17. 83.
1382 16. 84.
1383 16. 84.
1384 16. 84.
1385 16. 84.
1386 16. 84.
1387 16. 84.
1388 17. 83.
1389 17. 83.
1390 17. 83.
1391 17. 83.
1392 17. 83.
1393 16. 84.
1394 16. 84.
1395 15. 85.
1396 16. 84.
1397 16. 84.
1398 15. 85.
1399 15. 85.
1400 16. 84.
1401 16. 84.
1402 16. 84.
1403 16. 84.
1404 16. 84.
1405 16. 84.
1406 16. 84.
1407 16. 84.
1408 16. 84.
1409 16. 84.
1410 16. 84.
1411 16. 84.
1412 17. 83.
1413 17. 83.
1414 17. 83.
1415 17. 83.
1416 17. 83.
1417 17. 83.
1418 17. 83.
1419 17. 83.
1420 17. 83.
1421 17. 83.
1422 17. 83.
1423 17. 83.
1424 17. 83.
1425 16. 84.
1426 15. 85.
1427 15. 85.
1428 15. 85.
1429 15. 85.
1430 16. 84.
1431 16. 84.
1432 16. 84.
1433 16. 84.
1434 16. 84.
1435 16. 84.
1436 16. 84.
1437 16. 84.
1438 16. 84.
1439 16. 84.
1440 16. 84.
1441 16. 84.
1442 16. 84.
1443 17. 83.
1444 17. 83.
1445 17. 83.
1446 18. 82.
1447 18. 82.
1448 18. 82.
1449 18. 82.
1450 18. 82.
1451 18. 82.
1452 18. 82.
1453 18. 82.
1454 17. 83.
1455 18. 82.
1456 19. 81.
1457 19. 81.
1458 19. 81.
1459 19. 81.
1460 19. 81.
1461 19. 81.
1462 19. 81.
1463 19. 81.
1464 19. 81.
1465 19. 81.
1466 19. 81.
1467 19. 81.
1468 19. 81.
1469 19. 81.
1470 19. 81.
1471 19. 81.
1472 19. 81.
1473 19. 81.
1474 18. 82.
1475 18. 82.
1476 18. 82.
1477 18. 82.
1478 18. 82.
1479 18. 82.
1480 18. 82.
1481 18. 82.
1482 18. 82.
1483 18. 82.
1484 18. 82.
1485 18. 82.
1486 18. 82.
1487 18. 82.
1488 17. 83.
1489 17. 83.
1490 17. 83.
1491 17. 83.
1492 17. 83.
1493 17. 83.
1494 17. 83.
1495 17. 83.
1496 17. 83.
1497 16. 84.
1498 16. 84.
1499 16. 84.
1500 17. 83.
1501 17. 83.
1502 17. 83.
1503 17. 83.
1504 17. 83.
1505 17. 83.
1506 17. 83.
1507 17. 83.
1508 17. 83.
1509 17. 83.
1510 18. 82.
1511 18. 82.
1512 18. 82.
1513 18. 82.
1514 19. 81.
1515 19. 81.
1516 19. 81.
1517 19. 81.
1518 19. 81.
1519 19. 81.
1520 19. 81.
1521 19. 81.
1522 20. 80.
1523 20. 80.
1524 20. 80.
1525 20. 80.
1526 20. 80.
1527 20. 80.
1528 20. 80.
1529 20. 80.
1530 20. 80.
1531 20. 80.
1532 20. 80.
1533 20. 80.
1534 20. 80.
1535 20. 80.
1536 20. 80.
1537 20. 80.
1538 20. 80.
1539 20. 80.
1540 20. 80.
1541 19. 81.
1542 19. 81.
1543 19. 81.
1544 19. 81.
1545 19. 81.
1546 20. 80.
1547 20. 80.
1548 20. 80.
1549 20. 80.
1550 20. 80.
1551 20. 80.
1552 20. 80.
1553 20. 80.
1554 20. 80.
1555 20. 80.
1556 20. 80.
1557 20. 80.
1558 20. 80.
1559 20. 80.
1560 20. 80.
1561 19. 81.
1562 19. 81.
1563 19. 81.
1564 19. 81.
1565 19. 81.
1566 19. 81.
1567 19. 81.
1568 19. 81.
1569 20. 80.
1570 20. 80.
1571 19. 81.
1572 19. 81.
1573 18. 82.
1574 18. 82.
1575 18. 82.
1576 18. 82.
1577 18. 82.
1578 18. 82.
1579 18. 82.
1580 18. 82.
1581 18. 82.
1582 18. 82.
1583 18. 82.
1584 18. 82.
1585 18. 82.
1586 18. 82.
1587 18. 82.
1588 18. 82.
1589 19. 81.
1590 19. 81.
1591 19. 81.
1592 19. 81.
1593 19. 81.
1594 19. 81.
1595 19. 81.
1596 20. 80.
1597 20. 80.
1598 19. 81.
1599 19. 81.
1600 19. 81.
1601 19. 81.
1602 19. 81.
1603 19. 81.
1604 19. 81.
1605 19. 81.
1606 19. 81.
1607 19. 81.
1608 19. 81.
1609 19. 81.
1610 19. 81.
1611 18. 82.
1612 18. 82.
1613 18. 82.
1614 18. 82.
1615 18. 82.
1616 18. 82.
1617 18. 82.
1618 18. 82.
1619 18. 82.
1620 18. 82.
1621 19. 81.
1622 19. 81.
1623 19. 81.
1624 19. 81.
1625 18. 82.
1626 18. 82.
1627 18. 82.
1628 18. 82.
1629 18. 82.
1630 18. 82.
1631 19. 81.
1632 19. 81.
1633 19. 81.
1634 19. 81.
1635 19. 81.
1636 19. 81.
1637 19. 81.
1638 19. 81.
1639 19. 81.
1640 18. 82.
1641 18. 82.
1642 18. 82.
1643 18. 82.
1644 17. 83.
1645 17. 83.
1646 17. 83.
1647 17. 83.
1648 17. 83.
1649 17. 83.
1650 17. 83.
1651 17. 83.
1652 17. 83.
1653 17. 83.
1654 17. 83.
1655 17. 83.
1656 17. 83.
1657 18. 82.
1658 18. 82.
1659 18. 82.
1660 18. 82.
1661 18. 82.
1662 18. 82.
1663 19. 81.
1664 19. 81.
1665 19. 81.
1666 19. 81.
1667 19. 81.
1668 19. 81.
1669 18. 82.
1670 17. 83.
1671 17. 83.
1672 17. 83.
1673 17. 83.
1674 17. 83.
1675 17. 83.
1676 18. 82.
1677 18. 82.
1678 18. 82.
1679 18. 82.
1680 18. 82.
1681 18. 82.
1682 18. 82.
1683 18. 82.
1684 18. 82.
1685 18. 82.
1686 17. 83.
1687 16. 84.
1688 17. 83.
1689 17. 83.
1690 17. 83.
1691 17. 83.
1692 17. 83.
1693 17. 83.
1694 17. 83.
1695 17. 83.
1696 17. 83.
1697 17. 83.
1698 17. 83.
1699 17. 83.
1700 17. 83.
1701 17. 83.
1702 17. 83.
1703 17. 83.
1704 17. 83.
1705 17. 83.
1706 17. 83.
1707 17. 83.
1708 17. 83.
1709 18. 82.
1710 18. 82.
1711 18. 82.
1712 18. 82.
1713 19. 81.
1714 18. 82.
1715 18. 82.
1716 18. 82.
1717 19. 81.
1718 19. 81.
1719 19. 81.
1720 19. 81.
1721 19. 81.
1722 19. 81.
1723 19. 81.
1724 19. 81.
1725 19. 81.
1726 19. 81.
1727 20. 80.
1728 20. 80.
1729 20. 80.
1730 20. 80.
1731 20. 80.
1732 20. 80.
1733 20. 80.
1734 20. 80.
1735 20. 80.
1736 20. 80.
1737 20. 80.
1738 20. 80.
1739 19. 81.
1740 19. 81.
1741 19. 81.
1742 19. 81.
1743 20. 80.
1744 20. 80.
1745 19. 81.
1746 19. 81.
1747 19. 81.
1748 19. 81.
1749 19. 81.
1750 18. 82.
1751 18. 82.
1752 18. 82.
1753 18. 82.
1754 18. 82.
1755 18. 82.
1756 18. 82.
1757 18. 82.
1758 18. 82.
1759 18. 82.
1760 18. 82.
1761 18. 82.
1762 18. 82.
1763 18. 82.
1764 18. 82.
1765 18. 82.
1766 17. 83.
1767 17. 83.
1768 17. 83.
1769 16. 84.
1770 16. 84.
1771 16. 84.
1772 17. 83.
1773 17. 83.
1774 17. 83.
1775 16. 84.
1776 16. 84.
1777 16. 84.
1778 16. 84.
1779 16. 84.
1780 16. 84.
1781 16. 84.
1782 16. 84.
1783 17. 83.
1784 17. 83.
1785 17. 83.
1786 16. 84.
1787 16. 84.
1788 16. 84.
1789 16. 84.
1790 16. 84.
1791 16. 84.
1792 17. 83.
1793 17. 83.
1794 17. 83.
1795 17. 83.
1796 17. 83.
1797 17. 83.
1798 16. 84.
1799 16. 84.
1800 16. 84.
1801 16. 84.
1802 16. 84.
1803 16. 84.
1804 17. 83.
1805 17. 83.
1806 17. 83.
1807 16. 84.
1808 15. 85.
1809 16. 84.
1810 16. 84.
1811 16. 84.
1812 16. 84.
1813 16. 84.
1814 16. 84.
1815 16. 84.
1816 17. 83.
1817 17. 83.
1818 17. 83.
1819 17. 83.
1820 17. 83.
1821 17. 83.
1822 17. 83.
1823 17. 83.
1824 18. 82.
1825 18. 82.
1826 18. 82.
1827 18. 82.
1828 18. 82.
1829 18. 82.
1830 18. 82.
1831 19. 81.
1832 19. 81.
1833 19. 81.
1834 19. 81.
1835 19. 81.
1836 19. 81.
1837 19. 81.
1838 19. 81.
1839 18. 82.
1840 18. 82.
1841 18. 82.
1842 18. 82.
1843 18. 82.
1844 18. 82.
1845 18. 82.
1846 19. 81.
1847 19. 81.
1848 18. 82.
1849 18. 82.
1850 18. 82.
1851 18. 82.
1852 18. 82.
1853 18. 82.
1854 17. 83.
1855 17. 83.
1856 17. 83.
1857 17. 83.
1858 17. 83.
1859 17. 83.
1860 17. 83.
1861 17. 83.
1862 17. 83.
1863 17. 83.
1864 17. 83.
1865 17. 83.
1866 16. 84.
1867 16. 84.
1868 16. 84.
1869 16. 84.
1870 16. 84.
1871 15. 85.
1872 14. 86.
1873 14. 86.
1874 14. 86.
1875 14. 86.
1876 14. 86.
1877 14. 86.
1878 14. 86.
1879 14. 86.
1880 14. 86.
1881 14. 86.
1882 14. 86.
1883 13. 87.
1884 13. 87.
1885 13. 87.
1886 13. 87.
1887 13. 87.
1888 13. 87.
1889 13. 87.
1890 13. 87.
1891 13. 87.
1892 12. 88.
1893 12. 88.
1894 12. 88.
1895 12. 88.
1896 13. 87.
1897 13. 87.
1898 13. 87.
1899 13. 87.
1900 13. 87.
1901 13. 87.
1902 13. 87.
1903 13. 87.
1904 13. 87.
1905 13. 87.
1906 13. 87.
1907 13. 87.
1908 13. 87.
1909 13. 87.
1910 13. 87.
1911 12. 88.
1912 12. 88.
1913 12. 88.
1914 12. 88.
1915 12. 88.
1916 12. 88.
1917 12. 88.
1918 11. 89.
1919 11. 89.
1920 11. 89.
1921 11. 89.
1922 10. 90.
1923 10. 90.
1924 10. 90.
1925 10. 90.
1926 10. 90.
1927 10. 90.
1928 10. 90.
1929 11. 89.
1930 11. 89.
1931 11. 89.
1932 11. 89.
1933 11. 89.
1934 11. 89.
1935 11. 89.
1936 11. 89.
1937 10. 90.
1938 10. 90.
1939 10. 90.
1940 10. 90.
1941 10. 90.
1942 10. 90.
1943 10. 90.
1944 10. 90.
1945 10. 90.
1946 10. 90.
1947 10. 90.
1948 10. 90.
1949 10. 90.
1950 10. 90.
1951 10. 90.
1952 10. 90.
1953 10. 90.
1954 10. 90.
1955 10. 90.
1956 11. 89.
1957 11. 89.
1958 12. 88.
1959 12. 88.
1960 12. 88.
1961 12. 88.
1962 12. 88.
1963 11. 89.
1964 11. 89.
1965 11. 89.
1966 11. 89.
1967 11. 89.
1968 12. 88.
1969 12. 88.
1970 12. 88.
1971 12. 88.
1972 12. 88.
1973 12. 88.
1974 12. 88.
1975 12. 88.
1976 12. 88.
1977 12. 88.
1978 12. 88.
1979 12. 88.
1980 11. 89.
1981 12. 88.
1982 12. 88.
1983 12. 88.
1984 12. 88.
1985 12. 88.
1986 12. 88.
1987 12. 88.
1988 13. 87.
1989 13. 87.
1990 13. 87.
1991 13. 87.
1992 13. 87.
1993 13. 87.
1994 13. 87.
1995 13. 87.
1996 13. 87.
1997 14. 86.
1998 14. 86.
1999 14. 86.
2000 14. 86.
2001 14. 86.
2002 15. 85.
2003 15. 85.
2004 15. 85.
2005 15. 85.
2006 15. 85.
2007 15. 85.
2008 15. 85.
2009 15. 85.
2010 15. 85.
2011 15. 85.
2012 15. 85.
2013 15. 85.
2014 15. 85.
2015 15. 85.
2016 15. 85.
2017 15. 85.
2018 14. 86.
2019 14. 86.
2020 14. 86.
2021 14. 86.
2022 14. 86.
2023 15. 85.
2024 15. 85.
2025 15. 85.
2026 15. 85.
2027 15. 85.
2028 15. 85.
2029 15. 85.
2030 15. 85.
2031 16. 84.
2032 16. 84.
2033 16. 84.
2034 16. 84.
2035 16. 84.
2036 16. 84.
2037 16. 84.
2038 15. 85.
2039 15. 85.
2040 16. 84.
2041 16. 84.
2042 16. 84.
2043 15. 85.
2044 15. 85.
2045 15. 85.
2046 15. 85.
2047 14. 86.
2048 14. 86.
2049 14. 86.
2050 14. 86.
2051 14. 86.
2052 14. 86.
2053 14. 86.
2054 14. 86.
2055 15. 85.
2056 15. 85.
2057 15. 85.
2058 15. 85.
2059 15. 85.
2060 15. 85.
2061 16. 84.
2062 16. 84.
2063 16. 84.
2064 16. 84.
2065 17. 83.
2066 16. 84.
2067 16. 84.
2068 16. 84.
2069 17. 83.
2070 17. 83.
2071 17. 83.
2072 17. 83.
2073 17. 83.
2074 17. 83.
2075 16. 84.
2076 16. 84.
2077 16. 84.
2078 16. 84.
2079 16. 84.
2080 16. 84.
2081 15. 85.
2082 15. 85.
2083 15. 85.
2084 15. 85.
2085 15. 85.
2086 15. 85.
2087 15. 85.
2088 15. 85.
2089 15. 85.
2090 15. 85.
2091 14. 86.
2092 14. 86.
2093 14. 86.
2094 14. 86.
2095 14. 86.
2096 14. 86.
2097 14. 86.
2098 14. 86.
2099 14. 86.
2100 14. 86.
2101 14. 86.
2102 14. 86.
2103 14. 86.
2104 14. 86.
2105 14. 86.
2106 14. 86.
2107 14. 86.
2108 14. 86.
2109 14. 86.
2110 14. 86.
2111 14. 86.
2112 14. 86.
2113 14. 86.
2114 14. 86.
2115 14. 86.
2116 14. 86.
2117 15. 85.
2118 15. 85.
2119 15. 85.
2120 15. 85.
2121 15. 85.
2122 15. 85.
2123 15. 85.
2124 15. 85.
2125 15. 85.
2126 15. 85.
2127 15. 85.
2128 15. 85.
2129 15. 85.
2130 16. 84.
2131 16. 84.
2132 16. 84.
2133 16. 84.
2134 16. 84.
2135 16. 84.
2136 16. 84.
2137 16. 84.
2138 16. 84.
2139 16. 84.
2140 15. 85.
2141 15. 85.
2142 16. 84.
2143 16. 84.
2144 17. 83.
2145 17. 83.
2146 16. 84.
2147 15. 85.
2148 15. 85.
2149 15. 85.
2150 15. 85.
2151 15. 85.
2152 15. 85.
2153 16. 84.
2154 16. 84.
2155 17. 83.
2156 17. 83.
2157 17. 83.
2158 17. 83.
2159 17. 83.
2160 17. 83.
2161 16. 84.
2162 16. 84.
2163 16. 84.
2164 16. 84.
2165 15. 85.
2166 15. 85.
2167 15. 85.
2168 15. 85.
2169 15. 85.
2170 15. 85.
2171 14. 86.
2172 14. 86.
2173 14. 86.
2174 14. 86.
2175 14. 86.
2176 14. 86.
2177 14. 86.
2178 14. 86.
2179 14. 86.
2180 14. 86.
2181 14. 86.
2182 14. 86.
2183 14. 86.
2184 14. 86.
2185 14. 86.
2186 14. 86.
2187 14. 86.
2188 14. 86.
2189 14. 86.
2190 14. 86.
2191 14. 86.
2192 14. 86.
2193 14. 86.
2194 14. 86.
2195 14. 86.
2196 14. 86.
2197 14. 86.
2198 14. 86.
2199 14. 86.
2200 14. 86.
2201 14. 86.
2202 13. 87.
2203 13. 87.
2204 13. 87.
2205 13. 87.
2206 13. 87.
2207 13. 87.
2208 13. 87.
2209 13. 87.
2210 13. 87.
2211 13. 87.
2212 13. 87.
2213 13. 87.
2214 13. 87.
2215 13. 87.
2216 13. 87.
2217 13. 87.
2218 14. 86.
2219 13. 87.
2220 13. 87.
2221 13. 87.
2222 13. 87.
2223 13. 87.
2224 13. 87.
2225 13. 87.
2226 13. 87.
2227 13. 87.
2228 13. 87.
2229 13. 87.
2230 13. 87.
2231 13. 87.
2232 13. 87.
2233 13. 87.
2234 13. 87.
2235 13. 87.
2236 13. 87.
2237 14. 86.
2238 14. 86.
2239 15. 85.
2240 15. 85.
2241 15. 85.
2242 15. 85.
2243 15. 85.
2244 15. 85.
2245 15. 85.
2246 15. 85.
2247 15. 85.
2248 15. 85.
2249 15. 85.
2250 15. 85.
2251 15. 85.
2252 15. 85.
2253 15. 85.
2254 15. 85.
2255 15. 85.
2256 15. 85.
2257 15. 85.
2258 15. 85.
2259 16. 84.
2260 16. 84.
2261 15. 85.
2262 15. 85.
2263 15. 85.
2264 15. 85.
2265 15. 85.
2266 15. 85.
2267 15. 85.
2268 15. 85.
2269 15. 85.
2270 15. 85.
2271 15. 85.
2272 14. 86.
2273 14. 86.
2274 14. 86.
2275 14. 86.
2276 14. 86.
2277 14. 86.
2278 14. 86.
2279 14. 86.
2280 14. 86.
2281 14. 86.
2282 14. 86.
2283 14. 86.
2284 13. 87.
2285 13. 87.
2286 13. 87.
2287 13. 87.
2288 13. 87.
2289 13. 87.
2290 14. 86.
2291 14. 86.
2292 13. 87.
2293 13. 87.
2294 13. 87.
2295 13. 87.
2296 13. 87.
2297 13. 87.
2298 13. 87.
2299 13. 87.
2300 13. 87.
2301 12. 88.
2302 12. 88.
2303 12. 88.
2304 12. 88.
2305 12. 88.
2306 12. 88.
2307 13. 87.
2308 13. 87.
2309 13. 87.
2310 13. 87.
2311 13. 87.
2312 13. 87.
2313 13. 87.
2314 13. 87.
2315 13. 87.
2316 13. 87.
2317 13. 87.
2318 13. 87.
2319 13. 87.
2320 13. 87.
2321 13. 87.
2322 13. 87.
2323 13. 87.
2324 13. 87.
2325 13. 87.
2326 13. 87.
2327 13. 87.
2328 13. 87.
2329 13. 87.
2330 13. 87.
2331 13. 87.
2332 13. 87.
2333 13. 87.
2334 13. 87.
2335 12. 88.
2336 12. 88.
2337 12. 88.
2338 12. 88.
2339 12. 88.
2340 12. 88.
2341 12. 88.
2342 12. 88.
2343 12. 88.
2344 12. 88.
2345 12. 88.
2346 12. 88.
2347 12. 88.
2348 13. 87.
2349 14. 86.
2350 13. 87.
2351 13. 87.
2352 13. 87.
2353 13. 87.
2354 13. 87.
2355 13. 87.
2356 13. 87.
2357 14. 86.
2358 14. 86.
2359 14. 86.
2360 14. 86.
2361 14. 86.
2362 14. 86.
2363 14. 86.
2364 14. 86.
2365 14. 86.
2366 14. 86.
2367 14. 86.
2368 14. 86.
2369 14. 86.
2370 14. 86.
2371 15. 85.
2372 15. 85.
2373 15. 85.
2374 15. 85.
2375 15. 85.
2376 15. 85.
2377 15. 85.
2378 15. 85.
2379 14. 86.
2380 14. 86.
2381 14. 86.
2382 14. 86.
2383 14. 86.
2384 14. 86.
2385 14. 86.
2386 14. 86.
2387 14. 86.
2388 13. 87.
2389 13. 87.
2390 13. 87.
2391 12. 88.
2392 12. 88.
2393 12. 88.
2394 12. 88.
2395 12. 88.
2396 12. 88.
2397 12. 88.
2398 12. 88.
2399 12. 88.
2400 12. 88.
2401 12. 88.
2402 12. 88.
2403 12. 88.
2404 11. 89.
2405 11. 89.
2406 11. 89.
2407 11. 89.
2408 11. 89.
2409 10. 90.
2410 11. 89.
2411 11. 89.
2412 12. 88.
2413 12. 88.
2414 12. 88.
2415 12. 88.
2416 12. 88.
2417 12. 88.
2418 12. 88.
2419 12. 88.
2420 12. 88.
2421 12. 88.
2422 12. 88.
2423 12. 88.
2424 11. 89.
2425 11. 89.
2426 11. 89.
2427 11. 89.
2428 11. 89.
2429 11. 89.
2430 11. 89.
2431 11. 89.
2432 11. 89.
2433 11. 89.
2434 11. 89.
2435 10. 90.
2436 10. 90.
2437 10. 90.
2438 10. 90.
2439 10. 90.
2440 10. 90.
2441 10. 90.
2442 10. 90.
2443 10. 90.
2444 9. 91.
2445 9. 91.
2446 9. 91.
2447 9. 91.
2448 9. 91.
2449 9. 91.
2450 9. 91.
2451 9. 91.
2452 9. 91.
2453 9. 91.
2454 9. 91.
2455 9. 91.
2456 9. 91.
2457 9. 91.
2458 9. 91.
2459 9. 91.
2460 9. 91.
2461 9. 91.
2462 9. 91.
2463 9. 91.
2464 9. 91.
2465 8. 92.
2466 8. 92.
2467 8. 92.
2468 8. 92.
2469 8. 92.
2470 8. 92.
2471 8. 92.
2472 8. 92.
2473 8. 92.
2474 8. 92.
2475 8. 92.
2476 8. 92.
2477 8. 92.
2478 8. 92.
2479 8. 92.
2480 8. 92.
2481 8. 92.
2482 8. 92.
2483 8. 92.
2484 8. 92.
2485 8. 92.
2486 8. 92.
2487 8. 92.
2488 8. 92.
2489 8. 92.
2490 8. 92.
2491 7. 93.
2492 7. 93.
2493 7. 93.
2494 8. 92.
2495 7. 93.
2496 7. 93.
2497 7. 93.
2498 7. 93.
2499 7. 93.
2500 7. 93.
2501 7. 93.
2502 7. 93.
2503 7. 93.
2504 7. 93.
2505 6. 94.
2506 6. 94.
2507 6. 94.
2508 6. 94.
2509 6. 94.
2510 6. 94.
2511 6. 94.
2512 6. 94.
2513 6. 94.
2514 6. 94.
2515 6. 94.
2516 6. 94.
2517 6. 94.
2518 6. 94.
2519 6. 94.
2520 6. 94.
2521 6. 94.
2522 6. 94.
2523 6. 94.
2524 6. 94.
2525 6. 94.
2526 6. 94.
2527 7. 93.
2528 7. 93.
2529 7. 93.
2530 7. 93.
2531 7. 93.
2532 6. 94.
2533 6. 94.
2534 6. 94.
2535 6. 94.
2536 6. 94.
2537 6. 94.
2538 5. 95.
2539 5. 95.
2540 5. 95.
2541 5. 95.
2542 5. 95.
2543 5. 95.
2544 5. 95.
2545 5. 95.
2546 5. 95.
2547 5. 95.
2548 6. 94.
2549 6. 94.
2550 6. 94.
2551 6. 94.
2552 6. 94.
2553 6. 94.
2554 6. 94.
2555 5. 95.
2556 5. 95.
2557 5. 95.
2558 5. 95.
2559 5. 95.
2560 5. 95.
2561 5. 95.
2562 5. 95.
2563 5. 95.
2564 5. 95.
2565 5. 95.
2566 5. 95.
2567 5. 95.
2568 5. 95.
2569 5. 95.
2570 5. 95.
2571 5. 95.
2572 5. 95.
2573 5. 95.
2574 5. 95.
2575 5. 95.
2576 5. 95.
2577 5. 95.
2578 5. 95.
2579 5. 95.
2580 5. 95.
2581 5. 95.
2582 5. 95.
2583 5. 95.
2584 5. 95.
2585 5. 95.
2586 5. 95.
2587 5. 95.
2588 5. 95.
2589 5. 95.
2590 5. 95.
2591 5. 95.
2592 5. 95.
2593 5. 95.
2594 5. 95.
2595 5. 95.
2596 5. 95.
2597 5. 95.
2598 5. 95.
2599 5. 95.
2600 5. 95.
2601 5. 95.
2602 5. 95.
2603 5. 95.
2604 5. 95.
2605 5. 95.
2606 5. 95.
2607 5. 95.
2608 5. 95.
2609 5. 95.
2610 5. 95.
2611 5. 95.
2612 5. 95.
2613 5. 95.
2614 5. 95.
2615 5. 95.
2616 5. 95.
2617 5. 95.
2618 6. 94.
2619 6. 94.
2620 6. 94.
2621 6. 94.
2622 6. 94.
2623 6. 94.
2624 6. 94.
2625 6. 94.
2626 7. 93.
2627 7. 93.
2628 8. 92.
2629 8. 92.
2630 8. 92.
2631 8. 92.
2632 8. 92.
2633 8. 92.
2634 8. 92.
2635 8. 92.
2636 8. 92.
2637 8. 92.
2638 8. 92.
2639 9. 91.
2640 8. 92.
2641 8. 92.
2642 8. 92.
2643 8. 92.
2644 8. 92.
2645 8. 92.
2646 8. 92.
2647 8. 92.
2648 8. 92.
2649 8. 92.
2650 8. 92.
2651 8. 92.
2652 8. 92.
2653 8. 92.
2654 8. 92.
2655 7. 93.
2656 7. 93.
2657 7. 93.
2658 7. 93.
2659 7. 93.
2660 7. 93.
2661 7. 93.
2662 7. 93.
2663 7. 93.
2664 7. 93.
2665 7. 93.
2666 8. 92.
2667 8. 92.
2668 9. 91.
2669 9. 91.
2670 9. 91.
2671 9. 91.
2672 9. 91.
2673 9. 91.
2674 9. 91.
2675 10. 90.
2676 10. 90.
2677 10. 90.
2678 10. 90.
2679 10. 90.
2680 10. 90.
2681 10. 90.
2682 10. 90.
2683 10. 90.
2684 10. 90.
2685 10. 90.
2686 10. 90.
2687 10. 90.
2688 10. 90.
2689 10. 90.
2690 10. 90.
2691 10. 90.
2692 10. 90.
2693 10. 90.
2694 10. 90.
2695 10. 90.
2696 10. 90.
2697 10. 90.
2698 10. 90.
2699 10. 90.
2700 10. 90.
2701 10. 90.
2702 10. 90.
2703 10. 90.
2704 10. 90.
2705 10. 90.
2706 10. 90.
2707 10. 90.
2708 9. 91.
2709 9. 91.
2710 9. 91.
2711 9. 91.
2712 9. 91.
2713 9. 91.
2714 9. 91.
2715 9. 91.
2716 9. 91.
2717 9. 91.
2718 9. 91.
2719 9. 91.
2720 9. 91.
2721 9. 91.
2722 9. 91.
2723 9. 91.
2724 9. 91.
2725 9. 91.
2726 9. 91.
2727 9. 91.
2728 9. 91.
2729 9. 91.
2730 9. 91.
2731 9. 91.
2732 9. 91.
2733 9. 91.
2734 9. 91.
2735 9. 91.
2736 9. 91.
2737 9. 91.
2738 9. 91.
2739 9. 91.
2740 9. 91.
2741 9. 91.
2742 9. 91.
2743 9. 91.
2744 9. 91.
2745 9. 91.
2746 9. 91.
2747 9. 91.
2748 9. 91.
2749 9. 91.
2750 9. 91.
2751 9. 91.
2752 9. 91.
2753 9. 91.
2754 9. 91.
2755 9. 91.
2756 9. 91.
2757 9. 91.
2758 9. 91.
2759 9. 91.
2760 9. 91.
2761 9. 91.
2762 9. 91.
2763 9. 91.
2764 9. 91.
2765 9. 91.
2766 9. 91.
2767 9. 91.
2768 9. 91.
2769 9. 91.
2770 9. 91.
2771 9. 91.
2772 9. 91.
2773 9. 91.
2774 9. 91.
2775 9. 91.
2776 9. 91.
2777 9. 91.
2778 9. 91.
2779 9. 91.
2780 9. 91.
2781 9. 91.
2782 9. 91.
2783 9. 91.
2784 9. 91.
2785 9. 91.
2786 9. 91.
2787 9. 91.
2788 9. 91.
2789 9. 91.
2790 9. 91.
2791 9. 91.
2792 9. 91.
2793 9. 91.
2794 9. 91.
2795 9. 91.
2796 9. 91.
2797 8. 92.
2798 8. 92.
2799 8. 92.
2800 7. 93.
2801 7. 93.
2802 7. 93.
2803 7. 93.
2804 7. 93.
2805 7. 93.
2806 7. 93.
2807 7. 93.
2808 7. 93.
2809 7. 93.
2810 7. 93.
2811 7. 93.
2812 7. 93.
2813 7. 93.
2814 7. 93.
2815 7. 93.
2816 7. 93.
2817 7. 93.
2818 7. 93.
2819 7. 93.
2820 7. 93.
2821 7. 93.
2822 7. 93.
2823 7. 93.
2824 6. 94.
2825 6. 94.
2826 6. 94.
2827 6. 94.
2828 6. 94.
2829 7. 93.
2830 7. 93.
2831 7. 93.
2832 7. 93.
2833 7. 93.
2834 8. 92.
2835 8. 92.
2836 8. 92.
2837 8. 92.
2838 8. 92.
2839 8. 92.
2840 7. 93.
2841 7. 93.
2842 7. 93.
2843 7. 93.
2844 7. 93.
2845 7. 93.
2846 7. 93.
2847 7. 93.
2848 7. 93.
2849 6. 94.
2850 6. 94.
2851 6. 94.
2852 7. 93.
2853 7. 93.
2854 7. 93.
2855 6. 94.
2856 6. 94.
2857 6. 94.
2858 6. 94.
2859 6. 94.
2860 6. 94.
2861 7. 93.
2862 7. 93.
2863 7. 93.
2864 7. 93.
2865 6. 94.
2866 6. 94.
2867 6. 94.
2868 6. 94.
2869 6. 94.
2870 6. 94.
2871 6. 94.
2872 6. 94.
2873 6. 94.
2874 6. 94.
2875 6. 94.
2876 6. 94.
2877 6. 94.
2878 6. 94.
2879 6. 94.
2880 6. 94.
2881 6. 94.
2882 6. 94.
2883 6. 94.
2884 6. 94.
2885 6. 94.
2886 6. 94.
2887 6. 94.
2888 6. 94.
2889 6. 94.
2890 6. 94.
2891 6. 94.
2892 6. 94.
2893 6. 94.
2894 6. 94.
2895 6. 94.
2896 6. 94.
2897 6. 94.
2898 7. 93.
2899 7. 93.
2900 7. 93.
2901 7. 93.
2902 7. 93.
2903 7. 93.
2904 7. 93.
2905 7. 93.
2906 7. 93.
2907 7. 93.
2908 7. 93.
2909 7. 93.
2910 7. 93.
2911 7. 93.
2912 7. 93.
2913 7. 93.
2914 7. 93.
2915 7. 93.
2916 7. 93.
2917 7. 93.
2918 7. 93.
2919 7. 93.
2920 7. 93.
2921 7. 93.
2922 7. 93.
2923 7. 93.
2924 7. 93.
2925 7. 93.
2926 7. 93.
2927 7. 93.
2928 7. 93.
2929 7. 93.
2930 7. 93.
2931 7. 93.
2932 6. 94.
2933 6. 94.
2934 6. 94.
2935 6. 94.
2936 6. 94.
2937 6. 94.
2938 6. 94.
2939 6. 94.
2940 6. 94.
2941 6. 94.
2942 6. 94.
2943 6. 94.
2944 6. 94.
2945 6. 94.
2946 6. 94.
2947 6. 94.
2948 6. 94.
2949 6. 94.
2950 6. 94.
2951 7. 93.
2952 7. 93.
2953 7. 93.
2954 7. 93.
2955 7. 93.
2956 7. 93.
2957 7. 93.
2958 7. 93.
2959 7. 93.
2960 7. 93.
2961 7. 93.
2962 7. 93.
2963 7. 93.
2964 7. 93.
2965 7. 93.
2966 7. 93.
2967 7. 93.
2968 7. 93.
2969 7. 93.
2970 7. 93.
2971 7. 93.
2972 7. 93.
2973 7. 93.
2974 7. 93.
2975 7. 93.
2976 7. 93.
2977 7. 93.
2978 7. 93.
2979 7. 93.
2980 7. 93.
2981 7. 93.
2982 7. 93.
2983 7. 93.
2984 7. 93.
2985 7. 93.
2986 7. 93.
2987 7. 93.
2988 7. 93.
2989 7. 93.
2990 7. 93.
2991 7. 93.
2992 7. 93.
2993 8. 92.
2994 8. 92.
2995 8. 92.
2996 8. 92.
2997 8. 92.
2998 8. 92.
2999 8. 92.
3000 8. 92.
3001 8. 92.
3002 9. 91.
3003 9. 91.
3004 9. 91.
3005 9. 91.
3006 9. 91.
3007 9. 91.
3008 10. 90.
3009 10. 90.
3010 10. 90.
3011 10. 90.
3012 10. 90.
3013 9. 91.
3014 9. 91.
3015 9. 91.
3016 9. 91.
3017 9. 91.
3018 9. 91.
3019 9. 91.
3020 9. 91.
3021 9. 91.
3022 9. 91.
3023 9. 91.
3024 9. 91.
3025 8. 92.
3026 8. 92.
3027 8. 92.
3028 8. 92.
3029 8. 92.
3030 8. 92.
3031 8. 92.
3032 8. 92.
3033 8. 92.
3034 8. 92.
3035 8. 92.
3036 8. 92.
3037 8. 92.
3038 8. 92.
3039 8. 92.
3040 8. 92.
3041 8. 92.
3042 8. 92.
3043 9. 91.
3044 9. 91.
3045 9. 91.
3046 9. 91.
3047 9. 91.
3048 9. 91.
3049 9. 91.
3050 10. 90.
3051 10. 90.
3052 10. 90.
3053 10. 90.
3054 10. 90.
3055 10. 90.
3056 10. 90.
3057 10. 90.
3058 10. 90.
3059 10. 90.
3060 10. 90.
3061 10. 90.
3062 10. 90.
3063 10. 90.
3064 10. 90.
3065 10. 90.
3066 10. 90.
3067 10. 90.
3068 10. 90.
3069 10. 90.
3070 10. 90.
3071 10. 90.
3072 10. 90.
3073 10. 90.
3074 11. 89.
3075 11. 89.
3076 11. 89.
3077 11. 89.
3078 11. 89.
3079 10. 90.
3080 10. 90.
3081 10. 90.
3082 10. 90.
3083 10. 90.
3084 10. 90.
3085 10. 90.
3086 9. 91.
3087 9. 91.
3088 9. 91.
3089 9. 91.
3090 9. 91.
3091 9. 91.
3092 10. 90.
3093 11. 89.
3094 11. 89.
3095 11. 89.
3096 11. 89.
3097 11. 89.
3098 11. 89.
3099 11. 89.
3100 11. 89.
3101 11. 89.
3102 11. 89.
3103 11. 89.
3104 11. 89.
3105 11. 89.
3106 11. 89.
3107 11. 89.
3108 11. 89.
3109 11. 89.
3110 11. 89.
3111 11. 89.
3112 11. 89.
3113 11. 89.
3114 11. 89.
3115 11. 89.
3116 11. 89.
3117 11. 89.
3118 11. 89.
3119 11. 89.
3120 11. 89.
3121 11. 89.
3122 11. 89.
3123 11. 89.
3124 11. 89.
3125 11. 89.
3126 11. 89.
3127 11. 89.
3128 11. 89.
3129 11. 89.
3130 11. 89.
3131 11. 89.
3132 11. 89.
3133 10. 90.
3134 10. 90.
3135 10. 90.
3136 10. 90.
3137 10. 90.
3138 10. 90.
3139 10. 90.
3140 9. 91.
3141 9. 91.
3142 9. 91.
3143 9. 91.
3144 9. 91.
3145 9. 91.
3146 9. 91.
3147 10. 90.
3148 10. 90.
3149 10. 90.
3150 10. 90.
3151 10. 90.
3152 10. 90.
3153 10. 90.
3154 10. 90.
3155 10. 90.
3156 10. 90.
3157 10. 90.
3158 10. 90.
3159 10. 90.
3160 11. 89.
3161 11. 89.
3162 11. 89.
3163 11. 89.
3164 11. 89.
3165 11. 89.
3166 11. 89.
3167 11. 89.
3168 11. 89.
3169 11. 89.
3170 11. 89.
3171 11. 89.
3172 12. 88.
3173 12. 88.
3174 12. 88.
3175 12. 88.
3176 12. 88.
3177 12. 88.
3178 12. 88.
3179 12. 88.
3180 11. 89.
3181 11. 89.
3182 10. 90.
3183 10. 90.
3184 10. 90.
3185 10. 90.
3186 10. 90.
3187 10. 90.
3188 10. 90.
3189 10. 90.
3190 10. 90.
3191 10. 90.
3192 10. 90.
3193 10. 90.
3194 11. 89.
3195 11. 89.
3196 10. 90.
3197 10. 90.
3198 10. 90.
3199 10. 90.
3200 9. 91.
3201 9. 91.
3202 10. 90.
3203 10. 90.
3204 10. 90.
3205 11. 89.
3206 11. 89.
3207 10. 90.
3208 10. 90.
3209 10. 90.
3210 10. 90.
3211 10. 90.
3212 10. 90.
3213 10. 90.
3214 10. 90.
3215 10. 90.
3216 10. 90.
3217 10. 90.
3218 10. 90.
3219 10. 90.
3220 10. 90.
3221 10. 90.
3222 10. 90.
3223 11. 89.
3224 11. 89.
3225 11. 89.
3226 11. 89.
3227 11. 89.
3228 11. 89.
3229 11. 89.
3230 11. 89.
3231 10. 90.
3232 10. 90.
3233 10. 90.
3234 10. 90.
3235 10. 90.
3236 11. 89.
3237 10. 90.
3238 10. 90.
3239 10. 90.
3240 10. 90.
3241 10. 90.
3242 10. 90.
3243 10. 90.
3244 10. 90.
3245 11. 89.
3246 11. 89.
3247 11. 89.
3248 11. 89.
3249 11. 89.
3250 11. 89.
3251 11. 89.
3252 11. 89.
3253 11. 89.
3254 11. 89.
3255 11. 89.
3256 11. 89.
3257 11. 89.
3258 11. 89.
3259 11. 89.
3260 11. 89.
3261 11. 89.
3262 11. 89.
3263 11. 89.
3264 11. 89.
3265 11. 89.
3266 11. 89.
3267 11. 89.
3268 11. 89.
3269 11. 89.
3270 11. 89.
3271 11. 89.
3272 11. 89.
3273 11. 89.
3274 11. 89.
3275 11. 89.
3276 11. 89.
3277 11. 89.
3278 11. 89.
3279 11. 89.
3280 11. 89.
3281 11. 89.
3282 11. 89.
3283 11. 89.
3284 11. 89.
3285 11. 89.
3286 11. 89.
3287 11. 89.
3288 11. 89.
3289 11. 89.
3290 11. 89.
3291 11. 89.
3292 11. 89.
3293 11. 89.
3294 11. 89.
3295 11. 89.
3296 11. 89.
3297 11. 89.
3298 11. 89.
3299 11. 89.
3300 11. 89.
3301 12. 88.
3302 12. 88.
3303 12. 88.
3304 12. 88.
3305 12. 88.
3306 12. 88.
3307 12. 88.
3308 12. 88.
3309 12. 88.
3310 12. 88.
3311 12. 88.
3312 12. 88.
3313 12. 88.
3314 12. 88.
3315 12. 88.
3316 12. 88.
3317 12. 88.
3318 12. 88.
3319 12. 88.
3320 12. 88.
3321 12. 88.
3322 12. 88.
3323 12. 88.
3324 12. 88.
3325 12. 88.
3326 12. 88.
3327 12. 88.
3328 13. 87.
3329 13. 87.
3330 13. 87.
3331 13. 87.
3332 14. 86.
3333 14. 86.
3334 15. 85.
3335 15. 85.
3336 15. 85.
3337 15. 85.
3338 15. 85.
3339 15. 85.
3340 15. 85.
3341 14. 86.
3342 14. 86.
3343 14. 86.
3344 14. 86.
3345 15. 85.
3346 15. 85.
3347 15. 85.
3348 15. 85.
3349 15. 85.
3350 15. 85.
3351 15. 85.
3352 15. 85.
3353 15. 85.
3354 15. 85.
3355 15. 85.
3356 15. 85.
3357 16. 84.
3358 17. 83.
3359 16. 84.
3360 16. 84.
3361 16. 84.
3362 15. 85.
3363 15. 85.
3364 15. 85.
3365 15. 85.
3366 15. 85.
3367 15. 85.
3368 15. 85.
3369 16. 84.
3370 16. 84.
3371 16. 84.
3372 16. 84.
3373 16. 84.
3374 17. 83.
3375 17. 83.
3376 17. 83.
3377 17. 83.
3378 17. 83.
3379 16. 84.
3380 16. 84.
3381 16. 84.
3382 16. 84.
3383 16. 84.
3384 16. 84.
3385 15. 85.
3386 15. 85.
3387 15. 85.
3388 16. 84.
3389 16. 84.
3390 16. 84.
3391 15. 85.
3392 15. 85.
3393 15. 85.
3394 15. 85.
3395 14. 86.
3396 14. 86.
3397 14. 86.
3398 14. 86.
3399 14. 86.
3400 14. 86.
3401 14. 86.
3402 14. 86.
3403 14. 86.
3404 14. 86.
3405 14. 86.
3406 14. 86.
3407 14. 86.
3408 14. 86.
3409 14. 86.
3410 14. 86.
3411 14. 86.
3412 14. 86.
3413 13. 87.
3414 13. 87.
3415 12. 88.
3416 12. 88.
3417 12. 88.
3418 12. 88.
3419 12. 88.
3420 12. 88.
3421 12. 88.
3422 12. 88.
3423 12. 88.
3424 12. 88.
3425 12. 88.
3426 12. 88.
3427 12. 88.
3428 12. 88.
3429 13. 87.
3430 13. 87.
3431 13. 87.
3432 13. 87.
3433 13. 87.
3434 13. 87.
3435 12. 88.
3436 12. 88.
3437 12. 88.
3438 12. 88.
3439 12. 88.
3440 13. 87.
3441 13. 87.
3442 13. 87.
3443 13. 87.
3444 13. 87.
3445 13. 87.
3446 13. 87.
3447 13. 87.
3448 13. 87.
3449 13. 87.
3450 13. 87.
3451 12. 88.
3452 12. 88.
3453 12. 88.
3454 12. 88.
3455 12. 88.
3456 12. 88.
3457 12. 88.
3458 12. 88.
3459 12. 88.
3460 13. 87.
3461 13. 87.
3462 13. 87.
3463 13. 87.
3464 13. 87.
3465 13. 87.
3466 13. 87.
3467 13. 87.
3468 13. 87.
3469 13. 87.
3470 13. 87.
3471 14. 86.
3472 13. 87.
3473 13. 87.
3474 13. 87.
3475 13. 87.
3476 12. 88.
3477 12. 88.
3478 12. 88.
3479 12. 88.
3480 12. 88.
3481 12. 88.
3482 12. 88.
3483 12. 88.
3484 12. 88.
3485 12. 88.
3486 12. 88.
3487 12. 88.
3488 12. 88.
3489 12. 88.
3490 12. 88.
3491 12. 88.
3492 12. 88.
3493 12. 88.
3494 11. 89.
3495 11. 89.
3496 11. 89.
3497 11. 89.
3498 11. 89.
3499 11. 89.
3500 11. 89.
3501 11. 89.
3502 11. 89.
3503 11. 89.
3504 11. 89.
3505 11. 89.
3506 11. 89.
3507 10. 90.
3508 10. 90.
3509 10. 90.
3510 10. 90.
3511 10. 90.
3512 10. 90.
3513 10. 90.
3514 10. 90.
3515 10. 90.
3516 10. 90.
3517 10. 90.
3518 10. 90.
3519 10. 90.
3520 10. 90.
3521 10. 90.
3522 10. 90.
3523 10. 90.
3524 10. 90.
3525 10. 90.
3526 10. 90.
3527 10. 90.
3528 10. 90.
3529 11. 89.
3530 11. 89.
3531 11. 89.
3532 11. 89.
3533 11. 89.
3534 11. 89.
3535 11. 89.
3536 11. 89.
3537 11. 89.
3538 11. 89.
3539 11. 89.
3540 11. 89.
3541 11. 89.
3542 11. 89.
3543 11. 89.
3544 11. 89.
3545 11. 89.
3546 11. 89.
3547 11. 89.
3548 11. 89.
3549 11. 89.
3550 10. 90.
3551 10. 90.
3552 10. 90.
3553 10. 90.
3554 10. 90.
3555 10. 90.
3556 10. 90.
3557 10. 90.
3558 9. 91.
3559 9. 91.
3560 8. 92.
3561 8. 92.
3562 8. 92.
3563 8. 92.
3564 8. 92.
3565 8. 92.
3566 8. 92.
3567 8. 92.
3568 8. 92.
3569 8. 92.
3570 8. 92.
3571 8. 92.
3572 8. 92.
3573 8. 92.
3574 8. 92.
3575 8. 92.
3576 9. 91.
3577 9. 91.
3578 9. 91.
3579 9. 91.
3580 9. 91.
3581 9. 91.
3582 9. 91.
3583 9. 91.
3584 9. 91.
3585 9. 91.
3586 9. 91.
3587 9. 91.
3588 9. 91.
3589 9. 91.
3590 8. 92.
3591 9. 91.
3592 9. 91.
3593 9. 91.
3594 9. 91.
3595 9. 91.
3596 9. 91.
3597 9. 91.
3598 9. 91.
3599 9. 91.
3600 9. 91.
3601 9. 91.
3602 9. 91.
3603 9. 91.
3604 9. 91.
3605 9. 91.
3606 9. 91.
3607 8. 92.
3608 8. 92.
3609 8. 92.
3610 8. 92.
3611 8. 92.
3612 8. 92.
3613 8. 92.
3614 8. 92.
3615 8. 92.
3616 8. 92.
3617 8. 92.
3618 8. 92.
3619 8. 92.
3620 8. 92.
3621 8. 92.
3622 8. 92.
3623 8. 92.
3624 8. 92.
3625 8. 92.
3626 7. 93.
3627 7. 93.
3628 7. 93.
3629 7. 93.
3630 7. 93.
3631 7. 93.
3632 7. 93.
3633 7. 93.
3634 7. 93.
3635 7. 93.
3636 7. 93.
3637 7. 93.
3638 7. 93.
3639 7. 93.
3640 7. 93.
3641 7. 93.
3642 7. 93.
3643 6. 94.
3644 6. 94.
3645 6. 94.
3646 5. 95.
3647 5. 95.
3648 5. 95.
3649 5. 95.
3650 5. 95.
3651 5. 95.
3652 5. 95.
3653 5. 95.
3654 5. 95.
3655 5. 95.
3656 5. 95.
3657 5. 95.
3658 5. 95.
3659 5. 95.
3660 5. 95.
3661 5. 95.
3662 5. 95.
3663 5. 95.
3664 4. 96.
3665 4. 96.
3666 4. 96.
3667 4. 96.
3668 4. 96.
3669 4. 96.
3670 4. 96.
3671 4. 96.
3672 4. 96.
3673 4. 96.
3674 4. 96.
3675 4. 96.
3676 4. 96.
3677 4. 96.
3678 4. 96.
3679 4. 96.
3680 4. 96.
3681 4. 96.
3682 4. 96.
3683 4. 96.
3684 4. 96.
3685 5. 95.
3686 5. 95.
3687 5. 95.
3688 5. 95.
3689 5. 95.
3690 5. 95.
3691 5. 95.
3692 5. 95.
3693 5. 95.
3694 5. 95.
3695 5. 95.
3696 5. 95.
3697 5. 95.
3698 5. 95.
3699 5. 95.
3700 5. 95.
3701 5. 95.
3702 5. 95.
3703 5. 95.
3704 5. 95.
3705 5. 95.
3706 5. 95.
3707 5. 95.
3708 5. 95.
3709 5. 95.
3710 5. 95.
3711 5. 95.
3712 5. 95.
3713 5. 95.
3714 5. 95.
3715 5. 95.
3716 5. 95.
3717 5. 95.
3718 5. 95.
3719 5. 95.
3720 5. 95.
3721 5. 95.
3722 5. 95.
3723 5. 95.
3724 5. 95.
3725 5. 95.
3726 5. 95.
3727 5. 95.
3728 5. 95.
3729 4. 96.
3730 4. 96.
3731 4. 96.
3732 4. 96.
3733 4. 96.
3734 4. 96.
3735 4. 96.
3736 4. 96.
3737 4. 96.
3738 4. 96.
3739 4. 96.
3740 4. 96.
3741 4. 96.
3742 5. 95.
3743 5. 95.
3744 5. 95.
3745 6. 94.
3746 6. 94.
3747 6. 94.
3748 6. 94.
3749 6. 94.
3750 6. 94.
3751 6. 94.
3752 6. 94.
3753 6. 94.
3754 6. 94.
3755 6. 94.
3756 6. 94.
3757 6. 94.
3758 6. 94.
3759 6. 94.
3760 6. 94.
3761 6. 94.
3762 6. 94.
3763 6. 94.
3764 6. 94.
3765 6. 94.
3766 6. 94.
3767 6. 94.
3768 6. 94.
3769 6. 94.
3770 6. 94.
3771 6. 94.
3772 6. 94.
3773 6. 94.
3774 6. 94.
3775 6. 94.
3776 6. 94.
3777 6. 94.
3778 6. 94.
3779 6. 94.
3780 6. 94.
3781 6. 94.
3782 6. 94.
3783 6. 94.
3784 6. 94.
3785 6. 94.
3786 6. 94.
3787 6. 94.
3788 6. 94.
3789 6. 94.
3790 6. 94.
3791 6. 94.
3792 6. 94.
3793 6. 94.
3794 6. 94.
3795 6. 94.
3796 6. 94.
3797 6. 94.
3798 6. 94.
3799 6. 94.
3800 6. 94.
3801 6. 94.
3802 6. 94.
3803 6. 94.
3804 6. 94.
3805 6. 94.
3806 6. 94.
3807 6. 94.
3808 6. 94.
3809 6. 94.
3810 6. 94.
3811 6. 94.
3812 6. 94.
3813 6. 94.
3814 6. 94.
3815 6. 94.
3816 6. 94.
3817 6. 94.
3818 6. 94.
3819 6. 94.
3820 6. 94.
3821 6. 94.
3822 6. 94.
3823 6. 94.
3824 6. 94.
3825 6. 94.
3826 6. 94.
3827 6. 94.
3828 6. 94.
3829 5. 95.
3830 5. 95.
3831 6. 94.
3832 6. 94.
3833 6. 94.
3834 6. 94.
3835 5. 95.
3836 5. 95.
3837 5. 95.
3838 5. 95.
3839 5. 95.
3840 5. 95.
3841 5. 95.
3842 5. 95.
3843 5. 95.
3844 5. 95.
3845 5. 95.
3846 5. 95.
3847 5. 95.
3848 5. 95.
3849 5. 95.
3850 5. 95.
3851 5. 95.
3852 5. 95.
3853 5. 95.
3854 5. 95.
3855 5. 95.
3856 5. 95.
3857 5. 95.
3858 5. 95.
3859 5. 95.
3860 5. 95.
3861 5. 95.
3862 5. 95.
3863 5. 95.
3864 5. 95.
3865 5. 95.
3866 5. 95.
3867 5. 95.
3868 5. 95.
3869 5. 95.
3870 5. 95.
3871 5. 95.
3872 6. 94.
3873 6. 94.
3874 6. 94.
3875 6. 94.
3876 6. 94.
3877 6. 94.
3878 6. 94.
3879 6. 94.
3880 6. 94.
3881 6. 94.
3882 6. 94.
3883 6. 94.
3884 6. 94.
3885 6. 94.
3886 6. 94.
3887 6. 94.
3888 6. 94.
3889 6. 94.
3890 6. 94.
3891 6. 94.
3892 6. 94.
3893 6. 94.
3894 6. 94.
3895 6. 94.
3896 6. 94.
3897 6. 94.
3898 6. 94.
3899 6. 94.
3900 6. 94.
3901 6. 94.
3902 6. 94.
3903 6. 94.
3904 6. 94.
3905 6. 94.
3906 6. 94.
3907 6. 94.
3908 6. 94.
3909 6. 94.
3910 6. 94.
3911 6. 94.
3912 6. 94.
3913 6. 94.
3914 6. 94.
3915 6. 94.
3916 6. 94.
3917 6. 94.
3918 6. 94.
3919 6. 94.
3920 5. 95.
3921 5. 95.
3922 5. 95.
3923 5. 95.
3924 5. 95.
3925 5. 95.
3926 5. 95.
3927 5. 95.
3928 5. 95.
3929 5. 95.
3930 5. 95.
3931 5. 95.
3932 5. 95.
3933 5. 95.
3934 5. 95.
3935 5. 95.
3936 5. 95.
3937 5. 95.
3938 5. 95.
3939 5. 95.
3940 5. 95.
3941 5. 95.
3942 5. 95.
3943 5. 95.
3944 5. 95.
3945 5. 95.
3946 5. 95.
3947 5. 95.
3948 5. 95.
3949 5. 95.
3950 5. 95.
3951 5. 95.
3952 5. 95.
3953 5. 95.
3954 5. 95.
3955 5. 95.
3956 5. 95.
3957 5. 95.
3958 5. 95.
3959 5. 95.
3960 5. 95.
3961 5. 95.
3962 5. 95.
3963 5. 95.
3964 5. 95.
3965 5. 95.
3966 5. 95.
3967 5. 95.
3968 5. 95.
3969 5. 95.
3970 5. 95.
3971 6. 94.
3972 5. 95.
3973 5. 95.
3974 5. 95.
3975 4. 96.
3976 4. 96.
3977 4. 96.
3978 4. 96.
3979 4. 96.
3980 4. 96.
3981 4. 96.
3982 4. 96.
3983 4. 96.
3984 4. 96.
3985 4. 96.
3986 4. 96.
3987 4. 96.
3988 4. 96.
3989 4. 96.
3990 3. 97.
3991 3. 97.
3992 3. 97.
3993 3. 97.
3994 3. 97.
3995 3. 97.
3996 3. 97.
3997 3. 97.
3998 3. 97.
3999 3. 97.
4000 3. 97.
4001 3. 97.
4002 3. 97.
4003 3. 97.
4004 3. 97.
4005 3. 97.
4006 3. 97.
4007 3. 97.
4008 3. 97.
4009 3. 97.
4010 3. 97.
4011 3. 97.
4012 3. 97.
4013 3. 97.
4014 3. 97.
4015 3. 97.
4016 3. 97.
4017 3. 97.
4018 3. 97.
4019 3. 97.
4020 3. 97.
4021 3. 97.
4022 3. 97.
4023 3. 97.
4024 3. 97.
4025 3. 97.
4026 3. 97.
4027 3. 97.
4028 3. 97.
4029 3. 97.
4030 3. 97.
4031 3. 97.
4032 3. 97.
4033 3. 97.
4034 3. 97.
4035 3. 97.
4036 3. 97.
4037 3. 97.
4038 3. 97.
4039 3. 97.
4040 2. 98.
4041 2. 98.
4042 2. 98.
4043 2. 98.
4044 2. 98.
4045 2. 98.
4046 2. 98.
4047 2. 98.
4048 2. 98.
4049 2. 98.
4050 2. 98.
4051 2. 98.
4052 2. 98.
4053 2. 98.
4054 2. 98.
4055 2. 98.
4056 2. 98.
4057 2. 98.
4058 2. 98.
4059 2. 98.
4060 2. 98.
4061 2. 98.
4062 2. 98.
4063 2. 98.
4064 2. 98.
4065 1. 99.
4066 1. 99.
4067 1. 99.
4068 1. 99.
4069 1. 99.
4070 1. 99.
4071 1. 99.
4072 1. 99.
4073 1. 99.
4074 1. 99.
4075 1. 99.
4076 1. 99.
4077 1. 99.
4078 1. 99.
4079 1. 99.
4080 1. 99.
4081 1. 99.
4082 1. 99.
4083 1. 99.
4084 1. 99.
4085 1. 99.
4086 1. 99.
4087 1. 99.
4088 1. 99.
4089 1. 99.
4090 1. 99.
