0 26. 74.
1 26. 74.
2 26. 74.
3 26. 74.
4 26. 74.
5 26. 74.
6 26. 74.
7 26. 74.
8 27. 73.
9 26. 74.
10 26. 74.
11 26. 74.
12 27. 73.
13 27. 73.
14 27. 73.
15 27. 73.
16 27. 73.
17 26. 74.
18 25. 75.
19 25. 75.
20 25. 75.
21 24. 76.
22 23. 77.
23 23. 77.
24 23. 77.
25 23. 77.
26 23. 77.
27 24. 76.
28 24. 76.
29 24. 76.
30 25. 75.
31 26. 74.
32 26. 74.
33 26. 74.
34 26. 74.
35 27. 73.
36 27. 73.
37 27. 73.
38 27. 73.
39 27. 73.
40 27. 73.
41 27. 73.
42 27. 73.
43 27. 73.
44 27. 73.
45 27. 73.
46 27. 73.
47 27. 73.
48 27. 73.
49 28. 72.
50 29. 71.
51 29. 71.
52 29. 71.
53 29. 71.
54 30. 70.
55 30. 70.
56 29. 71.
57 29. 71.
58 29. 71.
59 29. 71.
60 30. 70.
61 30. 70.
62 30. 70.
63 29. 71.
64 29. 71.
65 29. 71.
66 30. 70.
67 30. 70.
68 30. 70.
69 29. 71.
70 29. 71.
71 29. 71.
72 29. 71.
73 29. 71.
74 28. 72.
75 28. 72.
76 29. 71.
77 29. 71.
78 29. 71.
79 29. 71.
80 29. 71.
81 29. 71.
82 30. 70.
83 30. 70.
84 31. 69.
85 31. 69.
86 32. 68.
87 32. 68.
88 32. 68.
89 32. 68.
90 32. 68.
91 32. 68.
92 32. 68.
93 32. 68.
94 33. 67.
95 32. 68.
96 32. 68.
97 32. 68.
98 32. 68.
99 32. 68.
100 32. 68.
101 32. 68.
102 32. 68.
103 32. 68.
104 32. 68.
105 32. 68.
106 33. 67.
107 33. 67.
108 33. 67.
109 33. 67.
110 33. 67.
111 33. 67.
112 33. 67.
113 33. 67.
114 34. 66.
115 34. 66.
116 34. 66.
117 34. 66.
118 34. 66.
119 34. 66.
120 34. 66.
121 34. 66.
122 33. 67.
123 33. 67.
124 33. 67.
125 33. 67.
126 33. 67.
127 33. 67.
128 33. 67.
129 33. 67.
130 33. 67.
131 33. 67.
132 33. 67.
133 33. 67.
134 33. 67.
135 33. 67.
136 32. 68.
137 32. 68.
138 32. 68.
139 32. 68.
140 32. 68.
141 31. 69.
142 31. 69.
143 31. 69.
144 31. 69.
145 31. 69.
146 30. 70.
147 30. 70.
148 30. 70.
149 29. 71.
150 29. 71.
151 29. 71.
152 29. 71.
153 28. 72.
154 28. 72.
155 28. 72.
156 29. 71.
157 29. 71.
158 29. 71.
159 29. 71.
160 29. 71.
161 29. 71.
162 29. 71.
163 29. 71.
164 29. 71.
165 29. 71.
166 29. 71.
167 29. 71.
168 29. 71.
169 30. 70.
170 29. 71.
171 30. 70.
172 31. 69.
173 31. 69.
174 32. 68.
175 32. 68.
176 32. 68.
177 32. 68.
178 33. 67.
179 34. 66.
180 34. 66.
181 34. 66.
182 34. 66.
183 33. 67.
184 33. 67.
185 32. 68.
186 32. 68.
187 33. 67.
188 33. 67.
189 33. 67.
190 33. 67.
191 33. 67.
192 33. 67.
193 33. 67.
194 33. 67.
195 34. 66.
196 34. 66.
197 34. 66.
198 34. 66.
199 34. 66.
200 34. 66.
201 34. 66.
202 34. 66.
203 34. 66.
204 34. 66.
205 34. 66.
206 34. 66.
207 33. 67.
208 33. 67.
209 33. 67.
210 33. 67.
211 33. 67.
212 33. 67.
213 33. 67.
214 33. 67.
215 33. 67.
216 32. 68.
217 31. 69.
218 31. 69.
219 31. 69.
220 31. 69.
221 31. 69.
222 31. 69.
223 31. 69.
224 31. 69.
225 31. 69.
226 32. 68.
227 31. 69.
228 31. 69.
229 31. 69.
230 30. 70.
231 30. 70.
232 30. 70.
233 30. 70.
234 30. 70.
235 30. 70.
236 29. 71.
237 29. 71.
238 29. 71.
239 29. 71.
240 29. 71.
241 29. 71.
242 29. 71.
243 29. 71.
244 29. 71.
245 29. 71.
246 29. 71.
247 28. 72.
248 29. 71.
249 29. 71.
250 29. 71.
251 30. 70.
252 30. 70.
253 30. 70.
254 30. 70.
255 30. 70.
256 30. 70.
257 30. 70.
258 30. 70.
259 30. 70.
260 30. 70.
261 30. 70.
262 30. 70.
263 30. 70.
264 30. 70.
265 29. 71.
266 28. 72.
267 28. 72.
268 28. 72.
269 27. 73.
270 28. 72.
271 28. 72.
272 29. 71.
273 29. 71.
274 29. 71.
275 29. 71.
276 29. 71.
277 29. 71.
278 29. 71.
279 29. 71.
280 29. 71.
281 29. 71.
282 29. 71.
283 29. 71.
284 29. 71.
285 29. 71.
286 29. 71.
287 29. 71.
288 29. 71.
289 28. 72.
290 28. 72.
291 28. 72.
292 28. 72.
293 28. 72.
294 28. 72.
295 28. 72.
296 28. 72.
297 27. 73.
298 27. 73.
299 27. 73.
300 27. 73.
301 26. 74.
302 25. 75.
303 25. 75.
304 25. 75.
305 25. 75.
306 25. 75.
307 25. 75.
308 25. 75.
309 25. 75.
310 26. 74.
311 26. 74.
312 25. 75.
313 25. 75.
314 26. 74.
315 26. 74.
316 26. 74.
317 26. 74.
318 26. 74.
319 26. 74.
320 26. 74.
321 26. 74.
322 26. 74.
323 25. 75.
324 25. 75.
325 25. 75.
326 26. 74.
327 27. 73.
328 27. 73.
329 27. 73.
330 27. 73.
331 27. 73.
332 27. 73.
333 26. 74.
334 26. 74.
335 26. 74.
336 27. 73.
337 27. 73.
338 27. 73.
339 27. 73.
340 27. 73.
341 27. 73.
342 27. 73.
343 27. 73.
344 27. 73.
345 28. 72.
346 28. 72.
347 28. 72.
348 29. 71.
349 29. 71.
350 29. 71.
351 29. 71.
352 28. 72.
353 28. 72.
354 28. 72.
355 28. 72.
356 28. 72.
357 28. 72.
358 28. 72.
359 28. 72.
360 29. 71.
361 29. 71.
362 30. 70.
363 30. 70.
364 30. 70.
365 30. 70.
366 30. 70.
367 30. 70.
368 30. 70.
369 30. 70.
370 30. 70.
371 30. 70.
372 30. 70.
373 31. 69.
374 31. 69.
375 31. 69.
376 31. 69.
377 31. 69.
378 30. 70.
379 30. 70.
380 30. 70.
381 30. 70.
382 30. 70.
383 30. 70.
384 30. 70.
385 30. 70.
386 30. 70.
387 30. 70.
388 30. 70.
389 31. 69.
390 31. 69.
391 32. 68.
392 32. 68.
393 32. 68.
394 32. 68.
395 32. 68.
396 32. 68.
397 32. 68.
398 32. 68.
399 32. 68.
400 33. 67.
401 33. 67.
402 33. 67.
403 33. 67.
404 33. 67.
405 33. 67.
406 33. 67.
407 33. 67.
408 33. 67.
409 32. 68.
410 33. 67.
411 33. 67.
412 33. 67.
413 33. 67.
414 33. 67.
415 33. 67.
416 33. 67.
417 33. 67.
418 34. 66.
419 34. 66.
420 34. 66.
421 34. 66.
422 34. 66.
423 34. 66.
424 35. 65.
425 35. 65.
426 35. 65.
427 36. 64.
428 36. 64.
429 36. 64.
430 36. 64.
431 36. 64.
432 36. 64.
433 36. 64.
434 36. 64.
435 36. 64.
436 36. 64.
437 36. 64.
438 35. 65.
439 35. 65.
440 36. 64.
441 35. 65.
442 35. 65.
443 35. 65.
444 35. 65.
445 35. 65.
446 36. 64.
447 36. 64.
448 36. 64.
449 35. 65.
450 35. 65.
451 35. 65.
452 35. 65.
453 35. 65.
454 35. 65.
455 36. 64.
456 36. 64.
457 36. 64.
458 36. 64.
459 36. 64.
460 36. 64.
461 36. 64.
462 36. 64.
463 36. 64.
464 36. 64.
465 36. 64.
466 37. 63.
467 37. 63.
468 38. 62.
469 38. 62.
470 37. 63.
471 37. 63.
472 37. 63.
473 37. 63.
474 38. 62.
475 38. 62.
476 38. 62.
477 38. 62.
478 38. 62.
479 38. 62.
480 37. 63.
481 37. 63.
482 37. 63.
483 37. 63.
484 37. 63.
485 37. 63.
486 37. 63.
487 36. 64.
488 36. 64.
489 36. 64.
490 36. 64.
491 37. 63.
492 36. 64.
493 37. 63.
494 36. 64.
495 36. 64.
496 36. 64.
497 36. 64.
498 36. 64.
499 36. 64.
500 36. 64.
501 36. 64.
502 36. 64.
503 36. 64.
504 36. 64.
505 37. 63.
506 37. 63.
507 37. 63.
508 36. 64.
509 36. 64.
510 36. 64.
511 36. 64.
512 36. 64.
513 36. 64.
514 35. 65.
515 35. 65.
516 34. 66.
517 34. 66.
518 34. 66.
519 35. 65.
520 35. 65.
521 36. 64.
522 36. 64.
523 36. 64.
524 36. 64.
525 36. 64.
526 36. 64.
527 36. 64.
528 36. 64.
529 36. 64.
530 36. 64.
531 37. 63.
532 37. 63.
533 37. 63.
534 38. 62.
535 39. 61.
536 39. 61.
537 39. 61.
538 39. 61.
539 39. 61.
540 39. 61.
541 39. 61.
542 38. 62.
543 38. 62.
544 38. 62.
545 38. 62.
546 38. 62.
547 37. 63.
548 37. 63.
549 37. 63.
550 37. 63.
551 37. 63.
552 37. 63.
553 37. 63.
554 37. 63.
555 38. 62.
556 38. 62.
557 38. 62.
558 38. 62.
559 38. 62.
560 38. 62.
561 38. 62.
562 38. 62.
563 38. 62.
564 38. 62.
565 37. 63.
566 37. 63.
567 37. 63.
568 37. 63.
569 37. 63.
570 36. 64.
571 35. 65.
572 35. 65.
573 35. 65.
574 34. 66.
575 34. 66.
576 34. 66.
577 34. 66.
578 34. 66.
579 34. 66.
580 34. 66.
581 33. 67.
582 33. 67.
583 33. 67.
584 33. 67.
585 32. 68.
586 32. 68.
587 31. 69.
588 31. 69.
589 31. 69.
590 31. 69.
591 31. 69.
592 31. 69.
593 31. 69.
594 31. 69.
595 31. 69.
596 31. 69.
597 31. 69.
598 31. 69.
599 30. 70.
600 31. 69.
601 30. 70.
602 30. 70.
603 30. 70.
604 30. 70.
605 29. 71.
606 29. 71.
607 29. 71.
608 29. 71.
609 29. 71.
610 29. 71.
611 29. 71.
612 29. 71.
613 29. 71.
614 30. 70.
615 30. 70.
616 30. 70.
617 30. 70.
618 30. 70.
619 30. 70.
620 30. 70.
621 29. 71.
622 29. 71.
623 29. 71.
624 29. 71.
625 29. 71.
626 29. 71.
627 29. 71.
628 29. 71.
629 30. 70.
630 29. 71.
631 30. 70.
632 30. 70.
633 29. 71.
634 29. 71.
635 29. 71.
636 29. 71.
637 29. 71.
638 29. 71.
639 29. 71.
640 29. 71.
641 29. 71.
642 29. 71.
643 28. 72.
644 29. 71.
645 29. 71.
646 29. 71.
647 29. 71.
648 29. 71.
649 29. 71.
650 29. 71.
651 29. 71.
652 29. 71.
653 29. 71.
654 29. 71.
655 29. 71.
656 29. 71.
657 29. 71.
658 29. 71.
659 30. 70.
660 30. 70.
661 30. 70.
662 30. 70.
663 29. 71.
664 29. 71.
665 29. 71.
666 29. 71.
667 29. 71.
668 29. 71.
669 29. 71.
670 30. 70.
671 30. 70.
672 31. 69.
673 31. 69.
674 30. 70.
675 29. 71.
676 28. 72.
677 28. 72.
678 28. 72.
679 28. 72.
680 28. 72.
681 28. 72.
682 27. 73.
683 27. 73.
684 27. 73.
685 26. 74.
686 25. 75.
687 25. 75.
688 25. 75.
689 24. 76.
690 24. 76.
691 24. 76.
692 24. 76.
693 24. 76.
694 24. 76.
695 24. 76.
696 24. 76.
697 24. 76.
698 24. 76.
699 24. 76.
700 24. 76.
701 25. 75.
702 26. 74.
703 26. 74.
704 26. 74.
705 26. 74.
706 26. 74.
707 26. 74.
708 26. 74.
709 26. 74.
710 26. 74.
711 26. 74.
712 26. 74.
713 27. 73.
714 27. 73.
715 27. 73.
716 27. 73.
717 27. 73.
718 27. 73.
719 28. 72.
720 28. 72.
721 28. 72.
722 28. 72.
723 28. 72.
724 28. 72.
725 27. 73.
726 26. 74.
727 25. 75.
728 25. 75.
729 25. 75.
730 25. 75.
731 25. 75.
732 25. 75.
733 25. 75.
734 25. 75.
735 25. 75.
736 24. 76.
737 25. 75.
738 26. 74.
739 26. 74.
740 25. 75.
741 24. 76.
742 24. 76.
743 24. 76.
744 24. 76.
745 24. 76.
746 24. 76.
747 24. 76.
748 24. 76.
749 24. 76.
750 24. 76.
751 24. 76.
752 24. 76.
753 24. 76.
754 24. 76.
755 24. 76.
756 24. 76.
757 24. 76.
758 24. 76.
759 24. 76.
760 24. 76.
761 24. 76.
762 24. 76.
763 24. 76.
764 24. 76.
765 23. 77.
766 23. 77.
767 23. 77.
768 22. 78.
769 22. 78.
770 22. 78.
771 22. 78.
772 22. 78.
773 22. 78.
774 22. 78.
775 22. 78.
776 22. 78.
777 22. 78.
778 21. 79.
779 21. 79.
780 21. 79.
781 21. 79.
782 22. 78.
783 22. 78.
784 22. 78.
785 22. 78.
786 22. 78.
787 22. 78.
788 22. 78.
789 22. 78.
790 22. 78.
791 23. 77.
792 23. 77.
793 22. 78.
794 22. 78.
795 21. 79.
796 21. 79.
797 20. 80.
798 20. 80.
799 20. 80.
800 20. 80.
801 20. 80.
802 20. 80.
803 20. 80.
804 21. 79.
805 22. 78.
806 22. 78.
807 22. 78.
808 23. 77.
809 22. 78.
810 23. 77.
811 23. 77.
812 23. 77.
813 23. 77.
814 23. 77.
815 23. 77.
816 23. 77.
817 22. 78.
818 22. 78.
819 21. 79.
820 22. 78.
821 22. 78.
822 22. 78.
823 22. 78.
824 22. 78.
825 22. 78.
826 22. 78.
827 23. 77.
828 23. 77.
829 23. 77.
830 23. 77.
831 23. 77.
832 23. 77.
833 23. 77.
834 22. 78.
835 22. 78.
836 23. 77.
837 23. 77.
838 24. 76.
839 23. 77.
840 23. 77.
841 24. 76.
842 24. 76.
843 24. 76.
844 24. 76.
845 24. 76.
846 24. 76.
847 24. 76.
848 25. 75.
849 25. 75.
850 25. 75.
851 26. 74.
852 26. 74.
853 26. 74.
854 26. 74.
855 26. 74.
856 27. 73.
857 27. 73.
858 27. 73.
859 27. 73.
860 27. 73.
861 27. 73.
862 27. 73.
863 28. 72.
864 28. 72.
865 27. 73.
866 28. 72.
867 27. 73.
868 27. 73.
869 27. 73.
870 27. 73.
871 27. 73.
872 27. 73.
873 27. 73.
874 27. 73.
875 27. 73.
876 27. 73.
877 27. 73.
878 28. 72.
879 28. 72.
880 28. 72.
881 28. 72.
882 28. 72.
883 28. 72.
884 28. 72.
885 27. 73.
886 26. 74.
887 26. 74.
888 27. 73.
889 27. 73.
890 27. 73.
891 27. 73.
892 27. 73.
893 28. 72.
894 28. 72.
895 28. 72.
896 28. 72.
897 28. 72.
898 29. 71.
899 29. 71.
900 29. 71.
901 29. 71.
902 29. 71.
903 29. 71.
904 29. 71.
905 29. 71.
906 29. 71.
907 29. 71.
908 28. 72.
909 28. 72.
910 28. 72.
911 28. 72.
912 29. 71.
913 29. 71.
914 29. 71.
915 28. 72.
916 28. 72.
917 28. 72.
918 28. 72.
919 28. 72.
920 28. 72.
921 28. 72.
922 27. 73.
923 28. 72.
924 28. 72.
925 28. 72.
926 28. 72.
927 28. 72.
928 28. 72.
929 27. 73.
930 27. 73.
931 27. 73.
932 27. 73.
933 27. 73.
934 26. 74.
935 25. 75.
936 25. 75.
937 24. 76.
938 24. 76.
939 25. 75.
940 25. 75.
941 25. 75.
942 26. 74.
943 26. 74.
944 26. 74.
945 25. 75.
946 25. 75.
947 26. 74.
948 26. 74.
949 26. 74.
950 26. 74.
951 26. 74.
952 26. 74.
953 26. 74.
954 26. 74.
955 26. 74.
956 26. 74.
957 26. 74.
958 26. 74.
959 26. 74.
960 26. 74.
961 26. 74.
962 26. 74.
963 25. 75.
964 24. 76.
965 24. 76.
966 25. 75.
967 25. 75.
968 25. 75.
969 26. 74.
970 26. 74.
971 26. 74.
972 26. 74.
973 26. 74.
974 26. 74.
975 26. 74.
976 25. 75.
977 25. 75.
978 24. 76.
979 24. 76.
980 23. 77.
981 23. 77.
982 23. 77.
983 22. 78.
984 22. 78.
985 22. 78.
986 23. 77.
987 24. 76.
988 24. 76.
989 24. 76.
990 24. 76.
991 24. 76.
992 24. 76.
993 24. 76.
994 24. 76.
995 25. 75.
996 25. 75.
997 25. 75.
998 25. 75.
999 25. 75.
1000 25. 75.
1001 25. 75.
1002 25. 75.
1003 25. 75.
1004 25. 75.
1005 25. 75.
1006 25. 75.
1007 24. 76.
1008 23. 77.
1009 23. 77.
1010 23. 77.
1011 23. 77.
1012 24. 76.
1013 24. 76.
1014 24. 76.
1015 24. 76.
1016 24. 76.
1017 24. 76.
1018 23. 77.
1019 22. 78.
1020 22. 78.
1021 22. 78.
1022 22. 78.
1023 22. 78.
1024 22. 78.
1025 22. 78.
1026 22. 78.
1027 22. 78.
1028 22. 78.
1029 22. 78.
1030 22. 78.
1031 22. 78.
1032 22. 78.
1033 22. 78.
1034 23. 77.
1035 23. 77.
1036 23. 77.
1037 23. 77.
1038 23. 77.
1039 23. 77.
1040 23. 77.
1041 23. 77.
1042 23. 77.
1043 23. 77.
1044 23. 77.
1045 24. 76.
1046 24. 76.
1047 24. 76.
1048 25. 75.
1049 25. 75.
1050 25. 75.
1051 25. 75.
1052 26. 74.
1053 26. 74.
1054 26. 74.
1055 26. 74.
1056 26. 74.
1057 26. 74.
1058 26. 74.
1059 26. 74.
1060 26. 74.
1061 26. 74.
1062 26. 74.
1063 26. 74.
1064 26. 74.
1065 26. 74.
1066 26. 74.
1067 26. 74.
1068 26. 74.
1069 27. 73.
1070 27. 73.
1071 28. 72.
1072 28. 72.
1073 28. 72.
1074 28. 72.
1075 28. 72.
1076 28. 72.
1077 28. 72.
1078 28. 72.
1079 28. 72.
1080 28. 72.
1081 28. 72.
1082 28. 72.
1083 28. 72.
1084 28. 72.
1085 28. 72.
1086 28. 72.
1087 27. 73.
1088 27. 73.
1089 27. 73.
1090 27. 73.
1091 27. 73.
1092 27. 73.
1093 27. 73.
1094 27. 73.
1095 28. 72.
1096 28. 72.
1097 28. 72.
1098 28. 72.
1099 28. 72.
1100 28. 72.
1101 28. 72.
1102 28. 72.
1103 28. 72.
1104 28. 72.
1105 28. 72.
1106 28. 72.
1107 28. 72.
1108 28. 72.
1109 28. 72.
1110 28. 72.
1111 28. 72.
1112 27. 73.
1113 27. 73.
1114 27. 73.
1115 26. 74.
1116 27. 73.
1117 27. 73.
1118 27. 73.
1119 27. 73.
1120 28. 72.
1121 28. 72.
1122 28. 72.
1123 28. 72.
1124 29. 71.
1125 29. 71.
1126 29. 71.
1127 29. 71.
1128 29. 71.
1129 29. 71.
1130 29. 71.
1131 29. 71.
1132 29. 71.
1133 29. 71.
1134 29. 71.
1135 29. 71.
1136 28. 72.
1137 29. 71.
1138 29. 71.
1139 29. 71.
1140 29. 71.
1141 29. 71.
1142 29. 71.
1143 29. 71.
1144 29. 71.
1145 29. 71.
1146 29. 71.
1147 29. 71.
1148 29. 71.
1149 29. 71.
1150 30. 70.
1151 30. 70.
1152 31. 69.
1153 31. 69.
1154 31. 69.
1155 31. 69.
1156 31. 69.
1157 31. 69.
1158 31. 69.
1159 31. 69.
1160 30. 70.
1161 30. 70.
1162 30. 70.
1163 30. 70.
1164 31. 69.
1165 30. 70.
1166 31. 69.
1167 31. 69.
1168 31. 69.
1169 31. 69.
1170 31. 69.
1171 31. 69.
1172 31. 69.
1173 31. 69.
1174 31. 69.
1175 31. 69.
1176 31. 69.
1177 31. 69.
1178 31. 69.
1179 31. 69.
1180 31. 69.
1181 31. 69.
1182 31. 69.
1183 31. 69.
1184 31. 69.
1185 31. 69.
1186 31. 69.
1187 31. 69.
1188 31. 69.
1189 31. 69.
1190 30. 70.
1191 30. 70.
1192 30. 70.
1193 30. 70.
1194 29. 71.
1195 29. 71.
1196 29. 71.
1197 30. 70.
1198 30. 70.
1199 30. 70.
1200 30. 70.
1201 30. 70.
1202 30. 70.
1203 30. 70.
1204 30. 70.
1205 30. 70.
1206 30. 70.
1207 30. 70.
1208 31. 69.
1209 30. 70.
1210 30. 70.
1211 29. 71.
1212 29. 71.
1213 29. 71.
1214 30. 70.
1215 30. 70.
1216 30. 70.
1217 30. 70.
1218 30. 70.
1219 30. 70.
1220 30. 70.
1221 30. 70.
1222 30. 70.
1223 30. 70.
1224 30. 70.
1225 29. 71.
1226 29. 71.
1227 29. 71.
1228 28. 72.
1229 28. 72.
1230 28. 72.
1231 28. 72.
1232 28. 72.
1233 28. 72.
1234 28. 72.
1235 28. 72.
1236 28. 72.
1237 28. 72.
1238 28. 72.
1239 28. 72.
1240 28. 72.
1241 28. 72.
1242 28. 72.
1243 28. 72.
1244 27. 73.
1245 27. 73.
1246 28. 72.
1247 28. 72.
1248 28. 72.
1249 27. 73.
1250 27. 73.
1251 27. 73.
1252 27. 73.
1253 26. 74.
1254 26. 74.
1255 26. 74.
1256 26. 74.
1257 26. 74.
1258 27. 73.
1259 27. 73.
1260 27. 73.
1261 27. 73.
1262 27. 73.
1263 27. 73.
1264 28. 72.
1265 28. 72.
1266 28. 72.
1267 28. 72.
1268 28. 72.
1269 28. 72.
1270 28. 72.
1271 28. 72.
1272 28. 72.
1273 28. 72.
1274 29. 71.
1275 29. 71.
1276 29. 71.
1277 29. 71.
1278 29. 71.
1279 29. 71.
1280 29. 71.
1281 30. 70.
1282 30. 70.
1283 30. 70.
1284 31. 69.
1285 31. 69.
1286 31. 69.
1287 32. 68.
1288 32. 68.
1289 32. 68.
1290 32. 68.
1291 32. 68.
1292 32. 68.
1293 32. 68.
1294 32. 68.
1295 32. 68.
1296 32. 68.
1297 32. 68.
1298 32. 68.
1299 32. 68.
1300 32. 68.
1301 32. 68.
1302 32. 68.
1303 32. 68.
1304 32. 68.
1305 32. 68.
1306 32. 68.
1307 32. 68.
1308 33. 67.
1309 33. 67.
1310 33. 67.
1311 33. 67.
1312 33. 67.
1313 32. 68.
1314 32. 68.
1315 32. 68.
1316 32. 68.
1317 32. 68.
1318 32. 68.
1319 31. 69.
1320 31. 69.
1321 31. 69.
1322 31. 69.
1323 31. 69.
1324 31. 69.
1325 31. 69.
1326 31. 69.
1327 31. 69.
1328 31. 69.
1329 31. 69.
1330 32. 68.
1331 33. 67.
1332 34. 66.
1333 34. 66.
1334 34. 66.
1335 34. 66.
1336 35. 65.
1337 35. 65.
1338 36. 64.
1339 36. 64.
1340 36. 64.
1341 36. 64.
1342 36. 64.
1343 36. 64.
1344 36. 64.
1345 36. 64.
1346 36. 64.
1347 36. 64.
1348 35. 65.
1349 35. 65.
1350 35. 65.
1351 35. 65.
1352 35. 65.
1353 34. 66.
1354 33. 67.
1355 33. 67.
1356 33. 67.
1357 33. 67.
1358 33. 67.
1359 33. 67.
1360 33. 67.
1361 33. 67.
1362 33. 67.
1363 32. 68.
1364 32. 68.
1365 32. 68.
1366 32. 68.
1367 31. 69.
1368 31. 69.
1369 31. 69.
1370 31. 69.
1371 32. 68.
1372 33. 67.
1373 33. 67.
1374 33. 67.
1375 33. 67.
1376 32. 68.
1377 32. 68.
1378 32. 68.
1379 32. 68.
1380 32. 68.
1381 32. 68.
1382 32. 68.
1383 32. 68.
1384 32. 68.
1385 32. 68.
1386 32. 68.
1387 32. 68.
1388 32. 68.
1389 32. 68.
1390 32. 68.
1391 31. 69.
1392 32. 68.
1393 32. 68.
1394 32. 68.
1395 32. 68.
1396 32. 68.
1397 32. 68.
1398 32. 68.
1399 31. 69.
1400 31. 69.
1401 31. 69.
1402 31. 69.
1403 30. 70.
1404 30. 70.
1405 30. 70.
1406 30. 70.
1407 30. 70.
1408 31. 69.
1409 31. 69.
1410 30. 70.
1411 30. 70.
1412 30. 70.
1413 30. 70.
1414 30. 70.
1415 30. 70.
1416 29. 71.
1417 29. 71.
1418 29. 71.
1419 29. 71.
1420 29. 71.
1421 29. 71.
1422 29. 71.
1423 29. 71.
1424 29. 71.
1425 29. 71.
1426 28. 72.
1427 28. 72.
1428 28. 72.
1429 28. 72.
1430 28. 72.
1431 28. 72.
1432 28. 72.
1433 28. 72.
1434 28. 72.
1435 28. 72.
1436 28. 72.
1437 28. 72.
1438 28. 72.
1439 28. 72.
1440 28. 72.
1441 28. 72.
1442 28. 72.
1443 28. 72.
1444 28. 72.
1445 29. 71.
1446 29. 71.
1447 29. 71.
1448 29. 71.
1449 29. 71.
1450 29. 71.
1451 29. 71.
1452 29. 71.
1453 29. 71.
1454 30. 70.
1455 30. 70.
1456 30. 70.
1457 30. 70.
1458 30. 70.
1459 29. 71.
1460 29. 71.
1461 29. 71.
1462 29. 71.
1463 29. 71.
1464 29. 71.
1465 29. 71.
1466 29. 71.
1467 29. 71.
1468 29. 71.
1469 29. 71.
1470 29. 71.
1471 29. 71.
1472 29. 71.
1473 29. 71.
1474 29. 71.
1475 28. 72.
1476 28. 72.
1477 28. 72.
1478 28. 72.
1479 28. 72.
1480 28. 72.
1481 28. 72.
1482 28. 72.
1483 28. 72.
1484 28. 72.
1485 27. 73.
1486 26. 74.
1487 26. 74.
1488 27. 73.
1489 27. 73.
1490 27. 73.
1491 27. 73.
1492 27. 73.
1493 27. 73.
1494 27. 73.
1495 27. 73.
1496 27. 73.
1497 27. 73.
1498 27. 73.
1499 27. 73.
1500 27. 73.
1501 27. 73.
1502 27. 73.
1503 26. 74.
1504 26. 74.
1505 27. 73.
1506 27. 73.
1507 27. 73.
1508 27. 73.
1509 27. 73.
1510 27. 73.
1511 28. 72.
1512 28. 72.
1513 28. 72.
1514 27. 73.
1515 27. 73.
1516 27. 73.
1517 28. 72.
1518 28. 72.
1519 28. 72.
1520 28. 72.
1521 27. 73.
1522 27. 73.
1523 27. 73.
1524 27. 73.
1525 27. 73.
1526 27. 73.
1527 27. 73.
1528 27. 73.
1529 27. 73.
1530 26. 74.
1531 26. 74.
1532 26. 74.
1533 26. 74.
1534 26. 74.
1535 26. 74.
1536 26. 74.
1537 26. 74.
1538 26. 74.
1539 26. 74.
1540 27. 73.
1541 27. 73.
1542 27. 73.
1543 27. 73.
1544 27. 73.
1545 27. 73.
1546 27. 73.
1547 27. 73.
1548 26. 74.
1549 26. 74.
1550 26. 74.
1551 26. 74.
1552 27. 73.
1553 27. 73.
1554 27. 73.
1555 27. 73.
1556 27. 73.
1557 27. 73.
1558 27. 73.
1559 27. 73.
1560 27. 73.
1561 27. 73.
1562 27. 73.
1563 27. 73.
1564 27. 73.
1565 27. 73.
1566 27. 73.
1567 27. 73.
1568 27. 73.
1569 27. 73.
1570 28. 72.
1571 28. 72.
1572 28. 72.
1573 27. 73.
1574 27. 73.
1575 27. 73.
1576 27. 73.
1577 27. 73.
1578 27. 73.
1579 27. 73.
1580 27. 73.
1581 27. 73.
1582 27. 73.
1583 27. 73.
1584 27. 73.
1585 27. 73.
1586 27. 73.
1587 27. 73.
1588 27. 73.
1589 27. 73.
1590 27. 73.
1591 26. 74.
1592 26. 74.
1593 27. 73.
1594 28. 72.
1595 28. 72.
1596 28. 72.
1597 28. 72.
1598 27. 73.
1599 27. 73.
1600 27. 73.
1601 26. 74.
1602 26. 74.
1603 25. 75.
1604 24. 76.
1605 23. 77.
1606 22. 78.
1607 22. 78.
1608 21. 79.
1609 22. 78.
1610 22. 78.
1611 22. 78.
1612 22. 78.
1613 23. 77.
1614 24. 76.
1615 25. 75.
1616 25. 75.
1617 25. 75.
1618 25. 75.
1619 25. 75.
1620 25. 75.
1621 24. 76.
1622 23. 77.
1623 23. 77.
1624 23. 77.
1625 23. 77.
1626 23. 77.
1627 24. 76.
1628 24. 76.
1629 25. 75.
1630 25. 75.
1631 25. 75.
1632 25. 75.
1633 25. 75.
1634 25. 75.
1635 25. 75.
1636 24. 76.
1637 24. 76.
1638 23. 77.
1639 23. 77.
1640 23. 77.
1641 23. 77.
1642 23. 77.
1643 24. 76.
1644 25. 75.
1645 25. 75.
1646 25. 75.
1647 25. 75.
1648 24. 76.
1649 24. 76.
1650 23. 77.
1651 23. 77.
1652 24. 76.
1653 24. 76.
1654 24. 76.
1655 24. 76.
1656 24. 76.
1657 24. 76.
1658 23. 77.
1659 23. 77.
1660 23. 77.
1661 23. 77.
1662 22. 78.
1663 22. 78.
1664 23. 77.
1665 23. 77.
1666 23. 77.
1667 22. 78.
1668 22. 78.
1669 22. 78.
1670 22. 78.
1671 21. 79.
1672 21. 79.
1673 21. 79.
1674 21. 79.
1675 21. 79.
1676 21. 79.
1677 21. 79.
1678 21. 79.
1679 21. 79.
1680 21. 79.
1681 21. 79.
1682 21. 79.
1683 21. 79.
1684 20. 80.
1685 20. 80.
1686 19. 81.
1687 19. 81.
1688 19. 81.
1689 19. 81.
1690 19. 81.
1691 19. 81.
1692 19. 81.
1693 19. 81.
1694 19. 81.
1695 19. 81.
1696 19. 81.
1697 19. 81.
1698 19. 81.
1699 18. 82.
1700 18. 82.
1701 18. 82.
1702 18. 82.
1703 18. 82.
1704 18. 82.
1705 18. 82.
1706 18. 82.
1707 18. 82.
1708 18. 82.
1709 18. 82.
1710 18. 82.
1711 18. 82.
1712 17. 83.
1713 17. 83.
1714 17. 83.
1715 17. 83.
1716 17. 83.
1717 16. 84.
1718 16. 84.
1719 17. 83.
1720 17. 83.
1721 16. 84.
1722 16. 84.
1723 16. 84.
1724 16. 84.
1725 16. 84.
1726 16. 84.
1727 16. 84.
1728 16. 84.
1729 17. 83.
1730 17. 83.
1731 17. 83.
1732 17. 83.
1733 17. 83.
1734 17. 83.
1735 16. 84.
1736 16. 84.
1737 16. 84.
1738 16. 84.
1739 16. 84.
1740 16. 84.
1741 16. 84.
1742 16. 84.
1743 17. 83.
1744 17. 83.
1745 17. 83.
1746 17. 83.
1747 17. 83.
1748 17. 83.
1749 17. 83.
1750 17. 83.
1751 17. 83.
1752 17. 83.
1753 17. 83.
1754 17. 83.
1755 17. 83.
1756 17. 83.
1757 17. 83.
1758 17. 83.
1759 17. 83.
1760 18. 82.
1761 18. 82.
1762 19. 81.
1763 19. 81.
1764 19. 81.
1765 19. 81.
1766 19. 81.
1767 19. 81.
1768 19. 81.
1769 19. 81.
1770 19. 81.
1771 19. 81.
1772 19. 81.
1773 19. 81.
1774 19. 81.
1775 19. 81.
1776 19. 81.
1777 19. 81.
1778 18. 82.
1779 18. 82.
1780 18. 82.
1781 17. 83.
1782 18. 82.
1783 18. 82.
1784 18. 82.
1785 18. 82.
1786 18. 82.
1787 18. 82.
1788 18. 82.
1789 18. 82.
1790 18. 82.
1791 17. 83.
1792 17. 83.
1793 17. 83.
1794 17. 83.
1795 17. 83.
1796 17. 83.
1797 17. 83.
1798 17. 83.
1799 17. 83.
1800 17. 83.
1801 17. 83.
1802 17. 83.
1803 17. 83.
1804 17. 83.
1805 17. 83.
1806 17. 83.
1807 17. 83.
1808 17. 83.
1809 16. 84.
1810 16. 84.
1811 16. 84.
1812 16. 84.
1813 16. 84.
1814 16. 84.
1815 15. 85.
1816 15. 85.
1817 15. 85.
1818 15. 85.
1819 15. 85.
1820 15. 85.
1821 15. 85.
1822 15. 85.
1823 14. 86.
1824 14. 86.
1825 15. 85.
1826 15. 85.
1827 15. 85.
1828 15. 85.
1829 15. 85.
1830 15. 85.
1831 15. 85.
1832 15. 85.
1833 15. 85.
1834 16. 84.
1835 16. 84.
1836 16. 84.
1837 16. 84.
1838 16. 84.
1839 16. 84.
1840 16. 84.
1841 15. 85.
1842 15. 85.
1843 15. 85.
1844 15. 85.
1845 15. 85.
1846 15. 85.
1847 15. 85.
1848 15. 85.
1849 15. 85.
1850 15. 85.
1851 15. 85.
1852 15. 85.
1853 14. 86.
1854 14. 86.
1855 14. 86.
1856 14. 86.
1857 14. 86.
1858 14. 86.
1859 13. 87.
1860 13. 87.
1861 13. 87.
1862 13. 87.
1863 13. 87.
1864 13. 87.
1865 13. 87.
1866 13. 87.
1867 13. 87.
1868 13. 87.
1869 13. 87.
1870 13. 87.
1871 13. 87.
1872 13. 87.
1873 13. 87.
1874 13. 87.
1875 13. 87.
1876 13. 87.
1877 14. 86.
1878 14. 86.
1879 14. 86.
1880 14. 86.
1881 14. 86.
1882 14. 86.
1883 14. 86.
1884 14. 86.
1885 13. 87.
1886 13. 87.
1887 13. 87.
1888 13. 87.
1889 13. 87.
1890 13. 87.
1891 13. 87.
1892 13. 87.
1893 13. 87.
1894 13. 87.
1895 13. 87.
1896 13. 87.
1897 13. 87.
1898 13. 87.
1899 13. 87.
1900 13. 87.
1901 13. 87.
1902 13. 87.
1903 13. 87.
1904 13. 87.
1905 13. 87.
1906 13. 87.
1907 13. 87.
1908 13. 87.
1909 13. 87.
1910 13. 87.
1911 13. 87.
1912 13. 87.
1913 13. 87.
1914 14. 86.
1915 14. 86.
1916 14. 86.
1917 14. 86.
1918 14. 86.
1919 14. 86.
1920 14. 86.
1921 14. 86.
1922 14. 86.
1923 14. 86.
1924 14. 86.
1925 14. 86.
1926 14. 86.
1927 14. 86.
1928 14. 86.
1929 14. 86.
1930 14. 86.
1931 14. 86.
1932 15. 85.
1933 15. 85.
1934 15. 85.
1935 15. 85.
1936 15. 85.
1937 15. 85.
1938 15. 85.
1939 15. 85.
1940 15. 85.
1941 15. 85.
1942 15. 85.
1943 15. 85.
1944 15. 85.
1945 14. 86.
1946 15. 85.
1947 15. 85.
1948 15. 85.
1949 15. 85.
1950 14. 86.
1951 14. 86.
1952 14. 86.
1953 14. 86.
1954 14. 86.
1955 14. 86.
1956 14. 86.
1957 14. 86.
1958 14. 86.
1959 15. 85.
1960 15. 85.
1961 15. 85.
1962 15. 85.
1963 15. 85.
1964 15. 85.
1965 15. 85.
1966 15. 85.
1967 14. 86.
1968 14. 86.
1969 14. 86.
1970 14. 86.
1971 15. 85.
1972 15. 85.
1973 15. 85.
1974 15. 85.
1975 15. 85.
1976 15. 85.
1977 15. 85.
1978 15. 85.
1979 15. 85.
1980 15. 85.
1981 15. 85.
1982 15. 85.
1983 15. 85.
1984 16. 84.
1985 16. 84.
1986 16. 84.
1987 16. 84.
1988 16. 84.
1989 17. 83.
1990 17. 83.
1991 17. 83.
1992 17. 83.
1993 17. 83.
1994 18. 82.
1995 18. 82.
1996 18. 82.
1997 18. 82.
1998 18. 82.
1999 18. 82.
2000 18. 82.
2001 18. 82.
2002 19. 81.
2003 19. 81.
2004 19. 81.
2005 19. 81.
2006 19. 81.
2007 19. 81.
2008 19. 81.
2009 19. 81.
2010 19. 81.
2011 19. 81.
2012 19. 81.
2013 20. 80.
2014 20. 80.
2015 20. 80.
2016 20. 80.
2017 20. 80.
2018 20. 80.
2019 20. 80.
2020 20. 80.
2021 19. 81.
2022 19. 81.
2023 19. 81.
2024 18. 82.
2025 18. 82.
2026 18. 82.
2027 17. 83.
2028 17. 83.
2029 17. 83.
2030 17. 83.
2031 17. 83.
2032 17. 83.
2033 17. 83.
2034 17. 83.
2035 16. 84.
2036 15. 85.
2037 16. 84.
2038 16. 84.
2039 17. 83.
2040 17. 83.
2041 17. 83.
2042 18. 82.
2043 18. 82.
2044 18. 82.
2045 18. 82.
2046 18. 82.
2047 18. 82.
2048 18. 82.
2049 18. 82.
2050 18. 82.
2051 18. 82.
2052 17. 83.
2053 17. 83.
2054 17. 83.
2055 17. 83.
2056 17. 83.
2057 17. 83.
2058 17. 83.
2059 17. 83.
2060 17. 83.
2061 17. 83.
2062 17. 83.
2063 17. 83.
2064 17. 83.
2065 17. 83.
2066 17. 83.
2067 17. 83.
2068 17. 83.
2069 17. 83.
2070 17. 83.
2071 17. 83.
2072 16. 84.
2073 16. 84.
2074 16. 84.
2075 16. 84.
2076 16. 84.
2077 16. 84.
2078 16. 84.
2079 16. 84.
2080 16. 84.
2081 16. 84.
2082 16. 84.
2083 16. 84.
2084 16. 84.
2085 16. 84.
2086 16. 84.
2087 16. 84.
2088 16. 84.
2089 16. 84.
2090 16. 84.
2091 17. 83.
2092 17. 83.
2093 17. 83.
2094 18. 82.
2095 18. 82.
2096 17. 83.
2097 17. 83.
2098 17. 83.
2099 17. 83.
2100 17. 83.
2101 17. 83.
2102 17. 83.
2103 17. 83.
2104 17. 83.
2105 17. 83.
2106 17. 83.
2107 17. 83.
2108 17. 83.
2109 17. 83.
2110 17. 83.
2111 17. 83.
2112 17. 83.
2113 17. 83.
2114 17. 83.
2115 17. 83.
2116 17. 83.
2117 17. 83.
2118 18. 82.
2119 18. 82.
2120 18. 82.
2121 18. 82.
2122 18. 82.
2123 18. 82.
2124 18. 82.
2125 18. 82.
2126 18. 82.
2127 18. 82.
2128 18. 82.
2129 18. 82.
2130 18. 82.
2131 18. 82.
2132 18. 82.
2133 18. 82.
2134 18. 82.
2135 18. 82.
2136 18. 82.
2137 19. 81.
2138 19. 81.
2139 19. 81.
2140 19. 81.
2141 19. 81.
2142 19. 81.
2143 19. 81.
2144 19. 81.
2145 19. 81.
2146 19. 81.
2147 19. 81.
2148 19. 81.
2149 19. 81.
2150 19. 81.
2151 19. 81.
2152 19. 81.
2153 19. 81.
2154 19. 81.
2155 19. 81.
2156 19. 81.
2157 19. 81.
2158 19. 81.
2159 19. 81.
2160 19. 81.
2161 19. 81.
2162 19. 81.
2163 19. 81.
2164 19. 81.
2165 19. 81.
2166 19. 81.
2167 19. 81.
2168 19. 81.
2169 19. 81.
2170 18. 82.
2171 18. 82.
2172 18. 82.
2173 17. 83.
2174 17. 83.
2175 17. 83.
2176 17. 83.
2177 17. 83.
2178 17. 83.
2179 17. 83.
2180 17. 83.
2181 17. 83.
2182 17. 83.
2183 17. 83.
2184 17. 83.
2185 17. 83.
2186 17. 83.
2187 18. 82.
2188 18. 82.
2189 18. 82.
2190 18. 82.
2191 18. 82.
2192 18. 82.
2193 18. 82.
2194 18. 82.
2195 17. 83.
2196 17. 83.
2197 17. 83.
2198 17. 83.
2199 17. 83.
2200 17. 83.
2201 17. 83.
2202 17. 83.
2203 17. 83.
2204 17. 83.
2205 17. 83.
2206 17. 83.
2207 17. 83.
2208 18. 82.
2209 18. 82.
2210 18. 82.
2211 18. 82.
2212 17. 83.
2213 16. 84.
2214 16. 84.
2215 16. 84.
2216 15. 85.
2217 15. 85.
2218 15. 85.
2219 15. 85.
2220 15. 85.
2221 15. 85.
2222 15. 85.
2223 15. 85.
2224 15. 85.
2225 15. 85.
2226 16. 84.
2227 16. 84.
2228 16. 84.
2229 15. 85.
2230 15. 85.
2231 15. 85.
2232 16. 84.
2233 16. 84.
2234 16. 84.
2235 16. 84.
2236 16. 84.
2237 16. 84.
2238 16. 84.
2239 16. 84.
2240 16. 84.
2241 15. 85.
2242 15. 85.
2243 15. 85.
2244 15. 85.
2245 15. 85.
2246 15. 85.
2247 14. 86.
2248 14. 86.
2249 14. 86.
2250 14. 86.
2251 14. 86.
2252 14. 86.
2253 14. 86.
2254 14. 86.
2255 14. 86.
2256 14. 86.
2257 14. 86.
2258 14. 86.
2259 14. 86.
2260 14. 86.
2261 14. 86.
2262 13. 87.
2263 13. 87.
2264 13. 87.
2265 13. 87.
2266 13. 87.
2267 13. 87.
2268 13. 87.
2269 13. 87.
2270 13. 87.
2271 13. 87.
2272 13. 87.
2273 13. 87.
2274 13. 87.
2275 13. 87.
2276 13. 87.
2277 13. 87.
2278 14. 86.
2279 14. 86.
2280 14. 86.
2281 14. 86.
2282 14. 86.
2283 14. 86.
2284 14. 86.
2285 14. 86.
2286 14. 86.
2287 13. 87.
2288 12. 88.
2289 12. 88.
2290 12. 88.
2291 12. 88.
2292 12. 88.
2293 12. 88.
2294 12. 88.
2295 12. 88.
2296 11. 89.
2297 11. 89.
2298 11. 89.
2299 11. 89.
2300 11. 89.
2301 12. 88.
2302 12. 88.
2303 12. 88.
2304 12. 88.
2305 12. 88.
2306 12. 88.
2307 12. 88.
2308 13. 87.
2309 13. 87.
2310 13. 87.
2311 13. 87.
2312 13. 87.
2313 13. 87.
2314 13. 87.
2315 13. 87.
2316 13. 87.
2317 14. 86.
2318 14. 86.
2319 14. 86.
2320 14. 86.
2321 13. 87.
2322 13. 87.
2323 13. 87.
2324 13. 87.
2325 12. 88.
2326 12. 88.
2327 12. 88.
2328 12. 88.
2329 12. 88.
2330 12. 88.
2331 12. 88.
2332 12. 88.
2333 12. 88.
2334 11. 89.
2335 11. 89.
2336 11. 89.
2337 11. 89.
2338 11. 89.
2339 11. 89.
2340 11. 89.
2341 11. 89.
2342 11. 89.
2343 11. 89.
2344 12. 88.
2345 12. 88.
2346 12. 88.
2347 12. 88.
2348 12. 88.
2349 12. 88.
2350 13. 87.
2351 13. 87.
2352 13. 87.
2353 13. 87.
2354 13. 87.
2355 13. 87.
2356 14. 86.
2357 14. 86.
2358 14. 86.
2359 14. 86.
2360 14. 86.
2361 14. 86.
2362 14. 86.
2363 14. 86.
2364 14. 86.
2365 14. 86.
2366 14. 86.
2367 14. 86.
2368 14. 86.
2369 14. 86.
2370 15. 85.
2371 15. 85.
2372 15. 85.
2373 15. 85.
2374 15. 85.
2375 15. 85.
2376 15. 85.
2377 14. 86.
2378 14. 86.
2379 14. 86.
2380 14. 86.
2381 14. 86.
2382 14. 86.
2383 14. 86.
2384 14. 86.
2385 14. 86.
2386 14. 86.
2387 15. 85.
2388 15. 85.
2389 16. 84.
2390 16. 84.
2391 16. 84.
2392 15. 85.
2393 15. 85.
2394 15. 85.
2395 15. 85.
2396 16. 84.
2397 16. 84.
2398 16. 84.
2399 16. 84.
2400 15. 85.
2401 15. 85.
2402 14. 86.
2403 14. 86.
2404 14. 86.
2405 14. 86.
2406 14. 86.
2407 14. 86.
2408 14. 86.
2409 14. 86.
2410 14. 86.
2411 14. 86.
2412 14. 86.
2413 14. 86.
2414 14. 86.
2415 14. 86.
2416 14. 86.
2417 14. 86.
2418 14. 86.
2419 14. 86.
2420 14. 86.
2421 14. 86.
2422 14. 86.
2423 14. 86.
2424 14. 86.
2425 13. 87.
2426 13. 87.
2427 13. 87.
2428 14. 86.
2429 14. 86.
2430 14. 86.
2431 14. 86.
2432 14. 86.
2433 14. 86.
2434 14. 86.
2435 14. 86.
2436 14. 86.
2437 14. 86.
2438 14. 86.
2439 14. 86.
2440 14. 86.
2441 14. 86.
2442 14. 86.
2443 14. 86.
2444 13. 87.
2445 13. 87.
2446 13. 87.
2447 13. 87.
2448 13. 87.
2449 13. 87.
2450 13. 87.
2451 13. 87.
2452 13. 87.
2453 13. 87.
2454 13. 87.
2455 13. 87.
2456 13. 87.
2457 13. 87.
2458 13. 87.
2459 13. 87.
2460 12. 88.
2461 12. 88.
2462 12. 88.
2463 12. 88.
2464 12. 88.
2465 12. 88.
2466 12. 88.
2467 12. 88.
2468 12. 88.
2469 12. 88.
2470 12. 88.
2471 11. 89.
2472 11. 89.
2473 11. 89.
2474 11. 89.
2475 11. 89.
2476 11. 89.
2477 11. 89.
2478 11. 89.
2479 11. 89.
2480 11. 89.
2481 10. 90.
2482 10. 90.
2483 10. 90.
2484 10. 90.
2485 10. 90.
2486 10. 90.
2487 10. 90.
2488 10. 90.
2489 10. 90.
2490 10. 90.
2491 10. 90.
2492 11. 89.
2493 11. 89.
2494 11. 89.
2495 11. 89.
2496 11. 89.
2497 11. 89.
2498 11. 89.
2499 10. 90.
2500 10. 90.
2501 10. 90.
2502 10. 90.
2503 10. 90.
2504 10. 90.
2505 10. 90.
2506 10. 90.
2507 10. 90.
2508 9. 91.
2509 9. 91.
2510 10. 90.
2511 10. 90.
2512 10. 90.
2513 11. 89.
2514 11. 89.
2515 11. 89.
2516 11. 89.
2517 11. 89.
2518 12. 88.
2519 12. 88.
2520 12. 88.
2521 12. 88.
2522 12. 88.
2523 12. 88.
2524 13. 87.
2525 12. 88.
2526 11. 89.
2527 11. 89.
2528 12. 88.
2529 12. 88.
2530 12. 88.
2531 12. 88.
2532 12. 88.
2533 12. 88.
2534 12. 88.
2535 12. 88.
2536 11. 89.
2537 11. 89.
2538 12. 88.
2539 12. 88.
2540 13. 87.
2541 13. 87.
2542 13. 87.
2543 13. 87.
2544 13. 87.
2545 13. 87.
2546 13. 87.
2547 13. 87.
2548 13. 87.
2549 13. 87.
2550 13. 87.
2551 13. 87.
2552 13. 87.
2553 13. 87.
2554 13. 87.
2555 13. 87.
2556 13. 87.
2557 13. 87.
2558 14. 86.
2559 14. 86.
2560 14. 86.
2561 14. 86.
2562 13. 87.
2563 13. 87.
2564 13. 87.
2565 13. 87.
2566 13. 87.
2567 14. 86.
2568 15. 85.
2569 15. 85.
2570 15. 85.
2571 15. 85.
2572 15. 85.
2573 15. 85.
2574 15. 85.
2575 15. 85.
2576 15. 85.
2577 15. 85.
2578 15. 85.
2579 15. 85.
2580 15. 85.
2581 15. 85.
2582 15. 85.
2583 15. 85.
2584 15. 85.
2585 15. 85.
2586 15. 85.
2587 15. 85.
2588 16. 84.
2589 16. 84.
2590 15. 85.
2591 15. 85.
2592 14. 86.
2593 14. 86.
2594 14. 86.
2595 14. 86.
2596 14. 86.
2597 14. 86.
2598 14. 86.
2599 14. 86.
2600 15. 85.
2601 14. 86.
2602 14. 86.
2603 14. 86.
2604 13. 87.
2605 13. 87.
2606 13. 87.
2607 13. 87.
2608 13. 87.
2609 12. 88.
2610 12. 88.
2611 12. 88.
2612 12. 88.
2613 12. 88.
2614 12. 88.
2615 12. 88.
2616 12. 88.
2617 12. 88.
2618 12. 88.
2619 12. 88.
2620 12. 88.
2621 12. 88.
2622 12. 88.
2623 12. 88.
2624 12. 88.
2625 12. 88.
2626 12. 88.
2627 12. 88.
2628 12. 88.
2629 12. 88.
2630 12. 88.
2631 12. 88.
2632 12. 88.
2633 11. 89.
2634 11. 89.
2635 11. 89.
2636 12. 88.
2637 12. 88.
2638 12. 88.
2639 12. 88.
2640 12. 88.
2641 12. 88.
2642 12. 88.
2643 11. 89.
2644 11. 89.
2645 12. 88.
2646 12. 88.
2647 12. 88.
2648 12. 88.
2649 12. 88.
2650 12. 88.
2651 12. 88.
2652 12. 88.
2653 12. 88.
2654 12. 88.
2655 12. 88.
2656 12. 88.
2657 12. 88.
2658 12. 88.
2659 12. 88.
2660 12. 88.
2661 12. 88.
2662 12. 88.
2663 12. 88.
2664 12. 88.
2665 12. 88.
2666 12. 88.
2667 12. 88.
2668 12. 88.
2669 12. 88.
2670 12. 88.
2671 12. 88.
2672 12. 88.
2673 12. 88.
2674 12. 88.
2675 12. 88.
2676 12. 88.
2677 11. 89.
2678 11. 89.
2679 10. 90.
2680 11. 89.
2681 12. 88.
2682 12. 88.
2683 12. 88.
2684 12. 88.
2685 12. 88.
2686 12. 88.
2687 12. 88.
2688 12. 88.
2689 12. 88.
2690 12. 88.
2691 12. 88.
2692 12. 88.
2693 12. 88.
2694 12. 88.
2695 12. 88.
2696 12. 88.
2697 12. 88.
2698 12. 88.
2699 12. 88.
2700 12. 88.
2701 11. 89.
2702 11. 89.
2703 12. 88.
2704 12. 88.
2705 12. 88.
2706 13. 87.
2707 13. 87.
2708 14. 86.
2709 14. 86.
2710 14. 86.
2711 13. 87.
2712 13. 87.
2713 13. 87.
2714 13. 87.
2715 13. 87.
2716 13. 87.
2717 13. 87.
2718 14. 86.
2719 14. 86.
2720 14. 86.
2721 14. 86.
2722 14. 86.
2723 14. 86.
2724 13. 87.
2725 14. 86.
2726 14. 86.
2727 14. 86.
2728 14. 86.
2729 14. 86.
2730 14. 86.
2731 14. 86.
2732 14. 86.
2733 14. 86.
2734 14. 86.
2735 14. 86.
2736 14. 86.
2737 14. 86.
2738 14. 86.
2739 14. 86.
2740 14. 86.
2741 14. 86.
2742 13. 87.
2743 13. 87.
2744 13. 87.
2745 13. 87.
2746 13. 87.
2747 13. 87.
2748 13. 87.
2749 13. 87.
2750 13. 87.
2751 13. 87.
2752 13. 87.
2753 13. 87.
2754 13. 87.
2755 12. 88.
2756 12. 88.
2757 12. 88.
2758 12. 88.
2759 12. 88.
2760 13. 87.
2761 13. 87.
2762 13. 87.
2763 13. 87.
2764 13. 87.
2765 13. 87.
2766 13. 87.
2767 13. 87.
2768 13. 87.
2769 13. 87.
2770 13. 87.
2771 12. 88.
2772 12. 88.
2773 12. 88.
2774 12. 88.
2775 12. 88.
2776 12. 88.
2777 12. 88.
2778 11. 89.
2779 11. 89.
2780 11. 89.
2781 11. 89.
2782 11. 89.
2783 11. 89.
2784 11. 89.
2785 11. 89.
2786 11. 89.
2787 11. 89.
2788 11. 89.
2789 11. 89.
2790 11. 89.
2791 11. 89.
2792 11. 89.
2793 11. 89.
2794 11. 89.
2795 11. 89.
2796 12. 88.
2797 12. 88.
2798 12. 88.
2799 12. 88.
2800 12. 88.
2801 12. 88.
2802 11. 89.
2803 11. 89.
2804 11. 89.
2805 12. 88.
2806 12. 88.
2807 12. 88.
2808 12. 88.
2809 12. 88.
2810 12. 88.
2811 12. 88.
2812 12. 88.
2813 12. 88.
2814 12. 88.
2815 12. 88.
2816 12. 88.
2817 12. 88.
2818 12. 88.
2819 12. 88.
2820 12. 88.
2821 12. 88.
2822 12. 88.
2823 12. 88.
2824 12. 88.
2825 12. 88.
2826 12. 88.
2827 12. 88.
2828 12. 88.
2829 12. 88.
2830 12. 88.
2831 12. 88.
2832 12. 88.
2833 12. 88.
2834 12. 88.
2835 12. 88.
2836 13. 87.
2837 14. 86.
2838 14. 86.
2839 14. 86.
2840 14. 86.
2841 14. 86.
2842 14. 86.
2843 14. 86.
2844 14. 86.
2845 14. 86.
2846 14. 86.
2847 13. 87.
2848 13. 87.
2849 13. 87.
2850 13. 87.
2851 13. 87.
2852 13. 87.
2853 13. 87.
2854 13. 87.
2855 13. 87.
2856 13. 87.
2857 13. 87.
2858 13. 87.
2859 13. 87.
2860 13. 87.
2861 13. 87.
2862 13. 87.
2863 13. 87.
2864 13. 87.
2865 13. 87.
2866 14. 86.
2867 14. 86.
2868 13. 87.
2869 13. 87.
2870 12. 88.
2871 12. 88.
2872 12. 88.
2873 12. 88.
2874 12. 88.
2875 12. 88.
2876 12. 88.
2877 12. 88.
2878 12. 88.
2879 12. 88.
2880 12. 88.
2881 13. 87.
2882 13. 87.
2883 13. 87.
2884 13. 87.
2885 13. 87.
2886 13. 87.
2887 13. 87.
2888 13. 87.
2889 13. 87.
2890 13. 87.
2891 13. 87.
2892 12. 88.
2893 12. 88.
2894 13. 87.
2895 13. 87.
2896 13. 87.
2897 13. 87.
2898 12. 88.
2899 11. 89.
2900 11. 89.
2901 11. 89.
2902 11. 89.
2903 11. 89.
2904 11. 89.
2905 11. 89.
2906 11. 89.
2907 11. 89.
2908 11. 89.
2909 11. 89.
2910 11. 89.
2911 11. 89.
2912 11. 89.
2913 11. 89.
2914 11. 89.
2915 11. 89.
2916 11. 89.
2917 11. 89.
2918 11. 89.
2919 10. 90.
2920 10. 90.
2921 10. 90.
2922 10. 90.
2923 10. 90.
2924 10. 90.
2925 10. 90.
2926 10. 90.
2927 10. 90.
2928 10. 90.
2929 10. 90.
2930 10. 90.
2931 10. 90.
2932 10. 90.
2933 10. 90.
2934 10. 90.
2935 10. 90.
2936 10. 90.
2937 10. 90.
2938 10. 90.
2939 10. 90.
2940 10. 90.
2941 10. 90.
2942 10. 90.
2943 10. 90.
2944 10. 90.
2945 10. 90.
2946 10. 90.
2947 10. 90.
2948 10. 90.
2949 10. 90.
2950 10. 90.
2951 10. 90.
2952 10. 90.
2953 10. 90.
2954 10. 90.
2955 10. 90.
2956 10. 90.
2957 10. 90.
2958 10. 90.
2959 10. 90.
2960 10. 90.
2961 10. 90.
2962 10. 90.
2963 10. 90.
2964 10. 90.
2965 10. 90.
2966 10. 90.
2967 10. 90.
2968 10. 90.
2969 10. 90.
2970 10. 90.
2971 10. 90.
2972 10. 90.
2973 10. 90.
2974 11. 89.
2975 11. 89.
2976 11. 89.
2977 11. 89.
2978 11. 89.
2979 11. 89.
2980 11. 89.
2981 11. 89.
2982 10. 90.
2983 10. 90.
2984 9. 91.
2985 9. 91.
2986 9. 91.
2987 9. 91.
2988 9. 91.
2989 9. 91.
2990 9. 91.
2991 9. 91.
2992 9. 91.
2993 9. 91.
2994 10. 90.
2995 10. 90.
2996 10. 90.
2997 10. 90.
2998 10. 90.
2999 10. 90.
3000 10. 90.
3001 10. 90.
3002 10. 90.
3003 9. 91.
3004 9. 91.
3005 10. 90.
3006 10. 90.
3007 10. 90.
3008 9. 91.
3009 9. 91.
3010 10. 90.
3011 10. 90.
3012 10. 90.
3013 10. 90.
3014 9. 91.
3015 9. 91.
3016 9. 91.
3017 9. 91.
3018 9. 91.
3019 9. 91.
3020 9. 91.
3021 9. 91.
3022 9. 91.
3023 9. 91.
3024 9. 91.
3025 9. 91.
3026 9. 91.
3027 9. 91.
3028 9. 91.
3029 9. 91.
3030 9. 91.
3031 9. 91.
3032 9. 91.
3033 9. 91.
3034 9. 91.
3035 9. 91.
3036 9. 91.
3037 9. 91.
3038 9. 91.
3039 9. 91.
3040 9. 91.
3041 9. 91.
3042 9. 91.
3043 9. 91.
3044 9. 91.
3045 9. 91.
3046 9. 91.
3047 9. 91.
3048 9. 91.
3049 9. 91.
3050 9. 91.
3051 9. 91.
3052 9. 91.
3053 9. 91.
3054 9. 91.
3055 9. 91.
3056 9. 91.
3057 9. 91.
3058 9. 91.
3059 9. 91.
3060 9. 91.
3061 9. 91.
3062 9. 91.
3063 9. 91.
3064 9. 91.
3065 8. 92.
3066 8. 92.
3067 8. 92.
3068 8. 92.
3069 9. 91.
3070 9. 91.
3071 9. 91.
3072 9. 91.
3073 9. 91.
3074 9. 91.
3075 9. 91.
3076 9. 91.
3077 9. 91.
3078 9. 91.
3079 9. 91.
3080 9. 91.
3081 9. 91.
3082 9. 91.
3083 9. 91.
3084 9. 91.
3085 9. 91.
3086 9. 91.
3087 9. 91.
3088 9. 91.
3089 9. 91.
3090 9. 91.
3091 9. 91.
3092 9. 91.
3093 9. 91.
3094 9. 91.
3095 9. 91.
3096 9. 91.
3097 9. 91.
3098 9. 91.
3099 9. 91.
3100 9. 91.
3101 9. 91.
3102 9. 91.
3103 9. 91.
3104 9. 91.
3105 9. 91.
3106 9. 91.
3107 9. 91.
3108 9. 91.
3109 9. 91.
3110 9. 91.
3111 9. 91.
3112 9. 91.
3113 9. 91.
3114 9. 91.
3115 9. 91.
3116 9. 91.
3117 9. 91.
3118 9. 91.
3119 9. 91.
3120 9. 91.
3121 9. 91.
3122 9. 91.
3123 9. 91.
3124 9. 91.
3125 9. 91.
3126 9. 91.
3127 9. 91.
3128 9. 91.
3129 9. 91.
3130 9. 91.
3131 9. 91.
3132 9. 91.
3133 9. 91.
3134 9. 91.
3135 9. 91.
3136 9. 91.
3137 9. 91.
3138 10. 90.
3139 10. 90.
3140 10. 90.
3141 10. 90.
3142 10. 90.
3143 10. 90.
3144 11. 89.
3145 11. 89.
3146 11. 89.
3147 11. 89.
3148 11. 89.
3149 11. 89.
3150 11. 89.
3151 11. 89.
3152 11. 89.
3153 11. 89.
3154 11. 89.
3155 11. 89.
3156 11. 89.
3157 11. 89.
3158 11. 89.
3159 11. 89.
3160 11. 89.
3161 11. 89.
3162 11. 89.
3163 11. 89.
3164 11. 89.
3165 10. 90.
3166 10. 90.
3167 10. 90.
3168 10. 90.
3169 10. 90.
3170 10. 90.
3171 10. 90.
3172 10. 90.
3173 10. 90.
3174 10. 90.
3175 10. 90.
3176 10. 90.
3177 10. 90.
3178 10. 90.
3179 10. 90.
3180 10. 90.
3181 10. 90.
3182 10. 90.
3183 10. 90.
3184 10. 90.
3185 10. 90.
3186 10. 90.
3187 10. 90.
3188 10. 90.
3189 10. 90.
3190 10. 90.
3191 10. 90.
3192 10. 90.
3193 10. 90.
3194 10. 90.
3195 10. 90.
3196 9. 91.
3197 9. 91.
3198 9. 91.
3199 10. 90.
3200 10. 90.
3201 10. 90.
3202 10. 90.
3203 10. 90.
3204 10. 90.
3205 10. 90.
3206 10. 90.
3207 10. 90.
3208 10. 90.
3209 10. 90.
3210 10. 90.
3211 10. 90.
3212 10. 90.
3213 10. 90.
3214 11. 89.
3215 11. 89.
3216 11. 89.
3217 11. 89.
3218 11. 89.
3219 11. 89.
3220 11. 89.
3221 11. 89.
3222 11. 89.
3223 11. 89.
3224 10. 90.
3225 10. 90.
3226 10. 90.
3227 10. 90.
3228 10. 90.
3229 10. 90.
3230 10. 90.
3231 10. 90.
3232 10. 90.
3233 10. 90.
3234 10. 90.
3235 10. 90.
3236 10. 90.
3237 10. 90.
3238 10. 90.
3239 10. 90.
3240 10. 90.
3241 10. 90.
3242 10. 90.
3243 10. 90.
3244 10. 90.
3245 10. 90.
3246 10. 90.
3247 10. 90.
3248 10. 90.
3249 10. 90.
3250 9. 91.
3251 9. 91.
3252 9. 91.
3253 9. 91.
3254 9. 91.
3255 9. 91.
3256 9. 91.
3257 9. 91.
3258 9. 91.
3259 9. 91.
3260 9. 91.
3261 9. 91.
3262 9. 91.
3263 9. 91.
3264 9. 91.
3265 9. 91.
3266 9. 91.
3267 9. 91.
3268 8. 92.
3269 8. 92.
3270 7. 93.
3271 7. 93.
3272 7. 93.
3273 7. 93.
3274 7. 93.
3275 7. 93.
3276 7. 93.
3277 7. 93.
3278 7. 93.
3279 7. 93.
3280 7. 93.
3281 7. 93.
3282 7. 93.
3283 7. 93.
3284 7. 93.
3285 7. 93.
3286 7. 93.
3287 7. 93.
3288 6. 94.
3289 7. 93.
3290 8. 92.
3291 8. 92.
3292 8. 92.
3293 8. 92.
3294 8. 92.
3295 8. 92.
3296 8. 92.
3297 8. 92.
3298 8. 92.
3299 8. 92.
3300 8. 92.
3301 8. 92.
3302 8. 92.
3303 8. 92.
3304 8. 92.
3305 8. 92.
3306 8. 92.
3307 8. 92.
3308 8. 92.
3309 8. 92.
3310 8. 92.
3311 8. 92.
3312 8. 92.
3313 8. 92.
3314 8. 92.
3315 8. 92.
3316 8. 92.
3317 8. 92.
3318 8. 92.
3319 8. 92.
3320 8. 92.
3321 8. 92.
3322 8. 92.
3323 7. 93.
3324 7. 93.
3325 7. 93.
3326 7. 93.
3327 7. 93.
3328 7. 93.
3329 6. 94.
3330 6. 94.
3331 6. 94.
3332 6. 94.
3333 6. 94.
3334 6. 94.
3335 6. 94.
3336 6. 94.
3337 6. 94.
3338 6. 94.
3339 6. 94.
3340 6. 94.
3341 6. 94.
3342 6. 94.
3343 6. 94.
3344 6. 94.
3345 6. 94.
3346 6. 94.
3347 6. 94.
3348 5. 95.
3349 5. 95.
3350 5. 95.
3351 4. 96.
3352 4. 96.
3353 4. 96.
3354 4. 96.
3355 4. 96.
3356 4. 96.
3357 4. 96.
3358 4. 96.
3359 4. 96.
3360 4. 96.
3361 4. 96.
3362 4. 96.
3363 4. 96.
3364 4. 96.
3365 4. 96.
3366 4. 96.
3367 4. 96.
3368 4. 96.
3369 4. 96.
3370 4. 96.
3371 4. 96.
3372 4. 96.
3373 4. 96.
3374 4. 96.
3375 4. 96.
3376 4. 96.
3377 4. 96.
3378 4. 96.
3379 4. 96.
3380 4. 96.
3381 4. 96.
3382 4. 96.
3383 5. 95.
3384 5. 95.
3385 5. 95.
3386 5. 95.
3387 5. 95.
3388 5. 95.
3389 5. 95.
3390 5. 95.
3391 5. 95.
3392 6. 94.
3393 6. 94.
3394 6. 94.
3395 6. 94.
3396 6. 94.
3397 6. 94.
3398 6. 94.
3399 6. 94.
3400 6. 94.
3401 6. 94.
3402 6. 94.
3403 6. 94.
3404 6. 94.
3405 6. 94.
3406 6. 94.
3407 6. 94.
3408 6. 94.
3409 6. 94.
3410 6. 94.
3411 6. 94.
3412 6. 94.
3413 6. 94.
3414 6. 94.
3415 6. 94.
3416 6. 94.
3417 6. 94.
3418 7. 93.
3419 6. 94.
3420 6. 94.
3421 6. 94.
3422 6. 94.
3423 6. 94.
3424 6. 94.
3425 7. 93.
3426 7. 93.
3427 7. 93.
3428 7. 93.
3429 7. 93.
3430 7. 93.
3431 7. 93.
3432 8. 92.
3433 9. 91.
3434 9. 91.
3435 9. 91.
3436 8. 92.
3437 8. 92.
3438 8. 92.
3439 9. 91.
3440 9. 91.
3441 9. 91.
3442 8. 92.
3443 8. 92.
3444 8. 92.
3445 8. 92.
3446 8. 92.
3447 8. 92.
3448 9. 91.
3449 9. 91.
3450 9. 91.
3451 8. 92.
3452 8. 92.
3453 8. 92.
3454 8. 92.
3455 8. 92.
3456 7. 93.
3457 7. 93.
3458 7. 93.
3459 7. 93.
3460 7. 93.
3461 7. 93.
3462 7. 93.
3463 7. 93.
3464 7. 93.
3465 7. 93.
3466 7. 93.
3467 7. 93.
3468 6. 94.
3469 6. 94.
3470 7. 93.
3471 7. 93.
3472 6. 94.
3473 6. 94.
3474 6. 94.
3475 6. 94.
3476 6. 94.
3477 6. 94.
3478 6. 94.
3479 6. 94.
3480 6. 94.
3481 6. 94.
3482 6. 94.
3483 6. 94.
3484 6. 94.
3485 6. 94.
3486 6. 94.
3487 6. 94.
3488 6. 94.
3489 6. 94.
3490 6. 94.
3491 6. 94.
3492 6. 94.
3493 6. 94.
3494 6. 94.
3495 6. 94.
3496 6. 94.
3497 6. 94.
3498 6. 94.
3499 6. 94.
3500 6. 94.
3501 6. 94.
3502 6. 94.
3503 6. 94.
3504 6. 94.
3505 6. 94.
3506 6. 94.
3507 6. 94.
3508 6. 94.
3509 7. 93.
3510 7. 93.
3511 7. 93.
3512 7. 93.
3513 7. 93.
3514 7. 93.
3515 7. 93.
3516 7. 93.
3517 7. 93.
3518 7. 93.
3519 7. 93.
3520 7. 93.
3521 7. 93.
3522 7. 93.
3523 7. 93.
3524 7. 93.
3525 7. 93.
3526 7. 93.
3527 7. 93.
3528 7. 93.
3529 7. 93.
3530 7. 93.
3531 7. 93.
3532 7. 93.
3533 8. 92.
3534 8. 92.
3535 8. 92.
3536 8. 92.
3537 8. 92.
3538 8. 92.
3539 8. 92.
3540 8. 92.
3541 8. 92.
3542 8. 92.
3543 8. 92.
3544 8. 92.
3545 8. 92.
3546 8. 92.
3547 8. 92.
3548 8. 92.
3549 8. 92.
3550 8. 92.
3551 8. 92.
3552 8. 92.
3553 8. 92.
3554 8. 92.
3555 8. 92.
3556 8. 92.
3557 9. 91.
3558 10. 90.
3559 10. 90.
3560 10. 90.
3561 10. 90.
3562 10. 90.
3563 10. 90.
3564 10. 90.
3565 10. 90.
3566 10. 90.
3567 10. 90.
3568 10. 90.
3569 10. 90.
3570 10. 90.
3571 10. 90.
3572 10. 90.
3573 10. 90.
3574 10. 90.
3575 10. 90.
3576 10. 90.
3577 10. 90.
3578 10. 90.
3579 10. 90.
3580 10. 90.
3581 10. 90.
3582 10. 90.
3583 10. 90.
3584 10. 90.
3585 10. 90.
3586 10. 90.
3587 9. 91.
3588 9. 91.
3589 9. 91.
3590 9. 91.
3591 9. 91.
3592 9. 91.
3593 8. 92.
3594 8. 92.
3595 8. 92.
3596 8. 92.
3597 8. 92.
3598 8. 92.
3599 8. 92.
3600 9. 91.
3601 9. 91.
3602 9. 91.
3603 8. 92.
3604 8. 92.
3605 8. 92.
3606 8. 92.
3607 8. 92.
3608 8. 92.
3609 8. 92.
3610 8. 92.
3611 8. 92.
3612 8. 92.
3613 9. 91.
3614 9. 91.
3615 9. 91.
3616 9. 91.
3617 10. 90.
3618 10. 90.
3619 10. 90.
3620 11. 89.
3621 11. 89.
3622 11. 89.
3623 11. 89.
3624 11. 89.
3625 11. 89.
3626 11. 89.
3627 11. 89.
3628 11. 89.
3629 11. 89.
3630 11. 89.
3631 11. 89.
3632 11. 89.
3633 11. 89.
3634 11. 89.
3635 12. 88.
3636 12. 88.
3637 12. 88.
3638 12. 88.
3639 12. 88.
3640 12. 88.
3641 12. 88.
3642 12. 88.
3643 12. 88.
3644 12. 88.
3645 12. 88.
3646 12. 88.
3647 12. 88.
3648 12. 88.
3649 12. 88.
3650 11. 89.
3651 11. 89.
3652 11. 89.
3653 11. 89.
3654 11. 89.
3655 11. 89.
3656 11. 89.
3657 10. 90.
3658 10. 90.
3659 10. 90.
3660 10. 90.
3661 10. 90.
3662 10. 90.
3663 10. 90.
3664 10. 90.
3665 10. 90.
3666 10. 90.
3667 10. 90.
3668 10. 90.
3669 10. 90.
3670 10. 90.
3671 10. 90.
3672 10. 90.
3673 10. 90.
3674 10. 90.
3675 10. 90.
3676 10. 90.
3677 10. 90.
3678 11. 89.
3679 11. 89.
3680 11. 89.
3681 11. 89.
3682 11. 89.
3683 11. 89.
3684 11. 89.
3685 11. 89.
3686 11. 89.
3687 11. 89.
3688 11. 89.
3689 11. 89.
3690 11. 89.
3691 11. 89.
3692 11. 89.
3693 11. 89.
3694 11. 89.
3695 11. 89.
3696 11. 89.
3697 11. 89.
3698 11. 89.
3699 11. 89.
3700 11. 89.
3701 11. 89.
3702 11. 89.
3703 11. 89.
3704 11. 89.
3705 11. 89.
3706 11. 89.
3707 11. 89.
3708 11. 89.
3709 11. 89.
3710 11. 89.
3711 11. 89.
3712 11. 89.
3713 11. 89.
3714 10. 90.
3715 10. 90.
3716 10. 90.
3717 10. 90.
3718 10. 90.
3719 10. 90.
3720 10. 90.
3721 10. 90.
3722 10. 90.
3723 9. 91.
3724 9. 91.
3725 9. 91.
3726 9. 91.
3727 9. 91.
3728 9. 91.
3729 9. 91.
3730 9. 91.
3731 9. 91.
3732 9. 91.
3733 9. 91.
3734 9. 91.
3735 9. 91.
3736 9. 91.
3737 10. 90.
3738 9. 91.
3739 8. 92.
3740 8. 92.
3741 9. 91.
3742 9. 91.
3743 9. 91.
3744 10. 90.
3745 10. 90.
3746 10. 90.
3747 10. 90.
3748 10. 90.
3749 10. 90.
3750 10. 90.
3751 10. 90.
3752 10. 90.
3753 10. 90.
3754 10. 90.
3755 10. 90.
3756 10. 90.
3757 10. 90.
3758 10. 90.
3759 10. 90.
3760 10. 90.
3761 10. 90.
3762 9. 91.
3763 10. 90.
3764 10. 90.
3765 10. 90.
3766 10. 90.
3767 10. 90.
3768 10. 90.
3769 10. 90.
3770 10. 90.
3771 10. 90.
3772 10. 90.
3773 10. 90.
3774 10. 90.
3775 10. 90.
3776 10. 90.
3777 10. 90.
3778 10. 90.
3779 10. 90.
3780 10. 90.
3781 10. 90.
3782 10. 90.
3783 10. 90.
3784 10. 90.
3785 10. 90.
3786 10. 90.
3787 10. 90.
3788 10. 90.
3789 10. 90.
3790 10. 90.
3791 10. 90.
3792 10. 90.
3793 10. 90.
3794 10. 90.
3795 10. 90.
3796 10. 90.
3797 10. 90.
3798 10. 90.
3799 10. 90.
3800 9. 91.
3801 9. 91.
3802 9. 91.
3803 8. 92.
3804 8. 92.
3805 9. 91.
3806 9. 91.
3807 9. 91.
3808 9. 91.
3809 9. 91.
3810 9. 91.
3811 9. 91.
3812 9. 91.
3813 9. 91.
3814 9. 91.
3815 9. 91.
3816 9. 91.
3817 9. 91.
3818 8. 92.
3819 8. 92.
3820 8. 92.
3821 7. 93.
3822 7. 93.
3823 7. 93.
3824 7. 93.
3825 7. 93.
3826 7. 93.
3827 8. 92.
3828 8. 92.
3829 8. 92.
3830 8. 92.
3831 8. 92.
3832 8. 92.
3833 8. 92.
3834 8. 92.
3835 8. 92.
3836 8. 92.
3837 8. 92.
3838 8. 92.
3839 9. 91.
3840 9. 91.
3841 9. 91.
3842 9. 91.
3843 9. 91.
3844 9. 91.
3845 9. 91.
3846 9. 91.
3847 9. 91.
3848 9. 91.
3849 9. 91.
3850 9. 91.
3851 9. 91.
3852 9. 91.
3853 9. 91.
3854 9. 91.
3855 9. 91.
3856 9. 91.
3857 9. 91.
3858 8. 92.
3859 8. 92.
3860 8. 92.
3861 8. 92.
3862 8. 92.
3863 8. 92.
3864 8. 92.
3865 8. 92.
3866 8. 92.
3867 8. 92.
3868 8. 92.
3869 8. 92.
3870 8. 92.
3871 8. 92.
3872 8. 92.
3873 8. 92.
3874 8. 92.
3875 8. 92.
3876 8. 92.
3877 8. 92.
3878 8. 92.
3879 8. 92.
3880 8. 92.
3881 8. 92.
3882 8. 92.
3883 8. 92.
3884 8. 92.
3885 8. 92.
3886 8. 92.
3887 7. 93.
3888 7. 93.
3889 8. 92.
3890 8. 92.
3891 8. 92.
3892 8. 92.
3893 8. 92.
3894 8. 92.
3895 8. 92.
3896 8. 92.
3897 8. 92.
3898 9. 91.
3899 9. 91.
3900 9. 91.
3901 9. 91.
3902 9. 91.
3903 10. 90.
3904 10. 90.
3905 10. 90.
3906 10. 90.
3907 10. 90.
3908 10. 90.
3909 10. 90.
3910 10. 90.
3911 9. 91.
3912 9. 91.
3913 9. 91.
3914 8. 92.
3915 8. 92.
3916 9. 91.
3917 9. 91.
3918 9. 91.
3919 9. 91.
3920 9. 91.
3921 8. 92.
3922 8. 92.
3923 8. 92.
3924 8. 92.
3925 8. 92.
3926 8. 92.
3927 8. 92.
3928 8. 92.
3929 8. 92.
3930 8. 92.
3931 8. 92.
3932 8. 92.
3933 8. 92.
3934 8. 92.
3935 8. 92.
3936 9. 91.
3937 9. 91.
3938 9. 91.
3939 9. 91.
3940 8. 92.
3941 8. 92.
3942 8. 92.
3943 9. 91.
3944 9. 91.
3945 9. 91.
3946 9. 91.
3947 9. 91.
3948 9. 91.
3949 9. 91.
3950 9. 91.
3951 9. 91.
3952 8. 92.
3953 8. 92.
3954 8. 92.
3955 9. 91.
3956 9. 91.
3957 9. 91.
3958 9. 91.
3959 9. 91.
3960 9. 91.
3961 10. 90.
3962 10. 90.
3963 10. 90.
3964 10. 90.
3965 10. 90.
3966 10. 90.
3967 10. 90.
3968 10. 90.
3969 10. 90.
3970 10. 90.
3971 10. 90.
3972 10. 90.
3973 11. 89.
3974 11. 89.
3975 11. 89.
3976 11. 89.
3977 11. 89.
3978 11. 89.
3979 11. 89.
3980 11. 89.
3981 11. 89.
3982 11. 89.
3983 11. 89.
3984 11. 89.
3985 11. 89.
3986 11. 89.
3987 11. 89.
3988 11. 89.
3989 11. 89.
3990 11. 89.
3991 10. 90.
3992 10. 90.
3993 10. 90.
3994 10. 90.
3995 10. 90.
3996 10. 90.
3997 10. 90.
3998 10. 90.
3999 10. 90.
4000 11. 89.
4001 11. 89.
4002 11. 89.
4003 11. 89.
4004 11. 89.
4005 11. 89.
4006 11. 89.
4007 11. 89.
4008 11. 89.
4009 11. 89.
4010 11. 89.
4011 11. 89.
4012 11. 89.
4013 11. 89.
4014 11. 89.
4015 11. 89.
4016 11. 89.
4017 11. 89.
4018 11. 89.
4019 11. 89.
4020 11. 89.
4021 12. 88.
4022 11. 89.
4023 11. 89.
4024 11. 89.
4025 11. 89.
4026 11. 89.
4027 11. 89.
4028 11. 89.
4029 11. 89.
4030 11. 89.
4031 11. 89.
4032 11. 89.
4033 11. 89.
4034 11. 89.
4035 11. 89.
4036 11. 89.
4037 11. 89.
4038 11. 89.
4039 11. 89.
4040 11. 89.
4041 11. 89.
4042 11. 89.
4043 11. 89.
4044 11. 89.
4045 11. 89.
4046 11. 89.
4047 11. 89.
4048 11. 89.
4049 11. 89.
4050 11. 89.
4051 11. 89.
4052 11. 89.
4053 11. 89.
4054 11. 89.
4055 11. 89.
4056 11. 89.
4057 11. 89.
4058 11. 89.
4059 11. 89.
4060 11. 89.
4061 11. 89.
4062 10. 90.
4063 10. 90.
4064 10. 90.
4065 10. 90.
4066 10. 90.
4067 10. 90.
4068 10. 90.
4069 10. 90.
4070 10. 90.
4071 10. 90.
4072 10. 90.
4073 10. 90.
4074 10. 90.
4075 9. 91.
4076 9. 91.
4077 9. 91.
4078 9. 91.
4079 9. 91.
4080 9. 91.
4081 9. 91.
4082 9. 91.
4083 9. 91.
4084 9. 91.
4085 9. 91.
4086 9. 91.
4087 8. 92.
4088 8. 92.
4089 8. 92.
4090 8. 92.
4091 8. 92.
4092 8. 92.
4093 8. 92.
4094 8. 92.
4095 8. 92.
4096 8. 92.
4097 8. 92.
4098 8. 92.
4099 8. 92.
4100 8. 92.
4101 8. 92.
4102 8. 92.
4103 8. 92.
4104 8. 92.
4105 8. 92.
4106 8. 92.
4107 8. 92.
4108 8. 92.
4109 8. 92.
4110 8. 92.
4111 8. 92.
4112 7. 93.
4113 7. 93.
4114 7. 93.
4115 7. 93.
4116 7. 93.
4117 7. 93.
4118 7. 93.
4119 7. 93.
4120 8. 92.
4121 8. 92.
4122 8. 92.
4123 8. 92.
4124 8. 92.
4125 8. 92.
4126 8. 92.
4127 8. 92.
4128 8. 92.
4129 8. 92.
4130 8. 92.
4131 8. 92.
4132 8. 92.
4133 8. 92.
4134 8. 92.
4135 7. 93.
4136 7. 93.
4137 7. 93.
4138 7. 93.
4139 7. 93.
4140 7. 93.
4141 7. 93.
4142 7. 93.
4143 7. 93.
4144 7. 93.
4145 7. 93.
4146 7. 93.
4147 7. 93.
4148 7. 93.
4149 7. 93.
4150 7. 93.
4151 7. 93.
4152 7. 93.
4153 7. 93.
4154 7. 93.
4155 7. 93.
4156 7. 93.
4157 6. 94.
4158 6. 94.
4159 6. 94.
4160 6. 94.
4161 6. 94.
4162 6. 94.
4163 6. 94.
4164 6. 94.
4165 6. 94.
4166 6. 94.
4167 6. 94.
4168 6. 94.
4169 6. 94.
4170 6. 94.
4171 6. 94.
4172 6. 94.
4173 6. 94.
4174 6. 94.
4175 6. 94.
4176 6. 94.
4177 6. 94.
4178 6. 94.
4179 6. 94.
4180 6. 94.
4181 6. 94.
4182 6. 94.
4183 6. 94.
4184 6. 94.
4185 6. 94.
4186 6. 94.
4187 6. 94.
4188 6. 94.
4189 6. 94.
4190 6. 94.
4191 6. 94.
4192 6. 94.
4193 6. 94.
4194 6. 94.
4195 6. 94.
4196 6. 94.
4197 6. 94.
4198 6. 94.
4199 6. 94.
4200 6. 94.
4201 6. 94.
4202 6. 94.
4203 6. 94.
4204 6. 94.
4205 6. 94.
4206 6. 94.
4207 6. 94.
4208 6. 94.
4209 6. 94.
4210 6. 94.
4211 6. 94.
4212 6. 94.
4213 6. 94.
4214 6. 94.
4215 6. 94.
4216 6. 94.
4217 6. 94.
4218 6. 94.
4219 7. 93.
4220 7. 93.
4221 7. 93.
4222 8. 92.
4223 8. 92.
4224 8. 92.
4225 8. 92.
4226 8. 92.
4227 8. 92.
4228 8. 92.
4229 8. 92.
4230 8. 92.
4231 8. 92.
4232 8. 92.
4233 8. 92.
4234 9. 91.
4235 9. 91.
4236 9. 91.
4237 9. 91.
4238 9. 91.
4239 9. 91.
4240 9. 91.
4241 8. 92.
4242 8. 92.
4243 8. 92.
4244 8. 92.
4245 8. 92.
4246 8. 92.
4247 8. 92.
4248 8. 92.
4249 8. 92.
4250 8. 92.
4251 9. 91.
4252 9. 91.
4253 9. 91.
4254 10. 90.
4255 10. 90.
4256 10. 90.
4257 10. 90.
4258 10. 90.
4259 10. 90.
4260 10. 90.
4261 10. 90.
4262 10. 90.
4263 10. 90.
4264 9. 91.
4265 9. 91.
4266 9. 91.
4267 9. 91.
4268 9. 91.
4269 9. 91.
4270 9. 91.
4271 9. 91.
4272 9. 91.
4273 9. 91.
4274 9. 91.
4275 9. 91.
4276 10. 90.
4277 10. 90.
4278 10. 90.
4279 10. 90.
4280 9. 91.
4281 9. 91.
4282 9. 91.
4283 9. 91.
4284 9. 91.
4285 9. 91.
4286 9. 91.
4287 8. 92.
4288 8. 92.
4289 8. 92.
4290 7. 93.
4291 7. 93.
4292 7. 93.
4293 7. 93.
4294 7. 93.
4295 7. 93.
4296 7. 93.
4297 7. 93.
4298 7. 93.
4299 7. 93.
4300 7. 93.
4301 7. 93.
4302 7. 93.
4303 7. 93.
4304 7. 93.
4305 7. 93.
4306 7. 93.
4307 7. 93.
4308 7. 93.
4309 7. 93.
4310 7. 93.
4311 7. 93.
4312 7. 93.
4313 7. 93.
4314 7. 93.
4315 7. 93.
4316 7. 93.
4317 7. 93.
4318 7. 93.
4319 7. 93.
4320 7. 93.
4321 7. 93.
4322 7. 93.
4323 7. 93.
4324 7. 93.
4325 7. 93.
4326 7. 93.
4327 7. 93.
4328 7. 93.
4329 7. 93.
4330 7. 93.
4331 7. 93.
4332 7. 93.
4333 7. 93.
4334 7. 93.
4335 7. 93.
4336 7. 93.
4337 7. 93.
4338 7. 93.
4339 7. 93.
4340 7. 93.
4341 7. 93.
4342 6. 94.
4343 6. 94.
4344 6. 94.
4345 6. 94.
4346 6. 94.
4347 6. 94.
4348 6. 94.
4349 6. 94.
4350 6. 94.
4351 6. 94.
4352 6. 94.
4353 6. 94.
4354 5. 95.
4355 5. 95.
4356 5. 95.
4357 5. 95.
4358 5. 95.
4359 5. 95.
4360 5. 95.
4361 5. 95.
4362 6. 94.
4363 7. 93.
4364 7. 93.
4365 7. 93.
4366 7. 93.
4367 7. 93.
4368 7. 93.
4369 7. 93.
4370 7. 93.
4371 7. 93.
4372 7. 93.
4373 7. 93.
4374 7. 93.
4375 7. 93.
4376 8. 92.
4377 8. 92.
4378 8. 92.
4379 8. 92.
4380 8. 92.
4381 8. 92.
4382 8. 92.
4383 8. 92.
4384 7. 93.
4385 7. 93.
4386 7. 93.
4387 7. 93.
4388 7. 93.
4389 7. 93.
4390 7. 93.
4391 7. 93.
4392 7. 93.
4393 7. 93.
4394 7. 93.
4395 7. 93.
4396 7. 93.
4397 7. 93.
4398 7. 93.
4399 7. 93.
4400 7. 93.
4401 7. 93.
4402 7. 93.
4403 7. 93.
4404 8. 92.
4405 9. 91.
4406 9. 91.
4407 9. 91.
4408 8. 92.
4409 8. 92.
4410 8. 92.
4411 8. 92.
4412 8. 92.
4413 8. 92.
4414 8. 92.
4415 8. 92.
4416 8. 92.
4417 8. 92.
4418 8. 92.
4419 8. 92.
4420 8. 92.
4421 8. 92.
4422 8. 92.
4423 8. 92.
4424 8. 92.
4425 8. 92.
4426 8. 92.
4427 8. 92.
4428 8. 92.
4429 8. 92.
4430 8. 92.
4431 8. 92.
4432 8. 92.
4433 8. 92.
4434 8. 92.
4435 8. 92.
4436 8. 92.
4437 8. 92.
4438 8. 92.
4439 8. 92.
4440 8. 92.
4441 8. 92.
4442 8. 92.
4443 8. 92.
4444 8. 92.
4445 8. 92.
4446 8. 92.
4447 8. 92.
4448 8. 92.
4449 8. 92.
4450 8. 92.
4451 8. 92.
4452 8. 92.
4453 9. 91.
4454 9. 91.
4455 9. 91.
4456 9. 91.
4457 9. 91.
4458 9. 91.
4459 9. 91.
4460 9. 91.
4461 9. 91.
4462 9. 91.
4463 9. 91.
4464 9. 91.
4465 9. 91.
4466 9. 91.
4467 9. 91.
4468 9. 91.
4469 9. 91.
4470 9. 91.
4471 9. 91.
4472 9. 91.
4473 9. 91.
4474 9. 91.
4475 9. 91.
4476 9. 91.
4477 10. 90.
4478 10. 90.
4479 10. 90.
4480 10. 90.
4481 10. 90.
4482 10. 90.
4483 10. 90.
4484 11. 89.
4485 11. 89.
4486 11. 89.
4487 11. 89.
4488 11. 89.
4489 11. 89.
4490 12. 88.
4491 12. 88.
4492 12. 88.
4493 11. 89.
4494 11. 89.
4495 11. 89.
4496 11. 89.
4497 11. 89.
4498 11. 89.
4499 11. 89.
4500 11. 89.
4501 11. 89.
4502 11. 89.
4503 11. 89.
4504 11. 89.
4505 11. 89.
4506 11. 89.
4507 11. 89.
4508 11. 89.
4509 11. 89.
4510 11. 89.
4511 11. 89.
4512 11. 89.
4513 11. 89.
4514 11. 89.
4515 11. 89.
4516 11. 89.
4517 11. 89.
4518 10. 90.
4519 10. 90.
4520 11. 89.
4521 11. 89.
4522 11. 89.
4523 11. 89.
4524 11. 89.
4525 11. 89.
4526 11. 89.
4527 11. 89.
4528 11. 89.
4529 11. 89.
4530 11. 89.
4531 11. 89.
4532 11. 89.
4533 11. 89.
4534 11. 89.
4535 11. 89.
4536 11. 89.
4537 11. 89.
4538 11. 89.
4539 11. 89.
4540 12. 88.
4541 11. 89.
4542 11. 89.
4543 11. 89.
4544 11. 89.
4545 11. 89.
4546 11. 89.
4547 11. 89.
4548 10. 90.
4549 10. 90.
4550 10. 90.
4551 10. 90.
4552 10. 90.
4553 10. 90.
4554 10. 90.
4555 10. 90.
4556 10. 90.
4557 10. 90.
4558 10. 90.
4559 9. 91.
4560 9. 91.
4561 9. 91.
4562 9. 91.
4563 9. 91.
4564 9. 91.
4565 8. 92.
4566 8. 92.
4567 8. 92.
4568 8. 92.
4569 8. 92.
4570 8. 92.
4571 8. 92.
4572 7. 93.
4573 7. 93.
4574 8. 92.
4575 8. 92.
4576 8. 92.
4577 9. 91.
4578 9. 91.
4579 9. 91.
4580 9. 91.
4581 9. 91.
4582 9. 91.
4583 9. 91.
4584 9. 91.
4585 9. 91.
4586 9. 91.
4587 9. 91.
4588 9. 91.
4589 9. 91.
4590 9. 91.
4591 9. 91.
4592 9. 91.
4593 8. 92.
4594 8. 92.
4595 8. 92.
4596 8. 92.
4597 8. 92.
4598 8. 92.
4599 8. 92.
4600 8. 92.
4601 8. 92.
4602 8. 92.
4603 8. 92.
4604 8. 92.
4605 8. 92.
4606 8. 92.
4607 8. 92.
4608 8. 92.
4609 8. 92.
4610 8. 92.
4611 8. 92.
4612 8. 92.
4613 8. 92.
4614 8. 92.
4615 8. 92.
4616 8. 92.
4617 8. 92.
4618 8. 92.
4619 8. 92.
4620 8. 92.
4621 8. 92.
4622 8. 92.
4623 8. 92.
4624 8. 92.
4625 9. 91.
4626 9. 91.
4627 8. 92.
4628 8. 92.
4629 8. 92.
4630 8. 92.
4631 8. 92.
4632 8. 92.
4633 8. 92.
4634 8. 92.
4635 7. 93.
4636 7. 93.
4637 7. 93.
4638 7. 93.
4639 7. 93.
4640 7. 93.
4641 7. 93.
4642 7. 93.
4643 7. 93.
4644 7. 93.
4645 7. 93.
4646 7. 93.
4647 7. 93.
4648 7. 93.
4649 7. 93.
4650 7. 93.
4651 7. 93.
4652 7. 93.
4653 7. 93.
4654 7. 93.
4655 7. 93.
4656 7. 93.
4657 8. 92.
4658 7. 93.
4659 7. 93.
4660 7. 93.
4661 7. 93.
4662 7. 93.
4663 7. 93.
4664 7. 93.
4665 7. 93.
4666 7. 93.
4667 7. 93.
4668 7. 93.
4669 7. 93.
4670 7. 93.
4671 7. 93.
4672 7. 93.
4673 7. 93.
4674 7. 93.
4675 8. 92.
4676 8. 92.
4677 8. 92.
4678 8. 92.
4679 8. 92.
4680 8. 92.
4681 8. 92.
4682 8. 92.
4683 8. 92.
4684 8. 92.
4685 8. 92.
4686 9. 91.
4687 9. 91.
4688 9. 91.
4689 9. 91.
4690 9. 91.
4691 9. 91.
4692 9. 91.
4693 9. 91.
4694 9. 91.
4695 9. 91.
4696 9. 91.
4697 9. 91.
4698 9. 91.
4699 9. 91.
4700 9. 91.
4701 9. 91.
4702 9. 91.
4703 9. 91.
4704 9. 91.
4705 9. 91.
4706 9. 91.
4707 9. 91.
4708 9. 91.
4709 9. 91.
4710 9. 91.
4711 9. 91.
4712 9. 91.
4713 9. 91.
4714 9. 91.
4715 9. 91.
4716 9. 91.
4717 9. 91.
4718 9. 91.
4719 9. 91.
4720 9. 91.
4721 9. 91.
4722 9. 91.
4723 9. 91.
4724 9. 91.
4725 9. 91.
4726 9. 91.
4727 9. 91.
4728 9. 91.
4729 9. 91.
4730 9. 91.
4731 9. 91.
4732 9. 91.
4733 9. 91.
4734 9. 91.
4735 9. 91.
4736 9. 91.
4737 9. 91.
4738 9. 91.
4739 9. 91.
4740 9. 91.
4741 9. 91.
4742 9. 91.
4743 9. 91.
4744 9. 91.
4745 9. 91.
4746 9. 91.
4747 9. 91.
4748 9. 91.
4749 8. 92.
4750 8. 92.
4751 8. 92.
4752 8. 92.
4753 8. 92.
4754 8. 92.
4755 8. 92.
4756 8. 92.
4757 8. 92.
4758 8. 92.
4759 7. 93.
4760 7. 93.
4761 7. 93.
4762 8. 92.
4763 8. 92.
4764 9. 91.
4765 9. 91.
4766 9. 91.
4767 9. 91.
4768 9. 91.
4769 9. 91.
4770 9. 91.
4771 9. 91.
4772 9. 91.
4773 9. 91.
4774 9. 91.
4775 9. 91.
4776 9. 91.
4777 9. 91.
4778 9. 91.
4779 9. 91.
4780 9. 91.
4781 9. 91.
4782 9. 91.
4783 8. 92.
4784 8. 92.
4785 8. 92.
4786 8. 92.
4787 8. 92.
4788 8. 92.
4789 8. 92.
4790 8. 92.
4791 8. 92.
4792 8. 92.
4793 8. 92.
4794 8. 92.
4795 8. 92.
4796 8. 92.
4797 8. 92.
4798 8. 92.
4799 8. 92.
4800 8. 92.
4801 8. 92.
4802 8. 92.
4803 8. 92.
4804 8. 92.
4805 8. 92.
4806 8. 92.
4807 8. 92.
4808 8. 92.
4809 8. 92.
4810 8. 92.
4811 8. 92.
4812 8. 92.
4813 8. 92.
4814 8. 92.
4815 8. 92.
4816 8. 92.
4817 8. 92.
4818 8. 92.
4819 9. 91.
4820 9. 91.
4821 9. 91.
4822 9. 91.
4823 9. 91.
4824 9. 91.
4825 9. 91.
4826 9. 91.
4827 9. 91.
4828 9. 91.
4829 10. 90.
4830 10. 90.
4831 10. 90.
4832 10. 90.
4833 10. 90.
4834 10. 90.
4835 10. 90.
4836 10. 90.
4837 10. 90.
4838 10. 90.
4839 10. 90.
4840 10. 90.
4841 10. 90.
4842 10. 90.
4843 10. 90.
4844 10. 90.
4845 10. 90.
4846 11. 89.
4847 11. 89.
4848 11. 89.
4849 11. 89.
4850 11. 89.
4851 11. 89.
4852 12. 88.
4853 12. 88.
4854 12. 88.
4855 12. 88.
4856 12. 88.
4857 12. 88.
4858 12. 88.
4859 11. 89.
4860 11. 89.
4861 11. 89.
4862 11. 89.
4863 11. 89.
4864 11. 89.
4865 10. 90.
4866 10. 90.
4867 10. 90.
4868 10. 90.
4869 10. 90.
4870 10. 90.
4871 10. 90.
4872 10. 90.
4873 10. 90.
4874 10. 90.
4875 10. 90.
4876 10. 90.
4877 10. 90.
4878 10. 90.
4879 10. 90.
4880 10. 90.
4881 10. 90.
4882 10. 90.
4883 10. 90.
4884 10. 90.
4885 10. 90.
4886 10. 90.
4887 10. 90.
4888 10. 90.
4889 10. 90.
4890 10. 90.
4891 10. 90.
4892 10. 90.
4893 10. 90.
4894 10. 90.
4895 10. 90.
4896 10. 90.
4897 10. 90.
4898 10. 90.
4899 10. 90.
4900 10. 90.
4901 10. 90.
4902 10. 90.
4903 10. 90.
4904 10. 90.
4905 10. 90.
4906 10. 90.
4907 10. 90.
4908 11. 89.
4909 11. 89.
4910 10. 90.
4911 10. 90.
4912 10. 90.
4913 10. 90.
4914 10. 90.
4915 10. 90.
4916 9. 91.
4917 8. 92.
4918 8. 92.
4919 8. 92.
4920 8. 92.
4921 8. 92.
4922 9. 91.
4923 9. 91.
4924 9. 91.
4925 9. 91.
4926 8. 92.
4927 8. 92.
4928 8. 92.
4929 8. 92.
4930 8. 92.
4931 8. 92.
4932 8. 92.
4933 8. 92.
4934 8. 92.
4935 8. 92.
4936 7. 93.
4937 7. 93.
4938 7. 93.
4939 7. 93.
4940 6. 94.
4941 6. 94.
4942 6. 94.
4943 7. 93.
4944 7. 93.
4945 7. 93.
4946 6. 94.
4947 6. 94.
4948 6. 94.
4949 6. 94.
4950 6. 94.
4951 6. 94.
4952 6. 94.
4953 6. 94.
4954 6. 94.
4955 6. 94.
4956 6. 94.
4957 6. 94.
4958 6. 94.
4959 6. 94.
4960 6. 94.
4961 6. 94.
4962 6. 94.
4963 6. 94.
4964 6. 94.
4965 6. 94.
4966 6. 94.
4967 7. 93.
4968 7. 93.
4969 7. 93.
4970 7. 93.
4971 7. 93.
4972 7. 93.
4973 7. 93.
4974 7. 93.
4975 7. 93.
4976 7. 93.
4977 8. 92.
4978 8. 92.
4979 8. 92.
4980 8. 92.
4981 7. 93.
4982 7. 93.
4983 7. 93.
4984 6. 94.
4985 6. 94.
4986 6. 94.
4987 6. 94.
4988 6. 94.
4989 6. 94.
4990 6. 94.
4991 5. 95.
4992 5. 95.
4993 5. 95.
4994 5. 95.
4995 5. 95.
4996 5. 95.
4997 5. 95.
4998 5. 95.
4999 5. 95.
5000 5. 95.
5001 5. 95.
5002 5. 95.
5003 5. 95.
5004 5. 95.
5005 5. 95.
5006 5. 95.
5007 5. 95.
5008 4. 96.
5009 4. 96.
5010 4. 96.
5011 4. 96.
5012 4. 96.
5013 4. 96.
5014 5. 95.
5015 5. 95.
5016 5. 95.
5017 5. 95.
5018 6. 94.
5019 6. 94.
5020 6. 94.
5021 6. 94.
5022 6. 94.
5023 6. 94.
5024 6. 94.
5025 6. 94.
5026 7. 93.
5027 7. 93.
5028 7. 93.
5029 7. 93.
5030 7. 93.
5031 7. 93.
5032 7. 93.
5033 7. 93.
5034 7. 93.
5035 7. 93.
5036 7. 93.
5037 8. 92.
5038 8. 92.
5039 8. 92.
5040 8. 92.
5041 8. 92.
5042 8. 92.
5043 8. 92.
5044 8. 92.
5045 8. 92.
5046 8. 92.
5047 8. 92.
5048 8. 92.
5049 8. 92.
5050 8. 92.
5051 8. 92.
5052 8. 92.
5053 8. 92.
5054 8. 92.
5055 8. 92.
5056 8. 92.
5057 8. 92.
5058 8. 92.
5059 8. 92.
5060 8. 92.
5061 8. 92.
5062 8. 92.
5063 8. 92.
5064 8. 92.
5065 8. 92.
5066 8. 92.
5067 8. 92.
5068 8. 92.
5069 8. 92.
5070 8. 92.
5071 8. 92.
5072 8. 92.
5073 8. 92.
5074 8. 92.
5075 8. 92.
5076 8. 92.
5077 8. 92.
5078 8. 92.
5079 8. 92.
5080 8. 92.
5081 8. 92.
5082 8. 92.
5083 8. 92.
5084 8. 92.
5085 8. 92.
5086 8. 92.
5087 8. 92.
5088 8. 92.
5089 8. 92.
5090 8. 92.
5091 8. 92.
5092 9. 91.
5093 9. 91.
5094 8. 92.
5095 8. 92.
5096 8. 92.
5097 8. 92.
5098 8. 92.
5099 8. 92.
5100 8. 92.
5101 8. 92.
5102 8. 92.
5103 8. 92.
5104 8. 92.
5105 8. 92.
5106 8. 92.
5107 8. 92.
5108 8. 92.
5109 8. 92.
5110 8. 92.
5111 8. 92.
5112 8. 92.
5113 8. 92.
5114 8. 92.
5115 8. 92.
5116 8. 92.
5117 8. 92.
5118 8. 92.
5119 8. 92.
5120 8. 92.
5121 9. 91.
5122 9. 91.
5123 9. 91.
5124 9. 91.
5125 9. 91.
5126 9. 91.
5127 9. 91.
5128 9. 91.
5129 9. 91.
5130 9. 91.
5131 9. 91.
5132 10. 90.
5133 9. 91.
5134 9. 91.
5135 9. 91.
5136 9. 91.
5137 9. 91.
5138 9. 91.
5139 9. 91.
5140 9. 91.
5141 9. 91.
5142 9. 91.
5143 9. 91.
5144 9. 91.
5145 9. 91.
5146 9. 91.
5147 9. 91.
5148 9. 91.
5149 9. 91.
5150 9. 91.
5151 9. 91.
5152 9. 91.
5153 9. 91.
5154 9. 91.
5155 9. 91.
5156 9. 91.
5157 9. 91.
5158 9. 91.
5159 9. 91.
5160 9. 91.
5161 9. 91.
5162 9. 91.
5163 9. 91.
5164 9. 91.
5165 9. 91.
5166 9. 91.
5167 9. 91.
5168 9. 91.
5169 9. 91.
5170 9. 91.
5171 9. 91.
5172 9. 91.
5173 9. 91.
5174 9. 91.
5175 9. 91.
5176 9. 91.
5177 9. 91.
5178 9. 91.
5179 9. 91.
5180 9. 91.
5181 9. 91.
5182 9. 91.
5183 9. 91.
5184 9. 91.
5185 9. 91.
5186 9. 91.
5187 9. 91.
5188 9. 91.
5189 9. 91.
5190 9. 91.
5191 9. 91.
5192 9. 91.
5193 10. 90.
5194 10. 90.
5195 10. 90.
5196 10. 90.
5197 9. 91.
5198 9. 91.
5199 9. 91.
5200 9. 91.
5201 9. 91.
5202 9. 91.
5203 9. 91.
5204 9. 91.
5205 9. 91.
5206 9. 91.
5207 9. 91.
5208 9. 91.
5209 9. 91.
5210 9. 91.
5211 9. 91.
5212 9. 91.
5213 9. 91.
5214 9. 91.
5215 10. 90.
5216 10. 90.
5217 10. 90.
5218 10. 90.
5219 10. 90.
5220 10. 90.
5221 10. 90.
5222 10. 90.
5223 10. 90.
5224 10. 90.
5225 9. 91.
5226 9. 91.
5227 9. 91.
5228 8. 92.
5229 8. 92.
5230 8. 92.
5231 7. 93.
5232 7. 93.
5233 7. 93.
5234 7. 93.
5235 7. 93.
5236 7. 93.
5237 7. 93.
5238 7. 93.
5239 7. 93.
5240 7. 93.
5241 7. 93.
5242 7. 93.
5243 7. 93.
5244 7. 93.
5245 7. 93.
5246 7. 93.
5247 7. 93.
5248 8. 92.
5249 8. 92.
5250 9. 91.
5251 9. 91.
5252 9. 91.
5253 9. 91.
5254 9. 91.
5255 9. 91.
5256 9. 91.
5257 9. 91.
5258 9. 91.
5259 9. 91.
5260 9. 91.
5261 9. 91.
5262 9. 91.
5263 9. 91.
5264 9. 91.
5265 9. 91.
5266 9. 91.
5267 9. 91.
5268 9. 91.
5269 9. 91.
5270 9. 91.
5271 9. 91.
5272 9. 91.
5273 9. 91.
5274 9. 91.
5275 9. 91.
5276 10. 90.
5277 10. 90.
5278 10. 90.
5279 10. 90.
5280 10. 90.
5281 10. 90.
5282 10. 90.
5283 10. 90.
5284 10. 90.
5285 10. 90.
5286 10. 90.
5287 10. 90.
5288 10. 90.
5289 10. 90.
5290 10. 90.
5291 10. 90.
5292 10. 90.
5293 10. 90.
5294 10. 90.
5295 10. 90.
5296 10. 90.
5297 10. 90.
5298 10. 90.
5299 9. 91.
5300 9. 91.
5301 9. 91.
5302 9. 91.
5303 9. 91.
5304 9. 91.
5305 10. 90.
5306 10. 90.
5307 10. 90.
5308 10. 90.
5309 10. 90.
5310 10. 90.
5311 10. 90.
5312 11. 89.
5313 11. 89.
5314 11. 89.
5315 11. 89.
5316 11. 89.
5317 11. 89.
5318 11. 89.
5319 11. 89.
5320 11. 89.
5321 10. 90.
5322 10. 90.
5323 10. 90.
5324 10. 90.
5325 10. 90.
5326 10. 90.
5327 10. 90.
5328 10. 90.
5329 10. 90.
5330 10. 90.
5331 10. 90.
5332 10. 90.
5333 10. 90.
5334 10. 90.
5335 10. 90.
5336 10. 90.
5337 10. 90.
5338 10. 90.
5339 10. 90.
5340 10. 90.
5341 10. 90.
5342 10. 90.
5343 10. 90.
5344 10. 90.
5345 11. 89.
5346 11. 89.
5347 11. 89.
5348 11. 89.
5349 11. 89.
5350 11. 89.
5351 12. 88.
5352 12. 88.
5353 12. 88.
5354 12. 88.
5355 12. 88.
5356 13. 87.
5357 13. 87.
5358 13. 87.
5359 13. 87.
5360 13. 87.
5361 13. 87.
5362 13. 87.
5363 13. 87.
5364 13. 87.
5365 13. 87.
5366 13. 87.
5367 13. 87.
5368 13. 87.
5369 13. 87.
5370 13. 87.
5371 13. 87.
5372 13. 87.
5373 13. 87.
5374 12. 88.
5375 12. 88.
5376 12. 88.
5377 12. 88.
5378 12. 88.
5379 12. 88.
5380 12. 88.
5381 12. 88.
5382 12. 88.
5383 12. 88.
5384 12. 88.
5385 13. 87.
5386 13. 87.
5387 13. 87.
5388 13. 87.
5389 13. 87.
5390 13. 87.
5391 13. 87.
5392 13. 87.
5393 12. 88.
5394 12. 88.
5395 12. 88.
5396 12. 88.
5397 12. 88.
5398 12. 88.
5399 12. 88.
5400 12. 88.
5401 12. 88.
5402 12. 88.
5403 12. 88.
5404 12. 88.
5405 12. 88.
5406 12. 88.
5407 12. 88.
5408 12. 88.
5409 12. 88.
5410 12. 88.
5411 12. 88.
5412 12. 88.
5413 12. 88.
5414 12. 88.
5415 12. 88.
5416 12. 88.
5417 12. 88.
5418 13. 87.
5419 13. 87.
5420 13. 87.
5421 13. 87.
5422 13. 87.
5423 13. 87.
5424 13. 87.
5425 13. 87.
5426 13. 87.
5427 13. 87.
5428 12. 88.
5429 12. 88.
5430 13. 87.
5431 13. 87.
5432 13. 87.
5433 13. 87.
5434 13. 87.
5435 13. 87.
5436 13. 87.
5437 13. 87.
5438 13. 87.
5439 13. 87.
5440 13. 87.
5441 13. 87.
5442 13. 87.
5443 13. 87.
5444 12. 88.
5445 12. 88.
5446 12. 88.
5447 13. 87.
5448 13. 87.
5449 13. 87.
5450 13. 87.
5451 13. 87.
5452 13. 87.
5453 13. 87.
5454 13. 87.
5455 13. 87.
5456 13. 87.
5457 12. 88.
5458 12. 88.
5459 12. 88.
5460 12. 88.
5461 12. 88.
5462 12. 88.
5463 12. 88.
5464 12. 88.
5465 12. 88.
5466 12. 88.
5467 12. 88.
5468 12. 88.
5469 12. 88.
5470 12. 88.
5471 12. 88.
5472 12. 88.
5473 12. 88.
5474 12. 88.
5475 12. 88.
5476 12. 88.
5477 12. 88.
5478 12. 88.
5479 12. 88.
5480 12. 88.
5481 12. 88.
5482 12. 88.
5483 12. 88.
5484 12. 88.
5485 12. 88.
5486 12. 88.
5487 12. 88.
5488 11. 89.
5489 10. 90.
5490 10. 90.
5491 10. 90.
5492 11. 89.
5493 11. 89.
5494 11. 89.
5495 11. 89.
5496 11. 89.
5497 11. 89.
5498 11. 89.
5499 11. 89.
5500 11. 89.
5501 11. 89.
5502 11. 89.
5503 11. 89.
5504 11. 89.
5505 11. 89.
5506 11. 89.
5507 11. 89.
5508 11. 89.
5509 11. 89.
5510 11. 89.
5511 11. 89.
5512 11. 89.
5513 11. 89.
5514 11. 89.
5515 11. 89.
5516 11. 89.
5517 11. 89.
5518 11. 89.
5519 11. 89.
5520 11. 89.
5521 11. 89.
5522 11. 89.
5523 11. 89.
5524 11. 89.
5525 11. 89.
5526 11. 89.
5527 11. 89.
5528 11. 89.
5529 11. 89.
5530 11. 89.
5531 11. 89.
5532 11. 89.
5533 11. 89.
5534 11. 89.
5535 12. 88.
5536 12. 88.
5537 12. 88.
5538 12. 88.
5539 12. 88.
5540 12. 88.
5541 12. 88.
5542 12. 88.
5543 12. 88.
5544 11. 89.
5545 11. 89.
5546 11. 89.
5547 11. 89.
5548 11. 89.
5549 11. 89.
5550 11. 89.
5551 11. 89.
5552 11. 89.
5553 11. 89.
5554 12. 88.
5555 12. 88.
5556 12. 88.
5557 12. 88.
5558 12. 88.
5559 12. 88.
5560 12. 88.
5561 13. 87.
5562 13. 87.
5563 13. 87.
5564 13. 87.
5565 13. 87.
5566 13. 87.
5567 13. 87.
5568 13. 87.
5569 13. 87.
5570 13. 87.
5571 13. 87.
5572 13. 87.
5573 12. 88.
5574 12. 88.
5575 12. 88.
5576 12. 88.
5577 13. 87.
5578 13. 87.
5579 13. 87.
5580 12. 88.
5581 12. 88.
5582 12. 88.
5583 12. 88.
5584 12. 88.
5585 12. 88.
5586 12. 88.
5587 12. 88.
5588 12. 88.
5589 12. 88.
5590 12. 88.
5591 12. 88.
5592 12. 88.
5593 12. 88.
5594 12. 88.
5595 13. 87.
5596 13. 87.
5597 13. 87.
5598 13. 87.
5599 13. 87.
5600 13. 87.
5601 13. 87.
5602 13. 87.
5603 13. 87.
5604 13. 87.
5605 13. 87.
5606 13. 87.
5607 13. 87.
5608 13. 87.
5609 13. 87.
5610 13. 87.
5611 13. 87.
5612 12. 88.
5613 12. 88.
5614 13. 87.
5615 13. 87.
5616 13. 87.
5617 13. 87.
5618 14. 86.
5619 14. 86.
5620 14. 86.
5621 14. 86.
5622 13. 87.
5623 13. 87.
5624 13. 87.
5625 13. 87.
5626 13. 87.
5627 13. 87.
5628 13. 87.
5629 13. 87.
5630 13. 87.
5631 13. 87.
5632 13. 87.
5633 13. 87.
5634 13. 87.
5635 13. 87.
5636 13. 87.
5637 13. 87.
5638 13. 87.
5639 14. 86.
5640 14. 86.
5641 14. 86.
5642 14. 86.
5643 14. 86.
5644 14. 86.
5645 13. 87.
5646 13. 87.
5647 13. 87.
5648 13. 87.
5649 13. 87.
5650 13. 87.
5651 13. 87.
5652 13. 87.
5653 12. 88.
5654 12. 88.
5655 12. 88.
5656 12. 88.
5657 12. 88.
5658 12. 88.
5659 12. 88.
5660 12. 88.
5661 12. 88.
5662 12. 88.
5663 11. 89.
5664 11. 89.
5665 11. 89.
5666 11. 89.
5667 11. 89.
5668 11. 89.
5669 11. 89.
5670 10. 90.
5671 9. 91.
5672 10. 90.
5673 10. 90.
5674 10. 90.
5675 10. 90.
5676 10. 90.
5677 9. 91.
5678 9. 91.
5679 9. 91.
5680 9. 91.
5681 9. 91.
5682 9. 91.
5683 9. 91.
5684 9. 91.
5685 9. 91.
5686 10. 90.
5687 10. 90.
5688 10. 90.
5689 10. 90.
5690 10. 90.
5691 10. 90.
5692 10. 90.
5693 11. 89.
5694 11. 89.
5695 11. 89.
5696 11. 89.
5697 11. 89.
5698 11. 89.
5699 12. 88.
5700 12. 88.
5701 12. 88.
5702 12. 88.
5703 12. 88.
5704 12. 88.
5705 12. 88.
5706 12. 88.
5707 12. 88.
5708 12. 88.
5709 12. 88.
5710 12. 88.
5711 12. 88.
5712 12. 88.
5713 12. 88.
5714 12. 88.
5715 12. 88.
5716 12. 88.
5717 12. 88.
5718 12. 88.
5719 12. 88.
5720 12. 88.
5721 12. 88.
5722 12. 88.
5723 12. 88.
5724 12. 88.
5725 12. 88.
5726 12. 88.
5727 12. 88.
5728 12. 88.
5729 12. 88.
5730 12. 88.
5731 12. 88.
5732 12. 88.
5733 12. 88.
5734 12. 88.
5735 12. 88.
5736 12. 88.
5737 12. 88.
5738 12. 88.
5739 12. 88.
5740 12. 88.
5741 11. 89.
5742 11. 89.
5743 11. 89.
5744 11. 89.
5745 11. 89.
5746 11. 89.
5747 11. 89.
5748 11. 89.
5749 11. 89.
5750 11. 89.
5751 11. 89.
5752 11. 89.
5753 11. 89.
5754 11. 89.
5755 11. 89.
5756 11. 89.
5757 11. 89.
5758 11. 89.
5759 10. 90.
5760 11. 89.
5761 11. 89.
5762 11. 89.
5763 11. 89.
5764 11. 89.
5765 10. 90.
5766 10. 90.
5767 10. 90.
5768 10. 90.
5769 9. 91.
5770 9. 91.
5771 9. 91.
5772 9. 91.
5773 9. 91.
5774 9. 91.
5775 9. 91.
5776 9. 91.
5777 9. 91.
5778 9. 91.
5779 9. 91.
5780 9. 91.
5781 8. 92.
5782 8. 92.
5783 7. 93.
5784 7. 93.
5785 7. 93.
5786 7. 93.
5787 7. 93.
5788 7. 93.
5789 7. 93.
5790 7. 93.
5791 7. 93.
5792 7. 93.
5793 7. 93.
5794 7. 93.
5795 7. 93.
5796 7. 93.
5797 7. 93.
5798 7. 93.
5799 8. 92.
5800 8. 92.
5801 8. 92.
5802 8. 92.
5803 8. 92.
5804 8. 92.
5805 8. 92.
5806 8. 92.
5807 8. 92.
5808 8. 92.
5809 8. 92.
5810 8. 92.
5811 8. 92.
5812 7. 93.
5813 7. 93.
5814 7. 93.
5815 7. 93.
5816 7. 93.
5817 7. 93.
5818 7. 93.
5819 7. 93.
5820 7. 93.
5821 6. 94.
5822 6. 94.
5823 6. 94.
5824 6. 94.
5825 6. 94.
5826 6. 94.
5827 6. 94.
5828 6. 94.
5829 6. 94.
5830 6. 94.
5831 6. 94.
5832 6. 94.
5833 6. 94.
5834 6. 94.
5835 6. 94.
5836 6. 94.
5837 6. 94.
5838 6. 94.
5839 6. 94.
5840 6. 94.
5841 6. 94.
5842 6. 94.
5843 6. 94.
5844 5. 95.
5845 5. 95.
5846 5. 95.
5847 5. 95.
5848 5. 95.
5849 5. 95.
5850 5. 95.
5851 5. 95.
5852 5. 95.
5853 5. 95.
5854 5. 95.
5855 5. 95.
5856 5. 95.
5857 5. 95.
5858 5. 95.
5859 5. 95.
5860 5. 95.
5861 5. 95.
5862 5. 95.
5863 5. 95.
5864 5. 95.
5865 5. 95.
5866 5. 95.
5867 5. 95.
5868 5. 95.
5869 5. 95.
5870 5. 95.
5871 5. 95.
5872 5. 95.
5873 5. 95.
5874 5. 95.
5875 5. 95.
5876 5. 95.
5877 5. 95.
5878 5. 95.
5879 6. 94.
5880 6. 94.
5881 6. 94.
5882 6. 94.
5883 6. 94.
5884 6. 94.
5885 7. 93.
5886 7. 93.
5887 7. 93.
5888 7. 93.
5889 7. 93.
5890 7. 93.
5891 7. 93.
5892 7. 93.
5893 7. 93.
5894 7. 93.
5895 7. 93.
5896 7. 93.
5897 7. 93.
5898 6. 94.
5899 6. 94.
5900 5. 95.
5901 6. 94.
5902 6. 94.
5903 6. 94.
5904 6. 94.
5905 6. 94.
5906 6. 94.
5907 6. 94.
5908 6. 94.
5909 6. 94.
5910 6. 94.
5911 6. 94.
5912 6. 94.
5913 6. 94.
5914 6. 94.
5915 6. 94.
5916 6. 94.
5917 6. 94.
5918 6. 94.
5919 6. 94.
5920 6. 94.
5921 6. 94.
5922 6. 94.
5923 6. 94.
5924 6. 94.
5925 6. 94.
5926 6. 94.
5927 6. 94.
5928 6. 94.
5929 6. 94.
5930 6. 94.
5931 6. 94.
5932 6. 94.
5933 6. 94.
5934 6. 94.
5935 6. 94.
5936 5. 95.
5937 5. 95.
5938 6. 94.
5939 5. 95.
5940 5. 95.
5941 5. 95.
5942 5. 95.
5943 5. 95.
5944 5. 95.
5945 5. 95.
5946 5. 95.
5947 5. 95.
5948 5. 95.
5949 5. 95.
5950 5. 95.
5951 5. 95.
5952 5. 95.
5953 5. 95.
5954 5. 95.
5955 5. 95.
5956 5. 95.
5957 5. 95.
5958 5. 95.
5959 5. 95.
5960 5. 95.
5961 5. 95.
5962 5. 95.
5963 5. 95.
5964 6. 94.
5965 6. 94.
5966 7. 93.
5967 6. 94.
5968 7. 93.
5969 7. 93.
5970 7. 93.
5971 7. 93.
5972 7. 93.
5973 7. 93.
5974 7. 93.
5975 7. 93.
5976 7. 93.
5977 7. 93.
5978 7. 93.
5979 7. 93.
5980 7. 93.
5981 7. 93.
5982 7. 93.
5983 7. 93.
5984 7. 93.
5985 7. 93.
5986 7. 93.
5987 7. 93.
5988 7. 93.
5989 7. 93.
5990 7. 93.
5991 7. 93.
5992 7. 93.
5993 7. 93.
5994 7. 93.
5995 7. 93.
5996 7. 93.
5997 7. 93.
5998 7. 93.
5999 7. 93.
6000 7. 93.
6001 7. 93.
6002 7. 93.
6003 7. 93.
6004 7. 93.
6005 7. 93.
6006 7. 93.
6007 7. 93.
6008 8. 92.
6009 8. 92.
6010 7. 93.
6011 7. 93.
6012 7. 93.
6013 7. 93.
6014 7. 93.
6015 7. 93.
6016 7. 93.
6017 7. 93.
6018 7. 93.
6019 7. 93.
6020 8. 92.
6021 8. 92.
6022 8. 92.
6023 8. 92.
6024 8. 92.
6025 8. 92.
6026 8. 92.
6027 8. 92.
6028 8. 92.
6029 8. 92.
6030 8. 92.
6031 8. 92.
6032 8. 92.
6033 8. 92.
6034 8. 92.
6035 8. 92.
6036 7. 93.
6037 7. 93.
6038 7. 93.
6039 7. 93.
6040 7. 93.
6041 7. 93.
6042 7. 93.
6043 7. 93.
6044 7. 93.
6045 7. 93.
6046 7. 93.
6047 7. 93.
6048 7. 93.
6049 7. 93.
6050 7. 93.
6051 7. 93.
6052 6. 94.
6053 6. 94.
6054 6. 94.
6055 6. 94.
6056 6. 94.
6057 6. 94.
6058 6. 94.
6059 6. 94.
6060 6. 94.
6061 6. 94.
6062 6. 94.
6063 6. 94.
6064 6. 94.
6065 6. 94.
6066 6. 94.
6067 7. 93.
6068 7. 93.
6069 7. 93.
6070 7. 93.
6071 7. 93.
6072 7. 93.
6073 6. 94.
6074 6. 94.
6075 6. 94.
6076 6. 94.
6077 6. 94.
6078 7. 93.
6079 7. 93.
6080 7. 93.
6081 7. 93.
6082 7. 93.
6083 7. 93.
6084 7. 93.
6085 7. 93.
6086 7. 93.
6087 7. 93.
6088 7. 93.
6089 7. 93.
6090 7. 93.
6091 7. 93.
6092 8. 92.
6093 8. 92.
6094 8. 92.
6095 8. 92.
6096 8. 92.
6097 8. 92.
6098 8. 92.
6099 9. 91.
6100 9. 91.
6101 9. 91.
6102 9. 91.
6103 9. 91.
6104 9. 91.
6105 9. 91.
6106 9. 91.
6107 9. 91.
6108 9. 91.
6109 9. 91.
6110 9. 91.
6111 9. 91.
6112 9. 91.
6113 9. 91.
6114 9. 91.
6115 9. 91.
6116 9. 91.
6117 9. 91.
6118 9. 91.
6119 9. 91.
6120 9. 91.
6121 9. 91.
6122 9. 91.
6123 9. 91.
6124 9. 91.
6125 9. 91.
6126 9. 91.
6127 9. 91.
6128 9. 91.
6129 9. 91.
6130 9. 91.
6131 9. 91.
6132 10. 90.
6133 10. 90.
6134 10. 90.
6135 10. 90.
6136 11. 89.
6137 11. 89.
6138 12. 88.
6139 12. 88.
6140 12. 88.
6141 12. 88.
6142 12. 88.
6143 12. 88.
6144 12. 88.
6145 12. 88.
6146 12. 88.
6147 12. 88.
6148 12. 88.
6149 12. 88.
6150 12. 88.
6151 12. 88.
6152 12. 88.
6153 12. 88.
6154 12. 88.
6155 12. 88.
6156 12. 88.
6157 12. 88.
6158 12. 88.
6159 12. 88.
6160 12. 88.
6161 13. 87.
6162 13. 87.
6163 13. 87.
6164 12. 88.
6165 12. 88.
6166 12. 88.
6167 12. 88.
6168 12. 88.
6169 12. 88.
6170 12. 88.
6171 12. 88.
6172 12. 88.
6173 12. 88.
6174 12. 88.
6175 12. 88.
6176 12. 88.
6177 12. 88.
6178 12. 88.
6179 11. 89.
6180 11. 89.
6181 11. 89.
6182 11. 89.
6183 11. 89.
6184 11. 89.
6185 11. 89.
6186 11. 89.
6187 11. 89.
6188 11. 89.
6189 12. 88.
6190 13. 87.
6191 13. 87.
6192 14. 86.
6193 13. 87.
6194 13. 87.
6195 13. 87.
6196 12. 88.
6197 12. 88.
6198 12. 88.
6199 12. 88.
6200 12. 88.
6201 12. 88.
6202 12. 88.
6203 12. 88.
6204 12. 88.
6205 12. 88.
6206 12. 88.
6207 12. 88.
6208 12. 88.
6209 12. 88.
6210 12. 88.
6211 12. 88.
6212 12. 88.
6213 12. 88.
6214 12. 88.
6215 12. 88.
6216 12. 88.
6217 12. 88.
6218 12. 88.
6219 12. 88.
6220 12. 88.
6221 12. 88.
6222 12. 88.
6223 12. 88.
6224 12. 88.
6225 12. 88.
6226 12. 88.
6227 11. 89.
6228 11. 89.
6229 11. 89.
6230 11. 89.
6231 11. 89.
6232 11. 89.
6233 11. 89.
6234 11. 89.
6235 11. 89.
6236 11. 89.
6237 11. 89.
6238 11. 89.
6239 11. 89.
6240 11. 89.
6241 11. 89.
6242 11. 89.
6243 11. 89.
6244 11. 89.
6245 11. 89.
6246 11. 89.
6247 11. 89.
6248 11. 89.
6249 11. 89.
6250 11. 89.
6251 11. 89.
6252 11. 89.
6253 10. 90.
6254 10. 90.
6255 10. 90.
6256 10. 90.
6257 10. 90.
6258 10. 90.
6259 10. 90.
6260 10. 90.
6261 10. 90.
6262 10. 90.
6263 10. 90.
6264 10. 90.
6265 10. 90.
6266 10. 90.
6267 10. 90.
6268 10. 90.
6269 10. 90.
6270 11. 89.
6271 11. 89.
6272 10. 90.
6273 10. 90.
6274 10. 90.
6275 9. 91.
6276 9. 91.
6277 9. 91.
6278 9. 91.
6279 9. 91.
6280 9. 91.
6281 9. 91.
6282 9. 91.
6283 9. 91.
6284 9. 91.
6285 9. 91.
6286 9. 91.
6287 9. 91.
6288 9. 91.
6289 9. 91.
6290 9. 91.
6291 9. 91.
6292 9. 91.
6293 9. 91.
6294 9. 91.
6295 9. 91.
6296 9. 91.
6297 9. 91.
6298 9. 91.
6299 9. 91.
6300 9. 91.
6301 9. 91.
6302 9. 91.
6303 9. 91.
6304 9. 91.
6305 9. 91.
6306 8. 92.
6307 7. 93.
6308 7. 93.
6309 7. 93.
6310 7. 93.
6311 7. 93.
6312 7. 93.
6313 7. 93.
6314 7. 93.
6315 7. 93.
6316 7. 93.
6317 7. 93.
6318 7. 93.
6319 7. 93.
6320 7. 93.
6321 7. 93.
6322 7. 93.
6323 7. 93.
6324 7. 93.
6325 7. 93.
6326 7. 93.
6327 7. 93.
6328 7. 93.
6329 7. 93.
6330 7. 93.
6331 7. 93.
6332 7. 93.
6333 7. 93.
6334 7. 93.
6335 7. 93.
6336 7. 93.
6337 7. 93.
6338 7. 93.
6339 7. 93.
6340 7. 93.
6341 7. 93.
6342 7. 93.
6343 7. 93.
6344 7. 93.
6345 7. 93.
6346 7. 93.
6347 7. 93.
6348 7. 93.
6349 8. 92.
6350 8. 92.
6351 8. 92.
6352 8. 92.
6353 8. 92.
6354 8. 92.
6355 8. 92.
6356 8. 92.
6357 7. 93.
6358 8. 92.
6359 8. 92.
6360 8. 92.
6361 9. 91.
6362 9. 91.
6363 9. 91.
6364 9. 91.
6365 9. 91.
6366 9. 91.
6367 9. 91.
6368 9. 91.
6369 9. 91.
6370 9. 91.
6371 9. 91.
6372 10. 90.
6373 10. 90.
6374 10. 90.
6375 10. 90.
6376 10. 90.
6377 10. 90.
6378 10. 90.
6379 10. 90.
6380 10. 90.
6381 10. 90.
6382 10. 90.
6383 10. 90.
6384 10. 90.
6385 10. 90.
6386 10. 90.
6387 10. 90.
6388 10. 90.
6389 10. 90.
6390 10. 90.
6391 10. 90.
6392 10. 90.
6393 10. 90.
6394 10. 90.
6395 10. 90.
6396 10. 90.
6397 10. 90.
6398 10. 90.
6399 10. 90.
6400 10. 90.
6401 10. 90.
6402 10. 90.
6403 10. 90.
6404 10. 90.
6405 10. 90.
6406 10. 90.
6407 10. 90.
6408 10. 90.
6409 10. 90.
6410 10. 90.
6411 11. 89.
6412 11. 89.
6413 11. 89.
6414 11. 89.
6415 11. 89.
6416 11. 89.
6417 11. 89.
6418 11. 89.
6419 11. 89.
6420 11. 89.
6421 11. 89.
6422 11. 89.
6423 11. 89.
6424 11. 89.
6425 11. 89.
6426 11. 89.
6427 11. 89.
6428 11. 89.
6429 11. 89.
6430 11. 89.
6431 11. 89.
6432 11. 89.
6433 11. 89.
6434 12. 88.
6435 12. 88.
6436 12. 88.
6437 12. 88.
6438 12. 88.
6439 12. 88.
6440 12. 88.
6441 12. 88.
6442 12. 88.
6443 12. 88.
6444 12. 88.
6445 12. 88.
6446 12. 88.
6447 12. 88.
6448 12. 88.
6449 12. 88.
6450 12. 88.
6451 12. 88.
6452 12. 88.
6453 12. 88.
6454 12. 88.
6455 12. 88.
6456 12. 88.
6457 12. 88.
6458 12. 88.
6459 12. 88.
6460 11. 89.
6461 10. 90.
6462 10. 90.
6463 10. 90.
6464 10. 90.
6465 10. 90.
6466 10. 90.
6467 10. 90.
6468 10. 90.
6469 10. 90.
6470 10. 90.
6471 10. 90.
6472 10. 90.
6473 10. 90.
6474 10. 90.
6475 10. 90.
6476 10. 90.
6477 10. 90.
6478 10. 90.
6479 10. 90.
6480 10. 90.
6481 10. 90.
6482 11. 89.
6483 11. 89.
6484 11. 89.
6485 11. 89.
6486 11. 89.
6487 11. 89.
6488 11. 89.
6489 11. 89.
6490 11. 89.
6491 11. 89.
6492 11. 89.
6493 12. 88.
6494 12. 88.
6495 12. 88.
6496 12. 88.
6497 12. 88.
6498 12. 88.
6499 12. 88.
6500 12. 88.
6501 12. 88.
6502 12. 88.
6503 12. 88.
6504 13. 87.
6505 14. 86.
6506 14. 86.
6507 13. 87.
6508 14. 86.
6509 14. 86.
6510 14. 86.
6511 14. 86.
6512 14. 86.
6513 14. 86.
6514 14. 86.
6515 14. 86.
6516 13. 87.
6517 13. 87.
6518 13. 87.
6519 13. 87.
6520 12. 88.
6521 12. 88.
6522 12. 88.
6523 12. 88.
6524 11. 89.
6525 11. 89.
6526 11. 89.
6527 11. 89.
6528 11. 89.
6529 11. 89.
6530 11. 89.
6531 11. 89.
6532 10. 90.
6533 10. 90.
6534 10. 90.
6535 10. 90.
6536 10. 90.
6537 10. 90.
6538 10. 90.
6539 10. 90.
6540 9. 91.
6541 9. 91.
6542 8. 92.
6543 7. 93.
6544 7. 93.
6545 7. 93.
6546 6. 94.
6547 6. 94.
6548 6. 94.
6549 6. 94.
6550 6. 94.
6551 6. 94.
6552 6. 94.
6553 7. 93.
6554 7. 93.
6555 7. 93.
6556 7. 93.
6557 7. 93.
6558 7. 93.
6559 7. 93.
6560 7. 93.
6561 6. 94.
6562 6. 94.
6563 6. 94.
6564 6. 94.
6565 6. 94.
6566 5. 95.
6567 5. 95.
6568 5. 95.
6569 5. 95.
6570 5. 95.
6571 5. 95.
6572 5. 95.
6573 5. 95.
6574 5. 95.
6575 5. 95.
6576 5. 95.
6577 5. 95.
6578 5. 95.
6579 5. 95.
6580 5. 95.
6581 5. 95.
6582 5. 95.
6583 5. 95.
6584 5. 95.
6585 5. 95.
6586 5. 95.
6587 5. 95.
6588 5. 95.
6589 5. 95.
6590 5. 95.
6591 5. 95.
6592 5. 95.
6593 5. 95.
6594 5. 95.
6595 5. 95.
6596 5. 95.
6597 5. 95.
6598 5. 95.
6599 5. 95.
6600 5. 95.
6601 5. 95.
6602 5. 95.
6603 5. 95.
6604 5. 95.
6605 5. 95.
6606 5. 95.
6607 5. 95.
6608 5. 95.
6609 5. 95.
6610 5. 95.
6611 5. 95.
6612 5. 95.
6613 5. 95.
6614 5. 95.
6615 5. 95.
6616 5. 95.
6617 5. 95.
6618 5. 95.
6619 5. 95.
6620 5. 95.
6621 5. 95.
6622 5. 95.
6623 5. 95.
6624 6. 94.
6625 6. 94.
6626 6. 94.
6627 6. 94.
6628 6. 94.
6629 6. 94.
6630 6. 94.
6631 7. 93.
6632 7. 93.
6633 7. 93.
6634 7. 93.
6635 6. 94.
6636 6. 94.
6637 6. 94.
6638 6. 94.
6639 6. 94.
6640 6. 94.
6641 6. 94.
6642 6. 94.
6643 6. 94.
6644 6. 94.
6645 6. 94.
6646 6. 94.
6647 6. 94.
6648 6. 94.
6649 6. 94.
6650 6. 94.
6651 6. 94.
6652 6. 94.
6653 6. 94.
6654 6. 94.
6655 6. 94.
6656 6. 94.
6657 6. 94.
6658 6. 94.
6659 6. 94.
6660 6. 94.
6661 6. 94.
6662 6. 94.
6663 6. 94.
6664 6. 94.
6665 6. 94.
6666 6. 94.
6667 6. 94.
6668 6. 94.
6669 6. 94.
6670 6. 94.
6671 6. 94.
6672 6. 94.
6673 6. 94.
6674 5. 95.
6675 5. 95.
6676 5. 95.
6677 5. 95.
6678 5. 95.
6679 5. 95.
6680 5. 95.
6681 4. 96.
6682 4. 96.
6683 4. 96.
6684 4. 96.
6685 4. 96.
6686 4. 96.
6687 4. 96.
6688 4. 96.
6689 4. 96.
6690 4. 96.
6691 4. 96.
6692 4. 96.
6693 4. 96.
6694 4. 96.
6695 4. 96.
6696 4. 96.
6697 4. 96.
6698 4. 96.
6699 5. 95.
6700 5. 95.
6701 5. 95.
6702 5. 95.
6703 5. 95.
6704 5. 95.
6705 5. 95.
6706 5. 95.
6707 5. 95.
6708 5. 95.
6709 5. 95.
6710 5. 95.
6711 5. 95.
6712 5. 95.
6713 5. 95.
6714 5. 95.
6715 5. 95.
6716 5. 95.
6717 5. 95.
6718 5. 95.
6719 5. 95.
6720 5. 95.
6721 5. 95.
6722 5. 95.
6723 5. 95.
6724 5. 95.
6725 5. 95.
6726 5. 95.
6727 5. 95.
6728 5. 95.
6729 5. 95.
6730 5. 95.
6731 5. 95.
6732 5. 95.
6733 5. 95.
6734 5. 95.
6735 5. 95.
6736 5. 95.
6737 5. 95.
6738 5. 95.
6739 5. 95.
6740 5. 95.
6741 5. 95.
6742 5. 95.
6743 5. 95.
6744 5. 95.
6745 5. 95.
6746 5. 95.
6747 5. 95.
6748 5. 95.
6749 5. 95.
6750 5. 95.
6751 5. 95.
6752 5. 95.
6753 5. 95.
6754 5. 95.
6755 5. 95.
6756 5. 95.
6757 5. 95.
6758 5. 95.
6759 5. 95.
6760 5. 95.
6761 5. 95.
6762 5. 95.
6763 5. 95.
6764 5. 95.
6765 5. 95.
6766 5. 95.
6767 5. 95.
6768 6. 94.
6769 6. 94.
6770 6. 94.
6771 6. 94.
6772 6. 94.
6773 6. 94.
6774 6. 94.
6775 6. 94.
6776 6. 94.
6777 6. 94.
6778 6. 94.
6779 5. 95.
6780 5. 95.
6781 5. 95.
6782 5. 95.
6783 5. 95.
6784 5. 95.
6785 5. 95.
6786 5. 95.
6787 5. 95.
6788 5. 95.
6789 5. 95.
6790 5. 95.
6791 5. 95.
6792 5. 95.
6793 5. 95.
6794 5. 95.
6795 6. 94.
6796 6. 94.
6797 6. 94.
6798 6. 94.
6799 6. 94.
6800 6. 94.
6801 6. 94.
6802 6. 94.
6803 6. 94.
6804 6. 94.
6805 6. 94.
6806 5. 95.
6807 4. 96.
6808 4. 96.
6809 4. 96.
6810 4. 96.
6811 4. 96.
6812 4. 96.
6813 4. 96.
6814 4. 96.
6815 4. 96.
6816 4. 96.
6817 4. 96.
6818 4. 96.
6819 4. 96.
6820 4. 96.
6821 4. 96.
6822 4. 96.
6823 4. 96.
6824 5. 95.
6825 5. 95.
6826 5. 95.
6827 5. 95.
6828 5. 95.
6829 5. 95.
6830 5. 95.
6831 5. 95.
6832 5. 95.
6833 5. 95.
6834 5. 95.
6835 5. 95.
6836 5. 95.
6837 5. 95.
6838 5. 95.
6839 5. 95.
6840 5. 95.
6841 5. 95.
6842 5. 95.
6843 5. 95.
6844 5. 95.
6845 5. 95.
6846 6. 94.
6847 6. 94.
6848 6. 94.
6849 6. 94.
6850 5. 95.
6851 5. 95.
6852 5. 95.
6853 5. 95.
6854 5. 95.
6855 5. 95.
6856 5. 95.
6857 5. 95.
6858 5. 95.
6859 5. 95.
6860 4. 96.
6861 4. 96.
6862 4. 96.
6863 4. 96.
6864 4. 96.
6865 4. 96.
6866 4. 96.
6867 4. 96.
6868 4. 96.
6869 4. 96.
6870 4. 96.
6871 4. 96.
6872 4. 96.
6873 5. 95.
6874 5. 95.
6875 5. 95.
6876 5. 95.
6877 5. 95.
6878 5. 95.
6879 5. 95.
6880 5. 95.
6881 5. 95.
6882 5. 95.
6883 5. 95.
6884 5. 95.
6885 5. 95.
6886 5. 95.
6887 4. 96.
6888 5. 95.
6889 5. 95.
6890 5. 95.
6891 5. 95.
6892 5. 95.
6893 5. 95.
6894 5. 95.
6895 4. 96.
6896 4. 96.
6897 4. 96.
6898 4. 96.
6899 4. 96.
6900 4. 96.
6901 4. 96.
6902 4. 96.
6903 4. 96.
6904 4. 96.
6905 4. 96.
6906 4. 96.
6907 4. 96.
6908 4. 96.
6909 4. 96.
6910 4. 96.
6911 4. 96.
6912 4. 96.
6913 4. 96.
6914 4. 96.
6915 4. 96.
6916 4. 96.
6917 4. 96.
6918 4. 96.
6919 4. 96.
6920 4. 96.
6921 4. 96.
6922 4. 96.
6923 4. 96.
6924 4. 96.
6925 4. 96.
6926 4. 96.
6927 4. 96.
6928 4. 96.
6929 4. 96.
6930 4. 96.
6931 4. 96.
6932 4. 96.
6933 4. 96.
6934 4. 96.
6935 4. 96.
6936 4. 96.
6937 4. 96.
6938 4. 96.
6939 4. 96.
6940 4. 96.
6941 4. 96.
6942 4. 96.
6943 4. 96.
6944 4. 96.
6945 4. 96.
6946 4. 96.
6947 4. 96.
6948 3. 97.
6949 3. 97.
6950 3. 97.
6951 3. 97.
6952 3. 97.
6953 3. 97.
6954 3. 97.
6955 3. 97.
6956 3. 97.
6957 3. 97.
6958 3. 97.
6959 3. 97.
6960 3. 97.
6961 3. 97.
6962 3. 97.
6963 3. 97.
6964 3. 97.
6965 3. 97.
6966 3. 97.
6967 3. 97.
6968 3. 97.
6969 3. 97.
6970 3. 97.
6971 3. 97.
6972 3. 97.
6973 3. 97.
6974 3. 97.
6975 3. 97.
6976 3. 97.
6977 3. 97.
6978 3. 97.
6979 3. 97.
6980 3. 97.
6981 3. 97.
6982 3. 97.
6983 3. 97.
6984 3. 97.
6985 3. 97.
6986 3. 97.
6987 3. 97.
6988 3. 97.
6989 3. 97.
6990 3. 97.
6991 3. 97.
6992 3. 97.
6993 3. 97.
6994 3. 97.
6995 3. 97.
6996 3. 97.
6997 3. 97.
6998 3. 97.
6999 4. 96.
7000 4. 96.
7001 4. 96.
7002 4. 96.
7003 4. 96.
7004 4. 96.
7005 4. 96.
7006 4. 96.
7007 4. 96.
7008 4. 96.
7009 4. 96.
7010 4. 96.
7011 4. 96.
7012 4. 96.
7013 4. 96.
7014 4. 96.
7015 4. 96.
7016 4. 96.
7017 4. 96.
7018 4. 96.
7019 4. 96.
7020 4. 96.
7021 4. 96.
7022 4. 96.
7023 4. 96.
7024 4. 96.
7025 4. 96.
7026 4. 96.
7027 4. 96.
7028 4. 96.
7029 4. 96.
7030 4. 96.
7031 4. 96.
7032 4. 96.
7033 4. 96.
7034 4. 96.
7035 4. 96.
7036 4. 96.
7037 4. 96.
7038 4. 96.
7039 4. 96.
7040 4. 96.
7041 4. 96.
7042 4. 96.
7043 4. 96.
7044 4. 96.
7045 4. 96.
7046 4. 96.
7047 4. 96.
7048 4. 96.
7049 4. 96.
7050 4. 96.
7051 4. 96.
7052 4. 96.
7053 4. 96.
7054 4. 96.
7055 4. 96.
7056 4. 96.
7057 4. 96.
7058 4. 96.
7059 4. 96.
7060 4. 96.
7061 4. 96.
7062 4. 96.
7063 4. 96.
7064 4. 96.
7065 4. 96.
7066 4. 96.
7067 4. 96.
7068 4. 96.
7069 4. 96.
7070 4. 96.
7071 4. 96.
7072 4. 96.
7073 4. 96.
7074 4. 96.
7075 4. 96.
7076 4. 96.
7077 4. 96.
7078 4. 96.
7079 4. 96.
7080 4. 96.
7081 4. 96.
7082 4. 96.
7083 4. 96.
7084 4. 96.
7085 4. 96.
7086 4. 96.
7087 4. 96.
7088 4. 96.
7089 4. 96.
7090 4. 96.
7091 4. 96.
7092 4. 96.
7093 4. 96.
7094 4. 96.
7095 4. 96.
7096 4. 96.
7097 4. 96.
7098 4. 96.
7099 4. 96.
7100 4. 96.
7101 4. 96.
7102 4. 96.
7103 4. 96.
7104 4. 96.
7105 4. 96.
7106 4. 96.
7107 4. 96.
7108 4. 96.
7109 3. 97.
7110 3. 97.
7111 3. 97.
7112 3. 97.
7113 3. 97.
7114 3. 97.
7115 3. 97.
7116 3. 97.
7117 3. 97.
7118 3. 97.
7119 3. 97.
7120 4. 96.
7121 4. 96.
7122 4. 96.
7123 4. 96.
7124 4. 96.
7125 4. 96.
7126 4. 96.
7127 4. 96.
7128 4. 96.
7129 4. 96.
7130 4. 96.
7131 3. 97.
7132 3. 97.
7133 3. 97.
7134 3. 97.
7135 3. 97.
7136 3. 97.
7137 3. 97.
7138 3. 97.
7139 3. 97.
7140 3. 97.
7141 3. 97.
7142 3. 97.
7143 3. 97.
7144 3. 97.
7145 3. 97.
7146 3. 97.
7147 3. 97.
7148 3. 97.
7149 3. 97.
7150 3. 97.
7151 3. 97.
7152 3. 97.
7153 3. 97.
7154 3. 97.
7155 3. 97.
7156 3. 97.
7157 3. 97.
7158 3. 97.
7159 3. 97.
7160 3. 97.
7161 3. 97.
7162 3. 97.
7163 3. 97.
7164 3. 97.
7165 3. 97.
7166 3. 97.
7167 3. 97.
7168 3. 97.
7169 3. 97.
7170 3. 97.
7171 3. 97.
7172 3. 97.
7173 3. 97.
7174 3. 97.
7175 3. 97.
7176 4. 96.
7177 4. 96.
7178 4. 96.
7179 4. 96.
7180 3. 97.
7181 3. 97.
7182 3. 97.
7183 3. 97.
7184 3. 97.
7185 3. 97.
7186 3. 97.
7187 3. 97.
7188 3. 97.
7189 3. 97.
7190 3. 97.
7191 3. 97.
7192 2. 98.
7193 2. 98.
7194 2. 98.
7195 2. 98.
7196 2. 98.
7197 2. 98.
7198 2. 98.
7199 1. 99.
7200 1. 99.
7201 1. 99.
7202 1. 99.
7203 1. 99.
7204 1. 99.
7205 1. 99.
7206 1. 99.
7207 1. 99.
7208 1. 99.
7209 1. 99.
7210 1. 99.
7211 1. 99.
7212 1. 99.
7213 1. 99.
7214 1. 99.
7215 1. 99.
7216 1. 99.
7217 1. 99.
7218 1. 99.
7219 1. 99.
7220 1. 99.
7221 1. 99.
7222 1. 99.
7223 1. 99.
7224 1. 99.
7225 1. 99.
7226 1. 99.
7227 1. 99.
7228 1. 99.
7229 1. 99.
7230 1. 99.
7231 1. 99.
7232 1. 99.
7233 1. 99.
7234 1. 99.
7235 1. 99.
7236 1. 99.
7237 1. 99.
7238 1. 99.
7239 1. 99.
7240 1. 99.
7241 1. 99.
7242 1. 99.
7243 1. 99.
7244 1. 99.
7245 1. 99.
7246 1. 99.
7247 1. 99.
7248 1. 99.
7249 1. 99.
7250 1. 99.
7251 1. 99.
7252 1. 99.
7253 1. 99.
7254 1. 99.
7255 1. 99.
7256 1. 99.
7257 1. 99.
7258 1. 99.
7259 1. 99.
7260 1. 99.
7261 1. 99.
7262 1. 99.
7263 1. 99.
7264 1. 99.
7265 1. 99.
7266 1. 99.
7267 1. 99.
7268 1. 99.
7269 1. 99.
7270 1. 99.
7271 1. 99.
7272 1. 99.
7273 1. 99.
7274 1. 99.
7275 1. 99.
7276 1. 99.
7277 1. 99.
7278 1. 99.
7279 1. 99.
7280 1. 99.
7281 1. 99.
7282 1. 99.
7283 1. 99.
7284 1. 99.
7285 1. 99.
7286 1. 99.
7287 1. 99.
7288 1. 99.
7289 1. 99.
7290 1. 99.
7291 1. 99.
7292 1. 99.
7293 1. 99.
7294 1. 99.
7295 1. 99.
7296 1. 99.
7297 1. 99.
7298 1. 99.
7299 1. 99.
7300 1. 99.
7301 1. 99.
7302 1. 99.
7303 1. 99.
7304 1. 99.
7305 1. 99.
7306 1. 99.
7307 1. 99.
7308 1. 99.
7309 1. 99.
7310 1. 99.
7311 1. 99.
7312 1. 99.
7313 1. 99.
7314 1. 99.
7315 2. 98.
7316 2. 98.
7317 2. 98.
7318 2. 98.
7319 2. 98.
7320 2. 98.
7321 2. 98.
7322 2. 98.
7323 2. 98.
7324 2. 98.
7325 2. 98.
7326 2. 98.
7327 2. 98.
7328 2. 98.
7329 2. 98.
7330 2. 98.
7331 2. 98.
7332 2. 98.
7333 2. 98.
7334 2. 98.
7335 2. 98.
7336 2. 98.
7337 2. 98.
7338 2. 98.
7339 2. 98.
7340 2. 98.
7341 2. 98.
7342 2. 98.
7343 2. 98.
7344 2. 98.
7345 2. 98.
7346 2. 98.
7347 2. 98.
7348 2. 98.
7349 2. 98.
7350 2. 98.
7351 2. 98.
7352 2. 98.
7353 2. 98.
7354 2. 98.
7355 2. 98.
7356 2. 98.
7357 2. 98.
7358 2. 98.
7359 2. 98.
7360 2. 98.
7361 2. 98.
7362 2. 98.
7363 2. 98.
7364 2. 98.
7365 2. 98.
7366 2. 98.
7367 2. 98.
7368 2. 98.
7369 2. 98.
7370 2. 98.
7371 2. 98.
7372 2. 98.
7373 2. 98.
7374 2. 98.
7375 2. 98.
7376 2. 98.
7377 2. 98.
7378 2. 98.
7379 2. 98.
7380 2. 98.
7381 2. 98.
7382 2. 98.
7383 2. 98.
7384 2. 98.
7385 2. 98.
7386 2. 98.
7387 2. 98.
7388 3. 97.
7389 3. 97.
7390 3. 97.
7391 3. 97.
7392 4. 96.
7393 4. 96.
7394 4. 96.
7395 4. 96.
7396 4. 96.
7397 4. 96.
7398 4. 96.
7399 4. 96.
7400 4. 96.
7401 4. 96.
7402 4. 96.
7403 4. 96.
7404 4. 96.
7405 4. 96.
7406 4. 96.
7407 4. 96.
7408 4. 96.
7409 4. 96.
7410 4. 96.
7411 4. 96.
7412 4. 96.
7413 4. 96.
7414 4. 96.
7415 4. 96.
7416 4. 96.
7417 4. 96.
7418 4. 96.
7419 4. 96.
7420 4. 96.
7421 4. 96.
7422 4. 96.
7423 4. 96.
7424 4. 96.
7425 4. 96.
7426 4. 96.
7427 4. 96.
7428 4. 96.
7429 4. 96.
7430 3. 97.
7431 3. 97.
7432 3. 97.
7433 3. 97.
7434 3. 97.
7435 3. 97.
7436 3. 97.
7437 3. 97.
7438 3. 97.
7439 3. 97.
7440 3. 97.
7441 3. 97.
7442 3. 97.
7443 3. 97.
7444 3. 97.
7445 3. 97.
7446 2. 98.
7447 2. 98.
7448 2. 98.
7449 2. 98.
7450 2. 98.
7451 2. 98.
7452 2. 98.
7453 2. 98.
7454 2. 98.
7455 2. 98.
7456 2. 98.
7457 3. 97.
7458 3. 97.
7459 3. 97.
7460 3. 97.
7461 3. 97.
7462 3. 97.
7463 3. 97.
7464 3. 97.
7465 3. 97.
7466 3. 97.
7467 3. 97.
7468 3. 97.
7469 3. 97.
7470 3. 97.
7471 3. 97.
7472 3. 97.
7473 3. 97.
7474 3. 97.
7475 3. 97.
7476 3. 97.
7477 3. 97.
7478 3. 97.
7479 3. 97.
7480 3. 97.
7481 3. 97.
7482 3. 97.
7483 3. 97.
7484 3. 97.
7485 3. 97.
7486 3. 97.
7487 3. 97.
7488 3. 97.
7489 3. 97.
7490 3. 97.
7491 2. 98.
7492 2. 98.
7493 2. 98.
7494 2. 98.
7495 2. 98.
7496 2. 98.
7497 2. 98.
7498 2. 98.
7499 2. 98.
7500 2. 98.
7501 2. 98.
7502 2. 98.
7503 2. 98.
7504 2. 98.
7505 2. 98.
7506 2. 98.
7507 2. 98.
7508 2. 98.
7509 2. 98.
7510 2. 98.
7511 2. 98.
7512 2. 98.
7513 2. 98.
7514 2. 98.
7515 2. 98.
7516 2. 98.
7517 2. 98.
7518 2. 98.
7519 2. 98.
7520 2. 98.
7521 2. 98.
7522 2. 98.
7523 2. 98.
7524 2. 98.
7525 2. 98.
7526 2. 98.
7527 2. 98.
7528 2. 98.
7529 2. 98.
7530 2. 98.
7531 2. 98.
7532 2. 98.
7533 2. 98.
7534 2. 98.
7535 2. 98.
7536 2. 98.
7537 2. 98.
7538 2. 98.
7539 2. 98.
7540 2. 98.
7541 2. 98.
7542 2. 98.
7543 2. 98.
7544 2. 98.
7545 2. 98.
7546 2. 98.
7547 2. 98.
7548 2. 98.
7549 2. 98.
7550 2. 98.
7551 2. 98.
7552 2. 98.
7553 2. 98.
7554 2. 98.
7555 2. 98.
7556 2. 98.
7557 2. 98.
7558 2. 98.
7559 2. 98.
7560 2. 98.
7561 2. 98.
7562 1. 99.
7563 1. 99.
7564 1. 99.
7565 1. 99.
7566 1. 99.
7567 1. 99.
7568 1. 99.
7569 1. 99.
7570 1. 99.
7571 1. 99.
7572 2. 98.
7573 2. 98.
7574 2. 98.
7575 2. 98.
7576 2. 98.
7577 2. 98.
7578 2. 98.
7579 2. 98.
7580 2. 98.
7581 2. 98.
7582 2. 98.
7583 2. 98.
7584 2. 98.
7585 2. 98.
7586 2. 98.
7587 2. 98.
7588 2. 98.
7589 2. 98.
7590 2. 98.
7591 2. 98.
7592 2. 98.
7593 2. 98.
7594 2. 98.
7595 2. 98.
7596 2. 98.
7597 2. 98.
7598 2. 98.
7599 2. 98.
7600 2. 98.
7601 2. 98.
7602 2. 98.
7603 2. 98.
7604 2. 98.
7605 2. 98.
7606 2. 98.
7607 2. 98.
7608 2. 98.
7609 2. 98.
7610 2. 98.
7611 2. 98.
7612 2. 98.
7613 2. 98.
7614 2. 98.
7615 2. 98.
7616 2. 98.
7617 2. 98.
7618 2. 98.
7619 2. 98.
7620 2. 98.
7621 2. 98.
7622 2. 98.
7623 2. 98.
7624 2. 98.
7625 2. 98.
7626 2. 98.
7627 2. 98.
7628 2. 98.
7629 2. 98.
7630 2. 98.
7631 2. 98.
7632 2. 98.
7633 2. 98.
7634 2. 98.
7635 2. 98.
7636 2. 98.
7637 2. 98.
7638 2. 98.
7639 2. 98.
7640 2. 98.
7641 2. 98.
7642 2. 98.
7643 2. 98.
7644 2. 98.
7645 2. 98.
7646 2. 98.
7647 2. 98.
7648 2. 98.
7649 2. 98.
7650 2. 98.
7651 2. 98.
7652 2. 98.
7653 2. 98.
7654 2. 98.
7655 2. 98.
7656 2. 98.
7657 2. 98.
7658 2. 98.
7659 1. 99.
7660 1. 99.
7661 1. 99.
7662 1. 99.
7663 1. 99.
7664 1. 99.
7665 1. 99.
7666 1. 99.
7667 1. 99.
7668 1. 99.
7669 1. 99.
7670 1. 99.
7671 1. 99.
7672 1. 99.
7673 1. 99.
7674 1. 99.
7675 1. 99.
7676 1. 99.
