0 19. 81.
1 19. 81.
2 19. 81.
3 20. 80.
4 20. 80.
5 21. 79.
6 21. 79.
7 21. 79.
8 21. 79.
9 21. 79.
10 22. 78.
11 22. 78.
12 22. 78.
13 22. 78.
14 23. 77.
15 24. 76.
16 24. 76.
17 24. 76.
18 24. 76.
19 24. 76.
20 24. 76.
21 24. 76.
22 24. 76.
23 25. 75.
24 25. 75.
25 25. 75.
26 26. 74.
27 26. 74.
28 27. 73.
29 27. 73.
30 28. 72.
31 27. 73.
32 27. 73.
33 27. 73.
34 27. 73.
35 27. 73.
36 28. 72.
37 27. 73.
38 28. 72.
39 27. 73.
40 27. 73.
41 27. 73.
42 27. 73.
43 27. 73.
44 27. 73.
45 27. 73.
46 27. 73.
47 27. 73.
48 28. 72.
49 28. 72.
50 28. 72.
51 29. 71.
52 29. 71.
53 29. 71.
54 29. 71.
55 29. 71.
56 29. 71.
57 29. 71.
58 30. 70.
59 30. 70.
60 30. 70.
61 30. 70.
62 31. 69.
63 30. 70.
64 30. 70.
65 30. 70.
66 30. 70.
67 30. 70.
68 31. 69.
69 31. 69.
70 31. 69.
71 31. 69.
72 31. 69.
73 31. 69.
74 31. 69.
75 31. 69.
76 31. 69.
77 30. 70.
78 30. 70.
79 30. 70.
80 30. 70.
81 30. 70.
82 30. 70.
83 30. 70.
84 30. 70.
85 30. 70.
86 30. 70.
87 30. 70.
88 29. 71.
89 29. 71.
90 30. 70.
91 31. 69.
92 31. 69.
93 31. 69.
94 31. 69.
95 31. 69.
96 31. 69.
97 31. 69.
98 31. 69.
99 32. 68.
100 31. 69.
101 31. 69.
102 31. 69.
103 31. 69.
104 30. 70.
105 30. 70.
106 30. 70.
107 30. 70.
108 30. 70.
109 30. 70.
110 30. 70.
111 31. 69.
112 31. 69.
113 31. 69.
114 31. 69.
115 31. 69.
116 31. 69.
117 31. 69.
118 30. 70.
119 30. 70.
120 30. 70.
121 30. 70.
122 30. 70.
123 30. 70.
124 30. 70.
125 30. 70.
126 31. 69.
127 31. 69.
128 31. 69.
129 32. 68.
130 32. 68.
131 32. 68.
132 33. 67.
133 34. 66.
134 34. 66.
135 34. 66.
136 34. 66.
137 34. 66.
138 34. 66.
139 35. 65.
140 36. 64.
141 36. 64.
142 36. 64.
143 37. 63.
144 37. 63.
145 38. 62.
146 38. 62.
147 39. 61.
148 39. 61.
149 39. 61.
150 38. 62.
151 38. 62.
152 38. 62.
153 37. 63.
154 37. 63.
155 37. 63.
156 37. 63.
157 37. 63.
158 37. 63.
159 37. 63.
160 37. 63.
161 37. 63.
162 37. 63.
163 37. 63.
164 37. 63.
165 36. 64.
166 36. 64.
167 36. 64.
168 36. 64.
169 36. 64.
170 35. 65.
171 35. 65.
172 35. 65.
173 35. 65.
174 35. 65.
175 35. 65.
176 35. 65.
177 35. 65.
178 35. 65.
179 35. 65.
180 36. 64.
181 36. 64.
182 36. 64.
183 36. 64.
184 36. 64.
185 36. 64.
186 36. 64.
187 36. 64.
188 35. 65.
189 34. 66.
190 34. 66.
191 35. 65.
192 36. 64.
193 37. 63.
194 37. 63.
195 37. 63.
196 36. 64.
197 36. 64.
198 37. 63.
199 38. 62.
200 38. 62.
201 37. 63.
202 37. 63.
203 37. 63.
204 37. 63.
205 37. 63.
206 37. 63.
207 37. 63.
208 37. 63.
209 37. 63.
210 37. 63.
211 37. 63.
212 37. 63.
213 37. 63.
214 38. 62.
215 39. 61.
216 39. 61.
217 39. 61.
218 40. 60.
219 40. 60.
220 41. 59.
221 41. 59.
222 41. 59.
223 41. 59.
224 41. 59.
225 41. 59.
226 41. 59.
227 41. 59.
228 41. 59.
229 41. 59.
230 41. 59.
231 41. 59.
232 41. 59.
233 41. 59.
234 42. 58.
235 43. 57.
236 43. 57.
237 43. 57.
238 43. 57.
239 43. 57.
240 43. 57.
241 43. 57.
242 43. 57.
243 43. 57.
244 43. 57.
245 43. 57.
246 42. 58.
247 41. 59.
248 41. 59.
249 41. 59.
250 41. 59.
251 41. 59.
252 41. 59.
253 41. 59.
254 41. 59.
255 41. 59.
256 41. 59.
257 41. 59.
258 41. 59.
259 41. 59.
260 40. 60.
261 40. 60.
262 41. 59.
263 42. 58.
264 41. 59.
265 40. 60.
266 40. 60.
267 40. 60.
268 40. 60.
269 40. 60.
270 40. 60.
271 41. 59.
272 41. 59.
273 41. 59.
274 41. 59.
275 41. 59.
276 40. 60.
277 40. 60.
278 41. 59.
279 41. 59.
280 41. 59.
281 41. 59.
282 41. 59.
283 41. 59.
284 41. 59.
285 42. 58.
286 42. 58.
287 42. 58.
288 42. 58.
289 42. 58.
290 42. 58.
291 42. 58.
292 43. 57.
293 43. 57.
294 43. 57.
295 43. 57.
296 43. 57.
297 43. 57.
298 44. 56.
299 44. 56.
300 45. 55.
301 45. 55.
302 45. 55.
303 45. 55.
304 45. 55.
305 45. 55.
306 45. 55.
307 46. 54.
308 46. 54.
309 46. 54.
310 47. 53.
311 47. 53.
312 47. 53.
313 47. 53.
314 47. 53.
315 47. 53.
316 48. 52.
317 48. 52.
318 48. 52.
319 49. 51.
320 49. 51.
321 49. 51.
322 49. 51.
323 49. 51.
324 49. 51.
325 50. 50.
326 50. 50.
327 50. 50.
328 49. 51.
329 49. 51.
330 49. 51.
331 49. 51.
332 49. 51.
333 49. 51.
334 49. 51.
335 49. 51.
336 49. 51.
337 49. 51.
338 49. 51.
339 49. 51.
340 49. 51.
341 49. 51.
342 49. 51.
343 49. 51.
344 48. 52.
345 48. 52.
346 49. 51.
347 49. 51.
348 48. 52.
349 48. 52.
350 48. 52.
351 48. 52.
352 48. 52.
353 48. 52.
354 48. 52.
355 48. 52.
356 48. 52.
357 48. 52.
358 48. 52.
359 48. 52.
360 48. 52.
361 48. 52.
362 48. 52.
363 48. 52.
364 48. 52.
365 48. 52.
366 48. 52.
367 49. 51.
368 50. 50.
369 51. 49.
370 51. 49.
371 51. 49.
372 51. 49.
373 51. 49.
374 51. 49.
375 51. 49.
376 50. 50.
377 50. 50.
378 50. 50.
379 50. 50.
380 49. 51.
381 49. 51.
382 48. 52.
383 48. 52.
384 48. 52.
385 48. 52.
386 48. 52.
387 48. 52.
388 48. 52.
389 48. 52.
390 48. 52.
391 48. 52.
392 48. 52.
393 48. 52.
394 48. 52.
395 48. 52.
396 48. 52.
397 48. 52.
398 47. 53.
399 47. 53.
400 47. 53.
401 47. 53.
402 47. 53.
403 47. 53.
404 47. 53.
405 48. 52.
406 48. 52.
407 49. 51.
408 49. 51.
409 49. 51.
410 48. 52.
411 49. 51.
412 49. 51.
413 49. 51.
414 49. 51.
415 49. 51.
416 49. 51.
417 49. 51.
418 48. 52.
419 48. 52.
420 48. 52.
421 48. 52.
422 49. 51.
423 49. 51.
424 49. 51.
425 49. 51.
426 49. 51.
427 49. 51.
428 49. 51.
429 49. 51.
430 49. 51.
431 50. 50.
432 51. 49.
433 51. 49.
434 51. 49.
435 51. 49.
436 51. 49.
437 51. 49.
438 51. 49.
439 50. 50.
440 50. 50.
441 50. 50.
442 50. 50.
443 50. 50.
444 51. 49.
445 51. 49.
446 52. 48.
447 52. 48.
448 53. 47.
449 53. 47.
450 54. 46.
451 54. 46.
452 54. 46.
453 54. 46.
454 54. 46.
455 54. 46.
456 54. 46.
457 53. 47.
458 52. 48.
459 52. 48.
460 51. 49.
461 50. 50.
462 51. 49.
463 51. 49.
464 51. 49.
465 50. 50.
466 50. 50.
467 50. 50.
468 50. 50.
469 50. 50.
470 50. 50.
471 50. 50.
472 50. 50.
473 51. 49.
474 50. 50.
475 50. 50.
476 50. 50.
477 50. 50.
478 50. 50.
479 50. 50.
480 50. 50.
481 51. 49.
482 51. 49.
483 51. 49.
484 51. 49.
485 52. 48.
486 52. 48.
487 53. 47.
488 52. 48.
489 52. 48.
490 52. 48.
491 52. 48.
492 52. 48.
493 52. 48.
494 52. 48.
495 52. 48.
496 52. 48.
497 52. 48.
498 52. 48.
499 52. 48.
500 52. 48.
501 51. 49.
502 52. 48.
503 52. 48.
504 53. 47.
505 53. 47.
506 53. 47.
507 53. 47.
508 54. 46.
509 54. 46.
510 53. 47.
511 53. 47.
512 54. 46.
513 55. 45.
514 54. 46.
515 54. 46.
516 54. 46.
517 54. 46.
518 54. 46.
519 54. 46.
520 54. 46.
521 53. 47.
522 53. 47.
523 54. 46.
524 54. 46.
525 55. 45.
526 55. 45.
527 56. 44.
528 56. 44.
529 56. 44.
530 56. 44.
531 56. 44.
532 56. 44.
533 56. 44.
534 57. 43.
535 58. 42.
536 58. 42.
537 58. 42.
538 58. 42.
539 58. 42.
540 58. 42.
541 58. 42.
542 59. 41.
543 59. 41.
544 58. 42.
545 58. 42.
546 58. 42.
547 59. 41.
548 59. 41.
549 59. 41.
550 59. 41.
551 59. 41.
552 58. 42.
553 59. 41.
554 59. 41.
555 59. 41.
556 59. 41.
557 59. 41.
558 59. 41.
559 59. 41.
560 59. 41.
561 60. 40.
562 60. 40.
563 60. 40.
564 60. 40.
565 60. 40.
566 60. 40.
567 60. 40.
568 60. 40.
569 61. 39.
570 62. 38.
571 62. 38.
572 62. 38.
573 62. 38.
574 62. 38.
575 61. 39.
576 61. 39.
577 61. 39.
578 61. 39.
579 61. 39.
580 61. 39.
581 61. 39.
582 61. 39.
583 60. 40.
584 59. 41.
585 59. 41.
586 58. 42.
587 58. 42.
588 58. 42.
589 58. 42.
590 59. 41.
591 59. 41.
592 59. 41.
593 59. 41.
594 59. 41.
595 59. 41.
596 59. 41.
597 58. 42.
598 58. 42.
599 58. 42.
600 58. 42.
601 57. 43.
602 57. 43.
603 57. 43.
604 57. 43.
605 57. 43.
606 57. 43.
607 57. 43.
608 57. 43.
609 57. 43.
610 58. 42.
611 58. 42.
612 58. 42.
613 58. 42.
614 57. 43.
615 57. 43.
616 57. 43.
617 58. 42.
618 58. 42.
619 58. 42.
620 58. 42.
621 58. 42.
622 58. 42.
623 58. 42.
624 57. 43.
625 57. 43.
626 58. 42.
627 58. 42.
628 58. 42.
629 58. 42.
630 58. 42.
631 58. 42.
632 58. 42.
633 58. 42.
634 59. 41.
635 60. 40.
636 60. 40.
637 61. 39.
638 61. 39.
639 61. 39.
640 61. 39.
641 61. 39.
642 60. 40.
643 59. 41.
644 59. 41.
645 59. 41.
646 59. 41.
647 59. 41.
648 58. 42.
649 58. 42.
650 58. 42.
651 57. 43.
652 57. 43.
653 57. 43.
654 57. 43.
655 58. 42.
656 58. 42.
657 58. 42.
658 58. 42.
659 58. 42.
660 58. 42.
661 58. 42.
662 58. 42.
663 58. 42.
664 58. 42.
665 58. 42.
666 58. 42.
667 58. 42.
668 58. 42.
669 58. 42.
670 58. 42.
671 58. 42.
672 57. 43.
673 57. 43.
674 57. 43.
675 57. 43.
676 58. 42.
677 58. 42.
678 59. 41.
679 59. 41.
680 59. 41.
681 59. 41.
682 59. 41.
683 59. 41.
684 59. 41.
685 60. 40.
686 60. 40.
687 60. 40.
688 60. 40.
689 60. 40.
690 61. 39.
691 61. 39.
692 60. 40.
693 59. 41.
694 59. 41.
695 59. 41.
696 59. 41.
697 59. 41.
698 58. 42.
699 58. 42.
700 59. 41.
701 59. 41.
702 59. 41.
703 59. 41.
704 59. 41.
705 59. 41.
706 59. 41.
707 60. 40.
708 60. 40.
709 60. 40.
710 60. 40.
711 60. 40.
712 59. 41.
713 59. 41.
714 59. 41.
715 59. 41.
716 59. 41.
717 60. 40.
718 60. 40.
719 60. 40.
720 61. 39.
721 61. 39.
722 62. 38.
723 62. 38.
724 61. 39.
725 62. 38.
726 62. 38.
727 62. 38.
728 62. 38.
729 61. 39.
730 61. 39.
731 61. 39.
732 61. 39.
733 62. 38.
734 62. 38.
735 62. 38.
736 62. 38.
737 62. 38.
738 62. 38.
739 62. 38.
740 62. 38.
741 63. 37.
742 63. 37.
743 63. 37.
744 63. 37.
745 63. 37.
746 63. 37.
747 62. 38.
748 62. 38.
749 62. 38.
750 63. 37.
751 63. 37.
752 63. 37.
753 63. 37.
754 63. 37.
755 63. 37.
756 63. 37.
757 63. 37.
758 64. 36.
759 63. 37.
760 62. 38.
761 61. 39.
762 61. 39.
763 61. 39.
764 61. 39.
765 62. 38.
766 61. 39.
767 61. 39.
768 61. 39.
769 61. 39.
770 61. 39.
771 62. 38.
772 63. 37.
773 63. 37.
774 63. 37.
775 63. 37.
776 63. 37.
777 64. 36.
778 64. 36.
779 64. 36.
780 64. 36.
781 64. 36.
782 64. 36.
783 65. 35.
784 64. 36.
785 64. 36.
786 64. 36.
787 64. 36.
788 64. 36.
789 64. 36.
790 64. 36.
791 64. 36.
792 64. 36.
793 63. 37.
794 63. 37.
795 63. 37.
796 63. 37.
797 63. 37.
798 63. 37.
799 63. 37.
800 64. 36.
801 65. 35.
802 65. 35.
803 65. 35.
804 65. 35.
805 65. 35.
806 64. 36.
807 63. 37.
808 63. 37.
809 63. 37.
810 63. 37.
811 64. 36.
812 64. 36.
813 65. 35.
814 65. 35.
815 64. 36.
816 64. 36.
817 64. 36.
818 64. 36.
819 64. 36.
820 64. 36.
821 64. 36.
822 64. 36.
823 64. 36.
824 64. 36.
825 64. 36.
826 64. 36.
827 64. 36.
828 64. 36.
829 64. 36.
830 63. 37.
831 63. 37.
832 63. 37.
833 63. 37.
834 62. 38.
835 62. 38.
836 62. 38.
837 62. 38.
838 62. 38.
839 63. 37.
840 63. 37.
841 63. 37.
842 63. 37.
843 63. 37.
844 63. 37.
845 63. 37.
846 63. 37.
847 63. 37.
848 63. 37.
849 63. 37.
850 63. 37.
851 63. 37.
852 63. 37.
853 63. 37.
854 63. 37.
855 64. 36.
856 64. 36.
857 65. 35.
858 65. 35.
859 65. 35.
860 64. 36.
861 65. 35.
862 65. 35.
863 65. 35.
864 65. 35.
865 65. 35.
866 64. 36.
867 64. 36.
868 64. 36.
869 64. 36.
870 64. 36.
871 63. 37.
872 63. 37.
873 63. 37.
874 63. 37.
875 63. 37.
876 63. 37.
877 63. 37.
878 63. 37.
879 63. 37.
880 63. 37.
881 63. 37.
882 63. 37.
883 64. 36.
884 64. 36.
885 63. 37.
886 63. 37.
887 63. 37.
888 63. 37.
889 63. 37.
890 63. 37.
891 63. 37.
892 63. 37.
893 63. 37.
894 63. 37.
895 63. 37.
896 63. 37.
897 63. 37.
898 64. 36.
899 64. 36.
900 64. 36.
901 65. 35.
902 65. 35.
903 65. 35.
904 65. 35.
905 65. 35.
906 65. 35.
907 65. 35.
908 64. 36.
909 64. 36.
910 64. 36.
911 64. 36.
912 64. 36.
913 63. 37.
914 63. 37.
915 63. 37.
916 63. 37.
917 63. 37.
918 63. 37.
919 63. 37.
920 63. 37.
921 62. 38.
922 61. 39.
923 61. 39.
924 61. 39.
925 61. 39.
926 62. 38.
927 63. 37.
928 63. 37.
929 64. 36.
930 64. 36.
931 65. 35.
932 65. 35.
933 65. 35.
934 64. 36.
935 64. 36.
936 64. 36.
937 64. 36.
938 64. 36.
939 64. 36.
940 65. 35.
941 65. 35.
942 64. 36.
943 64. 36.
944 64. 36.
945 64. 36.
946 64. 36.
947 65. 35.
948 65. 35.
949 65. 35.
950 65. 35.
951 65. 35.
952 65. 35.
953 65. 35.
954 65. 35.
955 65. 35.
956 65. 35.
957 66. 34.
958 66. 34.
959 65. 35.
960 65. 35.
961 65. 35.
962 65. 35.
963 66. 34.
964 66. 34.
965 66. 34.
966 66. 34.
967 65. 35.
968 65. 35.
969 65. 35.
970 65. 35.
971 66. 34.
972 67. 33.
973 68. 32.
974 68. 32.
975 68. 32.
976 69. 31.
977 69. 31.
978 69. 31.
979 69. 31.
980 69. 31.
981 69. 31.
982 69. 31.
983 69. 31.
984 69. 31.
985 69. 31.
986 69. 31.
987 70. 30.
988 70. 30.
989 70. 30.
990 70. 30.
991 70. 30.
992 70. 30.
993 70. 30.
994 70. 30.
995 70. 30.
996 70. 30.
997 70. 30.
998 70. 30.
999 70. 30.
1000 70. 30.
1001 69. 31.
1002 69. 31.
1003 69. 31.
1004 70. 30.
1005 70. 30.
1006 70. 30.
1007 70. 30.
1008 70. 30.
1009 71. 29.
1010 72. 28.
1011 72. 28.
1012 71. 29.
1013 72. 28.
1014 72. 28.
1015 72. 28.
1016 72. 28.
1017 72. 28.
1018 72. 28.
1019 71. 29.
1020 71. 29.
1021 71. 29.
1022 71. 29.
1023 71. 29.
1024 71. 29.
1025 71. 29.
1026 71. 29.
1027 71. 29.
1028 72. 28.
1029 73. 27.
1030 73. 27.
1031 73. 27.
1032 74. 26.
1033 74. 26.
1034 74. 26.
1035 75. 25.
1036 74. 26.
1037 75. 25.
1038 75. 25.
1039 75. 25.
1040 75. 25.
1041 75. 25.
1042 74. 26.
1043 74. 26.
1044 74. 26.
1045 74. 26.
1046 74. 26.
1047 74. 26.
1048 73. 27.
1049 72. 28.
1050 72. 28.
1051 72. 28.
1052 71. 29.
1053 71. 29.
1054 71. 29.
1055 71. 29.
1056 71. 29.
1057 70. 30.
1058 70. 30.
1059 70. 30.
1060 70. 30.
1061 70. 30.
1062 70. 30.
1063 70. 30.
1064 69. 31.
1065 69. 31.
1066 69. 31.
1067 69. 31.
1068 69. 31.
1069 70. 30.
1070 70. 30.
1071 70. 30.
1072 70. 30.
1073 70. 30.
1074 70. 30.
1075 70. 30.
1076 69. 31.
1077 69. 31.
1078 69. 31.
1079 69. 31.
1080 69. 31.
1081 69. 31.
1082 69. 31.
1083 68. 32.
1084 68. 32.
1085 68. 32.
1086 68. 32.
1087 68. 32.
1088 68. 32.
1089 68. 32.
1090 68. 32.
1091 68. 32.
1092 68. 32.
1093 68. 32.
1094 68. 32.
1095 68. 32.
1096 68. 32.
1097 68. 32.
1098 68. 32.
1099 68. 32.
1100 68. 32.
1101 68. 32.
1102 68. 32.
1103 68. 32.
1104 68. 32.
1105 68. 32.
1106 68. 32.
1107 68. 32.
1108 67. 33.
1109 67. 33.
1110 67. 33.
1111 67. 33.
1112 67. 33.
1113 67. 33.
1114 66. 34.
1115 66. 34.
1116 66. 34.
1117 66. 34.
1118 66. 34.
1119 66. 34.
1120 67. 33.
1121 67. 33.
1122 67. 33.
1123 67. 33.
1124 67. 33.
1125 67. 33.
1126 68. 32.
1127 68. 32.
1128 68. 32.
1129 68. 32.
1130 68. 32.
1131 68. 32.
1132 68. 32.
1133 68. 32.
1134 68. 32.
1135 68. 32.
1136 68. 32.
1137 68. 32.
1138 68. 32.
1139 68. 32.
1140 68. 32.
1141 68. 32.
1142 68. 32.
1143 68. 32.
1144 68. 32.
1145 68. 32.
1146 68. 32.
1147 68. 32.
1148 69. 31.
1149 69. 31.
1150 69. 31.
1151 69. 31.
1152 69. 31.
1153 69. 31.
1154 69. 31.
1155 69. 31.
1156 69. 31.
1157 69. 31.
1158 69. 31.
1159 69. 31.
1160 69. 31.
1161 69. 31.
1162 68. 32.
1163 69. 31.
1164 69. 31.
1165 69. 31.
1166 70. 30.
1167 70. 30.
1168 70. 30.
1169 70. 30.
1170 70. 30.
1171 70. 30.
1172 70. 30.
1173 70. 30.
1174 70. 30.
1175 70. 30.
1176 70. 30.
1177 70. 30.
1178 70. 30.
1179 70. 30.
1180 70. 30.
1181 70. 30.
1182 70. 30.
1183 69. 31.
1184 69. 31.
1185 69. 31.
1186 69. 31.
1187 69. 31.
1188 69. 31.
1189 70. 30.
1190 70. 30.
1191 70. 30.
1192 70. 30.
1193 70. 30.
1194 70. 30.
1195 70. 30.
1196 71. 29.
1197 71. 29.
1198 70. 30.
1199 70. 30.
1200 70. 30.
1201 70. 30.
1202 70. 30.
1203 70. 30.
1204 70. 30.
1205 71. 29.
1206 71. 29.
1207 71. 29.
1208 71. 29.
1209 71. 29.
1210 71. 29.
1211 71. 29.
1212 71. 29.
1213 71. 29.
1214 71. 29.
1215 71. 29.
1216 72. 28.
1217 73. 27.
1218 73. 27.
1219 73. 27.
1220 72. 28.
1221 72. 28.
1222 73. 27.
1223 72. 28.
1224 72. 28.
1225 72. 28.
1226 72. 28.
1227 72. 28.
1228 72. 28.
1229 72. 28.
1230 72. 28.
1231 73. 27.
1232 73. 27.
1233 73. 27.
1234 73. 27.
1235 73. 27.
1236 72. 28.
1237 72. 28.
1238 71. 29.
1239 71. 29.
1240 71. 29.
1241 71. 29.
1242 71. 29.
1243 71. 29.
1244 71. 29.
1245 71. 29.
1246 71. 29.
1247 71. 29.
1248 71. 29.
1249 70. 30.
1250 70. 30.
1251 70. 30.
1252 70. 30.
1253 70. 30.
1254 71. 29.
1255 71. 29.
1256 71. 29.
1257 70. 30.
1258 70. 30.
1259 70. 30.
1260 70. 30.
1261 70. 30.
1262 70. 30.
1263 71. 29.
1264 70. 30.
1265 70. 30.
1266 69. 31.
1267 69. 31.
1268 69. 31.
1269 70. 30.
1270 70. 30.
1271 70. 30.
1272 70. 30.
1273 71. 29.
1274 71. 29.
1275 71. 29.
1276 71. 29.
1277 71. 29.
1278 72. 28.
1279 72. 28.
1280 72. 28.
1281 72. 28.
1282 73. 27.
1283 73. 27.
1284 73. 27.
1285 74. 26.
1286 74. 26.
1287 73. 27.
1288 73. 27.
1289 73. 27.
1290 73. 27.
1291 73. 27.
1292 73. 27.
1293 73. 27.
1294 73. 27.
1295 73. 27.
1296 73. 27.
1297 73. 27.
1298 73. 27.
1299 73. 27.
1300 72. 28.
1301 72. 28.
1302 72. 28.
1303 72. 28.
1304 72. 28.
1305 73. 27.
1306 73. 27.
1307 72. 28.
1308 72. 28.
1309 72. 28.
1310 72. 28.
1311 72. 28.
1312 72. 28.
1313 73. 27.
1314 73. 27.
1315 74. 26.
1316 75. 25.
1317 75. 25.
1318 75. 25.
1319 75. 25.
1320 75. 25.
1321 75. 25.
1322 74. 26.
1323 74. 26.
1324 74. 26.
1325 74. 26.
1326 74. 26.
1327 74. 26.
1328 74. 26.
1329 73. 27.
1330 73. 27.
1331 73. 27.
1332 73. 27.
1333 73. 27.
1334 74. 26.
1335 73. 27.
1336 73. 27.
1337 73. 27.
1338 73. 27.
1339 72. 28.
1340 73. 27.
1341 73. 27.
1342 73. 27.
1343 73. 27.
1344 74. 26.
1345 74. 26.
1346 74. 26.
1347 74. 26.
1348 74. 26.
1349 74. 26.
1350 74. 26.
1351 75. 25.
1352 74. 26.
1353 75. 25.
1354 75. 25.
1355 75. 25.
1356 76. 24.
1357 76. 24.
1358 76. 24.
1359 76. 24.
1360 77. 23.
1361 77. 23.
1362 77. 23.
1363 77. 23.
1364 77. 23.
1365 77. 23.
1366 77. 23.
1367 77. 23.
1368 77. 23.
1369 77. 23.
1370 77. 23.
1371 76. 24.
1372 76. 24.
1373 76. 24.
1374 75. 25.
1375 75. 25.
1376 75. 25.
1377 75. 25.
1378 75. 25.
1379 75. 25.
1380 75. 25.
1381 76. 24.
1382 75. 25.
1383 75. 25.
1384 75. 25.
1385 75. 25.
1386 75. 25.
1387 75. 25.
1388 75. 25.
1389 75. 25.
1390 74. 26.
1391 74. 26.
1392 75. 25.
1393 75. 25.
1394 75. 25.
1395 75. 25.
1396 75. 25.
1397 75. 25.
1398 76. 24.
1399 77. 23.
1400 78. 22.
1401 78. 22.
1402 78. 22.
1403 78. 22.
1404 78. 22.
1405 77. 23.
1406 77. 23.
1407 78. 22.
1408 77. 23.
1409 77. 23.
1410 78. 22.
1411 78. 22.
1412 78. 22.
1413 77. 23.
1414 76. 24.
1415 76. 24.
1416 76. 24.
1417 76. 24.
1418 76. 24.
1419 76. 24.
1420 77. 23.
1421 76. 24.
1422 77. 23.
1423 77. 23.
1424 77. 23.
1425 76. 24.
1426 75. 25.
1427 75. 25.
1428 74. 26.
1429 74. 26.
1430 73. 27.
1431 73. 27.
1432 73. 27.
1433 73. 27.
1434 73. 27.
1435 73. 27.
1436 73. 27.
1437 74. 26.
1438 74. 26.
1439 75. 25.
1440 74. 26.
1441 74. 26.
1442 74. 26.
1443 74. 26.
1444 74. 26.
1445 73. 27.
1446 73. 27.
1447 73. 27.
1448 73. 27.
1449 72. 28.
1450 72. 28.
1451 72. 28.
1452 72. 28.
1453 72. 28.
1454 73. 27.
1455 73. 27.
1456 73. 27.
1457 74. 26.
1458 74. 26.
1459 74. 26.
1460 73. 27.
1461 73. 27.
1462 73. 27.
1463 72. 28.
1464 72. 28.
1465 72. 28.
1466 71. 29.
1467 71. 29.
1468 72. 28.
1469 72. 28.
1470 72. 28.
1471 72. 28.
1472 72. 28.
1473 72. 28.
1474 72. 28.
1475 71. 29.
1476 72. 28.
1477 72. 28.
1478 72. 28.
1479 72. 28.
1480 72. 28.
1481 72. 28.
1482 72. 28.
1483 72. 28.
1484 72. 28.
1485 71. 29.
1486 71. 29.
1487 71. 29.
1488 71. 29.
1489 72. 28.
1490 72. 28.
1491 72. 28.
1492 72. 28.
1493 72. 28.
1494 72. 28.
1495 72. 28.
1496 72. 28.
1497 72. 28.
1498 72. 28.
1499 72. 28.
1500 72. 28.
1501 72. 28.
1502 72. 28.
1503 71. 29.
1504 72. 28.
1505 73. 27.
1506 73. 27.
1507 74. 26.
1508 74. 26.
1509 74. 26.
1510 75. 25.
1511 75. 25.
1512 75. 25.
1513 75. 25.
1514 75. 25.
1515 75. 25.
1516 75. 25.
1517 74. 26.
1518 74. 26.
1519 74. 26.
1520 75. 25.
1521 75. 25.
1522 75. 25.
1523 75. 25.
1524 75. 25.
1525 75. 25.
1526 75. 25.
1527 75. 25.
1528 74. 26.
1529 73. 27.
1530 73. 27.
1531 73. 27.
1532 74. 26.
1533 74. 26.
1534 74. 26.
1535 74. 26.
1536 74. 26.
1537 75. 25.
1538 75. 25.
1539 75. 25.
1540 75. 25.
1541 75. 25.
1542 75. 25.
1543 75. 25.
1544 75. 25.
1545 75. 25.
1546 75. 25.
1547 75. 25.
1548 75. 25.
1549 74. 26.
1550 74. 26.
1551 74. 26.
1552 75. 25.
1553 75. 25.
1554 75. 25.
1555 75. 25.
1556 75. 25.
1557 75. 25.
1558 75. 25.
1559 76. 24.
1560 77. 23.
1561 77. 23.
1562 77. 23.
1563 77. 23.
1564 78. 22.
1565 78. 22.
1566 78. 22.
1567 79. 21.
1568 79. 21.
1569 79. 21.
1570 79. 21.
1571 79. 21.
1572 79. 21.
1573 79. 21.
1574 79. 21.
1575 79. 21.
1576 79. 21.
1577 78. 22.
1578 78. 22.
1579 78. 22.
1580 77. 23.
1581 77. 23.
1582 77. 23.
1583 77. 23.
1584 77. 23.
1585 76. 24.
1586 76. 24.
1587 76. 24.
1588 76. 24.
1589 76. 24.
1590 76. 24.
1591 76. 24.
1592 76. 24.
1593 76. 24.
1594 77. 23.
1595 77. 23.
1596 77. 23.
1597 77. 23.
1598 77. 23.
1599 77. 23.
1600 77. 23.
1601 77. 23.
1602 77. 23.
1603 78. 22.
1604 78. 22.
1605 78. 22.
1606 78. 22.
1607 78. 22.
1608 78. 22.
1609 78. 22.
1610 78. 22.
1611 78. 22.
1612 79. 21.
1613 78. 22.
1614 78. 22.
1615 78. 22.
1616 79. 21.
1617 79. 21.
1618 79. 21.
1619 79. 21.
1620 79. 21.
1621 79. 21.
1622 78. 22.
1623 78. 22.
1624 78. 22.
1625 78. 22.
1626 78. 22.
1627 78. 22.
1628 78. 22.
1629 78. 22.
1630 77. 23.
1631 77. 23.
1632 77. 23.
1633 76. 24.
1634 76. 24.
1635 76. 24.
1636 75. 25.
1637 75. 25.
1638 75. 25.
1639 76. 24.
1640 76. 24.
1641 77. 23.
1642 76. 24.
1643 76. 24.
1644 76. 24.
1645 76. 24.
1646 77. 23.
1647 77. 23.
1648 77. 23.
1649 77. 23.
1650 77. 23.
1651 77. 23.
1652 77. 23.
1653 76. 24.
1654 76. 24.
1655 77. 23.
1656 77. 23.
1657 76. 24.
1658 76. 24.
1659 76. 24.
1660 75. 25.
1661 75. 25.
1662 75. 25.
1663 75. 25.
1664 75. 25.
1665 75. 25.
1666 75. 25.
1667 75. 25.
1668 75. 25.
1669 76. 24.
1670 76. 24.
1671 76. 24.
1672 76. 24.
1673 76. 24.
1674 76. 24.
1675 76. 24.
1676 77. 23.
1677 78. 22.
1678 78. 22.
1679 78. 22.
1680 78. 22.
1681 78. 22.
1682 78. 22.
1683 78. 22.
1684 78. 22.
1685 78. 22.
1686 78. 22.
1687 78. 22.
1688 78. 22.
1689 78. 22.
1690 78. 22.
1691 78. 22.
1692 78. 22.
1693 78. 22.
1694 78. 22.
1695 78. 22.
1696 78. 22.
1697 78. 22.
1698 78. 22.
1699 78. 22.
1700 78. 22.
1701 78. 22.
1702 78. 22.
1703 78. 22.
1704 78. 22.
1705 78. 22.
1706 78. 22.
1707 78. 22.
1708 78. 22.
1709 78. 22.
1710 78. 22.
1711 78. 22.
1712 79. 21.
1713 78. 22.
1714 78. 22.
1715 78. 22.
1716 78. 22.
1717 79. 21.
1718 79. 21.
1719 80. 20.
1720 81. 19.
1721 81. 19.
1722 81. 19.
1723 80. 20.
1724 80. 20.
1725 80. 20.
1726 80. 20.
1727 80. 20.
1728 80. 20.
1729 80. 20.
1730 80. 20.
1731 80. 20.
1732 80. 20.
1733 80. 20.
1734 80. 20.
1735 80. 20.
1736 80. 20.
1737 80. 20.
1738 80. 20.
1739 80. 20.
1740 80. 20.
1741 80. 20.
1742 80. 20.
1743 79. 21.
1744 79. 21.
1745 79. 21.
1746 79. 21.
1747 79. 21.
1748 80. 20.
1749 79. 21.
1750 79. 21.
1751 80. 20.
1752 80. 20.
1753 81. 19.
1754 81. 19.
1755 81. 19.
1756 81. 19.
1757 81. 19.
1758 81. 19.
1759 81. 19.
1760 81. 19.
1761 82. 18.
1762 82. 18.
1763 82. 18.
1764 82. 18.
1765 82. 18.
1766 82. 18.
1767 81. 19.
1768 81. 19.
1769 81. 19.
1770 81. 19.
1771 81. 19.
1772 81. 19.
1773 81. 19.
1774 81. 19.
1775 81. 19.
1776 81. 19.
1777 82. 18.
1778 82. 18.
1779 82. 18.
1780 82. 18.
1781 82. 18.
1782 82. 18.
1783 82. 18.
1784 82. 18.
1785 82. 18.
1786 82. 18.
1787 82. 18.
1788 82. 18.
1789 82. 18.
1790 82. 18.
1791 82. 18.
1792 82. 18.
1793 82. 18.
1794 83. 17.
1795 83. 17.
1796 83. 17.
1797 83. 17.
1798 83. 17.
1799 83. 17.
1800 82. 18.
1801 83. 17.
1802 83. 17.
1803 84. 16.
1804 84. 16.
1805 84. 16.
1806 84. 16.
1807 83. 17.
1808 83. 17.
1809 84. 16.
1810 84. 16.
1811 84. 16.
1812 84. 16.
1813 84. 16.
1814 84. 16.
1815 84. 16.
1816 85. 15.
1817 85. 15.
1818 85. 15.
1819 85. 15.
1820 85. 15.
1821 85. 15.
1822 85. 15.
1823 85. 15.
1824 85. 15.
1825 84. 16.
1826 84. 16.
1827 84. 16.
1828 84. 16.
1829 83. 17.
1830 83. 17.
1831 83. 17.
1832 83. 17.
1833 83. 17.
1834 83. 17.
1835 83. 17.
1836 83. 17.
1837 83. 17.
1838 83. 17.
1839 83. 17.
1840 84. 16.
1841 84. 16.
1842 84. 16.
1843 84. 16.
1844 84. 16.
1845 84. 16.
1846 83. 17.
1847 83. 17.
1848 83. 17.
1849 83. 17.
1850 83. 17.
1851 83. 17.
1852 83. 17.
1853 83. 17.
1854 83. 17.
1855 83. 17.
1856 83. 17.
1857 83. 17.
1858 82. 18.
1859 82. 18.
1860 82. 18.
1861 82. 18.
1862 82. 18.
1863 82. 18.
1864 82. 18.
1865 82. 18.
1866 82. 18.
1867 82. 18.
1868 82. 18.
1869 82. 18.
1870 82. 18.
1871 82. 18.
1872 82. 18.
1873 82. 18.
1874 82. 18.
1875 82. 18.
1876 82. 18.
1877 83. 17.
1878 84. 16.
1879 84. 16.
1880 84. 16.
1881 84. 16.
1882 85. 15.
1883 85. 15.
1884 86. 14.
1885 87. 13.
1886 87. 13.
1887 87. 13.
1888 87. 13.
1889 87. 13.
1890 88. 12.
1891 88. 12.
1892 88. 12.
1893 89. 11.
1894 89. 11.
1895 89. 11.
1896 89. 11.
1897 89. 11.
1898 89. 11.
1899 89. 11.
1900 89. 11.
1901 89. 11.
1902 89. 11.
1903 89. 11.
1904 89. 11.
1905 89. 11.
1906 88. 12.
1907 88. 12.
1908 88. 12.
1909 88. 12.
1910 87. 13.
1911 87. 13.
1912 87. 13.
1913 87. 13.
1914 87. 13.
1915 87. 13.
1916 87. 13.
1917 87. 13.
1918 87. 13.
1919 87. 13.
1920 87. 13.
1921 87. 13.
1922 87. 13.
1923 87. 13.
1924 87. 13.
1925 87. 13.
1926 87. 13.
1927 86. 14.
1928 86. 14.
1929 87. 13.
1930 87. 13.
1931 87. 13.
1932 87. 13.
1933 87. 13.
1934 87. 13.
1935 87. 13.
1936 87. 13.
1937 87. 13.
1938 87. 13.
1939 87. 13.
1940 87. 13.
1941 87. 13.
1942 87. 13.
1943 87. 13.
1944 87. 13.
1945 87. 13.
1946 87. 13.
1947 87. 13.
1948 87. 13.
1949 87. 13.
1950 87. 13.
1951 86. 14.
1952 86. 14.
1953 86. 14.
1954 86. 14.
1955 86. 14.
1956 86. 14.
1957 86. 14.
1958 86. 14.
1959 86. 14.
1960 87. 13.
1961 87. 13.
1962 87. 13.
1963 87. 13.
1964 86. 14.
1965 86. 14.
1966 86. 14.
1967 86. 14.
1968 86. 14.
1969 86. 14.
1970 86. 14.
1971 86. 14.
1972 86. 14.
1973 86. 14.
1974 86. 14.
1975 86. 14.
1976 86. 14.
1977 86. 14.
1978 87. 13.
1979 88. 12.
1980 88. 12.
1981 88. 12.
1982 88. 12.
1983 88. 12.
1984 88. 12.
1985 87. 13.
1986 87. 13.
1987 87. 13.
1988 87. 13.
1989 87. 13.
1990 87. 13.
1991 87. 13.
1992 87. 13.
1993 87. 13.
1994 87. 13.
1995 87. 13.
1996 87. 13.
1997 88. 12.
1998 88. 12.
1999 88. 12.
2000 88. 12.
2001 88. 12.
2002 88. 12.
2003 88. 12.
2004 88. 12.
2005 89. 11.
2006 89. 11.
2007 89. 11.
2008 89. 11.
2009 88. 12.
2010 88. 12.
2011 88. 12.
2012 88. 12.
2013 88. 12.
2014 88. 12.
2015 88. 12.
2016 88. 12.
2017 88. 12.
2018 88. 12.
2019 88. 12.
2020 88. 12.
2021 88. 12.
2022 88. 12.
2023 88. 12.
2024 88. 12.
2025 88. 12.
2026 88. 12.
2027 88. 12.
2028 88. 12.
2029 88. 12.
2030 88. 12.
2031 88. 12.
2032 89. 11.
2033 88. 12.
2034 88. 12.
2035 88. 12.
2036 88. 12.
2037 88. 12.
2038 88. 12.
2039 88. 12.
2040 88. 12.
2041 88. 12.
2042 88. 12.
2043 88. 12.
2044 88. 12.
2045 88. 12.
2046 88. 12.
2047 88. 12.
2048 88. 12.
2049 88. 12.
2050 88. 12.
2051 88. 12.
2052 88. 12.
2053 88. 12.
2054 88. 12.
2055 88. 12.
2056 88. 12.
2057 88. 12.
2058 88. 12.
2059 89. 11.
2060 89. 11.
2061 89. 11.
2062 89. 11.
2063 89. 11.
2064 89. 11.
2065 89. 11.
2066 89. 11.
2067 89. 11.
2068 89. 11.
2069 89. 11.
2070 89. 11.
2071 89. 11.
2072 89. 11.
2073 90. 10.
2074 90. 10.
2075 90. 10.
2076 90. 10.
2077 90. 10.
2078 90. 10.
2079 90. 10.
2080 90. 10.
2081 89. 11.
2082 89. 11.
2083 89. 11.
2084 89. 11.
2085 89. 11.
2086 89. 11.
2087 89. 11.
2088 89. 11.
2089 89. 11.
2090 89. 11.
2091 89. 11.
2092 89. 11.
2093 89. 11.
2094 89. 11.
2095 89. 11.
2096 89. 11.
2097 89. 11.
2098 89. 11.
2099 89. 11.
2100 89. 11.
2101 89. 11.
2102 89. 11.
2103 89. 11.
2104 89. 11.
2105 89. 11.
2106 89. 11.
2107 89. 11.
2108 89. 11.
2109 89. 11.
2110 89. 11.
2111 88. 12.
2112 88. 12.
2113 88. 12.
2114 88. 12.
2115 88. 12.
2116 88. 12.
2117 87. 13.
2118 87. 13.
2119 87. 13.
2120 87. 13.
2121 87. 13.
2122 87. 13.
2123 86. 14.
2124 86. 14.
2125 86. 14.
2126 86. 14.
2127 86. 14.
2128 86. 14.
2129 87. 13.
2130 87. 13.
2131 87. 13.
2132 87. 13.
2133 87. 13.
2134 88. 12.
2135 87. 13.
2136 87. 13.
2137 87. 13.
2138 86. 14.
2139 86. 14.
2140 86. 14.
2141 86. 14.
2142 86. 14.
2143 86. 14.
2144 86. 14.
2145 86. 14.
2146 86. 14.
2147 86. 14.
2148 85. 15.
2149 85. 15.
2150 85. 15.
2151 85. 15.
2152 85. 15.
2153 85. 15.
2154 85. 15.
2155 85. 15.
2156 85. 15.
2157 85. 15.
2158 85. 15.
2159 85. 15.
2160 85. 15.
2161 85. 15.
2162 85. 15.
2163 84. 16.
2164 84. 16.
2165 83. 17.
2166 83. 17.
2167 82. 18.
2168 81. 19.
2169 81. 19.
2170 81. 19.
2171 81. 19.
2172 81. 19.
2173 81. 19.
2174 81. 19.
2175 81. 19.
2176 81. 19.
2177 81. 19.
2178 81. 19.
2179 81. 19.
2180 81. 19.
2181 81. 19.
2182 81. 19.
2183 81. 19.
2184 81. 19.
2185 81. 19.
2186 81. 19.
2187 81. 19.
2188 81. 19.
2189 81. 19.
2190 81. 19.
2191 80. 20.
2192 81. 19.
2193 81. 19.
2194 81. 19.
2195 80. 20.
2196 80. 20.
2197 80. 20.
2198 80. 20.
2199 80. 20.
2200 80. 20.
2201 80. 20.
2202 80. 20.
2203 80. 20.
2204 80. 20.
2205 80. 20.
2206 80. 20.
2207 80. 20.
2208 80. 20.
2209 80. 20.
2210 80. 20.
2211 80. 20.
2212 81. 19.
2213 81. 19.
2214 81. 19.
2215 81. 19.
2216 81. 19.
2217 81. 19.
2218 80. 20.
2219 80. 20.
2220 80. 20.
2221 80. 20.
2222 80. 20.
2223 80. 20.
2224 80. 20.
2225 80. 20.
2226 80. 20.
2227 80. 20.
2228 80. 20.
2229 80. 20.
2230 80. 20.
2231 79. 21.
2232 78. 22.
2233 78. 22.
2234 77. 23.
2235 77. 23.
2236 76. 24.
2237 76. 24.
2238 77. 23.
2239 77. 23.
2240 78. 22.
2241 78. 22.
2242 77. 23.
2243 77. 23.
2244 77. 23.
2245 77. 23.
2246 77. 23.
2247 77. 23.
2248 77. 23.
2249 77. 23.
2250 78. 22.
2251 78. 22.
2252 78. 22.
2253 78. 22.
2254 78. 22.
2255 77. 23.
2256 77. 23.
2257 77. 23.
2258 77. 23.
2259 77. 23.
2260 77. 23.
2261 77. 23.
2262 77. 23.
2263 77. 23.
2264 77. 23.
2265 77. 23.
2266 77. 23.
2267 77. 23.
2268 77. 23.
2269 77. 23.
2270 77. 23.
2271 77. 23.
2272 78. 22.
2273 78. 22.
2274 77. 23.
2275 77. 23.
2276 77. 23.
2277 77. 23.
2278 77. 23.
2279 78. 22.
2280 78. 22.
2281 78. 22.
2282 78. 22.
2283 78. 22.
2284 78. 22.
2285 78. 22.
2286 78. 22.
2287 79. 21.
2288 79. 21.
2289 79. 21.
2290 79. 21.
2291 79. 21.
2292 79. 21.
2293 79. 21.
2294 78. 22.
2295 78. 22.
2296 78. 22.
2297 78. 22.
2298 78. 22.
2299 78. 22.
2300 78. 22.
2301 78. 22.
2302 78. 22.
2303 78. 22.
2304 77. 23.
2305 77. 23.
2306 77. 23.
2307 77. 23.
2308 77. 23.
2309 77. 23.
2310 77. 23.
2311 78. 22.
2312 78. 22.
2313 78. 22.
2314 79. 21.
2315 79. 21.
2316 78. 22.
2317 79. 21.
2318 80. 20.
2319 80. 20.
2320 80. 20.
2321 80. 20.
2322 80. 20.
2323 80. 20.
2324 80. 20.
2325 81. 19.
2326 81. 19.
2327 81. 19.
2328 81. 19.
2329 81. 19.
2330 81. 19.
2331 81. 19.
2332 81. 19.
2333 82. 18.
2334 82. 18.
2335 83. 17.
2336 83. 17.
2337 83. 17.
2338 83. 17.
2339 83. 17.
2340 83. 17.
2341 84. 16.
2342 84. 16.
2343 84. 16.
2344 84. 16.
2345 84. 16.
2346 84. 16.
2347 84. 16.
2348 84. 16.
2349 84. 16.
2350 84. 16.
2351 84. 16.
2352 84. 16.
2353 84. 16.
2354 84. 16.
2355 84. 16.
2356 84. 16.
2357 84. 16.
2358 84. 16.
2359 85. 15.
2360 85. 15.
2361 85. 15.
2362 85. 15.
2363 85. 15.
2364 85. 15.
2365 85. 15.
2366 85. 15.
2367 84. 16.
2368 83. 17.
2369 83. 17.
2370 84. 16.
2371 84. 16.
2372 84. 16.
2373 84. 16.
2374 84. 16.
2375 84. 16.
2376 84. 16.
2377 84. 16.
2378 83. 17.
2379 84. 16.
2380 84. 16.
2381 84. 16.
2382 84. 16.
2383 84. 16.
2384 84. 16.
2385 84. 16.
2386 84. 16.
2387 84. 16.
2388 84. 16.
2389 84. 16.
2390 84. 16.
2391 85. 15.
2392 85. 15.
2393 84. 16.
2394 84. 16.
2395 84. 16.
2396 84. 16.
2397 83. 17.
2398 83. 17.
2399 83. 17.
2400 83. 17.
2401 83. 17.
2402 83. 17.
2403 83. 17.
2404 83. 17.
2405 83. 17.
2406 83. 17.
2407 83. 17.
2408 83. 17.
2409 82. 18.
2410 82. 18.
2411 82. 18.
2412 82. 18.
2413 82. 18.
2414 82. 18.
2415 82. 18.
2416 82. 18.
2417 82. 18.
2418 81. 19.
2419 81. 19.
2420 81. 19.
2421 81. 19.
2422 81. 19.
2423 81. 19.
2424 81. 19.
2425 81. 19.
2426 81. 19.
2427 80. 20.
2428 80. 20.
2429 80. 20.
2430 81. 19.
2431 81. 19.
2432 82. 18.
2433 82. 18.
2434 83. 17.
2435 83. 17.
2436 83. 17.
2437 83. 17.
2438 83. 17.
2439 83. 17.
2440 83. 17.
2441 83. 17.
2442 83. 17.
2443 82. 18.
2444 83. 17.
2445 83. 17.
2446 83. 17.
2447 83. 17.
2448 83. 17.
2449 83. 17.
2450 84. 16.
2451 83. 17.
2452 83. 17.
2453 83. 17.
2454 82. 18.
2455 83. 17.
2456 83. 17.
2457 83. 17.
2458 83. 17.
2459 83. 17.
2460 83. 17.
2461 83. 17.
2462 83. 17.
2463 83. 17.
2464 84. 16.
2465 84. 16.
2466 84. 16.
2467 84. 16.
2468 84. 16.
2469 84. 16.
2470 84. 16.
2471 84. 16.
2472 84. 16.
2473 84. 16.
2474 84. 16.
2475 84. 16.
2476 84. 16.
2477 83. 17.
2478 83. 17.
2479 83. 17.
2480 83. 17.
2481 83. 17.
2482 83. 17.
2483 82. 18.
2484 82. 18.
2485 82. 18.
2486 82. 18.
2487 82. 18.
2488 82. 18.
2489 82. 18.
2490 82. 18.
2491 82. 18.
2492 82. 18.
2493 83. 17.
2494 83. 17.
2495 83. 17.
2496 83. 17.
2497 83. 17.
2498 83. 17.
2499 83. 17.
2500 83. 17.
2501 83. 17.
2502 83. 17.
2503 83. 17.
2504 83. 17.
2505 83. 17.
2506 83. 17.
2507 83. 17.
2508 84. 16.
2509 84. 16.
2510 84. 16.
2511 85. 15.
2512 85. 15.
2513 85. 15.
2514 85. 15.
2515 85. 15.
2516 85. 15.
2517 85. 15.
2518 86. 14.
2519 86. 14.
2520 86. 14.
2521 86. 14.
2522 86. 14.
2523 86. 14.
2524 86. 14.
2525 86. 14.
2526 86. 14.
2527 87. 13.
2528 87. 13.
2529 87. 13.
2530 88. 12.
2531 88. 12.
2532 88. 12.
2533 87. 13.
2534 87. 13.
2535 87. 13.
2536 87. 13.
2537 87. 13.
2538 87. 13.
2539 87. 13.
2540 87. 13.
2541 87. 13.
2542 87. 13.
2543 87. 13.
2544 87. 13.
2545 87. 13.
2546 86. 14.
2547 86. 14.
2548 87. 13.
2549 87. 13.
2550 87. 13.
2551 88. 12.
2552 88. 12.
2553 88. 12.
2554 88. 12.
2555 88. 12.
2556 88. 12.
2557 88. 12.
2558 88. 12.
2559 87. 13.
2560 87. 13.
2561 88. 12.
2562 88. 12.
2563 88. 12.
2564 87. 13.
2565 87. 13.
2566 87. 13.
2567 87. 13.
2568 87. 13.
2569 87. 13.
2570 88. 12.
2571 88. 12.
2572 88. 12.
2573 88. 12.
2574 88. 12.
2575 88. 12.
2576 88. 12.
2577 88. 12.
2578 88. 12.
2579 88. 12.
2580 88. 12.
2581 88. 12.
2582 88. 12.
2583 88. 12.
2584 88. 12.
2585 88. 12.
2586 88. 12.
2587 88. 12.
2588 88. 12.
2589 88. 12.
2590 87. 13.
2591 87. 13.
2592 87. 13.
2593 87. 13.
2594 86. 14.
2595 86. 14.
2596 86. 14.
2597 86. 14.
2598 86. 14.
2599 86. 14.
2600 86. 14.
2601 86. 14.
2602 87. 13.
2603 87. 13.
2604 87. 13.
2605 87. 13.
2606 87. 13.
2607 87. 13.
2608 87. 13.
2609 87. 13.
2610 87. 13.
2611 87. 13.
2612 87. 13.
2613 88. 12.
2614 88. 12.
2615 88. 12.
2616 88. 12.
2617 88. 12.
2618 88. 12.
2619 89. 11.
2620 89. 11.
2621 89. 11.
2622 89. 11.
2623 89. 11.
2624 89. 11.
2625 88. 12.
2626 88. 12.
2627 88. 12.
2628 89. 11.
2629 89. 11.
2630 89. 11.
2631 89. 11.
2632 89. 11.
2633 89. 11.
2634 89. 11.
2635 89. 11.
2636 89. 11.
2637 89. 11.
2638 89. 11.
2639 89. 11.
2640 88. 12.
2641 88. 12.
2642 88. 12.
2643 88. 12.
2644 88. 12.
2645 88. 12.
2646 88. 12.
2647 89. 11.
2648 89. 11.
2649 89. 11.
2650 89. 11.
2651 89. 11.
2652 89. 11.
2653 89. 11.
2654 90. 10.
2655 90. 10.
2656 90. 10.
2657 90. 10.
2658 90. 10.
2659 90. 10.
2660 90. 10.
2661 90. 10.
2662 90. 10.
2663 90. 10.
2664 90. 10.
2665 90. 10.
2666 90. 10.
2667 90. 10.
2668 90. 10.
2669 90. 10.
2670 90. 10.
2671 90. 10.
2672 90. 10.
2673 90. 10.
2674 90. 10.
2675 91. 9.
2676 91. 9.
2677 91. 9.
2678 91. 9.
2679 90. 10.
2680 90. 10.
2681 90. 10.
2682 90. 10.
2683 90. 10.
2684 90. 10.
2685 91. 9.
2686 91. 9.
2687 91. 9.
2688 91. 9.
2689 91. 9.
2690 91. 9.
2691 91. 9.
2692 91. 9.
2693 91. 9.
2694 91. 9.
2695 91. 9.
2696 91. 9.
2697 91. 9.
2698 91. 9.
2699 91. 9.
2700 91. 9.
2701 91. 9.
2702 91. 9.
2703 91. 9.
2704 91. 9.
2705 91. 9.
2706 91. 9.
2707 91. 9.
2708 91. 9.
2709 91. 9.
2710 91. 9.
2711 91. 9.
2712 91. 9.
2713 91. 9.
2714 91. 9.
2715 91. 9.
2716 92. 8.
2717 92. 8.
2718 92. 8.
2719 92. 8.
2720 93. 7.
2721 93. 7.
2722 93. 7.
2723 93. 7.
2724 93. 7.
2725 93. 7.
2726 93. 7.
2727 93. 7.
2728 93. 7.
2729 93. 7.
2730 93. 7.
2731 93. 7.
2732 93. 7.
2733 93. 7.
2734 93. 7.
2735 93. 7.
2736 93. 7.
2737 93. 7.
2738 93. 7.
2739 93. 7.
2740 93. 7.
2741 92. 8.
2742 92. 8.
2743 92. 8.
2744 92. 8.
2745 92. 8.
2746 92. 8.
2747 92. 8.
2748 92. 8.
2749 92. 8.
2750 92. 8.
2751 92. 8.
2752 92. 8.
2753 92. 8.
2754 92. 8.
2755 92. 8.
2756 92. 8.
2757 92. 8.
2758 92. 8.
2759 92. 8.
2760 92. 8.
2761 92. 8.
2762 91. 9.
2763 91. 9.
2764 91. 9.
2765 91. 9.
2766 91. 9.
2767 91. 9.
2768 91. 9.
2769 91. 9.
2770 91. 9.
2771 91. 9.
2772 91. 9.
2773 91. 9.
2774 90. 10.
2775 90. 10.
2776 90. 10.
2777 90. 10.
2778 90. 10.
2779 91. 9.
2780 91. 9.
2781 91. 9.
2782 91. 9.
2783 91. 9.
2784 91. 9.
2785 91. 9.
2786 91. 9.
2787 91. 9.
2788 91. 9.
2789 91. 9.
2790 91. 9.
2791 91. 9.
2792 91. 9.
2793 91. 9.
2794 91. 9.
2795 91. 9.
2796 91. 9.
2797 91. 9.
2798 91. 9.
2799 91. 9.
2800 91. 9.
2801 91. 9.
2802 91. 9.
2803 91. 9.
2804 91. 9.
2805 91. 9.
2806 91. 9.
2807 91. 9.
2808 91. 9.
2809 91. 9.
2810 91. 9.
2811 91. 9.
2812 91. 9.
2813 92. 8.
2814 92. 8.
2815 93. 7.
2816 93. 7.
2817 93. 7.
2818 94. 6.
2819 94. 6.
2820 94. 6.
2821 94. 6.
2822 94. 6.
2823 94. 6.
2824 94. 6.
2825 94. 6.
2826 94. 6.
2827 94. 6.
2828 94. 6.
2829 94. 6.
2830 94. 6.
2831 94. 6.
2832 94. 6.
2833 94. 6.
2834 94. 6.
2835 94. 6.
2836 94. 6.
2837 94. 6.
2838 94. 6.
2839 94. 6.
2840 94. 6.
2841 94. 6.
2842 94. 6.
2843 94. 6.
2844 94. 6.
2845 93. 7.
2846 93. 7.
2847 93. 7.
2848 93. 7.
2849 93. 7.
2850 93. 7.
2851 93. 7.
2852 93. 7.
2853 93. 7.
2854 94. 6.
2855 95. 5.
2856 95. 5.
2857 95. 5.
2858 95. 5.
2859 95. 5.
2860 95. 5.
2861 95. 5.
2862 95. 5.
2863 95. 5.
2864 95. 5.
2865 95. 5.
2866 95. 5.
2867 95. 5.
2868 95. 5.
2869 95. 5.
2870 95. 5.
2871 96. 4.
2872 96. 4.
2873 96. 4.
2874 96. 4.
2875 97. 3.
2876 97. 3.
2877 97. 3.
2878 97. 3.
2879 97. 3.
2880 97. 3.
2881 97. 3.
2882 97. 3.
2883 97. 3.
2884 97. 3.
2885 97. 3.
2886 97. 3.
2887 97. 3.
2888 97. 3.
2889 98. 2.
2890 98. 2.
2891 98. 2.
2892 99. 1.
2893 99. 1.
2894 99. 1.
2895 99. 1.
2896 99. 1.
2897 99. 1.
2898 99. 1.
2899 99. 1.
2900 99. 1.
2901 99. 1.
2902 99. 1.
2903 99. 1.
2904 99. 1.
2905 99. 1.
2906 99. 1.
2907 99. 1.
2908 99. 1.
2909 99. 1.
2910 99. 1.
2911 99. 1.
2912 99. 1.
2913 99. 1.
2914 99. 1.
2915 99. 1.
2916 99. 1.
2917 99. 1.
2918 99. 1.
2919 99. 1.
2920 99. 1.
2921 99. 1.
2922 99. 1.
2923 99. 1.
2924 99. 1.
2925 99. 1.
2926 99. 1.
2927 99. 1.
2928 99. 1.
2929 99. 1.
2930 99. 1.
2931 99. 1.
