0 14. 86.
1 14. 86.
2 14. 86.
3 14. 86.
4 14. 86.
5 15. 85.
6 14. 86.
7 13. 87.
8 14. 86.
9 14. 86.
10 14. 86.
11 14. 86.
12 14. 86.
13 14. 86.
14 14. 86.
15 14. 86.
16 14. 86.
17 14. 86.
18 14. 86.
19 14. 86.
20 14. 86.
21 14. 86.
22 14. 86.
23 14. 86.
24 14. 86.
25 14. 86.
26 14. 86.
27 14. 86.
28 14. 86.
29 15. 85.
30 15. 85.
31 15. 85.
32 16. 84.
33 16. 84.
34 16. 84.
35 16. 84.
36 16. 84.
37 17. 83.
38 17. 83.
39 16. 84.
40 16. 84.
41 16. 84.
42 16. 84.
43 16. 84.
44 16. 84.
45 16. 84.
46 16. 84.
47 16. 84.
48 15. 85.
49 16. 84.
50 16. 84.
51 15. 85.
52 15. 85.
53 15. 85.
54 15. 85.
55 15. 85.
56 15. 85.
57 15. 85.
58 15. 85.
59 14. 86.
60 14. 86.
61 14. 86.
62 14. 86.
63 14. 86.
64 14. 86.
65 14. 86.
66 14. 86.
67 13. 87.
68 13. 87.
69 13. 87.
70 13. 87.
71 13. 87.
72 13. 87.
73 13. 87.
74 13. 87.
75 13. 87.
76 13. 87.
77 13. 87.
78 13. 87.
79 13. 87.
80 13. 87.
81 13. 87.
82 13. 87.
83 13. 87.
84 13. 87.
85 13. 87.
86 13. 87.
87 13. 87.
88 13. 87.
89 13. 87.
90 13. 87.
91 13. 87.
92 13. 87.
93 14. 86.
94 14. 86.
95 13. 87.
96 13. 87.
97 13. 87.
98 13. 87.
99 13. 87.
100 13. 87.
101 13. 87.
102 14. 86.
103 14. 86.
104 15. 85.
105 15. 85.
106 15. 85.
107 15. 85.
108 15. 85.
109 15. 85.
110 15. 85.
111 15. 85.
112 15. 85.
113 15. 85.
114 15. 85.
115 15. 85.
116 16. 84.
117 17. 83.
118 17. 83.
119 18. 82.
120 17. 83.
121 17. 83.
122 17. 83.
123 16. 84.
124 16. 84.
125 16. 84.
126 15. 85.
127 15. 85.
128 16. 84.
129 16. 84.
130 16. 84.
131 16. 84.
132 16. 84.
133 16. 84.
134 16. 84.
135 16. 84.
136 16. 84.
137 16. 84.
138 16. 84.
139 16. 84.
140 16. 84.
141 16. 84.
142 16. 84.
143 16. 84.
144 16. 84.
145 16. 84.
146 16. 84.
147 16. 84.
148 16. 84.
149 16. 84.
150 16. 84.
151 16. 84.
152 16. 84.
153 16. 84.
154 16. 84.
155 16. 84.
156 16. 84.
157 16. 84.
158 16. 84.
159 16. 84.
160 15. 85.
161 15. 85.
162 15. 85.
163 14. 86.
164 14. 86.
165 14. 86.
166 14. 86.
167 14. 86.
168 15. 85.
169 15. 85.
170 15. 85.
171 15. 85.
172 16. 84.
173 16. 84.
174 16. 84.
175 16. 84.
176 15. 85.
177 15. 85.
178 15. 85.
179 15. 85.
180 15. 85.
181 15. 85.
182 15. 85.
183 15. 85.
184 15. 85.
185 15. 85.
186 15. 85.
187 15. 85.
188 14. 86.
189 14. 86.
190 14. 86.
191 15. 85.
192 15. 85.
193 15. 85.
194 15. 85.
195 15. 85.
196 15. 85.
197 15. 85.
198 15. 85.
199 15. 85.
200 15. 85.
201 15. 85.
202 15. 85.
203 16. 84.
204 16. 84.
205 16. 84.
206 16. 84.
207 16. 84.
208 16. 84.
209 16. 84.
210 15. 85.
211 15. 85.
212 15. 85.
213 15. 85.
214 15. 85.
215 15. 85.
216 15. 85.
217 15. 85.
218 15. 85.
219 15. 85.
220 15. 85.
221 15. 85.
222 15. 85.
223 15. 85.
224 15. 85.
225 15. 85.
226 15. 85.
227 15. 85.
228 16. 84.
229 16. 84.
230 16. 84.
231 16. 84.
232 16. 84.
233 16. 84.
234 15. 85.
235 15. 85.
236 15. 85.
237 15. 85.
238 15. 85.
239 15. 85.
240 15. 85.
241 14. 86.
242 14. 86.
243 14. 86.
244 14. 86.
245 14. 86.
246 14. 86.
247 14. 86.
248 14. 86.
249 14. 86.
250 14. 86.
251 15. 85.
252 15. 85.
253 15. 85.
254 15. 85.
255 15. 85.
256 15. 85.
257 15. 85.
258 15. 85.
259 15. 85.
260 15. 85.
261 14. 86.
262 14. 86.
263 14. 86.
264 14. 86.
265 14. 86.
266 14. 86.
267 15. 85.
268 15. 85.
269 14. 86.
270 14. 86.
271 15. 85.
272 14. 86.
273 15. 85.
274 15. 85.
275 15. 85.
276 15. 85.
277 15. 85.
278 15. 85.
279 15. 85.
280 15. 85.
281 15. 85.
282 15. 85.
283 15. 85.
284 15. 85.
285 15. 85.
286 16. 84.
287 16. 84.
288 17. 83.
289 17. 83.
290 17. 83.
291 17. 83.
292 17. 83.
293 17. 83.
294 17. 83.
295 17. 83.
296 17. 83.
297 17. 83.
298 17. 83.
299 17. 83.
300 17. 83.
301 17. 83.
302 17. 83.
303 17. 83.
304 17. 83.
305 17. 83.
306 16. 84.
307 16. 84.
308 16. 84.
309 16. 84.
310 16. 84.
311 15. 85.
312 15. 85.
313 15. 85.
314 15. 85.
315 16. 84.
316 16. 84.
317 16. 84.
318 17. 83.
319 17. 83.
320 17. 83.
321 17. 83.
322 17. 83.
323 17. 83.
324 17. 83.
325 17. 83.
326 17. 83.
327 17. 83.
328 17. 83.
329 17. 83.
330 17. 83.
331 16. 84.
332 16. 84.
333 16. 84.
334 16. 84.
335 16. 84.
336 16. 84.
337 16. 84.
338 16. 84.
339 16. 84.
340 16. 84.
341 16. 84.
342 16. 84.
343 16. 84.
344 16. 84.
345 16. 84.
346 16. 84.
347 16. 84.
348 16. 84.
349 16. 84.
350 16. 84.
351 16. 84.
352 16. 84.
353 16. 84.
354 16. 84.
355 16. 84.
356 16. 84.
357 16. 84.
358 16. 84.
359 15. 85.
360 16. 84.
361 16. 84.
362 16. 84.
363 16. 84.
364 16. 84.
365 16. 84.
366 16. 84.
367 16. 84.
368 16. 84.
369 16. 84.
370 17. 83.
371 17. 83.
372 17. 83.
373 17. 83.
374 17. 83.
375 17. 83.
376 17. 83.
377 17. 83.
378 17. 83.
379 16. 84.
380 16. 84.
381 16. 84.
382 17. 83.
383 17. 83.
384 17. 83.
385 17. 83.
386 17. 83.
387 17. 83.
388 17. 83.
389 18. 82.
390 18. 82.
391 18. 82.
392 18. 82.
393 18. 82.
394 18. 82.
395 17. 83.
396 18. 82.
397 18. 82.
398 18. 82.
399 18. 82.
400 18. 82.
401 18. 82.
402 18. 82.
403 18. 82.
404 18. 82.
405 18. 82.
406 17. 83.
407 17. 83.
408 17. 83.
409 17. 83.
410 17. 83.
411 17. 83.
412 17. 83.
413 17. 83.
414 16. 84.
415 16. 84.
416 16. 84.
417 16. 84.
418 16. 84.
419 17. 83.
420 17. 83.
421 17. 83.
422 17. 83.
423 16. 84.
424 16. 84.
425 16. 84.
426 16. 84.
427 16. 84.
428 16. 84.
429 16. 84.
430 16. 84.
431 16. 84.
432 16. 84.
433 16. 84.
434 16. 84.
435 16. 84.
436 16. 84.
437 16. 84.
438 16. 84.
439 16. 84.
440 16. 84.
441 16. 84.
442 16. 84.
443 16. 84.
444 16. 84.
445 16. 84.
446 17. 83.
447 17. 83.
448 17. 83.
449 17. 83.
450 17. 83.
451 17. 83.
452 17. 83.
453 17. 83.
454 17. 83.
455 17. 83.
456 17. 83.
457 17. 83.
458 17. 83.
459 17. 83.
460 17. 83.
461 17. 83.
462 17. 83.
463 17. 83.
464 17. 83.
465 17. 83.
466 17. 83.
467 17. 83.
468 17. 83.
469 17. 83.
470 17. 83.
471 17. 83.
472 18. 82.
473 18. 82.
474 18. 82.
475 18. 82.
476 19. 81.
477 18. 82.
478 18. 82.
479 18. 82.
480 19. 81.
481 19. 81.
482 19. 81.
483 19. 81.
484 19. 81.
485 19. 81.
486 19. 81.
487 19. 81.
488 19. 81.
489 19. 81.
490 19. 81.
491 19. 81.
492 19. 81.
493 19. 81.
494 19. 81.
495 19. 81.
496 20. 80.
497 20. 80.
498 20. 80.
499 20. 80.
500 20. 80.
501 20. 80.
502 20. 80.
503 20. 80.
504 20. 80.
505 20. 80.
506 20. 80.
507 20. 80.
508 20. 80.
509 20. 80.
510 20. 80.
511 21. 79.
512 21. 79.
513 21. 79.
514 21. 79.
515 21. 79.
516 21. 79.
517 21. 79.
518 21. 79.
519 20. 80.
520 20. 80.
521 20. 80.
522 20. 80.
523 20. 80.
524 20. 80.
525 20. 80.
526 20. 80.
527 20. 80.
528 20. 80.
529 19. 81.
530 19. 81.
531 19. 81.
532 19. 81.
533 19. 81.
534 19. 81.
535 19. 81.
536 19. 81.
537 19. 81.
538 19. 81.
539 19. 81.
540 19. 81.
541 19. 81.
542 19. 81.
543 19. 81.
544 20. 80.
545 20. 80.
546 21. 79.
547 21. 79.
548 22. 78.
549 22. 78.
550 22. 78.
551 22. 78.
552 22. 78.
553 22. 78.
554 22. 78.
555 23. 77.
556 23. 77.
557 23. 77.
558 23. 77.
559 23. 77.
560 23. 77.
561 23. 77.
562 23. 77.
563 23. 77.
564 23. 77.
565 23. 77.
566 23. 77.
567 23. 77.
568 22. 78.
569 22. 78.
570 22. 78.
571 22. 78.
572 22. 78.
573 21. 79.
574 21. 79.
575 21. 79.
576 21. 79.
577 21. 79.
578 21. 79.
579 21. 79.
580 21. 79.
581 21. 79.
582 21. 79.
583 21. 79.
584 21. 79.
585 21. 79.
586 21. 79.
587 21. 79.
588 21. 79.
589 21. 79.
590 21. 79.
591 21. 79.
592 21. 79.
593 21. 79.
594 21. 79.
595 21. 79.
596 21. 79.
597 21. 79.
598 21. 79.
599 21. 79.
600 21. 79.
601 21. 79.
602 21. 79.
603 21. 79.
604 22. 78.
605 22. 78.
606 22. 78.
607 21. 79.
608 20. 80.
609 20. 80.
610 21. 79.
611 21. 79.
612 21. 79.
613 21. 79.
614 21. 79.
615 21. 79.
616 21. 79.
617 21. 79.
618 21. 79.
619 21. 79.
620 20. 80.
621 20. 80.
622 20. 80.
623 20. 80.
624 20. 80.
625 20. 80.
626 20. 80.
627 21. 79.
628 21. 79.
629 22. 78.
630 22. 78.
631 22. 78.
632 21. 79.
633 20. 80.
634 21. 79.
635 21. 79.
636 21. 79.
637 21. 79.
638 22. 78.
639 22. 78.
640 22. 78.
641 21. 79.
642 21. 79.
643 21. 79.
644 21. 79.
645 21. 79.
646 21. 79.
647 21. 79.
648 21. 79.
649 21. 79.
650 21. 79.
651 21. 79.
652 21. 79.
653 21. 79.
654 21. 79.
655 21. 79.
656 21. 79.
657 21. 79.
658 21. 79.
659 22. 78.
660 22. 78.
661 22. 78.
662 22. 78.
663 22. 78.
664 22. 78.
665 22. 78.
666 22. 78.
667 22. 78.
668 21. 79.
669 21. 79.
670 21. 79.
671 21. 79.
672 20. 80.
673 20. 80.
674 20. 80.
675 20. 80.
676 19. 81.
677 19. 81.
678 19. 81.
679 19. 81.
680 18. 82.
681 18. 82.
682 18. 82.
683 18. 82.
684 18. 82.
685 18. 82.
686 18. 82.
687 18. 82.
688 18. 82.
689 18. 82.
690 18. 82.
691 18. 82.
692 18. 82.
693 18. 82.
694 18. 82.
695 18. 82.
696 18. 82.
697 18. 82.
698 18. 82.
699 18. 82.
700 18. 82.
701 18. 82.
702 18. 82.
703 18. 82.
704 18. 82.
705 18. 82.
706 18. 82.
707 18. 82.
708 19. 81.
709 19. 81.
710 19. 81.
711 19. 81.
712 19. 81.
713 19. 81.
714 19. 81.
715 19. 81.
716 19. 81.
717 19. 81.
718 19. 81.
719 19. 81.
720 19. 81.
721 19. 81.
722 19. 81.
723 19. 81.
724 19. 81.
725 19. 81.
726 19. 81.
727 19. 81.
728 19. 81.
729 19. 81.
730 19. 81.
731 19. 81.
732 19. 81.
733 19. 81.
734 19. 81.
735 19. 81.
736 19. 81.
737 19. 81.
738 19. 81.
739 19. 81.
740 19. 81.
741 19. 81.
742 19. 81.
743 19. 81.
744 19. 81.
745 19. 81.
746 18. 82.
747 18. 82.
748 18. 82.
749 18. 82.
750 18. 82.
751 18. 82.
752 18. 82.
753 18. 82.
754 18. 82.
755 19. 81.
756 19. 81.
757 19. 81.
758 19. 81.
759 18. 82.
760 18. 82.
761 18. 82.
762 18. 82.
763 18. 82.
764 18. 82.
765 18. 82.
766 18. 82.
767 18. 82.
768 18. 82.
769 18. 82.
770 18. 82.
771 18. 82.
772 17. 83.
773 17. 83.
774 17. 83.
775 17. 83.
776 16. 84.
777 16. 84.
778 16. 84.
779 16. 84.
780 16. 84.
781 16. 84.
782 16. 84.
783 16. 84.
784 16. 84.
785 16. 84.
786 16. 84.
787 16. 84.
788 16. 84.
789 16. 84.
790 16. 84.
791 16. 84.
792 16. 84.
793 16. 84.
794 16. 84.
795 16. 84.
796 16. 84.
797 16. 84.
798 17. 83.
799 17. 83.
800 17. 83.
801 17. 83.
802 17. 83.
803 16. 84.
804 16. 84.
805 16. 84.
806 16. 84.
807 16. 84.
808 16. 84.
809 16. 84.
810 16. 84.
811 16. 84.
812 16. 84.
813 16. 84.
814 16. 84.
815 16. 84.
816 16. 84.
817 16. 84.
818 15. 85.
819 15. 85.
820 15. 85.
821 15. 85.
822 15. 85.
823 15. 85.
824 15. 85.
825 16. 84.
826 16. 84.
827 16. 84.
828 16. 84.
829 17. 83.
830 17. 83.
831 17. 83.
832 17. 83.
833 16. 84.
834 17. 83.
835 17. 83.
836 17. 83.
837 17. 83.
838 17. 83.
839 17. 83.
840 17. 83.
841 17. 83.
842 17. 83.
843 17. 83.
844 17. 83.
845 17. 83.
846 17. 83.
847 17. 83.
848 17. 83.
849 17. 83.
850 16. 84.
851 16. 84.
852 16. 84.
853 16. 84.
854 16. 84.
855 16. 84.
856 16. 84.
857 16. 84.
858 16. 84.
859 15. 85.
860 15. 85.
861 15. 85.
862 15. 85.
863 16. 84.
864 16. 84.
865 16. 84.
866 16. 84.
867 16. 84.
868 16. 84.
869 16. 84.
870 16. 84.
871 16. 84.
872 16. 84.
873 16. 84.
874 16. 84.
875 16. 84.
876 16. 84.
877 16. 84.
878 16. 84.
879 17. 83.
880 16. 84.
881 16. 84.
882 15. 85.
883 15. 85.
884 15. 85.
885 14. 86.
886 14. 86.
887 15. 85.
888 15. 85.
889 15. 85.
890 15. 85.
891 15. 85.
892 15. 85.
893 15. 85.
894 15. 85.
895 15. 85.
896 16. 84.
897 16. 84.
898 16. 84.
899 16. 84.
900 16. 84.
901 16. 84.
902 16. 84.
903 16. 84.
904 16. 84.
905 16. 84.
906 16. 84.
907 16. 84.
908 16. 84.
909 16. 84.
910 17. 83.
911 17. 83.
912 17. 83.
913 17. 83.
914 17. 83.
915 17. 83.
916 17. 83.
917 17. 83.
918 17. 83.
919 17. 83.
920 17. 83.
921 17. 83.
922 17. 83.
923 17. 83.
924 17. 83.
925 17. 83.
926 17. 83.
927 18. 82.
928 18. 82.
929 18. 82.
930 18. 82.
931 18. 82.
932 19. 81.
933 19. 81.
934 19. 81.
935 18. 82.
936 18. 82.
937 18. 82.
938 19. 81.
939 20. 80.
940 20. 80.
941 20. 80.
942 19. 81.
943 20. 80.
944 20. 80.
945 20. 80.
946 20. 80.
947 20. 80.
948 20. 80.
949 20. 80.
950 20. 80.
951 20. 80.
952 20. 80.
953 20. 80.
954 20. 80.
955 20. 80.
956 20. 80.
957 20. 80.
958 20. 80.
959 21. 79.
960 20. 80.
961 20. 80.
962 20. 80.
963 20. 80.
964 20. 80.
965 20. 80.
966 20. 80.
967 20. 80.
968 20. 80.
969 19. 81.
970 19. 81.
971 19. 81.
972 19. 81.
973 19. 81.
974 19. 81.
975 19. 81.
976 20. 80.
977 20. 80.
978 20. 80.
979 20. 80.
980 19. 81.
981 19. 81.
982 19. 81.
983 19. 81.
984 19. 81.
985 19. 81.
986 19. 81.
987 19. 81.
988 19. 81.
989 19. 81.
990 19. 81.
991 19. 81.
992 19. 81.
993 18. 82.
994 18. 82.
995 19. 81.
996 19. 81.
997 19. 81.
998 19. 81.
999 19. 81.
1000 19. 81.
1001 19. 81.
1002 19. 81.
1003 19. 81.
1004 19. 81.
1005 19. 81.
1006 19. 81.
1007 19. 81.
1008 19. 81.
1009 18. 82.
1010 18. 82.
1011 18. 82.
1012 18. 82.
1013 18. 82.
1014 18. 82.
1015 18. 82.
1016 18. 82.
1017 18. 82.
1018 18. 82.
1019 18. 82.
1020 18. 82.
1021 18. 82.
1022 18. 82.
1023 18. 82.
1024 18. 82.
1025 18. 82.
1026 18. 82.
1027 18. 82.
1028 18. 82.
1029 18. 82.
1030 18. 82.
1031 18. 82.
1032 18. 82.
1033 18. 82.
1034 18. 82.
1035 18. 82.
1036 18. 82.
1037 18. 82.
1038 18. 82.
1039 18. 82.
1040 18. 82.
1041 18. 82.
1042 18. 82.
1043 18. 82.
1044 18. 82.
1045 18. 82.
1046 17. 83.
1047 17. 83.
1048 17. 83.
1049 17. 83.
1050 17. 83.
1051 17. 83.
1052 17. 83.
1053 18. 82.
1054 18. 82.
1055 18. 82.
1056 18. 82.
1057 17. 83.
1058 17. 83.
1059 18. 82.
1060 19. 81.
1061 19. 81.
1062 19. 81.
1063 19. 81.
1064 19. 81.
1065 18. 82.
1066 18. 82.
1067 18. 82.
1068 19. 81.
1069 20. 80.
1070 21. 79.
1071 21. 79.
1072 21. 79.
1073 21. 79.
1074 20. 80.
1075 20. 80.
1076 20. 80.
1077 20. 80.
1078 19. 81.
1079 19. 81.
1080 19. 81.
1081 19. 81.
1082 19. 81.
1083 19. 81.
1084 19. 81.
1085 19. 81.
1086 19. 81.
1087 20. 80.
1088 19. 81.
1089 19. 81.
1090 19. 81.
1091 19. 81.
1092 20. 80.
1093 21. 79.
1094 21. 79.
1095 21. 79.
1096 21. 79.
1097 21. 79.
1098 21. 79.
1099 21. 79.
1100 21. 79.
1101 21. 79.
1102 22. 78.
1103 21. 79.
1104 21. 79.
1105 21. 79.
1106 20. 80.
1107 20. 80.
1108 19. 81.
1109 19. 81.
1110 19. 81.
1111 19. 81.
1112 19. 81.
1113 19. 81.
1114 19. 81.
1115 19. 81.
1116 19. 81.
1117 20. 80.
1118 20. 80.
1119 20. 80.
1120 20. 80.
1121 20. 80.
1122 20. 80.
1123 20. 80.
1124 20. 80.
1125 20. 80.
1126 20. 80.
1127 19. 81.
1128 19. 81.
1129 19. 81.
1130 19. 81.
1131 19. 81.
1132 19. 81.
1133 19. 81.
1134 19. 81.
1135 19. 81.
1136 19. 81.
1137 19. 81.
1138 19. 81.
1139 19. 81.
1140 19. 81.
1141 19. 81.
1142 19. 81.
1143 19. 81.
1144 19. 81.
1145 19. 81.
1146 19. 81.
1147 19. 81.
1148 19. 81.
1149 19. 81.
1150 19. 81.
1151 19. 81.
1152 20. 80.
1153 20. 80.
1154 19. 81.
1155 19. 81.
1156 19. 81.
1157 19. 81.
1158 19. 81.
1159 19. 81.
1160 19. 81.
1161 19. 81.
1162 19. 81.
1163 19. 81.
1164 19. 81.
1165 19. 81.
1166 19. 81.
1167 19. 81.
1168 20. 80.
1169 20. 80.
1170 20. 80.
1171 20. 80.
1172 20. 80.
1173 20. 80.
1174 19. 81.
1175 19. 81.
1176 18. 82.
1177 17. 83.
1178 17. 83.
1179 17. 83.
1180 17. 83.
1181 17. 83.
1182 17. 83.
1183 17. 83.
1184 17. 83.
1185 17. 83.
1186 17. 83.
1187 17. 83.
1188 17. 83.
1189 17. 83.
1190 17. 83.
1191 17. 83.
1192 17. 83.
1193 17. 83.
1194 18. 82.
1195 18. 82.
1196 18. 82.
1197 18. 82.
1198 18. 82.
1199 17. 83.
1200 17. 83.
1201 17. 83.
1202 17. 83.
1203 17. 83.
1204 17. 83.
1205 17. 83.
1206 17. 83.
1207 17. 83.
1208 17. 83.
1209 17. 83.
1210 17. 83.
1211 17. 83.
1212 17. 83.
1213 17. 83.
1214 17. 83.
1215 17. 83.
1216 17. 83.
1217 17. 83.
1218 17. 83.
1219 17. 83.
1220 17. 83.
1221 17. 83.
1222 17. 83.
1223 17. 83.
1224 17. 83.
1225 16. 84.
1226 16. 84.
1227 15. 85.
1228 14. 86.
1229 14. 86.
1230 14. 86.
1231 14. 86.
1232 14. 86.
1233 14. 86.
1234 13. 87.
1235 13. 87.
1236 13. 87.
1237 13. 87.
1238 13. 87.
1239 13. 87.
1240 13. 87.
1241 14. 86.
1242 14. 86.
1243 14. 86.
1244 14. 86.
1245 14. 86.
1246 14. 86.
1247 14. 86.
1248 14. 86.
1249 14. 86.
1250 14. 86.
1251 14. 86.
1252 14. 86.
1253 15. 85.
1254 15. 85.
1255 15. 85.
1256 15. 85.
1257 15. 85.
1258 15. 85.
1259 15. 85.
1260 15. 85.
1261 15. 85.
1262 15. 85.
1263 15. 85.
1264 15. 85.
1265 15. 85.
1266 15. 85.
1267 15. 85.
1268 15. 85.
1269 15. 85.
1270 15. 85.
1271 15. 85.
1272 15. 85.
1273 15. 85.
1274 15. 85.
1275 15. 85.
1276 15. 85.
1277 15. 85.
1278 15. 85.
1279 15. 85.
1280 15. 85.
1281 15. 85.
1282 16. 84.
1283 16. 84.
1284 16. 84.
1285 16. 84.
1286 16. 84.
1287 16. 84.
1288 16. 84.
1289 16. 84.
1290 16. 84.
1291 16. 84.
1292 16. 84.
1293 16. 84.
1294 16. 84.
1295 16. 84.
1296 16. 84.
1297 16. 84.
1298 16. 84.
1299 16. 84.
1300 17. 83.
1301 17. 83.
1302 17. 83.
1303 17. 83.
1304 17. 83.
1305 16. 84.
1306 15. 85.
1307 15. 85.
1308 15. 85.
1309 15. 85.
1310 16. 84.
1311 16. 84.
1312 16. 84.
1313 16. 84.
1314 16. 84.
1315 16. 84.
1316 16. 84.
1317 16. 84.
1318 16. 84.
1319 16. 84.
1320 16. 84.
1321 16. 84.
1322 16. 84.
1323 16. 84.
1324 16. 84.
1325 16. 84.
1326 16. 84.
1327 16. 84.
1328 16. 84.
1329 16. 84.
1330 16. 84.
1331 16. 84.
1332 16. 84.
1333 16. 84.
1334 16. 84.
1335 16. 84.
1336 16. 84.
1337 16. 84.
1338 16. 84.
1339 16. 84.
1340 17. 83.
1341 17. 83.
1342 17. 83.
1343 17. 83.
1344 17. 83.
1345 17. 83.
1346 17. 83.
1347 16. 84.
1348 16. 84.
1349 15. 85.
1350 15. 85.
1351 15. 85.
1352 15. 85.
1353 15. 85.
1354 15. 85.
1355 15. 85.
1356 15. 85.
1357 15. 85.
1358 15. 85.
1359 15. 85.
1360 15. 85.
1361 14. 86.
1362 14. 86.
1363 14. 86.
1364 14. 86.
1365 14. 86.
1366 14. 86.
1367 14. 86.
1368 14. 86.
1369 14. 86.
1370 13. 87.
1371 13. 87.
1372 13. 87.
1373 13. 87.
1374 13. 87.
1375 13. 87.
1376 13. 87.
1377 13. 87.
1378 13. 87.
1379 13. 87.
1380 13. 87.
1381 14. 86.
1382 14. 86.
1383 15. 85.
1384 15. 85.
1385 15. 85.
1386 15. 85.
1387 15. 85.
1388 15. 85.
1389 15. 85.
1390 15. 85.
1391 14. 86.
1392 14. 86.
1393 14. 86.
1394 14. 86.
1395 14. 86.
1396 14. 86.
1397 14. 86.
1398 14. 86.
1399 14. 86.
1400 14. 86.
1401 14. 86.
1402 14. 86.
1403 13. 87.
1404 13. 87.
1405 13. 87.
1406 12. 88.
1407 12. 88.
1408 13. 87.
1409 13. 87.
1410 13. 87.
1411 13. 87.
1412 13. 87.
1413 13. 87.
1414 13. 87.
1415 13. 87.
1416 13. 87.
1417 13. 87.
1418 13. 87.
1419 13. 87.
1420 13. 87.
1421 13. 87.
1422 13. 87.
1423 13. 87.
1424 13. 87.
1425 13. 87.
1426 13. 87.
1427 13. 87.
1428 13. 87.
1429 13. 87.
1430 13. 87.
1431 13. 87.
1432 13. 87.
1433 13. 87.
1434 13. 87.
1435 13. 87.
1436 13. 87.
1437 13. 87.
1438 13. 87.
1439 14. 86.
1440 14. 86.
1441 14. 86.
1442 13. 87.
1443 13. 87.
1444 13. 87.
1445 13. 87.
1446 13. 87.
1447 13. 87.
1448 14. 86.
1449 14. 86.
1450 14. 86.
1451 14. 86.
1452 14. 86.
1453 14. 86.
1454 14. 86.
1455 14. 86.
1456 14. 86.
1457 14. 86.
1458 14. 86.
1459 14. 86.
1460 14. 86.
1461 14. 86.
1462 14. 86.
1463 14. 86.
1464 15. 85.
1465 15. 85.
1466 15. 85.
1467 15. 85.
1468 15. 85.
1469 15. 85.
1470 15. 85.
1471 15. 85.
1472 15. 85.
1473 15. 85.
1474 15. 85.
1475 15. 85.
1476 15. 85.
1477 15. 85.
1478 16. 84.
1479 16. 84.
1480 15. 85.
1481 16. 84.
1482 15. 85.
1483 15. 85.
1484 15. 85.
1485 15. 85.
1486 15. 85.
1487 15. 85.
1488 15. 85.
1489 15. 85.
1490 15. 85.
1491 14. 86.
1492 14. 86.
1493 13. 87.
1494 13. 87.
1495 13. 87.
1496 13. 87.
1497 13. 87.
1498 13. 87.
1499 13. 87.
1500 13. 87.
1501 13. 87.
1502 13. 87.
1503 13. 87.
1504 13. 87.
1505 13. 87.
1506 13. 87.
1507 13. 87.
1508 13. 87.
1509 13. 87.
1510 13. 87.
1511 13. 87.
1512 13. 87.
1513 13. 87.
1514 13. 87.
1515 13. 87.
1516 13. 87.
1517 13. 87.
1518 13. 87.
1519 13. 87.
1520 13. 87.
1521 13. 87.
1522 13. 87.
1523 13. 87.
1524 13. 87.
1525 13. 87.
1526 13. 87.
1527 13. 87.
1528 13. 87.
1529 13. 87.
1530 13. 87.
1531 13. 87.
1532 13. 87.
1533 13. 87.
1534 14. 86.
1535 14. 86.
1536 14. 86.
1537 14. 86.
1538 14. 86.
1539 14. 86.
1540 14. 86.
1541 14. 86.
1542 15. 85.
1543 15. 85.
1544 15. 85.
1545 15. 85.
1546 15. 85.
1547 15. 85.
1548 15. 85.
1549 15. 85.
1550 15. 85.
1551 15. 85.
1552 15. 85.
1553 15. 85.
1554 15. 85.
1555 15. 85.
1556 15. 85.
1557 15. 85.
1558 15. 85.
1559 15. 85.
1560 15. 85.
1561 15. 85.
1562 15. 85.
1563 15. 85.
1564 15. 85.
1565 14. 86.
1566 13. 87.
1567 13. 87.
1568 13. 87.
1569 14. 86.
1570 14. 86.
1571 14. 86.
1572 14. 86.
1573 14. 86.
1574 14. 86.
1575 14. 86.
1576 14. 86.
1577 14. 86.
1578 14. 86.
1579 14. 86.
1580 13. 87.
1581 13. 87.
1582 13. 87.
1583 13. 87.
1584 13. 87.
1585 13. 87.
1586 13. 87.
1587 13. 87.
1588 13. 87.
1589 13. 87.
1590 13. 87.
1591 13. 87.
1592 13. 87.
1593 13. 87.
1594 13. 87.
1595 13. 87.
1596 12. 88.
1597 11. 89.
1598 11. 89.
1599 11. 89.
1600 12. 88.
1601 12. 88.
1602 13. 87.
1603 13. 87.
1604 13. 87.
1605 13. 87.
1606 13. 87.
1607 13. 87.
1608 13. 87.
1609 13. 87.
1610 13. 87.
1611 13. 87.
1612 13. 87.
1613 12. 88.
1614 12. 88.
1615 12. 88.
1616 12. 88.
1617 12. 88.
1618 12. 88.
1619 12. 88.
1620 11. 89.
1621 11. 89.
1622 11. 89.
1623 11. 89.
1624 11. 89.
1625 11. 89.
1626 10. 90.
1627 10. 90.
1628 10. 90.
1629 10. 90.
1630 10. 90.
1631 10. 90.
1632 10. 90.
1633 10. 90.
1634 10. 90.
1635 10. 90.
1636 10. 90.
1637 10. 90.
1638 10. 90.
1639 10. 90.
1640 10. 90.
1641 10. 90.
1642 10. 90.
1643 10. 90.
1644 9. 91.
1645 9. 91.
1646 9. 91.
1647 9. 91.
1648 9. 91.
1649 9. 91.
1650 9. 91.
1651 9. 91.
1652 9. 91.
1653 9. 91.
1654 9. 91.
1655 9. 91.
1656 9. 91.
1657 9. 91.
1658 9. 91.
1659 9. 91.
1660 9. 91.
1661 9. 91.
1662 9. 91.
1663 9. 91.
1664 9. 91.
1665 9. 91.
1666 9. 91.
1667 9. 91.
1668 9. 91.
1669 9. 91.
1670 9. 91.
1671 9. 91.
1672 9. 91.
1673 9. 91.
1674 9. 91.
1675 9. 91.
1676 8. 92.
1677 8. 92.
1678 8. 92.
1679 8. 92.
1680 8. 92.
1681 8. 92.
1682 8. 92.
1683 8. 92.
1684 8. 92.
1685 8. 92.
1686 8. 92.
1687 8. 92.
1688 8. 92.
1689 8. 92.
1690 8. 92.
1691 8. 92.
1692 8. 92.
1693 8. 92.
1694 8. 92.
1695 8. 92.
1696 8. 92.
1697 8. 92.
1698 8. 92.
1699 8. 92.
1700 8. 92.
1701 8. 92.
1702 8. 92.
1703 8. 92.
1704 8. 92.
1705 8. 92.
1706 9. 91.
1707 10. 90.
1708 11. 89.
1709 12. 88.
1710 13. 87.
1711 13. 87.
1712 13. 87.
1713 12. 88.
1714 12. 88.
1715 12. 88.
1716 12. 88.
1717 13. 87.
1718 13. 87.
1719 13. 87.
1720 13. 87.
1721 13. 87.
1722 13. 87.
1723 13. 87.
1724 13. 87.
1725 13. 87.
1726 13. 87.
1727 13. 87.
1728 13. 87.
1729 13. 87.
1730 13. 87.
1731 13. 87.
1732 14. 86.
1733 14. 86.
1734 14. 86.
1735 14. 86.
1736 14. 86.
1737 14. 86.
1738 14. 86.
1739 13. 87.
1740 13. 87.
1741 13. 87.
1742 13. 87.
1743 13. 87.
1744 13. 87.
1745 12. 88.
1746 12. 88.
1747 12. 88.
1748 12. 88.
1749 12. 88.
1750 12. 88.
1751 12. 88.
1752 12. 88.
1753 11. 89.
1754 11. 89.
1755 11. 89.
1756 11. 89.
1757 10. 90.
1758 10. 90.
1759 10. 90.
1760 10. 90.
1761 10. 90.
1762 10. 90.
1763 10. 90.
1764 10. 90.
1765 10. 90.
1766 10. 90.
1767 9. 91.
1768 9. 91.
1769 9. 91.
1770 9. 91.
1771 9. 91.
1772 8. 92.
1773 8. 92.
1774 8. 92.
1775 8. 92.
1776 8. 92.
1777 8. 92.
1778 8. 92.
1779 8. 92.
1780 8. 92.
1781 8. 92.
1782 8. 92.
1783 8. 92.
1784 8. 92.
1785 8. 92.
1786 8. 92.
1787 8. 92.
1788 8. 92.
1789 8. 92.
1790 8. 92.
1791 8. 92.
1792 8. 92.
1793 8. 92.
1794 8. 92.
1795 8. 92.
1796 8. 92.
1797 8. 92.
1798 8. 92.
1799 8. 92.
1800 8. 92.
1801 8. 92.
1802 8. 92.
1803 8. 92.
1804 8. 92.
1805 8. 92.
1806 8. 92.
1807 8. 92.
1808 8. 92.
1809 8. 92.
1810 8. 92.
1811 8. 92.
1812 8. 92.
1813 8. 92.
1814 8. 92.
1815 8. 92.
1816 8. 92.
1817 8. 92.
1818 8. 92.
1819 8. 92.
1820 8. 92.
1821 8. 92.
1822 8. 92.
1823 8. 92.
1824 8. 92.
1825 8. 92.
1826 8. 92.
1827 7. 93.
1828 8. 92.
1829 8. 92.
1830 9. 91.
1831 10. 90.
1832 10. 90.
1833 10. 90.
1834 10. 90.
1835 10. 90.
1836 10. 90.
1837 10. 90.
1838 10. 90.
1839 11. 89.
1840 11. 89.
1841 11. 89.
1842 11. 89.
1843 11. 89.
1844 11. 89.
1845 11. 89.
1846 12. 88.
1847 12. 88.
1848 12. 88.
1849 12. 88.
1850 12. 88.
1851 12. 88.
1852 12. 88.
1853 12. 88.
1854 12. 88.
1855 12. 88.
1856 12. 88.
1857 12. 88.
1858 12. 88.
1859 12. 88.
1860 12. 88.
1861 12. 88.
1862 12. 88.
1863 12. 88.
1864 12. 88.
1865 12. 88.
1866 12. 88.
1867 12. 88.
1868 12. 88.
1869 12. 88.
1870 12. 88.
1871 12. 88.
1872 12. 88.
1873 12. 88.
1874 12. 88.
1875 11. 89.
1876 11. 89.
1877 11. 89.
1878 11. 89.
1879 11. 89.
1880 11. 89.
1881 11. 89.
1882 11. 89.
1883 11. 89.
1884 11. 89.
1885 11. 89.
1886 11. 89.
1887 11. 89.
1888 11. 89.
1889 11. 89.
1890 11. 89.
1891 11. 89.
1892 11. 89.
1893 11. 89.
1894 10. 90.
1895 10. 90.
1896 10. 90.
1897 10. 90.
1898 10. 90.
1899 10. 90.
1900 10. 90.
1901 10. 90.
1902 10. 90.
1903 10. 90.
1904 10. 90.
1905 11. 89.
1906 11. 89.
1907 11. 89.
1908 11. 89.
1909 11. 89.
1910 11. 89.
1911 11. 89.
1912 11. 89.
1913 11. 89.
1914 11. 89.
1915 11. 89.
1916 11. 89.
1917 11. 89.
1918 11. 89.
1919 11. 89.
1920 11. 89.
1921 11. 89.
1922 11. 89.
1923 11. 89.
1924 12. 88.
1925 11. 89.
1926 11. 89.
1927 11. 89.
1928 11. 89.
1929 11. 89.
1930 11. 89.
1931 11. 89.
1932 11. 89.
1933 11. 89.
1934 12. 88.
1935 12. 88.
1936 12. 88.
1937 12. 88.
1938 12. 88.
1939 12. 88.
1940 12. 88.
1941 12. 88.
1942 12. 88.
1943 12. 88.
1944 12. 88.
1945 12. 88.
1946 12. 88.
1947 12. 88.
1948 12. 88.
1949 12. 88.
1950 12. 88.
1951 12. 88.
1952 12. 88.
1953 12. 88.
1954 12. 88.
1955 12. 88.
1956 12. 88.
1957 12. 88.
1958 12. 88.
1959 12. 88.
1960 11. 89.
1961 11. 89.
1962 11. 89.
1963 11. 89.
1964 11. 89.
1965 12. 88.
1966 12. 88.
1967 12. 88.
1968 11. 89.
1969 11. 89.
1970 11. 89.
1971 11. 89.
1972 11. 89.
1973 11. 89.
1974 11. 89.
1975 11. 89.
1976 12. 88.
1977 12. 88.
1978 12. 88.
1979 12. 88.
1980 12. 88.
1981 13. 87.
1982 14. 86.
1983 14. 86.
1984 14. 86.
1985 14. 86.
1986 14. 86.
1987 13. 87.
1988 13. 87.
1989 13. 87.
1990 13. 87.
1991 13. 87.
1992 13. 87.
1993 13. 87.
1994 12. 88.
1995 12. 88.
1996 13. 87.
1997 13. 87.
1998 13. 87.
1999 13. 87.
2000 13. 87.
2001 13. 87.
2002 13. 87.
2003 13. 87.
2004 13. 87.
2005 13. 87.
2006 13. 87.
2007 13. 87.
2008 13. 87.
2009 13. 87.
2010 13. 87.
2011 13. 87.
2012 13. 87.
2013 12. 88.
2014 12. 88.
2015 12. 88.
2016 12. 88.
2017 12. 88.
2018 12. 88.
2019 12. 88.
2020 13. 87.
2021 13. 87.
2022 13. 87.
2023 14. 86.
2024 14. 86.
2025 14. 86.
2026 14. 86.
2027 14. 86.
2028 14. 86.
2029 14. 86.
2030 15. 85.
2031 15. 85.
2032 14. 86.
2033 14. 86.
2034 13. 87.
2035 13. 87.
2036 14. 86.
2037 14. 86.
2038 14. 86.
2039 14. 86.
2040 14. 86.
2041 14. 86.
2042 14. 86.
2043 14. 86.
2044 14. 86.
2045 13. 87.
2046 13. 87.
2047 13. 87.
2048 13. 87.
2049 13. 87.
2050 13. 87.
2051 13. 87.
2052 13. 87.
2053 14. 86.
2054 14. 86.
2055 14. 86.
2056 14. 86.
2057 14. 86.
2058 14. 86.
2059 14. 86.
2060 14. 86.
2061 14. 86.
2062 14. 86.
2063 14. 86.
2064 14. 86.
2065 14. 86.
2066 14. 86.
2067 14. 86.
2068 14. 86.
2069 14. 86.
2070 14. 86.
2071 14. 86.
2072 15. 85.
2073 15. 85.
2074 15. 85.
2075 15. 85.
2076 15. 85.
2077 15. 85.
2078 16. 84.
2079 15. 85.
2080 14. 86.
2081 14. 86.
2082 13. 87.
2083 13. 87.
2084 13. 87.
2085 13. 87.
2086 13. 87.
2087 13. 87.
2088 13. 87.
2089 13. 87.
2090 13. 87.
2091 14. 86.
2092 14. 86.
2093 14. 86.
2094 14. 86.
2095 14. 86.
2096 14. 86.
2097 14. 86.
2098 14. 86.
2099 14. 86.
2100 14. 86.
2101 14. 86.
2102 14. 86.
2103 14. 86.
2104 14. 86.
2105 14. 86.
2106 14. 86.
2107 14. 86.
2108 14. 86.
2109 14. 86.
2110 14. 86.
2111 14. 86.
2112 14. 86.
2113 14. 86.
2114 13. 87.
2115 13. 87.
2116 13. 87.
2117 13. 87.
2118 13. 87.
2119 13. 87.
2120 13. 87.
2121 13. 87.
2122 13. 87.
2123 13. 87.
2124 13. 87.
2125 13. 87.
2126 13. 87.
2127 13. 87.
2128 13. 87.
2129 13. 87.
2130 13. 87.
2131 13. 87.
2132 13. 87.
2133 13. 87.
2134 13. 87.
2135 13. 87.
2136 13. 87.
2137 13. 87.
2138 13. 87.
2139 13. 87.
2140 13. 87.
2141 13. 87.
2142 13. 87.
2143 13. 87.
2144 14. 86.
2145 14. 86.
2146 14. 86.
2147 14. 86.
2148 14. 86.
2149 14. 86.
2150 14. 86.
2151 14. 86.
2152 14. 86.
2153 14. 86.
2154 14. 86.
2155 14. 86.
2156 14. 86.
2157 14. 86.
2158 14. 86.
2159 14. 86.
2160 14. 86.
2161 14. 86.
2162 14. 86.
2163 14. 86.
2164 14. 86.
2165 14. 86.
2166 14. 86.
2167 15. 85.
2168 14. 86.
2169 14. 86.
2170 14. 86.
2171 14. 86.
2172 14. 86.
2173 14. 86.
2174 14. 86.
2175 14. 86.
2176 14. 86.
2177 14. 86.
2178 14. 86.
2179 14. 86.
2180 15. 85.
2181 15. 85.
2182 15. 85.
2183 15. 85.
2184 15. 85.
2185 15. 85.
2186 16. 84.
2187 16. 84.
2188 16. 84.
2189 16. 84.
2190 16. 84.
2191 16. 84.
2192 16. 84.
2193 16. 84.
2194 15. 85.
2195 15. 85.
2196 15. 85.
2197 15. 85.
2198 15. 85.
2199 15. 85.
2200 15. 85.
2201 15. 85.
2202 15. 85.
2203 15. 85.
2204 15. 85.
2205 16. 84.
2206 16. 84.
2207 17. 83.
2208 16. 84.
2209 16. 84.
2210 16. 84.
2211 16. 84.
2212 16. 84.
2213 16. 84.
2214 16. 84.
2215 16. 84.
2216 16. 84.
2217 16. 84.
2218 16. 84.
2219 16. 84.
2220 16. 84.
2221 16. 84.
2222 16. 84.
2223 16. 84.
2224 15. 85.
2225 15. 85.
2226 15. 85.
2227 16. 84.
2228 16. 84.
2229 16. 84.
2230 16. 84.
2231 16. 84.
2232 16. 84.
2233 15. 85.
2234 15. 85.
2235 15. 85.
2236 15. 85.
2237 15. 85.
2238 15. 85.
2239 15. 85.
2240 16. 84.
2241 16. 84.
2242 16. 84.
2243 17. 83.
2244 17. 83.
2245 17. 83.
2246 17. 83.
2247 17. 83.
2248 17. 83.
2249 16. 84.
2250 16. 84.
2251 16. 84.
2252 16. 84.
2253 16. 84.
2254 16. 84.
2255 16. 84.
2256 16. 84.
2257 16. 84.
2258 16. 84.
2259 16. 84.
2260 15. 85.
2261 15. 85.
2262 15. 85.
2263 15. 85.
2264 15. 85.
2265 15. 85.
2266 15. 85.
2267 16. 84.
2268 16. 84.
2269 16. 84.
2270 16. 84.
2271 16. 84.
2272 16. 84.
2273 16. 84.
2274 16. 84.
2275 16. 84.
2276 16. 84.
2277 16. 84.
2278 16. 84.
2279 16. 84.
2280 16. 84.
2281 16. 84.
2282 16. 84.
2283 16. 84.
2284 15. 85.
2285 15. 85.
2286 15. 85.
2287 15. 85.
2288 15. 85.
2289 16. 84.
2290 16. 84.
2291 16. 84.
2292 16. 84.
2293 16. 84.
2294 16. 84.
2295 15. 85.
2296 15. 85.
2297 15. 85.
2298 15. 85.
2299 15. 85.
2300 15. 85.
2301 15. 85.
2302 15. 85.
2303 15. 85.
2304 15. 85.
2305 15. 85.
2306 15. 85.
2307 15. 85.
2308 16. 84.
2309 16. 84.
2310 16. 84.
2311 16. 84.
2312 16. 84.
2313 16. 84.
2314 16. 84.
2315 16. 84.
2316 16. 84.
2317 16. 84.
2318 16. 84.
2319 16. 84.
2320 16. 84.
2321 16. 84.
2322 16. 84.
2323 16. 84.
2324 16. 84.
2325 16. 84.
2326 16. 84.
2327 16. 84.
2328 16. 84.
2329 16. 84.
2330 16. 84.
2331 16. 84.
2332 17. 83.
2333 17. 83.
2334 17. 83.
2335 17. 83.
2336 17. 83.
2337 17. 83.
2338 17. 83.
2339 17. 83.
2340 17. 83.
2341 17. 83.
2342 17. 83.
2343 17. 83.
2344 17. 83.
2345 17. 83.
2346 17. 83.
2347 17. 83.
2348 17. 83.
2349 17. 83.
2350 17. 83.
2351 16. 84.
2352 16. 84.
2353 16. 84.
2354 17. 83.
2355 17. 83.
2356 17. 83.
2357 17. 83.
2358 17. 83.
2359 17. 83.
2360 17. 83.
2361 17. 83.
2362 17. 83.
2363 16. 84.
2364 16. 84.
2365 16. 84.
2366 16. 84.
2367 16. 84.
2368 15. 85.
2369 15. 85.
2370 15. 85.
2371 15. 85.
2372 15. 85.
2373 14. 86.
2374 14. 86.
2375 15. 85.
2376 15. 85.
2377 15. 85.
2378 15. 85.
2379 15. 85.
2380 15. 85.
2381 15. 85.
2382 15. 85.
2383 15. 85.
2384 15. 85.
2385 15. 85.
2386 15. 85.
2387 15. 85.
2388 14. 86.
2389 14. 86.
2390 14. 86.
2391 14. 86.
2392 14. 86.
2393 14. 86.
2394 14. 86.
2395 14. 86.
2396 14. 86.
2397 14. 86.
2398 14. 86.
2399 14. 86.
2400 14. 86.
2401 14. 86.
2402 14. 86.
2403 15. 85.
2404 15. 85.
2405 15. 85.
2406 15. 85.
2407 15. 85.
2408 15. 85.
2409 15. 85.
2410 15. 85.
2411 15. 85.
2412 15. 85.
2413 15. 85.
2414 15. 85.
2415 15. 85.
2416 15. 85.
2417 15. 85.
2418 15. 85.
2419 15. 85.
2420 15. 85.
2421 15. 85.
2422 15. 85.
2423 15. 85.
2424 15. 85.
2425 15. 85.
2426 15. 85.
2427 15. 85.
2428 15. 85.
2429 15. 85.
2430 15. 85.
2431 15. 85.
2432 15. 85.
2433 15. 85.
2434 15. 85.
2435 15. 85.
2436 15. 85.
2437 15. 85.
2438 15. 85.
2439 15. 85.
2440 15. 85.
2441 15. 85.
2442 15. 85.
2443 15. 85.
2444 15. 85.
2445 15. 85.
2446 15. 85.
2447 15. 85.
2448 15. 85.
2449 15. 85.
2450 15. 85.
2451 15. 85.
2452 15. 85.
2453 16. 84.
2454 17. 83.
2455 17. 83.
2456 17. 83.
2457 17. 83.
2458 17. 83.
2459 17. 83.
2460 17. 83.
2461 16. 84.
2462 15. 85.
2463 15. 85.
2464 15. 85.
2465 14. 86.
2466 14. 86.
2467 14. 86.
2468 14. 86.
2469 14. 86.
2470 14. 86.
2471 14. 86.
2472 14. 86.
2473 14. 86.
2474 13. 87.
2475 13. 87.
2476 13. 87.
2477 14. 86.
2478 15. 85.
2479 15. 85.
2480 16. 84.
2481 16. 84.
2482 16. 84.
2483 16. 84.
2484 16. 84.
2485 16. 84.
2486 16. 84.
2487 16. 84.
2488 16. 84.
2489 17. 83.
2490 17. 83.
2491 17. 83.
2492 17. 83.
2493 17. 83.
2494 17. 83.
2495 17. 83.
2496 17. 83.
2497 17. 83.
2498 17. 83.
2499 17. 83.
2500 17. 83.
2501 17. 83.
2502 16. 84.
2503 16. 84.
2504 16. 84.
2505 16. 84.
2506 16. 84.
2507 16. 84.
2508 16. 84.
2509 15. 85.
2510 15. 85.
2511 15. 85.
2512 15. 85.
2513 15. 85.
2514 15. 85.
2515 15. 85.
2516 15. 85.
2517 15. 85.
2518 15. 85.
2519 15. 85.
2520 15. 85.
2521 15. 85.
2522 15. 85.
2523 15. 85.
2524 15. 85.
2525 15. 85.
2526 16. 84.
2527 16. 84.
2528 16. 84.
2529 16. 84.
2530 16. 84.
2531 16. 84.
2532 16. 84.
2533 16. 84.
2534 16. 84.
2535 16. 84.
2536 16. 84.
2537 16. 84.
2538 16. 84.
2539 16. 84.
2540 15. 85.
2541 15. 85.
2542 15. 85.
2543 15. 85.
2544 15. 85.
2545 16. 84.
2546 16. 84.
2547 16. 84.
2548 16. 84.
2549 16. 84.
2550 16. 84.
2551 16. 84.
2552 16. 84.
2553 16. 84.
2554 16. 84.
2555 15. 85.
2556 15. 85.
2557 15. 85.
2558 16. 84.
2559 16. 84.
2560 16. 84.
2561 16. 84.
2562 16. 84.
2563 16. 84.
2564 16. 84.
2565 16. 84.
2566 16. 84.
2567 16. 84.
2568 16. 84.
2569 16. 84.
2570 16. 84.
2571 16. 84.
2572 16. 84.
2573 16. 84.
2574 16. 84.
2575 16. 84.
2576 16. 84.
2577 16. 84.
2578 16. 84.
2579 16. 84.
2580 16. 84.
2581 16. 84.
2582 16. 84.
2583 16. 84.
2584 16. 84.
2585 16. 84.
2586 15. 85.
2587 15. 85.
2588 15. 85.
2589 15. 85.
2590 15. 85.
2591 15. 85.
2592 15. 85.
2593 15. 85.
2594 15. 85.
2595 15. 85.
2596 15. 85.
2597 15. 85.
2598 15. 85.
2599 15. 85.
2600 15. 85.
2601 15. 85.
2602 15. 85.
2603 15. 85.
2604 15. 85.
2605 15. 85.
2606 15. 85.
2607 15. 85.
2608 15. 85.
2609 15. 85.
2610 15. 85.
2611 15. 85.
2612 15. 85.
2613 15. 85.
2614 15. 85.
2615 15. 85.
2616 16. 84.
2617 16. 84.
2618 16. 84.
2619 16. 84.
2620 17. 83.
2621 17. 83.
2622 17. 83.
2623 17. 83.
2624 17. 83.
2625 17. 83.
2626 17. 83.
2627 17. 83.
2628 18. 82.
2629 18. 82.
2630 18. 82.
2631 18. 82.
2632 18. 82.
2633 18. 82.
2634 17. 83.
2635 17. 83.
2636 17. 83.
2637 18. 82.
2638 18. 82.
2639 18. 82.
2640 18. 82.
2641 17. 83.
2642 17. 83.
2643 17. 83.
2644 17. 83.
2645 17. 83.
2646 17. 83.
2647 17. 83.
2648 17. 83.
2649 17. 83.
2650 17. 83.
2651 17. 83.
2652 17. 83.
2653 17. 83.
2654 17. 83.
2655 17. 83.
2656 17. 83.
2657 17. 83.
2658 17. 83.
2659 17. 83.
2660 17. 83.
2661 17. 83.
2662 17. 83.
2663 17. 83.
2664 17. 83.
2665 17. 83.
2666 17. 83.
2667 18. 82.
2668 18. 82.
2669 18. 82.
2670 18. 82.
2671 18. 82.
2672 18. 82.
2673 18. 82.
2674 18. 82.
2675 18. 82.
2676 18. 82.
2677 17. 83.
2678 17. 83.
2679 17. 83.
2680 17. 83.
2681 17. 83.
2682 17. 83.
2683 17. 83.
2684 17. 83.
2685 17. 83.
2686 18. 82.
2687 18. 82.
2688 18. 82.
2689 18. 82.
2690 19. 81.
2691 19. 81.
2692 19. 81.
2693 19. 81.
2694 19. 81.
2695 19. 81.
2696 19. 81.
2697 19. 81.
2698 19. 81.
2699 19. 81.
2700 19. 81.
2701 19. 81.
2702 19. 81.
2703 19. 81.
2704 18. 82.
2705 18. 82.
2706 18. 82.
2707 18. 82.
2708 18. 82.
2709 18. 82.
2710 18. 82.
2711 18. 82.
2712 18. 82.
2713 18. 82.
2714 18. 82.
2715 18. 82.
2716 18. 82.
2717 18. 82.
2718 18. 82.
2719 18. 82.
2720 18. 82.
2721 18. 82.
2722 17. 83.
2723 17. 83.
2724 17. 83.
2725 17. 83.
2726 17. 83.
2727 17. 83.
2728 18. 82.
2729 18. 82.
2730 18. 82.
2731 18. 82.
2732 18. 82.
2733 18. 82.
2734 18. 82.
2735 18. 82.
2736 18. 82.
2737 18. 82.
2738 18. 82.
2739 18. 82.
2740 19. 81.
2741 20. 80.
2742 20. 80.
2743 20. 80.
2744 20. 80.
2745 20. 80.
2746 20. 80.
2747 20. 80.
2748 20. 80.
2749 20. 80.
2750 20. 80.
2751 20. 80.
2752 20. 80.
2753 20. 80.
2754 20. 80.
2755 20. 80.
2756 21. 79.
2757 22. 78.
2758 22. 78.
2759 22. 78.
2760 22. 78.
2761 22. 78.
2762 22. 78.
2763 22. 78.
2764 22. 78.
2765 22. 78.
2766 22. 78.
2767 22. 78.
2768 22. 78.
2769 22. 78.
2770 22. 78.
2771 22. 78.
2772 22. 78.
2773 22. 78.
2774 22. 78.
2775 22. 78.
2776 23. 77.
2777 23. 77.
2778 22. 78.
2779 22. 78.
2780 22. 78.
2781 22. 78.
2782 22. 78.
2783 22. 78.
2784 22. 78.
2785 22. 78.
2786 22. 78.
2787 22. 78.
2788 22. 78.
2789 22. 78.
2790 22. 78.
2791 22. 78.
2792 22. 78.
2793 22. 78.
2794 22. 78.
2795 22. 78.
2796 22. 78.
2797 22. 78.
2798 22. 78.
2799 22. 78.
2800 22. 78.
2801 22. 78.
2802 22. 78.
2803 22. 78.
2804 23. 77.
2805 23. 77.
2806 23. 77.
2807 23. 77.
2808 23. 77.
2809 24. 76.
2810 24. 76.
2811 24. 76.
2812 24. 76.
2813 24. 76.
2814 24. 76.
2815 23. 77.
2816 23. 77.
2817 23. 77.
2818 23. 77.
2819 24. 76.
2820 24. 76.
2821 24. 76.
2822 25. 75.
2823 25. 75.
2824 25. 75.
2825 25. 75.
2826 25. 75.
2827 24. 76.
2828 24. 76.
2829 24. 76.
2830 24. 76.
2831 24. 76.
2832 24. 76.
2833 25. 75.
2834 24. 76.
2835 24. 76.
2836 24. 76.
2837 25. 75.
2838 25. 75.
2839 25. 75.
2840 25. 75.
2841 25. 75.
2842 25. 75.
2843 25. 75.
2844 25. 75.
2845 25. 75.
2846 25. 75.
2847 25. 75.
2848 25. 75.
2849 25. 75.
2850 25. 75.
2851 26. 74.
2852 27. 73.
2853 27. 73.
2854 27. 73.
2855 27. 73.
2856 27. 73.
2857 27. 73.
2858 27. 73.
2859 27. 73.
2860 26. 74.
2861 26. 74.
2862 26. 74.
2863 25. 75.
2864 25. 75.
2865 25. 75.
2866 25. 75.
2867 25. 75.
2868 25. 75.
2869 25. 75.
2870 25. 75.
2871 25. 75.
2872 25. 75.
2873 25. 75.
2874 25. 75.
2875 25. 75.
2876 25. 75.
2877 25. 75.
2878 26. 74.
2879 26. 74.
2880 26. 74.
2881 25. 75.
2882 25. 75.
2883 25. 75.
2884 26. 74.
2885 26. 74.
2886 26. 74.
2887 26. 74.
2888 26. 74.
2889 26. 74.
2890 26. 74.
2891 26. 74.
2892 26. 74.
2893 25. 75.
2894 25. 75.
2895 24. 76.
2896 24. 76.
2897 24. 76.
2898 24. 76.
2899 24. 76.
2900 24. 76.
2901 24. 76.
2902 24. 76.
2903 24. 76.
2904 24. 76.
2905 24. 76.
2906 24. 76.
2907 24. 76.
2908 24. 76.
2909 24. 76.
2910 24. 76.
2911 24. 76.
2912 24. 76.
2913 24. 76.
2914 23. 77.
2915 24. 76.
2916 24. 76.
2917 24. 76.
2918 25. 75.
2919 25. 75.
2920 25. 75.
2921 25. 75.
2922 25. 75.
2923 25. 75.
2924 25. 75.
2925 25. 75.
2926 25. 75.
2927 25. 75.
2928 25. 75.
2929 25. 75.
2930 25. 75.
2931 25. 75.
2932 25. 75.
2933 25. 75.
2934 24. 76.
2935 24. 76.
2936 24. 76.
2937 24. 76.
2938 24. 76.
2939 24. 76.
2940 24. 76.
2941 24. 76.
2942 24. 76.
2943 24. 76.
2944 24. 76.
2945 23. 77.
2946 23. 77.
2947 23. 77.
2948 23. 77.
2949 23. 77.
2950 23. 77.
2951 23. 77.
2952 23. 77.
2953 23. 77.
2954 22. 78.
2955 22. 78.
2956 22. 78.
2957 22. 78.
2958 21. 79.
2959 21. 79.
2960 20. 80.
2961 20. 80.
2962 20. 80.
2963 21. 79.
2964 21. 79.
2965 21. 79.
2966 22. 78.
2967 22. 78.
2968 21. 79.
2969 22. 78.
2970 22. 78.
2971 23. 77.
2972 23. 77.
2973 23. 77.
2974 23. 77.
2975 23. 77.
2976 23. 77.
2977 24. 76.
2978 24. 76.
2979 24. 76.
2980 24. 76.
2981 24. 76.
2982 24. 76.
2983 24. 76.
2984 24. 76.
2985 24. 76.
2986 23. 77.
2987 23. 77.
2988 23. 77.
2989 23. 77.
2990 22. 78.
2991 21. 79.
2992 21. 79.
2993 21. 79.
2994 21. 79.
2995 21. 79.
2996 21. 79.
2997 22. 78.
2998 22. 78.
2999 22. 78.
3000 21. 79.
3001 21. 79.
3002 21. 79.
3003 20. 80.
3004 19. 81.
3005 19. 81.
3006 19. 81.
3007 19. 81.
3008 19. 81.
3009 19. 81.
3010 19. 81.
3011 19. 81.
3012 19. 81.
3013 19. 81.
3014 19. 81.
3015 19. 81.
3016 19. 81.
3017 19. 81.
3018 19. 81.
3019 20. 80.
3020 20. 80.
3021 21. 79.
3022 21. 79.
3023 21. 79.
3024 21. 79.
3025 21. 79.
3026 21. 79.
3027 21. 79.
3028 21. 79.
3029 21. 79.
3030 21. 79.
3031 21. 79.
3032 21. 79.
3033 22. 78.
3034 21. 79.
3035 21. 79.
3036 20. 80.
3037 20. 80.
3038 20. 80.
3039 19. 81.
3040 19. 81.
3041 19. 81.
3042 19. 81.
3043 19. 81.
3044 19. 81.
3045 19. 81.
3046 19. 81.
3047 19. 81.
3048 19. 81.
3049 19. 81.
3050 19. 81.
3051 19. 81.
3052 19. 81.
3053 18. 82.
3054 18. 82.
3055 19. 81.
3056 19. 81.
3057 19. 81.
3058 19. 81.
3059 19. 81.
3060 20. 80.
3061 20. 80.
3062 20. 80.
3063 20. 80.
3064 20. 80.
3065 20. 80.
3066 20. 80.
3067 19. 81.
3068 19. 81.
3069 19. 81.
3070 19. 81.
3071 19. 81.
3072 19. 81.
3073 19. 81.
3074 19. 81.
3075 19. 81.
3076 19. 81.
3077 18. 82.
3078 18. 82.
3079 18. 82.
3080 18. 82.
3081 18. 82.
3082 18. 82.
3083 18. 82.
3084 18. 82.
3085 18. 82.
3086 17. 83.
3087 17. 83.
3088 18. 82.
3089 18. 82.
3090 18. 82.
3091 19. 81.
3092 19. 81.
3093 19. 81.
3094 19. 81.
3095 19. 81.
3096 19. 81.
3097 19. 81.
3098 19. 81.
3099 19. 81.
3100 19. 81.
3101 19. 81.
3102 19. 81.
3103 19. 81.
3104 19. 81.
3105 19. 81.
3106 19. 81.
3107 19. 81.
3108 19. 81.
3109 19. 81.
3110 18. 82.
3111 18. 82.
3112 18. 82.
3113 18. 82.
3114 18. 82.
3115 18. 82.
3116 18. 82.
3117 18. 82.
3118 18. 82.
3119 18. 82.
3120 18. 82.
3121 18. 82.
3122 18. 82.
3123 18. 82.
3124 18. 82.
3125 17. 83.
3126 17. 83.
3127 17. 83.
3128 17. 83.
3129 17. 83.
3130 17. 83.
3131 17. 83.
3132 17. 83.
3133 17. 83.
3134 17. 83.
3135 17. 83.
3136 17. 83.
3137 17. 83.
3138 17. 83.
3139 17. 83.
3140 17. 83.
3141 17. 83.
3142 17. 83.
3143 17. 83.
3144 17. 83.
3145 17. 83.
3146 17. 83.
3147 16. 84.
3148 17. 83.
3149 17. 83.
3150 17. 83.
3151 17. 83.
3152 18. 82.
3153 18. 82.
3154 18. 82.
3155 18. 82.
3156 19. 81.
3157 19. 81.
3158 19. 81.
3159 19. 81.
3160 19. 81.
3161 19. 81.
3162 19. 81.
3163 19. 81.
3164 19. 81.
3165 19. 81.
3166 19. 81.
3167 20. 80.
3168 20. 80.
3169 20. 80.
3170 20. 80.
3171 20. 80.
3172 20. 80.
3173 20. 80.
3174 19. 81.
3175 19. 81.
3176 19. 81.
3177 19. 81.
3178 19. 81.
3179 19. 81.
3180 19. 81.
3181 19. 81.
3182 19. 81.
3183 19. 81.
3184 19. 81.
3185 19. 81.
3186 19. 81.
3187 19. 81.
3188 19. 81.
3189 20. 80.
3190 20. 80.
3191 20. 80.
3192 20. 80.
3193 20. 80.
3194 20. 80.
3195 20. 80.
3196 20. 80.
3197 19. 81.
3198 19. 81.
3199 19. 81.
3200 18. 82.
3201 18. 82.
3202 18. 82.
3203 18. 82.
3204 19. 81.
3205 19. 81.
3206 19. 81.
3207 19. 81.
3208 19. 81.
3209 19. 81.
3210 19. 81.
3211 19. 81.
3212 19. 81.
3213 19. 81.
3214 19. 81.
3215 19. 81.
3216 19. 81.
3217 19. 81.
3218 19. 81.
3219 19. 81.
3220 19. 81.
3221 19. 81.
3222 20. 80.
3223 20. 80.
3224 19. 81.
3225 19. 81.
3226 19. 81.
3227 19. 81.
3228 19. 81.
3229 19. 81.
3230 19. 81.
3231 20. 80.
3232 20. 80.
3233 20. 80.
3234 20. 80.
3235 20. 80.
3236 19. 81.
3237 19. 81.
3238 20. 80.
3239 20. 80.
3240 20. 80.
3241 20. 80.
3242 20. 80.
3243 20. 80.
3244 20. 80.
3245 20. 80.
3246 19. 81.
3247 19. 81.
3248 20. 80.
3249 20. 80.
3250 20. 80.
3251 21. 79.
3252 21. 79.
3253 21. 79.
3254 21. 79.
3255 21. 79.
3256 21. 79.
3257 21. 79.
3258 21. 79.
3259 20. 80.
3260 20. 80.
3261 21. 79.
3262 21. 79.
3263 21. 79.
3264 21. 79.
3265 22. 78.
3266 22. 78.
3267 23. 77.
3268 22. 78.
3269 23. 77.
3270 23. 77.
3271 23. 77.
3272 23. 77.
3273 23. 77.
3274 23. 77.
3275 23. 77.
3276 23. 77.
3277 23. 77.
3278 23. 77.
3279 23. 77.
3280 23. 77.
3281 23. 77.
3282 23. 77.
3283 23. 77.
3284 23. 77.
3285 23. 77.
3286 23. 77.
3287 23. 77.
3288 23. 77.
3289 24. 76.
3290 24. 76.
3291 24. 76.
3292 24. 76.
3293 23. 77.
3294 23. 77.
3295 23. 77.
3296 23. 77.
3297 22. 78.
3298 22. 78.
3299 22. 78.
3300 22. 78.
3301 22. 78.
3302 22. 78.
3303 22. 78.
3304 22. 78.
3305 22. 78.
3306 22. 78.
3307 22. 78.
3308 22. 78.
3309 22. 78.
3310 21. 79.
3311 21. 79.
3312 21. 79.
3313 21. 79.
3314 21. 79.
3315 21. 79.
3316 21. 79.
3317 21. 79.
3318 21. 79.
3319 21. 79.
3320 21. 79.
3321 21. 79.
3322 21. 79.
3323 21. 79.
3324 21. 79.
3325 21. 79.
3326 21. 79.
3327 21. 79.
3328 21. 79.
3329 21. 79.
3330 21. 79.
3331 21. 79.
3332 21. 79.
3333 21. 79.
3334 21. 79.
3335 20. 80.
3336 20. 80.
3337 20. 80.
3338 20. 80.
3339 20. 80.
3340 20. 80.
3341 20. 80.
3342 21. 79.
3343 21. 79.
3344 21. 79.
3345 21. 79.
3346 22. 78.
3347 22. 78.
3348 22. 78.
3349 22. 78.
3350 22. 78.
3351 22. 78.
3352 22. 78.
3353 22. 78.
3354 22. 78.
3355 21. 79.
3356 21. 79.
3357 21. 79.
3358 21. 79.
3359 21. 79.
3360 20. 80.
3361 20. 80.
3362 20. 80.
3363 20. 80.
3364 20. 80.
3365 20. 80.
3366 20. 80.
3367 20. 80.
3368 20. 80.
3369 20. 80.
3370 20. 80.
3371 21. 79.
3372 21. 79.
3373 21. 79.
3374 21. 79.
3375 21. 79.
3376 21. 79.
3377 21. 79.
3378 20. 80.
3379 20. 80.
3380 20. 80.
3381 20. 80.
3382 20. 80.
3383 20. 80.
3384 20. 80.
3385 21. 79.
3386 21. 79.
3387 21. 79.
3388 21. 79.
3389 21. 79.
3390 20. 80.
3391 20. 80.
3392 20. 80.
3393 20. 80.
3394 20. 80.
3395 20. 80.
3396 20. 80.
3397 20. 80.
3398 20. 80.
3399 20. 80.
3400 20. 80.
3401 20. 80.
3402 20. 80.
3403 21. 79.
3404 21. 79.
3405 21. 79.
3406 21. 79.
3407 22. 78.
3408 22. 78.
3409 22. 78.
3410 22. 78.
3411 21. 79.
3412 21. 79.
3413 22. 78.
3414 21. 79.
3415 21. 79.
3416 21. 79.
3417 21. 79.
3418 21. 79.
3419 21. 79.
3420 21. 79.
3421 21. 79.
3422 21. 79.
3423 21. 79.
3424 21. 79.
3425 21. 79.
3426 21. 79.
3427 21. 79.
3428 22. 78.
3429 22. 78.
3430 22. 78.
3431 22. 78.
3432 22. 78.
3433 22. 78.
3434 22. 78.
3435 23. 77.
3436 23. 77.
3437 23. 77.
3438 23. 77.
3439 23. 77.
3440 23. 77.
3441 23. 77.
3442 23. 77.
3443 23. 77.
3444 23. 77.
3445 23. 77.
3446 23. 77.
3447 23. 77.
3448 23. 77.
3449 23. 77.
3450 23. 77.
3451 23. 77.
3452 23. 77.
3453 23. 77.
3454 23. 77.
3455 22. 78.
3456 22. 78.
3457 22. 78.
3458 22. 78.
3459 22. 78.
3460 22. 78.
3461 22. 78.
3462 22. 78.
3463 22. 78.
3464 22. 78.
3465 22. 78.
3466 22. 78.
3467 21. 79.
3468 21. 79.
3469 21. 79.
3470 21. 79.
3471 21. 79.
3472 21. 79.
3473 21. 79.
3474 21. 79.
3475 20. 80.
3476 20. 80.
3477 20. 80.
3478 20. 80.
3479 20. 80.
3480 20. 80.
3481 20. 80.
3482 20. 80.
3483 20. 80.
3484 20. 80.
3485 20. 80.
3486 20. 80.
3487 20. 80.
3488 20. 80.
3489 20. 80.
3490 20. 80.
3491 21. 79.
3492 21. 79.
3493 21. 79.
3494 21. 79.
3495 21. 79.
3496 21. 79.
3497 20. 80.
3498 20. 80.
3499 20. 80.
3500 20. 80.
3501 19. 81.
3502 19. 81.
3503 19. 81.
3504 19. 81.
3505 20. 80.
3506 20. 80.
3507 20. 80.
3508 21. 79.
3509 21. 79.
3510 21. 79.
3511 21. 79.
3512 21. 79.
3513 21. 79.
3514 21. 79.
3515 21. 79.
3516 21. 79.
3517 20. 80.
3518 20. 80.
3519 20. 80.
3520 20. 80.
3521 20. 80.
3522 20. 80.
3523 20. 80.
3524 20. 80.
3525 20. 80.
3526 20. 80.
3527 20. 80.
3528 20. 80.
3529 20. 80.
3530 20. 80.
3531 21. 79.
3532 21. 79.
3533 21. 79.
3534 21. 79.
3535 21. 79.
3536 21. 79.
3537 21. 79.
3538 21. 79.
3539 21. 79.
3540 20. 80.
3541 20. 80.
3542 20. 80.
3543 20. 80.
3544 19. 81.
3545 19. 81.
3546 19. 81.
3547 19. 81.
3548 19. 81.
3549 19. 81.
3550 19. 81.
3551 20. 80.
3552 20. 80.
3553 21. 79.
3554 21. 79.
3555 21. 79.
3556 21. 79.
3557 20. 80.
3558 20. 80.
3559 20. 80.
3560 20. 80.
3561 20. 80.
3562 20. 80.
3563 20. 80.
3564 20. 80.
3565 20. 80.
3566 20. 80.
3567 20. 80.
3568 20. 80.
3569 20. 80.
3570 21. 79.
3571 21. 79.
3572 21. 79.
3573 21. 79.
3574 21. 79.
3575 20. 80.
3576 19. 81.
3577 19. 81.
3578 19. 81.
3579 19. 81.
3580 19. 81.
3581 19. 81.
3582 19. 81.
3583 19. 81.
3584 19. 81.
3585 20. 80.
3586 20. 80.
3587 20. 80.
3588 20. 80.
3589 20. 80.
3590 20. 80.
3591 20. 80.
3592 20. 80.
3593 19. 81.
3594 19. 81.
3595 19. 81.
3596 19. 81.
3597 19. 81.
3598 19. 81.
3599 18. 82.
3600 18. 82.
3601 18. 82.
3602 18. 82.
3603 18. 82.
3604 18. 82.
3605 18. 82.
3606 18. 82.
3607 18. 82.
3608 17. 83.
3609 16. 84.
3610 16. 84.
3611 16. 84.
3612 16. 84.
3613 16. 84.
3614 16. 84.
3615 15. 85.
3616 15. 85.
3617 15. 85.
3618 15. 85.
3619 16. 84.
3620 16. 84.
3621 16. 84.
3622 16. 84.
3623 16. 84.
3624 16. 84.
3625 16. 84.
3626 16. 84.
3627 16. 84.
3628 16. 84.
3629 16. 84.
3630 16. 84.
3631 17. 83.
3632 17. 83.
3633 17. 83.
3634 17. 83.
3635 17. 83.
3636 17. 83.
3637 17. 83.
3638 17. 83.
3639 18. 82.
3640 18. 82.
3641 18. 82.
3642 18. 82.
3643 18. 82.
3644 18. 82.
3645 18. 82.
3646 18. 82.
3647 18. 82.
3648 18. 82.
3649 18. 82.
3650 18. 82.
3651 18. 82.
3652 18. 82.
3653 18. 82.
3654 18. 82.
3655 18. 82.
3656 18. 82.
3657 18. 82.
3658 18. 82.
3659 18. 82.
3660 18. 82.
3661 18. 82.
3662 18. 82.
3663 18. 82.
3664 18. 82.
3665 17. 83.
3666 17. 83.
3667 17. 83.
3668 17. 83.
3669 17. 83.
3670 17. 83.
3671 17. 83.
3672 17. 83.
3673 17. 83.
3674 17. 83.
3675 17. 83.
3676 17. 83.
3677 17. 83.
3678 17. 83.
3679 17. 83.
3680 17. 83.
3681 17. 83.
3682 17. 83.
3683 17. 83.
3684 17. 83.
3685 17. 83.
3686 17. 83.
3687 17. 83.
3688 17. 83.
3689 17. 83.
3690 17. 83.
3691 17. 83.
3692 17. 83.
3693 17. 83.
3694 17. 83.
3695 17. 83.
3696 17. 83.
3697 17. 83.
3698 17. 83.
3699 17. 83.
3700 17. 83.
3701 18. 82.
3702 18. 82.
3703 18. 82.
3704 18. 82.
3705 18. 82.
3706 18. 82.
3707 19. 81.
3708 18. 82.
3709 18. 82.
3710 18. 82.
3711 18. 82.
3712 17. 83.
3713 17. 83.
3714 17. 83.
3715 17. 83.
3716 17. 83.
3717 18. 82.
3718 18. 82.
3719 17. 83.
3720 17. 83.
3721 16. 84.
3722 16. 84.
3723 16. 84.
3724 16. 84.
3725 16. 84.
3726 16. 84.
3727 16. 84.
3728 16. 84.
3729 16. 84.
3730 17. 83.
3731 17. 83.
3732 17. 83.
3733 17. 83.
3734 17. 83.
3735 17. 83.
3736 17. 83.
3737 17. 83.
3738 18. 82.
3739 18. 82.
3740 18. 82.
3741 18. 82.
3742 18. 82.
3743 18. 82.
3744 18. 82.
3745 18. 82.
3746 18. 82.
3747 18. 82.
3748 18. 82.
3749 18. 82.
3750 18. 82.
3751 18. 82.
3752 18. 82.
3753 18. 82.
3754 18. 82.
3755 17. 83.
3756 16. 84.
3757 16. 84.
3758 16. 84.
3759 17. 83.
3760 17. 83.
3761 17. 83.
3762 17. 83.
3763 17. 83.
3764 17. 83.
3765 17. 83.
3766 17. 83.
3767 17. 83.
3768 17. 83.
3769 17. 83.
3770 17. 83.
3771 17. 83.
3772 17. 83.
3773 18. 82.
3774 18. 82.
3775 18. 82.
3776 17. 83.
3777 17. 83.
3778 17. 83.
3779 17. 83.
3780 17. 83.
3781 17. 83.
3782 17. 83.
3783 18. 82.
3784 18. 82.
3785 19. 81.
3786 19. 81.
3787 19. 81.
3788 19. 81.
3789 19. 81.
3790 19. 81.
3791 19. 81.
3792 19. 81.
3793 19. 81.
3794 19. 81.
3795 19. 81.
3796 19. 81.
3797 19. 81.
3798 19. 81.
3799 19. 81.
3800 19. 81.
3801 19. 81.
3802 18. 82.
3803 18. 82.
3804 17. 83.
3805 17. 83.
3806 17. 83.
3807 17. 83.
3808 17. 83.
3809 17. 83.
3810 17. 83.
3811 17. 83.
3812 17. 83.
3813 17. 83.
3814 17. 83.
3815 17. 83.
3816 17. 83.
3817 17. 83.
3818 17. 83.
3819 17. 83.
3820 17. 83.
3821 17. 83.
3822 17. 83.
3823 18. 82.
3824 18. 82.
3825 17. 83.
3826 17. 83.
3827 17. 83.
3828 17. 83.
3829 17. 83.
3830 17. 83.
3831 17. 83.
3832 17. 83.
3833 17. 83.
3834 17. 83.
3835 17. 83.
3836 17. 83.
3837 17. 83.
3838 17. 83.
3839 17. 83.
3840 17. 83.
3841 17. 83.
3842 17. 83.
3843 17. 83.
3844 17. 83.
3845 17. 83.
3846 17. 83.
3847 17. 83.
3848 17. 83.
3849 17. 83.
3850 18. 82.
3851 18. 82.
3852 18. 82.
3853 18. 82.
3854 17. 83.
3855 17. 83.
3856 17. 83.
3857 17. 83.
3858 17. 83.
3859 17. 83.
3860 17. 83.
3861 17. 83.
3862 17. 83.
3863 17. 83.
3864 17. 83.
3865 17. 83.
3866 17. 83.
3867 17. 83.
3868 17. 83.
3869 17. 83.
3870 16. 84.
3871 16. 84.
3872 16. 84.
3873 16. 84.
3874 16. 84.
3875 16. 84.
3876 16. 84.
3877 16. 84.
3878 16. 84.
3879 16. 84.
3880 17. 83.
3881 17. 83.
3882 17. 83.
3883 17. 83.
3884 17. 83.
3885 18. 82.
3886 18. 82.
3887 18. 82.
3888 18. 82.
3889 18. 82.
3890 18. 82.
3891 18. 82.
3892 18. 82.
3893 18. 82.
3894 18. 82.
3895 17. 83.
3896 16. 84.
3897 16. 84.
3898 16. 84.
3899 16. 84.
3900 15. 85.
3901 15. 85.
3902 15. 85.
3903 15. 85.
3904 15. 85.
3905 15. 85.
3906 15. 85.
3907 15. 85.
3908 15. 85.
3909 15. 85.
3910 15. 85.
3911 15. 85.
3912 15. 85.
3913 15. 85.
3914 15. 85.
3915 14. 86.
3916 15. 85.
3917 15. 85.
3918 15. 85.
3919 15. 85.
3920 15. 85.
3921 15. 85.
3922 15. 85.
3923 15. 85.
3924 15. 85.
3925 15. 85.
3926 15. 85.
3927 15. 85.
3928 15. 85.
3929 15. 85.
3930 16. 84.
3931 16. 84.
3932 16. 84.
3933 16. 84.
3934 16. 84.
3935 16. 84.
3936 16. 84.
3937 16. 84.
3938 16. 84.
3939 16. 84.
3940 16. 84.
3941 16. 84.
3942 16. 84.
3943 16. 84.
3944 16. 84.
3945 16. 84.
3946 16. 84.
3947 16. 84.
3948 16. 84.
3949 16. 84.
3950 15. 85.
3951 15. 85.
3952 15. 85.
3953 15. 85.
3954 15. 85.
3955 15. 85.
3956 15. 85.
3957 15. 85.
3958 15. 85.
3959 15. 85.
3960 15. 85.
3961 15. 85.
3962 15. 85.
3963 15. 85.
3964 14. 86.
3965 14. 86.
3966 14. 86.
3967 14. 86.
3968 14. 86.
3969 14. 86.
3970 14. 86.
3971 13. 87.
3972 14. 86.
3973 13. 87.
3974 13. 87.
3975 13. 87.
3976 14. 86.
3977 14. 86.
3978 14. 86.
3979 14. 86.
3980 14. 86.
3981 14. 86.
3982 14. 86.
3983 14. 86.
3984 14. 86.
3985 14. 86.
3986 14. 86.
3987 14. 86.
3988 14. 86.
3989 14. 86.
3990 14. 86.
3991 14. 86.
3992 14. 86.
3993 14. 86.
3994 14. 86.
3995 14. 86.
3996 14. 86.
3997 13. 87.
3998 13. 87.
3999 13. 87.
4000 13. 87.
4001 13. 87.
4002 13. 87.
4003 13. 87.
4004 13. 87.
4005 13. 87.
4006 13. 87.
4007 13. 87.
4008 13. 87.
4009 13. 87.
4010 13. 87.
4011 13. 87.
4012 13. 87.
4013 13. 87.
4014 13. 87.
4015 13. 87.
4016 13. 87.
4017 13. 87.
4018 13. 87.
4019 12. 88.
4020 12. 88.
4021 12. 88.
4022 12. 88.
4023 12. 88.
4024 12. 88.
4025 11. 89.
4026 11. 89.
4027 11. 89.
4028 11. 89.
4029 11. 89.
4030 11. 89.
4031 11. 89.
4032 11. 89.
4033 11. 89.
4034 11. 89.
4035 11. 89.
4036 11. 89.
4037 11. 89.
4038 11. 89.
4039 11. 89.
4040 11. 89.
4041 11. 89.
4042 10. 90.
4043 10. 90.
4044 10. 90.
4045 10. 90.
4046 10. 90.
4047 10. 90.
4048 10. 90.
4049 10. 90.
4050 10. 90.
4051 10. 90.
4052 10. 90.
4053 10. 90.
4054 10. 90.
4055 10. 90.
4056 10. 90.
4057 10. 90.
4058 10. 90.
4059 10. 90.
4060 10. 90.
4061 10. 90.
4062 9. 91.
4063 9. 91.
4064 9. 91.
4065 9. 91.
4066 10. 90.
4067 10. 90.
4068 10. 90.
4069 10. 90.
4070 10. 90.
4071 10. 90.
4072 10. 90.
4073 10. 90.
4074 10. 90.
4075 10. 90.
4076 10. 90.
4077 10. 90.
4078 10. 90.
4079 10. 90.
4080 10. 90.
4081 10. 90.
4082 10. 90.
4083 9. 91.
4084 9. 91.
4085 9. 91.
4086 9. 91.
4087 9. 91.
4088 9. 91.
4089 9. 91.
4090 9. 91.
4091 9. 91.
4092 9. 91.
4093 9. 91.
4094 9. 91.
4095 9. 91.
4096 10. 90.
4097 10. 90.
4098 10. 90.
4099 10. 90.
4100 10. 90.
4101 10. 90.
4102 10. 90.
4103 10. 90.
4104 10. 90.
4105 10. 90.
4106 9. 91.
4107 9. 91.
4108 9. 91.
4109 9. 91.
4110 9. 91.
4111 9. 91.
4112 9. 91.
4113 9. 91.
4114 9. 91.
4115 9. 91.
4116 9. 91.
4117 9. 91.
4118 9. 91.
4119 9. 91.
4120 9. 91.
4121 9. 91.
4122 9. 91.
4123 9. 91.
4124 9. 91.
4125 9. 91.
4126 9. 91.
4127 9. 91.
4128 9. 91.
4129 9. 91.
4130 8. 92.
4131 8. 92.
4132 8. 92.
4133 8. 92.
4134 8. 92.
4135 8. 92.
4136 8. 92.
4137 8. 92.
4138 8. 92.
4139 8. 92.
4140 8. 92.
4141 8. 92.
4142 8. 92.
4143 8. 92.
4144 8. 92.
4145 8. 92.
4146 8. 92.
4147 8. 92.
4148 8. 92.
4149 8. 92.
4150 8. 92.
4151 8. 92.
4152 8. 92.
4153 8. 92.
4154 8. 92.
4155 8. 92.
4156 8. 92.
4157 8. 92.
4158 8. 92.
4159 7. 93.
4160 7. 93.
4161 7. 93.
4162 7. 93.
4163 7. 93.
4164 7. 93.
4165 7. 93.
4166 7. 93.
4167 7. 93.
4168 7. 93.
4169 7. 93.
4170 7. 93.
4171 7. 93.
4172 7. 93.
4173 7. 93.
4174 7. 93.
4175 7. 93.
4176 7. 93.
4177 7. 93.
4178 7. 93.
4179 7. 93.
4180 6. 94.
4181 6. 94.
4182 6. 94.
4183 6. 94.
4184 6. 94.
4185 6. 94.
4186 6. 94.
4187 6. 94.
4188 6. 94.
4189 6. 94.
4190 6. 94.
4191 6. 94.
4192 6. 94.
4193 6. 94.
4194 6. 94.
4195 6. 94.
4196 6. 94.
4197 6. 94.
4198 6. 94.
4199 6. 94.
4200 5. 95.
4201 5. 95.
4202 5. 95.
4203 5. 95.
4204 5. 95.
4205 4. 96.
4206 4. 96.
4207 5. 95.
4208 5. 95.
4209 5. 95.
4210 5. 95.
4211 5. 95.
4212 5. 95.
4213 5. 95.
4214 5. 95.
4215 5. 95.
4216 5. 95.
4217 5. 95.
4218 5. 95.
4219 5. 95.
4220 5. 95.
4221 5. 95.
4222 5. 95.
4223 5. 95.
4224 5. 95.
4225 6. 94.
4226 6. 94.
4227 6. 94.
4228 5. 95.
4229 5. 95.
4230 5. 95.
4231 5. 95.
4232 5. 95.
4233 5. 95.
4234 5. 95.
4235 5. 95.
4236 5. 95.
4237 6. 94.
4238 6. 94.
4239 6. 94.
4240 6. 94.
4241 6. 94.
4242 6. 94.
4243 6. 94.
4244 6. 94.
4245 6. 94.
4246 6. 94.
4247 6. 94.
4248 6. 94.
4249 6. 94.
4250 5. 95.
4251 5. 95.
4252 5. 95.
4253 4. 96.
4254 4. 96.
4255 4. 96.
4256 4. 96.
4257 4. 96.
4258 4. 96.
4259 4. 96.
4260 4. 96.
4261 4. 96.
4262 4. 96.
4263 4. 96.
4264 4. 96.
4265 5. 95.
4266 5. 95.
4267 5. 95.
4268 5. 95.
4269 5. 95.
4270 5. 95.
4271 5. 95.
4272 5. 95.
4273 6. 94.
4274 6. 94.
4275 5. 95.
4276 5. 95.
4277 5. 95.
4278 5. 95.
4279 4. 96.
4280 4. 96.
4281 4. 96.
4282 4. 96.
4283 4. 96.
4284 4. 96.
4285 4. 96.
4286 4. 96.
4287 4. 96.
4288 4. 96.
4289 4. 96.
4290 4. 96.
4291 4. 96.
4292 4. 96.
4293 4. 96.
4294 4. 96.
4295 4. 96.
4296 5. 95.
4297 5. 95.
4298 5. 95.
4299 5. 95.
4300 5. 95.
4301 5. 95.
4302 5. 95.
4303 5. 95.
4304 5. 95.
4305 5. 95.
4306 6. 94.
4307 6. 94.
4308 6. 94.
4309 6. 94.
4310 6. 94.
4311 6. 94.
4312 6. 94.
4313 5. 95.
4314 5. 95.
4315 5. 95.
4316 5. 95.
4317 5. 95.
4318 5. 95.
4319 5. 95.
4320 5. 95.
4321 5. 95.
4322 5. 95.
4323 5. 95.
4324 5. 95.
4325 5. 95.
4326 5. 95.
4327 5. 95.
4328 5. 95.
4329 5. 95.
4330 5. 95.
4331 5. 95.
4332 5. 95.
4333 5. 95.
4334 5. 95.
4335 5. 95.
4336 5. 95.
4337 5. 95.
4338 5. 95.
4339 5. 95.
4340 5. 95.
4341 5. 95.
4342 5. 95.
4343 4. 96.
4344 4. 96.
4345 4. 96.
4346 4. 96.
4347 4. 96.
4348 4. 96.
4349 4. 96.
4350 4. 96.
4351 4. 96.
4352 4. 96.
4353 4. 96.
4354 4. 96.
4355 4. 96.
4356 4. 96.
4357 4. 96.
4358 4. 96.
4359 4. 96.
4360 4. 96.
4361 4. 96.
4362 4. 96.
4363 4. 96.
4364 4. 96.
4365 4. 96.
4366 4. 96.
4367 4. 96.
4368 4. 96.
4369 4. 96.
4370 4. 96.
4371 4. 96.
4372 4. 96.
4373 4. 96.
4374 4. 96.
4375 4. 96.
4376 4. 96.
4377 4. 96.
4378 4. 96.
4379 4. 96.
4380 5. 95.
4381 5. 95.
4382 5. 95.
4383 5. 95.
4384 5. 95.
4385 5. 95.
4386 5. 95.
4387 5. 95.
4388 5. 95.
4389 5. 95.
4390 5. 95.
4391 4. 96.
4392 4. 96.
4393 4. 96.
4394 4. 96.
4395 4. 96.
4396 4. 96.
4397 4. 96.
4398 4. 96.
4399 4. 96.
4400 4. 96.
4401 4. 96.
4402 4. 96.
4403 4. 96.
4404 4. 96.
4405 4. 96.
4406 4. 96.
4407 4. 96.
4408 5. 95.
4409 5. 95.
4410 6. 94.
4411 6. 94.
4412 6. 94.
4413 6. 94.
4414 6. 94.
4415 6. 94.
4416 6. 94.
4417 6. 94.
4418 6. 94.
4419 6. 94.
4420 6. 94.
4421 6. 94.
4422 6. 94.
4423 6. 94.
4424 6. 94.
4425 6. 94.
4426 6. 94.
4427 6. 94.
4428 6. 94.
4429 6. 94.
4430 6. 94.
4431 6. 94.
4432 6. 94.
4433 6. 94.
4434 6. 94.
4435 6. 94.
4436 6. 94.
4437 6. 94.
4438 6. 94.
4439 5. 95.
4440 5. 95.
4441 5. 95.
4442 5. 95.
4443 5. 95.
4444 5. 95.
4445 5. 95.
4446 5. 95.
4447 5. 95.
4448 5. 95.
4449 5. 95.
4450 5. 95.
4451 5. 95.
4452 5. 95.
4453 5. 95.
4454 5. 95.
4455 5. 95.
4456 5. 95.
4457 5. 95.
4458 5. 95.
4459 5. 95.
4460 5. 95.
4461 5. 95.
4462 5. 95.
4463 5. 95.
4464 5. 95.
4465 5. 95.
4466 5. 95.
4467 5. 95.
4468 5. 95.
4469 4. 96.
4470 4. 96.
4471 4. 96.
4472 4. 96.
4473 4. 96.
4474 4. 96.
4475 4. 96.
4476 5. 95.
4477 5. 95.
4478 5. 95.
4479 4. 96.
4480 4. 96.
4481 4. 96.
4482 3. 97.
4483 3. 97.
4484 3. 97.
4485 3. 97.
4486 3. 97.
4487 3. 97.
4488 3. 97.
4489 3. 97.
4490 3. 97.
4491 3. 97.
4492 4. 96.
4493 4. 96.
4494 4. 96.
4495 4. 96.
4496 4. 96.
4497 4. 96.
4498 4. 96.
4499 4. 96.
4500 4. 96.
4501 4. 96.
4502 4. 96.
4503 4. 96.
4504 4. 96.
4505 4. 96.
4506 4. 96.
4507 4. 96.
4508 4. 96.
4509 4. 96.
4510 4. 96.
4511 4. 96.
4512 4. 96.
4513 4. 96.
4514 4. 96.
4515 4. 96.
4516 4. 96.
4517 4. 96.
4518 4. 96.
4519 4. 96.
4520 4. 96.
4521 4. 96.
4522 4. 96.
4523 4. 96.
4524 4. 96.
4525 4. 96.
4526 4. 96.
4527 4. 96.
4528 4. 96.
4529 4. 96.
4530 4. 96.
4531 4. 96.
4532 4. 96.
4533 4. 96.
4534 4. 96.
4535 4. 96.
4536 4. 96.
4537 4. 96.
4538 4. 96.
4539 4. 96.
4540 4. 96.
4541 4. 96.
4542 4. 96.
4543 4. 96.
4544 4. 96.
4545 4. 96.
4546 4. 96.
4547 4. 96.
4548 4. 96.
4549 4. 96.
4550 4. 96.
4551 4. 96.
4552 4. 96.
4553 4. 96.
4554 4. 96.
4555 4. 96.
4556 4. 96.
4557 3. 97.
4558 3. 97.
4559 3. 97.
4560 3. 97.
4561 3. 97.
4562 3. 97.
4563 3. 97.
4564 3. 97.
4565 3. 97.
4566 3. 97.
4567 3. 97.
4568 3. 97.
4569 3. 97.
4570 3. 97.
4571 3. 97.
4572 3. 97.
4573 3. 97.
4574 3. 97.
4575 3. 97.
4576 3. 97.
4577 3. 97.
4578 3. 97.
4579 3. 97.
4580 3. 97.
4581 3. 97.
4582 3. 97.
4583 3. 97.
4584 4. 96.
4585 4. 96.
4586 4. 96.
4587 4. 96.
4588 3. 97.
4589 3. 97.
4590 3. 97.
4591 3. 97.
4592 3. 97.
4593 3. 97.
4594 3. 97.
4595 3. 97.
4596 3. 97.
4597 3. 97.
4598 3. 97.
4599 3. 97.
4600 3. 97.
4601 3. 97.
4602 3. 97.
4603 4. 96.
4604 4. 96.
4605 5. 95.
4606 5. 95.
4607 5. 95.
4608 5. 95.
4609 5. 95.
4610 5. 95.
4611 5. 95.
4612 5. 95.
4613 5. 95.
4614 5. 95.
4615 5. 95.
4616 5. 95.
4617 5. 95.
4618 5. 95.
4619 5. 95.
4620 5. 95.
4621 5. 95.
4622 5. 95.
4623 5. 95.
4624 5. 95.
4625 4. 96.
4626 4. 96.
4627 4. 96.
4628 4. 96.
4629 4. 96.
4630 4. 96.
4631 4. 96.
4632 4. 96.
4633 4. 96.
4634 4. 96.
4635 4. 96.
4636 4. 96.
4637 4. 96.
4638 4. 96.
4639 4. 96.
4640 4. 96.
4641 4. 96.
4642 4. 96.
4643 4. 96.
4644 4. 96.
4645 4. 96.
4646 4. 96.
4647 4. 96.
4648 4. 96.
4649 4. 96.
4650 4. 96.
4651 4. 96.
4652 4. 96.
4653 4. 96.
4654 4. 96.
4655 4. 96.
4656 4. 96.
4657 4. 96.
4658 4. 96.
4659 4. 96.
4660 4. 96.
4661 4. 96.
4662 4. 96.
4663 4. 96.
4664 4. 96.
4665 5. 95.
4666 5. 95.
4667 4. 96.
4668 4. 96.
4669 4. 96.
4670 4. 96.
4671 4. 96.
4672 4. 96.
4673 4. 96.
4674 4. 96.
4675 4. 96.
4676 4. 96.
4677 4. 96.
4678 4. 96.
4679 4. 96.
4680 4. 96.
4681 4. 96.
4682 4. 96.
4683 4. 96.
4684 4. 96.
4685 4. 96.
4686 4. 96.
4687 4. 96.
4688 4. 96.
4689 4. 96.
4690 3. 97.
4691 3. 97.
4692 3. 97.
4693 3. 97.
4694 4. 96.
4695 4. 96.
4696 4. 96.
4697 4. 96.
4698 4. 96.
4699 4. 96.
4700 4. 96.
4701 4. 96.
4702 4. 96.
4703 4. 96.
4704 4. 96.
4705 4. 96.
4706 4. 96.
4707 4. 96.
4708 4. 96.
4709 4. 96.
4710 4. 96.
4711 4. 96.
4712 4. 96.
4713 4. 96.
4714 4. 96.
4715 4. 96.
4716 4. 96.
4717 4. 96.
4718 4. 96.
4719 4. 96.
4720 4. 96.
4721 4. 96.
4722 4. 96.
4723 4. 96.
4724 4. 96.
4725 4. 96.
4726 4. 96.
4727 4. 96.
4728 4. 96.
4729 4. 96.
4730 4. 96.
4731 4. 96.
4732 4. 96.
4733 4. 96.
4734 4. 96.
4735 4. 96.
4736 4. 96.
4737 4. 96.
4738 4. 96.
4739 4. 96.
4740 4. 96.
4741 4. 96.
4742 4. 96.
4743 3. 97.
4744 3. 97.
4745 3. 97.
4746 3. 97.
4747 3. 97.
4748 3. 97.
4749 3. 97.
4750 3. 97.
4751 3. 97.
4752 3. 97.
4753 3. 97.
4754 3. 97.
4755 3. 97.
4756 3. 97.
4757 3. 97.
4758 3. 97.
4759 3. 97.
4760 3. 97.
4761 3. 97.
4762 3. 97.
4763 2. 98.
4764 2. 98.
4765 2. 98.
4766 2. 98.
4767 2. 98.
4768 2. 98.
4769 2. 98.
4770 2. 98.
4771 2. 98.
4772 2. 98.
4773 2. 98.
4774 2. 98.
4775 2. 98.
4776 2. 98.
4777 2. 98.
4778 2. 98.
4779 2. 98.
4780 2. 98.
4781 2. 98.
4782 2. 98.
4783 2. 98.
4784 2. 98.
4785 2. 98.
4786 2. 98.
4787 2. 98.
4788 2. 98.
4789 2. 98.
4790 2. 98.
4791 2. 98.
4792 2. 98.
4793 2. 98.
4794 2. 98.
4795 2. 98.
4796 2. 98.
4797 2. 98.
4798 2. 98.
4799 2. 98.
4800 2. 98.
4801 2. 98.
4802 2. 98.
4803 2. 98.
4804 2. 98.
4805 2. 98.
4806 2. 98.
4807 2. 98.
4808 2. 98.
4809 2. 98.
4810 2. 98.
4811 2. 98.
4812 2. 98.
4813 2. 98.
4814 2. 98.
4815 2. 98.
4816 2. 98.
4817 2. 98.
4818 2. 98.
4819 2. 98.
4820 2. 98.
4821 2. 98.
4822 2. 98.
4823 2. 98.
4824 2. 98.
4825 2. 98.
4826 2. 98.
4827 2. 98.
4828 2. 98.
4829 2. 98.
4830 2. 98.
4831 2. 98.
4832 2. 98.
4833 2. 98.
4834 2. 98.
4835 2. 98.
4836 2. 98.
4837 2. 98.
4838 2. 98.
4839 2. 98.
4840 2. 98.
4841 2. 98.
4842 2. 98.
4843 2. 98.
4844 2. 98.
4845 2. 98.
4846 2. 98.
4847 2. 98.
4848 2. 98.
4849 2. 98.
4850 2. 98.
4851 2. 98.
4852 2. 98.
4853 2. 98.
4854 2. 98.
4855 2. 98.
4856 2. 98.
4857 2. 98.
4858 2. 98.
4859 2. 98.
4860 2. 98.
4861 2. 98.
4862 2. 98.
4863 2. 98.
4864 2. 98.
4865 2. 98.
4866 2. 98.
4867 2. 98.
4868 3. 97.
4869 3. 97.
4870 3. 97.
4871 3. 97.
4872 3. 97.
4873 3. 97.
4874 3. 97.
4875 3. 97.
4876 3. 97.
4877 3. 97.
4878 3. 97.
4879 3. 97.
4880 3. 97.
4881 3. 97.
4882 4. 96.
4883 4. 96.
4884 4. 96.
4885 4. 96.
4886 4. 96.
4887 4. 96.
4888 4. 96.
4889 4. 96.
4890 4. 96.
4891 4. 96.
4892 4. 96.
4893 4. 96.
4894 4. 96.
4895 4. 96.
4896 4. 96.
4897 4. 96.
4898 4. 96.
4899 4. 96.
4900 4. 96.
4901 4. 96.
4902 4. 96.
4903 4. 96.
4904 4. 96.
4905 4. 96.
4906 4. 96.
4907 4. 96.
4908 4. 96.
4909 4. 96.
4910 4. 96.
4911 4. 96.
4912 4. 96.
4913 4. 96.
4914 4. 96.
4915 4. 96.
4916 4. 96.
4917 4. 96.
4918 4. 96.
4919 4. 96.
4920 4. 96.
4921 4. 96.
4922 4. 96.
4923 4. 96.
4924 4. 96.
4925 3. 97.
4926 3. 97.
4927 3. 97.
4928 3. 97.
4929 3. 97.
4930 3. 97.
4931 3. 97.
4932 3. 97.
4933 3. 97.
4934 3. 97.
4935 3. 97.
4936 3. 97.
4937 3. 97.
4938 2. 98.
4939 2. 98.
4940 2. 98.
4941 2. 98.
4942 2. 98.
4943 2. 98.
4944 2. 98.
4945 2. 98.
4946 2. 98.
4947 2. 98.
4948 3. 97.
4949 3. 97.
4950 3. 97.
4951 3. 97.
4952 3. 97.
4953 3. 97.
4954 3. 97.
4955 3. 97.
4956 3. 97.
4957 3. 97.
4958 3. 97.
4959 3. 97.
4960 3. 97.
4961 3. 97.
4962 3. 97.
4963 3. 97.
4964 3. 97.
4965 3. 97.
4966 3. 97.
4967 3. 97.
4968 3. 97.
4969 3. 97.
4970 3. 97.
4971 3. 97.
4972 3. 97.
4973 3. 97.
4974 3. 97.
4975 3. 97.
4976 3. 97.
4977 3. 97.
4978 3. 97.
4979 3. 97.
4980 3. 97.
4981 3. 97.
4982 3. 97.
4983 3. 97.
4984 3. 97.
4985 3. 97.
4986 3. 97.
4987 3. 97.
4988 3. 97.
4989 3. 97.
4990 3. 97.
4991 3. 97.
4992 3. 97.
4993 3. 97.
4994 3. 97.
4995 3. 97.
4996 3. 97.
4997 3. 97.
4998 3. 97.
4999 3. 97.
5000 3. 97.
5001 3. 97.
5002 3. 97.
5003 3. 97.
5004 3. 97.
5005 3. 97.
5006 3. 97.
5007 3. 97.
5008 3. 97.
5009 3. 97.
5010 3. 97.
5011 3. 97.
5012 3. 97.
5013 3. 97.
5014 3. 97.
5015 3. 97.
5016 3. 97.
5017 3. 97.
5018 3. 97.
5019 3. 97.
5020 3. 97.
5021 3. 97.
5022 3. 97.
5023 3. 97.
5024 3. 97.
5025 3. 97.
5026 3. 97.
5027 2. 98.
5028 2. 98.
5029 2. 98.
5030 2. 98.
5031 2. 98.
5032 2. 98.
5033 2. 98.
5034 2. 98.
5035 2. 98.
5036 2. 98.
5037 2. 98.
5038 2. 98.
5039 2. 98.
5040 2. 98.
5041 2. 98.
5042 2. 98.
5043 2. 98.
5044 2. 98.
5045 2. 98.
5046 2. 98.
5047 2. 98.
5048 2. 98.
5049 2. 98.
5050 2. 98.
5051 2. 98.
5052 2. 98.
5053 2. 98.
5054 2. 98.
5055 2. 98.
5056 2. 98.
5057 2. 98.
5058 2. 98.
5059 2. 98.
5060 2. 98.
5061 2. 98.
5062 2. 98.
5063 2. 98.
5064 2. 98.
5065 2. 98.
5066 2. 98.
5067 2. 98.
5068 2. 98.
5069 2. 98.
5070 2. 98.
5071 2. 98.
5072 2. 98.
5073 2. 98.
5074 2. 98.
5075 2. 98.
5076 2. 98.
5077 2. 98.
5078 2. 98.
5079 3. 97.
5080 3. 97.
5081 3. 97.
5082 3. 97.
5083 3. 97.
5084 3. 97.
5085 3. 97.
5086 3. 97.
5087 3. 97.
5088 3. 97.
5089 3. 97.
5090 3. 97.
5091 3. 97.
5092 3. 97.
5093 3. 97.
5094 3. 97.
5095 3. 97.
5096 3. 97.
5097 3. 97.
5098 3. 97.
5099 3. 97.
5100 3. 97.
5101 3. 97.
5102 3. 97.
5103 3. 97.
5104 3. 97.
5105 3. 97.
5106 3. 97.
5107 3. 97.
5108 3. 97.
5109 3. 97.
5110 3. 97.
5111 3. 97.
5112 3. 97.
5113 3. 97.
5114 3. 97.
5115 3. 97.
5116 3. 97.
5117 3. 97.
5118 3. 97.
5119 3. 97.
5120 3. 97.
5121 3. 97.
5122 2. 98.
5123 2. 98.
5124 2. 98.
5125 2. 98.
5126 2. 98.
5127 2. 98.
5128 2. 98.
5129 2. 98.
5130 2. 98.
5131 2. 98.
5132 2. 98.
5133 2. 98.
5134 2. 98.
5135 2. 98.
5136 2. 98.
5137 2. 98.
5138 1. 99.
5139 1. 99.
5140 1. 99.
5141 1. 99.
5142 1. 99.
5143 1. 99.
5144 1. 99.
5145 1. 99.
5146 1. 99.
5147 1. 99.
5148 1. 99.
5149 1. 99.
5150 1. 99.
5151 1. 99.
5152 1. 99.
5153 1. 99.
5154 1. 99.
5155 1. 99.
5156 1. 99.
5157 1. 99.
5158 1. 99.
5159 2. 98.
5160 2. 98.
5161 2. 98.
5162 2. 98.
5163 2. 98.
5164 2. 98.
5165 2. 98.
5166 2. 98.
5167 2. 98.
5168 2. 98.
5169 2. 98.
5170 2. 98.
5171 2. 98.
5172 2. 98.
5173 2. 98.
5174 2. 98.
5175 2. 98.
5176 2. 98.
5177 2. 98.
5178 2. 98.
5179 2. 98.
5180 2. 98.
5181 2. 98.
5182 2. 98.
5183 3. 97.
5184 3. 97.
5185 3. 97.
5186 3. 97.
5187 3. 97.
5188 2. 98.
5189 2. 98.
5190 2. 98.
5191 2. 98.
5192 3. 97.
5193 3. 97.
5194 3. 97.
5195 3. 97.
5196 3. 97.
5197 3. 97.
5198 3. 97.
5199 3. 97.
5200 3. 97.
5201 3. 97.
5202 3. 97.
5203 3. 97.
5204 3. 97.
5205 3. 97.
5206 3. 97.
5207 2. 98.
5208 2. 98.
5209 2. 98.
5210 2. 98.
5211 2. 98.
5212 2. 98.
5213 2. 98.
5214 2. 98.
5215 2. 98.
5216 2. 98.
5217 2. 98.
5218 2. 98.
5219 2. 98.
5220 2. 98.
5221 3. 97.
5222 3. 97.
5223 3. 97.
5224 3. 97.
5225 3. 97.
5226 3. 97.
5227 3. 97.
5228 3. 97.
5229 3. 97.
5230 3. 97.
5231 3. 97.
5232 3. 97.
5233 3. 97.
5234 3. 97.
5235 3. 97.
5236 3. 97.
5237 3. 97.
5238 3. 97.
5239 3. 97.
5240 3. 97.
5241 3. 97.
5242 3. 97.
5243 3. 97.
5244 3. 97.
5245 3. 97.
5246 3. 97.
5247 3. 97.
5248 3. 97.
5249 2. 98.
5250 2. 98.
5251 2. 98.
5252 2. 98.
5253 2. 98.
5254 2. 98.
5255 2. 98.
5256 2. 98.
5257 2. 98.
5258 2. 98.
5259 1. 99.
5260 1. 99.
5261 1. 99.
5262 1. 99.
5263 1. 99.
5264 1. 99.
5265 1. 99.
5266 1. 99.
5267 1. 99.
5268 1. 99.
5269 1. 99.
5270 1. 99.
5271 1. 99.
5272 1. 99.
5273 1. 99.
5274 1. 99.
5275 1. 99.
5276 1. 99.
5277 1. 99.
5278 1. 99.
5279 1. 99.
5280 1. 99.
5281 1. 99.
5282 1. 99.
5283 1. 99.
5284 1. 99.
5285 1. 99.
5286 1. 99.
5287 1. 99.
5288 1. 99.
5289 1. 99.
5290 1. 99.
5291 1. 99.
5292 1. 99.
5293 1. 99.
5294 1. 99.
5295 1. 99.
5296 1. 99.
5297 1. 99.
5298 1. 99.
5299 1. 99.
5300 1. 99.
5301 1. 99.
5302 1. 99.
5303 1. 99.
5304 1. 99.
5305 1. 99.
5306 1. 99.
5307 1. 99.
5308 1. 99.
5309 1. 99.
5310 1. 99.
5311 1. 99.
5312 1. 99.
5313 1. 99.
5314 1. 99.
5315 1. 99.
5316 1. 99.
5317 1. 99.
5318 1. 99.
5319 1. 99.
5320 1. 99.
5321 1. 99.
5322 1. 99.
5323 1. 99.
5324 1. 99.
5325 1. 99.
5326 1. 99.
5327 1. 99.
5328 1. 99.
5329 1. 99.
5330 1. 99.
5331 1. 99.
5332 1. 99.
5333 1. 99.
5334 1. 99.
5335 1. 99.
5336 1. 99.
5337 1. 99.
5338 1. 99.
5339 1. 99.
5340 1. 99.
5341 1. 99.
5342 1. 99.
5343 1. 99.
5344 1. 99.
5345 1. 99.
5346 1. 99.
5347 1. 99.
5348 1. 99.
5349 1. 99.
5350 1. 99.
5351 1. 99.
5352 1. 99.
5353 1. 99.
5354 1. 99.
5355 1. 99.
5356 1. 99.
5357 1. 99.
5358 1. 99.
5359 1. 99.
5360 1. 99.
5361 1. 99.
5362 1. 99.
5363 1. 99.
5364 1. 99.
5365 1. 99.
5366 1. 99.
5367 1. 99.
5368 1. 99.
5369 1. 99.
5370 1. 99.
5371 1. 99.
5372 1. 99.
5373 1. 99.
5374 1. 99.
5375 1. 99.
5376 1. 99.
5377 1. 99.
5378 1. 99.
5379 1. 99.
5380 1. 99.
5381 1. 99.
5382 1. 99.
5383 1. 99.
5384 1. 99.
5385 1. 99.
5386 1. 99.
5387 1. 99.
5388 1. 99.
5389 1. 99.
5390 1. 99.
5391 1. 99.
5392 1. 99.
5393 1. 99.
5394 1. 99.
5395 1. 99.
5396 1. 99.
5397 1. 99.
5398 1. 99.
5399 1. 99.
5400 1. 99.
5401 1. 99.
5402 1. 99.
5403 1. 99.
5404 1. 99.
5405 1. 99.
5406 1. 99.
5407 1. 99.
5408 1. 99.
5409 1. 99.
5410 1. 99.
5411 1. 99.
5412 1. 99.
5413 1. 99.
5414 1. 99.
5415 1. 99.
5416 1. 99.
5417 1. 99.
5418 1. 99.
5419 1. 99.
5420 1. 99.
5421 1. 99.
5422 1. 99.
5423 1. 99.
5424 1. 99.
5425 1. 99.
5426 1. 99.
5427 1. 99.
5428 1. 99.
5429 1. 99.
5430 2. 98.
5431 2. 98.
5432 2. 98.
5433 2. 98.
5434 2. 98.
5435 2. 98.
5436 2. 98.
5437 2. 98.
5438 2. 98.
5439 2. 98.
5440 2. 98.
5441 2. 98.
5442 2. 98.
5443 2. 98.
5444 2. 98.
5445 2. 98.
5446 2. 98.
5447 2. 98.
5448 2. 98.
5449 2. 98.
5450 2. 98.
5451 2. 98.
5452 2. 98.
5453 2. 98.
5454 2. 98.
5455 2. 98.
5456 2. 98.
5457 2. 98.
5458 2. 98.
5459 2. 98.
5460 2. 98.
5461 2. 98.
5462 2. 98.
5463 2. 98.
5464 2. 98.
5465 2. 98.
5466 2. 98.
5467 2. 98.
5468 2. 98.
5469 2. 98.
5470 2. 98.
5471 2. 98.
5472 2. 98.
5473 2. 98.
5474 2. 98.
5475 2. 98.
5476 2. 98.
5477 2. 98.
5478 2. 98.
5479 2. 98.
5480 2. 98.
5481 2. 98.
5482 2. 98.
5483 2. 98.
5484 2. 98.
5485 2. 98.
5486 2. 98.
5487 2. 98.
5488 2. 98.
5489 2. 98.
5490 2. 98.
5491 2. 98.
5492 2. 98.
5493 2. 98.
5494 2. 98.
5495 2. 98.
5496 2. 98.
5497 2. 98.
5498 2. 98.
5499 2. 98.
5500 2. 98.
5501 2. 98.
5502 2. 98.
5503 2. 98.
5504 3. 97.
5505 3. 97.
5506 2. 98.
5507 2. 98.
5508 2. 98.
5509 2. 98.
5510 2. 98.
5511 2. 98.
5512 2. 98.
5513 3. 97.
5514 3. 97.
5515 3. 97.
5516 3. 97.
5517 3. 97.
5518 3. 97.
5519 3. 97.
5520 3. 97.
5521 3. 97.
5522 3. 97.
5523 3. 97.
5524 3. 97.
5525 3. 97.
5526 3. 97.
5527 3. 97.
5528 3. 97.
5529 3. 97.
5530 3. 97.
5531 3. 97.
5532 3. 97.
5533 2. 98.
5534 2. 98.
5535 2. 98.
5536 2. 98.
5537 2. 98.
5538 2. 98.
5539 2. 98.
5540 2. 98.
5541 2. 98.
5542 2. 98.
5543 2. 98.
5544 2. 98.
5545 2. 98.
5546 2. 98.
5547 2. 98.
5548 2. 98.
5549 2. 98.
5550 2. 98.
5551 2. 98.
5552 2. 98.
5553 2. 98.
5554 2. 98.
5555 2. 98.
5556 2. 98.
5557 2. 98.
5558 2. 98.
5559 2. 98.
5560 2. 98.
5561 2. 98.
5562 2. 98.
5563 2. 98.
5564 2. 98.
5565 2. 98.
5566 2. 98.
5567 2. 98.
5568 2. 98.
5569 2. 98.
5570 2. 98.
5571 2. 98.
5572 2. 98.
5573 2. 98.
5574 2. 98.
5575 2. 98.
5576 2. 98.
5577 2. 98.
5578 2. 98.
5579 2. 98.
5580 2. 98.
5581 2. 98.
5582 2. 98.
5583 2. 98.
5584 2. 98.
5585 2. 98.
5586 2. 98.
5587 2. 98.
5588 2. 98.
5589 2. 98.
5590 2. 98.
5591 2. 98.
5592 2. 98.
5593 2. 98.
5594 2. 98.
5595 1. 99.
5596 1. 99.
5597 1. 99.
5598 1. 99.
5599 1. 99.
5600 1. 99.
5601 1. 99.
5602 1. 99.
5603 1. 99.
5604 1. 99.
5605 1. 99.
5606 1. 99.
5607 1. 99.
5608 1. 99.
5609 1. 99.
5610 1. 99.
5611 1. 99.
5612 1. 99.
5613 1. 99.
5614 1. 99.
5615 1. 99.
5616 1. 99.
5617 1. 99.
5618 1. 99.
5619 1. 99.
5620 1. 99.
5621 1. 99.
5622 1. 99.
5623 1. 99.
5624 1. 99.
5625 1. 99.
5626 1. 99.
5627 1. 99.
5628 1. 99.
5629 1. 99.
5630 1. 99.
5631 1. 99.
5632 1. 99.
5633 1. 99.
5634 1. 99.
5635 1. 99.
5636 1. 99.
5637 1. 99.
5638 1. 99.
5639 1. 99.
5640 1. 99.
5641 1. 99.
5642 1. 99.
5643 1. 99.
5644 1. 99.
5645 1. 99.
5646 1. 99.
5647 1. 99.
5648 1. 99.
5649 1. 99.
5650 1. 99.
5651 1. 99.
5652 1. 99.
5653 1. 99.
5654 1. 99.
5655 1. 99.
5656 1. 99.
5657 1. 99.
5658 1. 99.
5659 1. 99.
5660 1. 99.
5661 1. 99.
5662 1. 99.
5663 1. 99.
5664 1. 99.
5665 1. 99.
5666 1. 99.
5667 1. 99.
5668 1. 99.
5669 1. 99.
5670 1. 99.
5671 1. 99.
5672 1. 99.
5673 1. 99.
5674 1. 99.
5675 1. 99.
5676 1. 99.
5677 1. 99.
5678 1. 99.
5679 1. 99.
5680 1. 99.
5681 1. 99.
5682 1. 99.
5683 1. 99.
5684 1. 99.
5685 1. 99.
5686 1. 99.
5687 1. 99.
5688 1. 99.
5689 1. 99.
5690 1. 99.
5691 1. 99.
5692 1. 99.
5693 1. 99.
5694 1. 99.
5695 1. 99.
5696 1. 99.
5697 1. 99.
5698 1. 99.
5699 1. 99.
5700 1. 99.
5701 1. 99.
5702 1. 99.
5703 1. 99.
5704 1. 99.
5705 1. 99.
5706 1. 99.
5707 1. 99.
5708 1. 99.
5709 1. 99.
5710 1. 99.
5711 1. 99.
5712 1. 99.
5713 2. 98.
5714 2. 98.
5715 2. 98.
5716 2. 98.
5717 2. 98.
5718 2. 98.
5719 2. 98.
5720 2. 98.
5721 2. 98.
5722 2. 98.
5723 2. 98.
5724 2. 98.
5725 2. 98.
5726 2. 98.
5727 2. 98.
5728 2. 98.
5729 2. 98.
5730 2. 98.
5731 2. 98.
5732 2. 98.
5733 2. 98.
5734 2. 98.
5735 2. 98.
5736 2. 98.
5737 2. 98.
5738 2. 98.
5739 2. 98.
5740 2. 98.
5741 2. 98.
5742 2. 98.
5743 2. 98.
5744 2. 98.
5745 2. 98.
5746 2. 98.
5747 2. 98.
5748 2. 98.
5749 2. 98.
5750 2. 98.
5751 2. 98.
5752 2. 98.
5753 2. 98.
5754 2. 98.
5755 2. 98.
5756 2. 98.
5757 2. 98.
5758 2. 98.
5759 2. 98.
5760 2. 98.
5761 2. 98.
5762 2. 98.
5763 2. 98.
5764 2. 98.
5765 2. 98.
5766 2. 98.
5767 2. 98.
5768 2. 98.
5769 2. 98.
5770 2. 98.
5771 2. 98.
5772 2. 98.
5773 2. 98.
5774 2. 98.
5775 2. 98.
5776 2. 98.
5777 2. 98.
5778 2. 98.
5779 2. 98.
5780 2. 98.
5781 2. 98.
5782 2. 98.
5783 2. 98.
5784 2. 98.
5785 2. 98.
5786 2. 98.
5787 2. 98.
5788 2. 98.
5789 2. 98.
5790 2. 98.
5791 2. 98.
5792 2. 98.
5793 2. 98.
5794 2. 98.
5795 2. 98.
5796 2. 98.
5797 2. 98.
5798 2. 98.
5799 2. 98.
5800 2. 98.
5801 2. 98.
5802 2. 98.
5803 2. 98.
5804 2. 98.
5805 2. 98.
5806 2. 98.
5807 2. 98.
5808 2. 98.
5809 2. 98.
5810 2. 98.
5811 2. 98.
5812 2. 98.
5813 2. 98.
5814 2. 98.
5815 2. 98.
5816 2. 98.
5817 2. 98.
5818 2. 98.
5819 2. 98.
5820 2. 98.
5821 2. 98.
5822 2. 98.
5823 2. 98.
5824 2. 98.
5825 2. 98.
5826 1. 99.
5827 1. 99.
5828 1. 99.
5829 1. 99.
5830 1. 99.
5831 1. 99.
5832 1. 99.
5833 1. 99.
5834 1. 99.
5835 1. 99.
5836 1. 99.
5837 1. 99.
5838 1. 99.
5839 1. 99.
5840 1. 99.
5841 1. 99.
5842 1. 99.
5843 1. 99.
5844 1. 99.
5845 1. 99.
5846 1. 99.
5847 1. 99.
5848 1. 99.
5849 1. 99.
5850 1. 99.
5851 1. 99.
5852 1. 99.
5853 1. 99.
5854 1. 99.
5855 1. 99.
5856 1. 99.
5857 1. 99.
5858 1. 99.
5859 1. 99.
5860 1. 99.
5861 1. 99.
5862 1. 99.
5863 1. 99.
5864 1. 99.
5865 1. 99.
5866 1. 99.
5867 1. 99.
5868 1. 99.
5869 1. 99.
5870 1. 99.
5871 1. 99.
5872 1. 99.
5873 1. 99.
5874 1. 99.
5875 1. 99.
5876 1. 99.
5877 1. 99.
5878 1. 99.
5879 1. 99.
5880 1. 99.
5881 1. 99.
5882 1. 99.
5883 1. 99.
5884 1. 99.
5885 1. 99.
5886 1. 99.
5887 1. 99.
5888 1. 99.
5889 1. 99.
5890 1. 99.
5891 1. 99.
5892 1. 99.
5893 1. 99.
5894 1. 99.
5895 1. 99.
5896 1. 99.
5897 1. 99.
5898 1. 99.
5899 1. 99.
5900 1. 99.
5901 1. 99.
5902 1. 99.
5903 1. 99.
5904 1. 99.
