0 18. 82.
1 18. 82.
2 18. 82.
3 17. 83.
4 17. 83.
5 18. 82.
6 18. 82.
7 18. 82.
8 18. 82.
9 18. 82.
10 17. 83.
11 16. 84.
12 16. 84.
13 16. 84.
14 16. 84.
15 17. 83.
16 17. 83.
17 18. 82.
18 18. 82.
19 18. 82.
20 18. 82.
21 18. 82.
22 18. 82.
23 18. 82.
24 18. 82.
25 18. 82.
26 18. 82.
27 19. 81.
28 19. 81.
29 19. 81.
30 19. 81.
31 19. 81.
32 20. 80.
33 20. 80.
34 20. 80.
35 20. 80.
36 20. 80.
37 20. 80.
38 20. 80.
39 20. 80.
40 21. 79.
41 22. 78.
42 22. 78.
43 22. 78.
44 22. 78.
45 22. 78.
46 22. 78.
47 22. 78.
48 22. 78.
49 22. 78.
50 22. 78.
51 22. 78.
52 22. 78.
53 22. 78.
54 22. 78.
55 22. 78.
56 22. 78.
57 22. 78.
58 22. 78.
59 22. 78.
60 22. 78.
61 21. 79.
62 21. 79.
63 21. 79.
64 22. 78.
65 22. 78.
66 22. 78.
67 22. 78.
68 22. 78.
69 22. 78.
70 22. 78.
71 22. 78.
72 22. 78.
73 22. 78.
74 22. 78.
75 22. 78.
76 21. 79.
77 21. 79.
78 22. 78.
79 22. 78.
80 22. 78.
81 23. 77.
82 23. 77.
83 23. 77.
84 23. 77.
85 23. 77.
86 23. 77.
87 23. 77.
88 23. 77.
89 23. 77.
90 23. 77.
91 23. 77.
92 23. 77.
93 23. 77.
94 23. 77.
95 23. 77.
96 23. 77.
97 23. 77.
98 23. 77.
99 23. 77.
100 23. 77.
101 23. 77.
102 23. 77.
103 23. 77.
104 23. 77.
105 23. 77.
106 22. 78.
107 22. 78.
108 23. 77.
109 23. 77.
110 23. 77.
111 23. 77.
112 23. 77.
113 23. 77.
114 23. 77.
115 23. 77.
116 23. 77.
117 23. 77.
118 23. 77.
119 23. 77.
120 23. 77.
121 23. 77.
122 24. 76.
123 25. 75.
124 25. 75.
125 25. 75.
126 25. 75.
127 25. 75.
128 25. 75.
129 24. 76.
130 24. 76.
131 24. 76.
132 24. 76.
133 24. 76.
134 24. 76.
135 24. 76.
136 24. 76.
137 23. 77.
138 24. 76.
139 25. 75.
140 26. 74.
141 26. 74.
142 26. 74.
143 26. 74.
144 27. 73.
145 27. 73.
146 27. 73.
147 27. 73.
148 27. 73.
149 27. 73.
150 27. 73.
151 27. 73.
152 27. 73.
153 27. 73.
154 27. 73.
155 27. 73.
156 27. 73.
157 27. 73.
158 27. 73.
159 27. 73.
160 28. 72.
161 28. 72.
162 28. 72.
163 28. 72.
164 28. 72.
165 28. 72.
166 27. 73.
167 27. 73.
168 27. 73.
169 27. 73.
170 26. 74.
171 26. 74.
172 27. 73.
173 27. 73.
174 26. 74.
175 25. 75.
176 25. 75.
177 25. 75.
178 24. 76.
179 24. 76.
180 24. 76.
181 24. 76.
182 24. 76.
183 23. 77.
184 23. 77.
185 22. 78.
186 22. 78.
187 22. 78.
188 22. 78.
189 22. 78.
190 22. 78.
191 22. 78.
192 22. 78.
193 22. 78.
194 22. 78.
195 22. 78.
196 22. 78.
197 22. 78.
198 22. 78.
199 22. 78.
200 22. 78.
201 23. 77.
202 23. 77.
203 24. 76.
204 24. 76.
205 24. 76.
206 25. 75.
207 25. 75.
208 25. 75.
209 26. 74.
210 26. 74.
211 26. 74.
212 26. 74.
213 25. 75.
214 25. 75.
215 25. 75.
216 25. 75.
217 25. 75.
218 25. 75.
219 25. 75.
220 25. 75.
221 25. 75.
222 25. 75.
223 25. 75.
224 25. 75.
225 25. 75.
226 25. 75.
227 25. 75.
228 25. 75.
229 25. 75.
230 25. 75.
231 25. 75.
232 24. 76.
233 24. 76.
234 24. 76.
235 23. 77.
236 23. 77.
237 23. 77.
238 23. 77.
239 23. 77.
240 23. 77.
241 24. 76.
242 24. 76.
243 24. 76.
244 24. 76.
245 24. 76.
246 24. 76.
247 24. 76.
248 24. 76.
249 24. 76.
250 24. 76.
251 24. 76.
252 25. 75.
253 25. 75.
254 25. 75.
255 24. 76.
256 24. 76.
257 24. 76.
258 24. 76.
259 24. 76.
260 25. 75.
261 25. 75.
262 24. 76.
263 24. 76.
264 24. 76.
265 24. 76.
266 24. 76.
267 23. 77.
268 23. 77.
269 23. 77.
270 24. 76.
271 24. 76.
272 24. 76.
273 24. 76.
274 25. 75.
275 25. 75.
276 25. 75.
277 25. 75.
278 25. 75.
279 25. 75.
280 25. 75.
281 25. 75.
282 25. 75.
283 25. 75.
284 25. 75.
285 26. 74.
286 26. 74.
287 26. 74.
288 26. 74.
289 25. 75.
290 25. 75.
291 25. 75.
292 25. 75.
293 24. 76.
294 24. 76.
295 24. 76.
296 24. 76.
297 24. 76.
298 24. 76.
299 23. 77.
300 24. 76.
301 24. 76.
302 25. 75.
303 25. 75.
304 25. 75.
305 25. 75.
306 25. 75.
307 25. 75.
308 25. 75.
309 25. 75.
310 26. 74.
311 26. 74.
312 26. 74.
313 27. 73.
314 27. 73.
315 27. 73.
316 27. 73.
317 27. 73.
318 28. 72.
319 29. 71.
320 29. 71.
321 29. 71.
322 28. 72.
323 27. 73.
324 27. 73.
325 28. 72.
326 28. 72.
327 28. 72.
328 28. 72.
329 28. 72.
330 28. 72.
331 28. 72.
332 28. 72.
333 28. 72.
334 28. 72.
335 28. 72.
336 28. 72.
337 28. 72.
338 28. 72.
339 28. 72.
340 27. 73.
341 27. 73.
342 28. 72.
343 29. 71.
344 29. 71.
345 29. 71.
346 29. 71.
347 29. 71.
348 29. 71.
349 30. 70.
350 30. 70.
351 29. 71.
352 30. 70.
353 30. 70.
354 30. 70.
355 30. 70.
356 30. 70.
357 30. 70.
358 30. 70.
359 30. 70.
360 30. 70.
361 30. 70.
362 30. 70.
363 30. 70.
364 31. 69.
365 31. 69.
366 31. 69.
367 30. 70.
368 30. 70.
369 30. 70.
370 30. 70.
371 30. 70.
372 30. 70.
373 30. 70.
374 30. 70.
375 30. 70.
376 31. 69.
377 31. 69.
378 30. 70.
379 30. 70.
380 29. 71.
381 29. 71.
382 29. 71.
383 29. 71.
384 29. 71.
385 29. 71.
386 28. 72.
387 28. 72.
388 28. 72.
389 28. 72.
390 28. 72.
391 28. 72.
392 29. 71.
393 29. 71.
394 29. 71.
395 30. 70.
396 30. 70.
397 30. 70.
398 29. 71.
399 29. 71.
400 29. 71.
401 29. 71.
402 29. 71.
403 30. 70.
404 29. 71.
405 29. 71.
406 28. 72.
407 28. 72.
408 28. 72.
409 27. 73.
410 28. 72.
411 28. 72.
412 28. 72.
413 27. 73.
414 27. 73.
415 27. 73.
416 27. 73.
417 27. 73.
418 27. 73.
419 27. 73.
420 27. 73.
421 27. 73.
422 27. 73.
423 27. 73.
424 28. 72.
425 28. 72.
426 28. 72.
427 28. 72.
428 28. 72.
429 28. 72.
430 28. 72.
431 28. 72.
432 28. 72.
433 28. 72.
434 29. 71.
435 29. 71.
436 29. 71.
437 29. 71.
438 29. 71.
439 30. 70.
440 30. 70.
441 30. 70.
442 31. 69.
443 31. 69.
444 31. 69.
445 31. 69.
446 32. 68.
447 32. 68.
448 32. 68.
449 31. 69.
450 32. 68.
451 32. 68.
452 32. 68.
453 32. 68.
454 31. 69.
455 31. 69.
456 31. 69.
457 32. 68.
458 31. 69.
459 31. 69.
460 31. 69.
461 31. 69.
462 31. 69.
463 31. 69.
464 31. 69.
465 31. 69.
466 31. 69.
467 31. 69.
468 31. 69.
469 31. 69.
470 31. 69.
471 32. 68.
472 31. 69.
473 32. 68.
474 32. 68.
475 32. 68.
476 32. 68.
477 32. 68.
478 32. 68.
479 32. 68.
480 32. 68.
481 32. 68.
482 32. 68.
483 32. 68.
484 32. 68.
485 32. 68.
486 32. 68.
487 32. 68.
488 32. 68.
489 32. 68.
490 32. 68.
491 33. 67.
492 33. 67.
493 33. 67.
494 33. 67.
495 34. 66.
496 33. 67.
497 34. 66.
498 34. 66.
499 34. 66.
500 34. 66.
501 33. 67.
502 33. 67.
503 33. 67.
504 33. 67.
505 33. 67.
506 33. 67.
507 33. 67.
508 33. 67.
509 33. 67.
510 33. 67.
511 33. 67.
512 33. 67.
513 33. 67.
514 33. 67.
515 33. 67.
516 33. 67.
517 33. 67.
518 32. 68.
519 32. 68.
520 32. 68.
521 32. 68.
522 32. 68.
523 31. 69.
524 30. 70.
525 29. 71.
526 28. 72.
527 28. 72.
528 28. 72.
529 28. 72.
530 28. 72.
531 28. 72.
532 28. 72.
533 28. 72.
534 28. 72.
535 28. 72.
536 28. 72.
537 28. 72.
538 27. 73.
539 26. 74.
540 26. 74.
541 26. 74.
542 26. 74.
543 26. 74.
544 25. 75.
545 25. 75.
546 25. 75.
547 26. 74.
548 25. 75.
549 25. 75.
550 25. 75.
551 25. 75.
552 25. 75.
553 25. 75.
554 25. 75.
555 24. 76.
556 24. 76.
557 24. 76.
558 24. 76.
559 24. 76.
560 24. 76.
561 23. 77.
562 24. 76.
563 24. 76.
564 24. 76.
565 24. 76.
566 25. 75.
567 25. 75.
568 25. 75.
569 26. 74.
570 26. 74.
571 26. 74.
572 26. 74.
573 26. 74.
574 25. 75.
575 24. 76.
576 24. 76.
577 24. 76.
578 25. 75.
579 26. 74.
580 26. 74.
581 26. 74.
582 26. 74.
583 27. 73.
584 27. 73.
585 27. 73.
586 27. 73.
587 27. 73.
588 27. 73.
589 27. 73.
590 27. 73.
591 27. 73.
592 27. 73.
593 27. 73.
594 27. 73.
595 27. 73.
596 27. 73.
597 27. 73.
598 27. 73.
599 27. 73.
600 27. 73.
601 26. 74.
602 26. 74.
603 25. 75.
604 24. 76.
605 23. 77.
606 23. 77.
607 23. 77.
608 23. 77.
609 23. 77.
610 23. 77.
611 23. 77.
612 22. 78.
613 22. 78.
614 22. 78.
615 22. 78.
616 22. 78.
617 22. 78.
618 23. 77.
619 23. 77.
620 23. 77.
621 23. 77.
622 24. 76.
623 23. 77.
624 22. 78.
625 23. 77.
626 23. 77.
627 23. 77.
628 23. 77.
629 23. 77.
630 23. 77.
631 23. 77.
632 23. 77.
633 23. 77.
634 23. 77.
635 23. 77.
636 23. 77.
637 23. 77.
638 22. 78.
639 22. 78.
640 22. 78.
641 22. 78.
642 22. 78.
643 23. 77.
644 23. 77.
645 23. 77.
646 24. 76.
647 24. 76.
648 23. 77.
649 23. 77.
650 24. 76.
651 25. 75.
652 25. 75.
653 25. 75.
654 25. 75.
655 24. 76.
656 24. 76.
657 24. 76.
658 24. 76.
659 24. 76.
660 24. 76.
661 24. 76.
662 23. 77.
663 22. 78.
664 22. 78.
665 22. 78.
666 22. 78.
667 22. 78.
668 21. 79.
669 22. 78.
670 23. 77.
671 22. 78.
672 22. 78.
673 22. 78.
674 22. 78.
675 21. 79.
676 21. 79.
677 21. 79.
678 21. 79.
679 21. 79.
680 21. 79.
681 21. 79.
682 21. 79.
683 21. 79.
684 21. 79.
685 21. 79.
686 21. 79.
687 21. 79.
688 21. 79.
689 22. 78.
690 22. 78.
691 22. 78.
692 22. 78.
693 22. 78.
694 22. 78.
695 22. 78.
696 23. 77.
697 23. 77.
698 23. 77.
699 23. 77.
700 23. 77.
701 23. 77.
702 22. 78.
703 22. 78.
704 23. 77.
705 23. 77.
706 23. 77.
707 23. 77.
708 23. 77.
709 23. 77.
710 23. 77.
711 23. 77.
712 23. 77.
713 23. 77.
714 23. 77.
715 23. 77.
716 23. 77.
717 23. 77.
718 23. 77.
719 23. 77.
720 23. 77.
721 23. 77.
722 23. 77.
723 24. 76.
724 24. 76.
725 25. 75.
726 26. 74.
727 26. 74.
728 26. 74.
729 26. 74.
730 26. 74.
731 26. 74.
732 26. 74.
733 26. 74.
734 25. 75.
735 25. 75.
736 25. 75.
737 25. 75.
738 25. 75.
739 25. 75.
740 25. 75.
741 25. 75.
742 25. 75.
743 24. 76.
744 24. 76.
745 23. 77.
746 23. 77.
747 23. 77.
748 23. 77.
749 24. 76.
750 24. 76.
751 23. 77.
752 23. 77.
753 24. 76.
754 24. 76.
755 24. 76.
756 24. 76.
757 24. 76.
758 24. 76.
759 24. 76.
760 24. 76.
761 24. 76.
762 24. 76.
763 23. 77.
764 22. 78.
765 22. 78.
766 21. 79.
767 21. 79.
768 21. 79.
769 21. 79.
770 21. 79.
771 21. 79.
772 21. 79.
773 21. 79.
774 21. 79.
775 21. 79.
776 21. 79.
777 21. 79.
778 21. 79.
779 21. 79.
780 22. 78.
781 22. 78.
782 22. 78.
783 22. 78.
784 22. 78.
785 22. 78.
786 22. 78.
787 22. 78.
788 22. 78.
789 22. 78.
790 22. 78.
791 22. 78.
792 22. 78.
793 21. 79.
794 21. 79.
795 21. 79.
796 21. 79.
797 21. 79.
798 21. 79.
799 21. 79.
800 21. 79.
801 21. 79.
802 21. 79.
803 21. 79.
804 21. 79.
805 21. 79.
806 21. 79.
807 22. 78.
808 22. 78.
809 22. 78.
810 23. 77.
811 23. 77.
812 23. 77.
813 23. 77.
814 23. 77.
815 23. 77.
816 24. 76.
817 24. 76.
818 24. 76.
819 24. 76.
820 23. 77.
821 22. 78.
822 22. 78.
823 22. 78.
824 23. 77.
825 23. 77.
826 23. 77.
827 23. 77.
828 23. 77.
829 23. 77.
830 24. 76.
831 24. 76.
832 24. 76.
833 24. 76.
834 24. 76.
835 23. 77.
836 23. 77.
837 23. 77.
838 23. 77.
839 23. 77.
840 22. 78.
841 22. 78.
842 22. 78.
843 22. 78.
844 22. 78.
845 22. 78.
846 22. 78.
847 22. 78.
848 22. 78.
849 22. 78.
850 22. 78.
851 22. 78.
852 22. 78.
853 21. 79.
854 20. 80.
855 20. 80.
856 20. 80.
857 21. 79.
858 21. 79.
859 21. 79.
860 21. 79.
861 21. 79.
862 21. 79.
863 21. 79.
864 21. 79.
865 21. 79.
866 20. 80.
867 21. 79.
868 21. 79.
869 21. 79.
870 21. 79.
871 21. 79.
872 21. 79.
873 22. 78.
874 22. 78.
875 22. 78.
876 22. 78.
877 23. 77.
878 23. 77.
879 23. 77.
880 23. 77.
881 23. 77.
882 23. 77.
883 23. 77.
884 24. 76.
885 24. 76.
886 24. 76.
887 24. 76.
888 23. 77.
889 23. 77.
890 23. 77.
891 23. 77.
892 23. 77.
893 23. 77.
894 23. 77.
895 23. 77.
896 23. 77.
897 24. 76.
898 25. 75.
899 25. 75.
900 24. 76.
901 24. 76.
902 25. 75.
903 26. 74.
904 26. 74.
905 26. 74.
906 26. 74.
907 26. 74.
908 26. 74.
909 26. 74.
910 26. 74.
911 26. 74.
912 26. 74.
913 26. 74.
914 26. 74.
915 26. 74.
916 26. 74.
917 26. 74.
918 26. 74.
919 26. 74.
920 26. 74.
921 26. 74.
922 26. 74.
923 26. 74.
924 26. 74.
925 26. 74.
926 26. 74.
927 25. 75.
928 25. 75.
929 25. 75.
930 25. 75.
931 26. 74.
932 26. 74.
933 26. 74.
934 27. 73.
935 27. 73.
936 27. 73.
937 27. 73.
938 27. 73.
939 27. 73.
940 28. 72.
941 28. 72.
942 28. 72.
943 28. 72.
944 28. 72.
945 28. 72.
946 27. 73.
947 27. 73.
948 27. 73.
949 27. 73.
950 27. 73.
951 26. 74.
952 26. 74.
953 26. 74.
954 26. 74.
955 26. 74.
956 26. 74.
957 26. 74.
958 26. 74.
959 26. 74.
960 26. 74.
961 26. 74.
962 25. 75.
963 25. 75.
964 25. 75.
965 25. 75.
966 24. 76.
967 24. 76.
968 24. 76.
969 24. 76.
970 24. 76.
971 24. 76.
972 24. 76.
973 24. 76.
974 24. 76.
975 23. 77.
976 23. 77.
977 23. 77.
978 22. 78.
979 22. 78.
980 22. 78.
981 22. 78.
982 22. 78.
983 22. 78.
984 22. 78.
985 22. 78.
986 23. 77.
987 22. 78.
988 21. 79.
989 21. 79.
990 21. 79.
991 21. 79.
992 21. 79.
993 21. 79.
994 21. 79.
995 21. 79.
996 21. 79.
997 21. 79.
998 21. 79.
999 21. 79.
1000 22. 78.
1001 22. 78.
1002 21. 79.
1003 21. 79.
1004 21. 79.
1005 20. 80.
1006 20. 80.
1007 20. 80.
1008 20. 80.
1009 20. 80.
1010 20. 80.
1011 20. 80.
1012 20. 80.
1013 20. 80.
1014 20. 80.
1015 20. 80.
1016 20. 80.
1017 20. 80.
1018 20. 80.
1019 20. 80.
1020 20. 80.
1021 20. 80.
1022 20. 80.
1023 20. 80.
1024 20. 80.
1025 21. 79.
1026 20. 80.
1027 20. 80.
1028 20. 80.
1029 20. 80.
1030 20. 80.
1031 21. 79.
1032 21. 79.
1033 21. 79.
1034 21. 79.
1035 22. 78.
1036 22. 78.
1037 22. 78.
1038 22. 78.
1039 22. 78.
1040 22. 78.
1041 22. 78.
1042 22. 78.
1043 23. 77.
1044 24. 76.
1045 24. 76.
1046 24. 76.
1047 25. 75.
1048 26. 74.
1049 26. 74.
1050 26. 74.
1051 26. 74.
1052 26. 74.
1053 26. 74.
1054 27. 73.
1055 27. 73.
1056 27. 73.
1057 27. 73.
1058 27. 73.
1059 26. 74.
1060 27. 73.
1061 27. 73.
1062 27. 73.
1063 26. 74.
1064 26. 74.
1065 26. 74.
1066 26. 74.
1067 26. 74.
1068 26. 74.
1069 26. 74.
1070 26. 74.
1071 26. 74.
1072 26. 74.
1073 25. 75.
1074 26. 74.
1075 26. 74.
1076 26. 74.
1077 26. 74.
1078 26. 74.
1079 26. 74.
1080 26. 74.
1081 27. 73.
1082 27. 73.
1083 27. 73.
1084 27. 73.
1085 27. 73.
1086 27. 73.
1087 27. 73.
1088 28. 72.
1089 28. 72.
1090 28. 72.
1091 28. 72.
1092 28. 72.
1093 28. 72.
1094 29. 71.
1095 29. 71.
1096 28. 72.
1097 28. 72.
1098 28. 72.
1099 28. 72.
1100 28. 72.
1101 28. 72.
1102 27. 73.
1103 27. 73.
1104 27. 73.
1105 26. 74.
1106 26. 74.
1107 26. 74.
1108 26. 74.
1109 26. 74.
1110 26. 74.
1111 26. 74.
1112 26. 74.
1113 26. 74.
1114 25. 75.
1115 25. 75.
1116 26. 74.
1117 26. 74.
1118 26. 74.
1119 26. 74.
1120 26. 74.
1121 26. 74.
1122 26. 74.
1123 27. 73.
1124 27. 73.
1125 27. 73.
1126 27. 73.
1127 27. 73.
1128 27. 73.
1129 26. 74.
1130 26. 74.
1131 27. 73.
1132 28. 72.
1133 28. 72.
1134 28. 72.
1135 28. 72.
1136 28. 72.
1137 28. 72.
1138 28. 72.
1139 28. 72.
1140 28. 72.
1141 28. 72.
1142 27. 73.
1143 27. 73.
1144 27. 73.
1145 27. 73.
1146 27. 73.
1147 27. 73.
1148 27. 73.
1149 28. 72.
1150 28. 72.
1151 28. 72.
1152 28. 72.
1153 27. 73.
1154 27. 73.
1155 27. 73.
1156 27. 73.
1157 27. 73.
1158 27. 73.
1159 27. 73.
1160 27. 73.
1161 26. 74.
1162 26. 74.
1163 26. 74.
1164 27. 73.
1165 28. 72.
1166 28. 72.
1167 28. 72.
1168 28. 72.
1169 28. 72.
1170 28. 72.
1171 28. 72.
1172 28. 72.
1173 28. 72.
1174 28. 72.
1175 28. 72.
1176 29. 71.
1177 29. 71.
1178 29. 71.
1179 29. 71.
1180 29. 71.
1181 29. 71.
1182 28. 72.
1183 28. 72.
1184 27. 73.
1185 27. 73.
1186 27. 73.
1187 26. 74.
1188 26. 74.
1189 26. 74.
1190 26. 74.
1191 26. 74.
1192 27. 73.
1193 27. 73.
1194 27. 73.
1195 27. 73.
1196 27. 73.
1197 27. 73.
1198 27. 73.
1199 26. 74.
1200 25. 75.
1201 25. 75.
1202 25. 75.
1203 25. 75.
1204 25. 75.
1205 25. 75.
1206 25. 75.
1207 25. 75.
1208 25. 75.
1209 25. 75.
1210 25. 75.
1211 26. 74.
1212 26. 74.
1213 26. 74.
1214 26. 74.
1215 26. 74.
1216 26. 74.
1217 26. 74.
1218 26. 74.
1219 26. 74.
1220 25. 75.
1221 26. 74.
1222 26. 74.
1223 26. 74.
1224 26. 74.
1225 26. 74.
1226 26. 74.
1227 26. 74.
1228 26. 74.
1229 26. 74.
1230 25. 75.
1231 25. 75.
1232 25. 75.
1233 25. 75.
1234 24. 76.
1235 25. 75.
1236 25. 75.
1237 25. 75.
1238 25. 75.
1239 25. 75.
1240 25. 75.
1241 25. 75.
1242 26. 74.
1243 26. 74.
1244 27. 73.
1245 27. 73.
1246 28. 72.
1247 28. 72.
1248 28. 72.
1249 28. 72.
1250 28. 72.
1251 28. 72.
1252 28. 72.
1253 28. 72.
1254 28. 72.
1255 28. 72.
1256 28. 72.
1257 28. 72.
1258 28. 72.
1259 28. 72.
1260 28. 72.
1261 29. 71.
1262 29. 71.
1263 29. 71.
1264 30. 70.
1265 31. 69.
1266 31. 69.
1267 31. 69.
1268 31. 69.
1269 31. 69.
1270 31. 69.
1271 31. 69.
1272 31. 69.
1273 31. 69.
1274 31. 69.
1275 31. 69.
1276 31. 69.
1277 31. 69.
1278 31. 69.
1279 31. 69.
1280 31. 69.
1281 30. 70.
1282 30. 70.
1283 30. 70.
1284 30. 70.
1285 30. 70.
1286 30. 70.
1287 30. 70.
1288 30. 70.
1289 30. 70.
1290 30. 70.
1291 30. 70.
1292 30. 70.
1293 30. 70.
1294 30. 70.
1295 30. 70.
1296 30. 70.
1297 30. 70.
1298 30. 70.
1299 30. 70.
1300 30. 70.
1301 29. 71.
1302 29. 71.
1303 29. 71.
1304 29. 71.
1305 29. 71.
1306 29. 71.
1307 30. 70.
1308 30. 70.
1309 30. 70.
1310 30. 70.
1311 30. 70.
1312 30. 70.
1313 30. 70.
1314 30. 70.
1315 30. 70.
1316 30. 70.
1317 31. 69.
1318 31. 69.
1319 31. 69.
1320 30. 70.
1321 29. 71.
1322 29. 71.
1323 29. 71.
1324 29. 71.
1325 29. 71.
1326 29. 71.
1327 29. 71.
1328 30. 70.
1329 30. 70.
1330 30. 70.
1331 30. 70.
1332 30. 70.
1333 30. 70.
1334 30. 70.
1335 30. 70.
1336 30. 70.
1337 30. 70.
1338 30. 70.
1339 30. 70.
1340 30. 70.
1341 30. 70.
1342 30. 70.
1343 30. 70.
1344 30. 70.
1345 30. 70.
1346 30. 70.
1347 30. 70.
1348 30. 70.
1349 29. 71.
1350 29. 71.
1351 29. 71.
1352 29. 71.
1353 29. 71.
1354 29. 71.
1355 29. 71.
1356 29. 71.
1357 29. 71.
1358 29. 71.
1359 29. 71.
1360 30. 70.
1361 30. 70.
1362 30. 70.
1363 30. 70.
1364 31. 69.
1365 31. 69.
1366 31. 69.
1367 31. 69.
1368 31. 69.
1369 31. 69.
1370 31. 69.
1371 31. 69.
1372 31. 69.
1373 30. 70.
1374 30. 70.
1375 30. 70.
1376 30. 70.
1377 30. 70.
1378 30. 70.
1379 30. 70.
1380 30. 70.
1381 30. 70.
1382 30. 70.
1383 30. 70.
1384 30. 70.
1385 30. 70.
1386 30. 70.
1387 29. 71.
1388 28. 72.
1389 28. 72.
1390 28. 72.
1391 28. 72.
1392 28. 72.
1393 29. 71.
1394 29. 71.
1395 29. 71.
1396 28. 72.
1397 28. 72.
1398 28. 72.
1399 28. 72.
1400 28. 72.
1401 28. 72.
1402 28. 72.
1403 28. 72.
1404 28. 72.
1405 28. 72.
1406 28. 72.
1407 28. 72.
1408 28. 72.
1409 28. 72.
1410 28. 72.
1411 28. 72.
1412 28. 72.
1413 28. 72.
1414 28. 72.
1415 27. 73.
1416 27. 73.
1417 27. 73.
1418 27. 73.
1419 27. 73.
1420 27. 73.
1421 27. 73.
1422 26. 74.
1423 26. 74.
1424 27. 73.
1425 27. 73.
1426 27. 73.
1427 27. 73.
1428 28. 72.
1429 28. 72.
1430 28. 72.
1431 28. 72.
1432 28. 72.
1433 28. 72.
1434 28. 72.
1435 28. 72.
1436 27. 73.
1437 27. 73.
1438 27. 73.
1439 27. 73.
1440 28. 72.
1441 28. 72.
1442 28. 72.
1443 28. 72.
1444 28. 72.
1445 28. 72.
1446 28. 72.
1447 28. 72.
1448 28. 72.
1449 28. 72.
1450 28. 72.
1451 28. 72.
1452 28. 72.
1453 28. 72.
1454 28. 72.
1455 28. 72.
1456 27. 73.
1457 27. 73.
1458 27. 73.
1459 28. 72.
1460 28. 72.
1461 28. 72.
1462 28. 72.
1463 28. 72.
1464 28. 72.
1465 28. 72.
1466 29. 71.
1467 29. 71.
1468 29. 71.
1469 28. 72.
1470 27. 73.
1471 27. 73.
1472 27. 73.
1473 27. 73.
1474 27. 73.
1475 27. 73.
1476 27. 73.
1477 27. 73.
1478 27. 73.
1479 27. 73.
1480 27. 73.
1481 27. 73.
1482 28. 72.
1483 28. 72.
1484 29. 71.
1485 30. 70.
1486 30. 70.
1487 30. 70.
1488 29. 71.
1489 28. 72.
1490 28. 72.
1491 28. 72.
1492 28. 72.
1493 29. 71.
1494 29. 71.
1495 29. 71.
1496 29. 71.
1497 29. 71.
1498 29. 71.
1499 29. 71.
1500 29. 71.
1501 29. 71.
1502 28. 72.
1503 28. 72.
1504 29. 71.
1505 29. 71.
1506 28. 72.
1507 28. 72.
1508 28. 72.
1509 29. 71.
1510 30. 70.
1511 30. 70.
1512 30. 70.
1513 31. 69.
1514 31. 69.
1515 32. 68.
1516 32. 68.
1517 32. 68.
1518 31. 69.
1519 30. 70.
1520 30. 70.
1521 29. 71.
1522 29. 71.
1523 29. 71.
1524 29. 71.
1525 29. 71.
1526 29. 71.
1527 29. 71.
1528 29. 71.
1529 29. 71.
1530 28. 72.
1531 28. 72.
1532 28. 72.
1533 28. 72.
1534 28. 72.
1535 28. 72.
1536 28. 72.
1537 28. 72.
1538 28. 72.
1539 28. 72.
1540 28. 72.
1541 27. 73.
1542 26. 74.
1543 25. 75.
1544 25. 75.
1545 25. 75.
1546 25. 75.
1547 25. 75.
1548 25. 75.
1549 24. 76.
1550 24. 76.
1551 24. 76.
1552 23. 77.
1553 23. 77.
1554 23. 77.
1555 23. 77.
1556 23. 77.
1557 23. 77.
1558 23. 77.
1559 23. 77.
1560 23. 77.
1561 23. 77.
1562 23. 77.
1563 22. 78.
1564 22. 78.
1565 22. 78.
1566 22. 78.
1567 22. 78.
1568 22. 78.
1569 22. 78.
1570 22. 78.
1571 21. 79.
1572 21. 79.
1573 21. 79.
1574 22. 78.
1575 22. 78.
1576 22. 78.
1577 22. 78.
1578 22. 78.
1579 22. 78.
1580 22. 78.
1581 21. 79.
1582 21. 79.
1583 21. 79.
1584 22. 78.
1585 22. 78.
1586 22. 78.
1587 23. 77.
1588 23. 77.
1589 23. 77.
1590 23. 77.
1591 23. 77.
1592 23. 77.
1593 23. 77.
1594 22. 78.
1595 22. 78.
1596 22. 78.
1597 22. 78.
1598 22. 78.
1599 21. 79.
1600 21. 79.
1601 21. 79.
1602 22. 78.
1603 22. 78.
1604 21. 79.
1605 21. 79.
1606 21. 79.
1607 21. 79.
1608 21. 79.
1609 21. 79.
1610 21. 79.
1611 21. 79.
1612 21. 79.
1613 21. 79.
1614 21. 79.
1615 21. 79.
1616 21. 79.
1617 21. 79.
1618 21. 79.
1619 21. 79.
1620 21. 79.
1621 21. 79.
1622 21. 79.
1623 21. 79.
1624 22. 78.
1625 22. 78.
1626 22. 78.
1627 22. 78.
1628 22. 78.
1629 21. 79.
1630 21. 79.
1631 21. 79.
1632 20. 80.
1633 20. 80.
1634 19. 81.
1635 18. 82.
1636 18. 82.
1637 18. 82.
1638 18. 82.
1639 18. 82.
1640 18. 82.
1641 19. 81.
1642 19. 81.
1643 19. 81.
1644 19. 81.
1645 19. 81.
1646 19. 81.
1647 19. 81.
1648 19. 81.
1649 19. 81.
1650 18. 82.
1651 18. 82.
1652 18. 82.
1653 18. 82.
1654 19. 81.
1655 19. 81.
1656 19. 81.
1657 20. 80.
1658 20. 80.
1659 20. 80.
1660 20. 80.
1661 19. 81.
1662 19. 81.
1663 19. 81.
1664 19. 81.
1665 19. 81.
1666 19. 81.
1667 19. 81.
1668 19. 81.
1669 19. 81.
1670 19. 81.
1671 19. 81.
1672 19. 81.
1673 19. 81.
1674 18. 82.
1675 18. 82.
1676 17. 83.
1677 17. 83.
1678 17. 83.
1679 18. 82.
1680 18. 82.
1681 18. 82.
1682 18. 82.
1683 18. 82.
1684 18. 82.
1685 18. 82.
1686 18. 82.
1687 17. 83.
1688 17. 83.
1689 17. 83.
1690 17. 83.
1691 17. 83.
1692 17. 83.
1693 17. 83.
1694 17. 83.
1695 17. 83.
1696 17. 83.
1697 18. 82.
1698 18. 82.
1699 18. 82.
1700 18. 82.
1701 18. 82.
1702 18. 82.
1703 18. 82.
1704 18. 82.
1705 18. 82.
1706 18. 82.
1707 18. 82.
1708 18. 82.
1709 18. 82.
1710 19. 81.
1711 19. 81.
1712 19. 81.
1713 19. 81.
1714 19. 81.
1715 19. 81.
1716 19. 81.
1717 19. 81.
1718 19. 81.
1719 18. 82.
1720 18. 82.
1721 18. 82.
1722 18. 82.
1723 18. 82.
1724 18. 82.
1725 18. 82.
1726 18. 82.
1727 18. 82.
1728 18. 82.
1729 18. 82.
1730 18. 82.
1731 18. 82.
1732 18. 82.
1733 18. 82.
1734 18. 82.
1735 18. 82.
1736 18. 82.
1737 18. 82.
1738 19. 81.
1739 19. 81.
1740 19. 81.
1741 19. 81.
1742 19. 81.
1743 19. 81.
1744 19. 81.
1745 19. 81.
1746 19. 81.
1747 19. 81.
1748 19. 81.
1749 19. 81.
1750 20. 80.
1751 20. 80.
1752 20. 80.
1753 20. 80.
1754 20. 80.
1755 20. 80.
1756 20. 80.
1757 19. 81.
1758 18. 82.
1759 18. 82.
1760 17. 83.
1761 18. 82.
1762 17. 83.
1763 17. 83.
1764 17. 83.
1765 17. 83.
1766 17. 83.
1767 17. 83.
1768 17. 83.
1769 18. 82.
1770 18. 82.
1771 18. 82.
1772 17. 83.
1773 17. 83.
1774 17. 83.
1775 17. 83.
1776 17. 83.
1777 16. 84.
1778 17. 83.
1779 17. 83.
1780 16. 84.
1781 16. 84.
1782 16. 84.
1783 16. 84.
1784 15. 85.
1785 15. 85.
1786 15. 85.
1787 14. 86.
1788 14. 86.
1789 14. 86.
1790 14. 86.
1791 15. 85.
1792 14. 86.
1793 14. 86.
1794 14. 86.
1795 14. 86.
1796 14. 86.
1797 14. 86.
1798 14. 86.
1799 14. 86.
1800 14. 86.
1801 14. 86.
1802 14. 86.
1803 14. 86.
1804 14. 86.
1805 14. 86.
1806 14. 86.
1807 14. 86.
1808 14. 86.
1809 13. 87.
1810 13. 87.
1811 13. 87.
1812 13. 87.
1813 14. 86.
1814 14. 86.
1815 14. 86.
1816 14. 86.
1817 14. 86.
1818 14. 86.
1819 14. 86.
1820 14. 86.
1821 14. 86.
1822 14. 86.
1823 14. 86.
1824 15. 85.
1825 15. 85.
1826 15. 85.
1827 15. 85.
1828 15. 85.
1829 15. 85.
1830 15. 85.
1831 15. 85.
1832 15. 85.
1833 15. 85.
1834 15. 85.
1835 15. 85.
1836 15. 85.
1837 15. 85.
1838 15. 85.
1839 15. 85.
1840 15. 85.
1841 15. 85.
1842 15. 85.
1843 15. 85.
1844 15. 85.
1845 15. 85.
1846 15. 85.
1847 15. 85.
1848 16. 84.
1849 16. 84.
1850 16. 84.
1851 16. 84.
1852 16. 84.
1853 16. 84.
1854 16. 84.
1855 15. 85.
1856 15. 85.
1857 15. 85.
1858 15. 85.
1859 15. 85.
1860 15. 85.
1861 15. 85.
1862 15. 85.
1863 15. 85.
1864 14. 86.
1865 14. 86.
1866 14. 86.
1867 14. 86.
1868 14. 86.
1869 14. 86.
1870 14. 86.
1871 14. 86.
1872 14. 86.
1873 14. 86.
1874 14. 86.
1875 15. 85.
1876 15. 85.
1877 15. 85.
1878 16. 84.
1879 16. 84.
1880 15. 85.
1881 15. 85.
1882 15. 85.
1883 16. 84.
1884 16. 84.
1885 16. 84.
1886 16. 84.
1887 15. 85.
1888 15. 85.
1889 15. 85.
1890 16. 84.
1891 16. 84.
1892 16. 84.
1893 16. 84.
1894 16. 84.
1895 16. 84.
1896 17. 83.
1897 17. 83.
1898 17. 83.
1899 17. 83.
1900 17. 83.
1901 16. 84.
1902 15. 85.
1903 15. 85.
1904 15. 85.
1905 15. 85.
1906 15. 85.
1907 15. 85.
1908 15. 85.
1909 15. 85.
1910 16. 84.
1911 16. 84.
1912 16. 84.
1913 16. 84.
1914 16. 84.
1915 16. 84.
1916 15. 85.
1917 15. 85.
1918 15. 85.
1919 15. 85.
1920 16. 84.
1921 16. 84.
1922 16. 84.
1923 17. 83.
1924 17. 83.
1925 17. 83.
1926 16. 84.
1927 16. 84.
1928 16. 84.
1929 16. 84.
1930 16. 84.
1931 16. 84.
1932 16. 84.
1933 16. 84.
1934 16. 84.
1935 16. 84.
1936 16. 84.
1937 16. 84.
1938 17. 83.
1939 17. 83.
1940 17. 83.
1941 16. 84.
1942 16. 84.
1943 16. 84.
1944 16. 84.
1945 16. 84.
1946 16. 84.
1947 16. 84.
1948 16. 84.
1949 16. 84.
1950 16. 84.
1951 17. 83.
1952 17. 83.
1953 17. 83.
1954 17. 83.
1955 17. 83.
1956 17. 83.
1957 17. 83.
1958 17. 83.
1959 16. 84.
1960 16. 84.
1961 16. 84.
1962 16. 84.
1963 16. 84.
1964 16. 84.
1965 16. 84.
1966 16. 84.
1967 16. 84.
1968 16. 84.
1969 16. 84.
1970 16. 84.
1971 15. 85.
1972 15. 85.
1973 15. 85.
1974 15. 85.
1975 14. 86.
1976 13. 87.
1977 13. 87.
1978 13. 87.
1979 13. 87.
1980 13. 87.
1981 14. 86.
1982 14. 86.
1983 14. 86.
1984 14. 86.
1985 14. 86.
1986 14. 86.
1987 13. 87.
1988 13. 87.
1989 13. 87.
1990 14. 86.
1991 14. 86.
1992 14. 86.
1993 14. 86.
1994 14. 86.
1995 14. 86.
1996 14. 86.
1997 14. 86.
1998 15. 85.
1999 14. 86.
2000 14. 86.
2001 14. 86.
2002 13. 87.
2003 13. 87.
2004 13. 87.
2005 12. 88.
2006 12. 88.
2007 12. 88.
2008 12. 88.
2009 12. 88.
2010 12. 88.
2011 12. 88.
2012 12. 88.
2013 13. 87.
2014 13. 87.
2015 13. 87.
2016 13. 87.
2017 13. 87.
2018 13. 87.
2019 13. 87.
2020 13. 87.
2021 13. 87.
2022 13. 87.
2023 13. 87.
2024 12. 88.
2025 12. 88.
2026 12. 88.
2027 12. 88.
2028 12. 88.
2029 12. 88.
2030 13. 87.
2031 13. 87.
2032 13. 87.
2033 13. 87.
2034 13. 87.
2035 13. 87.
2036 13. 87.
2037 13. 87.
2038 13. 87.
2039 13. 87.
2040 13. 87.
2041 13. 87.
2042 13. 87.
2043 13. 87.
2044 13. 87.
2045 13. 87.
2046 12. 88.
2047 11. 89.
2048 12. 88.
2049 13. 87.
2050 13. 87.
2051 13. 87.
2052 13. 87.
2053 12. 88.
2054 12. 88.
2055 12. 88.
2056 12. 88.
2057 12. 88.
2058 12. 88.
2059 12. 88.
2060 12. 88.
2061 12. 88.
2062 12. 88.
2063 12. 88.
2064 12. 88.
2065 12. 88.
2066 12. 88.
2067 13. 87.
2068 13. 87.
2069 13. 87.
2070 13. 87.
2071 14. 86.
2072 14. 86.
2073 14. 86.
2074 14. 86.
2075 14. 86.
2076 14. 86.
2077 14. 86.
2078 14. 86.
2079 14. 86.
2080 15. 85.
2081 15. 85.
2082 15. 85.
2083 15. 85.
2084 15. 85.
2085 15. 85.
2086 15. 85.
2087 15. 85.
2088 15. 85.
2089 15. 85.
2090 16. 84.
2091 16. 84.
2092 16. 84.
2093 16. 84.
2094 16. 84.
2095 16. 84.
2096 16. 84.
2097 16. 84.
2098 16. 84.
2099 16. 84.
2100 16. 84.
2101 16. 84.
2102 16. 84.
2103 16. 84.
2104 16. 84.
2105 16. 84.
2106 17. 83.
2107 17. 83.
2108 17. 83.
2109 17. 83.
2110 16. 84.
2111 16. 84.
2112 16. 84.
2113 15. 85.
2114 15. 85.
2115 14. 86.
2116 14. 86.
2117 13. 87.
2118 13. 87.
2119 13. 87.
2120 13. 87.
2121 13. 87.
2122 13. 87.
2123 13. 87.
2124 13. 87.
2125 13. 87.
2126 13. 87.
2127 13. 87.
2128 13. 87.
2129 13. 87.
2130 13. 87.
2131 13. 87.
2132 13. 87.
2133 13. 87.
2134 13. 87.
2135 14. 86.
2136 14. 86.
2137 14. 86.
2138 14. 86.
2139 14. 86.
2140 14. 86.
2141 14. 86.
2142 14. 86.
2143 14. 86.
2144 14. 86.
2145 14. 86.
2146 14. 86.
2147 14. 86.
2148 14. 86.
2149 14. 86.
2150 14. 86.
2151 14. 86.
2152 13. 87.
2153 13. 87.
2154 13. 87.
2155 12. 88.
2156 12. 88.
2157 12. 88.
2158 12. 88.
2159 12. 88.
2160 12. 88.
2161 12. 88.
2162 12. 88.
2163 12. 88.
2164 12. 88.
2165 12. 88.
2166 12. 88.
2167 12. 88.
2168 12. 88.
2169 12. 88.
2170 11. 89.
2171 11. 89.
2172 11. 89.
2173 11. 89.
2174 11. 89.
2175 11. 89.
2176 11. 89.
2177 11. 89.
2178 12. 88.
2179 12. 88.
2180 12. 88.
2181 12. 88.
2182 12. 88.
2183 12. 88.
2184 12. 88.
2185 12. 88.
2186 12. 88.
2187 12. 88.
2188 12. 88.
2189 12. 88.
2190 12. 88.
2191 12. 88.
2192 12. 88.
2193 12. 88.
2194 12. 88.
2195 12. 88.
2196 13. 87.
2197 14. 86.
2198 14. 86.
2199 14. 86.
2200 14. 86.
2201 14. 86.
2202 14. 86.
2203 13. 87.
2204 13. 87.
2205 13. 87.
2206 13. 87.
2207 12. 88.
2208 12. 88.
2209 12. 88.
2210 12. 88.
2211 12. 88.
2212 11. 89.
2213 11. 89.
2214 11. 89.
2215 11. 89.
2216 11. 89.
2217 11. 89.
2218 11. 89.
2219 11. 89.
2220 11. 89.
2221 10. 90.
2222 10. 90.
2223 10. 90.
2224 10. 90.
2225 10. 90.
2226 10. 90.
2227 10. 90.
2228 10. 90.
2229 10. 90.
2230 10. 90.
2231 9. 91.
2232 9. 91.
2233 8. 92.
2234 8. 92.
2235 8. 92.
2236 8. 92.
2237 8. 92.
2238 8. 92.
2239 8. 92.
2240 8. 92.
2241 8. 92.
2242 8. 92.
2243 8. 92.
2244 8. 92.
2245 8. 92.
2246 8. 92.
2247 8. 92.
2248 8. 92.
2249 8. 92.
2250 8. 92.
2251 8. 92.
2252 8. 92.
2253 8. 92.
2254 8. 92.
2255 8. 92.
2256 8. 92.
2257 8. 92.
2258 8. 92.
2259 8. 92.
2260 8. 92.
2261 8. 92.
2262 8. 92.
2263 8. 92.
2264 8. 92.
2265 8. 92.
2266 8. 92.
2267 8. 92.
2268 8. 92.
2269 8. 92.
2270 8. 92.
2271 8. 92.
2272 8. 92.
2273 8. 92.
2274 8. 92.
2275 8. 92.
2276 8. 92.
2277 8. 92.
2278 8. 92.
2279 8. 92.
2280 8. 92.
2281 8. 92.
2282 8. 92.
2283 8. 92.
2284 8. 92.
2285 8. 92.
2286 8. 92.
2287 8. 92.
2288 8. 92.
2289 8. 92.
2290 8. 92.
2291 8. 92.
2292 8. 92.
2293 8. 92.
2294 8. 92.
2295 8. 92.
2296 8. 92.
2297 8. 92.
2298 8. 92.
2299 8. 92.
2300 8. 92.
2301 8. 92.
2302 8. 92.
2303 8. 92.
2304 8. 92.
2305 8. 92.
2306 8. 92.
2307 8. 92.
2308 8. 92.
2309 8. 92.
2310 9. 91.
2311 9. 91.
2312 9. 91.
2313 9. 91.
2314 9. 91.
2315 9. 91.
2316 9. 91.
2317 9. 91.
2318 9. 91.
2319 9. 91.
2320 9. 91.
2321 9. 91.
2322 9. 91.
2323 9. 91.
2324 9. 91.
2325 9. 91.
2326 9. 91.
2327 9. 91.
2328 9. 91.
2329 9. 91.
2330 9. 91.
2331 9. 91.
2332 9. 91.
2333 9. 91.
2334 9. 91.
2335 9. 91.
2336 9. 91.
2337 9. 91.
2338 9. 91.
2339 10. 90.
2340 10. 90.
2341 11. 89.
2342 11. 89.
2343 11. 89.
2344 11. 89.
2345 11. 89.
2346 11. 89.
2347 11. 89.
2348 11. 89.
2349 11. 89.
2350 11. 89.
2351 11. 89.
2352 11. 89.
2353 11. 89.
2354 11. 89.
2355 11. 89.
2356 11. 89.
2357 11. 89.
2358 11. 89.
2359 11. 89.
2360 11. 89.
2361 11. 89.
2362 11. 89.
2363 11. 89.
2364 11. 89.
2365 11. 89.
2366 11. 89.
2367 11. 89.
2368 11. 89.
2369 11. 89.
2370 11. 89.
2371 11. 89.
2372 11. 89.
2373 11. 89.
2374 11. 89.
2375 11. 89.
2376 11. 89.
2377 11. 89.
2378 11. 89.
2379 11. 89.
2380 11. 89.
2381 11. 89.
2382 10. 90.
2383 11. 89.
2384 11. 89.
2385 11. 89.
2386 11. 89.
2387 11. 89.
2388 11. 89.
2389 11. 89.
2390 11. 89.
2391 11. 89.
2392 11. 89.
2393 11. 89.
2394 11. 89.
2395 11. 89.
2396 11. 89.
2397 11. 89.
2398 11. 89.
2399 11. 89.
2400 11. 89.
2401 11. 89.
2402 11. 89.
2403 11. 89.
2404 11. 89.
2405 11. 89.
2406 11. 89.
2407 11. 89.
2408 11. 89.
2409 11. 89.
2410 11. 89.
2411 11. 89.
2412 11. 89.
2413 11. 89.
2414 11. 89.
2415 11. 89.
2416 11. 89.
2417 11. 89.
2418 11. 89.
2419 11. 89.
2420 11. 89.
2421 11. 89.
2422 11. 89.
2423 11. 89.
2424 11. 89.
2425 11. 89.
2426 11. 89.
2427 11. 89.
2428 11. 89.
2429 11. 89.
2430 11. 89.
2431 11. 89.
2432 11. 89.
2433 11. 89.
2434 10. 90.
2435 10. 90.
2436 10. 90.
2437 10. 90.
2438 10. 90.
2439 10. 90.
2440 10. 90.
2441 10. 90.
2442 10. 90.
2443 10. 90.
2444 10. 90.
2445 10. 90.
2446 10. 90.
2447 9. 91.
2448 9. 91.
2449 9. 91.
2450 10. 90.
2451 10. 90.
2452 10. 90.
2453 10. 90.
2454 10. 90.
2455 10. 90.
2456 10. 90.
2457 11. 89.
2458 11. 89.
2459 10. 90.
2460 9. 91.
2461 9. 91.
2462 9. 91.
2463 9. 91.
2464 9. 91.
2465 9. 91.
2466 9. 91.
2467 8. 92.
2468 8. 92.
2469 8. 92.
2470 8. 92.
2471 8. 92.
2472 8. 92.
2473 8. 92.
2474 8. 92.
2475 8. 92.
2476 8. 92.
2477 8. 92.
2478 8. 92.
2479 8. 92.
2480 8. 92.
2481 8. 92.
2482 8. 92.
2483 9. 91.
2484 9. 91.
2485 9. 91.
2486 9. 91.
2487 9. 91.
2488 9. 91.
2489 9. 91.
2490 9. 91.
2491 9. 91.
2492 9. 91.
2493 9. 91.
2494 9. 91.
2495 9. 91.
2496 8. 92.
2497 8. 92.
2498 8. 92.
2499 8. 92.
2500 8. 92.
2501 8. 92.
2502 8. 92.
2503 8. 92.
2504 8. 92.
2505 8. 92.
2506 8. 92.
2507 8. 92.
2508 8. 92.
2509 8. 92.
2510 8. 92.
2511 8. 92.
2512 8. 92.
2513 8. 92.
2514 8. 92.
2515 8. 92.
2516 8. 92.
2517 8. 92.
2518 8. 92.
2519 8. 92.
2520 8. 92.
2521 8. 92.
2522 9. 91.
2523 9. 91.
2524 9. 91.
2525 9. 91.
2526 9. 91.
2527 9. 91.
2528 9. 91.
2529 9. 91.
2530 9. 91.
2531 10. 90.
2532 10. 90.
2533 10. 90.
2534 10. 90.
2535 10. 90.
2536 10. 90.
2537 10. 90.
2538 10. 90.
2539 10. 90.
2540 10. 90.
2541 10. 90.
2542 10. 90.
2543 10. 90.
2544 10. 90.
2545 10. 90.
2546 9. 91.
2547 9. 91.
2548 9. 91.
2549 9. 91.
2550 9. 91.
2551 9. 91.
2552 9. 91.
2553 9. 91.
2554 9. 91.
2555 9. 91.
2556 9. 91.
2557 9. 91.
2558 9. 91.
2559 9. 91.
2560 9. 91.
2561 9. 91.
2562 10. 90.
2563 10. 90.
2564 10. 90.
2565 10. 90.
2566 10. 90.
2567 10. 90.
2568 10. 90.
2569 10. 90.
2570 10. 90.
2571 10. 90.
2572 10. 90.
2573 10. 90.
2574 9. 91.
2575 9. 91.
2576 9. 91.
2577 9. 91.
2578 9. 91.
2579 9. 91.
2580 9. 91.
2581 9. 91.
2582 9. 91.
2583 10. 90.
2584 10. 90.
2585 10. 90.
2586 10. 90.
2587 10. 90.
2588 10. 90.
2589 10. 90.
2590 10. 90.
2591 10. 90.
2592 10. 90.
2593 10. 90.
2594 10. 90.
2595 10. 90.
2596 10. 90.
2597 10. 90.
2598 10. 90.
2599 10. 90.
2600 9. 91.
2601 9. 91.
2602 9. 91.
2603 9. 91.
2604 9. 91.
2605 9. 91.
2606 10. 90.
2607 10. 90.
2608 10. 90.
2609 11. 89.
2610 11. 89.
2611 11. 89.
2612 11. 89.
2613 11. 89.
2614 11. 89.
2615 11. 89.
2616 11. 89.
2617 11. 89.
2618 11. 89.
2619 11. 89.
2620 11. 89.
2621 11. 89.
2622 11. 89.
2623 11. 89.
2624 11. 89.
2625 10. 90.
2626 10. 90.
2627 10. 90.
2628 10. 90.
2629 10. 90.
2630 10. 90.
2631 10. 90.
2632 10. 90.
2633 10. 90.
2634 10. 90.
2635 10. 90.
2636 10. 90.
2637 10. 90.
2638 10. 90.
2639 10. 90.
2640 10. 90.
2641 11. 89.
2642 11. 89.
2643 11. 89.
2644 11. 89.
2645 11. 89.
2646 11. 89.
2647 11. 89.
2648 11. 89.
2649 11. 89.
2650 11. 89.
2651 11. 89.
2652 11. 89.
2653 11. 89.
2654 11. 89.
2655 12. 88.
2656 12. 88.
2657 12. 88.
2658 12. 88.
2659 12. 88.
2660 12. 88.
2661 12. 88.
2662 12. 88.
2663 12. 88.
2664 11. 89.
2665 11. 89.
2666 11. 89.
2667 11. 89.
2668 11. 89.
2669 11. 89.
2670 11. 89.
2671 12. 88.
2672 12. 88.
2673 12. 88.
2674 12. 88.
2675 12. 88.
2676 12. 88.
2677 12. 88.
2678 12. 88.
2679 11. 89.
2680 11. 89.
2681 11. 89.
2682 11. 89.
2683 11. 89.
2684 11. 89.
2685 11. 89.
2686 11. 89.
2687 11. 89.
2688 11. 89.
2689 11. 89.
2690 11. 89.
2691 11. 89.
2692 11. 89.
2693 11. 89.
2694 11. 89.
2695 11. 89.
2696 10. 90.
2697 10. 90.
2698 10. 90.
2699 10. 90.
2700 10. 90.
2701 10. 90.
2702 9. 91.
2703 9. 91.
2704 9. 91.
2705 9. 91.
2706 9. 91.
2707 9. 91.
2708 9. 91.
2709 9. 91.
2710 9. 91.
2711 9. 91.
2712 9. 91.
2713 9. 91.
2714 9. 91.
2715 9. 91.
2716 9. 91.
2717 9. 91.
2718 9. 91.
2719 9. 91.
2720 10. 90.
2721 10. 90.
2722 10. 90.
2723 10. 90.
2724 10. 90.
2725 10. 90.
2726 10. 90.
2727 10. 90.
2728 10. 90.
2729 10. 90.
2730 10. 90.
2731 10. 90.
2732 10. 90.
2733 10. 90.
2734 10. 90.
2735 10. 90.
2736 10. 90.
2737 10. 90.
2738 10. 90.
2739 10. 90.
2740 9. 91.
2741 9. 91.
2742 9. 91.
2743 9. 91.
2744 9. 91.
2745 9. 91.
2746 9. 91.
2747 9. 91.
2748 8. 92.
2749 9. 91.
2750 9. 91.
2751 9. 91.
2752 10. 90.
2753 10. 90.
2754 10. 90.
2755 10. 90.
2756 10. 90.
2757 10. 90.
2758 10. 90.
2759 10. 90.
2760 10. 90.
2761 10. 90.
2762 10. 90.
2763 10. 90.
2764 10. 90.
2765 10. 90.
2766 10. 90.
2767 11. 89.
2768 11. 89.
2769 11. 89.
2770 11. 89.
2771 10. 90.
2772 10. 90.
2773 10. 90.
2774 10. 90.
2775 10. 90.
2776 10. 90.
2777 10. 90.
2778 10. 90.
2779 10. 90.
2780 10. 90.
2781 10. 90.
2782 10. 90.
2783 11. 89.
2784 11. 89.
2785 11. 89.
2786 11. 89.
2787 11. 89.
2788 11. 89.
2789 11. 89.
2790 11. 89.
2791 11. 89.
2792 11. 89.
2793 11. 89.
2794 11. 89.
2795 11. 89.
2796 11. 89.
2797 11. 89.
2798 10. 90.
2799 10. 90.
2800 10. 90.
2801 10. 90.
2802 10. 90.
2803 10. 90.
2804 10. 90.
2805 10. 90.
2806 10. 90.
2807 10. 90.
2808 10. 90.
2809 10. 90.
2810 10. 90.
2811 10. 90.
2812 11. 89.
2813 11. 89.
2814 11. 89.
2815 11. 89.
2816 11. 89.
2817 11. 89.
2818 11. 89.
2819 11. 89.
2820 12. 88.
2821 12. 88.
2822 12. 88.
2823 12. 88.
2824 12. 88.
2825 12. 88.
2826 12. 88.
2827 12. 88.
2828 12. 88.
2829 12. 88.
2830 12. 88.
2831 12. 88.
2832 12. 88.
2833 12. 88.
2834 12. 88.
2835 13. 87.
2836 13. 87.
2837 13. 87.
2838 13. 87.
2839 13. 87.
2840 13. 87.
2841 13. 87.
2842 13. 87.
2843 13. 87.
2844 13. 87.
2845 13. 87.
2846 13. 87.
2847 13. 87.
2848 13. 87.
2849 14. 86.
2850 14. 86.
2851 14. 86.
2852 14. 86.
2853 14. 86.
2854 15. 85.
2855 16. 84.
2856 16. 84.
2857 16. 84.
2858 16. 84.
2859 16. 84.
2860 16. 84.
2861 16. 84.
2862 16. 84.
2863 15. 85.
2864 15. 85.
2865 15. 85.
2866 15. 85.
2867 15. 85.
2868 15. 85.
2869 15. 85.
2870 15. 85.
2871 15. 85.
2872 15. 85.
2873 14. 86.
2874 14. 86.
2875 14. 86.
2876 14. 86.
2877 14. 86.
2878 14. 86.
2879 15. 85.
2880 15. 85.
2881 15. 85.
2882 15. 85.
2883 15. 85.
2884 15. 85.
2885 15. 85.
2886 15. 85.
2887 15. 85.
2888 15. 85.
2889 15. 85.
2890 15. 85.
2891 15. 85.
2892 15. 85.
2893 15. 85.
2894 15. 85.
2895 15. 85.
2896 14. 86.
2897 14. 86.
2898 14. 86.
2899 14. 86.
2900 14. 86.
2901 14. 86.
2902 14. 86.
2903 14. 86.
2904 14. 86.
2905 14. 86.
2906 14. 86.
2907 14. 86.
2908 14. 86.
2909 14. 86.
2910 14. 86.
2911 14. 86.
2912 14. 86.
2913 14. 86.
2914 14. 86.
2915 14. 86.
2916 14. 86.
2917 14. 86.
2918 14. 86.
2919 14. 86.
2920 14. 86.
2921 13. 87.
2922 13. 87.
2923 13. 87.
2924 13. 87.
2925 13. 87.
2926 13. 87.
2927 12. 88.
2928 12. 88.
2929 12. 88.
2930 12. 88.
2931 12. 88.
2932 13. 87.
2933 13. 87.
2934 13. 87.
2935 13. 87.
2936 13. 87.
2937 12. 88.
2938 12. 88.
2939 12. 88.
2940 12. 88.
2941 12. 88.
2942 11. 89.
2943 11. 89.
2944 11. 89.
2945 11. 89.
2946 11. 89.
2947 11. 89.
2948 11. 89.
2949 11. 89.
2950 11. 89.
2951 11. 89.
2952 11. 89.
2953 11. 89.
2954 11. 89.
2955 11. 89.
2956 11. 89.
2957 11. 89.
2958 11. 89.
2959 11. 89.
2960 11. 89.
2961 11. 89.
2962 11. 89.
2963 11. 89.
2964 11. 89.
2965 11. 89.
2966 11. 89.
2967 11. 89.
2968 11. 89.
2969 11. 89.
2970 11. 89.
2971 11. 89.
2972 11. 89.
2973 11. 89.
2974 11. 89.
2975 11. 89.
2976 11. 89.
2977 11. 89.
2978 11. 89.
2979 11. 89.
2980 11. 89.
2981 11. 89.
2982 11. 89.
2983 11. 89.
2984 11. 89.
2985 11. 89.
2986 11. 89.
2987 11. 89.
2988 11. 89.
2989 11. 89.
2990 11. 89.
2991 11. 89.
2992 11. 89.
2993 11. 89.
2994 11. 89.
2995 12. 88.
2996 12. 88.
2997 12. 88.
2998 12. 88.
2999 12. 88.
3000 12. 88.
3001 12. 88.
3002 11. 89.
3003 11. 89.
3004 11. 89.
3005 11. 89.
3006 11. 89.
3007 12. 88.
3008 12. 88.
3009 12. 88.
3010 11. 89.
3011 11. 89.
3012 10. 90.
3013 10. 90.
3014 10. 90.
3015 10. 90.
3016 10. 90.
3017 10. 90.
3018 10. 90.
3019 10. 90.
3020 10. 90.
3021 10. 90.
3022 10. 90.
3023 11. 89.
3024 11. 89.
3025 11. 89.
3026 11. 89.
3027 11. 89.
3028 11. 89.
3029 12. 88.
3030 12. 88.
3031 12. 88.
3032 12. 88.
3033 12. 88.
3034 13. 87.
3035 13. 87.
3036 13. 87.
3037 13. 87.
3038 13. 87.
3039 13. 87.
3040 13. 87.
3041 13. 87.
3042 13. 87.
3043 13. 87.
3044 13. 87.
3045 13. 87.
3046 13. 87.
3047 13. 87.
3048 13. 87.
3049 14. 86.
3050 14. 86.
3051 14. 86.
3052 14. 86.
3053 14. 86.
3054 14. 86.
3055 14. 86.
3056 14. 86.
3057 14. 86.
3058 14. 86.
3059 14. 86.
3060 14. 86.
3061 15. 85.
3062 15. 85.
3063 15. 85.
3064 15. 85.
3065 15. 85.
3066 15. 85.
3067 15. 85.
3068 15. 85.
3069 14. 86.
3070 14. 86.
3071 14. 86.
3072 14. 86.
3073 14. 86.
3074 14. 86.
3075 14. 86.
3076 14. 86.
3077 14. 86.
3078 14. 86.
3079 14. 86.
3080 14. 86.
3081 14. 86.
3082 14. 86.
3083 14. 86.
3084 14. 86.
3085 14. 86.
3086 14. 86.
3087 14. 86.
3088 14. 86.
3089 14. 86.
3090 14. 86.
3091 14. 86.
3092 14. 86.
3093 14. 86.
3094 14. 86.
3095 14. 86.
3096 14. 86.
3097 14. 86.
3098 14. 86.
3099 14. 86.
3100 14. 86.
3101 14. 86.
3102 14. 86.
3103 14. 86.
3104 14. 86.
3105 14. 86.
3106 13. 87.
3107 13. 87.
3108 13. 87.
3109 13. 87.
3110 13. 87.
3111 13. 87.
3112 13. 87.
3113 13. 87.
3114 13. 87.
3115 13. 87.
3116 13. 87.
3117 13. 87.
3118 14. 86.
3119 14. 86.
3120 14. 86.
3121 15. 85.
3122 15. 85.
3123 15. 85.
3124 15. 85.
3125 15. 85.
3126 15. 85.
3127 15. 85.
3128 15. 85.
3129 15. 85.
3130 15. 85.
3131 15. 85.
3132 15. 85.
3133 15. 85.
3134 15. 85.
3135 15. 85.
3136 15. 85.
3137 15. 85.
3138 15. 85.
3139 15. 85.
3140 15. 85.
3141 15. 85.
3142 15. 85.
3143 15. 85.
3144 15. 85.
3145 15. 85.
3146 15. 85.
3147 15. 85.
3148 15. 85.
3149 15. 85.
3150 15. 85.
3151 15. 85.
3152 15. 85.
3153 15. 85.
3154 15. 85.
3155 15. 85.
3156 15. 85.
3157 15. 85.
3158 15. 85.
3159 15. 85.
3160 14. 86.
3161 14. 86.
3162 15. 85.
3163 16. 84.
3164 16. 84.
3165 16. 84.
3166 16. 84.
3167 16. 84.
3168 16. 84.
3169 16. 84.
3170 16. 84.
3171 16. 84.
3172 16. 84.
3173 17. 83.
3174 17. 83.
3175 17. 83.
3176 17. 83.
3177 18. 82.
3178 18. 82.
3179 18. 82.
3180 18. 82.
3181 18. 82.
3182 18. 82.
3183 18. 82.
3184 18. 82.
3185 18. 82.
3186 17. 83.
3187 17. 83.
3188 17. 83.
3189 17. 83.
3190 17. 83.
3191 17. 83.
3192 17. 83.
3193 17. 83.
3194 17. 83.
3195 17. 83.
3196 17. 83.
3197 17. 83.
3198 17. 83.
3199 17. 83.
3200 17. 83.
3201 17. 83.
3202 17. 83.
3203 17. 83.
3204 17. 83.
3205 17. 83.
3206 17. 83.
3207 17. 83.
3208 16. 84.
3209 16. 84.
3210 15. 85.
3211 15. 85.
3212 15. 85.
3213 15. 85.
3214 15. 85.
3215 15. 85.
3216 15. 85.
3217 15. 85.
3218 15. 85.
3219 15. 85.
3220 15. 85.
3221 15. 85.
3222 15. 85.
3223 15. 85.
3224 16. 84.
3225 16. 84.
3226 16. 84.
3227 16. 84.
3228 16. 84.
3229 16. 84.
3230 16. 84.
3231 16. 84.
3232 16. 84.
3233 16. 84.
3234 16. 84.
3235 16. 84.
3236 17. 83.
3237 17. 83.
3238 17. 83.
3239 17. 83.
3240 17. 83.
3241 17. 83.
3242 17. 83.
3243 17. 83.
3244 17. 83.
3245 17. 83.
3246 17. 83.
3247 17. 83.
3248 17. 83.
3249 17. 83.
3250 17. 83.
3251 17. 83.
3252 16. 84.
3253 16. 84.
3254 16. 84.
3255 16. 84.
3256 15. 85.
3257 15. 85.
3258 15. 85.
3259 15. 85.
3260 15. 85.
3261 15. 85.
3262 15. 85.
3263 15. 85.
3264 15. 85.
3265 15. 85.
3266 15. 85.
3267 15. 85.
3268 15. 85.
3269 15. 85.
3270 15. 85.
3271 15. 85.
3272 15. 85.
3273 15. 85.
3274 15. 85.
3275 15. 85.
3276 15. 85.
3277 14. 86.
3278 15. 85.
3279 15. 85.
3280 15. 85.
3281 15. 85.
3282 15. 85.
3283 15. 85.
3284 15. 85.
3285 15. 85.
3286 15. 85.
3287 16. 84.
3288 16. 84.
3289 16. 84.
3290 16. 84.
3291 16. 84.
3292 16. 84.
3293 16. 84.
3294 16. 84.
3295 16. 84.
3296 16. 84.
3297 16. 84.
3298 16. 84.
3299 16. 84.
3300 16. 84.
3301 16. 84.
3302 16. 84.
3303 16. 84.
3304 16. 84.
3305 15. 85.
3306 15. 85.
3307 15. 85.
3308 15. 85.
3309 15. 85.
3310 15. 85.
3311 15. 85.
3312 15. 85.
3313 15. 85.
3314 15. 85.
3315 15. 85.
3316 15. 85.
3317 14. 86.
3318 14. 86.
3319 14. 86.
3320 14. 86.
3321 14. 86.
3322 14. 86.
3323 14. 86.
3324 14. 86.
3325 13. 87.
3326 13. 87.
3327 13. 87.
3328 13. 87.
3329 13. 87.
3330 13. 87.
3331 13. 87.
3332 13. 87.
3333 13. 87.
3334 13. 87.
3335 13. 87.
3336 13. 87.
3337 13. 87.
3338 13. 87.
3339 13. 87.
3340 13. 87.
3341 13. 87.
3342 13. 87.
3343 13. 87.
3344 13. 87.
3345 13. 87.
3346 13. 87.
3347 13. 87.
3348 13. 87.
3349 13. 87.
3350 13. 87.
3351 13. 87.
3352 13. 87.
3353 12. 88.
3354 12. 88.
3355 12. 88.
3356 12. 88.
3357 12. 88.
3358 12. 88.
3359 12. 88.
3360 12. 88.
3361 12. 88.
3362 12. 88.
3363 12. 88.
3364 12. 88.
3365 12. 88.
3366 11. 89.
3367 11. 89.
3368 11. 89.
3369 11. 89.
3370 11. 89.
3371 11. 89.
3372 11. 89.
3373 11. 89.
3374 11. 89.
3375 11. 89.
3376 11. 89.
3377 11. 89.
3378 10. 90.
3379 10. 90.
3380 10. 90.
3381 10. 90.
3382 10. 90.
3383 10. 90.
3384 10. 90.
3385 10. 90.
3386 10. 90.
3387 10. 90.
3388 10. 90.
3389 10. 90.
3390 10. 90.
3391 10. 90.
3392 10. 90.
3393 10. 90.
3394 11. 89.
3395 11. 89.
3396 11. 89.
3397 11. 89.
3398 12. 88.
3399 12. 88.
3400 12. 88.
3401 12. 88.
3402 12. 88.
3403 12. 88.
3404 12. 88.
3405 12. 88.
3406 12. 88.
3407 12. 88.
3408 12. 88.
3409 12. 88.
3410 12. 88.
3411 12. 88.
3412 12. 88.
3413 12. 88.
3414 12. 88.
3415 12. 88.
3416 12. 88.
3417 12. 88.
3418 12. 88.
3419 12. 88.
3420 12. 88.
3421 12. 88.
3422 12. 88.
3423 12. 88.
3424 12. 88.
3425 12. 88.
3426 12. 88.
3427 12. 88.
3428 12. 88.
3429 12. 88.
3430 12. 88.
3431 12. 88.
3432 12. 88.
3433 12. 88.
3434 12. 88.
3435 12. 88.
3436 12. 88.
3437 12. 88.
3438 12. 88.
3439 12. 88.
3440 12. 88.
3441 12. 88.
3442 12. 88.
3443 12. 88.
3444 12. 88.
3445 12. 88.
3446 12. 88.
3447 12. 88.
3448 12. 88.
3449 12. 88.
3450 12. 88.
3451 12. 88.
3452 12. 88.
3453 12. 88.
3454 12. 88.
3455 11. 89.
3456 11. 89.
3457 11. 89.
3458 11. 89.
3459 11. 89.
3460 11. 89.
3461 11. 89.
3462 11. 89.
3463 11. 89.
3464 11. 89.
3465 11. 89.
3466 11. 89.
3467 11. 89.
3468 11. 89.
3469 11. 89.
3470 11. 89.
3471 11. 89.
3472 11. 89.
3473 11. 89.
3474 11. 89.
3475 11. 89.
3476 11. 89.
3477 11. 89.
3478 11. 89.
3479 11. 89.
3480 11. 89.
3481 11. 89.
3482 11. 89.
3483 11. 89.
3484 10. 90.
3485 10. 90.
3486 10. 90.
3487 11. 89.
3488 11. 89.
3489 11. 89.
3490 11. 89.
3491 11. 89.
3492 11. 89.
3493 11. 89.
3494 11. 89.
3495 11. 89.
3496 11. 89.
3497 11. 89.
3498 11. 89.
3499 11. 89.
3500 11. 89.
3501 11. 89.
3502 11. 89.
3503 11. 89.
3504 12. 88.
3505 12. 88.
3506 12. 88.
3507 12. 88.
3508 12. 88.
3509 12. 88.
3510 12. 88.
3511 12. 88.
3512 12. 88.
3513 12. 88.
3514 12. 88.
3515 12. 88.
3516 11. 89.
3517 11. 89.
3518 11. 89.
3519 11. 89.
3520 11. 89.
3521 11. 89.
3522 10. 90.
3523 10. 90.
3524 10. 90.
3525 10. 90.
3526 10. 90.
3527 10. 90.
3528 11. 89.
3529 11. 89.
3530 11. 89.
3531 11. 89.
3532 10. 90.
3533 10. 90.
3534 10. 90.
3535 10. 90.
3536 10. 90.
3537 10. 90.
3538 10. 90.
3539 10. 90.
3540 10. 90.
3541 10. 90.
3542 10. 90.
3543 10. 90.
3544 10. 90.
3545 10. 90.
3546 10. 90.
3547 10. 90.
3548 10. 90.
3549 10. 90.
3550 10. 90.
3551 11. 89.
3552 11. 89.
3553 11. 89.
3554 10. 90.
3555 10. 90.
3556 10. 90.
3557 10. 90.
3558 10. 90.
3559 10. 90.
3560 10. 90.
3561 9. 91.
3562 9. 91.
3563 9. 91.
3564 9. 91.
3565 9. 91.
3566 9. 91.
3567 9. 91.
3568 9. 91.
3569 9. 91.
3570 9. 91.
3571 9. 91.
3572 8. 92.
3573 8. 92.
3574 8. 92.
3575 8. 92.
3576 8. 92.
3577 8. 92.
3578 8. 92.
3579 8. 92.
3580 8. 92.
3581 8. 92.
3582 8. 92.
3583 8. 92.
3584 8. 92.
3585 8. 92.
3586 8. 92.
3587 8. 92.
3588 8. 92.
3589 8. 92.
3590 8. 92.
3591 8. 92.
3592 8. 92.
3593 8. 92.
3594 8. 92.
3595 8. 92.
3596 8. 92.
3597 8. 92.
3598 8. 92.
3599 8. 92.
3600 9. 91.
3601 9. 91.
3602 9. 91.
3603 9. 91.
3604 9. 91.
3605 9. 91.
3606 9. 91.
3607 9. 91.
3608 9. 91.
3609 9. 91.
3610 9. 91.
3611 9. 91.
3612 9. 91.
3613 9. 91.
3614 9. 91.
3615 9. 91.
3616 9. 91.
3617 9. 91.
3618 9. 91.
3619 9. 91.
3620 9. 91.
3621 9. 91.
3622 9. 91.
3623 9. 91.
3624 9. 91.
3625 9. 91.
3626 9. 91.
3627 9. 91.
3628 9. 91.
3629 9. 91.
3630 9. 91.
3631 9. 91.
3632 9. 91.
3633 9. 91.
3634 9. 91.
3635 9. 91.
3636 9. 91.
3637 9. 91.
3638 9. 91.
3639 10. 90.
3640 10. 90.
3641 10. 90.
3642 10. 90.
3643 10. 90.
3644 10. 90.
3645 10. 90.
3646 9. 91.
3647 9. 91.
3648 9. 91.
3649 9. 91.
3650 9. 91.
3651 9. 91.
3652 9. 91.
3653 9. 91.
3654 9. 91.
3655 9. 91.
3656 9. 91.
3657 9. 91.
3658 9. 91.
3659 9. 91.
3660 9. 91.
3661 9. 91.
3662 9. 91.
3663 8. 92.
3664 8. 92.
3665 8. 92.
3666 8. 92.
3667 8. 92.
3668 8. 92.
3669 8. 92.
3670 8. 92.
3671 8. 92.
3672 8. 92.
3673 9. 91.
3674 9. 91.
3675 9. 91.
3676 8. 92.
3677 8. 92.
3678 8. 92.
3679 8. 92.
3680 8. 92.
3681 9. 91.
3682 9. 91.
3683 9. 91.
3684 9. 91.
3685 9. 91.
3686 9. 91.
3687 9. 91.
3688 9. 91.
3689 9. 91.
3690 9. 91.
3691 9. 91.
3692 9. 91.
3693 9. 91.
3694 9. 91.
3695 9. 91.
3696 9. 91.
3697 9. 91.
3698 9. 91.
3699 9. 91.
3700 9. 91.
3701 9. 91.
3702 9. 91.
3703 9. 91.
3704 9. 91.
3705 9. 91.
3706 9. 91.
3707 9. 91.
3708 9. 91.
3709 9. 91.
3710 8. 92.
3711 8. 92.
3712 8. 92.
3713 8. 92.
3714 8. 92.
3715 8. 92.
3716 8. 92.
3717 8. 92.
3718 8. 92.
3719 8. 92.
3720 8. 92.
3721 8. 92.
3722 8. 92.
3723 9. 91.
3724 9. 91.
3725 9. 91.
3726 8. 92.
3727 8. 92.
3728 8. 92.
3729 8. 92.
3730 7. 93.
3731 7. 93.
3732 7. 93.
3733 8. 92.
3734 8. 92.
3735 8. 92.
3736 8. 92.
3737 8. 92.
3738 8. 92.
3739 7. 93.
3740 7. 93.
3741 7. 93.
3742 7. 93.
3743 7. 93.
3744 7. 93.
3745 7. 93.
3746 7. 93.
3747 7. 93.
3748 7. 93.
3749 7. 93.
3750 7. 93.
3751 7. 93.
3752 7. 93.
3753 7. 93.
3754 7. 93.
3755 7. 93.
3756 7. 93.
3757 7. 93.
3758 7. 93.
3759 7. 93.
3760 7. 93.
3761 7. 93.
3762 7. 93.
3763 7. 93.
3764 7. 93.
3765 7. 93.
3766 7. 93.
3767 7. 93.
3768 7. 93.
3769 7. 93.
3770 8. 92.
3771 8. 92.
3772 8. 92.
3773 8. 92.
3774 8. 92.
3775 8. 92.
3776 8. 92.
3777 8. 92.
3778 8. 92.
3779 8. 92.
3780 8. 92.
3781 8. 92.
3782 8. 92.
3783 8. 92.
3784 8. 92.
3785 8. 92.
3786 8. 92.
3787 8. 92.
3788 8. 92.
3789 8. 92.
3790 8. 92.
3791 9. 91.
3792 9. 91.
3793 9. 91.
3794 9. 91.
3795 9. 91.
3796 9. 91.
3797 9. 91.
3798 9. 91.
3799 9. 91.
3800 9. 91.
3801 9. 91.
3802 9. 91.
3803 9. 91.
3804 9. 91.
3805 9. 91.
3806 9. 91.
3807 9. 91.
3808 9. 91.
3809 9. 91.
3810 9. 91.
3811 9. 91.
3812 9. 91.
3813 9. 91.
3814 9. 91.
3815 9. 91.
3816 9. 91.
3817 8. 92.
3818 8. 92.
3819 8. 92.
3820 8. 92.
3821 8. 92.
3822 8. 92.
3823 8. 92.
3824 9. 91.
3825 10. 90.
3826 10. 90.
3827 10. 90.
3828 10. 90.
3829 10. 90.
3830 10. 90.
3831 9. 91.
3832 9. 91.
3833 8. 92.
3834 7. 93.
3835 7. 93.
3836 7. 93.
3837 7. 93.
3838 7. 93.
3839 7. 93.
3840 6. 94.
3841 6. 94.
3842 6. 94.
3843 6. 94.
3844 6. 94.
3845 6. 94.
3846 6. 94.
3847 6. 94.
3848 6. 94.
3849 6. 94.
3850 6. 94.
3851 6. 94.
3852 6. 94.
3853 6. 94.
3854 6. 94.
3855 6. 94.
3856 6. 94.
3857 6. 94.
3858 6. 94.
3859 6. 94.
3860 6. 94.
3861 6. 94.
3862 6. 94.
3863 6. 94.
3864 6. 94.
3865 6. 94.
3866 6. 94.
3867 6. 94.
3868 6. 94.
3869 6. 94.
3870 6. 94.
3871 7. 93.
3872 7. 93.
3873 6. 94.
3874 6. 94.
3875 6. 94.
3876 6. 94.
3877 6. 94.
3878 6. 94.
3879 6. 94.
3880 6. 94.
3881 6. 94.
3882 6. 94.
3883 6. 94.
3884 6. 94.
3885 6. 94.
3886 6. 94.
3887 6. 94.
3888 6. 94.
3889 6. 94.
3890 6. 94.
3891 6. 94.
3892 6. 94.
3893 6. 94.
3894 6. 94.
3895 6. 94.
3896 6. 94.
3897 6. 94.
3898 5. 95.
3899 5. 95.
3900 5. 95.
3901 5. 95.
3902 5. 95.
3903 5. 95.
3904 5. 95.
3905 5. 95.
3906 5. 95.
3907 5. 95.
3908 5. 95.
3909 5. 95.
3910 5. 95.
3911 5. 95.
3912 5. 95.
3913 5. 95.
3914 5. 95.
3915 5. 95.
3916 5. 95.
3917 4. 96.
3918 4. 96.
3919 4. 96.
3920 4. 96.
3921 5. 95.
3922 5. 95.
3923 5. 95.
3924 5. 95.
3925 5. 95.
3926 5. 95.
3927 5. 95.
3928 5. 95.
3929 5. 95.
3930 5. 95.
3931 5. 95.
3932 5. 95.
3933 5. 95.
3934 5. 95.
3935 5. 95.
3936 5. 95.
3937 5. 95.
3938 5. 95.
3939 5. 95.
3940 5. 95.
3941 5. 95.
3942 5. 95.
3943 5. 95.
3944 5. 95.
3945 5. 95.
3946 5. 95.
3947 5. 95.
3948 5. 95.
3949 5. 95.
3950 5. 95.
3951 5. 95.
3952 5. 95.
3953 5. 95.
3954 5. 95.
3955 5. 95.
3956 5. 95.
3957 5. 95.
3958 5. 95.
3959 5. 95.
3960 4. 96.
3961 4. 96.
3962 4. 96.
3963 4. 96.
3964 4. 96.
3965 4. 96.
3966 5. 95.
3967 5. 95.
3968 5. 95.
3969 5. 95.
3970 5. 95.
3971 4. 96.
3972 4. 96.
3973 4. 96.
3974 4. 96.
3975 4. 96.
3976 4. 96.
3977 4. 96.
3978 4. 96.
3979 4. 96.
3980 4. 96.
3981 4. 96.
3982 4. 96.
3983 4. 96.
3984 4. 96.
3985 4. 96.
3986 4. 96.
3987 5. 95.
3988 5. 95.
3989 5. 95.
3990 5. 95.
3991 5. 95.
3992 5. 95.
3993 5. 95.
3994 5. 95.
3995 4. 96.
3996 4. 96.
3997 4. 96.
3998 4. 96.
3999 4. 96.
4000 4. 96.
4001 4. 96.
4002 4. 96.
4003 4. 96.
4004 4. 96.
4005 4. 96.
4006 4. 96.
4007 3. 97.
4008 3. 97.
4009 3. 97.
4010 3. 97.
4011 4. 96.
4012 4. 96.
4013 4. 96.
4014 4. 96.
4015 4. 96.
4016 4. 96.
4017 4. 96.
4018 4. 96.
4019 4. 96.
4020 4. 96.
4021 4. 96.
4022 4. 96.
4023 4. 96.
4024 4. 96.
4025 4. 96.
4026 4. 96.
4027 4. 96.
4028 4. 96.
4029 4. 96.
4030 4. 96.
4031 4. 96.
4032 4. 96.
4033 4. 96.
4034 4. 96.
4035 4. 96.
4036 4. 96.
4037 4. 96.
4038 4. 96.
4039 4. 96.
4040 4. 96.
4041 4. 96.
4042 4. 96.
4043 4. 96.
4044 4. 96.
4045 4. 96.
4046 4. 96.
4047 4. 96.
4048 4. 96.
4049 4. 96.
4050 4. 96.
4051 4. 96.
4052 4. 96.
4053 4. 96.
4054 4. 96.
4055 4. 96.
4056 4. 96.
4057 4. 96.
4058 4. 96.
4059 4. 96.
4060 4. 96.
4061 4. 96.
4062 4. 96.
4063 4. 96.
4064 4. 96.
4065 4. 96.
4066 5. 95.
4067 5. 95.
4068 5. 95.
4069 5. 95.
4070 5. 95.
4071 5. 95.
4072 5. 95.
4073 5. 95.
4074 5. 95.
4075 5. 95.
4076 5. 95.
4077 5. 95.
4078 5. 95.
4079 5. 95.
4080 5. 95.
4081 5. 95.
4082 5. 95.
4083 5. 95.
4084 5. 95.
4085 5. 95.
4086 5. 95.
4087 5. 95.
4088 5. 95.
4089 5. 95.
4090 5. 95.
4091 5. 95.
4092 5. 95.
4093 5. 95.
4094 5. 95.
4095 5. 95.
4096 5. 95.
4097 5. 95.
4098 5. 95.
4099 5. 95.
4100 5. 95.
4101 5. 95.
4102 4. 96.
4103 4. 96.
4104 4. 96.
4105 4. 96.
4106 4. 96.
4107 4. 96.
4108 4. 96.
4109 4. 96.
4110 4. 96.
4111 4. 96.
4112 4. 96.
4113 4. 96.
4114 4. 96.
4115 4. 96.
4116 4. 96.
4117 4. 96.
4118 4. 96.
4119 4. 96.
4120 4. 96.
4121 4. 96.
4122 4. 96.
4123 4. 96.
4124 4. 96.
4125 4. 96.
4126 4. 96.
4127 4. 96.
4128 4. 96.
4129 4. 96.
4130 4. 96.
4131 5. 95.
4132 5. 95.
4133 5. 95.
4134 5. 95.
4135 5. 95.
4136 5. 95.
4137 5. 95.
4138 5. 95.
4139 5. 95.
4140 5. 95.
4141 5. 95.
4142 5. 95.
4143 5. 95.
4144 5. 95.
4145 5. 95.
4146 5. 95.
4147 5. 95.
4148 5. 95.
4149 5. 95.
4150 5. 95.
4151 5. 95.
4152 5. 95.
4153 5. 95.
4154 4. 96.
4155 4. 96.
4156 4. 96.
4157 4. 96.
4158 4. 96.
4159 4. 96.
4160 4. 96.
4161 4. 96.
4162 4. 96.
4163 4. 96.
4164 4. 96.
4165 4. 96.
4166 4. 96.
4167 3. 97.
4168 3. 97.
4169 3. 97.
4170 3. 97.
4171 3. 97.
4172 3. 97.
4173 3. 97.
4174 3. 97.
4175 3. 97.
4176 3. 97.
4177 3. 97.
4178 3. 97.
4179 3. 97.
4180 3. 97.
4181 3. 97.
4182 3. 97.
4183 3. 97.
4184 3. 97.
4185 3. 97.
4186 3. 97.
4187 3. 97.
4188 3. 97.
4189 3. 97.
4190 3. 97.
4191 3. 97.
4192 3. 97.
4193 3. 97.
4194 3. 97.
4195 3. 97.
4196 3. 97.
4197 3. 97.
4198 3. 97.
4199 3. 97.
4200 3. 97.
4201 3. 97.
4202 3. 97.
4203 3. 97.
4204 3. 97.
4205 3. 97.
4206 3. 97.
4207 3. 97.
4208 3. 97.
4209 3. 97.
4210 3. 97.
4211 4. 96.
4212 4. 96.
4213 3. 97.
4214 3. 97.
4215 3. 97.
4216 3. 97.
4217 3. 97.
4218 3. 97.
4219 3. 97.
4220 3. 97.
4221 3. 97.
4222 3. 97.
4223 3. 97.
4224 3. 97.
4225 3. 97.
4226 3. 97.
4227 3. 97.
4228 3. 97.
4229 3. 97.
4230 3. 97.
4231 3. 97.
4232 3. 97.
4233 3. 97.
4234 3. 97.
4235 3. 97.
4236 3. 97.
4237 3. 97.
4238 3. 97.
4239 3. 97.
4240 3. 97.
4241 3. 97.
4242 3. 97.
4243 3. 97.
4244 3. 97.
4245 3. 97.
4246 3. 97.
4247 3. 97.
4248 3. 97.
4249 3. 97.
4250 3. 97.
4251 3. 97.
4252 3. 97.
4253 3. 97.
4254 3. 97.
4255 3. 97.
4256 3. 97.
4257 3. 97.
4258 3. 97.
4259 3. 97.
4260 3. 97.
4261 3. 97.
4262 3. 97.
4263 3. 97.
4264 3. 97.
4265 3. 97.
4266 3. 97.
4267 3. 97.
4268 3. 97.
4269 3. 97.
4270 3. 97.
4271 3. 97.
4272 3. 97.
4273 3. 97.
4274 3. 97.
4275 3. 97.
4276 3. 97.
4277 3. 97.
4278 3. 97.
4279 3. 97.
4280 4. 96.
4281 4. 96.
4282 4. 96.
4283 4. 96.
4284 4. 96.
4285 4. 96.
4286 4. 96.
4287 4. 96.
4288 4. 96.
4289 3. 97.
4290 3. 97.
4291 3. 97.
4292 3. 97.
4293 3. 97.
4294 3. 97.
4295 3. 97.
4296 3. 97.
4297 3. 97.
4298 3. 97.
4299 3. 97.
4300 3. 97.
4301 3. 97.
4302 3. 97.
4303 3. 97.
4304 3. 97.
4305 3. 97.
4306 3. 97.
4307 3. 97.
4308 3. 97.
4309 3. 97.
4310 3. 97.
4311 3. 97.
4312 3. 97.
4313 3. 97.
4314 3. 97.
4315 3. 97.
4316 3. 97.
4317 3. 97.
4318 3. 97.
4319 3. 97.
4320 3. 97.
4321 3. 97.
4322 3. 97.
4323 3. 97.
4324 3. 97.
4325 3. 97.
4326 2. 98.
4327 2. 98.
4328 2. 98.
4329 2. 98.
4330 2. 98.
4331 2. 98.
4332 2. 98.
4333 2. 98.
4334 2. 98.
4335 2. 98.
4336 2. 98.
4337 2. 98.
4338 2. 98.
4339 2. 98.
4340 2. 98.
4341 2. 98.
4342 2. 98.
4343 2. 98.
4344 2. 98.
4345 2. 98.
4346 2. 98.
4347 2. 98.
4348 2. 98.
4349 2. 98.
4350 2. 98.
4351 2. 98.
4352 2. 98.
4353 2. 98.
4354 2. 98.
4355 2. 98.
4356 2. 98.
4357 2. 98.
4358 2. 98.
4359 2. 98.
4360 2. 98.
4361 2. 98.
4362 2. 98.
4363 2. 98.
4364 2. 98.
4365 2. 98.
4366 2. 98.
4367 2. 98.
4368 2. 98.
4369 2. 98.
4370 2. 98.
4371 2. 98.
4372 2. 98.
4373 2. 98.
4374 2. 98.
4375 2. 98.
4376 2. 98.
4377 2. 98.
4378 2. 98.
4379 2. 98.
4380 2. 98.
4381 3. 97.
4382 3. 97.
4383 3. 97.
4384 3. 97.
4385 3. 97.
4386 3. 97.
4387 3. 97.
4388 3. 97.
4389 3. 97.
4390 3. 97.
4391 3. 97.
4392 3. 97.
4393 3. 97.
4394 3. 97.
4395 3. 97.
4396 3. 97.
4397 3. 97.
4398 2. 98.
4399 2. 98.
4400 2. 98.
4401 2. 98.
4402 2. 98.
4403 2. 98.
4404 2. 98.
4405 2. 98.
4406 2. 98.
4407 2. 98.
4408 2. 98.
4409 2. 98.
4410 2. 98.
4411 2. 98.
4412 2. 98.
4413 2. 98.
4414 2. 98.
4415 2. 98.
4416 2. 98.
4417 2. 98.
4418 2. 98.
4419 2. 98.
4420 2. 98.
4421 2. 98.
4422 2. 98.
4423 2. 98.
4424 2. 98.
4425 2. 98.
4426 2. 98.
4427 2. 98.
4428 2. 98.
4429 2. 98.
4430 2. 98.
4431 2. 98.
4432 2. 98.
4433 2. 98.
4434 2. 98.
4435 2. 98.
4436 2. 98.
4437 2. 98.
4438 3. 97.
4439 3. 97.
4440 3. 97.
4441 3. 97.
4442 3. 97.
4443 3. 97.
4444 3. 97.
4445 3. 97.
4446 3. 97.
4447 3. 97.
4448 3. 97.
4449 3. 97.
4450 3. 97.
4451 3. 97.
4452 3. 97.
4453 3. 97.
4454 3. 97.
4455 3. 97.
4456 3. 97.
4457 3. 97.
4458 3. 97.
4459 3. 97.
4460 4. 96.
4461 4. 96.
4462 4. 96.
4463 4. 96.
4464 4. 96.
4465 4. 96.
4466 4. 96.
4467 4. 96.
4468 4. 96.
4469 4. 96.
4470 4. 96.
4471 4. 96.
4472 4. 96.
4473 4. 96.
4474 4. 96.
4475 4. 96.
4476 4. 96.
4477 4. 96.
4478 4. 96.
4479 4. 96.
4480 4. 96.
4481 4. 96.
4482 4. 96.
4483 4. 96.
4484 4. 96.
4485 4. 96.
4486 4. 96.
4487 4. 96.
4488 4. 96.
4489 4. 96.
4490 4. 96.
4491 4. 96.
4492 4. 96.
4493 4. 96.
4494 4. 96.
4495 4. 96.
4496 4. 96.
4497 4. 96.
4498 4. 96.
4499 4. 96.
4500 4. 96.
4501 4. 96.
4502 4. 96.
4503 4. 96.
4504 4. 96.
4505 4. 96.
4506 4. 96.
4507 4. 96.
4508 4. 96.
4509 4. 96.
4510 4. 96.
4511 4. 96.
4512 4. 96.
4513 4. 96.
4514 4. 96.
4515 5. 95.
4516 5. 95.
4517 5. 95.
4518 5. 95.
4519 5. 95.
4520 5. 95.
4521 5. 95.
4522 5. 95.
4523 5. 95.
4524 5. 95.
4525 5. 95.
4526 5. 95.
4527 5. 95.
4528 5. 95.
4529 5. 95.
4530 5. 95.
4531 5. 95.
4532 5. 95.
4533 5. 95.
4534 5. 95.
4535 4. 96.
4536 4. 96.
4537 4. 96.
4538 4. 96.
4539 4. 96.
4540 4. 96.
4541 4. 96.
4542 4. 96.
4543 4. 96.
4544 4. 96.
4545 4. 96.
4546 4. 96.
4547 4. 96.
4548 4. 96.
4549 4. 96.
4550 4. 96.
4551 4. 96.
4552 5. 95.
4553 5. 95.
4554 5. 95.
4555 5. 95.
4556 5. 95.
4557 5. 95.
4558 5. 95.
4559 5. 95.
4560 5. 95.
4561 5. 95.
4562 5. 95.
4563 5. 95.
4564 5. 95.
4565 5. 95.
4566 5. 95.
4567 5. 95.
4568 5. 95.
4569 5. 95.
4570 5. 95.
4571 5. 95.
4572 5. 95.
4573 5. 95.
4574 5. 95.
4575 5. 95.
4576 5. 95.
4577 5. 95.
4578 5. 95.
4579 5. 95.
4580 5. 95.
4581 5. 95.
4582 5. 95.
4583 5. 95.
4584 5. 95.
4585 5. 95.
4586 5. 95.
4587 5. 95.
4588 5. 95.
4589 5. 95.
4590 5. 95.
4591 5. 95.
4592 5. 95.
4593 5. 95.
4594 5. 95.
4595 5. 95.
4596 5. 95.
4597 5. 95.
4598 5. 95.
4599 5. 95.
4600 5. 95.
4601 5. 95.
4602 5. 95.
4603 4. 96.
4604 4. 96.
4605 4. 96.
4606 4. 96.
4607 4. 96.
4608 4. 96.
4609 4. 96.
4610 4. 96.
4611 4. 96.
4612 4. 96.
4613 4. 96.
4614 4. 96.
4615 4. 96.
4616 4. 96.
4617 4. 96.
4618 4. 96.
4619 3. 97.
4620 3. 97.
4621 3. 97.
4622 3. 97.
4623 3. 97.
4624 3. 97.
4625 3. 97.
4626 3. 97.
4627 3. 97.
4628 3. 97.
4629 3. 97.
4630 4. 96.
4631 4. 96.
4632 4. 96.
4633 4. 96.
4634 4. 96.
4635 4. 96.
4636 4. 96.
4637 4. 96.
4638 4. 96.
4639 4. 96.
4640 4. 96.
4641 4. 96.
4642 4. 96.
4643 4. 96.
4644 4. 96.
4645 4. 96.
4646 4. 96.
4647 4. 96.
4648 4. 96.
4649 4. 96.
4650 4. 96.
4651 4. 96.
4652 4. 96.
4653 4. 96.
4654 4. 96.
4655 4. 96.
4656 4. 96.
4657 3. 97.
4658 3. 97.
4659 4. 96.
4660 4. 96.
4661 4. 96.
4662 4. 96.
4663 4. 96.
4664 4. 96.
4665 4. 96.
4666 4. 96.
4667 4. 96.
4668 4. 96.
4669 4. 96.
4670 4. 96.
4671 4. 96.
4672 4. 96.
4673 4. 96.
4674 4. 96.
4675 4. 96.
4676 4. 96.
4677 4. 96.
4678 4. 96.
4679 4. 96.
4680 4. 96.
4681 4. 96.
4682 4. 96.
4683 4. 96.
4684 4. 96.
4685 4. 96.
4686 4. 96.
4687 4. 96.
4688 4. 96.
4689 4. 96.
4690 4. 96.
4691 4. 96.
4692 4. 96.
4693 4. 96.
4694 4. 96.
4695 4. 96.
4696 4. 96.
4697 4. 96.
4698 4. 96.
4699 4. 96.
4700 4. 96.
4701 4. 96.
4702 4. 96.
4703 4. 96.
4704 4. 96.
4705 4. 96.
4706 4. 96.
4707 4. 96.
4708 4. 96.
4709 4. 96.
4710 4. 96.
4711 4. 96.
4712 4. 96.
4713 4. 96.
4714 4. 96.
4715 4. 96.
4716 4. 96.
4717 4. 96.
4718 4. 96.
4719 4. 96.
4720 4. 96.
4721 4. 96.
4722 4. 96.
4723 4. 96.
4724 4. 96.
4725 4. 96.
4726 4. 96.
4727 4. 96.
4728 4. 96.
4729 4. 96.
4730 4. 96.
4731 4. 96.
4732 4. 96.
4733 4. 96.
4734 4. 96.
4735 4. 96.
4736 4. 96.
4737 4. 96.
4738 4. 96.
4739 4. 96.
4740 4. 96.
4741 4. 96.
4742 4. 96.
4743 4. 96.
4744 3. 97.
4745 3. 97.
4746 3. 97.
4747 3. 97.
4748 3. 97.
4749 3. 97.
4750 3. 97.
4751 3. 97.
4752 2. 98.
4753 2. 98.
4754 2. 98.
4755 2. 98.
4756 2. 98.
4757 2. 98.
4758 2. 98.
4759 2. 98.
4760 2. 98.
4761 2. 98.
4762 2. 98.
4763 2. 98.
4764 2. 98.
4765 2. 98.
4766 2. 98.
4767 2. 98.
4768 2. 98.
4769 2. 98.
4770 2. 98.
4771 2. 98.
4772 2. 98.
4773 2. 98.
4774 2. 98.
4775 2. 98.
4776 2. 98.
4777 2. 98.
4778 2. 98.
4779 2. 98.
4780 2. 98.
4781 2. 98.
4782 2. 98.
4783 2. 98.
4784 2. 98.
4785 2. 98.
4786 2. 98.
4787 2. 98.
4788 2. 98.
4789 2. 98.
4790 2. 98.
4791 2. 98.
4792 2. 98.
4793 2. 98.
4794 2. 98.
4795 2. 98.
4796 2. 98.
4797 2. 98.
4798 2. 98.
4799 2. 98.
4800 2. 98.
4801 2. 98.
4802 2. 98.
4803 2. 98.
4804 2. 98.
4805 2. 98.
4806 2. 98.
4807 2. 98.
4808 2. 98.
4809 2. 98.
4810 2. 98.
4811 2. 98.
4812 3. 97.
4813 3. 97.
4814 3. 97.
4815 3. 97.
4816 3. 97.
4817 3. 97.
4818 3. 97.
4819 3. 97.
4820 3. 97.
4821 3. 97.
4822 3. 97.
4823 3. 97.
4824 3. 97.
4825 3. 97.
4826 3. 97.
4827 3. 97.
4828 2. 98.
4829 2. 98.
4830 2. 98.
4831 2. 98.
4832 2. 98.
4833 2. 98.
4834 2. 98.
4835 2. 98.
4836 2. 98.
4837 2. 98.
4838 2. 98.
4839 2. 98.
4840 2. 98.
4841 2. 98.
4842 2. 98.
4843 2. 98.
4844 2. 98.
4845 2. 98.
4846 1. 99.
4847 1. 99.
4848 1. 99.
4849 2. 98.
4850 2. 98.
4851 2. 98.
4852 2. 98.
4853 2. 98.
4854 2. 98.
4855 2. 98.
4856 2. 98.
4857 2. 98.
4858 2. 98.
4859 2. 98.
4860 2. 98.
4861 2. 98.
4862 2. 98.
4863 2. 98.
4864 2. 98.
4865 2. 98.
4866 2. 98.
4867 2. 98.
4868 2. 98.
4869 2. 98.
4870 2. 98.
4871 2. 98.
4872 2. 98.
4873 2. 98.
4874 2. 98.
4875 2. 98.
4876 2. 98.
4877 2. 98.
4878 2. 98.
4879 2. 98.
4880 2. 98.
4881 2. 98.
4882 2. 98.
4883 2. 98.
4884 2. 98.
4885 2. 98.
4886 2. 98.
4887 2. 98.
4888 2. 98.
4889 2. 98.
4890 2. 98.
4891 2. 98.
4892 2. 98.
4893 2. 98.
4894 2. 98.
4895 2. 98.
4896 2. 98.
4897 2. 98.
4898 2. 98.
4899 2. 98.
4900 2. 98.
4901 2. 98.
4902 2. 98.
4903 2. 98.
4904 2. 98.
4905 2. 98.
4906 2. 98.
4907 2. 98.
4908 2. 98.
4909 2. 98.
4910 2. 98.
4911 2. 98.
4912 2. 98.
4913 2. 98.
4914 2. 98.
4915 3. 97.
4916 3. 97.
4917 3. 97.
4918 3. 97.
4919 3. 97.
4920 3. 97.
4921 3. 97.
4922 3. 97.
4923 3. 97.
4924 3. 97.
4925 3. 97.
4926 3. 97.
4927 3. 97.
4928 3. 97.
4929 3. 97.
4930 3. 97.
4931 3. 97.
4932 3. 97.
4933 3. 97.
4934 3. 97.
4935 3. 97.
4936 3. 97.
4937 3. 97.
4938 3. 97.
4939 2. 98.
4940 2. 98.
4941 2. 98.
4942 2. 98.
4943 2. 98.
4944 2. 98.
4945 2. 98.
4946 2. 98.
4947 2. 98.
4948 2. 98.
4949 2. 98.
4950 2. 98.
4951 2. 98.
4952 2. 98.
4953 2. 98.
4954 2. 98.
4955 3. 97.
4956 3. 97.
4957 3. 97.
4958 3. 97.
4959 3. 97.
4960 3. 97.
4961 3. 97.
4962 3. 97.
4963 3. 97.
4964 3. 97.
4965 3. 97.
4966 3. 97.
4967 3. 97.
4968 3. 97.
4969 3. 97.
4970 3. 97.
4971 3. 97.
4972 3. 97.
4973 4. 96.
4974 4. 96.
4975 3. 97.
4976 3. 97.
4977 3. 97.
4978 3. 97.
4979 3. 97.
4980 3. 97.
4981 3. 97.
4982 3. 97.
4983 3. 97.
4984 3. 97.
4985 3. 97.
4986 3. 97.
4987 3. 97.
4988 3. 97.
4989 3. 97.
4990 3. 97.
4991 3. 97.
4992 3. 97.
4993 3. 97.
4994 3. 97.
4995 3. 97.
4996 3. 97.
4997 3. 97.
4998 3. 97.
4999 3. 97.
5000 3. 97.
5001 3. 97.
5002 3. 97.
5003 3. 97.
5004 3. 97.
5005 3. 97.
5006 3. 97.
5007 3. 97.
5008 3. 97.
5009 3. 97.
5010 3. 97.
5011 3. 97.
5012 3. 97.
5013 2. 98.
5014 2. 98.
5015 2. 98.
5016 2. 98.
5017 2. 98.
5018 2. 98.
5019 2. 98.
5020 2. 98.
5021 2. 98.
5022 2. 98.
5023 2. 98.
5024 2. 98.
5025 2. 98.
5026 2. 98.
5027 2. 98.
5028 2. 98.
5029 2. 98.
5030 2. 98.
5031 2. 98.
5032 2. 98.
5033 2. 98.
5034 2. 98.
5035 2. 98.
5036 2. 98.
5037 2. 98.
5038 2. 98.
5039 2. 98.
5040 2. 98.
5041 2. 98.
5042 2. 98.
5043 2. 98.
5044 2. 98.
5045 2. 98.
5046 2. 98.
5047 2. 98.
5048 2. 98.
5049 2. 98.
5050 2. 98.
5051 2. 98.
5052 2. 98.
5053 2. 98.
5054 2. 98.
5055 2. 98.
5056 2. 98.
5057 2. 98.
5058 2. 98.
5059 2. 98.
5060 2. 98.
5061 2. 98.
5062 2. 98.
5063 2. 98.
5064 2. 98.
5065 2. 98.
5066 2. 98.
5067 2. 98.
5068 2. 98.
5069 2. 98.
5070 2. 98.
5071 2. 98.
5072 1. 99.
5073 1. 99.
5074 1. 99.
5075 1. 99.
5076 1. 99.
5077 1. 99.
5078 1. 99.
5079 1. 99.
5080 1. 99.
5081 1. 99.
5082 1. 99.
5083 1. 99.
5084 1. 99.
5085 1. 99.
5086 1. 99.
5087 1. 99.
5088 1. 99.
5089 1. 99.
5090 1. 99.
5091 1. 99.
5092 1. 99.
5093 1. 99.
5094 1. 99.
5095 1. 99.
5096 1. 99.
5097 1. 99.
5098 1. 99.
5099 1. 99.
5100 1. 99.
5101 1. 99.
5102 1. 99.
5103 1. 99.
5104 1. 99.
5105 1. 99.
5106 1. 99.
5107 1. 99.
5108 1. 99.
5109 1. 99.
5110 1. 99.
5111 1. 99.
5112 1. 99.
5113 1. 99.
5114 1. 99.
5115 1. 99.
5116 1. 99.
5117 1. 99.
5118 1. 99.
5119 1. 99.
