0 23. 77.
1 22. 78.
2 22. 78.
3 22. 78.
4 22. 78.
5 21. 79.
6 20. 80.
7 20. 80.
8 20. 80.
9 20. 80.
10 20. 80.
11 19. 81.
12 19. 81.
13 18. 82.
14 18. 82.
15 18. 82.
16 18. 82.
17 18. 82.
18 18. 82.
19 18. 82.
20 18. 82.
21 18. 82.
22 18. 82.
23 19. 81.
24 19. 81.
25 19. 81.
26 19. 81.
27 18. 82.
28 18. 82.
29 19. 81.
30 19. 81.
31 18. 82.
32 18. 82.
33 18. 82.
34 19. 81.
35 19. 81.
36 20. 80.
37 19. 81.
38 18. 82.
39 17. 83.
40 17. 83.
41 17. 83.
42 17. 83.
43 17. 83.
44 16. 84.
45 16. 84.
46 16. 84.
47 16. 84.
48 16. 84.
49 16. 84.
50 16. 84.
51 16. 84.
52 16. 84.
53 17. 83.
54 17. 83.
55 17. 83.
56 17. 83.
57 17. 83.
58 18. 82.
59 18. 82.
60 18. 82.
61 18. 82.
62 18. 82.
63 18. 82.
64 19. 81.
65 19. 81.
66 20. 80.
67 20. 80.
68 20. 80.
69 19. 81.
70 18. 82.
71 18. 82.
72 18. 82.
73 19. 81.
74 19. 81.
75 19. 81.
76 19. 81.
77 20. 80.
78 20. 80.
79 21. 79.
80 22. 78.
81 22. 78.
82 21. 79.
83 21. 79.
84 21. 79.
85 20. 80.
86 19. 81.
87 19. 81.
88 19. 81.
89 19. 81.
90 19. 81.
91 19. 81.
92 19. 81.
93 19. 81.
94 19. 81.
95 19. 81.
96 20. 80.
97 20. 80.
98 20. 80.
99 20. 80.
100 20. 80.
101 20. 80.
102 20. 80.
103 21. 79.
104 21. 79.
105 21. 79.
106 21. 79.
107 21. 79.
108 21. 79.
109 21. 79.
110 21. 79.
111 21. 79.
112 21. 79.
113 21. 79.
114 21. 79.
115 21. 79.
116 20. 80.
117 20. 80.
118 20. 80.
119 20. 80.
120 20. 80.
121 21. 79.
122 21. 79.
123 21. 79.
124 21. 79.
125 21. 79.
126 21. 79.
127 21. 79.
128 21. 79.
129 22. 78.
130 22. 78.
131 22. 78.
132 22. 78.
133 22. 78.
134 22. 78.
135 22. 78.
136 22. 78.
137 22. 78.
138 22. 78.
139 22. 78.
140 22. 78.
141 22. 78.
142 23. 77.
143 23. 77.
144 23. 77.
145 23. 77.
146 23. 77.
147 23. 77.
148 23. 77.
149 23. 77.
150 23. 77.
151 23. 77.
152 23. 77.
153 24. 76.
154 24. 76.
155 24. 76.
156 24. 76.
157 24. 76.
158 23. 77.
159 23. 77.
160 22. 78.
161 22. 78.
162 21. 79.
163 21. 79.
164 22. 78.
165 22. 78.
166 22. 78.
167 22. 78.
168 22. 78.
169 22. 78.
170 22. 78.
171 22. 78.
172 22. 78.
173 22. 78.
174 22. 78.
175 22. 78.
176 22. 78.
177 22. 78.
178 22. 78.
179 22. 78.
180 22. 78.
181 22. 78.
182 22. 78.
183 21. 79.
184 21. 79.
185 21. 79.
186 21. 79.
187 21. 79.
188 20. 80.
189 20. 80.
190 19. 81.
191 19. 81.
192 19. 81.
193 20. 80.
194 20. 80.
195 20. 80.
196 20. 80.
197 20. 80.
198 20. 80.
199 20. 80.
200 20. 80.
201 20. 80.
202 20. 80.
203 19. 81.
204 19. 81.
205 19. 81.
206 18. 82.
207 18. 82.
208 18. 82.
209 18. 82.
210 18. 82.
211 18. 82.
212 18. 82.
213 18. 82.
214 18. 82.
215 18. 82.
216 18. 82.
217 18. 82.
218 18. 82.
219 17. 83.
220 16. 84.
221 16. 84.
222 15. 85.
223 15. 85.
224 15. 85.
225 15. 85.
226 14. 86.
227 14. 86.
228 14. 86.
229 14. 86.
230 13. 87.
231 13. 87.
232 13. 87.
233 13. 87.
234 13. 87.
235 13. 87.
236 13. 87.
237 13. 87.
238 13. 87.
239 13. 87.
240 13. 87.
241 14. 86.
242 14. 86.
243 14. 86.
244 14. 86.
245 14. 86.
246 14. 86.
247 14. 86.
248 14. 86.
249 15. 85.
250 15. 85.
251 15. 85.
252 15. 85.
253 15. 85.
254 15. 85.
255 15. 85.
256 15. 85.
257 15. 85.
258 15. 85.
259 15. 85.
260 15. 85.
261 15. 85.
262 16. 84.
263 16. 84.
264 16. 84.
265 16. 84.
266 16. 84.
267 16. 84.
268 16. 84.
269 16. 84.
270 16. 84.
271 16. 84.
272 16. 84.
273 16. 84.
274 16. 84.
275 16. 84.
276 16. 84.
277 16. 84.
278 16. 84.
279 16. 84.
280 16. 84.
281 16. 84.
282 16. 84.
283 17. 83.
284 17. 83.
285 17. 83.
286 16. 84.
287 16. 84.
288 16. 84.
289 16. 84.
290 16. 84.
291 16. 84.
292 16. 84.
293 16. 84.
294 16. 84.
295 16. 84.
296 16. 84.
297 16. 84.
298 16. 84.
299 16. 84.
300 16. 84.
301 16. 84.
302 16. 84.
303 16. 84.
304 17. 83.
305 17. 83.
306 18. 82.
307 18. 82.
308 19. 81.
309 19. 81.
310 20. 80.
311 20. 80.
312 20. 80.
313 20. 80.
314 20. 80.
315 20. 80.
316 20. 80.
317 20. 80.
318 20. 80.
319 20. 80.
320 20. 80.
321 20. 80.
322 20. 80.
323 20. 80.
324 20. 80.
325 20. 80.
326 20. 80.
327 20. 80.
328 21. 79.
329 21. 79.
330 21. 79.
331 21. 79.
332 21. 79.
333 21. 79.
334 21. 79.
335 21. 79.
336 21. 79.
337 21. 79.
338 21. 79.
339 20. 80.
340 20. 80.
341 20. 80.
342 20. 80.
343 20. 80.
344 19. 81.
345 19. 81.
346 19. 81.
347 19. 81.
348 19. 81.
349 19. 81.
350 19. 81.
351 20. 80.
352 20. 80.
353 20. 80.
354 20. 80.
355 20. 80.
356 20. 80.
357 20. 80.
358 20. 80.
359 20. 80.
360 20. 80.
361 20. 80.
362 19. 81.
363 19. 81.
364 19. 81.
365 19. 81.
366 19. 81.
367 19. 81.
368 19. 81.
369 19. 81.
370 19. 81.
371 20. 80.
372 20. 80.
373 20. 80.
374 20. 80.
375 20. 80.
376 20. 80.
377 20. 80.
378 21. 79.
379 20. 80.
380 20. 80.
381 20. 80.
382 20. 80.
383 20. 80.
384 19. 81.
385 19. 81.
386 19. 81.
387 19. 81.
388 19. 81.
389 19. 81.
390 19. 81.
391 19. 81.
392 18. 82.
393 18. 82.
394 18. 82.
395 18. 82.
396 18. 82.
397 18. 82.
398 18. 82.
399 18. 82.
400 18. 82.
401 18. 82.
402 18. 82.
403 18. 82.
404 18. 82.
405 18. 82.
406 18. 82.
407 18. 82.
408 18. 82.
409 19. 81.
410 19. 81.
411 19. 81.
412 19. 81.
413 20. 80.
414 20. 80.
415 20. 80.
416 20. 80.
417 20. 80.
418 20. 80.
419 20. 80.
420 20. 80.
421 21. 79.
422 21. 79.
423 21. 79.
424 21. 79.
425 21. 79.
426 21. 79.
427 21. 79.
428 22. 78.
429 21. 79.
430 20. 80.
431 20. 80.
432 20. 80.
433 20. 80.
434 20. 80.
435 20. 80.
436 20. 80.
437 20. 80.
438 20. 80.
439 20. 80.
440 20. 80.
441 20. 80.
442 20. 80.
443 20. 80.
444 20. 80.
445 21. 79.
446 21. 79.
447 21. 79.
448 21. 79.
449 21. 79.
450 21. 79.
451 21. 79.
452 21. 79.
453 21. 79.
454 21. 79.
455 22. 78.
456 22. 78.
457 22. 78.
458 22. 78.
459 23. 77.
460 23. 77.
461 23. 77.
462 22. 78.
463 22. 78.
464 22. 78.
465 22. 78.
466 22. 78.
467 22. 78.
468 22. 78.
469 22. 78.
470 22. 78.
471 22. 78.
472 22. 78.
473 22. 78.
474 22. 78.
475 22. 78.
476 22. 78.
477 22. 78.
478 22. 78.
479 22. 78.
480 22. 78.
481 22. 78.
482 22. 78.
483 22. 78.
484 22. 78.
485 22. 78.
486 22. 78.
487 22. 78.
488 22. 78.
489 22. 78.
490 22. 78.
491 22. 78.
492 22. 78.
493 22. 78.
494 22. 78.
495 22. 78.
496 21. 79.
497 21. 79.
498 21. 79.
499 21. 79.
500 21. 79.
501 21. 79.
502 21. 79.
503 21. 79.
504 21. 79.
505 21. 79.
506 21. 79.
507 21. 79.
508 20. 80.
509 20. 80.
510 21. 79.
511 21. 79.
512 21. 79.
513 21. 79.
514 20. 80.
515 20. 80.
516 20. 80.
517 20. 80.
518 20. 80.
519 21. 79.
520 21. 79.
521 21. 79.
522 21. 79.
523 21. 79.
524 21. 79.
525 21. 79.
526 21. 79.
527 21. 79.
528 21. 79.
529 21. 79.
530 21. 79.
531 21. 79.
532 21. 79.
533 20. 80.
534 20. 80.
535 20. 80.
536 20. 80.
537 20. 80.
538 20. 80.
539 20. 80.
540 20. 80.
541 20. 80.
542 21. 79.
543 21. 79.
544 21. 79.
545 21. 79.
546 21. 79.
547 21. 79.
548 21. 79.
549 21. 79.
550 21. 79.
551 21. 79.
552 21. 79.
553 21. 79.
554 21. 79.
555 21. 79.
556 21. 79.
557 21. 79.
558 22. 78.
559 22. 78.
560 22. 78.
561 21. 79.
562 21. 79.
563 21. 79.
564 20. 80.
565 21. 79.
566 21. 79.
567 21. 79.
568 21. 79.
569 20. 80.
570 20. 80.
571 20. 80.
572 20. 80.
573 21. 79.
574 21. 79.
575 21. 79.
576 21. 79.
577 21. 79.
578 21. 79.
579 21. 79.
580 21. 79.
581 21. 79.
582 21. 79.
583 21. 79.
584 21. 79.
585 21. 79.
586 21. 79.
587 21. 79.
588 21. 79.
589 21. 79.
590 21. 79.
591 21. 79.
592 20. 80.
593 20. 80.
594 20. 80.
595 20. 80.
596 20. 80.
597 20. 80.
598 20. 80.
599 21. 79.
600 21. 79.
601 21. 79.
602 21. 79.
603 21. 79.
604 21. 79.
605 21. 79.
606 20. 80.
607 20. 80.
608 20. 80.
609 20. 80.
610 20. 80.
611 20. 80.
612 20. 80.
613 20. 80.
614 20. 80.
615 20. 80.
616 20. 80.
617 19. 81.
618 19. 81.
619 19. 81.
620 19. 81.
621 19. 81.
622 19. 81.
623 19. 81.
624 19. 81.
625 19. 81.
626 20. 80.
627 20. 80.
628 20. 80.
629 21. 79.
630 21. 79.
631 21. 79.
632 21. 79.
633 21. 79.
634 21. 79.
635 21. 79.
636 21. 79.
637 21. 79.
638 21. 79.
639 21. 79.
640 21. 79.
641 21. 79.
642 21. 79.
643 20. 80.
644 21. 79.
645 21. 79.
646 21. 79.
647 21. 79.
648 22. 78.
649 22. 78.
650 21. 79.
651 21. 79.
652 20. 80.
653 21. 79.
654 21. 79.
655 21. 79.
656 21. 79.
657 21. 79.
658 21. 79.
659 21. 79.
660 22. 78.
661 22. 78.
662 22. 78.
663 23. 77.
664 23. 77.
665 23. 77.
666 23. 77.
667 23. 77.
668 23. 77.
669 23. 77.
670 22. 78.
671 22. 78.
672 22. 78.
673 22. 78.
674 22. 78.
675 22. 78.
676 22. 78.
677 22. 78.
678 23. 77.
679 22. 78.
680 22. 78.
681 22. 78.
682 22. 78.
683 22. 78.
684 22. 78.
685 22. 78.
686 22. 78.
687 22. 78.
688 22. 78.
689 22. 78.
690 22. 78.
691 22. 78.
692 22. 78.
693 22. 78.
694 22. 78.
695 22. 78.
696 22. 78.
697 22. 78.
698 22. 78.
699 22. 78.
700 22. 78.
701 22. 78.
702 22. 78.
703 22. 78.
704 21. 79.
705 21. 79.
706 22. 78.
707 22. 78.
708 22. 78.
709 22. 78.
710 22. 78.
711 21. 79.
712 20. 80.
713 20. 80.
714 20. 80.
715 20. 80.
716 20. 80.
717 20. 80.
718 20. 80.
719 20. 80.
720 20. 80.
721 20. 80.
722 20. 80.
723 20. 80.
724 20. 80.
725 19. 81.
726 19. 81.
727 19. 81.
728 19. 81.
729 20. 80.
730 20. 80.
731 20. 80.
732 21. 79.
733 20. 80.
734 20. 80.
735 20. 80.
736 20. 80.
737 20. 80.
738 21. 79.
739 21. 79.
740 21. 79.
741 21. 79.
742 21. 79.
743 22. 78.
744 22. 78.
745 22. 78.
746 22. 78.
747 23. 77.
748 23. 77.
749 23. 77.
750 23. 77.
751 24. 76.
752 24. 76.
753 25. 75.
754 24. 76.
755 23. 77.
756 23. 77.
757 23. 77.
758 23. 77.
759 23. 77.
760 23. 77.
761 23. 77.
762 23. 77.
763 23. 77.
764 23. 77.
765 23. 77.
766 23. 77.
767 23. 77.
768 23. 77.
769 24. 76.
770 23. 77.
771 24. 76.
772 24. 76.
773 24. 76.
774 24. 76.
775 23. 77.
776 24. 76.
777 24. 76.
778 24. 76.
779 24. 76.
780 24. 76.
781 24. 76.
782 24. 76.
783 24. 76.
784 24. 76.
785 24. 76.
786 23. 77.
787 22. 78.
788 22. 78.
789 22. 78.
790 22. 78.
791 22. 78.
792 23. 77.
793 23. 77.
794 23. 77.
795 23. 77.
796 23. 77.
797 23. 77.
798 22. 78.
799 22. 78.
800 22. 78.
801 21. 79.
802 21. 79.
803 21. 79.
804 21. 79.
805 21. 79.
806 21. 79.
807 21. 79.
808 21. 79.
809 21. 79.
810 21. 79.
811 21. 79.
812 21. 79.
813 21. 79.
814 21. 79.
815 21. 79.
816 20. 80.
817 20. 80.
818 20. 80.
819 20. 80.
820 20. 80.
821 20. 80.
822 20. 80.
823 20. 80.
824 19. 81.
825 19. 81.
826 19. 81.
827 19. 81.
828 19. 81.
829 19. 81.
830 19. 81.
831 19. 81.
832 19. 81.
833 19. 81.
834 19. 81.
835 19. 81.
836 19. 81.
837 19. 81.
838 19. 81.
839 19. 81.
840 20. 80.
841 20. 80.
842 20. 80.
843 20. 80.
844 20. 80.
845 19. 81.
846 19. 81.
847 19. 81.
848 19. 81.
849 19. 81.
850 19. 81.
851 19. 81.
852 19. 81.
853 19. 81.
854 19. 81.
855 19. 81.
856 19. 81.
857 20. 80.
858 20. 80.
859 20. 80.
860 19. 81.
861 19. 81.
862 19. 81.
863 19. 81.
864 19. 81.
865 19. 81.
866 19. 81.
867 19. 81.
868 18. 82.
869 18. 82.
870 18. 82.
871 18. 82.
872 18. 82.
873 18. 82.
874 18. 82.
875 17. 83.
876 18. 82.
877 18. 82.
878 18. 82.
879 18. 82.
880 18. 82.
881 18. 82.
882 18. 82.
883 18. 82.
884 18. 82.
885 18. 82.
886 18. 82.
887 18. 82.
888 18. 82.
889 18. 82.
890 18. 82.
891 18. 82.
892 18. 82.
893 18. 82.
894 18. 82.
895 18. 82.
896 18. 82.
897 18. 82.
898 18. 82.
899 18. 82.
900 18. 82.
901 18. 82.
902 18. 82.
903 18. 82.
904 18. 82.
905 18. 82.
906 18. 82.
907 18. 82.
908 18. 82.
909 18. 82.
910 18. 82.
911 19. 81.
912 19. 81.
913 19. 81.
914 19. 81.
915 19. 81.
916 19. 81.
917 19. 81.
918 20. 80.
919 20. 80.
920 20. 80.
921 20. 80.
922 20. 80.
923 20. 80.
924 20. 80.
925 20. 80.
926 20. 80.
927 20. 80.
928 20. 80.
929 20. 80.
930 20. 80.
931 21. 79.
932 21. 79.
933 22. 78.
934 23. 77.
935 24. 76.
936 24. 76.
937 24. 76.
938 24. 76.
939 23. 77.
940 23. 77.
941 23. 77.
942 23. 77.
943 23. 77.
944 23. 77.
945 23. 77.
946 23. 77.
947 23. 77.
948 22. 78.
949 22. 78.
950 22. 78.
951 22. 78.
952 22. 78.
953 22. 78.
954 22. 78.
955 22. 78.
956 22. 78.
957 22. 78.
958 22. 78.
959 22. 78.
960 22. 78.
961 23. 77.
962 23. 77.
963 23. 77.
964 23. 77.
965 23. 77.
966 23. 77.
967 23. 77.
968 23. 77.
969 23. 77.
970 23. 77.
971 23. 77.
972 23. 77.
973 23. 77.
974 23. 77.
975 23. 77.
976 23. 77.
977 22. 78.
978 22. 78.
979 22. 78.
980 22. 78.
981 22. 78.
982 22. 78.
983 22. 78.
984 22. 78.
985 22. 78.
986 22. 78.
987 21. 79.
988 21. 79.
989 22. 78.
990 22. 78.
991 22. 78.
992 22. 78.
993 22. 78.
994 22. 78.
995 23. 77.
996 22. 78.
997 22. 78.
998 21. 79.
999 20. 80.
1000 20. 80.
1001 20. 80.
1002 20. 80.
1003 20. 80.
1004 20. 80.
1005 20. 80.
1006 20. 80.
1007 20. 80.
1008 20. 80.
1009 20. 80.
1010 20. 80.
1011 20. 80.
1012 19. 81.
1013 19. 81.
1014 19. 81.
1015 19. 81.
1016 19. 81.
1017 19. 81.
1018 19. 81.
1019 20. 80.
1020 20. 80.
1021 20. 80.
1022 20. 80.
1023 20. 80.
1024 21. 79.
1025 21. 79.
1026 21. 79.
1027 21. 79.
1028 21. 79.
1029 21. 79.
1030 22. 78.
1031 22. 78.
1032 22. 78.
1033 22. 78.
1034 22. 78.
1035 23. 77.
1036 23. 77.
1037 23. 77.
1038 23. 77.
1039 23. 77.
1040 22. 78.
1041 22. 78.
1042 22. 78.
1043 22. 78.
1044 21. 79.
1045 21. 79.
1046 21. 79.
1047 21. 79.
1048 20. 80.
1049 20. 80.
1050 20. 80.
1051 21. 79.
1052 21. 79.
1053 21. 79.
1054 21. 79.
1055 20. 80.
1056 20. 80.
1057 20. 80.
1058 20. 80.
1059 19. 81.
1060 19. 81.
1061 19. 81.
1062 19. 81.
1063 19. 81.
1064 19. 81.
1065 19. 81.
1066 20. 80.
1067 20. 80.
1068 20. 80.
1069 20. 80.
1070 20. 80.
1071 19. 81.
1072 19. 81.
1073 19. 81.
1074 19. 81.
1075 19. 81.
1076 19. 81.
1077 19. 81.
1078 19. 81.
1079 19. 81.
1080 19. 81.
1081 19. 81.
1082 19. 81.
1083 20. 80.
1084 20. 80.
1085 21. 79.
1086 21. 79.
1087 21. 79.
1088 21. 79.
1089 21. 79.
1090 21. 79.
1091 21. 79.
1092 20. 80.
1093 20. 80.
1094 20. 80.
1095 20. 80.
1096 20. 80.
1097 20. 80.
1098 20. 80.
1099 20. 80.
1100 20. 80.
1101 20. 80.
1102 20. 80.
1103 20. 80.
1104 20. 80.
1105 20. 80.
1106 20. 80.
1107 20. 80.
1108 20. 80.
1109 20. 80.
1110 20. 80.
1111 20. 80.
1112 20. 80.
1113 20. 80.
1114 20. 80.
1115 20. 80.
1116 20. 80.
1117 20. 80.
1118 20. 80.
1119 20. 80.
1120 20. 80.
1121 19. 81.
1122 19. 81.
1123 19. 81.
1124 19. 81.
1125 19. 81.
1126 19. 81.
1127 19. 81.
1128 19. 81.
1129 19. 81.
1130 19. 81.
1131 19. 81.
1132 19. 81.
1133 19. 81.
1134 19. 81.
1135 19. 81.
1136 19. 81.
1137 19. 81.
1138 19. 81.
1139 19. 81.
1140 19. 81.
1141 19. 81.
1142 19. 81.
1143 18. 82.
1144 18. 82.
1145 18. 82.
1146 18. 82.
1147 18. 82.
1148 18. 82.
1149 18. 82.
1150 18. 82.
1151 18. 82.
1152 18. 82.
1153 18. 82.
1154 18. 82.
1155 18. 82.
1156 18. 82.
1157 18. 82.
1158 18. 82.
1159 18. 82.
1160 18. 82.
1161 18. 82.
1162 18. 82.
1163 18. 82.
1164 18. 82.
1165 18. 82.
1166 18. 82.
1167 18. 82.
1168 18. 82.
1169 17. 83.
1170 17. 83.
1171 17. 83.
1172 17. 83.
1173 18. 82.
1174 18. 82.
1175 18. 82.
1176 18. 82.
1177 18. 82.
1178 17. 83.
1179 17. 83.
1180 17. 83.
1181 17. 83.
1182 17. 83.
1183 16. 84.
1184 16. 84.
1185 15. 85.
1186 15. 85.
1187 15. 85.
1188 16. 84.
1189 17. 83.
1190 17. 83.
1191 17. 83.
1192 17. 83.
1193 18. 82.
1194 17. 83.
1195 17. 83.
1196 16. 84.
1197 16. 84.
1198 16. 84.
1199 15. 85.
1200 15. 85.
1201 14. 86.
1202 15. 85.
1203 16. 84.
1204 16. 84.
1205 16. 84.
1206 16. 84.
1207 16. 84.
1208 15. 85.
1209 16. 84.
1210 16. 84.
1211 17. 83.
1212 17. 83.
1213 17. 83.
1214 17. 83.
1215 16. 84.
1216 16. 84.
1217 16. 84.
1218 16. 84.
1219 16. 84.
1220 16. 84.
1221 16. 84.
1222 16. 84.
1223 16. 84.
1224 16. 84.
1225 16. 84.
1226 16. 84.
1227 15. 85.
1228 15. 85.
1229 15. 85.
1230 16. 84.
1231 16. 84.
1232 16. 84.
1233 16. 84.
1234 16. 84.
1235 17. 83.
1236 16. 84.
1237 17. 83.
1238 18. 82.
1239 18. 82.
1240 18. 82.
1241 18. 82.
1242 18. 82.
1243 18. 82.
1244 18. 82.
1245 18. 82.
1246 19. 81.
1247 19. 81.
1248 18. 82.
1249 18. 82.
1250 18. 82.
1251 18. 82.
1252 18. 82.
1253 18. 82.
1254 18. 82.
1255 18. 82.
1256 18. 82.
1257 18. 82.
1258 18. 82.
1259 18. 82.
1260 18. 82.
1261 18. 82.
1262 19. 81.
1263 19. 81.
1264 19. 81.
1265 19. 81.
1266 19. 81.
1267 19. 81.
1268 19. 81.
1269 19. 81.
1270 19. 81.
1271 19. 81.
1272 19. 81.
1273 19. 81.
1274 19. 81.
1275 18. 82.
1276 19. 81.
1277 19. 81.
1278 19. 81.
1279 20. 80.
1280 20. 80.
1281 20. 80.
1282 20. 80.
1283 20. 80.
1284 20. 80.
1285 20. 80.
1286 20. 80.
1287 19. 81.
1288 19. 81.
1289 19. 81.
1290 19. 81.
1291 19. 81.
1292 19. 81.
1293 19. 81.
1294 19. 81.
1295 20. 80.
1296 20. 80.
1297 21. 79.
1298 21. 79.
1299 22. 78.
1300 22. 78.
1301 22. 78.
1302 22. 78.
1303 22. 78.
1304 22. 78.
1305 22. 78.
1306 22. 78.
1307 22. 78.
1308 22. 78.
1309 22. 78.
1310 23. 77.
1311 24. 76.
1312 24. 76.
1313 24. 76.
1314 24. 76.
1315 24. 76.
1316 24. 76.
1317 24. 76.
1318 23. 77.
1319 23. 77.
1320 23. 77.
1321 23. 77.
1322 23. 77.
1323 23. 77.
1324 23. 77.
1325 23. 77.
1326 23. 77.
1327 23. 77.
1328 23. 77.
1329 23. 77.
1330 23. 77.
1331 23. 77.
1332 22. 78.
1333 22. 78.
1334 23. 77.
1335 23. 77.
1336 22. 78.
1337 22. 78.
1338 22. 78.
1339 22. 78.
1340 21. 79.
1341 21. 79.
1342 21. 79.
1343 21. 79.
1344 22. 78.
1345 22. 78.
1346 21. 79.
1347 21. 79.
1348 21. 79.
1349 21. 79.
1350 21. 79.
1351 21. 79.
1352 21. 79.
1353 21. 79.
1354 21. 79.
1355 21. 79.
1356 21. 79.
1357 21. 79.
1358 21. 79.
1359 22. 78.
1360 22. 78.
1361 22. 78.
1362 22. 78.
1363 23. 77.
1364 23. 77.
1365 23. 77.
1366 22. 78.
1367 21. 79.
1368 22. 78.
1369 23. 77.
1370 24. 76.
1371 24. 76.
1372 23. 77.
1373 23. 77.
1374 23. 77.
1375 22. 78.
1376 22. 78.
1377 22. 78.
1378 21. 79.
1379 20. 80.
1380 21. 79.
1381 21. 79.
1382 20. 80.
1383 20. 80.
1384 20. 80.
1385 21. 79.
1386 21. 79.
1387 21. 79.
1388 21. 79.
1389 21. 79.
1390 21. 79.
1391 21. 79.
1392 21. 79.
1393 21. 79.
1394 21. 79.
1395 21. 79.
1396 21. 79.
1397 21. 79.
1398 21. 79.
1399 21. 79.
1400 21. 79.
1401 22. 78.
1402 22. 78.
1403 22. 78.
1404 22. 78.
1405 21. 79.
1406 21. 79.
1407 21. 79.
1408 21. 79.
1409 21. 79.
1410 22. 78.
1411 22. 78.
1412 22. 78.
1413 22. 78.
1414 22. 78.
1415 22. 78.
1416 22. 78.
1417 22. 78.
1418 22. 78.
1419 22. 78.
1420 22. 78.
1421 22. 78.
1422 23. 77.
1423 23. 77.
1424 23. 77.
1425 23. 77.
1426 23. 77.
1427 23. 77.
1428 23. 77.
1429 23. 77.
1430 23. 77.
1431 23. 77.
1432 23. 77.
1433 23. 77.
1434 23. 77.
1435 23. 77.
1436 23. 77.
1437 22. 78.
1438 22. 78.
1439 22. 78.
1440 22. 78.
1441 22. 78.
1442 22. 78.
1443 22. 78.
1444 22. 78.
1445 22. 78.
1446 22. 78.
1447 22. 78.
1448 22. 78.
1449 22. 78.
1450 22. 78.
1451 22. 78.
1452 22. 78.
1453 22. 78.
1454 22. 78.
1455 22. 78.
1456 22. 78.
1457 23. 77.
1458 23. 77.
1459 24. 76.
1460 24. 76.
1461 24. 76.
1462 24. 76.
1463 24. 76.
1464 24. 76.
1465 24. 76.
1466 24. 76.
1467 24. 76.
1468 24. 76.
1469 24. 76.
1470 24. 76.
1471 24. 76.
1472 24. 76.
1473 24. 76.
1474 24. 76.
1475 24. 76.
1476 23. 77.
1477 23. 77.
1478 23. 77.
1479 22. 78.
1480 22. 78.
1481 22. 78.
1482 22. 78.
1483 21. 79.
1484 21. 79.
1485 21. 79.
1486 20. 80.
1487 20. 80.
1488 20. 80.
1489 20. 80.
1490 20. 80.
1491 20. 80.
1492 20. 80.
1493 20. 80.
1494 20. 80.
1495 20. 80.
1496 19. 81.
1497 19. 81.
1498 19. 81.
1499 19. 81.
1500 19. 81.
1501 19. 81.
1502 20. 80.
1503 20. 80.
1504 20. 80.
1505 20. 80.
1506 20. 80.
1507 20. 80.
1508 21. 79.
1509 22. 78.
1510 22. 78.
1511 22. 78.
1512 22. 78.
1513 22. 78.
1514 22. 78.
1515 22. 78.
1516 22. 78.
1517 22. 78.
1518 22. 78.
1519 22. 78.
1520 22. 78.
1521 22. 78.
1522 22. 78.
1523 22. 78.
1524 22. 78.
1525 22. 78.
1526 22. 78.
1527 22. 78.
1528 22. 78.
1529 22. 78.
1530 22. 78.
1531 22. 78.
1532 22. 78.
1533 22. 78.
1534 22. 78.
1535 21. 79.
1536 21. 79.
1537 21. 79.
1538 21. 79.
1539 21. 79.
1540 21. 79.
1541 21. 79.
1542 21. 79.
1543 21. 79.
1544 21. 79.
1545 21. 79.
1546 21. 79.
1547 21. 79.
1548 21. 79.
1549 21. 79.
1550 21. 79.
1551 22. 78.
1552 22. 78.
1553 22. 78.
1554 22. 78.
1555 22. 78.
1556 23. 77.
1557 23. 77.
1558 23. 77.
1559 23. 77.
1560 23. 77.
1561 23. 77.
1562 23. 77.
1563 23. 77.
1564 23. 77.
1565 23. 77.
1566 23. 77.
1567 23. 77.
1568 23. 77.
1569 23. 77.
1570 23. 77.
1571 23. 77.
1572 23. 77.
1573 24. 76.
1574 23. 77.
1575 23. 77.
1576 23. 77.
1577 23. 77.
1578 23. 77.
1579 23. 77.
1580 23. 77.
1581 23. 77.
1582 23. 77.
1583 23. 77.
1584 22. 78.
1585 22. 78.
1586 21. 79.
1587 21. 79.
1588 21. 79.
1589 21. 79.
1590 21. 79.
1591 21. 79.
1592 21. 79.
1593 21. 79.
1594 21. 79.
1595 21. 79.
1596 21. 79.
1597 21. 79.
1598 21. 79.
1599 21. 79.
1600 20. 80.
1601 20. 80.
1602 20. 80.
1603 20. 80.
1604 19. 81.
1605 19. 81.
1606 18. 82.
1607 18. 82.
1608 18. 82.
1609 18. 82.
1610 18. 82.
1611 17. 83.
1612 17. 83.
1613 17. 83.
1614 16. 84.
1615 16. 84.
1616 16. 84.
1617 16. 84.
1618 16. 84.
1619 16. 84.
1620 16. 84.
1621 16. 84.
1622 16. 84.
1623 16. 84.
1624 16. 84.
1625 16. 84.
1626 16. 84.
1627 16. 84.
1628 16. 84.
1629 16. 84.
1630 16. 84.
1631 16. 84.
1632 16. 84.
1633 16. 84.
1634 16. 84.
1635 15. 85.
1636 15. 85.
1637 15. 85.
1638 15. 85.
1639 16. 84.
1640 16. 84.
1641 16. 84.
1642 16. 84.
1643 16. 84.
1644 16. 84.
1645 15. 85.
1646 15. 85.
1647 16. 84.
1648 16. 84.
1649 16. 84.
1650 17. 83.
1651 17. 83.
1652 17. 83.
1653 18. 82.
1654 18. 82.
1655 18. 82.
1656 18. 82.
1657 17. 83.
1658 17. 83.
1659 17. 83.
1660 17. 83.
1661 17. 83.
1662 17. 83.
1663 17. 83.
1664 17. 83.
1665 17. 83.
1666 17. 83.
1667 17. 83.
1668 16. 84.
1669 16. 84.
1670 16. 84.
1671 16. 84.
1672 16. 84.
1673 16. 84.
1674 17. 83.
1675 17. 83.
1676 17. 83.
1677 17. 83.
1678 17. 83.
1679 17. 83.
1680 17. 83.
1681 17. 83.
1682 17. 83.
1683 17. 83.
1684 17. 83.
1685 17. 83.
1686 17. 83.
1687 17. 83.
1688 17. 83.
1689 16. 84.
1690 16. 84.
1691 16. 84.
1692 16. 84.
1693 17. 83.
1694 17. 83.
1695 17. 83.
1696 17. 83.
1697 17. 83.
1698 17. 83.
1699 17. 83.
1700 17. 83.
1701 17. 83.
1702 16. 84.
1703 15. 85.
1704 14. 86.
1705 14. 86.
1706 14. 86.
1707 14. 86.
1708 14. 86.
1709 14. 86.
1710 14. 86.
1711 14. 86.
1712 13. 87.
1713 13. 87.
1714 13. 87.
1715 13. 87.
1716 13. 87.
1717 13. 87.
1718 12. 88.
1719 13. 87.
1720 13. 87.
1721 13. 87.
1722 13. 87.
1723 13. 87.
1724 13. 87.
1725 13. 87.
1726 13. 87.
1727 13. 87.
1728 13. 87.
1729 13. 87.
1730 13. 87.
1731 12. 88.
1732 12. 88.
1733 12. 88.
1734 12. 88.
1735 12. 88.
1736 12. 88.
1737 12. 88.
1738 12. 88.
1739 12. 88.
1740 12. 88.
1741 12. 88.
1742 12. 88.
1743 12. 88.
1744 11. 89.
1745 11. 89.
1746 11. 89.
1747 11. 89.
1748 11. 89.
1749 10. 90.
1750 10. 90.
1751 9. 91.
1752 9. 91.
1753 9. 91.
1754 9. 91.
1755 9. 91.
1756 9. 91.
1757 9. 91.
1758 9. 91.
1759 9. 91.
1760 9. 91.
1761 9. 91.
1762 9. 91.
1763 10. 90.
1764 10. 90.
1765 10. 90.
1766 10. 90.
1767 10. 90.
1768 10. 90.
1769 10. 90.
1770 10. 90.
1771 10. 90.
1772 10. 90.
1773 10. 90.
1774 10. 90.
1775 10. 90.
1776 10. 90.
1777 10. 90.
1778 10. 90.
1779 10. 90.
1780 10. 90.
1781 11. 89.
1782 11. 89.
1783 11. 89.
1784 11. 89.
1785 11. 89.
1786 11. 89.
1787 11. 89.
1788 11. 89.
1789 11. 89.
1790 11. 89.
1791 12. 88.
1792 12. 88.
1793 12. 88.
1794 12. 88.
1795 12. 88.
1796 12. 88.
1797 12. 88.
1798 12. 88.
1799 12. 88.
1800 12. 88.
1801 12. 88.
1802 12. 88.
1803 12. 88.
1804 12. 88.
1805 12. 88.
1806 12. 88.
1807 12. 88.
1808 12. 88.
1809 12. 88.
1810 12. 88.
1811 12. 88.
1812 12. 88.
1813 12. 88.
1814 12. 88.
1815 11. 89.
1816 11. 89.
1817 11. 89.
1818 11. 89.
1819 11. 89.
1820 11. 89.
1821 11. 89.
1822 11. 89.
1823 11. 89.
1824 11. 89.
1825 11. 89.
1826 11. 89.
1827 11. 89.
1828 11. 89.
1829 11. 89.
1830 12. 88.
1831 13. 87.
1832 13. 87.
1833 13. 87.
1834 12. 88.
1835 12. 88.
1836 12. 88.
1837 12. 88.
1838 12. 88.
1839 11. 89.
1840 11. 89.
1841 11. 89.
1842 11. 89.
1843 11. 89.
1844 11. 89.
1845 11. 89.
1846 11. 89.
1847 11. 89.
1848 11. 89.
1849 11. 89.
1850 11. 89.
1851 12. 88.
1852 12. 88.
1853 11. 89.
1854 11. 89.
1855 11. 89.
1856 11. 89.
1857 11. 89.
1858 11. 89.
1859 11. 89.
1860 11. 89.
1861 10. 90.
1862 10. 90.
1863 10. 90.
1864 10. 90.
1865 10. 90.
1866 10. 90.
1867 10. 90.
1868 10. 90.
1869 10. 90.
1870 10. 90.
1871 10. 90.
1872 10. 90.
1873 10. 90.
1874 10. 90.
1875 10. 90.
1876 10. 90.
1877 10. 90.
1878 10. 90.
1879 9. 91.
1880 9. 91.
1881 9. 91.
1882 9. 91.
1883 9. 91.
1884 9. 91.
1885 9. 91.
1886 9. 91.
1887 9. 91.
1888 9. 91.
1889 9. 91.
1890 9. 91.
1891 9. 91.
1892 9. 91.
1893 9. 91.
1894 9. 91.
1895 9. 91.
1896 8. 92.
1897 8. 92.
1898 8. 92.
1899 8. 92.
1900 8. 92.
1901 7. 93.
1902 7. 93.
1903 7. 93.
1904 7. 93.
1905 7. 93.
1906 7. 93.
1907 7. 93.
1908 7. 93.
1909 7. 93.
1910 8. 92.
1911 8. 92.
1912 8. 92.
1913 8. 92.
1914 8. 92.
1915 7. 93.
1916 7. 93.
1917 7. 93.
1918 7. 93.
1919 7. 93.
1920 7. 93.
1921 7. 93.
1922 7. 93.
1923 7. 93.
1924 7. 93.
1925 8. 92.
1926 8. 92.
1927 8. 92.
1928 8. 92.
1929 8. 92.
1930 8. 92.
1931 8. 92.
1932 8. 92.
1933 8. 92.
1934 8. 92.
1935 7. 93.
1936 7. 93.
1937 7. 93.
1938 7. 93.
1939 7. 93.
1940 7. 93.
1941 7. 93.
1942 7. 93.
1943 6. 94.
1944 6. 94.
1945 6. 94.
1946 6. 94.
1947 6. 94.
1948 5. 95.
1949 5. 95.
1950 5. 95.
1951 5. 95.
1952 5. 95.
1953 5. 95.
1954 5. 95.
1955 5. 95.
1956 5. 95.
1957 6. 94.
1958 6. 94.
1959 6. 94.
1960 6. 94.
1961 6. 94.
1962 6. 94.
1963 6. 94.
1964 6. 94.
1965 6. 94.
1966 6. 94.
1967 6. 94.
1968 6. 94.
1969 6. 94.
1970 6. 94.
1971 6. 94.
1972 6. 94.
1973 5. 95.
1974 5. 95.
1975 5. 95.
1976 5. 95.
1977 5. 95.
1978 5. 95.
1979 5. 95.
1980 5. 95.
1981 5. 95.
1982 5. 95.
1983 5. 95.
1984 5. 95.
1985 5. 95.
1986 5. 95.
1987 5. 95.
1988 5. 95.
1989 5. 95.
1990 5. 95.
1991 5. 95.
1992 5. 95.
1993 5. 95.
1994 5. 95.
1995 5. 95.
1996 5. 95.
1997 5. 95.
1998 5. 95.
1999 6. 94.
2000 6. 94.
2001 6. 94.
2002 6. 94.
2003 6. 94.
2004 6. 94.
2005 6. 94.
2006 6. 94.
2007 6. 94.
2008 6. 94.
2009 6. 94.
2010 6. 94.
2011 6. 94.
2012 6. 94.
2013 6. 94.
2014 6. 94.
2015 6. 94.
2016 6. 94.
2017 6. 94.
2018 6. 94.
2019 6. 94.
2020 6. 94.
2021 6. 94.
2022 6. 94.
2023 6. 94.
2024 6. 94.
2025 6. 94.
2026 6. 94.
2027 6. 94.
2028 6. 94.
2029 6. 94.
2030 6. 94.
2031 6. 94.
2032 6. 94.
2033 6. 94.
2034 6. 94.
2035 6. 94.
2036 6. 94.
2037 6. 94.
2038 6. 94.
2039 6. 94.
2040 6. 94.
2041 6. 94.
2042 6. 94.
2043 6. 94.
2044 6. 94.
2045 6. 94.
2046 6. 94.
2047 6. 94.
2048 6. 94.
2049 7. 93.
2050 7. 93.
2051 7. 93.
2052 7. 93.
2053 7. 93.
2054 7. 93.
2055 7. 93.
2056 7. 93.
2057 7. 93.
2058 7. 93.
2059 7. 93.
2060 7. 93.
2061 7. 93.
2062 7. 93.
2063 7. 93.
2064 7. 93.
2065 7. 93.
2066 6. 94.
2067 6. 94.
2068 6. 94.
2069 6. 94.
2070 6. 94.
2071 6. 94.
2072 6. 94.
2073 6. 94.
2074 6. 94.
2075 6. 94.
2076 6. 94.
2077 6. 94.
2078 6. 94.
2079 6. 94.
2080 6. 94.
2081 6. 94.
2082 6. 94.
2083 6. 94.
2084 6. 94.
2085 6. 94.
2086 6. 94.
2087 6. 94.
2088 6. 94.
2089 6. 94.
2090 6. 94.
2091 6. 94.
2092 6. 94.
2093 6. 94.
2094 6. 94.
2095 6. 94.
2096 6. 94.
2097 6. 94.
2098 6. 94.
2099 6. 94.
2100 6. 94.
2101 6. 94.
2102 6. 94.
2103 6. 94.
2104 6. 94.
2105 6. 94.
2106 6. 94.
2107 6. 94.
2108 6. 94.
2109 6. 94.
2110 6. 94.
2111 6. 94.
2112 6. 94.
2113 6. 94.
2114 6. 94.
2115 6. 94.
2116 6. 94.
2117 6. 94.
2118 6. 94.
2119 6. 94.
2120 6. 94.
2121 6. 94.
2122 6. 94.
2123 6. 94.
2124 6. 94.
2125 6. 94.
2126 6. 94.
2127 6. 94.
2128 6. 94.
2129 6. 94.
2130 6. 94.
2131 6. 94.
2132 6. 94.
2133 6. 94.
2134 6. 94.
2135 7. 93.
2136 7. 93.
2137 7. 93.
2138 7. 93.
2139 7. 93.
2140 7. 93.
2141 7. 93.
2142 7. 93.
2143 7. 93.
2144 7. 93.
2145 7. 93.
2146 7. 93.
2147 7. 93.
2148 7. 93.
2149 7. 93.
2150 7. 93.
2151 7. 93.
2152 7. 93.
2153 7. 93.
2154 7. 93.
2155 7. 93.
2156 7. 93.
2157 7. 93.
2158 7. 93.
2159 7. 93.
2160 6. 94.
2161 6. 94.
2162 6. 94.
2163 6. 94.
2164 6. 94.
2165 6. 94.
2166 6. 94.
2167 6. 94.
2168 6. 94.
2169 6. 94.
2170 6. 94.
2171 6. 94.
2172 6. 94.
2173 6. 94.
2174 6. 94.
2175 6. 94.
2176 6. 94.
2177 6. 94.
2178 6. 94.
2179 6. 94.
2180 6. 94.
2181 6. 94.
2182 6. 94.
2183 6. 94.
2184 6. 94.
2185 6. 94.
2186 6. 94.
2187 6. 94.
2188 6. 94.
2189 6. 94.
2190 6. 94.
2191 6. 94.
2192 7. 93.
2193 7. 93.
2194 7. 93.
2195 7. 93.
2196 7. 93.
2197 7. 93.
2198 7. 93.
2199 7. 93.
2200 7. 93.
2201 7. 93.
2202 7. 93.
2203 7. 93.
2204 7. 93.
2205 7. 93.
2206 7. 93.
2207 7. 93.
2208 7. 93.
2209 7. 93.
2210 7. 93.
2211 7. 93.
2212 7. 93.
2213 7. 93.
2214 7. 93.
2215 7. 93.
2216 7. 93.
2217 7. 93.
2218 7. 93.
2219 7. 93.
2220 7. 93.
2221 7. 93.
2222 7. 93.
2223 7. 93.
2224 7. 93.
2225 7. 93.
2226 7. 93.
2227 7. 93.
2228 7. 93.
2229 7. 93.
2230 7. 93.
2231 7. 93.
2232 7. 93.
2233 7. 93.
2234 7. 93.
2235 6. 94.
2236 6. 94.
2237 6. 94.
2238 6. 94.
2239 6. 94.
2240 6. 94.
2241 6. 94.
2242 6. 94.
2243 6. 94.
2244 6. 94.
2245 6. 94.
2246 6. 94.
2247 6. 94.
2248 6. 94.
2249 6. 94.
2250 6. 94.
2251 6. 94.
2252 6. 94.
2253 6. 94.
2254 6. 94.
2255 6. 94.
2256 6. 94.
2257 6. 94.
2258 6. 94.
2259 6. 94.
2260 6. 94.
2261 6. 94.
2262 6. 94.
2263 6. 94.
2264 6. 94.
2265 6. 94.
2266 6. 94.
2267 6. 94.
2268 7. 93.
2269 7. 93.
2270 6. 94.
2271 7. 93.
2272 6. 94.
2273 6. 94.
2274 6. 94.
2275 6. 94.
2276 6. 94.
2277 6. 94.
2278 6. 94.
2279 6. 94.
2280 6. 94.
2281 6. 94.
2282 5. 95.
2283 5. 95.
2284 5. 95.
2285 4. 96.
2286 4. 96.
2287 4. 96.
2288 4. 96.
2289 4. 96.
2290 4. 96.
2291 4. 96.
2292 4. 96.
2293 4. 96.
2294 4. 96.
2295 4. 96.
2296 4. 96.
2297 4. 96.
2298 4. 96.
2299 4. 96.
2300 4. 96.
2301 4. 96.
2302 4. 96.
2303 4. 96.
2304 4. 96.
2305 4. 96.
2306 4. 96.
2307 4. 96.
2308 4. 96.
2309 4. 96.
2310 4. 96.
2311 4. 96.
2312 4. 96.
2313 4. 96.
2314 4. 96.
2315 4. 96.
2316 4. 96.
2317 4. 96.
2318 4. 96.
2319 4. 96.
2320 4. 96.
2321 4. 96.
2322 4. 96.
2323 4. 96.
2324 4. 96.
2325 4. 96.
2326 4. 96.
2327 4. 96.
2328 4. 96.
2329 4. 96.
2330 4. 96.
2331 4. 96.
2332 4. 96.
2333 4. 96.
2334 4. 96.
2335 4. 96.
2336 4. 96.
2337 4. 96.
2338 4. 96.
2339 4. 96.
2340 4. 96.
2341 4. 96.
2342 4. 96.
2343 4. 96.
2344 4. 96.
2345 4. 96.
2346 4. 96.
2347 4. 96.
2348 4. 96.
2349 4. 96.
2350 4. 96.
2351 4. 96.
2352 4. 96.
2353 4. 96.
2354 4. 96.
2355 4. 96.
2356 4. 96.
2357 4. 96.
2358 4. 96.
2359 4. 96.
2360 4. 96.
2361 4. 96.
2362 4. 96.
2363 4. 96.
2364 4. 96.
2365 4. 96.
2366 4. 96.
2367 4. 96.
2368 4. 96.
2369 4. 96.
2370 4. 96.
2371 4. 96.
2372 4. 96.
2373 4. 96.
2374 4. 96.
2375 4. 96.
2376 4. 96.
2377 4. 96.
2378 4. 96.
2379 4. 96.
2380 4. 96.
2381 4. 96.
2382 4. 96.
2383 4. 96.
2384 4. 96.
2385 4. 96.
2386 4. 96.
2387 4. 96.
2388 4. 96.
2389 4. 96.
2390 4. 96.
2391 4. 96.
2392 4. 96.
2393 4. 96.
2394 4. 96.
2395 4. 96.
2396 4. 96.
2397 4. 96.
2398 4. 96.
2399 4. 96.
2400 4. 96.
2401 4. 96.
2402 4. 96.
2403 4. 96.
2404 4. 96.
2405 3. 97.
2406 3. 97.
2407 3. 97.
2408 3. 97.
2409 3. 97.
2410 3. 97.
2411 3. 97.
2412 2. 98.
2413 2. 98.
2414 3. 97.
2415 3. 97.
2416 3. 97.
2417 3. 97.
2418 3. 97.
2419 3. 97.
2420 3. 97.
2421 3. 97.
2422 3. 97.
2423 3. 97.
2424 3. 97.
2425 3. 97.
2426 3. 97.
2427 3. 97.
2428 3. 97.
2429 3. 97.
2430 3. 97.
2431 3. 97.
2432 3. 97.
2433 3. 97.
2434 3. 97.
2435 3. 97.
2436 3. 97.
2437 3. 97.
2438 3. 97.
2439 3. 97.
2440 3. 97.
2441 3. 97.
2442 3. 97.
2443 3. 97.
2444 3. 97.
2445 3. 97.
2446 3. 97.
2447 3. 97.
2448 3. 97.
2449 3. 97.
2450 3. 97.
2451 3. 97.
2452 3. 97.
2453 3. 97.
2454 3. 97.
2455 3. 97.
2456 3. 97.
2457 3. 97.
2458 3. 97.
2459 3. 97.
2460 3. 97.
2461 3. 97.
2462 3. 97.
2463 3. 97.
2464 3. 97.
2465 3. 97.
2466 3. 97.
2467 3. 97.
2468 3. 97.
2469 3. 97.
2470 3. 97.
2471 3. 97.
2472 3. 97.
2473 3. 97.
2474 3. 97.
2475 3. 97.
2476 3. 97.
2477 3. 97.
2478 3. 97.
2479 2. 98.
2480 2. 98.
2481 2. 98.
2482 2. 98.
2483 2. 98.
2484 2. 98.
2485 2. 98.
2486 2. 98.
2487 2. 98.
2488 2. 98.
2489 2. 98.
2490 2. 98.
2491 2. 98.
2492 2. 98.
2493 2. 98.
2494 2. 98.
2495 2. 98.
2496 2. 98.
2497 2. 98.
2498 2. 98.
2499 2. 98.
2500 2. 98.
2501 2. 98.
2502 2. 98.
2503 2. 98.
2504 2. 98.
2505 2. 98.
2506 2. 98.
2507 2. 98.
2508 2. 98.
2509 2. 98.
2510 2. 98.
2511 2. 98.
2512 2. 98.
2513 2. 98.
2514 2. 98.
2515 2. 98.
2516 2. 98.
2517 2. 98.
2518 2. 98.
2519 2. 98.
2520 2. 98.
2521 3. 97.
2522 3. 97.
2523 3. 97.
2524 3. 97.
2525 3. 97.
2526 3. 97.
2527 3. 97.
2528 3. 97.
2529 3. 97.
2530 3. 97.
2531 3. 97.
2532 3. 97.
2533 3. 97.
2534 3. 97.
2535 3. 97.
2536 3. 97.
2537 3. 97.
2538 3. 97.
2539 3. 97.
2540 3. 97.
2541 3. 97.
2542 3. 97.
2543 3. 97.
2544 3. 97.
2545 3. 97.
2546 3. 97.
2547 3. 97.
2548 3. 97.
2549 3. 97.
2550 3. 97.
2551 3. 97.
2552 3. 97.
2553 3. 97.
2554 3. 97.
2555 3. 97.
2556 3. 97.
2557 3. 97.
2558 3. 97.
2559 3. 97.
2560 3. 97.
2561 3. 97.
2562 3. 97.
2563 3. 97.
2564 3. 97.
2565 3. 97.
2566 3. 97.
2567 3. 97.
2568 3. 97.
2569 4. 96.
2570 3. 97.
2571 3. 97.
2572 3. 97.
2573 3. 97.
2574 3. 97.
2575 3. 97.
2576 3. 97.
2577 3. 97.
2578 3. 97.
2579 3. 97.
2580 3. 97.
2581 3. 97.
2582 3. 97.
2583 3. 97.
2584 3. 97.
2585 3. 97.
2586 3. 97.
2587 3. 97.
2588 3. 97.
2589 3. 97.
2590 3. 97.
2591 3. 97.
2592 3. 97.
2593 3. 97.
2594 3. 97.
2595 3. 97.
2596 3. 97.
2597 3. 97.
2598 3. 97.
2599 3. 97.
2600 3. 97.
2601 3. 97.
2602 3. 97.
2603 3. 97.
2604 3. 97.
2605 3. 97.
2606 3. 97.
2607 3. 97.
2608 3. 97.
2609 3. 97.
2610 3. 97.
2611 3. 97.
2612 3. 97.
2613 3. 97.
2614 3. 97.
2615 3. 97.
2616 3. 97.
2617 3. 97.
2618 3. 97.
2619 2. 98.
2620 2. 98.
2621 2. 98.
2622 2. 98.
2623 2. 98.
2624 2. 98.
2625 1. 99.
2626 1. 99.
2627 1. 99.
2628 1. 99.
2629 1. 99.
2630 1. 99.
2631 1. 99.
2632 1. 99.
2633 1. 99.
2634 1. 99.
2635 1. 99.
2636 1. 99.
2637 1. 99.
2638 1. 99.
2639 1. 99.
2640 1. 99.
2641 1. 99.
2642 1. 99.
2643 1. 99.
2644 1. 99.
2645 1. 99.
2646 1. 99.
2647 1. 99.
2648 1. 99.
2649 1. 99.
2650 1. 99.
2651 1. 99.
2652 1. 99.
2653 1. 99.
2654 1. 99.
2655 1. 99.
2656 1. 99.
2657 1. 99.
2658 1. 99.
2659 1. 99.
2660 1. 99.
2661 1. 99.
2662 1. 99.
2663 1. 99.
2664 1. 99.
2665 1. 99.
2666 1. 99.
2667 1. 99.
2668 1. 99.
2669 1. 99.
2670 1. 99.
2671 1. 99.
2672 1. 99.
2673 1. 99.
2674 1. 99.
2675 1. 99.
2676 1. 99.
2677 1. 99.
2678 1. 99.
2679 1. 99.
2680 1. 99.
2681 1. 99.
2682 1. 99.
2683 1. 99.
2684 1. 99.
2685 1. 99.
2686 1. 99.
2687 1. 99.
2688 1. 99.
2689 1. 99.
2690 1. 99.
2691 1. 99.
2692 1. 99.
2693 1. 99.
2694 1. 99.
2695 1. 99.
2696 1. 99.
2697 1. 99.
2698 1. 99.
2699 1. 99.
2700 1. 99.
2701 1. 99.
2702 1. 99.
2703 1. 99.
2704 1. 99.
2705 1. 99.
2706 1. 99.
2707 1. 99.
2708 1. 99.
2709 1. 99.
2710 1. 99.
2711 1. 99.
2712 1. 99.
2713 1. 99.
2714 1. 99.
2715 1. 99.
2716 1. 99.
2717 1. 99.
2718 1. 99.
2719 1. 99.
2720 1. 99.
2721 1. 99.
2722 1. 99.
2723 1. 99.
2724 1. 99.
2725 1. 99.
2726 1. 99.
2727 1. 99.
2728 1. 99.
2729 1. 99.
2730 1. 99.
2731 1. 99.
2732 1. 99.
2733 1. 99.
2734 1. 99.
2735 1. 99.
2736 1. 99.
2737 1. 99.
2738 1. 99.
2739 1. 99.
2740 1. 99.
2741 1. 99.
2742 1. 99.
2743 1. 99.
2744 1. 99.
2745 1. 99.
2746 1. 99.
2747 1. 99.
2748 1. 99.
2749 1. 99.
2750 1. 99.
2751 1. 99.
2752 1. 99.
2753 1. 99.
2754 1. 99.
2755 1. 99.
2756 1. 99.
2757 1. 99.
2758 1. 99.
2759 1. 99.
2760 1. 99.
2761 1. 99.
2762 1. 99.
2763 1. 99.
2764 1. 99.
2765 1. 99.
2766 1. 99.
2767 1. 99.
2768 1. 99.
2769 1. 99.
2770 1. 99.
2771 1. 99.
2772 1. 99.
2773 1. 99.
2774 1. 99.
2775 1. 99.
2776 1. 99.
2777 1. 99.
2778 1. 99.
2779 1. 99.
2780 1. 99.
2781 1. 99.
2782 1. 99.
2783 1. 99.
2784 1. 99.
2785 1. 99.
2786 1. 99.
2787 1. 99.
2788 1. 99.
2789 1. 99.
2790 1. 99.
2791 1. 99.
2792 1. 99.
2793 1. 99.
2794 1. 99.
2795 2. 98.
2796 2. 98.
2797 2. 98.
2798 2. 98.
2799 2. 98.
2800 2. 98.
2801 2. 98.
2802 2. 98.
2803 2. 98.
2804 2. 98.
2805 2. 98.
2806 2. 98.
2807 2. 98.
2808 2. 98.
2809 2. 98.
2810 2. 98.
2811 2. 98.
2812 2. 98.
2813 2. 98.
2814 2. 98.
2815 2. 98.
2816 2. 98.
2817 2. 98.
2818 2. 98.
2819 2. 98.
2820 2. 98.
2821 2. 98.
2822 2. 98.
2823 2. 98.
2824 2. 98.
2825 2. 98.
2826 2. 98.
2827 2. 98.
2828 2. 98.
2829 2. 98.
2830 2. 98.
2831 2. 98.
2832 2. 98.
2833 2. 98.
2834 2. 98.
2835 2. 98.
2836 2. 98.
2837 2. 98.
2838 2. 98.
2839 2. 98.
2840 2. 98.
2841 2. 98.
2842 2. 98.
2843 2. 98.
2844 2. 98.
2845 1. 99.
2846 1. 99.
2847 1. 99.
2848 1. 99.
2849 1. 99.
2850 1. 99.
2851 1. 99.
2852 1. 99.
2853 1. 99.
2854 1. 99.
2855 1. 99.
2856 1. 99.
2857 1. 99.
2858 1. 99.
2859 1. 99.
2860 1. 99.
2861 1. 99.
2862 1. 99.
2863 1. 99.
2864 1. 99.
2865 1. 99.
2866 1. 99.
2867 1. 99.
2868 1. 99.
2869 1. 99.
2870 1. 99.
2871 1. 99.
2872 1. 99.
2873 1. 99.
2874 1. 99.
2875 1. 99.
2876 1. 99.
2877 1. 99.
2878 1. 99.
2879 1. 99.
2880 1. 99.
2881 1. 99.
2882 1. 99.
2883 1. 99.
2884 1. 99.
2885 1. 99.
2886 1. 99.
2887 1. 99.
2888 1. 99.
2889 1. 99.
2890 1. 99.
2891 1. 99.
2892 1. 99.
2893 1. 99.
2894 1. 99.
2895 1. 99.
2896 1. 99.
2897 1. 99.
2898 1. 99.
2899 1. 99.
2900 1. 99.
2901 1. 99.
