0 15. 85.
1 15. 85.
2 15. 85.
3 15. 85.
4 15. 85.
5 15. 85.
6 15. 85.
7 15. 85.
8 16. 84.
9 16. 84.
10 16. 84.
11 16. 84.
12 16. 84.
13 15. 85.
14 15. 85.
15 14. 86.
16 14. 86.
17 14. 86.
18 14. 86.
19 14. 86.
20 14. 86.
21 14. 86.
22 14. 86.
23 14. 86.
24 15. 85.
25 15. 85.
26 15. 85.
27 15. 85.
28 15. 85.
29 15. 85.
30 15. 85.
31 16. 84.
32 16. 84.
33 15. 85.
34 15. 85.
35 15. 85.
36 15. 85.
37 15. 85.
38 16. 84.
39 16. 84.
40 16. 84.
41 16. 84.
42 16. 84.
43 16. 84.
44 16. 84.
45 16. 84.
46 16. 84.
47 16. 84.
48 16. 84.
49 16. 84.
50 16. 84.
51 16. 84.
52 17. 83.
53 17. 83.
54 17. 83.
55 18. 82.
56 18. 82.
57 18. 82.
58 18. 82.
59 18. 82.
60 18. 82.
61 18. 82.
62 18. 82.
63 18. 82.
64 18. 82.
65 18. 82.
66 18. 82.
67 18. 82.
68 18. 82.
69 17. 83.
70 17. 83.
71 16. 84.
72 16. 84.
73 16. 84.
74 17. 83.
75 16. 84.
76 16. 84.
77 15. 85.
78 15. 85.
79 15. 85.
80 15. 85.
81 15. 85.
82 14. 86.
83 15. 85.
84 15. 85.
85 15. 85.
86 15. 85.
87 15. 85.
88 15. 85.
89 15. 85.
90 15. 85.
91 15. 85.
92 16. 84.
93 16. 84.
94 16. 84.
95 16. 84.
96 16. 84.
97 17. 83.
98 17. 83.
99 17. 83.
100 17. 83.
101 17. 83.
102 18. 82.
103 19. 81.
104 19. 81.
105 19. 81.
106 19. 81.
107 19. 81.
108 19. 81.
109 19. 81.
110 19. 81.
111 19. 81.
112 19. 81.
113 18. 82.
114 18. 82.
115 18. 82.
116 18. 82.
117 18. 82.
118 19. 81.
119 19. 81.
120 19. 81.
121 19. 81.
122 19. 81.
123 19. 81.
124 19. 81.
125 19. 81.
126 20. 80.
127 20. 80.
128 20. 80.
129 20. 80.
130 20. 80.
131 20. 80.
132 20. 80.
133 20. 80.
134 20. 80.
135 20. 80.
136 20. 80.
137 20. 80.
138 20. 80.
139 20. 80.
140 20. 80.
141 20. 80.
142 20. 80.
143 20. 80.
144 20. 80.
145 20. 80.
146 20. 80.
147 20. 80.
148 20. 80.
149 21. 79.
150 21. 79.
151 21. 79.
152 21. 79.
153 21. 79.
154 21. 79.
155 21. 79.
156 21. 79.
157 21. 79.
158 21. 79.
159 21. 79.
160 20. 80.
161 20. 80.
162 20. 80.
163 21. 79.
164 21. 79.
165 21. 79.
166 21. 79.
167 21. 79.
168 21. 79.
169 21. 79.
170 21. 79.
171 22. 78.
172 21. 79.
173 21. 79.
174 21. 79.
175 21. 79.
176 22. 78.
177 22. 78.
178 22. 78.
179 22. 78.
180 22. 78.
181 23. 77.
182 23. 77.
183 23. 77.
184 23. 77.
185 22. 78.
186 22. 78.
187 22. 78.
188 22. 78.
189 22. 78.
190 22. 78.
191 22. 78.
192 23. 77.
193 23. 77.
194 22. 78.
195 22. 78.
196 22. 78.
197 22. 78.
198 22. 78.
199 22. 78.
200 22. 78.
201 22. 78.
202 22. 78.
203 22. 78.
204 22. 78.
205 22. 78.
206 22. 78.
207 21. 79.
208 21. 79.
209 22. 78.
210 22. 78.
211 22. 78.
212 21. 79.
213 22. 78.
214 22. 78.
215 22. 78.
216 21. 79.
217 21. 79.
218 21. 79.
219 22. 78.
220 22. 78.
221 22. 78.
222 22. 78.
223 23. 77.
224 22. 78.
225 22. 78.
226 22. 78.
227 23. 77.
228 23. 77.
229 22. 78.
230 22. 78.
231 22. 78.
232 22. 78.
233 23. 77.
234 23. 77.
235 23. 77.
236 23. 77.
237 23. 77.
238 24. 76.
239 24. 76.
240 24. 76.
241 24. 76.
242 24. 76.
243 24. 76.
244 24. 76.
245 24. 76.
246 23. 77.
247 23. 77.
248 23. 77.
249 23. 77.
250 24. 76.
251 24. 76.
252 24. 76.
253 24. 76.
254 24. 76.
255 24. 76.
256 24. 76.
257 24. 76.
258 24. 76.
259 24. 76.
260 25. 75.
261 25. 75.
262 25. 75.
263 25. 75.
264 24. 76.
265 24. 76.
266 24. 76.
267 24. 76.
268 24. 76.
269 24. 76.
270 24. 76.
271 24. 76.
272 24. 76.
273 24. 76.
274 24. 76.
275 23. 77.
276 23. 77.
277 23. 77.
278 23. 77.
279 22. 78.
280 22. 78.
281 22. 78.
282 22. 78.
283 22. 78.
284 22. 78.
285 22. 78.
286 22. 78.
287 22. 78.
288 22. 78.
289 22. 78.
290 22. 78.
291 22. 78.
292 22. 78.
293 21. 79.
294 21. 79.
295 21. 79.
296 22. 78.
297 22. 78.
298 22. 78.
299 22. 78.
300 22. 78.
301 22. 78.
302 22. 78.
303 22. 78.
304 22. 78.
305 22. 78.
306 22. 78.
307 22. 78.
308 22. 78.
309 23. 77.
310 23. 77.
311 24. 76.
312 24. 76.
313 24. 76.
314 24. 76.
315 24. 76.
316 24. 76.
317 24. 76.
318 24. 76.
319 24. 76.
320 24. 76.
321 24. 76.
322 23. 77.
323 23. 77.
324 23. 77.
325 23. 77.
326 22. 78.
327 22. 78.
328 22. 78.
329 22. 78.
330 22. 78.
331 22. 78.
332 22. 78.
333 22. 78.
334 22. 78.
335 22. 78.
336 22. 78.
337 21. 79.
338 21. 79.
339 21. 79.
340 21. 79.
341 21. 79.
342 21. 79.
343 21. 79.
344 22. 78.
345 22. 78.
346 22. 78.
347 22. 78.
348 22. 78.
349 22. 78.
350 22. 78.
351 22. 78.
352 22. 78.
353 22. 78.
354 23. 77.
355 23. 77.
356 22. 78.
357 22. 78.
358 22. 78.
359 22. 78.
360 22. 78.
361 22. 78.
362 23. 77.
363 23. 77.
364 23. 77.
365 23. 77.
366 23. 77.
367 23. 77.
368 23. 77.
369 23. 77.
370 24. 76.
371 24. 76.
372 24. 76.
373 25. 75.
374 25. 75.
375 25. 75.
376 26. 74.
377 27. 73.
378 27. 73.
379 27. 73.
380 27. 73.
381 27. 73.
382 27. 73.
383 27. 73.
384 27. 73.
385 27. 73.
386 27. 73.
387 27. 73.
388 27. 73.
389 27. 73.
390 28. 72.
391 28. 72.
392 28. 72.
393 28. 72.
394 29. 71.
395 29. 71.
396 29. 71.
397 29. 71.
398 29. 71.
399 29. 71.
400 29. 71.
401 29. 71.
402 29. 71.
403 29. 71.
404 29. 71.
405 29. 71.
406 29. 71.
407 29. 71.
408 29. 71.
409 28. 72.
410 28. 72.
411 28. 72.
412 29. 71.
413 29. 71.
414 29. 71.
415 29. 71.
416 28. 72.
417 28. 72.
418 29. 71.
419 30. 70.
420 29. 71.
421 29. 71.
422 30. 70.
423 30. 70.
424 30. 70.
425 30. 70.
426 30. 70.
427 30. 70.
428 31. 69.
429 31. 69.
430 31. 69.
431 31. 69.
432 31. 69.
433 31. 69.
434 31. 69.
435 31. 69.
436 31. 69.
437 31. 69.
438 31. 69.
439 31. 69.
440 31. 69.
441 31. 69.
442 31. 69.
443 31. 69.
444 31. 69.
445 31. 69.
446 31. 69.
447 32. 68.
448 31. 69.
449 31. 69.
450 31. 69.
451 31. 69.
452 31. 69.
453 31. 69.
454 31. 69.
455 31. 69.
456 30. 70.
457 30. 70.
458 30. 70.
459 30. 70.
460 30. 70.
461 31. 69.
462 31. 69.
463 31. 69.
464 31. 69.
465 31. 69.
466 31. 69.
467 31. 69.
468 31. 69.
469 30. 70.
470 30. 70.
471 30. 70.
472 30. 70.
473 30. 70.
474 30. 70.
475 31. 69.
476 31. 69.
477 31. 69.
478 31. 69.
479 31. 69.
480 32. 68.
481 33. 67.
482 33. 67.
483 33. 67.
484 33. 67.
485 34. 66.
486 33. 67.
487 32. 68.
488 32. 68.
489 32. 68.
490 32. 68.
491 32. 68.
492 33. 67.
493 33. 67.
494 32. 68.
495 32. 68.
496 32. 68.
497 32. 68.
498 33. 67.
499 33. 67.
500 32. 68.
501 32. 68.
502 32. 68.
503 32. 68.
504 32. 68.
505 31. 69.
506 31. 69.
507 31. 69.
508 31. 69.
509 32. 68.
510 32. 68.
511 32. 68.
512 32. 68.
513 32. 68.
514 32. 68.
515 32. 68.
516 32. 68.
517 32. 68.
518 33. 67.
519 33. 67.
520 33. 67.
521 33. 67.
522 33. 67.
523 33. 67.
524 33. 67.
525 32. 68.
526 32. 68.
527 31. 69.
528 31. 69.
529 30. 70.
530 30. 70.
531 30. 70.
532 30. 70.
533 30. 70.
534 30. 70.
535 30. 70.
536 31. 69.
537 30. 70.
538 30. 70.
539 30. 70.
540 29. 71.
541 29. 71.
542 29. 71.
543 30. 70.
544 30. 70.
545 30. 70.
546 30. 70.
547 30. 70.
548 30. 70.
549 31. 69.
550 32. 68.
551 32. 68.
552 32. 68.
553 32. 68.
554 32. 68.
555 32. 68.
556 32. 68.
557 32. 68.
558 32. 68.
559 33. 67.
560 32. 68.
561 32. 68.
562 33. 67.
563 33. 67.
564 34. 66.
565 34. 66.
566 35. 65.
567 35. 65.
568 34. 66.
569 34. 66.
570 33. 67.
571 33. 67.
572 33. 67.
573 33. 67.
574 32. 68.
575 32. 68.
576 32. 68.
577 32. 68.
578 32. 68.
579 33. 67.
580 33. 67.
581 33. 67.
582 33. 67.
583 34. 66.
584 34. 66.
585 34. 66.
586 34. 66.
587 34. 66.
588 34. 66.
589 34. 66.
590 34. 66.
591 34. 66.
592 34. 66.
593 34. 66.
594 34. 66.
595 34. 66.
596 34. 66.
597 34. 66.
598 33. 67.
599 33. 67.
600 32. 68.
601 32. 68.
602 31. 69.
603 31. 69.
604 31. 69.
605 31. 69.
606 31. 69.
607 31. 69.
608 31. 69.
609 30. 70.
610 29. 71.
611 29. 71.
612 29. 71.
613 29. 71.
614 29. 71.
615 30. 70.
616 29. 71.
617 28. 72.
618 28. 72.
619 28. 72.
620 27. 73.
621 28. 72.
622 28. 72.
623 28. 72.
624 28. 72.
625 28. 72.
626 28. 72.
627 28. 72.
628 28. 72.
629 28. 72.
630 28. 72.
631 27. 73.
632 27. 73.
633 27. 73.
634 27. 73.
635 27. 73.
636 27. 73.
637 28. 72.
638 28. 72.
639 28. 72.
640 28. 72.
641 28. 72.
642 28. 72.
643 28. 72.
644 27. 73.
645 27. 73.
646 27. 73.
647 27. 73.
648 28. 72.
649 29. 71.
650 29. 71.
651 29. 71.
652 30. 70.
653 30. 70.
654 30. 70.
655 29. 71.
656 29. 71.
657 30. 70.
658 30. 70.
659 30. 70.
660 30. 70.
661 30. 70.
662 30. 70.
663 30. 70.
664 30. 70.
665 30. 70.
666 30. 70.
667 30. 70.
668 30. 70.
669 29. 71.
670 29. 71.
671 29. 71.
672 28. 72.
673 28. 72.
674 28. 72.
675 28. 72.
676 28. 72.
677 29. 71.
678 30. 70.
679 30. 70.
680 30. 70.
681 29. 71.
682 29. 71.
683 29. 71.
684 29. 71.
685 29. 71.
686 29. 71.
687 29. 71.
688 29. 71.
689 30. 70.
690 30. 70.
691 31. 69.
692 31. 69.
693 30. 70.
694 29. 71.
695 28. 72.
696 28. 72.
697 28. 72.
698 28. 72.
699 27. 73.
700 27. 73.
701 27. 73.
702 27. 73.
703 27. 73.
704 27. 73.
705 27. 73.
706 27. 73.
707 27. 73.
708 27. 73.
709 27. 73.
710 27. 73.
711 27. 73.
712 27. 73.
713 27. 73.
714 27. 73.
715 27. 73.
716 27. 73.
717 27. 73.
718 27. 73.
719 27. 73.
720 27. 73.
721 26. 74.
722 26. 74.
723 26. 74.
724 25. 75.
725 25. 75.
726 25. 75.
727 25. 75.
728 25. 75.
729 26. 74.
730 26. 74.
731 26. 74.
732 26. 74.
733 26. 74.
734 26. 74.
735 26. 74.
736 26. 74.
737 26. 74.
738 26. 74.
739 26. 74.
740 26. 74.
741 26. 74.
742 26. 74.
743 25. 75.
744 25. 75.
745 25. 75.
746 25. 75.
747 25. 75.
748 25. 75.
749 25. 75.
750 24. 76.
751 24. 76.
752 24. 76.
753 24. 76.
754 24. 76.
755 24. 76.
756 24. 76.
757 24. 76.
758 25. 75.
759 25. 75.
760 25. 75.
761 25. 75.
762 24. 76.
763 24. 76.
764 24. 76.
765 24. 76.
766 24. 76.
767 24. 76.
768 24. 76.
769 23. 77.
770 23. 77.
771 23. 77.
772 23. 77.
773 22. 78.
774 22. 78.
775 22. 78.
776 22. 78.
777 22. 78.
778 23. 77.
779 23. 77.
780 23. 77.
781 23. 77.
782 23. 77.
783 22. 78.
784 22. 78.
785 21. 79.
786 21. 79.
787 21. 79.
788 21. 79.
789 21. 79.
790 21. 79.
791 21. 79.
792 21. 79.
793 21. 79.
794 21. 79.
795 21. 79.
796 21. 79.
797 21. 79.
798 21. 79.
799 21. 79.
800 21. 79.
801 21. 79.
802 21. 79.
803 22. 78.
804 23. 77.
805 23. 77.
806 24. 76.
807 24. 76.
808 24. 76.
809 24. 76.
810 24. 76.
811 24. 76.
812 24. 76.
813 23. 77.
814 24. 76.
815 24. 76.
816 24. 76.
817 24. 76.
818 24. 76.
819 25. 75.
820 25. 75.
821 25. 75.
822 25. 75.
823 25. 75.
824 26. 74.
825 26. 74.
826 26. 74.
827 26. 74.
828 27. 73.
829 27. 73.
830 26. 74.
831 26. 74.
832 26. 74.
833 26. 74.
834 26. 74.
835 26. 74.
836 27. 73.
837 26. 74.
838 27. 73.
839 27. 73.
840 27. 73.
841 27. 73.
842 27. 73.
843 27. 73.
844 27. 73.
845 27. 73.
846 27. 73.
847 27. 73.
848 28. 72.
849 27. 73.
850 26. 74.
851 25. 75.
852 25. 75.
853 25. 75.
854 25. 75.
855 26. 74.
856 26. 74.
857 26. 74.
858 26. 74.
859 26. 74.
860 25. 75.
861 25. 75.
862 25. 75.
863 26. 74.
864 26. 74.
865 26. 74.
866 26. 74.
867 26. 74.
868 26. 74.
869 26. 74.
870 26. 74.
871 26. 74.
872 26. 74.
873 26. 74.
874 26. 74.
875 26. 74.
876 26. 74.
877 27. 73.
878 27. 73.
879 27. 73.
880 27. 73.
881 28. 72.
882 28. 72.
883 28. 72.
884 28. 72.
885 28. 72.
886 28. 72.
887 28. 72.
888 29. 71.
889 29. 71.
890 29. 71.
891 29. 71.
892 29. 71.
893 28. 72.
894 29. 71.
895 29. 71.
896 29. 71.
897 28. 72.
898 28. 72.
899 28. 72.
900 28. 72.
901 28. 72.
902 28. 72.
903 28. 72.
904 28. 72.
905 28. 72.
906 28. 72.
907 28. 72.
908 28. 72.
909 28. 72.
910 28. 72.
911 28. 72.
912 29. 71.
913 29. 71.
914 29. 71.
915 29. 71.
916 29. 71.
917 29. 71.
918 29. 71.
919 29. 71.
920 29. 71.
921 29. 71.
922 29. 71.
923 29. 71.
924 30. 70.
925 31. 69.
926 30. 70.
927 30. 70.
928 30. 70.
929 30. 70.
930 30. 70.
931 30. 70.
932 30. 70.
933 31. 69.
934 31. 69.
935 31. 69.
936 31. 69.
937 31. 69.
938 30. 70.
939 30. 70.
940 30. 70.
941 30. 70.
942 30. 70.
943 30. 70.
944 30. 70.
945 30. 70.
946 30. 70.
947 30. 70.
948 30. 70.
949 30. 70.
950 30. 70.
951 30. 70.
952 30. 70.
953 30. 70.
954 30. 70.
955 30. 70.
956 30. 70.
957 30. 70.
958 30. 70.
959 30. 70.
960 30. 70.
961 30. 70.
962 29. 71.
963 30. 70.
964 30. 70.
965 30. 70.
966 30. 70.
967 30. 70.
968 30. 70.
969 30. 70.
970 30. 70.
971 30. 70.
972 30. 70.
973 29. 71.
974 29. 71.
975 28. 72.
976 28. 72.
977 27. 73.
978 27. 73.
979 27. 73.
980 27. 73.
981 27. 73.
982 27. 73.
983 28. 72.
984 28. 72.
985 28. 72.
986 28. 72.
987 28. 72.
988 28. 72.
989 28. 72.
990 28. 72.
991 28. 72.
992 29. 71.
993 29. 71.
994 29. 71.
995 29. 71.
996 29. 71.
997 29. 71.
998 29. 71.
999 29. 71.
1000 28. 72.
1001 28. 72.
1002 28. 72.
1003 28. 72.
1004 29. 71.
1005 29. 71.
1006 29. 71.
1007 29. 71.
1008 29. 71.
1009 30. 70.
1010 30. 70.
1011 30. 70.
1012 30. 70.
1013 30. 70.
1014 30. 70.
1015 30. 70.
1016 30. 70.
1017 29. 71.
1018 29. 71.
1019 29. 71.
1020 29. 71.
1021 29. 71.
1022 29. 71.
1023 29. 71.
1024 29. 71.
1025 29. 71.
1026 29. 71.
1027 29. 71.
1028 29. 71.
1029 28. 72.
1030 29. 71.
1031 29. 71.
1032 29. 71.
1033 30. 70.
1034 30. 70.
1035 30. 70.
1036 30. 70.
1037 30. 70.
1038 31. 69.
1039 31. 69.
1040 31. 69.
1041 31. 69.
1042 30. 70.
1043 30. 70.
1044 30. 70.
1045 30. 70.
1046 29. 71.
1047 29. 71.
1048 28. 72.
1049 28. 72.
1050 27. 73.
1051 28. 72.
1052 27. 73.
1053 26. 74.
1054 26. 74.
1055 26. 74.
1056 26. 74.
1057 26. 74.
1058 26. 74.
1059 27. 73.
1060 27. 73.
1061 27. 73.
1062 27. 73.
1063 27. 73.
1064 27. 73.
1065 27. 73.
1066 27. 73.
1067 27. 73.
1068 27. 73.
1069 27. 73.
1070 26. 74.
1071 26. 74.
1072 26. 74.
1073 27. 73.
1074 27. 73.
1075 27. 73.
1076 27. 73.
1077 27. 73.
1078 28. 72.
1079 28. 72.
1080 28. 72.
1081 28. 72.
1082 28. 72.
1083 28. 72.
1084 28. 72.
1085 28. 72.
1086 29. 71.
1087 29. 71.
1088 29. 71.
1089 29. 71.
1090 28. 72.
1091 28. 72.
1092 28. 72.
1093 29. 71.
1094 28. 72.
1095 28. 72.
1096 27. 73.
1097 27. 73.
1098 27. 73.
1099 27. 73.
1100 27. 73.
1101 27. 73.
1102 27. 73.
1103 27. 73.
1104 27. 73.
1105 28. 72.
1106 29. 71.
1107 28. 72.
1108 28. 72.
1109 27. 73.
1110 27. 73.
1111 27. 73.
1112 27. 73.
1113 27. 73.
1114 27. 73.
1115 27. 73.
1116 27. 73.
1117 27. 73.
1118 27. 73.
1119 27. 73.
1120 27. 73.
1121 27. 73.
1122 26. 74.
1123 26. 74.
1124 26. 74.
1125 26. 74.
1126 26. 74.
1127 26. 74.
1128 26. 74.
1129 27. 73.
1130 27. 73.
1131 27. 73.
1132 27. 73.
1133 27. 73.
1134 26. 74.
1135 26. 74.
1136 26. 74.
1137 26. 74.
1138 26. 74.
1139 26. 74.
1140 26. 74.
1141 26. 74.
1142 27. 73.
1143 28. 72.
1144 28. 72.
1145 28. 72.
1146 28. 72.
1147 28. 72.
1148 28. 72.
1149 28. 72.
1150 27. 73.
1151 26. 74.
1152 26. 74.
1153 26. 74.
1154 26. 74.
1155 26. 74.
1156 25. 75.
1157 25. 75.
1158 25. 75.
1159 25. 75.
1160 25. 75.
1161 24. 76.
1162 24. 76.
1163 24. 76.
1164 24. 76.
1165 25. 75.
1166 25. 75.
1167 25. 75.
1168 25. 75.
1169 25. 75.
1170 25. 75.
1171 25. 75.
1172 25. 75.
1173 25. 75.
1174 26. 74.
1175 27. 73.
1176 27. 73.
1177 27. 73.
1178 27. 73.
1179 26. 74.
1180 26. 74.
1181 26. 74.
1182 25. 75.
1183 26. 74.
1184 26. 74.
1185 26. 74.
1186 26. 74.
1187 26. 74.
1188 26. 74.
1189 26. 74.
1190 27. 73.
1191 28. 72.
1192 27. 73.
1193 28. 72.
1194 28. 72.
1195 27. 73.
1196 27. 73.
1197 28. 72.
1198 29. 71.
1199 29. 71.
1200 29. 71.
1201 29. 71.
1202 29. 71.
1203 29. 71.
1204 29. 71.
1205 29. 71.
1206 29. 71.
1207 28. 72.
1208 28. 72.
1209 28. 72.
1210 28. 72.
1211 28. 72.
1212 28. 72.
1213 27. 73.
1214 27. 73.
1215 27. 73.
1216 27. 73.
1217 27. 73.
1218 27. 73.
1219 26. 74.
1220 27. 73.
1221 27. 73.
1222 28. 72.
1223 27. 73.
1224 27. 73.
1225 27. 73.
1226 27. 73.
1227 27. 73.
1228 27. 73.
1229 27. 73.
1230 27. 73.
1231 27. 73.
1232 27. 73.
1233 27. 73.
1234 27. 73.
1235 27. 73.
1236 27. 73.
1237 27. 73.
1238 28. 72.
1239 28. 72.
1240 28. 72.
1241 27. 73.
1242 27. 73.
1243 27. 73.
1244 26. 74.
1245 26. 74.
1246 26. 74.
1247 26. 74.
1248 26. 74.
1249 26. 74.
1250 26. 74.
1251 26. 74.
1252 26. 74.
1253 26. 74.
1254 27. 73.
1255 27. 73.
1256 27. 73.
1257 26. 74.
1258 26. 74.
1259 26. 74.
1260 26. 74.
1261 25. 75.
1262 25. 75.
1263 24. 76.
1264 25. 75.
1265 25. 75.
1266 25. 75.
1267 25. 75.
1268 24. 76.
1269 24. 76.
1270 24. 76.
1271 24. 76.
1272 24. 76.
1273 24. 76.
1274 24. 76.
1275 24. 76.
1276 24. 76.
1277 24. 76.
1278 24. 76.
1279 24. 76.
1280 23. 77.
1281 23. 77.
1282 23. 77.
1283 23. 77.
1284 23. 77.
1285 23. 77.
1286 23. 77.
1287 24. 76.
1288 25. 75.
1289 25. 75.
1290 25. 75.
1291 25. 75.
1292 25. 75.
1293 25. 75.
1294 25. 75.
1295 24. 76.
1296 25. 75.
1297 25. 75.
1298 25. 75.
1299 25. 75.
1300 24. 76.
1301 25. 75.
1302 24. 76.
1303 24. 76.
1304 24. 76.
1305 24. 76.
1306 23. 77.
1307 23. 77.
1308 23. 77.
1309 23. 77.
1310 23. 77.
1311 23. 77.
1312 22. 78.
1313 22. 78.
1314 23. 77.
1315 22. 78.
1316 22. 78.
1317 22. 78.
1318 22. 78.
1319 22. 78.
1320 22. 78.
1321 22. 78.
1322 22. 78.
1323 22. 78.
1324 22. 78.
1325 21. 79.
1326 22. 78.
1327 22. 78.
1328 22. 78.
1329 21. 79.
1330 21. 79.
1331 21. 79.
1332 21. 79.
1333 21. 79.
1334 21. 79.
1335 21. 79.
1336 21. 79.
1337 21. 79.
1338 21. 79.
1339 22. 78.
1340 22. 78.
1341 22. 78.
1342 22. 78.
1343 22. 78.
1344 22. 78.
1345 21. 79.
1346 21. 79.
1347 21. 79.
1348 21. 79.
1349 20. 80.
1350 20. 80.
1351 20. 80.
1352 20. 80.
1353 20. 80.
1354 19. 81.
1355 20. 80.
1356 20. 80.
1357 20. 80.
1358 20. 80.
1359 20. 80.
1360 20. 80.
1361 19. 81.
1362 19. 81.
1363 19. 81.
1364 19. 81.
1365 19. 81.
1366 19. 81.
1367 19. 81.
1368 19. 81.
1369 19. 81.
1370 19. 81.
1371 19. 81.
1372 18. 82.
1373 18. 82.
1374 18. 82.
1375 17. 83.
1376 17. 83.
1377 18. 82.
1378 18. 82.
1379 18. 82.
1380 18. 82.
1381 17. 83.
1382 17. 83.
1383 17. 83.
1384 16. 84.
1385 16. 84.
1386 16. 84.
1387 16. 84.
1388 17. 83.
1389 17. 83.
1390 17. 83.
1391 17. 83.
1392 17. 83.
1393 17. 83.
1394 17. 83.
1395 17. 83.
1396 17. 83.
1397 17. 83.
1398 17. 83.
1399 17. 83.
1400 17. 83.
1401 16. 84.
1402 16. 84.
1403 16. 84.
1404 17. 83.
1405 17. 83.
1406 18. 82.
1407 18. 82.
1408 18. 82.
1409 18. 82.
1410 18. 82.
1411 19. 81.
1412 19. 81.
1413 19. 81.
1414 18. 82.
1415 18. 82.
1416 18. 82.
1417 18. 82.
1418 18. 82.
1419 18. 82.
1420 18. 82.
1421 18. 82.
1422 18. 82.
1423 18. 82.
1424 18. 82.
1425 18. 82.
1426 18. 82.
1427 18. 82.
1428 18. 82.
1429 18. 82.
1430 18. 82.
1431 18. 82.
1432 18. 82.
1433 18. 82.
1434 18. 82.
1435 18. 82.
1436 18. 82.
1437 18. 82.
1438 18. 82.
1439 18. 82.
1440 18. 82.
1441 18. 82.
1442 18. 82.
1443 17. 83.
1444 17. 83.
1445 17. 83.
1446 16. 84.
1447 16. 84.
1448 17. 83.
1449 17. 83.
1450 17. 83.
1451 17. 83.
1452 17. 83.
1453 17. 83.
1454 17. 83.
1455 17. 83.
1456 17. 83.
1457 17. 83.
1458 18. 82.
1459 18. 82.
1460 18. 82.
1461 18. 82.
1462 18. 82.
1463 18. 82.
1464 18. 82.
1465 17. 83.
1466 17. 83.
1467 17. 83.
1468 16. 84.
1469 16. 84.
1470 16. 84.
1471 15. 85.
1472 15. 85.
1473 15. 85.
1474 15. 85.
1475 15. 85.
1476 15. 85.
1477 15. 85.
1478 15. 85.
1479 15. 85.
1480 15. 85.
1481 16. 84.
1482 16. 84.
1483 16. 84.
1484 16. 84.
1485 16. 84.
1486 16. 84.
1487 17. 83.
1488 17. 83.
1489 17. 83.
1490 17. 83.
1491 18. 82.
1492 18. 82.
1493 18. 82.
1494 18. 82.
1495 18. 82.
1496 18. 82.
1497 18. 82.
1498 18. 82.
1499 18. 82.
1500 18. 82.
1501 18. 82.
1502 18. 82.
1503 18. 82.
1504 18. 82.
1505 18. 82.
1506 18. 82.
1507 18. 82.
1508 18. 82.
1509 18. 82.
1510 18. 82.
1511 18. 82.
1512 18. 82.
1513 18. 82.
1514 18. 82.
1515 18. 82.
1516 18. 82.
1517 18. 82.
1518 18. 82.
1519 18. 82.
1520 17. 83.
1521 17. 83.
1522 17. 83.
1523 16. 84.
1524 16. 84.
1525 16. 84.
1526 17. 83.
1527 17. 83.
1528 17. 83.
1529 16. 84.
1530 16. 84.
1531 16. 84.
1532 16. 84.
1533 16. 84.
1534 16. 84.
1535 16. 84.
1536 16. 84.
1537 16. 84.
1538 16. 84.
1539 16. 84.
1540 16. 84.
1541 16. 84.
1542 16. 84.
1543 16. 84.
1544 16. 84.
1545 15. 85.
1546 15. 85.
1547 15. 85.
1548 15. 85.
1549 15. 85.
1550 15. 85.
1551 15. 85.
1552 15. 85.
1553 15. 85.
1554 15. 85.
1555 15. 85.
1556 15. 85.
1557 15. 85.
1558 15. 85.
1559 15. 85.
1560 15. 85.
1561 15. 85.
1562 15. 85.
1563 15. 85.
1564 15. 85.
1565 15. 85.
1566 15. 85.
1567 15. 85.
1568 15. 85.
1569 15. 85.
1570 16. 84.
1571 16. 84.
1572 16. 84.
1573 16. 84.
1574 15. 85.
1575 15. 85.
1576 15. 85.
1577 15. 85.
1578 14. 86.
1579 14. 86.
1580 14. 86.
1581 14. 86.
1582 15. 85.
1583 15. 85.
1584 15. 85.
1585 15. 85.
1586 15. 85.
1587 15. 85.
1588 15. 85.
1589 15. 85.
1590 15. 85.
1591 15. 85.
1592 15. 85.
1593 15. 85.
1594 15. 85.
1595 15. 85.
1596 16. 84.
1597 16. 84.
1598 16. 84.
1599 17. 83.
1600 17. 83.
1601 16. 84.
1602 16. 84.
1603 16. 84.
1604 16. 84.
1605 16. 84.
1606 16. 84.
1607 16. 84.
1608 16. 84.
1609 16. 84.
1610 16. 84.
1611 16. 84.
1612 16. 84.
1613 16. 84.
1614 17. 83.
1615 17. 83.
1616 17. 83.
1617 17. 83.
1618 17. 83.
1619 16. 84.
1620 16. 84.
1621 16. 84.
1622 16. 84.
1623 16. 84.
1624 16. 84.
1625 15. 85.
1626 15. 85.
1627 15. 85.
1628 15. 85.
1629 15. 85.
1630 15. 85.
1631 15. 85.
1632 15. 85.
1633 15. 85.
1634 15. 85.
1635 15. 85.
1636 15. 85.
1637 15. 85.
1638 15. 85.
1639 16. 84.
1640 16. 84.
1641 15. 85.
1642 14. 86.
1643 14. 86.
1644 14. 86.
1645 14. 86.
1646 14. 86.
1647 14. 86.
1648 14. 86.
1649 14. 86.
1650 14. 86.
1651 14. 86.
1652 15. 85.
1653 15. 85.
1654 15. 85.
1655 15. 85.
1656 15. 85.
1657 15. 85.
1658 15. 85.
1659 15. 85.
1660 15. 85.
1661 15. 85.
1662 15. 85.
1663 16. 84.
1664 17. 83.
1665 17. 83.
1666 17. 83.
1667 17. 83.
1668 17. 83.
1669 17. 83.
1670 17. 83.
1671 17. 83.
1672 17. 83.
1673 18. 82.
1674 17. 83.
1675 17. 83.
1676 17. 83.
1677 17. 83.
1678 17. 83.
1679 18. 82.
1680 18. 82.
1681 18. 82.
1682 17. 83.
1683 16. 84.
1684 16. 84.
1685 16. 84.
1686 16. 84.
1687 16. 84.
1688 16. 84.
1689 16. 84.
1690 17. 83.
1691 17. 83.
1692 17. 83.
1693 16. 84.
1694 15. 85.
1695 15. 85.
1696 15. 85.
1697 15. 85.
1698 15. 85.
1699 15. 85.
1700 15. 85.
1701 15. 85.
1702 15. 85.
1703 15. 85.
1704 15. 85.
1705 15. 85.
1706 15. 85.
1707 15. 85.
1708 15. 85.
1709 15. 85.
1710 14. 86.
1711 14. 86.
1712 14. 86.
1713 14. 86.
1714 15. 85.
1715 15. 85.
1716 15. 85.
1717 15. 85.
1718 15. 85.
1719 15. 85.
1720 15. 85.
1721 15. 85.
1722 14. 86.
1723 14. 86.
1724 14. 86.
1725 14. 86.
1726 14. 86.
1727 15. 85.
1728 15. 85.
1729 15. 85.
1730 15. 85.
1731 15. 85.
1732 14. 86.
1733 14. 86.
1734 14. 86.
1735 14. 86.
1736 15. 85.
1737 15. 85.
1738 15. 85.
1739 15. 85.
1740 15. 85.
1741 15. 85.
1742 15. 85.
1743 15. 85.
1744 15. 85.
1745 15. 85.
1746 15. 85.
1747 15. 85.
1748 16. 84.
1749 16. 84.
1750 16. 84.
1751 16. 84.
1752 16. 84.
1753 16. 84.
1754 15. 85.
1755 15. 85.
1756 15. 85.
1757 14. 86.
1758 14. 86.
1759 13. 87.
1760 13. 87.
1761 13. 87.
1762 13. 87.
1763 12. 88.
1764 12. 88.
1765 12. 88.
1766 12. 88.
1767 12. 88.
1768 12. 88.
1769 12. 88.
1770 12. 88.
1771 12. 88.
1772 12. 88.
1773 12. 88.
1774 12. 88.
1775 12. 88.
1776 12. 88.
1777 12. 88.
1778 12. 88.
1779 12. 88.
1780 12. 88.
1781 12. 88.
1782 12. 88.
1783 12. 88.
1784 12. 88.
1785 12. 88.
1786 12. 88.
1787 12. 88.
1788 12. 88.
1789 12. 88.
1790 12. 88.
1791 12. 88.
1792 12. 88.
1793 12. 88.
1794 12. 88.
1795 12. 88.
1796 12. 88.
1797 12. 88.
1798 12. 88.
1799 12. 88.
1800 12. 88.
1801 12. 88.
1802 12. 88.
1803 12. 88.
1804 12. 88.
1805 11. 89.
1806 11. 89.
1807 11. 89.
1808 11. 89.
1809 11. 89.
1810 11. 89.
1811 11. 89.
1812 11. 89.
1813 11. 89.
1814 11. 89.
1815 11. 89.
1816 11. 89.
1817 11. 89.
1818 11. 89.
1819 11. 89.
1820 11. 89.
1821 11. 89.
1822 11. 89.
1823 11. 89.
1824 11. 89.
1825 11. 89.
1826 11. 89.
1827 11. 89.
1828 11. 89.
1829 11. 89.
1830 11. 89.
1831 11. 89.
1832 11. 89.
1833 11. 89.
1834 11. 89.
1835 11. 89.
1836 10. 90.
1837 10. 90.
1838 9. 91.
1839 10. 90.
1840 11. 89.
1841 11. 89.
1842 11. 89.
1843 12. 88.
1844 11. 89.
1845 11. 89.
1846 11. 89.
1847 11. 89.
1848 11. 89.
1849 11. 89.
1850 11. 89.
1851 11. 89.
1852 11. 89.
1853 11. 89.
1854 11. 89.
1855 12. 88.
1856 12. 88.
1857 12. 88.
1858 12. 88.
1859 12. 88.
1860 12. 88.
1861 12. 88.
1862 13. 87.
1863 12. 88.
1864 12. 88.
1865 12. 88.
1866 12. 88.
1867 12. 88.
1868 12. 88.
1869 12. 88.
1870 13. 87.
1871 13. 87.
1872 13. 87.
1873 13. 87.
1874 13. 87.
1875 14. 86.
1876 13. 87.
1877 13. 87.
1878 14. 86.
1879 14. 86.
1880 14. 86.
1881 14. 86.
1882 14. 86.
1883 14. 86.
1884 14. 86.
1885 14. 86.
1886 14. 86.
1887 14. 86.
1888 14. 86.
1889 14. 86.
1890 13. 87.
1891 13. 87.
1892 13. 87.
1893 13. 87.
1894 14. 86.
1895 14. 86.
1896 14. 86.
1897 14. 86.
1898 14. 86.
1899 14. 86.
1900 13. 87.
1901 13. 87.
1902 13. 87.
1903 13. 87.
1904 13. 87.
1905 13. 87.
1906 13. 87.
1907 13. 87.
1908 13. 87.
1909 13. 87.
1910 13. 87.
1911 13. 87.
1912 13. 87.
1913 13. 87.
1914 14. 86.
1915 14. 86.
1916 14. 86.
1917 14. 86.
1918 14. 86.
1919 14. 86.
1920 15. 85.
1921 15. 85.
1922 15. 85.
1923 15. 85.
1924 15. 85.
1925 15. 85.
1926 15. 85.
1927 15. 85.
1928 15. 85.
1929 15. 85.
1930 15. 85.
1931 15. 85.
1932 16. 84.
1933 16. 84.
1934 17. 83.
1935 17. 83.
1936 17. 83.
1937 17. 83.
1938 17. 83.
1939 17. 83.
1940 16. 84.
1941 16. 84.
1942 16. 84.
1943 16. 84.
1944 16. 84.
1945 16. 84.
1946 16. 84.
1947 16. 84.
1948 16. 84.
1949 16. 84.
1950 16. 84.
1951 16. 84.
1952 16. 84.
1953 16. 84.
1954 16. 84.
1955 16. 84.
1956 16. 84.
1957 16. 84.
1958 16. 84.
1959 16. 84.
1960 16. 84.
1961 16. 84.
1962 16. 84.
1963 16. 84.
1964 16. 84.
1965 16. 84.
1966 16. 84.
1967 16. 84.
1968 15. 85.
1969 16. 84.
1970 16. 84.
1971 16. 84.
1972 16. 84.
1973 16. 84.
1974 16. 84.
1975 16. 84.
1976 16. 84.
1977 16. 84.
1978 16. 84.
1979 16. 84.
1980 16. 84.
1981 16. 84.
1982 16. 84.
1983 16. 84.
1984 16. 84.
1985 16. 84.
1986 16. 84.
1987 16. 84.
1988 16. 84.
1989 15. 85.
1990 15. 85.
1991 15. 85.
1992 15. 85.
1993 15. 85.
1994 15. 85.
1995 15. 85.
1996 15. 85.
1997 15. 85.
1998 15. 85.
1999 15. 85.
2000 15. 85.
2001 15. 85.
2002 14. 86.
2003 14. 86.
2004 14. 86.
2005 14. 86.
2006 14. 86.
2007 14. 86.
2008 14. 86.
2009 14. 86.
2010 15. 85.
2011 15. 85.
2012 15. 85.
2013 15. 85.
2014 15. 85.
2015 14. 86.
2016 14. 86.
2017 14. 86.
2018 15. 85.
2019 14. 86.
2020 14. 86.
2021 14. 86.
2022 14. 86.
2023 14. 86.
2024 13. 87.
2025 13. 87.
2026 13. 87.
2027 13. 87.
2028 13. 87.
2029 14. 86.
2030 14. 86.
2031 14. 86.
2032 14. 86.
2033 14. 86.
2034 14. 86.
2035 15. 85.
2036 15. 85.
2037 15. 85.
2038 15. 85.
2039 15. 85.
2040 14. 86.
2041 14. 86.
2042 14. 86.
2043 14. 86.
2044 14. 86.
2045 14. 86.
2046 14. 86.
2047 14. 86.
2048 14. 86.
2049 14. 86.
2050 14. 86.
2051 14. 86.
2052 14. 86.
2053 14. 86.
2054 14. 86.
2055 13. 87.
2056 13. 87.
2057 13. 87.
2058 13. 87.
2059 13. 87.
2060 13. 87.
2061 13. 87.
2062 13. 87.
2063 13. 87.
2064 13. 87.
2065 13. 87.
2066 13. 87.
2067 13. 87.
2068 13. 87.
2069 12. 88.
2070 12. 88.
2071 12. 88.
2072 12. 88.
2073 12. 88.
2074 12. 88.
2075 12. 88.
2076 13. 87.
2077 13. 87.
2078 13. 87.
2079 13. 87.
2080 13. 87.
2081 12. 88.
2082 12. 88.
2083 12. 88.
2084 12. 88.
2085 12. 88.
2086 12. 88.
2087 12. 88.
2088 13. 87.
2089 13. 87.
2090 13. 87.
2091 13. 87.
2092 12. 88.
2093 12. 88.
2094 12. 88.
2095 13. 87.
2096 14. 86.
2097 14. 86.
2098 14. 86.
2099 14. 86.
2100 14. 86.
2101 14. 86.
2102 14. 86.
2103 14. 86.
2104 14. 86.
2105 14. 86.
2106 14. 86.
2107 14. 86.
2108 14. 86.
2109 14. 86.
2110 15. 85.
2111 15. 85.
2112 15. 85.
2113 15. 85.
2114 15. 85.
2115 15. 85.
2116 15. 85.
2117 15. 85.
2118 15. 85.
2119 16. 84.
2120 16. 84.
2121 17. 83.
2122 17. 83.
2123 17. 83.
2124 17. 83.
2125 17. 83.
2126 17. 83.
2127 17. 83.
2128 16. 84.
2129 16. 84.
2130 16. 84.
2131 16. 84.
2132 16. 84.
2133 16. 84.
2134 16. 84.
2135 16. 84.
2136 16. 84.
2137 16. 84.
2138 15. 85.
2139 15. 85.
2140 15. 85.
2141 15. 85.
2142 15. 85.
2143 15. 85.
2144 15. 85.
2145 15. 85.
2146 15. 85.
2147 15. 85.
2148 15. 85.
2149 15. 85.
2150 15. 85.
2151 15. 85.
2152 15. 85.
2153 15. 85.
2154 14. 86.
2155 14. 86.
2156 15. 85.
2157 15. 85.
2158 15. 85.
2159 15. 85.
2160 15. 85.
2161 15. 85.
2162 15. 85.
2163 15. 85.
2164 15. 85.
2165 15. 85.
2166 15. 85.
2167 15. 85.
2168 15. 85.
2169 15. 85.
2170 15. 85.
2171 15. 85.
2172 15. 85.
2173 15. 85.
2174 15. 85.
2175 15. 85.
2176 15. 85.
2177 15. 85.
2178 15. 85.
2179 14. 86.
2180 14. 86.
2181 13. 87.
2182 13. 87.
2183 13. 87.
2184 13. 87.
2185 13. 87.
2186 13. 87.
2187 13. 87.
2188 13. 87.
2189 13. 87.
2190 14. 86.
2191 14. 86.
2192 15. 85.
2193 15. 85.
2194 15. 85.
2195 15. 85.
2196 15. 85.
2197 15. 85.
2198 15. 85.
2199 15. 85.
2200 15. 85.
2201 14. 86.
2202 14. 86.
2203 14. 86.
2204 14. 86.
2205 14. 86.
2206 14. 86.
2207 14. 86.
2208 14. 86.
2209 14. 86.
2210 15. 85.
2211 15. 85.
2212 15. 85.
2213 15. 85.
2214 15. 85.
2215 15. 85.
2216 15. 85.
2217 15. 85.
2218 15. 85.
2219 15. 85.
2220 15. 85.
2221 15. 85.
2222 15. 85.
2223 15. 85.
2224 14. 86.
2225 14. 86.
2226 14. 86.
2227 14. 86.
2228 14. 86.
2229 14. 86.
2230 14. 86.
2231 14. 86.
2232 14. 86.
2233 14. 86.
2234 14. 86.
2235 14. 86.
2236 13. 87.
2237 13. 87.
2238 13. 87.
2239 13. 87.
2240 13. 87.
2241 14. 86.
2242 14. 86.
2243 14. 86.
2244 14. 86.
2245 13. 87.
2246 12. 88.
2247 12. 88.
2248 12. 88.
2249 12. 88.
2250 11. 89.
2251 11. 89.
2252 11. 89.
2253 11. 89.
2254 11. 89.
2255 11. 89.
2256 11. 89.
2257 11. 89.
2258 10. 90.
2259 10. 90.
2260 10. 90.
2261 10. 90.
2262 9. 91.
2263 9. 91.
2264 9. 91.
2265 10. 90.
2266 10. 90.
2267 10. 90.
2268 10. 90.
2269 10. 90.
2270 10. 90.
2271 9. 91.
2272 9. 91.
2273 9. 91.
2274 9. 91.
2275 9. 91.
2276 9. 91.
2277 9. 91.
2278 9. 91.
2279 9. 91.
2280 9. 91.
2281 9. 91.
2282 9. 91.
2283 9. 91.
2284 9. 91.
2285 9. 91.
2286 9. 91.
2287 9. 91.
2288 9. 91.
2289 9. 91.
2290 9. 91.
2291 9. 91.
2292 9. 91.
2293 9. 91.
2294 9. 91.
2295 9. 91.
2296 9. 91.
2297 9. 91.
2298 9. 91.
2299 9. 91.
2300 9. 91.
2301 9. 91.
2302 9. 91.
2303 9. 91.
2304 10. 90.
2305 10. 90.
2306 10. 90.
2307 10. 90.
2308 10. 90.
2309 10. 90.
2310 10. 90.
2311 10. 90.
2312 10. 90.
2313 10. 90.
2314 10. 90.
2315 9. 91.
2316 9. 91.
2317 9. 91.
2318 9. 91.
2319 9. 91.
2320 9. 91.
2321 9. 91.
2322 9. 91.
2323 9. 91.
2324 9. 91.
2325 10. 90.
2326 10. 90.
2327 10. 90.
2328 10. 90.
2329 10. 90.
2330 10. 90.
2331 10. 90.
2332 10. 90.
2333 10. 90.
2334 10. 90.
2335 10. 90.
2336 10. 90.
2337 10. 90.
2338 10. 90.
2339 10. 90.
2340 10. 90.
2341 10. 90.
2342 10. 90.
2343 10. 90.
2344 10. 90.
2345 10. 90.
2346 10. 90.
2347 10. 90.
2348 10. 90.
2349 10. 90.
2350 10. 90.
2351 9. 91.
2352 9. 91.
2353 9. 91.
2354 9. 91.
2355 9. 91.
2356 9. 91.
2357 9. 91.
2358 9. 91.
2359 9. 91.
2360 10. 90.
2361 10. 90.
2362 10. 90.
2363 10. 90.
2364 10. 90.
2365 11. 89.
2366 11. 89.
2367 11. 89.
2368 11. 89.
2369 11. 89.
2370 11. 89.
2371 11. 89.
2372 11. 89.
2373 11. 89.
2374 11. 89.
2375 11. 89.
2376 11. 89.
2377 12. 88.
2378 12. 88.
2379 12. 88.
2380 13. 87.
2381 13. 87.
2382 13. 87.
2383 13. 87.
2384 13. 87.
2385 12. 88.
2386 12. 88.
2387 12. 88.
2388 12. 88.
2389 12. 88.
2390 12. 88.
2391 12. 88.
2392 12. 88.
2393 12. 88.
2394 12. 88.
2395 12. 88.
2396 12. 88.
2397 12. 88.
2398 12. 88.
2399 12. 88.
2400 12. 88.
2401 12. 88.
2402 12. 88.
2403 12. 88.
2404 12. 88.
2405 11. 89.
2406 11. 89.
2407 11. 89.
2408 11. 89.
2409 11. 89.
2410 10. 90.
2411 10. 90.
2412 10. 90.
2413 10. 90.
2414 10. 90.
2415 10. 90.
2416 10. 90.
2417 10. 90.
2418 10. 90.
2419 10. 90.
2420 10. 90.
2421 10. 90.
2422 10. 90.
2423 10. 90.
2424 10. 90.
2425 10. 90.
2426 10. 90.
2427 10. 90.
2428 10. 90.
2429 10. 90.
2430 10. 90.
2431 10. 90.
2432 10. 90.
2433 10. 90.
2434 10. 90.
2435 10. 90.
2436 10. 90.
2437 10. 90.
2438 10. 90.
2439 9. 91.
2440 9. 91.
2441 9. 91.
2442 10. 90.
2443 10. 90.
2444 10. 90.
2445 10. 90.
2446 9. 91.
2447 9. 91.
2448 9. 91.
2449 9. 91.
2450 9. 91.
2451 9. 91.
2452 8. 92.
2453 8. 92.
2454 8. 92.
2455 8. 92.
2456 8. 92.
2457 8. 92.
2458 8. 92.
2459 8. 92.
2460 8. 92.
2461 8. 92.
2462 8. 92.
2463 8. 92.
2464 8. 92.
2465 8. 92.
2466 8. 92.
2467 8. 92.
2468 8. 92.
2469 8. 92.
2470 8. 92.
2471 9. 91.
2472 9. 91.
2473 9. 91.
2474 9. 91.
2475 9. 91.
2476 9. 91.
2477 9. 91.
2478 9. 91.
2479 9. 91.
2480 9. 91.
2481 9. 91.
2482 9. 91.
2483 9. 91.
2484 9. 91.
2485 9. 91.
2486 9. 91.
2487 9. 91.
2488 9. 91.
2489 9. 91.
2490 9. 91.
2491 9. 91.
2492 9. 91.
2493 9. 91.
2494 9. 91.
2495 9. 91.
2496 9. 91.
2497 9. 91.
2498 9. 91.
2499 9. 91.
2500 9. 91.
2501 9. 91.
2502 9. 91.
2503 9. 91.
2504 9. 91.
2505 9. 91.
2506 8. 92.
2507 8. 92.
2508 8. 92.
2509 8. 92.
2510 8. 92.
2511 8. 92.
2512 8. 92.
2513 8. 92.
2514 8. 92.
2515 8. 92.
2516 8. 92.
2517 8. 92.
2518 8. 92.
2519 8. 92.
2520 8. 92.
2521 8. 92.
2522 8. 92.
2523 8. 92.
2524 8. 92.
2525 8. 92.
2526 8. 92.
2527 8. 92.
2528 8. 92.
2529 8. 92.
2530 8. 92.
2531 8. 92.
2532 8. 92.
2533 8. 92.
2534 8. 92.
2535 8. 92.
2536 8. 92.
2537 9. 91.
2538 9. 91.
2539 9. 91.
2540 9. 91.
2541 9. 91.
2542 9. 91.
2543 9. 91.
2544 10. 90.
2545 10. 90.
2546 10. 90.
2547 10. 90.
2548 10. 90.
2549 10. 90.
2550 10. 90.
2551 10. 90.
2552 10. 90.
2553 10. 90.
2554 10. 90.
2555 10. 90.
2556 10. 90.
2557 10. 90.
2558 10. 90.
2559 10. 90.
2560 10. 90.
2561 9. 91.
2562 9. 91.
2563 9. 91.
2564 9. 91.
2565 9. 91.
2566 9. 91.
2567 9. 91.
2568 9. 91.
2569 10. 90.
2570 10. 90.
2571 10. 90.
2572 11. 89.
2573 11. 89.
2574 11. 89.
2575 11. 89.
2576 11. 89.
2577 11. 89.
2578 11. 89.
2579 11. 89.
2580 11. 89.
2581 11. 89.
2582 11. 89.
2583 11. 89.
2584 11. 89.
2585 11. 89.
2586 11. 89.
2587 11. 89.
2588 11. 89.
2589 11. 89.
2590 11. 89.
2591 11. 89.
2592 11. 89.
2593 11. 89.
2594 11. 89.
2595 11. 89.
2596 11. 89.
2597 11. 89.
2598 11. 89.
2599 11. 89.
2600 10. 90.
2601 10. 90.
2602 10. 90.
2603 10. 90.
2604 10. 90.
2605 10. 90.
2606 10. 90.
2607 10. 90.
2608 10. 90.
2609 10. 90.
2610 10. 90.
2611 10. 90.
2612 10. 90.
2613 10. 90.
2614 10. 90.
2615 10. 90.
2616 10. 90.
2617 10. 90.
2618 10. 90.
2619 10. 90.
2620 10. 90.
2621 10. 90.
2622 10. 90.
2623 10. 90.
2624 10. 90.
2625 10. 90.
2626 10. 90.
2627 10. 90.
2628 10. 90.
2629 10. 90.
2630 9. 91.
2631 9. 91.
2632 9. 91.
2633 9. 91.
2634 9. 91.
2635 9. 91.
2636 9. 91.
2637 9. 91.
2638 9. 91.
2639 9. 91.
2640 9. 91.
2641 9. 91.
2642 9. 91.
2643 9. 91.
2644 8. 92.
2645 8. 92.
2646 8. 92.
2647 8. 92.
2648 8. 92.
2649 8. 92.
2650 9. 91.
2651 9. 91.
2652 9. 91.
2653 9. 91.
2654 9. 91.
2655 9. 91.
2656 9. 91.
2657 9. 91.
2658 9. 91.
2659 9. 91.
2660 9. 91.
2661 9. 91.
2662 9. 91.
2663 9. 91.
2664 9. 91.
2665 9. 91.
2666 9. 91.
2667 9. 91.
2668 9. 91.
2669 9. 91.
2670 9. 91.
2671 9. 91.
2672 9. 91.
2673 9. 91.
2674 9. 91.
2675 9. 91.
2676 9. 91.
2677 9. 91.
2678 9. 91.
2679 9. 91.
2680 9. 91.
2681 9. 91.
2682 9. 91.
2683 9. 91.
2684 9. 91.
2685 9. 91.
2686 9. 91.
2687 9. 91.
2688 9. 91.
2689 9. 91.
2690 9. 91.
2691 9. 91.
2692 9. 91.
2693 10. 90.
2694 10. 90.
2695 10. 90.
2696 10. 90.
2697 10. 90.
2698 10. 90.
2699 10. 90.
2700 10. 90.
2701 10. 90.
2702 10. 90.
2703 10. 90.
2704 11. 89.
2705 11. 89.
2706 11. 89.
2707 11. 89.
2708 11. 89.
2709 11. 89.
2710 11. 89.
2711 11. 89.
2712 11. 89.
2713 11. 89.
2714 10. 90.
2715 10. 90.
2716 10. 90.
2717 10. 90.
2718 10. 90.
2719 10. 90.
2720 10. 90.
2721 10. 90.
2722 10. 90.
2723 10. 90.
2724 10. 90.
2725 10. 90.
2726 10. 90.
2727 10. 90.
2728 10. 90.
2729 10. 90.
2730 10. 90.
2731 10. 90.
2732 11. 89.
2733 11. 89.
2734 11. 89.
2735 11. 89.
2736 11. 89.
2737 11. 89.
2738 11. 89.
2739 11. 89.
2740 11. 89.
2741 11. 89.
2742 11. 89.
2743 11. 89.
2744 11. 89.
2745 10. 90.
2746 11. 89.
2747 10. 90.
2748 10. 90.
2749 10. 90.
2750 11. 89.
2751 11. 89.
2752 11. 89.
2753 11. 89.
2754 11. 89.
2755 11. 89.
2756 11. 89.
2757 11. 89.
2758 11. 89.
2759 11. 89.
2760 11. 89.
2761 11. 89.
2762 11. 89.
2763 11. 89.
2764 11. 89.
2765 11. 89.
2766 11. 89.
2767 11. 89.
2768 11. 89.
2769 11. 89.
2770 11. 89.
2771 11. 89.
2772 11. 89.
2773 11. 89.
2774 11. 89.
2775 11. 89.
2776 11. 89.
2777 11. 89.
2778 11. 89.
2779 11. 89.
2780 11. 89.
2781 11. 89.
2782 11. 89.
2783 11. 89.
2784 11. 89.
2785 11. 89.
2786 11. 89.
2787 11. 89.
2788 11. 89.
2789 11. 89.
2790 11. 89.
2791 11. 89.
2792 11. 89.
2793 11. 89.
2794 11. 89.
2795 11. 89.
2796 11. 89.
2797 11. 89.
2798 11. 89.
2799 11. 89.
2800 11. 89.
2801 11. 89.
2802 11. 89.
2803 11. 89.
2804 11. 89.
2805 12. 88.
2806 12. 88.
2807 12. 88.
2808 12. 88.
2809 12. 88.
2810 12. 88.
2811 12. 88.
2812 12. 88.
2813 12. 88.
2814 12. 88.
2815 12. 88.
2816 11. 89.
2817 11. 89.
2818 11. 89.
2819 11. 89.
2820 11. 89.
2821 11. 89.
2822 10. 90.
2823 10. 90.
2824 10. 90.
2825 10. 90.
2826 10. 90.
2827 10. 90.
2828 10. 90.
2829 10. 90.
2830 10. 90.
2831 10. 90.
2832 10. 90.
2833 10. 90.
2834 10. 90.
2835 10. 90.
2836 10. 90.
2837 9. 91.
2838 9. 91.
2839 9. 91.
2840 10. 90.
2841 10. 90.
2842 10. 90.
2843 10. 90.
2844 10. 90.
2845 10. 90.
2846 10. 90.
2847 10. 90.
2848 10. 90.
2849 10. 90.
2850 10. 90.
2851 10. 90.
2852 11. 89.
2853 11. 89.
2854 11. 89.
2855 11. 89.
2856 10. 90.
2857 10. 90.
2858 10. 90.
2859 10. 90.
2860 10. 90.
2861 11. 89.
2862 11. 89.
2863 11. 89.
2864 11. 89.
2865 11. 89.
2866 11. 89.
2867 11. 89.
2868 11. 89.
2869 11. 89.
2870 11. 89.
2871 11. 89.
2872 11. 89.
2873 11. 89.
2874 11. 89.
2875 11. 89.
2876 11. 89.
2877 10. 90.
2878 10. 90.
2879 9. 91.
2880 9. 91.
2881 9. 91.
2882 9. 91.
2883 9. 91.
2884 9. 91.
2885 9. 91.
2886 9. 91.
2887 9. 91.
2888 9. 91.
2889 9. 91.
2890 9. 91.
2891 9. 91.
2892 9. 91.
2893 9. 91.
2894 9. 91.
2895 9. 91.
2896 9. 91.
2897 9. 91.
2898 9. 91.
2899 9. 91.
2900 9. 91.
2901 8. 92.
2902 8. 92.
2903 9. 91.
2904 9. 91.
2905 9. 91.
2906 9. 91.
2907 9. 91.
2908 9. 91.
2909 9. 91.
2910 9. 91.
2911 9. 91.
2912 8. 92.
2913 8. 92.
2914 8. 92.
2915 8. 92.
2916 8. 92.
2917 8. 92.
2918 8. 92.
2919 8. 92.
2920 8. 92.
2921 8. 92.
2922 8. 92.
2923 8. 92.
2924 8. 92.
2925 8. 92.
2926 9. 91.
2927 9. 91.
2928 9. 91.
2929 9. 91.
2930 9. 91.
2931 9. 91.
2932 9. 91.
2933 9. 91.
2934 9. 91.
2935 9. 91.
2936 9. 91.
2937 9. 91.
2938 9. 91.
2939 9. 91.
2940 9. 91.
2941 9. 91.
2942 10. 90.
2943 10. 90.
2944 10. 90.
2945 10. 90.
2946 10. 90.
2947 10. 90.
2948 10. 90.
2949 10. 90.
2950 10. 90.
2951 10. 90.
2952 10. 90.
2953 10. 90.
2954 10. 90.
2955 10. 90.
2956 10. 90.
2957 10. 90.
2958 10. 90.
2959 10. 90.
2960 10. 90.
2961 10. 90.
2962 10. 90.
2963 10. 90.
2964 10. 90.
2965 10. 90.
2966 10. 90.
2967 10. 90.
2968 10. 90.
2969 10. 90.
2970 9. 91.
2971 9. 91.
2972 10. 90.
2973 10. 90.
2974 10. 90.
2975 10. 90.
2976 10. 90.
2977 10. 90.
2978 10. 90.
2979 10. 90.
2980 10. 90.
2981 10. 90.
2982 10. 90.
2983 10. 90.
2984 10. 90.
2985 10. 90.
2986 10. 90.
2987 10. 90.
2988 10. 90.
2989 11. 89.
2990 11. 89.
2991 10. 90.
2992 10. 90.
2993 10. 90.
2994 10. 90.
2995 10. 90.
2996 11. 89.
2997 11. 89.
2998 11. 89.
2999 11. 89.
3000 11. 89.
3001 11. 89.
3002 11. 89.
3003 11. 89.
3004 11. 89.
3005 11. 89.
3006 11. 89.
3007 11. 89.
3008 11. 89.
3009 11. 89.
3010 11. 89.
3011 12. 88.
3012 12. 88.
3013 12. 88.
3014 12. 88.
3015 12. 88.
3016 12. 88.
3017 12. 88.
3018 12. 88.
3019 13. 87.
3020 14. 86.
3021 14. 86.
3022 14. 86.
3023 14. 86.
3024 14. 86.
3025 14. 86.
3026 13. 87.
3027 13. 87.
3028 13. 87.
3029 13. 87.
3030 13. 87.
3031 12. 88.
3032 12. 88.
3033 12. 88.
3034 12. 88.
3035 12. 88.
3036 12. 88.
3037 11. 89.
3038 11. 89.
3039 11. 89.
3040 11. 89.
3041 11. 89.
3042 11. 89.
3043 11. 89.
3044 11. 89.
3045 10. 90.
3046 10. 90.
3047 10. 90.
3048 10. 90.
3049 10. 90.
3050 10. 90.
3051 10. 90.
3052 10. 90.
3053 10. 90.
3054 10. 90.
3055 10. 90.
3056 10. 90.
3057 10. 90.
3058 10. 90.
3059 10. 90.
3060 10. 90.
3061 10. 90.
3062 10. 90.
3063 10. 90.
3064 10. 90.
3065 10. 90.
3066 10. 90.
3067 10. 90.
3068 10. 90.
3069 10. 90.
3070 10. 90.
3071 10. 90.
3072 10. 90.
3073 10. 90.
3074 10. 90.
3075 10. 90.
3076 10. 90.
3077 10. 90.
3078 10. 90.
3079 10. 90.
3080 10. 90.
3081 10. 90.
3082 10. 90.
3083 10. 90.
3084 10. 90.
3085 10. 90.
3086 10. 90.
3087 10. 90.
3088 10. 90.
3089 10. 90.
3090 10. 90.
3091 10. 90.
3092 10. 90.
3093 10. 90.
3094 10. 90.
3095 10. 90.
3096 11. 89.
3097 11. 89.
3098 10. 90.
3099 10. 90.
3100 10. 90.
3101 10. 90.
3102 10. 90.
3103 10. 90.
3104 10. 90.
3105 10. 90.
3106 10. 90.
3107 10. 90.
3108 10. 90.
3109 10. 90.
3110 10. 90.
3111 10. 90.
3112 10. 90.
3113 10. 90.
3114 10. 90.
3115 10. 90.
3116 10. 90.
3117 10. 90.
3118 11. 89.
3119 11. 89.
3120 11. 89.
3121 11. 89.
3122 11. 89.
3123 11. 89.
3124 12. 88.
3125 12. 88.
3126 12. 88.
3127 11. 89.
3128 11. 89.
3129 11. 89.
3130 10. 90.
3131 10. 90.
3132 10. 90.
3133 10. 90.
3134 10. 90.
3135 10. 90.
3136 10. 90.
3137 10. 90.
3138 10. 90.
3139 9. 91.
3140 9. 91.
3141 9. 91.
3142 9. 91.
3143 9. 91.
3144 9. 91.
3145 9. 91.
3146 9. 91.
3147 9. 91.
3148 9. 91.
3149 9. 91.
3150 8. 92.
3151 8. 92.
3152 8. 92.
3153 8. 92.
3154 8. 92.
3155 8. 92.
3156 7. 93.
3157 7. 93.
3158 7. 93.
3159 7. 93.
3160 7. 93.
3161 7. 93.
3162 7. 93.
3163 7. 93.
3164 8. 92.
3165 8. 92.
3166 8. 92.
3167 8. 92.
3168 8. 92.
3169 8. 92.
3170 8. 92.
3171 8. 92.
3172 8. 92.
3173 8. 92.
3174 8. 92.
3175 8. 92.
3176 8. 92.
3177 8. 92.
3178 8. 92.
3179 8. 92.
3180 8. 92.
3181 8. 92.
3182 8. 92.
3183 8. 92.
3184 8. 92.
3185 9. 91.
3186 9. 91.
3187 9. 91.
3188 9. 91.
3189 9. 91.
3190 9. 91.
3191 9. 91.
3192 9. 91.
3193 9. 91.
3194 9. 91.
3195 9. 91.
3196 9. 91.
3197 9. 91.
3198 9. 91.
3199 9. 91.
3200 9. 91.
3201 9. 91.
3202 9. 91.
3203 9. 91.
3204 9. 91.
3205 9. 91.
3206 9. 91.
3207 8. 92.
3208 8. 92.
3209 8. 92.
3210 8. 92.
3211 8. 92.
3212 7. 93.
3213 7. 93.
3214 7. 93.
3215 7. 93.
3216 8. 92.
3217 8. 92.
3218 8. 92.
3219 8. 92.
3220 8. 92.
3221 8. 92.
3222 8. 92.
3223 8. 92.
3224 8. 92.
3225 8. 92.
3226 8. 92.
3227 8. 92.
3228 8. 92.
3229 8. 92.
3230 8. 92.
3231 8. 92.
3232 8. 92.
3233 8. 92.
3234 8. 92.
3235 8. 92.
3236 8. 92.
3237 8. 92.
3238 8. 92.
3239 8. 92.
3240 8. 92.
3241 8. 92.
3242 8. 92.
3243 8. 92.
3244 8. 92.
3245 8. 92.
3246 8. 92.
3247 8. 92.
3248 8. 92.
3249 8. 92.
3250 8. 92.
3251 8. 92.
3252 8. 92.
3253 8. 92.
3254 8. 92.
3255 8. 92.
3256 8. 92.
3257 8. 92.
3258 8. 92.
3259 8. 92.
3260 8. 92.
3261 8. 92.
3262 8. 92.
3263 8. 92.
3264 8. 92.
3265 8. 92.
3266 8. 92.
3267 9. 91.
3268 9. 91.
3269 9. 91.
3270 9. 91.
3271 9. 91.
3272 9. 91.
3273 9. 91.
3274 9. 91.
3275 9. 91.
3276 9. 91.
3277 9. 91.
3278 9. 91.
3279 9. 91.
3280 9. 91.
3281 9. 91.
3282 9. 91.
3283 9. 91.
3284 9. 91.
3285 9. 91.
3286 9. 91.
3287 9. 91.
3288 9. 91.
3289 9. 91.
3290 9. 91.
3291 9. 91.
3292 9. 91.
3293 9. 91.
3294 9. 91.
3295 9. 91.
3296 9. 91.
3297 9. 91.
3298 9. 91.
3299 9. 91.
3300 9. 91.
3301 9. 91.
3302 9. 91.
3303 9. 91.
3304 9. 91.
3305 9. 91.
3306 9. 91.
3307 9. 91.
3308 9. 91.
3309 8. 92.
3310 8. 92.
3311 7. 93.
3312 7. 93.
3313 7. 93.
3314 7. 93.
3315 7. 93.
3316 7. 93.
3317 7. 93.
3318 7. 93.
3319 7. 93.
3320 7. 93.
3321 7. 93.
3322 7. 93.
3323 7. 93.
3324 7. 93.
3325 7. 93.
3326 7. 93.
3327 7. 93.
3328 7. 93.
3329 7. 93.
3330 7. 93.
3331 7. 93.
3332 7. 93.
3333 7. 93.
3334 7. 93.
3335 7. 93.
3336 7. 93.
3337 7. 93.
3338 7. 93.
3339 7. 93.
3340 7. 93.
3341 7. 93.
3342 7. 93.
3343 7. 93.
3344 7. 93.
3345 7. 93.
3346 7. 93.
3347 7. 93.
3348 7. 93.
3349 7. 93.
3350 7. 93.
3351 7. 93.
3352 7. 93.
3353 7. 93.
3354 7. 93.
3355 7. 93.
3356 7. 93.
3357 7. 93.
3358 7. 93.
3359 8. 92.
3360 8. 92.
3361 8. 92.
3362 8. 92.
3363 8. 92.
3364 8. 92.
3365 8. 92.
3366 8. 92.
3367 8. 92.
3368 8. 92.
3369 8. 92.
3370 8. 92.
3371 8. 92.
3372 8. 92.
3373 8. 92.
3374 8. 92.
3375 8. 92.
3376 8. 92.
3377 8. 92.
3378 8. 92.
3379 8. 92.
3380 8. 92.
3381 8. 92.
3382 8. 92.
3383 8. 92.
3384 8. 92.
3385 8. 92.
3386 8. 92.
3387 8. 92.
3388 7. 93.
3389 7. 93.
3390 7. 93.
3391 7. 93.
3392 7. 93.
3393 7. 93.
3394 8. 92.
3395 8. 92.
3396 8. 92.
3397 8. 92.
3398 8. 92.
3399 7. 93.
3400 6. 94.
3401 6. 94.
3402 6. 94.
3403 6. 94.
3404 6. 94.
3405 6. 94.
3406 6. 94.
3407 6. 94.
3408 6. 94.
3409 6. 94.
3410 6. 94.
3411 6. 94.
3412 6. 94.
3413 6. 94.
3414 6. 94.
3415 6. 94.
3416 6. 94.
3417 6. 94.
3418 6. 94.
3419 7. 93.
3420 7. 93.
3421 8. 92.
3422 8. 92.
3423 8. 92.
3424 8. 92.
3425 8. 92.
3426 8. 92.
3427 8. 92.
3428 8. 92.
3429 8. 92.
3430 8. 92.
3431 8. 92.
3432 8. 92.
3433 8. 92.
3434 8. 92.
3435 8. 92.
3436 8. 92.
3437 8. 92.
3438 8. 92.
3439 8. 92.
3440 8. 92.
3441 8. 92.
3442 8. 92.
3443 8. 92.
3444 8. 92.
3445 8. 92.
3446 8. 92.
3447 8. 92.
3448 8. 92.
3449 8. 92.
3450 8. 92.
3451 8. 92.
3452 8. 92.
3453 8. 92.
3454 8. 92.
3455 8. 92.
3456 8. 92.
3457 8. 92.
3458 8. 92.
3459 8. 92.
3460 8. 92.
3461 8. 92.
3462 8. 92.
3463 8. 92.
3464 8. 92.
3465 8. 92.
3466 8. 92.
3467 8. 92.
3468 8. 92.
3469 8. 92.
3470 8. 92.
3471 7. 93.
3472 7. 93.
3473 7. 93.
3474 7. 93.
3475 7. 93.
3476 7. 93.
3477 7. 93.
3478 7. 93.
3479 6. 94.
3480 6. 94.
3481 6. 94.
3482 6. 94.
3483 6. 94.
3484 6. 94.
3485 6. 94.
3486 6. 94.
3487 6. 94.
3488 6. 94.
3489 6. 94.
3490 6. 94.
3491 6. 94.
3492 6. 94.
3493 6. 94.
3494 6. 94.
3495 6. 94.
3496 6. 94.
3497 7. 93.
3498 7. 93.
3499 7. 93.
3500 7. 93.
3501 7. 93.
3502 7. 93.
3503 7. 93.
3504 7. 93.
3505 7. 93.
3506 7. 93.
3507 7. 93.
3508 7. 93.
3509 7. 93.
3510 7. 93.
3511 7. 93.
3512 7. 93.
3513 7. 93.
3514 7. 93.
3515 7. 93.
3516 7. 93.
3517 7. 93.
3518 7. 93.
3519 7. 93.
3520 7. 93.
3521 7. 93.
3522 7. 93.
3523 7. 93.
3524 7. 93.
3525 7. 93.
3526 7. 93.
3527 7. 93.
3528 7. 93.
3529 7. 93.
3530 7. 93.
3531 7. 93.
3532 8. 92.
3533 8. 92.
3534 8. 92.
3535 8. 92.
3536 8. 92.
3537 8. 92.
3538 8. 92.
3539 8. 92.
3540 8. 92.
3541 8. 92.
3542 8. 92.
3543 9. 91.
3544 9. 91.
3545 9. 91.
3546 9. 91.
3547 9. 91.
3548 9. 91.
3549 9. 91.
3550 9. 91.
3551 9. 91.
3552 9. 91.
3553 9. 91.
3554 8. 92.
3555 8. 92.
3556 8. 92.
3557 8. 92.
3558 8. 92.
3559 8. 92.
3560 8. 92.
3561 8. 92.
3562 9. 91.
3563 9. 91.
3564 9. 91.
3565 9. 91.
3566 9. 91.
3567 9. 91.
3568 9. 91.
3569 9. 91.
3570 9. 91.
3571 8. 92.
3572 8. 92.
3573 8. 92.
3574 7. 93.
3575 7. 93.
3576 7. 93.
3577 7. 93.
3578 8. 92.
3579 8. 92.
3580 8. 92.
3581 8. 92.
3582 8. 92.
3583 8. 92.
3584 8. 92.
3585 8. 92.
3586 8. 92.
3587 8. 92.
3588 8. 92.
3589 8. 92.
3590 8. 92.
3591 8. 92.
3592 8. 92.
3593 8. 92.
3594 8. 92.
3595 8. 92.
3596 8. 92.
3597 8. 92.
3598 8. 92.
3599 8. 92.
3600 8. 92.
3601 8. 92.
3602 8. 92.
3603 8. 92.
3604 8. 92.
3605 8. 92.
3606 8. 92.
3607 8. 92.
3608 8. 92.
3609 8. 92.
3610 8. 92.
3611 8. 92.
3612 8. 92.
3613 8. 92.
3614 8. 92.
3615 8. 92.
3616 8. 92.
3617 8. 92.
3618 9. 91.
3619 9. 91.
3620 9. 91.
3621 9. 91.
3622 9. 91.
3623 9. 91.
3624 9. 91.
3625 9. 91.
3626 9. 91.
3627 9. 91.
3628 9. 91.
3629 9. 91.
3630 9. 91.
3631 9. 91.
3632 9. 91.
3633 9. 91.
3634 9. 91.
3635 9. 91.
3636 9. 91.
3637 8. 92.
3638 8. 92.
3639 8. 92.
3640 8. 92.
3641 8. 92.
3642 8. 92.
3643 8. 92.
3644 8. 92.
3645 8. 92.
3646 8. 92.
3647 9. 91.
3648 9. 91.
3649 9. 91.
3650 8. 92.
3651 8. 92.
3652 8. 92.
3653 9. 91.
3654 9. 91.
3655 9. 91.
3656 9. 91.
3657 9. 91.
3658 8. 92.
3659 8. 92.
3660 8. 92.
3661 8. 92.
3662 9. 91.
3663 9. 91.
3664 9. 91.
3665 10. 90.
3666 10. 90.
3667 10. 90.
3668 10. 90.
3669 10. 90.
3670 10. 90.
3671 10. 90.
3672 10. 90.
3673 10. 90.
3674 10. 90.
3675 10. 90.
3676 10. 90.
3677 10. 90.
3678 10. 90.
3679 10. 90.
3680 10. 90.
3681 10. 90.
3682 10. 90.
3683 10. 90.
3684 10. 90.
3685 10. 90.
3686 10. 90.
3687 10. 90.
3688 10. 90.
3689 10. 90.
3690 10. 90.
3691 10. 90.
3692 10. 90.
3693 10. 90.
3694 9. 91.
3695 9. 91.
3696 9. 91.
3697 9. 91.
3698 9. 91.
3699 9. 91.
3700 9. 91.
3701 8. 92.
3702 8. 92.
3703 8. 92.
3704 8. 92.
3705 8. 92.
3706 8. 92.
3707 8. 92.
3708 8. 92.
3709 8. 92.
3710 8. 92.
3711 8. 92.
3712 8. 92.
3713 8. 92.
3714 8. 92.
3715 8. 92.
3716 8. 92.
3717 7. 93.
3718 7. 93.
3719 7. 93.
3720 7. 93.
3721 7. 93.
3722 7. 93.
3723 7. 93.
3724 7. 93.
3725 7. 93.
3726 7. 93.
3727 7. 93.
3728 7. 93.
3729 7. 93.
3730 7. 93.
3731 7. 93.
3732 7. 93.
3733 7. 93.
3734 7. 93.
3735 7. 93.
3736 7. 93.
3737 7. 93.
3738 7. 93.
3739 7. 93.
3740 7. 93.
3741 7. 93.
3742 7. 93.
3743 8. 92.
3744 8. 92.
3745 8. 92.
3746 8. 92.
3747 8. 92.
3748 8. 92.
3749 8. 92.
3750 8. 92.
3751 8. 92.
3752 8. 92.
3753 8. 92.
3754 8. 92.
3755 8. 92.
3756 8. 92.
3757 8. 92.
3758 8. 92.
3759 8. 92.
3760 8. 92.
3761 8. 92.
3762 8. 92.
3763 8. 92.
3764 8. 92.
3765 8. 92.
3766 8. 92.
3767 8. 92.
3768 8. 92.
3769 9. 91.
3770 9. 91.
3771 9. 91.
3772 9. 91.
3773 9. 91.
3774 9. 91.
3775 9. 91.
3776 9. 91.
3777 9. 91.
3778 9. 91.
3779 9. 91.
3780 9. 91.
3781 9. 91.
3782 9. 91.
3783 9. 91.
3784 9. 91.
3785 9. 91.
3786 9. 91.
3787 9. 91.
3788 9. 91.
3789 9. 91.
3790 9. 91.
3791 9. 91.
3792 9. 91.
3793 9. 91.
3794 9. 91.
3795 9. 91.
3796 9. 91.
3797 9. 91.
3798 9. 91.
3799 9. 91.
3800 9. 91.
3801 9. 91.
3802 9. 91.
3803 9. 91.
3804 9. 91.
3805 9. 91.
3806 9. 91.
3807 9. 91.
3808 9. 91.
3809 9. 91.
3810 9. 91.
3811 9. 91.
3812 9. 91.
3813 9. 91.
3814 9. 91.
3815 9. 91.
3816 9. 91.
3817 9. 91.
3818 9. 91.
3819 9. 91.
3820 9. 91.
3821 9. 91.
3822 9. 91.
3823 9. 91.
3824 9. 91.
3825 9. 91.
3826 8. 92.
3827 8. 92.
3828 8. 92.
3829 8. 92.
3830 8. 92.
3831 8. 92.
3832 8. 92.
3833 8. 92.
3834 8. 92.
3835 8. 92.
3836 8. 92.
3837 8. 92.
3838 8. 92.
3839 8. 92.
3840 8. 92.
3841 8. 92.
3842 8. 92.
3843 9. 91.
3844 9. 91.
3845 9. 91.
3846 9. 91.
3847 10. 90.
3848 10. 90.
3849 9. 91.
3850 9. 91.
3851 9. 91.
3852 9. 91.
3853 9. 91.
3854 9. 91.
3855 9. 91.
3856 9. 91.
3857 10. 90.
3858 10. 90.
3859 10. 90.
3860 10. 90.
3861 10. 90.
3862 11. 89.
3863 11. 89.
3864 11. 89.
3865 11. 89.
3866 11. 89.
3867 11. 89.
3868 11. 89.
3869 11. 89.
3870 11. 89.
3871 11. 89.
3872 11. 89.
3873 11. 89.
3874 11. 89.
3875 11. 89.
3876 11. 89.
3877 11. 89.
3878 11. 89.
3879 11. 89.
3880 11. 89.
3881 11. 89.
3882 11. 89.
3883 11. 89.
3884 11. 89.
3885 11. 89.
3886 11. 89.
3887 12. 88.
3888 12. 88.
3889 12. 88.
3890 12. 88.
3891 13. 87.
3892 12. 88.
3893 12. 88.
3894 12. 88.
3895 12. 88.
3896 12. 88.
3897 12. 88.
3898 12. 88.
3899 12. 88.
3900 12. 88.
3901 12. 88.
3902 12. 88.
3903 13. 87.
3904 13. 87.
3905 13. 87.
3906 13. 87.
3907 13. 87.
3908 13. 87.
3909 13. 87.
3910 13. 87.
3911 13. 87.
3912 13. 87.
3913 13. 87.
3914 13. 87.
3915 13. 87.
3916 13. 87.
3917 13. 87.
3918 13. 87.
3919 13. 87.
3920 13. 87.
3921 13. 87.
3922 13. 87.
3923 13. 87.
3924 13. 87.
3925 13. 87.
3926 13. 87.
3927 13. 87.
3928 13. 87.
3929 13. 87.
3930 13. 87.
3931 13. 87.
3932 13. 87.
3933 13. 87.
3934 13. 87.
3935 13. 87.
3936 13. 87.
3937 13. 87.
3938 13. 87.
3939 13. 87.
3940 13. 87.
3941 13. 87.
3942 13. 87.
3943 13. 87.
3944 13. 87.
3945 13. 87.
3946 13. 87.
3947 13. 87.
3948 12. 88.
3949 12. 88.
3950 12. 88.
3951 12. 88.
3952 12. 88.
3953 12. 88.
3954 12. 88.
3955 12. 88.
3956 12. 88.
3957 12. 88.
3958 12. 88.
3959 12. 88.
3960 12. 88.
3961 12. 88.
3962 12. 88.
3963 12. 88.
3964 13. 87.
3965 13. 87.
3966 13. 87.
3967 13. 87.
3968 13. 87.
3969 13. 87.
3970 13. 87.
3971 13. 87.
3972 13. 87.
3973 12. 88.
3974 12. 88.
3975 12. 88.
3976 12. 88.
3977 12. 88.
3978 12. 88.
3979 12. 88.
3980 12. 88.
3981 12. 88.
3982 12. 88.
3983 12. 88.
3984 12. 88.
3985 12. 88.
3986 12. 88.
3987 12. 88.
3988 12. 88.
3989 12. 88.
3990 12. 88.
3991 12. 88.
3992 11. 89.
3993 11. 89.
3994 11. 89.
3995 11. 89.
3996 11. 89.
3997 11. 89.
3998 11. 89.
3999 11. 89.
4000 11. 89.
4001 11. 89.
4002 11. 89.
4003 11. 89.
4004 11. 89.
4005 11. 89.
4006 11. 89.
4007 11. 89.
4008 11. 89.
4009 11. 89.
4010 11. 89.
4011 11. 89.
4012 11. 89.
4013 11. 89.
4014 11. 89.
4015 11. 89.
4016 11. 89.
4017 11. 89.
4018 11. 89.
4019 12. 88.
4020 12. 88.
4021 12. 88.
4022 12. 88.
4023 12. 88.
4024 13. 87.
4025 14. 86.
4026 14. 86.
4027 14. 86.
4028 14. 86.
4029 14. 86.
4030 14. 86.
4031 14. 86.
4032 14. 86.
4033 14. 86.
4034 14. 86.
4035 14. 86.
4036 14. 86.
4037 14. 86.
4038 14. 86.
4039 14. 86.
4040 14. 86.
4041 14. 86.
4042 15. 85.
4043 15. 85.
4044 15. 85.
4045 15. 85.
4046 15. 85.
4047 15. 85.
4048 15. 85.
4049 15. 85.
4050 15. 85.
4051 15. 85.
4052 15. 85.
4053 15. 85.
4054 15. 85.
4055 15. 85.
4056 15. 85.
4057 15. 85.
4058 15. 85.
4059 15. 85.
4060 15. 85.
4061 15. 85.
4062 15. 85.
4063 15. 85.
4064 15. 85.
4065 14. 86.
4066 14. 86.
4067 14. 86.
4068 14. 86.
4069 14. 86.
4070 14. 86.
4071 14. 86.
4072 14. 86.
4073 13. 87.
4074 13. 87.
4075 12. 88.
4076 12. 88.
4077 12. 88.
4078 12. 88.
4079 12. 88.
4080 12. 88.
4081 12. 88.
4082 12. 88.
4083 12. 88.
4084 12. 88.
4085 12. 88.
4086 12. 88.
4087 11. 89.
4088 11. 89.
4089 11. 89.
4090 12. 88.
4091 12. 88.
4092 12. 88.
4093 12. 88.
4094 11. 89.
4095 11. 89.
4096 10. 90.
4097 10. 90.
4098 10. 90.
4099 10. 90.
4100 10. 90.
4101 10. 90.
4102 10. 90.
4103 10. 90.
4104 10. 90.
4105 10. 90.
4106 10. 90.
4107 10. 90.
4108 10. 90.
4109 10. 90.
4110 10. 90.
4111 10. 90.
4112 10. 90.
4113 10. 90.
4114 10. 90.
4115 11. 89.
4116 11. 89.
4117 11. 89.
4118 11. 89.
4119 11. 89.
4120 11. 89.
4121 11. 89.
4122 10. 90.
4123 10. 90.
4124 10. 90.
4125 10. 90.
4126 10. 90.
4127 10. 90.
4128 11. 89.
4129 11. 89.
4130 11. 89.
4131 11. 89.
4132 11. 89.
4133 11. 89.
4134 12. 88.
4135 12. 88.
4136 12. 88.
4137 12. 88.
4138 12. 88.
4139 12. 88.
4140 12. 88.
4141 12. 88.
4142 12. 88.
4143 12. 88.
4144 12. 88.
4145 13. 87.
4146 13. 87.
4147 13. 87.
4148 13. 87.
4149 13. 87.
4150 14. 86.
4151 14. 86.
4152 14. 86.
4153 14. 86.
4154 14. 86.
4155 14. 86.
4156 14. 86.
4157 14. 86.
4158 14. 86.
4159 14. 86.
4160 14. 86.
4161 14. 86.
4162 15. 85.
4163 15. 85.
4164 15. 85.
4165 15. 85.
4166 16. 84.
4167 16. 84.
4168 16. 84.
4169 16. 84.
4170 16. 84.
4171 16. 84.
4172 16. 84.
4173 16. 84.
4174 16. 84.
4175 16. 84.
4176 16. 84.
4177 16. 84.
4178 16. 84.
4179 16. 84.
4180 16. 84.
4181 16. 84.
4182 16. 84.
4183 16. 84.
4184 16. 84.
4185 16. 84.
4186 16. 84.
4187 16. 84.
4188 16. 84.
4189 15. 85.
4190 15. 85.
4191 15. 85.
4192 15. 85.
4193 15. 85.
4194 15. 85.
4195 15. 85.
4196 15. 85.
4197 15. 85.
4198 15. 85.
4199 15. 85.
4200 15. 85.
4201 15. 85.
4202 15. 85.
4203 15. 85.
4204 15. 85.
4205 15. 85.
4206 15. 85.
4207 15. 85.
4208 15. 85.
4209 15. 85.
4210 14. 86.
4211 14. 86.
4212 14. 86.
4213 14. 86.
4214 14. 86.
4215 14. 86.
4216 14. 86.
4217 14. 86.
4218 14. 86.
4219 14. 86.
4220 15. 85.
4221 15. 85.
4222 15. 85.
4223 15. 85.
4224 15. 85.
4225 15. 85.
4226 15. 85.
4227 15. 85.
4228 14. 86.
4229 14. 86.
4230 14. 86.
4231 14. 86.
4232 14. 86.
4233 14. 86.
4234 14. 86.
4235 14. 86.
4236 14. 86.
4237 14. 86.
4238 14. 86.
4239 14. 86.
4240 14. 86.
4241 14. 86.
4242 14. 86.
4243 14. 86.
4244 14. 86.
4245 14. 86.
4246 14. 86.
4247 14. 86.
4248 14. 86.
4249 15. 85.
4250 15. 85.
4251 15. 85.
4252 15. 85.
4253 15. 85.
4254 15. 85.
4255 15. 85.
4256 15. 85.
4257 15. 85.
4258 15. 85.
4259 15. 85.
4260 15. 85.
4261 15. 85.
4262 14. 86.
4263 13. 87.
4264 13. 87.
4265 13. 87.
4266 13. 87.
4267 13. 87.
4268 13. 87.
4269 13. 87.
4270 14. 86.
4271 14. 86.
4272 14. 86.
4273 14. 86.
4274 14. 86.
4275 14. 86.
4276 14. 86.
4277 14. 86.
4278 14. 86.
4279 13. 87.
4280 13. 87.
4281 13. 87.
4282 12. 88.
4283 12. 88.
4284 12. 88.
4285 12. 88.
4286 12. 88.
4287 12. 88.
4288 12. 88.
4289 12. 88.
4290 12. 88.
4291 12. 88.
4292 12. 88.
4293 12. 88.
4294 12. 88.
4295 12. 88.
4296 12. 88.
4297 12. 88.
4298 11. 89.
4299 11. 89.
4300 11. 89.
4301 11. 89.
4302 11. 89.
4303 11. 89.
4304 11. 89.
4305 11. 89.
4306 11. 89.
4307 11. 89.
4308 11. 89.
4309 11. 89.
4310 11. 89.
4311 11. 89.
4312 11. 89.
4313 11. 89.
4314 11. 89.
4315 11. 89.
4316 11. 89.
4317 11. 89.
4318 11. 89.
4319 11. 89.
4320 11. 89.
4321 11. 89.
4322 11. 89.
4323 11. 89.
4324 10. 90.
4325 10. 90.
4326 10. 90.
4327 9. 91.
4328 9. 91.
4329 9. 91.
4330 9. 91.
4331 9. 91.
4332 9. 91.
4333 9. 91.
4334 9. 91.
4335 9. 91.
4336 9. 91.
4337 9. 91.
4338 9. 91.
4339 10. 90.
4340 9. 91.
4341 9. 91.
4342 10. 90.
4343 10. 90.
4344 10. 90.
4345 10. 90.
4346 10. 90.
4347 10. 90.
4348 11. 89.
4349 11. 89.
4350 11. 89.
4351 11. 89.
4352 11. 89.
4353 11. 89.
4354 11. 89.
4355 11. 89.
4356 11. 89.
4357 10. 90.
4358 10. 90.
4359 10. 90.
4360 10. 90.
4361 10. 90.
4362 10. 90.
4363 10. 90.
4364 10. 90.
4365 10. 90.
4366 10. 90.
4367 10. 90.
4368 10. 90.
4369 10. 90.
4370 10. 90.
4371 10. 90.
4372 10. 90.
4373 10. 90.
4374 10. 90.
4375 10. 90.
4376 10. 90.
4377 10. 90.
4378 10. 90.
4379 10. 90.
4380 10. 90.
4381 10. 90.
4382 10. 90.
4383 11. 89.
4384 11. 89.
4385 11. 89.
4386 11. 89.
4387 11. 89.
4388 11. 89.
4389 11. 89.
4390 11. 89.
4391 11. 89.
4392 11. 89.
4393 11. 89.
4394 12. 88.
4395 12. 88.
4396 12. 88.
4397 12. 88.
4398 12. 88.
4399 12. 88.
4400 12. 88.
4401 12. 88.
4402 12. 88.
4403 12. 88.
4404 12. 88.
4405 12. 88.
4406 11. 89.
4407 11. 89.
4408 11. 89.
4409 11. 89.
4410 11. 89.
4411 11. 89.
4412 11. 89.
4413 11. 89.
4414 11. 89.
4415 11. 89.
4416 11. 89.
4417 10. 90.
4418 10. 90.
4419 10. 90.
4420 10. 90.
4421 10. 90.
4422 10. 90.
4423 10. 90.
4424 10. 90.
4425 10. 90.
4426 10. 90.
4427 10. 90.
4428 11. 89.
4429 11. 89.
4430 11. 89.
4431 11. 89.
4432 11. 89.
4433 11. 89.
4434 11. 89.
4435 11. 89.
4436 11. 89.
4437 11. 89.
4438 11. 89.
4439 11. 89.
4440 11. 89.
4441 11. 89.
4442 11. 89.
4443 11. 89.
4444 11. 89.
4445 11. 89.
4446 11. 89.
4447 10. 90.
4448 10. 90.
4449 10. 90.
4450 10. 90.
4451 10. 90.
4452 10. 90.
4453 10. 90.
4454 10. 90.
4455 11. 89.
4456 11. 89.
4457 11. 89.
4458 11. 89.
4459 11. 89.
4460 11. 89.
4461 11. 89.
4462 11. 89.
4463 11. 89.
4464 11. 89.
4465 11. 89.
4466 11. 89.
4467 11. 89.
4468 11. 89.
4469 10. 90.
4470 11. 89.
4471 11. 89.
4472 11. 89.
4473 11. 89.
4474 11. 89.
4475 11. 89.
4476 11. 89.
4477 11. 89.
4478 11. 89.
4479 11. 89.
4480 11. 89.
4481 11. 89.
4482 11. 89.
4483 11. 89.
4484 11. 89.
4485 11. 89.
4486 11. 89.
4487 11. 89.
4488 11. 89.
4489 11. 89.
4490 11. 89.
4491 11. 89.
4492 11. 89.
4493 11. 89.
4494 11. 89.
4495 12. 88.
4496 12. 88.
4497 12. 88.
4498 12. 88.
4499 12. 88.
4500 12. 88.
4501 12. 88.
4502 12. 88.
4503 13. 87.
4504 13. 87.
4505 13. 87.
4506 13. 87.
4507 13. 87.
4508 13. 87.
4509 13. 87.
4510 13. 87.
4511 13. 87.
4512 13. 87.
4513 13. 87.
4514 13. 87.
4515 13. 87.
4516 13. 87.
4517 13. 87.
4518 13. 87.
4519 13. 87.
4520 13. 87.
4521 13. 87.
4522 13. 87.
4523 13. 87.
4524 13. 87.
4525 13. 87.
4526 13. 87.
4527 13. 87.
4528 12. 88.
4529 12. 88.
4530 13. 87.
4531 13. 87.
4532 13. 87.
4533 13. 87.
4534 13. 87.
4535 13. 87.
4536 13. 87.
4537 13. 87.
4538 13. 87.
4539 12. 88.
4540 12. 88.
4541 12. 88.
4542 11. 89.
4543 11. 89.
4544 11. 89.
4545 11. 89.
4546 11. 89.
4547 11. 89.
4548 11. 89.
4549 11. 89.
4550 11. 89.
4551 11. 89.
4552 11. 89.
4553 11. 89.
4554 11. 89.
4555 11. 89.
4556 11. 89.
4557 11. 89.
4558 11. 89.
4559 11. 89.
4560 11. 89.
4561 12. 88.
4562 12. 88.
4563 12. 88.
4564 11. 89.
4565 11. 89.
4566 11. 89.
4567 11. 89.
4568 11. 89.
4569 11. 89.
4570 11. 89.
4571 11. 89.
4572 11. 89.
4573 11. 89.
4574 11. 89.
4575 11. 89.
4576 11. 89.
4577 11. 89.
4578 11. 89.
4579 11. 89.
4580 11. 89.
4581 11. 89.
4582 11. 89.
4583 11. 89.
4584 11. 89.
4585 11. 89.
4586 11. 89.
4587 12. 88.
4588 12. 88.
4589 12. 88.
4590 12. 88.
4591 12. 88.
4592 12. 88.
4593 12. 88.
4594 13. 87.
4595 13. 87.
4596 13. 87.
4597 13. 87.
4598 13. 87.
4599 13. 87.
4600 13. 87.
4601 13. 87.
4602 13. 87.
4603 13. 87.
4604 12. 88.
4605 12. 88.
4606 12. 88.
4607 12. 88.
4608 12. 88.
4609 12. 88.
4610 12. 88.
4611 12. 88.
4612 12. 88.
4613 12. 88.
4614 12. 88.
4615 12. 88.
4616 12. 88.
4617 12. 88.
4618 12. 88.
4619 13. 87.
4620 13. 87.
4621 13. 87.
4622 13. 87.
4623 14. 86.
4624 14. 86.
4625 14. 86.
4626 14. 86.
4627 14. 86.
4628 14. 86.
4629 14. 86.
4630 14. 86.
4631 14. 86.
4632 14. 86.
4633 14. 86.
4634 14. 86.
4635 14. 86.
4636 14. 86.
4637 14. 86.
4638 14. 86.
4639 14. 86.
4640 14. 86.
4641 14. 86.
4642 14. 86.
4643 14. 86.
4644 14. 86.
4645 14. 86.
4646 14. 86.
4647 14. 86.
4648 14. 86.
4649 14. 86.
4650 14. 86.
4651 14. 86.
4652 14. 86.
4653 14. 86.
4654 14. 86.
4655 14. 86.
4656 14. 86.
4657 14. 86.
4658 14. 86.
4659 14. 86.
4660 14. 86.
4661 14. 86.
4662 14. 86.
4663 14. 86.
4664 14. 86.
4665 14. 86.
4666 14. 86.
4667 14. 86.
4668 15. 85.
4669 16. 84.
4670 16. 84.
4671 16. 84.
4672 15. 85.
4673 15. 85.
4674 15. 85.
4675 15. 85.
4676 15. 85.
4677 15. 85.
4678 15. 85.
4679 15. 85.
4680 15. 85.
4681 15. 85.
4682 15. 85.
4683 15. 85.
4684 15. 85.
4685 14. 86.
4686 14. 86.
4687 14. 86.
4688 14. 86.
4689 14. 86.
4690 14. 86.
4691 14. 86.
4692 14. 86.
4693 14. 86.
4694 13. 87.
4695 13. 87.
4696 13. 87.
4697 13. 87.
4698 13. 87.
4699 13. 87.
4700 13. 87.
4701 12. 88.
4702 12. 88.
4703 12. 88.
4704 12. 88.
4705 12. 88.
4706 12. 88.
4707 12. 88.
4708 12. 88.
4709 12. 88.
4710 12. 88.
4711 12. 88.
4712 12. 88.
4713 12. 88.
4714 13. 87.
4715 12. 88.
4716 12. 88.
4717 12. 88.
4718 12. 88.
4719 12. 88.
4720 13. 87.
4721 13. 87.
4722 12. 88.
4723 11. 89.
4724 11. 89.
4725 11. 89.
4726 11. 89.
4727 11. 89.
4728 11. 89.
4729 11. 89.
4730 11. 89.
4731 11. 89.
4732 11. 89.
4733 11. 89.
4734 11. 89.
4735 11. 89.
4736 11. 89.
4737 10. 90.
4738 10. 90.
4739 10. 90.
4740 10. 90.
4741 10. 90.
4742 11. 89.
4743 11. 89.
4744 12. 88.
4745 12. 88.
4746 13. 87.
4747 13. 87.
4748 13. 87.
4749 13. 87.
4750 13. 87.
4751 13. 87.
4752 13. 87.
4753 13. 87.
4754 13. 87.
4755 13. 87.
4756 14. 86.
4757 14. 86.
4758 14. 86.
4759 14. 86.
4760 14. 86.
4761 14. 86.
4762 14. 86.
4763 14. 86.
4764 14. 86.
4765 15. 85.
4766 15. 85.
4767 15. 85.
4768 15. 85.
4769 16. 84.
4770 16. 84.
4771 16. 84.
4772 16. 84.
4773 16. 84.
4774 16. 84.
4775 16. 84.
4776 16. 84.
4777 15. 85.
4778 15. 85.
4779 14. 86.
4780 14. 86.
4781 14. 86.
4782 13. 87.
4783 13. 87.
4784 13. 87.
4785 13. 87.
4786 13. 87.
4787 14. 86.
4788 14. 86.
4789 14. 86.
4790 14. 86.
4791 14. 86.
4792 14. 86.
4793 14. 86.
4794 14. 86.
4795 14. 86.
4796 14. 86.
4797 14. 86.
4798 13. 87.
4799 13. 87.
4800 13. 87.
4801 13. 87.
4802 13. 87.
4803 13. 87.
4804 13. 87.
4805 13. 87.
4806 13. 87.
4807 13. 87.
4808 13. 87.
4809 13. 87.
4810 13. 87.
4811 13. 87.
4812 13. 87.
4813 13. 87.
4814 13. 87.
4815 14. 86.
4816 14. 86.
4817 14. 86.
4818 14. 86.
4819 14. 86.
4820 14. 86.
4821 14. 86.
4822 14. 86.
4823 14. 86.
4824 14. 86.
4825 14. 86.
4826 14. 86.
4827 14. 86.
4828 14. 86.
4829 14. 86.
4830 13. 87.
4831 13. 87.
4832 13. 87.
4833 13. 87.
4834 13. 87.
4835 13. 87.
4836 13. 87.
4837 13. 87.
4838 13. 87.
4839 13. 87.
4840 13. 87.
4841 12. 88.
4842 13. 87.
4843 13. 87.
4844 13. 87.
4845 12. 88.
4846 12. 88.
4847 12. 88.
4848 12. 88.
4849 12. 88.
4850 12. 88.
4851 12. 88.
4852 11. 89.
4853 11. 89.
4854 11. 89.
4855 11. 89.
4856 11. 89.
4857 11. 89.
4858 11. 89.
4859 11. 89.
4860 11. 89.
4861 11. 89.
4862 11. 89.
4863 11. 89.
4864 10. 90.
4865 10. 90.
4866 10. 90.
4867 9. 91.
4868 10. 90.
4869 10. 90.
4870 10. 90.
4871 10. 90.
4872 10. 90.
4873 10. 90.
4874 10. 90.
4875 10. 90.
4876 10. 90.
4877 10. 90.
4878 10. 90.
4879 10. 90.
4880 10. 90.
4881 10. 90.
4882 10. 90.
4883 10. 90.
4884 10. 90.
4885 10. 90.
4886 10. 90.
4887 11. 89.
4888 11. 89.
4889 10. 90.
4890 10. 90.
4891 10. 90.
4892 10. 90.
4893 10. 90.
4894 10. 90.
4895 10. 90.
4896 10. 90.
4897 10. 90.
4898 10. 90.
4899 10. 90.
4900 11. 89.
4901 12. 88.
4902 12. 88.
4903 12. 88.
4904 12. 88.
4905 12. 88.
4906 12. 88.
4907 12. 88.
4908 12. 88.
4909 12. 88.
4910 12. 88.
4911 13. 87.
4912 13. 87.
4913 13. 87.
4914 13. 87.
4915 13. 87.
4916 13. 87.
4917 13. 87.
4918 13. 87.
4919 13. 87.
4920 13. 87.
4921 13. 87.
4922 13. 87.
4923 13. 87.
4924 13. 87.
4925 13. 87.
4926 13. 87.
4927 13. 87.
4928 13. 87.
4929 13. 87.
4930 13. 87.
4931 13. 87.
4932 13. 87.
4933 13. 87.
4934 13. 87.
4935 14. 86.
4936 14. 86.
4937 14. 86.
4938 14. 86.
4939 14. 86.
4940 14. 86.
4941 14. 86.
4942 14. 86.
4943 14. 86.
4944 14. 86.
4945 14. 86.
4946 14. 86.
4947 14. 86.
4948 14. 86.
4949 13. 87.
4950 13. 87.
4951 13. 87.
4952 12. 88.
4953 11. 89.
4954 11. 89.
4955 11. 89.
4956 11. 89.
4957 11. 89.
4958 11. 89.
4959 11. 89.
4960 10. 90.
4961 10. 90.
4962 10. 90.
4963 10. 90.
4964 10. 90.
4965 10. 90.
4966 10. 90.
4967 10. 90.
4968 10. 90.
4969 10. 90.
4970 10. 90.
4971 10. 90.
4972 10. 90.
4973 10. 90.
4974 10. 90.
4975 10. 90.
4976 10. 90.
4977 10. 90.
4978 10. 90.
4979 9. 91.
4980 9. 91.
4981 9. 91.
4982 9. 91.
4983 9. 91.
4984 9. 91.
4985 9. 91.
4986 9. 91.
4987 8. 92.
4988 8. 92.
4989 8. 92.
4990 8. 92.
4991 8. 92.
4992 8. 92.
4993 8. 92.
4994 8. 92.
4995 8. 92.
4996 8. 92.
4997 8. 92.
4998 8. 92.
4999 8. 92.
5000 8. 92.
5001 8. 92.
5002 8. 92.
5003 9. 91.
5004 9. 91.
5005 9. 91.
5006 9. 91.
5007 9. 91.
5008 9. 91.
5009 9. 91.
5010 9. 91.
5011 9. 91.
5012 9. 91.
5013 9. 91.
5014 9. 91.
5015 9. 91.
5016 9. 91.
5017 9. 91.
5018 9. 91.
5019 9. 91.
5020 9. 91.
5021 9. 91.
5022 9. 91.
5023 9. 91.
5024 9. 91.
5025 9. 91.
5026 9. 91.
5027 8. 92.
5028 8. 92.
5029 8. 92.
5030 8. 92.
5031 8. 92.
5032 7. 93.
5033 7. 93.
5034 7. 93.
5035 7. 93.
5036 7. 93.
5037 7. 93.
5038 7. 93.
5039 7. 93.
5040 7. 93.
5041 7. 93.
5042 7. 93.
5043 7. 93.
5044 7. 93.
5045 7. 93.
5046 7. 93.
5047 7. 93.
5048 7. 93.
5049 7. 93.
5050 7. 93.
5051 7. 93.
5052 7. 93.
5053 6. 94.
5054 6. 94.
5055 6. 94.
5056 6. 94.
5057 6. 94.
5058 6. 94.
5059 6. 94.
5060 6. 94.
5061 6. 94.
5062 6. 94.
5063 6. 94.
5064 6. 94.
5065 6. 94.
5066 6. 94.
5067 6. 94.
5068 6. 94.
5069 6. 94.
5070 6. 94.
5071 6. 94.
5072 7. 93.
5073 7. 93.
5074 7. 93.
5075 7. 93.
5076 7. 93.
5077 7. 93.
5078 7. 93.
5079 7. 93.
5080 8. 92.
5081 8. 92.
5082 9. 91.
5083 9. 91.
5084 9. 91.
5085 9. 91.
5086 9. 91.
5087 10. 90.
5088 10. 90.
5089 10. 90.
5090 11. 89.
5091 11. 89.
5092 11. 89.
5093 11. 89.
5094 11. 89.
5095 11. 89.
5096 12. 88.
5097 11. 89.
5098 11. 89.
5099 11. 89.
5100 11. 89.
5101 11. 89.
5102 11. 89.
5103 11. 89.
5104 11. 89.
5105 11. 89.
5106 11. 89.
5107 11. 89.
5108 11. 89.
5109 11. 89.
5110 11. 89.
5111 11. 89.
5112 11. 89.
5113 11. 89.
5114 11. 89.
5115 11. 89.
5116 11. 89.
5117 11. 89.
5118 11. 89.
5119 11. 89.
5120 10. 90.
5121 10. 90.
5122 10. 90.
5123 10. 90.
5124 10. 90.
5125 10. 90.
5126 10. 90.
5127 9. 91.
5128 9. 91.
5129 9. 91.
5130 9. 91.
5131 9. 91.
5132 8. 92.
5133 8. 92.
5134 7. 93.
5135 7. 93.
5136 7. 93.
5137 7. 93.
5138 7. 93.
5139 7. 93.
5140 7. 93.
5141 7. 93.
5142 7. 93.
5143 7. 93.
5144 7. 93.
5145 7. 93.
5146 7. 93.
5147 7. 93.
5148 7. 93.
5149 7. 93.
5150 7. 93.
5151 7. 93.
5152 7. 93.
5153 7. 93.
5154 7. 93.
5155 7. 93.
5156 7. 93.
5157 7. 93.
5158 7. 93.
5159 7. 93.
5160 7. 93.
5161 7. 93.
5162 7. 93.
5163 7. 93.
5164 7. 93.
5165 7. 93.
5166 7. 93.
5167 7. 93.
5168 7. 93.
5169 7. 93.
5170 7. 93.
5171 7. 93.
5172 7. 93.
5173 7. 93.
5174 7. 93.
5175 7. 93.
5176 7. 93.
5177 7. 93.
5178 8. 92.
5179 8. 92.
5180 8. 92.
5181 8. 92.
5182 8. 92.
5183 8. 92.
5184 9. 91.
5185 9. 91.
5186 9. 91.
5187 9. 91.
5188 9. 91.
5189 9. 91.
5190 9. 91.
5191 9. 91.
5192 9. 91.
5193 9. 91.
5194 9. 91.
5195 10. 90.
5196 10. 90.
5197 10. 90.
5198 10. 90.
5199 10. 90.
5200 10. 90.
5201 10. 90.
5202 10. 90.
5203 10. 90.
5204 10. 90.
5205 10. 90.
5206 10. 90.
5207 10. 90.
5208 10. 90.
5209 10. 90.
5210 10. 90.
5211 10. 90.
5212 10. 90.
5213 9. 91.
5214 9. 91.
5215 9. 91.
5216 8. 92.
5217 8. 92.
5218 8. 92.
5219 8. 92.
5220 8. 92.
5221 8. 92.
5222 8. 92.
5223 8. 92.
5224 8. 92.
5225 8. 92.
5226 8. 92.
5227 8. 92.
5228 8. 92.
5229 8. 92.
5230 8. 92.
5231 8. 92.
5232 8. 92.
5233 8. 92.
5234 8. 92.
5235 8. 92.
5236 8. 92.
5237 8. 92.
5238 8. 92.
5239 8. 92.
5240 8. 92.
5241 8. 92.
5242 8. 92.
5243 8. 92.
5244 8. 92.
5245 8. 92.
5246 8. 92.
5247 8. 92.
5248 8. 92.
5249 8. 92.
5250 8. 92.
5251 8. 92.
5252 9. 91.
5253 9. 91.
5254 9. 91.
5255 9. 91.
5256 9. 91.
5257 9. 91.
5258 9. 91.
5259 9. 91.
5260 9. 91.
5261 9. 91.
5262 9. 91.
5263 9. 91.
5264 9. 91.
5265 9. 91.
5266 9. 91.
5267 9. 91.
5268 9. 91.
5269 9. 91.
5270 9. 91.
5271 10. 90.
5272 10. 90.
5273 10. 90.
5274 10. 90.
5275 10. 90.
5276 10. 90.
5277 10. 90.
5278 10. 90.
5279 10. 90.
5280 10. 90.
5281 9. 91.
5282 9. 91.
5283 9. 91.
5284 8. 92.
5285 8. 92.
5286 8. 92.
5287 8. 92.
5288 8. 92.
5289 8. 92.
5290 8. 92.
5291 8. 92.
5292 8. 92.
5293 8. 92.
5294 8. 92.
5295 8. 92.
5296 8. 92.
5297 8. 92.
5298 8. 92.
5299 8. 92.
5300 8. 92.
5301 8. 92.
5302 9. 91.
5303 9. 91.
5304 9. 91.
5305 9. 91.
5306 9. 91.
5307 9. 91.
5308 9. 91.
5309 9. 91.
5310 9. 91.
5311 9. 91.
5312 9. 91.
5313 9. 91.
5314 9. 91.
5315 10. 90.
5316 10. 90.
5317 10. 90.
5318 10. 90.
5319 10. 90.
5320 10. 90.
5321 10. 90.
5322 10. 90.
5323 10. 90.
5324 10. 90.
5325 10. 90.
5326 10. 90.
5327 10. 90.
5328 10. 90.
5329 10. 90.
5330 9. 91.
5331 9. 91.
5332 9. 91.
5333 9. 91.
5334 9. 91.
5335 9. 91.
5336 9. 91.
5337 9. 91.
5338 9. 91.
5339 9. 91.
5340 9. 91.
5341 9. 91.
5342 9. 91.
5343 9. 91.
5344 9. 91.
5345 9. 91.
5346 9. 91.
5347 9. 91.
5348 9. 91.
5349 9. 91.
5350 9. 91.
5351 9. 91.
5352 9. 91.
5353 9. 91.
5354 9. 91.
5355 9. 91.
5356 9. 91.
5357 9. 91.
5358 9. 91.
5359 9. 91.
5360 9. 91.
5361 9. 91.
5362 9. 91.
5363 9. 91.
5364 9. 91.
5365 9. 91.
5366 9. 91.
5367 9. 91.
5368 9. 91.
5369 9. 91.
5370 9. 91.
5371 9. 91.
5372 9. 91.
5373 9. 91.
5374 9. 91.
5375 9. 91.
5376 8. 92.
5377 8. 92.
5378 8. 92.
5379 8. 92.
5380 8. 92.
5381 8. 92.
5382 8. 92.
5383 8. 92.
5384 8. 92.
5385 8. 92.
5386 8. 92.
5387 8. 92.
5388 8. 92.
5389 8. 92.
5390 8. 92.
5391 8. 92.
5392 9. 91.
5393 9. 91.
5394 9. 91.
5395 9. 91.
5396 9. 91.
5397 9. 91.
5398 9. 91.
5399 9. 91.
5400 9. 91.
5401 9. 91.
5402 9. 91.
5403 9. 91.
5404 9. 91.
5405 9. 91.
5406 9. 91.
5407 9. 91.
5408 9. 91.
5409 9. 91.
5410 9. 91.
5411 9. 91.
5412 10. 90.
5413 10. 90.
5414 10. 90.
5415 10. 90.
5416 10. 90.
5417 10. 90.
5418 10. 90.
5419 10. 90.
5420 10. 90.
5421 10. 90.
5422 10. 90.
5423 10. 90.
5424 10. 90.
5425 10. 90.
5426 10. 90.
5427 10. 90.
5428 10. 90.
5429 10. 90.
5430 10. 90.
5431 10. 90.
5432 10. 90.
5433 10. 90.
5434 9. 91.
5435 9. 91.
5436 8. 92.
5437 8. 92.
5438 8. 92.
5439 8. 92.
5440 8. 92.
5441 8. 92.
5442 8. 92.
5443 8. 92.
5444 8. 92.
5445 8. 92.
5446 8. 92.
5447 8. 92.
5448 8. 92.
5449 8. 92.
5450 8. 92.
5451 8. 92.
5452 8. 92.
5453 8. 92.
5454 8. 92.
5455 8. 92.
5456 8. 92.
5457 8. 92.
5458 8. 92.
5459 9. 91.
5460 9. 91.
5461 9. 91.
5462 9. 91.
5463 9. 91.
5464 9. 91.
5465 9. 91.
5466 9. 91.
5467 9. 91.
5468 10. 90.
5469 10. 90.
5470 10. 90.
5471 11. 89.
5472 11. 89.
5473 11. 89.
5474 11. 89.
5475 10. 90.
5476 10. 90.
5477 10. 90.
5478 10. 90.
5479 10. 90.
5480 10. 90.
5481 11. 89.
5482 11. 89.
5483 11. 89.
5484 11. 89.
5485 11. 89.
5486 12. 88.
5487 13. 87.
5488 12. 88.
5489 13. 87.
5490 13. 87.
5491 13. 87.
5492 13. 87.
5493 12. 88.
5494 12. 88.
5495 12. 88.
5496 12. 88.
5497 12. 88.
5498 12. 88.
5499 11. 89.
5500 10. 90.
5501 11. 89.
5502 11. 89.
5503 11. 89.
5504 11. 89.
5505 11. 89.
5506 11. 89.
5507 11. 89.
5508 11. 89.
5509 11. 89.
5510 11. 89.
5511 11. 89.
5512 11. 89.
5513 11. 89.
5514 12. 88.
5515 12. 88.
5516 13. 87.
5517 14. 86.
5518 14. 86.
5519 14. 86.
5520 14. 86.
5521 13. 87.
5522 13. 87.
5523 13. 87.
5524 13. 87.
5525 12. 88.
5526 12. 88.
5527 12. 88.
5528 11. 89.
5529 11. 89.
5530 11. 89.
5531 11. 89.
5532 11. 89.
5533 11. 89.
5534 11. 89.
5535 11. 89.
5536 11. 89.
5537 11. 89.
5538 11. 89.
5539 11. 89.
5540 11. 89.
5541 11. 89.
5542 11. 89.
5543 11. 89.
5544 11. 89.
5545 11. 89.
5546 11. 89.
5547 11. 89.
5548 11. 89.
5549 11. 89.
5550 11. 89.
5551 11. 89.
5552 11. 89.
5553 11. 89.
5554 11. 89.
5555 11. 89.
5556 11. 89.
5557 11. 89.
5558 11. 89.
5559 11. 89.
5560 11. 89.
5561 12. 88.
5562 12. 88.
5563 12. 88.
5564 12. 88.
5565 12. 88.
5566 12. 88.
5567 12. 88.
5568 12. 88.
5569 12. 88.
5570 12. 88.
5571 13. 87.
5572 13. 87.
5573 13. 87.
5574 13. 87.
5575 13. 87.
5576 13. 87.
5577 13. 87.
5578 13. 87.
5579 13. 87.
5580 12. 88.
5581 12. 88.
5582 12. 88.
5583 12. 88.
5584 12. 88.
5585 12. 88.
5586 12. 88.
5587 12. 88.
5588 12. 88.
5589 12. 88.
5590 12. 88.
5591 12. 88.
5592 12. 88.
5593 12. 88.
5594 12. 88.
5595 12. 88.
5596 12. 88.
5597 12. 88.
5598 12. 88.
5599 12. 88.
5600 12. 88.
5601 12. 88.
5602 12. 88.
5603 12. 88.
5604 12. 88.
5605 12. 88.
5606 12. 88.
5607 11. 89.
5608 11. 89.
5609 11. 89.
5610 11. 89.
5611 11. 89.
5612 11. 89.
5613 11. 89.
5614 11. 89.
5615 11. 89.
5616 11. 89.
5617 11. 89.
5618 10. 90.
5619 10. 90.
5620 10. 90.
5621 10. 90.
5622 10. 90.
5623 10. 90.
5624 10. 90.
5625 10. 90.
5626 10. 90.
5627 10. 90.
5628 10. 90.
5629 10. 90.
5630 10. 90.
5631 10. 90.
5632 10. 90.
5633 10. 90.
5634 10. 90.
5635 10. 90.
5636 10. 90.
5637 10. 90.
5638 10. 90.
5639 10. 90.
5640 10. 90.
5641 10. 90.
5642 10. 90.
5643 10. 90.
5644 10. 90.
5645 10. 90.
5646 10. 90.
5647 10. 90.
5648 10. 90.
5649 10. 90.
5650 11. 89.
5651 11. 89.
5652 11. 89.
5653 11. 89.
5654 11. 89.
5655 11. 89.
5656 11. 89.
5657 11. 89.
5658 11. 89.
5659 11. 89.
5660 11. 89.
5661 11. 89.
5662 11. 89.
5663 11. 89.
5664 11. 89.
5665 11. 89.
5666 11. 89.
5667 11. 89.
5668 12. 88.
5669 12. 88.
5670 12. 88.
5671 12. 88.
5672 12. 88.
5673 12. 88.
5674 12. 88.
5675 12. 88.
5676 12. 88.
5677 13. 87.
5678 13. 87.
5679 13. 87.
5680 13. 87.
5681 13. 87.
5682 13. 87.
5683 13. 87.
5684 13. 87.
5685 13. 87.
5686 13. 87.
5687 13. 87.
5688 13. 87.
5689 13. 87.
5690 13. 87.
5691 13. 87.
5692 12. 88.
5693 12. 88.
5694 12. 88.
5695 12. 88.
5696 12. 88.
5697 12. 88.
5698 12. 88.
5699 12. 88.
5700 12. 88.
5701 12. 88.
5702 12. 88.
5703 12. 88.
5704 12. 88.
5705 11. 89.
5706 11. 89.
5707 11. 89.
5708 11. 89.
5709 11. 89.
5710 12. 88.
5711 12. 88.
5712 12. 88.
5713 12. 88.
5714 12. 88.
5715 12. 88.
5716 12. 88.
5717 12. 88.
5718 12. 88.
5719 12. 88.
5720 12. 88.
5721 12. 88.
5722 12. 88.
5723 13. 87.
5724 13. 87.
5725 13. 87.
5726 13. 87.
5727 14. 86.
5728 14. 86.
5729 15. 85.
5730 15. 85.
5731 14. 86.
5732 14. 86.
5733 14. 86.
5734 14. 86.
5735 14. 86.
5736 14. 86.
5737 14. 86.
5738 14. 86.
5739 14. 86.
5740 14. 86.
5741 14. 86.
5742 14. 86.
5743 14. 86.
5744 14. 86.
5745 14. 86.
5746 14. 86.
5747 14. 86.
5748 14. 86.
5749 14. 86.
5750 14. 86.
5751 14. 86.
5752 14. 86.
5753 14. 86.
5754 14. 86.
5755 14. 86.
5756 14. 86.
5757 15. 85.
5758 15. 85.
5759 15. 85.
5760 15. 85.
5761 16. 84.
5762 16. 84.
5763 16. 84.
5764 16. 84.
5765 16. 84.
5766 16. 84.
5767 16. 84.
5768 16. 84.
5769 16. 84.
5770 16. 84.
5771 16. 84.
5772 17. 83.
5773 17. 83.
5774 17. 83.
5775 18. 82.
5776 17. 83.
5777 17. 83.
5778 17. 83.
5779 17. 83.
5780 17. 83.
5781 17. 83.
5782 17. 83.
5783 17. 83.
5784 17. 83.
5785 17. 83.
5786 18. 82.
5787 18. 82.
5788 18. 82.
5789 18. 82.
5790 18. 82.
5791 18. 82.
5792 17. 83.
5793 17. 83.
5794 17. 83.
5795 17. 83.
5796 17. 83.
5797 17. 83.
5798 17. 83.
5799 17. 83.
5800 17. 83.
5801 17. 83.
5802 16. 84.
5803 15. 85.
5804 15. 85.
5805 15. 85.
5806 15. 85.
5807 15. 85.
5808 15. 85.
5809 15. 85.
5810 14. 86.
5811 14. 86.
5812 14. 86.
5813 14. 86.
5814 14. 86.
5815 14. 86.
5816 14. 86.
5817 14. 86.
5818 14. 86.
5819 14. 86.
5820 14. 86.
5821 14. 86.
5822 14. 86.
5823 14. 86.
5824 14. 86.
5825 14. 86.
5826 14. 86.
5827 14. 86.
5828 14. 86.
5829 14. 86.
5830 14. 86.
5831 14. 86.
5832 14. 86.
5833 14. 86.
5834 14. 86.
5835 14. 86.
5836 14. 86.
5837 14. 86.
5838 14. 86.
5839 14. 86.
5840 14. 86.
5841 14. 86.
5842 14. 86.
5843 14. 86.
5844 14. 86.
5845 14. 86.
5846 14. 86.
5847 14. 86.
5848 14. 86.
5849 14. 86.
5850 14. 86.
5851 15. 85.
5852 15. 85.
5853 15. 85.
5854 15. 85.
5855 15. 85.
5856 16. 84.
5857 16. 84.
5858 17. 83.
5859 16. 84.
5860 16. 84.
5861 16. 84.
5862 16. 84.
5863 16. 84.
5864 16. 84.
5865 16. 84.
5866 17. 83.
5867 17. 83.
5868 17. 83.
5869 17. 83.
5870 17. 83.
5871 16. 84.
5872 16. 84.
5873 16. 84.
5874 16. 84.
5875 16. 84.
5876 16. 84.
5877 16. 84.
5878 16. 84.
5879 16. 84.
5880 17. 83.
5881 17. 83.
5882 17. 83.
5883 17. 83.
5884 17. 83.
5885 17. 83.
5886 18. 82.
5887 17. 83.
5888 17. 83.
5889 17. 83.
5890 17. 83.
5891 17. 83.
5892 17. 83.
5893 17. 83.
5894 17. 83.
5895 17. 83.
5896 17. 83.
5897 17. 83.
5898 17. 83.
5899 17. 83.
5900 17. 83.
5901 17. 83.
5902 17. 83.
5903 17. 83.
5904 17. 83.
5905 17. 83.
5906 17. 83.
5907 17. 83.
5908 17. 83.
5909 17. 83.
5910 17. 83.
5911 16. 84.
5912 16. 84.
5913 15. 85.
5914 14. 86.
5915 14. 86.
5916 14. 86.
5917 14. 86.
5918 14. 86.
5919 14. 86.
5920 14. 86.
5921 14. 86.
5922 14. 86.
5923 14. 86.
5924 14. 86.
5925 14. 86.
5926 14. 86.
5927 15. 85.
5928 15. 85.
5929 15. 85.
5930 15. 85.
5931 15. 85.
5932 15. 85.
5933 15. 85.
5934 15. 85.
5935 15. 85.
5936 15. 85.
5937 15. 85.
5938 15. 85.
5939 15. 85.
5940 15. 85.
5941 15. 85.
5942 15. 85.
5943 15. 85.
5944 15. 85.
5945 15. 85.
5946 15. 85.
5947 15. 85.
5948 15. 85.
5949 15. 85.
5950 15. 85.
5951 15. 85.
5952 14. 86.
5953 14. 86.
5954 13. 87.
5955 13. 87.
5956 13. 87.
5957 13. 87.
5958 13. 87.
5959 13. 87.
5960 13. 87.
5961 13. 87.
5962 13. 87.
5963 13. 87.
5964 13. 87.
5965 13. 87.
5966 13. 87.
5967 13. 87.
5968 13. 87.
5969 13. 87.
5970 13. 87.
5971 13. 87.
5972 13. 87.
5973 13. 87.
5974 13. 87.
5975 14. 86.
5976 14. 86.
5977 14. 86.
5978 14. 86.
5979 14. 86.
5980 14. 86.
5981 14. 86.
5982 14. 86.
5983 14. 86.
5984 14. 86.
5985 14. 86.
5986 13. 87.
5987 13. 87.
5988 13. 87.
5989 13. 87.
5990 13. 87.
5991 13. 87.
5992 14. 86.
5993 14. 86.
5994 14. 86.
5995 14. 86.
5996 14. 86.
5997 13. 87.
5998 13. 87.
5999 13. 87.
6000 13. 87.
6001 13. 87.
6002 13. 87.
6003 13. 87.
6004 13. 87.
6005 13. 87.
6006 13. 87.
6007 13. 87.
6008 13. 87.
6009 14. 86.
6010 14. 86.
6011 14. 86.
6012 14. 86.
6013 14. 86.
6014 14. 86.
6015 14. 86.
6016 15. 85.
6017 15. 85.
6018 15. 85.
6019 15. 85.
6020 15. 85.
6021 15. 85.
6022 15. 85.
6023 15. 85.
6024 15. 85.
6025 15. 85.
6026 14. 86.
6027 14. 86.
6028 14. 86.
6029 15. 85.
6030 15. 85.
6031 15. 85.
6032 15. 85.
6033 16. 84.
6034 16. 84.
6035 16. 84.
6036 15. 85.
6037 16. 84.
6038 17. 83.
6039 17. 83.
6040 16. 84.
6041 15. 85.
6042 15. 85.
6043 15. 85.
6044 15. 85.
6045 15. 85.
6046 15. 85.
6047 15. 85.
6048 15. 85.
6049 15. 85.
6050 15. 85.
6051 14. 86.
6052 14. 86.
6053 14. 86.
6054 14. 86.
6055 13. 87.
6056 13. 87.
6057 13. 87.
6058 13. 87.
6059 13. 87.
6060 13. 87.
6061 13. 87.
6062 14. 86.
6063 14. 86.
6064 14. 86.
6065 14. 86.
6066 14. 86.
6067 14. 86.
6068 14. 86.
6069 14. 86.
6070 14. 86.
6071 14. 86.
6072 14. 86.
6073 14. 86.
6074 15. 85.
6075 15. 85.
6076 15. 85.
6077 15. 85.
6078 16. 84.
6079 16. 84.
6080 16. 84.
6081 16. 84.
6082 16. 84.
6083 16. 84.
6084 16. 84.
6085 16. 84.
6086 16. 84.
6087 16. 84.
6088 16. 84.
6089 16. 84.
6090 17. 83.
6091 17. 83.
6092 17. 83.
6093 17. 83.
6094 17. 83.
6095 17. 83.
6096 17. 83.
6097 17. 83.
6098 17. 83.
6099 17. 83.
6100 17. 83.
6101 17. 83.
6102 17. 83.
6103 17. 83.
6104 17. 83.
6105 17. 83.
6106 17. 83.
6107 17. 83.
6108 17. 83.
6109 17. 83.
6110 17. 83.
6111 17. 83.
6112 17. 83.
6113 17. 83.
6114 17. 83.
6115 17. 83.
6116 17. 83.
6117 17. 83.
6118 17. 83.
6119 17. 83.
6120 17. 83.
6121 17. 83.
6122 17. 83.
6123 17. 83.
6124 18. 82.
6125 18. 82.
6126 18. 82.
6127 18. 82.
6128 18. 82.
6129 18. 82.
6130 18. 82.
6131 18. 82.
6132 18. 82.
6133 18. 82.
6134 18. 82.
6135 17. 83.
6136 17. 83.
6137 17. 83.
6138 16. 84.
6139 16. 84.
6140 17. 83.
6141 17. 83.
6142 17. 83.
6143 17. 83.
6144 17. 83.
6145 17. 83.
6146 17. 83.
6147 17. 83.
6148 17. 83.
6149 17. 83.
6150 17. 83.
6151 17. 83.
6152 17. 83.
6153 17. 83.
6154 17. 83.
6155 17. 83.
6156 17. 83.
6157 16. 84.
6158 17. 83.
6159 16. 84.
6160 15. 85.
6161 15. 85.
6162 15. 85.
6163 15. 85.
6164 15. 85.
6165 15. 85.
6166 15. 85.
6167 15. 85.
6168 15. 85.
6169 15. 85.
6170 15. 85.
6171 16. 84.
6172 16. 84.
6173 16. 84.
6174 16. 84.
6175 16. 84.
6176 17. 83.
6177 17. 83.
6178 17. 83.
6179 17. 83.
6180 17. 83.
6181 17. 83.
6182 17. 83.
6183 17. 83.
6184 17. 83.
6185 17. 83.
6186 17. 83.
6187 17. 83.
6188 17. 83.
6189 17. 83.
6190 17. 83.
6191 17. 83.
6192 17. 83.
6193 17. 83.
6194 17. 83.
6195 18. 82.
6196 18. 82.
6197 18. 82.
6198 18. 82.
6199 18. 82.
6200 18. 82.
6201 17. 83.
6202 17. 83.
6203 17. 83.
6204 17. 83.
6205 17. 83.
6206 17. 83.
6207 17. 83.
6208 17. 83.
6209 17. 83.
6210 17. 83.
6211 18. 82.
6212 18. 82.
6213 18. 82.
6214 18. 82.
6215 18. 82.
6216 18. 82.
6217 18. 82.
6218 18. 82.
6219 18. 82.
6220 18. 82.
6221 18. 82.
6222 18. 82.
6223 18. 82.
6224 18. 82.
6225 18. 82.
6226 17. 83.
6227 17. 83.
6228 17. 83.
6229 17. 83.
6230 18. 82.
6231 18. 82.
6232 18. 82.
6233 18. 82.
6234 18. 82.
6235 18. 82.
6236 18. 82.
6237 18. 82.
6238 18. 82.
6239 18. 82.
6240 18. 82.
6241 18. 82.
6242 18. 82.
6243 18. 82.
6244 18. 82.
6245 18. 82.
6246 18. 82.
6247 18. 82.
6248 18. 82.
6249 18. 82.
6250 18. 82.
6251 18. 82.
6252 18. 82.
6253 18. 82.
6254 18. 82.
6255 18. 82.
6256 18. 82.
6257 18. 82.
6258 18. 82.
6259 18. 82.
6260 18. 82.
6261 18. 82.
6262 18. 82.
6263 17. 83.
6264 17. 83.
6265 17. 83.
6266 17. 83.
6267 16. 84.
6268 16. 84.
6269 16. 84.
6270 15. 85.
6271 15. 85.
6272 15. 85.
6273 16. 84.
6274 16. 84.
6275 15. 85.
6276 15. 85.
6277 15. 85.
6278 14. 86.
6279 14. 86.
6280 14. 86.
6281 14. 86.
6282 14. 86.
6283 13. 87.
6284 13. 87.
6285 13. 87.
6286 13. 87.
6287 13. 87.
6288 13. 87.
6289 13. 87.
6290 13. 87.
6291 13. 87.
6292 13. 87.
6293 13. 87.
6294 13. 87.
6295 13. 87.
6296 13. 87.
6297 13. 87.
6298 13. 87.
6299 12. 88.
6300 12. 88.
6301 12. 88.
6302 12. 88.
6303 12. 88.
6304 12. 88.
6305 12. 88.
6306 12. 88.
6307 12. 88.
6308 12. 88.
6309 12. 88.
6310 12. 88.
6311 12. 88.
6312 12. 88.
6313 12. 88.
6314 11. 89.
6315 11. 89.
6316 11. 89.
6317 12. 88.
6318 12. 88.
6319 12. 88.
6320 12. 88.
6321 13. 87.
6322 12. 88.
6323 12. 88.
6324 12. 88.
6325 13. 87.
6326 13. 87.
6327 13. 87.
6328 13. 87.
6329 13. 87.
6330 13. 87.
6331 13. 87.
6332 13. 87.
6333 13. 87.
6334 13. 87.
6335 13. 87.
6336 13. 87.
6337 13. 87.
6338 13. 87.
6339 13. 87.
6340 13. 87.
6341 12. 88.
6342 12. 88.
6343 12. 88.
6344 12. 88.
6345 12. 88.
6346 12. 88.
6347 12. 88.
6348 12. 88.
6349 12. 88.
6350 12. 88.
6351 12. 88.
6352 12. 88.
6353 12. 88.
6354 12. 88.
6355 12. 88.
6356 12. 88.
6357 12. 88.
6358 12. 88.
6359 12. 88.
6360 13. 87.
6361 13. 87.
6362 13. 87.
6363 13. 87.
6364 13. 87.
6365 12. 88.
6366 12. 88.
6367 12. 88.
6368 12. 88.
6369 12. 88.
6370 12. 88.
6371 12. 88.
6372 12. 88.
6373 12. 88.
6374 12. 88.
6375 12. 88.
6376 12. 88.
6377 12. 88.
6378 12. 88.
6379 12. 88.
6380 12. 88.
6381 12. 88.
6382 12. 88.
6383 12. 88.
6384 12. 88.
6385 12. 88.
6386 12. 88.
6387 12. 88.
6388 12. 88.
6389 12. 88.
6390 12. 88.
6391 12. 88.
6392 12. 88.
6393 12. 88.
6394 12. 88.
6395 11. 89.
6396 11. 89.
6397 11. 89.
6398 11. 89.
6399 11. 89.
6400 11. 89.
6401 11. 89.
6402 11. 89.
6403 11. 89.
6404 11. 89.
6405 11. 89.
6406 11. 89.
6407 11. 89.
6408 11. 89.
6409 11. 89.
6410 12. 88.
6411 12. 88.
6412 12. 88.
6413 12. 88.
6414 12. 88.
6415 12. 88.
6416 12. 88.
6417 12. 88.
6418 12. 88.
6419 12. 88.
6420 12. 88.
6421 12. 88.
6422 12. 88.
6423 12. 88.
6424 12. 88.
6425 12. 88.
6426 12. 88.
6427 12. 88.
6428 12. 88.
6429 12. 88.
6430 12. 88.
6431 11. 89.
6432 11. 89.
6433 11. 89.
6434 11. 89.
6435 10. 90.
6436 10. 90.
6437 10. 90.
6438 10. 90.
6439 10. 90.
6440 10. 90.
6441 10. 90.
6442 10. 90.
6443 10. 90.
6444 10. 90.
6445 10. 90.
6446 10. 90.
6447 10. 90.
6448 10. 90.
6449 10. 90.
6450 10. 90.
6451 10. 90.
6452 10. 90.
6453 10. 90.
6454 11. 89.
6455 10. 90.
6456 10. 90.
6457 10. 90.
6458 10. 90.
6459 10. 90.
6460 10. 90.
6461 9. 91.
6462 9. 91.
6463 9. 91.
6464 10. 90.
6465 10. 90.
6466 9. 91.
6467 9. 91.
6468 9. 91.
6469 9. 91.
6470 9. 91.
6471 9. 91.
6472 9. 91.
6473 9. 91.
6474 9. 91.
6475 9. 91.
6476 9. 91.
6477 9. 91.
6478 9. 91.
6479 9. 91.
6480 9. 91.
6481 9. 91.
6482 9. 91.
6483 9. 91.
6484 9. 91.
6485 8. 92.
6486 8. 92.
6487 8. 92.
6488 8. 92.
6489 8. 92.
6490 8. 92.
6491 8. 92.
6492 8. 92.
6493 8. 92.
6494 8. 92.
6495 8. 92.
6496 8. 92.
6497 8. 92.
6498 8. 92.
6499 8. 92.
6500 8. 92.
6501 8. 92.
6502 8. 92.
6503 8. 92.
6504 8. 92.
6505 8. 92.
6506 8. 92.
6507 8. 92.
6508 8. 92.
6509 8. 92.
6510 8. 92.
6511 8. 92.
6512 8. 92.
6513 8. 92.
6514 8. 92.
6515 8. 92.
6516 8. 92.
6517 8. 92.
6518 8. 92.
6519 8. 92.
6520 8. 92.
6521 8. 92.
6522 8. 92.
6523 8. 92.
6524 8. 92.
6525 8. 92.
6526 8. 92.
6527 9. 91.
6528 9. 91.
6529 9. 91.
6530 9. 91.
6531 9. 91.
6532 9. 91.
6533 9. 91.
6534 9. 91.
6535 9. 91.
6536 9. 91.
6537 9. 91.
6538 9. 91.
6539 9. 91.
6540 9. 91.
6541 9. 91.
6542 9. 91.
6543 9. 91.
6544 9. 91.
6545 8. 92.
6546 8. 92.
6547 8. 92.
6548 8. 92.
6549 8. 92.
6550 8. 92.
6551 8. 92.
6552 8. 92.
6553 8. 92.
6554 8. 92.
6555 8. 92.
6556 8. 92.
6557 8. 92.
6558 8. 92.
6559 8. 92.
6560 8. 92.
6561 8. 92.
6562 8. 92.
6563 8. 92.
6564 8. 92.
6565 8. 92.
6566 8. 92.
6567 8. 92.
6568 8. 92.
6569 7. 93.
6570 7. 93.
6571 7. 93.
6572 7. 93.
6573 7. 93.
6574 7. 93.
6575 7. 93.
6576 6. 94.
6577 6. 94.
6578 6. 94.
6579 6. 94.
6580 7. 93.
6581 7. 93.
6582 7. 93.
6583 7. 93.
6584 7. 93.
6585 7. 93.
6586 7. 93.
6587 8. 92.
6588 7. 93.
6589 7. 93.
6590 7. 93.
6591 7. 93.
6592 7. 93.
6593 7. 93.
6594 7. 93.
6595 7. 93.
6596 7. 93.
6597 7. 93.
6598 7. 93.
6599 7. 93.
6600 7. 93.
6601 7. 93.
6602 7. 93.
6603 7. 93.
6604 7. 93.
6605 7. 93.
6606 7. 93.
6607 7. 93.
6608 7. 93.
6609 7. 93.
6610 7. 93.
6611 7. 93.
6612 7. 93.
6613 7. 93.
6614 7. 93.
6615 7. 93.
6616 7. 93.
6617 7. 93.
6618 7. 93.
6619 7. 93.
6620 7. 93.
6621 7. 93.
6622 7. 93.
6623 7. 93.
6624 7. 93.
6625 7. 93.
6626 7. 93.
6627 7. 93.
6628 7. 93.
6629 7. 93.
6630 8. 92.
6631 8. 92.
6632 8. 92.
6633 8. 92.
6634 8. 92.
6635 8. 92.
6636 8. 92.
6637 8. 92.
6638 8. 92.
6639 8. 92.
6640 8. 92.
6641 8. 92.
6642 8. 92.
6643 8. 92.
6644 7. 93.
6645 7. 93.
6646 6. 94.
6647 6. 94.
6648 6. 94.
6649 6. 94.
6650 6. 94.
6651 6. 94.
6652 6. 94.
6653 6. 94.
6654 6. 94.
6655 6. 94.
6656 6. 94.
6657 6. 94.
6658 6. 94.
6659 6. 94.
6660 6. 94.
6661 6. 94.
6662 6. 94.
6663 7. 93.
6664 7. 93.
6665 7. 93.
6666 7. 93.
6667 7. 93.
6668 7. 93.
6669 6. 94.
6670 6. 94.
6671 6. 94.
6672 6. 94.
6673 6. 94.
6674 6. 94.
6675 6. 94.
6676 6. 94.
6677 6. 94.
6678 5. 95.
6679 5. 95.
6680 5. 95.
6681 5. 95.
6682 5. 95.
6683 5. 95.
6684 5. 95.
6685 5. 95.
6686 5. 95.
6687 5. 95.
6688 5. 95.
6689 5. 95.
6690 6. 94.
6691 6. 94.
6692 6. 94.
6693 6. 94.
6694 6. 94.
6695 6. 94.
6696 6. 94.
6697 6. 94.
6698 6. 94.
6699 6. 94.
6700 6. 94.
6701 6. 94.
6702 6. 94.
6703 6. 94.
6704 6. 94.
6705 6. 94.
6706 6. 94.
6707 6. 94.
6708 6. 94.
6709 6. 94.
6710 6. 94.
6711 6. 94.
6712 6. 94.
6713 6. 94.
6714 6. 94.
6715 5. 95.
6716 5. 95.
6717 4. 96.
6718 4. 96.
6719 4. 96.
6720 4. 96.
6721 4. 96.
6722 4. 96.
6723 4. 96.
6724 4. 96.
6725 4. 96.
6726 4. 96.
6727 4. 96.
6728 4. 96.
6729 4. 96.
6730 4. 96.
6731 4. 96.
6732 4. 96.
6733 4. 96.
6734 4. 96.
6735 4. 96.
6736 4. 96.
6737 4. 96.
6738 4. 96.
6739 4. 96.
6740 4. 96.
6741 4. 96.
6742 4. 96.
6743 4. 96.
6744 4. 96.
6745 4. 96.
6746 4. 96.
6747 4. 96.
6748 4. 96.
6749 4. 96.
6750 4. 96.
6751 4. 96.
6752 4. 96.
6753 4. 96.
6754 4. 96.
6755 4. 96.
6756 4. 96.
6757 4. 96.
6758 4. 96.
6759 4. 96.
6760 4. 96.
6761 4. 96.
6762 4. 96.
6763 3. 97.
6764 3. 97.
6765 3. 97.
6766 3. 97.
6767 3. 97.
6768 3. 97.
6769 3. 97.
6770 3. 97.
6771 3. 97.
6772 3. 97.
6773 3. 97.
6774 3. 97.
6775 3. 97.
6776 3. 97.
6777 3. 97.
6778 2. 98.
6779 2. 98.
6780 2. 98.
6781 2. 98.
6782 2. 98.
6783 2. 98.
6784 2. 98.
6785 2. 98.
6786 2. 98.
6787 2. 98.
6788 2. 98.
6789 2. 98.
6790 2. 98.
6791 2. 98.
6792 2. 98.
6793 2. 98.
6794 2. 98.
6795 2. 98.
6796 2. 98.
6797 2. 98.
6798 2. 98.
6799 2. 98.
6800 2. 98.
6801 2. 98.
6802 2. 98.
6803 2. 98.
6804 2. 98.
6805 2. 98.
6806 2. 98.
6807 2. 98.
6808 2. 98.
6809 2. 98.
6810 2. 98.
6811 2. 98.
6812 2. 98.
6813 2. 98.
6814 2. 98.
6815 2. 98.
6816 2. 98.
6817 2. 98.
6818 2. 98.
6819 2. 98.
6820 2. 98.
6821 2. 98.
6822 2. 98.
6823 2. 98.
6824 2. 98.
6825 2. 98.
6826 2. 98.
6827 2. 98.
6828 2. 98.
6829 2. 98.
6830 2. 98.
6831 2. 98.
6832 2. 98.
6833 2. 98.
6834 2. 98.
6835 2. 98.
6836 2. 98.
6837 2. 98.
6838 2. 98.
6839 2. 98.
6840 2. 98.
6841 3. 97.
6842 3. 97.
6843 3. 97.
6844 3. 97.
6845 3. 97.
6846 3. 97.
6847 3. 97.
6848 3. 97.
6849 4. 96.
6850 4. 96.
6851 4. 96.
6852 4. 96.
6853 4. 96.
6854 4. 96.
6855 4. 96.
6856 3. 97.
6857 3. 97.
6858 3. 97.
6859 3. 97.
6860 3. 97.
6861 3. 97.
6862 3. 97.
6863 3. 97.
6864 3. 97.
6865 3. 97.
6866 3. 97.
6867 3. 97.
6868 3. 97.
6869 3. 97.
6870 3. 97.
6871 3. 97.
6872 3. 97.
6873 3. 97.
6874 3. 97.
6875 3. 97.
6876 3. 97.
6877 3. 97.
6878 4. 96.
6879 4. 96.
6880 4. 96.
6881 4. 96.
6882 4. 96.
6883 4. 96.
6884 4. 96.
6885 4. 96.
6886 4. 96.
6887 4. 96.
6888 4. 96.
6889 4. 96.
6890 4. 96.
6891 4. 96.
6892 4. 96.
6893 4. 96.
6894 4. 96.
6895 4. 96.
6896 4. 96.
6897 4. 96.
6898 4. 96.
6899 4. 96.
6900 4. 96.
6901 4. 96.
6902 4. 96.
6903 4. 96.
6904 4. 96.
6905 4. 96.
6906 4. 96.
6907 4. 96.
6908 4. 96.
6909 4. 96.
6910 4. 96.
6911 4. 96.
6912 4. 96.
6913 4. 96.
6914 4. 96.
6915 4. 96.
6916 4. 96.
6917 4. 96.
6918 4. 96.
6919 4. 96.
6920 4. 96.
6921 4. 96.
6922 4. 96.
6923 4. 96.
6924 4. 96.
6925 4. 96.
6926 4. 96.
6927 4. 96.
6928 4. 96.
6929 4. 96.
6930 4. 96.
6931 3. 97.
6932 3. 97.
6933 3. 97.
6934 3. 97.
6935 3. 97.
6936 2. 98.
6937 2. 98.
6938 2. 98.
6939 2. 98.
6940 2. 98.
6941 2. 98.
6942 2. 98.
6943 2. 98.
6944 2. 98.
6945 2. 98.
6946 2. 98.
6947 2. 98.
6948 2. 98.
6949 2. 98.
6950 2. 98.
6951 2. 98.
6952 2. 98.
6953 2. 98.
6954 2. 98.
6955 2. 98.
6956 2. 98.
6957 2. 98.
6958 2. 98.
6959 2. 98.
6960 2. 98.
6961 2. 98.
6962 2. 98.
6963 2. 98.
6964 2. 98.
6965 2. 98.
6966 2. 98.
6967 2. 98.
6968 2. 98.
6969 2. 98.
6970 2. 98.
6971 2. 98.
6972 2. 98.
6973 2. 98.
6974 2. 98.
6975 2. 98.
6976 2. 98.
6977 2. 98.
6978 2. 98.
6979 2. 98.
6980 2. 98.
6981 2. 98.
6982 2. 98.
6983 2. 98.
6984 2. 98.
6985 2. 98.
6986 2. 98.
6987 2. 98.
6988 2. 98.
6989 2. 98.
6990 2. 98.
6991 2. 98.
6992 2. 98.
6993 2. 98.
6994 2. 98.
6995 2. 98.
6996 2. 98.
6997 2. 98.
6998 2. 98.
6999 2. 98.
7000 2. 98.
7001 2. 98.
7002 2. 98.
7003 2. 98.
7004 2. 98.
7005 2. 98.
7006 2. 98.
7007 2. 98.
7008 2. 98.
7009 2. 98.
7010 2. 98.
7011 2. 98.
7012 2. 98.
7013 2. 98.
7014 2. 98.
7015 2. 98.
7016 2. 98.
7017 2. 98.
7018 2. 98.
7019 2. 98.
7020 2. 98.
7021 2. 98.
7022 2. 98.
7023 2. 98.
7024 2. 98.
7025 2. 98.
7026 2. 98.
7027 2. 98.
7028 2. 98.
7029 2. 98.
7030 2. 98.
7031 2. 98.
7032 2. 98.
7033 2. 98.
7034 2. 98.
7035 2. 98.
7036 2. 98.
7037 2. 98.
7038 2. 98.
7039 2. 98.
7040 2. 98.
7041 2. 98.
7042 2. 98.
7043 2. 98.
7044 2. 98.
7045 2. 98.
7046 2. 98.
7047 2. 98.
7048 2. 98.
7049 2. 98.
7050 2. 98.
7051 3. 97.
7052 3. 97.
7053 3. 97.
7054 3. 97.
7055 3. 97.
7056 3. 97.
7057 3. 97.
7058 3. 97.
7059 3. 97.
7060 3. 97.
7061 3. 97.
7062 3. 97.
7063 3. 97.
7064 4. 96.
7065 4. 96.
7066 5. 95.
7067 5. 95.
7068 5. 95.
7069 5. 95.
7070 5. 95.
7071 5. 95.
7072 5. 95.
7073 6. 94.
7074 6. 94.
7075 6. 94.
7076 6. 94.
7077 6. 94.
7078 6. 94.
7079 6. 94.
7080 6. 94.
7081 6. 94.
7082 6. 94.
7083 5. 95.
7084 5. 95.
7085 5. 95.
7086 5. 95.
7087 5. 95.
7088 5. 95.
7089 5. 95.
7090 5. 95.
7091 5. 95.
7092 5. 95.
7093 5. 95.
7094 5. 95.
7095 5. 95.
7096 5. 95.
7097 5. 95.
7098 5. 95.
7099 5. 95.
7100 5. 95.
7101 5. 95.
7102 5. 95.
7103 5. 95.
7104 5. 95.
7105 5. 95.
7106 5. 95.
7107 5. 95.
7108 5. 95.
7109 6. 94.
7110 6. 94.
7111 6. 94.
7112 6. 94.
7113 6. 94.
7114 6. 94.
7115 6. 94.
7116 6. 94.
7117 6. 94.
7118 6. 94.
7119 6. 94.
7120 6. 94.
7121 6. 94.
7122 6. 94.
7123 6. 94.
7124 6. 94.
7125 6. 94.
7126 6. 94.
7127 6. 94.
7128 6. 94.
7129 6. 94.
7130 6. 94.
7131 6. 94.
7132 6. 94.
7133 6. 94.
7134 6. 94.
7135 6. 94.
7136 6. 94.
7137 6. 94.
7138 6. 94.
7139 6. 94.
7140 6. 94.
7141 6. 94.
7142 7. 93.
7143 8. 92.
7144 8. 92.
7145 8. 92.
7146 8. 92.
7147 8. 92.
7148 8. 92.
7149 8. 92.
7150 8. 92.
7151 8. 92.
7152 8. 92.
7153 8. 92.
7154 8. 92.
7155 8. 92.
7156 8. 92.
7157 8. 92.
7158 8. 92.
7159 8. 92.
7160 8. 92.
7161 8. 92.
7162 8. 92.
7163 8. 92.
7164 7. 93.
7165 7. 93.
7166 7. 93.
7167 7. 93.
7168 7. 93.
7169 7. 93.
7170 7. 93.
7171 7. 93.
7172 7. 93.
7173 7. 93.
7174 7. 93.
7175 7. 93.
7176 7. 93.
7177 7. 93.
7178 7. 93.
7179 7. 93.
7180 6. 94.
7181 6. 94.
7182 6. 94.
7183 6. 94.
7184 6. 94.
7185 6. 94.
7186 6. 94.
7187 6. 94.
7188 6. 94.
7189 6. 94.
7190 6. 94.
7191 6. 94.
7192 6. 94.
7193 6. 94.
7194 6. 94.
7195 6. 94.
7196 6. 94.
7197 6. 94.
7198 6. 94.
7199 6. 94.
7200 6. 94.
7201 6. 94.
7202 6. 94.
7203 6. 94.
7204 6. 94.
7205 6. 94.
7206 6. 94.
7207 6. 94.
7208 6. 94.
7209 6. 94.
7210 6. 94.
7211 6. 94.
7212 6. 94.
7213 6. 94.
7214 6. 94.
7215 6. 94.
7216 6. 94.
7217 6. 94.
7218 6. 94.
7219 6. 94.
7220 6. 94.
7221 5. 95.
7222 4. 96.
7223 4. 96.
7224 4. 96.
7225 4. 96.
7226 5. 95.
7227 5. 95.
7228 5. 95.
7229 5. 95.
7230 5. 95.
7231 5. 95.
7232 5. 95.
7233 5. 95.
7234 5. 95.
7235 5. 95.
7236 5. 95.
7237 5. 95.
7238 5. 95.
7239 5. 95.
7240 5. 95.
7241 5. 95.
7242 5. 95.
7243 4. 96.
7244 4. 96.
7245 4. 96.
7246 4. 96.
7247 4. 96.
7248 4. 96.
7249 4. 96.
7250 4. 96.
7251 4. 96.
7252 4. 96.
7253 4. 96.
7254 4. 96.
7255 4. 96.
7256 4. 96.
7257 4. 96.
7258 4. 96.
7259 4. 96.
7260 4. 96.
7261 4. 96.
7262 4. 96.
7263 4. 96.
7264 4. 96.
7265 4. 96.
7266 4. 96.
7267 4. 96.
7268 4. 96.
7269 4. 96.
7270 4. 96.
7271 4. 96.
7272 4. 96.
7273 4. 96.
7274 4. 96.
7275 4. 96.
7276 4. 96.
7277 4. 96.
7278 3. 97.
7279 3. 97.
7280 3. 97.
7281 3. 97.
7282 3. 97.
7283 3. 97.
7284 3. 97.
7285 3. 97.
7286 3. 97.
7287 3. 97.
7288 3. 97.
7289 3. 97.
7290 3. 97.
7291 3. 97.
7292 3. 97.
7293 3. 97.
7294 4. 96.
7295 4. 96.
7296 4. 96.
7297 4. 96.
7298 4. 96.
7299 4. 96.
7300 4. 96.
7301 4. 96.
7302 4. 96.
7303 4. 96.
7304 4. 96.
7305 4. 96.
7306 4. 96.
7307 4. 96.
7308 4. 96.
7309 4. 96.
7310 4. 96.
7311 4. 96.
7312 4. 96.
7313 4. 96.
7314 4. 96.
7315 4. 96.
7316 4. 96.
7317 4. 96.
7318 4. 96.
7319 4. 96.
7320 4. 96.
7321 4. 96.
7322 4. 96.
7323 3. 97.
7324 3. 97.
7325 3. 97.
7326 3. 97.
7327 3. 97.
7328 3. 97.
7329 3. 97.
7330 3. 97.
7331 3. 97.
7332 3. 97.
7333 3. 97.
7334 3. 97.
7335 3. 97.
7336 3. 97.
7337 3. 97.
7338 3. 97.
7339 4. 96.
7340 4. 96.
7341 4. 96.
7342 4. 96.
7343 4. 96.
7344 4. 96.
7345 4. 96.
7346 4. 96.
7347 4. 96.
7348 4. 96.
7349 4. 96.
7350 4. 96.
7351 4. 96.
7352 4. 96.
7353 4. 96.
7354 4. 96.
7355 4. 96.
7356 4. 96.
7357 4. 96.
7358 4. 96.
7359 4. 96.
7360 3. 97.
7361 3. 97.
7362 3. 97.
7363 3. 97.
7364 3. 97.
7365 3. 97.
7366 3. 97.
7367 3. 97.
7368 3. 97.
7369 3. 97.
7370 3. 97.
7371 3. 97.
7372 3. 97.
7373 3. 97.
7374 3. 97.
7375 3. 97.
7376 3. 97.
7377 3. 97.
7378 3. 97.
7379 3. 97.
7380 3. 97.
7381 3. 97.
7382 3. 97.
7383 3. 97.
7384 3. 97.
7385 3. 97.
7386 3. 97.
7387 3. 97.
7388 3. 97.
7389 3. 97.
7390 3. 97.
7391 3. 97.
7392 3. 97.
7393 3. 97.
7394 3. 97.
7395 3. 97.
7396 3. 97.
7397 3. 97.
7398 3. 97.
7399 3. 97.
7400 3. 97.
7401 3. 97.
7402 3. 97.
7403 3. 97.
7404 3. 97.
7405 3. 97.
7406 3. 97.
7407 3. 97.
7408 3. 97.
7409 3. 97.
7410 3. 97.
7411 3. 97.
7412 3. 97.
7413 3. 97.
7414 3. 97.
7415 3. 97.
7416 3. 97.
7417 3. 97.
7418 3. 97.
7419 3. 97.
7420 3. 97.
7421 3. 97.
7422 3. 97.
7423 3. 97.
7424 3. 97.
7425 3. 97.
7426 3. 97.
7427 3. 97.
7428 3. 97.
7429 3. 97.
7430 3. 97.
7431 3. 97.
7432 3. 97.
7433 3. 97.
7434 3. 97.
7435 3. 97.
7436 3. 97.
7437 3. 97.
7438 3. 97.
7439 3. 97.
7440 3. 97.
7441 3. 97.
7442 3. 97.
7443 3. 97.
7444 3. 97.
7445 3. 97.
7446 3. 97.
7447 3. 97.
7448 3. 97.
7449 3. 97.
7450 3. 97.
7451 3. 97.
7452 3. 97.
7453 3. 97.
7454 3. 97.
7455 3. 97.
7456 3. 97.
7457 3. 97.
7458 3. 97.
7459 3. 97.
7460 3. 97.
7461 3. 97.
7462 3. 97.
7463 3. 97.
7464 3. 97.
7465 3. 97.
7466 3. 97.
7467 3. 97.
7468 3. 97.
7469 3. 97.
7470 3. 97.
7471 3. 97.
7472 2. 98.
7473 2. 98.
7474 2. 98.
7475 2. 98.
7476 2. 98.
7477 2. 98.
7478 2. 98.
7479 2. 98.
7480 2. 98.
7481 2. 98.
7482 2. 98.
7483 2. 98.
7484 2. 98.
7485 2. 98.
7486 2. 98.
7487 2. 98.
7488 2. 98.
7489 2. 98.
7490 2. 98.
7491 2. 98.
7492 2. 98.
7493 2. 98.
7494 2. 98.
7495 2. 98.
7496 2. 98.
7497 2. 98.
7498 2. 98.
7499 2. 98.
7500 2. 98.
7501 2. 98.
7502 2. 98.
7503 2. 98.
7504 2. 98.
7505 2. 98.
7506 2. 98.
7507 2. 98.
7508 2. 98.
7509 2. 98.
7510 2. 98.
7511 2. 98.
7512 2. 98.
7513 2. 98.
7514 2. 98.
7515 2. 98.
7516 2. 98.
7517 2. 98.
7518 2. 98.
7519 2. 98.
7520 2. 98.
7521 2. 98.
7522 2. 98.
7523 2. 98.
7524 2. 98.
7525 2. 98.
7526 2. 98.
7527 2. 98.
7528 2. 98.
7529 2. 98.
7530 2. 98.
7531 2. 98.
7532 2. 98.
7533 2. 98.
7534 2. 98.
7535 2. 98.
7536 2. 98.
7537 2. 98.
7538 2. 98.
7539 2. 98.
7540 2. 98.
7541 2. 98.
7542 2. 98.
7543 3. 97.
7544 3. 97.
7545 3. 97.
7546 3. 97.
7547 3. 97.
7548 3. 97.
7549 3. 97.
7550 3. 97.
7551 3. 97.
7552 3. 97.
7553 3. 97.
7554 3. 97.
7555 3. 97.
7556 3. 97.
7557 3. 97.
7558 3. 97.
7559 3. 97.
7560 3. 97.
7561 3. 97.
7562 3. 97.
7563 3. 97.
7564 2. 98.
7565 2. 98.
7566 2. 98.
7567 2. 98.
7568 2. 98.
7569 2. 98.
7570 2. 98.
7571 2. 98.
7572 2. 98.
7573 2. 98.
7574 2. 98.
7575 2. 98.
7576 2. 98.
7577 2. 98.
7578 2. 98.
7579 2. 98.
7580 1. 99.
7581 1. 99.
7582 1. 99.
7583 1. 99.
7584 1. 99.
7585 1. 99.
7586 1. 99.
7587 1. 99.
7588 1. 99.
7589 1. 99.
7590 1. 99.
7591 1. 99.
7592 1. 99.
7593 1. 99.
7594 1. 99.
7595 1. 99.
7596 1. 99.
7597 1. 99.
7598 1. 99.
7599 1. 99.
7600 1. 99.
