0 19. 81.
1 19. 81.
2 19. 81.
3 20. 80.
4 20. 80.
5 20. 80.
6 21. 79.
7 20. 80.
8 20. 80.
9 21. 79.
10 21. 79.
11 21. 79.
12 21. 79.
13 21. 79.
14 21. 79.
15 20. 80.
16 20. 80.
17 20. 80.
18 20. 80.
19 20. 80.
20 20. 80.
21 21. 79.
22 21. 79.
23 21. 79.
24 21. 79.
25 21. 79.
26 22. 78.
27 22. 78.
28 22. 78.
29 23. 77.
30 23. 77.
31 23. 77.
32 23. 77.
33 23. 77.
34 23. 77.
35 23. 77.
36 23. 77.
37 23. 77.
38 23. 77.
39 23. 77.
40 23. 77.
41 23. 77.
42 23. 77.
43 23. 77.
44 24. 76.
45 24. 76.
46 24. 76.
47 25. 75.
48 25. 75.
49 25. 75.
50 25. 75.
51 24. 76.
52 25. 75.
53 25. 75.
54 25. 75.
55 25. 75.
56 25. 75.
57 26. 74.
58 26. 74.
59 26. 74.
60 26. 74.
61 26. 74.
62 26. 74.
63 27. 73.
64 27. 73.
65 27. 73.
66 27. 73.
67 27. 73.
68 27. 73.
69 27. 73.
70 26. 74.
71 26. 74.
72 27. 73.
73 27. 73.
74 27. 73.
75 27. 73.
76 27. 73.
77 27. 73.
78 27. 73.
79 27. 73.
80 27. 73.
81 26. 74.
82 26. 74.
83 26. 74.
84 26. 74.
85 27. 73.
86 27. 73.
87 28. 72.
88 28. 72.
89 29. 71.
90 29. 71.
91 29. 71.
92 29. 71.
93 30. 70.
94 30. 70.
95 29. 71.
96 29. 71.
97 29. 71.
98 29. 71.
99 29. 71.
100 29. 71.
101 29. 71.
102 28. 72.
103 28. 72.
104 27. 73.
105 27. 73.
106 27. 73.
107 27. 73.
108 27. 73.
109 27. 73.
110 27. 73.
111 27. 73.
112 27. 73.
113 27. 73.
114 27. 73.
115 27. 73.
116 27. 73.
117 27. 73.
118 27. 73.
119 26. 74.
120 25. 75.
121 25. 75.
122 25. 75.
123 25. 75.
124 25. 75.
125 25. 75.
126 25. 75.
127 25. 75.
128 26. 74.
129 27. 73.
130 27. 73.
131 27. 73.
132 27. 73.
133 27. 73.
134 27. 73.
135 27. 73.
136 27. 73.
137 27. 73.
138 28. 72.
139 28. 72.
140 27. 73.
141 26. 74.
142 27. 73.
143 27. 73.
144 27. 73.
145 27. 73.
146 27. 73.
147 27. 73.
148 27. 73.
149 27. 73.
150 27. 73.
151 27. 73.
152 28. 72.
153 28. 72.
154 28. 72.
155 28. 72.
156 28. 72.
157 28. 72.
158 28. 72.
159 29. 71.
160 29. 71.
161 29. 71.
162 29. 71.
163 29. 71.
164 29. 71.
165 29. 71.
166 29. 71.
167 29. 71.
168 29. 71.
169 29. 71.
170 29. 71.
171 29. 71.
172 29. 71.
173 29. 71.
174 29. 71.
175 29. 71.
176 28. 72.
177 28. 72.
178 27. 73.
179 27. 73.
180 27. 73.
181 26. 74.
182 26. 74.
183 26. 74.
184 26. 74.
185 26. 74.
186 26. 74.
187 26. 74.
188 25. 75.
189 25. 75.
190 25. 75.
191 25. 75.
192 25. 75.
193 25. 75.
194 25. 75.
195 25. 75.
196 25. 75.
197 25. 75.
198 25. 75.
199 25. 75.
200 24. 76.
201 24. 76.
202 25. 75.
203 25. 75.
204 25. 75.
205 25. 75.
206 25. 75.
207 25. 75.
208 26. 74.
209 26. 74.
210 26. 74.
211 26. 74.
212 26. 74.
213 26. 74.
214 26. 74.
215 26. 74.
216 26. 74.
217 26. 74.
218 26. 74.
219 26. 74.
220 25. 75.
221 25. 75.
222 24. 76.
223 24. 76.
224 24. 76.
225 24. 76.
226 24. 76.
227 24. 76.
228 24. 76.
229 24. 76.
230 24. 76.
231 24. 76.
232 24. 76.
233 24. 76.
234 24. 76.
235 24. 76.
236 24. 76.
237 25. 75.
238 25. 75.
239 25. 75.
240 26. 74.
241 26. 74.
242 26. 74.
243 26. 74.
244 26. 74.
245 26. 74.
246 26. 74.
247 26. 74.
248 26. 74.
249 26. 74.
250 26. 74.
251 26. 74.
252 26. 74.
253 25. 75.
254 25. 75.
255 25. 75.
256 25. 75.
257 24. 76.
258 24. 76.
259 23. 77.
260 22. 78.
261 23. 77.
262 24. 76.
263 24. 76.
264 24. 76.
265 24. 76.
266 24. 76.
267 24. 76.
268 24. 76.
269 24. 76.
270 24. 76.
271 24. 76.
272 25. 75.
273 25. 75.
274 25. 75.
275 25. 75.
276 25. 75.
277 25. 75.
278 25. 75.
279 25. 75.
280 25. 75.
281 25. 75.
282 25. 75.
283 24. 76.
284 24. 76.
285 23. 77.
286 23. 77.
287 23. 77.
288 23. 77.
289 23. 77.
290 23. 77.
291 23. 77.
292 23. 77.
293 23. 77.
294 23. 77.
295 23. 77.
296 23. 77.
297 24. 76.
298 24. 76.
299 24. 76.
300 24. 76.
301 24. 76.
302 24. 76.
303 24. 76.
304 24. 76.
305 25. 75.
306 25. 75.
307 25. 75.
308 24. 76.
309 25. 75.
310 25. 75.
311 25. 75.
312 25. 75.
313 25. 75.
314 25. 75.
315 25. 75.
316 24. 76.
317 24. 76.
318 25. 75.
319 25. 75.
320 24. 76.
321 23. 77.
322 23. 77.
323 23. 77.
324 23. 77.
325 23. 77.
326 23. 77.
327 23. 77.
328 23. 77.
329 22. 78.
330 22. 78.
331 22. 78.
332 22. 78.
333 22. 78.
334 22. 78.
335 22. 78.
336 22. 78.
337 22. 78.
338 22. 78.
339 22. 78.
340 23. 77.
341 23. 77.
342 24. 76.
343 24. 76.
344 24. 76.
345 24. 76.
346 23. 77.
347 23. 77.
348 23. 77.
349 24. 76.
350 24. 76.
351 24. 76.
352 24. 76.
353 25. 75.
354 25. 75.
355 25. 75.
356 25. 75.
357 25. 75.
358 24. 76.
359 24. 76.
360 24. 76.
361 24. 76.
362 24. 76.
363 24. 76.
364 24. 76.
365 24. 76.
366 25. 75.
367 25. 75.
368 26. 74.
369 26. 74.
370 26. 74.
371 26. 74.
372 26. 74.
373 26. 74.
374 26. 74.
375 26. 74.
376 25. 75.
377 25. 75.
378 25. 75.
379 25. 75.
380 25. 75.
381 24. 76.
382 25. 75.
383 25. 75.
384 25. 75.
385 24. 76.
386 24. 76.
387 24. 76.
388 24. 76.
389 25. 75.
390 25. 75.
391 24. 76.
392 24. 76.
393 24. 76.
394 24. 76.
395 24. 76.
396 24. 76.
397 25. 75.
398 25. 75.
399 25. 75.
400 26. 74.
401 26. 74.
402 26. 74.
403 26. 74.
404 26. 74.
405 26. 74.
406 26. 74.
407 26. 74.
408 26. 74.
409 26. 74.
410 25. 75.
411 25. 75.
412 25. 75.
413 26. 74.
414 25. 75.
415 25. 75.
416 24. 76.
417 24. 76.
418 23. 77.
419 23. 77.
420 23. 77.
421 23. 77.
422 23. 77.
423 24. 76.
424 24. 76.
425 24. 76.
426 24. 76.
427 24. 76.
428 24. 76.
429 24. 76.
430 24. 76.
431 24. 76.
432 24. 76.
433 24. 76.
434 24. 76.
435 25. 75.
436 25. 75.
437 24. 76.
438 24. 76.
439 24. 76.
440 24. 76.
441 24. 76.
442 24. 76.
443 24. 76.
444 23. 77.
445 23. 77.
446 23. 77.
447 23. 77.
448 24. 76.
449 24. 76.
450 25. 75.
451 25. 75.
452 24. 76.
453 24. 76.
454 24. 76.
455 24. 76.
456 24. 76.
457 24. 76.
458 24. 76.
459 24. 76.
460 25. 75.
461 25. 75.
462 25. 75.
463 25. 75.
464 25. 75.
465 26. 74.
466 26. 74.
467 26. 74.
468 25. 75.
469 25. 75.
470 25. 75.
471 25. 75.
472 25. 75.
473 25. 75.
474 26. 74.
475 26. 74.
476 26. 74.
477 26. 74.
478 26. 74.
479 26. 74.
480 26. 74.
481 26. 74.
482 26. 74.
483 26. 74.
484 26. 74.
485 25. 75.
486 25. 75.
487 25. 75.
488 25. 75.
489 25. 75.
490 25. 75.
491 25. 75.
492 25. 75.
493 25. 75.
494 25. 75.
495 25. 75.
496 25. 75.
497 25. 75.
498 25. 75.
499 25. 75.
500 25. 75.
501 25. 75.
502 25. 75.
503 25. 75.
504 25. 75.
505 26. 74.
506 26. 74.
507 26. 74.
508 26. 74.
509 26. 74.
510 26. 74.
511 26. 74.
512 26. 74.
513 26. 74.
514 26. 74.
515 27. 73.
516 27. 73.
517 27. 73.
518 27. 73.
519 27. 73.
520 27. 73.
521 26. 74.
522 26. 74.
523 26. 74.
524 26. 74.
525 25. 75.
526 25. 75.
527 25. 75.
528 25. 75.
529 25. 75.
530 25. 75.
531 25. 75.
532 26. 74.
533 27. 73.
534 28. 72.
535 27. 73.
536 27. 73.
537 27. 73.
538 27. 73.
539 26. 74.
540 26. 74.
541 27. 73.
542 27. 73.
543 27. 73.
544 27. 73.
545 27. 73.
546 28. 72.
547 28. 72.
548 28. 72.
549 28. 72.
550 28. 72.
551 28. 72.
552 28. 72.
553 28. 72.
554 27. 73.
555 27. 73.
556 27. 73.
557 27. 73.
558 28. 72.
559 27. 73.
560 27. 73.
561 27. 73.
562 27. 73.
563 26. 74.
564 26. 74.
565 26. 74.
566 26. 74.
567 26. 74.
568 26. 74.
569 26. 74.
570 26. 74.
571 26. 74.
572 26. 74.
573 26. 74.
574 26. 74.
575 26. 74.
576 26. 74.
577 26. 74.
578 26. 74.
579 26. 74.
580 26. 74.
581 26. 74.
582 26. 74.
583 26. 74.
584 27. 73.
585 27. 73.
586 27. 73.
587 27. 73.
588 27. 73.
589 27. 73.
590 27. 73.
591 27. 73.
592 27. 73.
593 27. 73.
594 27. 73.
595 28. 72.
596 28. 72.
597 28. 72.
598 28. 72.
599 27. 73.
600 27. 73.
601 27. 73.
602 27. 73.
603 27. 73.
604 27. 73.
605 27. 73.
606 27. 73.
607 27. 73.
608 27. 73.
609 27. 73.
610 27. 73.
611 27. 73.
612 27. 73.
613 27. 73.
614 27. 73.
615 27. 73.
616 27. 73.
617 27. 73.
618 27. 73.
619 26. 74.
620 26. 74.
621 26. 74.
622 26. 74.
623 26. 74.
624 26. 74.
625 27. 73.
626 27. 73.
627 27. 73.
628 27. 73.
629 27. 73.
630 28. 72.
631 28. 72.
632 28. 72.
633 27. 73.
634 27. 73.
635 27. 73.
636 27. 73.
637 27. 73.
638 27. 73.
639 27. 73.
640 27. 73.
641 28. 72.
642 28. 72.
643 28. 72.
644 28. 72.
645 28. 72.
646 28. 72.
647 28. 72.
648 28. 72.
649 28. 72.
650 28. 72.
651 28. 72.
652 27. 73.
653 26. 74.
654 26. 74.
655 27. 73.
656 27. 73.
657 27. 73.
658 27. 73.
659 27. 73.
660 27. 73.
661 27. 73.
662 27. 73.
663 27. 73.
664 28. 72.
665 28. 72.
666 28. 72.
667 28. 72.
668 28. 72.
669 28. 72.
670 28. 72.
671 28. 72.
672 28. 72.
673 28. 72.
674 28. 72.
675 28. 72.
676 28. 72.
677 28. 72.
678 29. 71.
679 29. 71.
680 30. 70.
681 30. 70.
682 30. 70.
683 30. 70.
684 30. 70.
685 31. 69.
686 31. 69.
687 31. 69.
688 31. 69.
689 31. 69.
690 31. 69.
691 31. 69.
692 31. 69.
693 31. 69.
694 31. 69.
695 32. 68.
696 32. 68.
697 32. 68.
698 32. 68.
699 32. 68.
700 32. 68.
701 31. 69.
702 31. 69.
703 31. 69.
704 31. 69.
705 31. 69.
706 31. 69.
707 31. 69.
708 31. 69.
709 31. 69.
710 31. 69.
711 31. 69.
712 31. 69.
713 31. 69.
714 31. 69.
715 31. 69.
716 31. 69.
717 30. 70.
718 30. 70.
719 30. 70.
720 29. 71.
721 30. 70.
722 30. 70.
723 29. 71.
724 29. 71.
725 29. 71.
726 29. 71.
727 29. 71.
728 29. 71.
729 29. 71.
730 28. 72.
731 28. 72.
732 28. 72.
733 28. 72.
734 28. 72.
735 28. 72.
736 28. 72.
737 28. 72.
738 29. 71.
739 29. 71.
740 29. 71.
741 29. 71.
742 28. 72.
743 28. 72.
744 28. 72.
745 28. 72.
746 28. 72.
747 28. 72.
748 28. 72.
749 28. 72.
750 28. 72.
751 28. 72.
752 28. 72.
753 28. 72.
754 28. 72.
755 28. 72.
756 29. 71.
757 29. 71.
758 30. 70.
759 29. 71.
760 29. 71.
761 29. 71.
762 29. 71.
763 29. 71.
764 28. 72.
765 27. 73.
766 27. 73.
767 26. 74.
768 26. 74.
769 26. 74.
770 26. 74.
771 26. 74.
772 26. 74.
773 26. 74.
774 26. 74.
775 27. 73.
776 27. 73.
777 27. 73.
778 26. 74.
779 26. 74.
780 26. 74.
781 26. 74.
782 26. 74.
783 26. 74.
784 26. 74.
785 26. 74.
786 26. 74.
787 25. 75.
788 25. 75.
789 25. 75.
790 25. 75.
791 25. 75.
792 24. 76.
793 24. 76.
794 24. 76.
795 24. 76.
796 24. 76.
797 24. 76.
798 24. 76.
799 24. 76.
800 24. 76.
801 23. 77.
802 23. 77.
803 23. 77.
804 23. 77.
805 23. 77.
806 24. 76.
807 24. 76.
808 24. 76.
809 24. 76.
810 24. 76.
811 24. 76.
812 24. 76.
813 24. 76.
814 24. 76.
815 23. 77.
816 23. 77.
817 24. 76.
818 24. 76.
819 24. 76.
820 24. 76.
821 24. 76.
822 24. 76.
823 24. 76.
824 24. 76.
825 24. 76.
826 24. 76.
827 24. 76.
828 24. 76.
829 24. 76.
830 24. 76.
831 23. 77.
832 23. 77.
833 23. 77.
834 24. 76.
835 24. 76.
836 23. 77.
837 23. 77.
838 23. 77.
839 23. 77.
840 23. 77.
841 23. 77.
842 23. 77.
843 22. 78.
844 22. 78.
845 23. 77.
846 23. 77.
847 24. 76.
848 24. 76.
849 24. 76.
850 24. 76.
851 24. 76.
852 25. 75.
853 25. 75.
854 25. 75.
855 25. 75.
856 25. 75.
857 25. 75.
858 24. 76.
859 24. 76.
860 24. 76.
861 23. 77.
862 23. 77.
863 23. 77.
864 22. 78.
865 22. 78.
866 22. 78.
867 22. 78.
868 21. 79.
869 21. 79.
870 21. 79.
871 21. 79.
872 21. 79.
873 21. 79.
874 22. 78.
875 22. 78.
876 22. 78.
877 22. 78.
878 22. 78.
879 22. 78.
880 22. 78.
881 23. 77.
882 22. 78.
883 22. 78.
884 22. 78.
885 22. 78.
886 22. 78.
887 22. 78.
888 22. 78.
889 22. 78.
890 22. 78.
891 22. 78.
892 22. 78.
893 21. 79.
894 21. 79.
895 21. 79.
896 22. 78.
897 22. 78.
898 22. 78.
899 22. 78.
900 22. 78.
901 21. 79.
902 21. 79.
903 21. 79.
904 21. 79.
905 21. 79.
906 21. 79.
907 21. 79.
908 21. 79.
909 21. 79.
910 21. 79.
911 21. 79.
912 21. 79.
913 21. 79.
914 21. 79.
915 21. 79.
916 21. 79.
917 21. 79.
918 21. 79.
919 21. 79.
920 21. 79.
921 21. 79.
922 21. 79.
923 22. 78.
924 22. 78.
925 22. 78.
926 22. 78.
927 22. 78.
928 22. 78.
929 23. 77.
930 23. 77.
931 23. 77.
932 23. 77.
933 23. 77.
934 22. 78.
935 22. 78.
936 23. 77.
937 23. 77.
938 23. 77.
939 23. 77.
940 23. 77.
941 23. 77.
942 22. 78.
943 22. 78.
944 22. 78.
945 22. 78.
946 22. 78.
947 22. 78.
948 22. 78.
949 22. 78.
950 22. 78.
951 22. 78.
952 22. 78.
953 22. 78.
954 22. 78.
955 22. 78.
956 22. 78.
957 22. 78.
958 21. 79.
959 21. 79.
960 21. 79.
961 21. 79.
962 21. 79.
963 20. 80.
964 21. 79.
965 21. 79.
966 21. 79.
967 22. 78.
968 22. 78.
969 22. 78.
970 22. 78.
971 22. 78.
972 22. 78.
973 23. 77.
974 23. 77.
975 23. 77.
976 23. 77.
977 23. 77.
978 24. 76.
979 24. 76.
980 25. 75.
981 25. 75.
982 25. 75.
983 25. 75.
984 25. 75.
985 25. 75.
986 25. 75.
987 25. 75.
988 24. 76.
989 24. 76.
990 24. 76.
991 24. 76.
992 24. 76.
993 24. 76.
994 23. 77.
995 23. 77.
996 23. 77.
997 23. 77.
998 23. 77.
999 23. 77.
1000 23. 77.
1001 22. 78.
1002 22. 78.
1003 21. 79.
1004 21. 79.
1005 22. 78.
1006 22. 78.
1007 22. 78.
1008 22. 78.
1009 22. 78.
1010 22. 78.
1011 22. 78.
1012 22. 78.
1013 22. 78.
1014 23. 77.
1015 23. 77.
1016 24. 76.
1017 24. 76.
1018 24. 76.
1019 24. 76.
1020 24. 76.
1021 24. 76.
1022 24. 76.
1023 24. 76.
1024 24. 76.
1025 24. 76.
1026 24. 76.
1027 24. 76.
1028 24. 76.
1029 23. 77.
1030 23. 77.
1031 23. 77.
1032 23. 77.
1033 24. 76.
1034 23. 77.
1035 23. 77.
1036 23. 77.
1037 23. 77.
1038 23. 77.
1039 23. 77.
1040 23. 77.
1041 23. 77.
1042 23. 77.
1043 23. 77.
1044 23. 77.
1045 23. 77.
1046 23. 77.
1047 23. 77.
1048 23. 77.
1049 23. 77.
1050 23. 77.
1051 23. 77.
1052 23. 77.
1053 23. 77.
1054 23. 77.
1055 23. 77.
1056 23. 77.
1057 23. 77.
1058 24. 76.
1059 24. 76.
1060 24. 76.
1061 24. 76.
1062 24. 76.
1063 24. 76.
1064 24. 76.
1065 24. 76.
1066 24. 76.
1067 24. 76.
1068 24. 76.
1069 25. 75.
1070 25. 75.
1071 24. 76.
1072 24. 76.
1073 24. 76.
1074 24. 76.
1075 24. 76.
1076 25. 75.
1077 25. 75.
1078 25. 75.
1079 25. 75.
1080 25. 75.
1081 24. 76.
1082 25. 75.
1083 25. 75.
1084 25. 75.
1085 26. 74.
1086 26. 74.
1087 26. 74.
1088 26. 74.
1089 26. 74.
1090 27. 73.
1091 27. 73.
1092 27. 73.
1093 27. 73.
1094 27. 73.
1095 26. 74.
1096 26. 74.
1097 26. 74.
1098 26. 74.
1099 26. 74.
1100 26. 74.
1101 26. 74.
1102 25. 75.
1103 26. 74.
1104 25. 75.
1105 25. 75.
1106 26. 74.
1107 26. 74.
1108 26. 74.
1109 26. 74.
1110 25. 75.
1111 25. 75.
1112 25. 75.
1113 24. 76.
1114 24. 76.
1115 24. 76.
1116 25. 75.
1117 25. 75.
1118 25. 75.
1119 25. 75.
1120 25. 75.
1121 25. 75.
1122 25. 75.
1123 25. 75.
1124 25. 75.
1125 25. 75.
1126 25. 75.
1127 24. 76.
1128 25. 75.
1129 25. 75.
1130 25. 75.
1131 25. 75.
1132 24. 76.
1133 24. 76.
1134 24. 76.
1135 24. 76.
1136 24. 76.
1137 24. 76.
1138 24. 76.
1139 25. 75.
1140 25. 75.
1141 25. 75.
1142 25. 75.
1143 24. 76.
1144 24. 76.
1145 24. 76.
1146 24. 76.
1147 24. 76.
1148 24. 76.
1149 24. 76.
1150 24. 76.
1151 24. 76.
1152 24. 76.
1153 24. 76.
1154 24. 76.
1155 24. 76.
1156 25. 75.
1157 25. 75.
1158 25. 75.
1159 25. 75.
1160 25. 75.
1161 25. 75.
1162 26. 74.
1163 26. 74.
1164 26. 74.
1165 26. 74.
1166 26. 74.
1167 26. 74.
1168 26. 74.
1169 27. 73.
1170 27. 73.
1171 27. 73.
1172 27. 73.
1173 28. 72.
1174 28. 72.
1175 29. 71.
1176 28. 72.
1177 27. 73.
1178 27. 73.
1179 28. 72.
1180 28. 72.
1181 28. 72.
1182 28. 72.
1183 28. 72.
1184 29. 71.
1185 29. 71.
1186 29. 71.
1187 29. 71.
1188 28. 72.
1189 28. 72.
1190 28. 72.
1191 27. 73.
1192 27. 73.
1193 27. 73.
1194 27. 73.
1195 27. 73.
1196 26. 74.
1197 26. 74.
1198 26. 74.
1199 26. 74.
1200 26. 74.
1201 26. 74.
1202 25. 75.
1203 26. 74.
1204 26. 74.
1205 26. 74.
1206 26. 74.
1207 26. 74.
1208 26. 74.
1209 26. 74.
1210 26. 74.
1211 26. 74.
1212 26. 74.
1213 25. 75.
1214 25. 75.
1215 25. 75.
1216 25. 75.
1217 25. 75.
1218 25. 75.
1219 25. 75.
1220 25. 75.
1221 25. 75.
1222 25. 75.
1223 25. 75.
1224 25. 75.
1225 25. 75.
1226 25. 75.
1227 25. 75.
1228 24. 76.
1229 25. 75.
1230 24. 76.
1231 24. 76.
1232 24. 76.
1233 24. 76.
1234 24. 76.
1235 23. 77.
1236 23. 77.
1237 23. 77.
1238 22. 78.
1239 22. 78.
1240 22. 78.
1241 22. 78.
1242 22. 78.
1243 22. 78.
1244 21. 79.
1245 21. 79.
1246 21. 79.
1247 21. 79.
1248 21. 79.
1249 20. 80.
1250 20. 80.
1251 20. 80.
1252 20. 80.
1253 20. 80.
1254 20. 80.
1255 19. 81.
1256 19. 81.
1257 19. 81.
1258 19. 81.
1259 19. 81.
1260 19. 81.
1261 19. 81.
1262 19. 81.
1263 19. 81.
1264 19. 81.
1265 19. 81.
1266 19. 81.
1267 19. 81.
1268 19. 81.
1269 19. 81.
1270 19. 81.
1271 19. 81.
1272 19. 81.
1273 19. 81.
1274 19. 81.
1275 19. 81.
1276 19. 81.
1277 19. 81.
1278 19. 81.
1279 19. 81.
1280 19. 81.
1281 19. 81.
1282 19. 81.
1283 19. 81.
1284 19. 81.
1285 19. 81.
1286 19. 81.
1287 19. 81.
1288 19. 81.
1289 19. 81.
1290 19. 81.
1291 19. 81.
1292 20. 80.
1293 20. 80.
1294 20. 80.
1295 20. 80.
1296 20. 80.
1297 21. 79.
1298 21. 79.
1299 21. 79.
1300 21. 79.
1301 21. 79.
1302 21. 79.
1303 21. 79.
1304 21. 79.
1305 21. 79.
1306 21. 79.
1307 21. 79.
1308 21. 79.
1309 21. 79.
1310 21. 79.
1311 20. 80.
1312 19. 81.
1313 18. 82.
1314 18. 82.
1315 18. 82.
1316 18. 82.
1317 18. 82.
1318 18. 82.
1319 18. 82.
1320 18. 82.
1321 19. 81.
1322 19. 81.
1323 20. 80.
1324 20. 80.
1325 21. 79.
1326 21. 79.
1327 21. 79.
1328 21. 79.
1329 22. 78.
1330 22. 78.
1331 22. 78.
1332 21. 79.
1333 20. 80.
1334 20. 80.
1335 19. 81.
1336 19. 81.
1337 19. 81.
1338 19. 81.
1339 19. 81.
1340 18. 82.
1341 18. 82.
1342 18. 82.
1343 19. 81.
1344 19. 81.
1345 19. 81.
1346 18. 82.
1347 18. 82.
1348 18. 82.
1349 18. 82.
1350 18. 82.
1351 19. 81.
1352 20. 80.
1353 20. 80.
1354 20. 80.
1355 20. 80.
1356 20. 80.
1357 20. 80.
1358 20. 80.
1359 20. 80.
1360 20. 80.
1361 20. 80.
1362 20. 80.
1363 20. 80.
1364 20. 80.
1365 19. 81.
1366 19. 81.
1367 20. 80.
1368 20. 80.
1369 20. 80.
1370 20. 80.
1371 20. 80.
1372 20. 80.
1373 20. 80.
1374 20. 80.
1375 20. 80.
1376 20. 80.
1377 20. 80.
1378 20. 80.
1379 20. 80.
1380 21. 79.
1381 21. 79.
1382 20. 80.
1383 20. 80.
1384 20. 80.
1385 20. 80.
1386 20. 80.
1387 20. 80.
1388 20. 80.
1389 20. 80.
1390 20. 80.
1391 20. 80.
1392 20. 80.
1393 20. 80.
1394 20. 80.
1395 20. 80.
1396 20. 80.
1397 20. 80.
1398 20. 80.
1399 20. 80.
1400 20. 80.
1401 20. 80.
1402 20. 80.
1403 20. 80.
1404 20. 80.
1405 20. 80.
1406 20. 80.
1407 20. 80.
1408 20. 80.
1409 20. 80.
1410 20. 80.
1411 20. 80.
1412 20. 80.
1413 19. 81.
1414 19. 81.
1415 19. 81.
1416 19. 81.
1417 19. 81.
1418 19. 81.
1419 19. 81.
1420 19. 81.
1421 19. 81.
1422 19. 81.
1423 19. 81.
1424 19. 81.
1425 19. 81.
1426 19. 81.
1427 19. 81.
1428 19. 81.
1429 19. 81.
1430 19. 81.
1431 19. 81.
1432 19. 81.
1433 19. 81.
1434 18. 82.
1435 18. 82.
1436 18. 82.
1437 18. 82.
1438 18. 82.
1439 18. 82.
1440 18. 82.
1441 18. 82.
1442 18. 82.
1443 17. 83.
1444 17. 83.
1445 17. 83.
1446 17. 83.
1447 17. 83.
1448 18. 82.
1449 18. 82.
1450 18. 82.
1451 18. 82.
1452 18. 82.
1453 18. 82.
1454 18. 82.
1455 18. 82.
1456 19. 81.
1457 19. 81.
1458 19. 81.
1459 19. 81.
1460 19. 81.
1461 19. 81.
1462 19. 81.
1463 19. 81.
1464 19. 81.
1465 19. 81.
1466 19. 81.
1467 19. 81.
1468 19. 81.
1469 19. 81.
1470 19. 81.
1471 19. 81.
1472 19. 81.
1473 19. 81.
1474 19. 81.
1475 19. 81.
1476 18. 82.
1477 19. 81.
1478 20. 80.
1479 20. 80.
1480 20. 80.
1481 20. 80.
1482 20. 80.
1483 20. 80.
1484 20. 80.
1485 20. 80.
1486 20. 80.
1487 20. 80.
1488 20. 80.
1489 21. 79.
1490 21. 79.
1491 21. 79.
1492 20. 80.
1493 20. 80.
1494 20. 80.
1495 20. 80.
1496 20. 80.
1497 19. 81.
1498 18. 82.
1499 18. 82.
1500 18. 82.
1501 18. 82.
1502 18. 82.
1503 18. 82.
1504 17. 83.
1505 18. 82.
1506 18. 82.
1507 18. 82.
1508 18. 82.
1509 18. 82.
1510 19. 81.
1511 19. 81.
1512 19. 81.
1513 19. 81.
1514 19. 81.
1515 18. 82.
1516 18. 82.
1517 18. 82.
1518 18. 82.
1519 19. 81.
1520 19. 81.
1521 19. 81.
1522 19. 81.
1523 18. 82.
1524 18. 82.
1525 18. 82.
1526 18. 82.
1527 18. 82.
1528 19. 81.
1529 19. 81.
1530 19. 81.
1531 20. 80.
1532 20. 80.
1533 20. 80.
1534 21. 79.
1535 20. 80.
1536 20. 80.
1537 20. 80.
1538 20. 80.
1539 20. 80.
1540 20. 80.
1541 20. 80.
1542 20. 80.
1543 20. 80.
1544 20. 80.
1545 20. 80.
1546 20. 80.
1547 20. 80.
1548 20. 80.
1549 20. 80.
1550 20. 80.
1551 20. 80.
1552 20. 80.
1553 20. 80.
1554 20. 80.
1555 20. 80.
1556 20. 80.
1557 20. 80.
1558 20. 80.
1559 20. 80.
1560 20. 80.
1561 20. 80.
1562 20. 80.
1563 20. 80.
1564 20. 80.
1565 20. 80.
1566 20. 80.
1567 20. 80.
1568 20. 80.
1569 20. 80.
1570 20. 80.
1571 20. 80.
1572 20. 80.
1573 20. 80.
1574 21. 79.
1575 21. 79.
1576 21. 79.
1577 21. 79.
1578 21. 79.
1579 21. 79.
1580 20. 80.
1581 20. 80.
1582 20. 80.
1583 19. 81.
1584 19. 81.
1585 19. 81.
1586 19. 81.
1587 19. 81.
1588 19. 81.
1589 19. 81.
1590 19. 81.
1591 19. 81.
1592 20. 80.
1593 21. 79.
1594 21. 79.
1595 21. 79.
1596 21. 79.
1597 21. 79.
1598 21. 79.
1599 21. 79.
1600 21. 79.
1601 21. 79.
1602 21. 79.
1603 20. 80.
1604 20. 80.
1605 20. 80.
1606 20. 80.
1607 20. 80.
1608 20. 80.
1609 20. 80.
1610 21. 79.
1611 20. 80.
1612 20. 80.
1613 20. 80.
1614 20. 80.
1615 20. 80.
1616 20. 80.
1617 20. 80.
1618 20. 80.
1619 20. 80.
1620 21. 79.
1621 21. 79.
1622 21. 79.
1623 21. 79.
1624 21. 79.
1625 21. 79.
1626 21. 79.
1627 21. 79.
1628 21. 79.
1629 21. 79.
1630 21. 79.
1631 21. 79.
1632 21. 79.
1633 21. 79.
1634 21. 79.
1635 21. 79.
1636 21. 79.
1637 21. 79.
1638 21. 79.
1639 21. 79.
1640 21. 79.
1641 21. 79.
1642 21. 79.
1643 21. 79.
1644 21. 79.
1645 21. 79.
1646 21. 79.
1647 21. 79.
1648 21. 79.
1649 21. 79.
1650 22. 78.
1651 22. 78.
1652 22. 78.
1653 22. 78.
1654 23. 77.
1655 24. 76.
1656 24. 76.
1657 24. 76.
1658 24. 76.
1659 25. 75.
1660 26. 74.
1661 26. 74.
1662 26. 74.
1663 26. 74.
1664 26. 74.
1665 26. 74.
1666 26. 74.
1667 26. 74.
1668 26. 74.
1669 26. 74.
1670 26. 74.
1671 26. 74.
1672 26. 74.
1673 26. 74.
1674 26. 74.
1675 25. 75.
1676 25. 75.
1677 25. 75.
1678 25. 75.
1679 25. 75.
1680 25. 75.
1681 25. 75.
1682 25. 75.
1683 24. 76.
1684 24. 76.
1685 24. 76.
1686 25. 75.
1687 25. 75.
1688 25. 75.
1689 25. 75.
1690 25. 75.
1691 25. 75.
1692 25. 75.
1693 25. 75.
1694 26. 74.
1695 26. 74.
1696 26. 74.
1697 27. 73.
1698 27. 73.
1699 27. 73.
1700 27. 73.
1701 27. 73.
1702 27. 73.
1703 27. 73.
1704 27. 73.
1705 27. 73.
1706 27. 73.
1707 27. 73.
1708 27. 73.
1709 26. 74.
1710 26. 74.
1711 26. 74.
1712 26. 74.
1713 27. 73.
1714 27. 73.
1715 27. 73.
1716 27. 73.
1717 27. 73.
1718 26. 74.
1719 26. 74.
1720 26. 74.
1721 26. 74.
1722 26. 74.
1723 26. 74.
1724 26. 74.
1725 26. 74.
1726 26. 74.
1727 26. 74.
1728 26. 74.
1729 26. 74.
1730 26. 74.
1731 26. 74.
1732 26. 74.
1733 26. 74.
1734 26. 74.
1735 26. 74.
1736 26. 74.
1737 26. 74.
1738 26. 74.
1739 26. 74.
1740 26. 74.
1741 26. 74.
1742 26. 74.
1743 26. 74.
1744 26. 74.
1745 27. 73.
1746 27. 73.
1747 27. 73.
1748 26. 74.
1749 26. 74.
1750 25. 75.
1751 25. 75.
1752 25. 75.
1753 25. 75.
1754 25. 75.
1755 25. 75.
1756 25. 75.
1757 25. 75.
1758 25. 75.
1759 26. 74.
1760 26. 74.
1761 27. 73.
1762 27. 73.
1763 27. 73.
1764 27. 73.
1765 27. 73.
1766 27. 73.
1767 27. 73.
1768 27. 73.
1769 28. 72.
1770 28. 72.
1771 28. 72.
1772 28. 72.
1773 28. 72.
1774 28. 72.
1775 28. 72.
1776 29. 71.
1777 29. 71.
1778 29. 71.
1779 29. 71.
1780 29. 71.
1781 29. 71.
1782 29. 71.
1783 29. 71.
1784 29. 71.
1785 29. 71.
1786 29. 71.
1787 29. 71.
1788 29. 71.
1789 29. 71.
1790 29. 71.
1791 29. 71.
1792 28. 72.
1793 28. 72.
1794 28. 72.
1795 28. 72.
1796 28. 72.
1797 27. 73.
1798 27. 73.
1799 27. 73.
1800 27. 73.
1801 28. 72.
1802 28. 72.
1803 29. 71.
1804 29. 71.
1805 29. 71.
1806 29. 71.
1807 29. 71.
1808 29. 71.
1809 29. 71.
1810 29. 71.
1811 29. 71.
1812 30. 70.
1813 30. 70.
1814 30. 70.
1815 30. 70.
1816 30. 70.
1817 30. 70.
1818 31. 69.
1819 31. 69.
1820 31. 69.
1821 31. 69.
1822 31. 69.
1823 31. 69.
1824 31. 69.
1825 31. 69.
1826 31. 69.
1827 31. 69.
1828 31. 69.
1829 31. 69.
1830 31. 69.
1831 30. 70.
1832 30. 70.
1833 30. 70.
1834 30. 70.
1835 30. 70.
1836 30. 70.
1837 30. 70.
1838 30. 70.
1839 30. 70.
1840 30. 70.
1841 30. 70.
1842 30. 70.
1843 30. 70.
1844 30. 70.
1845 30. 70.
1846 30. 70.
1847 31. 69.
1848 31. 69.
1849 31. 69.
1850 31. 69.
1851 31. 69.
1852 31. 69.
1853 31. 69.
1854 32. 68.
1855 32. 68.
1856 32. 68.
1857 32. 68.
1858 32. 68.
1859 32. 68.
1860 32. 68.
1861 32. 68.
1862 32. 68.
1863 32. 68.
1864 32. 68.
1865 32. 68.
1866 32. 68.
1867 32. 68.
1868 32. 68.
1869 32. 68.
1870 32. 68.
1871 32. 68.
1872 32. 68.
1873 33. 67.
1874 33. 67.
1875 33. 67.
1876 33. 67.
1877 33. 67.
1878 33. 67.
1879 32. 68.
1880 32. 68.
1881 32. 68.
1882 32. 68.
1883 33. 67.
1884 33. 67.
1885 33. 67.
1886 32. 68.
1887 32. 68.
1888 32. 68.
1889 32. 68.
1890 32. 68.
1891 32. 68.
1892 32. 68.
1893 32. 68.
1894 32. 68.
1895 32. 68.
1896 33. 67.
1897 33. 67.
1898 33. 67.
1899 33. 67.
1900 33. 67.
1901 33. 67.
1902 32. 68.
1903 33. 67.
1904 33. 67.
1905 32. 68.
1906 32. 68.
1907 32. 68.
1908 32. 68.
1909 32. 68.
1910 31. 69.
1911 31. 69.
1912 31. 69.
1913 31. 69.
1914 31. 69.
1915 31. 69.
1916 31. 69.
1917 31. 69.
1918 31. 69.
1919 31. 69.
1920 31. 69.
1921 30. 70.
1922 30. 70.
1923 30. 70.
1924 30. 70.
1925 30. 70.
1926 30. 70.
1927 31. 69.
1928 31. 69.
1929 31. 69.
1930 31. 69.
1931 31. 69.
1932 31. 69.
1933 30. 70.
1934 30. 70.
1935 30. 70.
1936 30. 70.
1937 30. 70.
1938 31. 69.
1939 30. 70.
1940 30. 70.
1941 30. 70.
1942 29. 71.
1943 28. 72.
1944 29. 71.
1945 29. 71.
1946 29. 71.
1947 29. 71.
1948 29. 71.
1949 29. 71.
1950 30. 70.
1951 30. 70.
1952 30. 70.
1953 31. 69.
1954 31. 69.
1955 31. 69.
1956 31. 69.
1957 31. 69.
1958 32. 68.
1959 32. 68.
1960 32. 68.
1961 32. 68.
1962 32. 68.
1963 33. 67.
1964 33. 67.
1965 34. 66.
1966 34. 66.
1967 34. 66.
1968 34. 66.
1969 34. 66.
1970 34. 66.
1971 34. 66.
1972 33. 67.
1973 33. 67.
1974 33. 67.
1975 33. 67.
1976 33. 67.
1977 33. 67.
1978 33. 67.
1979 33. 67.
1980 33. 67.
1981 33. 67.
1982 33. 67.
1983 33. 67.
1984 33. 67.
1985 33. 67.
1986 32. 68.
1987 32. 68.
1988 32. 68.
1989 32. 68.
1990 32. 68.
1991 32. 68.
1992 32. 68.
1993 32. 68.
1994 32. 68.
1995 31. 69.
1996 31. 69.
1997 30. 70.
1998 30. 70.
1999 29. 71.
2000 30. 70.
2001 30. 70.
2002 30. 70.
2003 30. 70.
2004 30. 70.
2005 30. 70.
2006 30. 70.
2007 30. 70.
2008 30. 70.
2009 30. 70.
2010 30. 70.
2011 30. 70.
2012 30. 70.
2013 30. 70.
2014 30. 70.
2015 30. 70.
2016 30. 70.
2017 30. 70.
2018 30. 70.
2019 30. 70.
2020 30. 70.
2021 30. 70.
2022 30. 70.
2023 30. 70.
2024 30. 70.
2025 29. 71.
2026 29. 71.
2027 29. 71.
2028 29. 71.
2029 29. 71.
2030 29. 71.
2031 29. 71.
2032 29. 71.
2033 29. 71.
2034 28. 72.
2035 29. 71.
2036 29. 71.
2037 28. 72.
2038 29. 71.
2039 29. 71.
2040 30. 70.
2041 30. 70.
2042 30. 70.
2043 30. 70.
2044 30. 70.
2045 30. 70.
2046 30. 70.
2047 30. 70.
2048 29. 71.
2049 30. 70.
2050 30. 70.
2051 30. 70.
2052 30. 70.
2053 30. 70.
2054 30. 70.
2055 30. 70.
2056 30. 70.
2057 30. 70.
2058 30. 70.
2059 30. 70.
2060 31. 69.
2061 31. 69.
2062 31. 69.
2063 30. 70.
2064 30. 70.
2065 30. 70.
2066 30. 70.
2067 30. 70.
2068 30. 70.
2069 29. 71.
2070 28. 72.
2071 28. 72.
2072 28. 72.
2073 28. 72.
2074 28. 72.
2075 28. 72.
2076 29. 71.
2077 28. 72.
2078 28. 72.
2079 28. 72.
2080 28. 72.
2081 28. 72.
2082 28. 72.
2083 28. 72.
2084 28. 72.
2085 27. 73.
2086 27. 73.
2087 27. 73.
2088 27. 73.
2089 27. 73.
2090 27. 73.
2091 27. 73.
2092 28. 72.
2093 29. 71.
2094 29. 71.
2095 29. 71.
2096 28. 72.
2097 28. 72.
2098 28. 72.
2099 28. 72.
2100 29. 71.
2101 29. 71.
2102 29. 71.
2103 29. 71.
2104 29. 71.
2105 28. 72.
2106 28. 72.
2107 28. 72.
2108 29. 71.
2109 29. 71.
2110 29. 71.
2111 29. 71.
2112 29. 71.
2113 29. 71.
2114 29. 71.
2115 29. 71.
2116 29. 71.
2117 30. 70.
2118 31. 69.
2119 31. 69.
2120 31. 69.
2121 31. 69.
2122 31. 69.
2123 32. 68.
2124 33. 67.
2125 33. 67.
2126 33. 67.
2127 33. 67.
2128 32. 68.
2129 32. 68.
2130 31. 69.
2131 31. 69.
2132 31. 69.
2133 31. 69.
2134 31. 69.
2135 31. 69.
2136 31. 69.
2137 31. 69.
2138 31. 69.
2139 32. 68.
2140 32. 68.
2141 32. 68.
2142 31. 69.
2143 31. 69.
2144 31. 69.
2145 31. 69.
2146 31. 69.
2147 31. 69.
2148 31. 69.
2149 31. 69.
2150 31. 69.
2151 31. 69.
2152 31. 69.
2153 31. 69.
2154 31. 69.
2155 31. 69.
2156 31. 69.
2157 30. 70.
2158 30. 70.
2159 30. 70.
2160 30. 70.
2161 30. 70.
2162 30. 70.
2163 29. 71.
2164 29. 71.
2165 29. 71.
2166 29. 71.
2167 28. 72.
2168 28. 72.
2169 27. 73.
2170 27. 73.
2171 27. 73.
2172 27. 73.
2173 27. 73.
2174 27. 73.
2175 27. 73.
2176 26. 74.
2177 26. 74.
2178 26. 74.
2179 26. 74.
2180 26. 74.
2181 26. 74.
2182 26. 74.
2183 26. 74.
2184 26. 74.
2185 26. 74.
2186 26. 74.
2187 26. 74.
2188 25. 75.
2189 25. 75.
2190 26. 74.
2191 26. 74.
2192 26. 74.
2193 26. 74.
2194 27. 73.
2195 26. 74.
2196 27. 73.
2197 27. 73.
2198 27. 73.
2199 27. 73.
2200 27. 73.
2201 26. 74.
2202 25. 75.
2203 25. 75.
2204 25. 75.
2205 26. 74.
2206 26. 74.
2207 25. 75.
2208 25. 75.
2209 25. 75.
2210 25. 75.
2211 25. 75.
2212 24. 76.
2213 24. 76.
2214 24. 76.
2215 24. 76.
2216 24. 76.
2217 23. 77.
2218 23. 77.
2219 23. 77.
2220 23. 77.
2221 24. 76.
2222 24. 76.
2223 24. 76.
2224 24. 76.
2225 24. 76.
2226 24. 76.
2227 24. 76.
2228 25. 75.
2229 24. 76.
2230 24. 76.
2231 24. 76.
2232 24. 76.
2233 24. 76.
2234 24. 76.
2235 24. 76.
2236 24. 76.
2237 24. 76.
2238 25. 75.
2239 25. 75.
2240 25. 75.
2241 25. 75.
2242 24. 76.
2243 24. 76.
2244 24. 76.
2245 24. 76.
2246 24. 76.
2247 24. 76.
2248 24. 76.
2249 24. 76.
2250 24. 76.
2251 24. 76.
2252 23. 77.
2253 23. 77.
2254 23. 77.
2255 22. 78.
2256 22. 78.
2257 22. 78.
2258 22. 78.
2259 22. 78.
2260 23. 77.
2261 22. 78.
2262 23. 77.
2263 23. 77.
2264 24. 76.
2265 23. 77.
2266 22. 78.
2267 22. 78.
2268 22. 78.
2269 22. 78.
2270 22. 78.
2271 22. 78.
2272 22. 78.
2273 22. 78.
2274 22. 78.
2275 22. 78.
2276 22. 78.
2277 22. 78.
2278 21. 79.
2279 21. 79.
2280 21. 79.
2281 21. 79.
2282 21. 79.
2283 20. 80.
2284 20. 80.
2285 20. 80.
2286 20. 80.
2287 20. 80.
2288 20. 80.
2289 20. 80.
2290 20. 80.
2291 20. 80.
2292 21. 79.
2293 21. 79.
2294 21. 79.
2295 21. 79.
2296 21. 79.
2297 21. 79.
2298 21. 79.
2299 21. 79.
2300 21. 79.
2301 21. 79.
2302 21. 79.
2303 21. 79.
2304 21. 79.
2305 21. 79.
2306 21. 79.
2307 21. 79.
2308 21. 79.
2309 20. 80.
2310 20. 80.
2311 20. 80.
2312 21. 79.
2313 21. 79.
2314 21. 79.
2315 21. 79.
2316 21. 79.
2317 21. 79.
2318 21. 79.
2319 21. 79.
2320 21. 79.
2321 21. 79.
2322 21. 79.
2323 21. 79.
2324 21. 79.
2325 21. 79.
2326 21. 79.
2327 21. 79.
2328 21. 79.
2329 21. 79.
2330 21. 79.
2331 21. 79.
2332 21. 79.
2333 22. 78.
2334 22. 78.
2335 22. 78.
2336 22. 78.
2337 21. 79.
2338 20. 80.
2339 20. 80.
2340 20. 80.
2341 20. 80.
2342 20. 80.
2343 20. 80.
2344 20. 80.
2345 20. 80.
2346 20. 80.
2347 20. 80.
2348 20. 80.
2349 21. 79.
2350 21. 79.
2351 21. 79.
2352 21. 79.
2353 21. 79.
2354 21. 79.
2355 21. 79.
2356 21. 79.
2357 22. 78.
2358 21. 79.
2359 21. 79.
2360 21. 79.
2361 21. 79.
2362 21. 79.
2363 21. 79.
2364 21. 79.
2365 21. 79.
2366 21. 79.
2367 22. 78.
2368 22. 78.
2369 22. 78.
2370 22. 78.
2371 22. 78.
2372 22. 78.
2373 22. 78.
2374 21. 79.
2375 21. 79.
2376 21. 79.
2377 21. 79.
2378 21. 79.
2379 21. 79.
2380 21. 79.
2381 21. 79.
2382 21. 79.
2383 21. 79.
2384 21. 79.
2385 21. 79.
2386 21. 79.
2387 21. 79.
2388 20. 80.
2389 20. 80.
2390 20. 80.
2391 20. 80.
2392 20. 80.
2393 20. 80.
2394 20. 80.
2395 20. 80.
2396 20. 80.
2397 20. 80.
2398 20. 80.
2399 20. 80.
2400 20. 80.
2401 20. 80.
2402 20. 80.
2403 20. 80.
2404 20. 80.
2405 20. 80.
2406 20. 80.
2407 20. 80.
2408 20. 80.
2409 19. 81.
2410 19. 81.
2411 19. 81.
2412 19. 81.
2413 19. 81.
2414 19. 81.
2415 19. 81.
2416 18. 82.
2417 18. 82.
2418 18. 82.
2419 18. 82.
2420 18. 82.
2421 18. 82.
2422 18. 82.
2423 18. 82.
2424 19. 81.
2425 20. 80.
2426 20. 80.
2427 20. 80.
2428 19. 81.
2429 19. 81.
2430 19. 81.
2431 19. 81.
2432 19. 81.
2433 19. 81.
2434 19. 81.
2435 19. 81.
2436 19. 81.
2437 19. 81.
2438 19. 81.
2439 19. 81.
2440 19. 81.
2441 19. 81.
2442 19. 81.
2443 19. 81.
2444 19. 81.
2445 19. 81.
2446 19. 81.
2447 19. 81.
2448 19. 81.
2449 19. 81.
2450 19. 81.
2451 19. 81.
2452 19. 81.
2453 18. 82.
2454 18. 82.
2455 18. 82.
2456 18. 82.
2457 18. 82.
2458 18. 82.
2459 18. 82.
2460 18. 82.
2461 18. 82.
2462 18. 82.
2463 18. 82.
2464 18. 82.
2465 19. 81.
2466 20. 80.
2467 20. 80.
2468 20. 80.
2469 20. 80.
2470 20. 80.
2471 20. 80.
2472 20. 80.
2473 20. 80.
2474 20. 80.
2475 20. 80.
2476 20. 80.
2477 19. 81.
2478 19. 81.
2479 19. 81.
2480 19. 81.
2481 19. 81.
2482 20. 80.
2483 20. 80.
2484 20. 80.
2485 20. 80.
2486 20. 80.
2487 20. 80.
2488 20. 80.
2489 20. 80.
2490 20. 80.
2491 20. 80.
2492 20. 80.
2493 20. 80.
2494 20. 80.
2495 20. 80.
2496 20. 80.
2497 20. 80.
2498 20. 80.
2499 20. 80.
2500 19. 81.
2501 19. 81.
2502 19. 81.
2503 19. 81.
2504 19. 81.
2505 19. 81.
2506 19. 81.
2507 19. 81.
2508 20. 80.
2509 20. 80.
2510 20. 80.
2511 20. 80.
2512 20. 80.
2513 20. 80.
2514 20. 80.
2515 20. 80.
2516 20. 80.
2517 20. 80.
2518 20. 80.
2519 20. 80.
2520 20. 80.
2521 20. 80.
2522 20. 80.
2523 20. 80.
2524 20. 80.
2525 20. 80.
2526 20. 80.
2527 20. 80.
2528 20. 80.
2529 20. 80.
2530 19. 81.
2531 19. 81.
2532 19. 81.
2533 19. 81.
2534 19. 81.
2535 19. 81.
2536 19. 81.
2537 19. 81.
2538 19. 81.
2539 19. 81.
2540 18. 82.
2541 18. 82.
2542 19. 81.
2543 19. 81.
2544 19. 81.
2545 19. 81.
2546 19. 81.
2547 19. 81.
2548 19. 81.
2549 19. 81.
2550 19. 81.
2551 19. 81.
2552 19. 81.
2553 19. 81.
2554 19. 81.
2555 19. 81.
2556 19. 81.
2557 19. 81.
2558 19. 81.
2559 20. 80.
2560 20. 80.
2561 20. 80.
2562 20. 80.
2563 20. 80.
2564 20. 80.
2565 20. 80.
2566 20. 80.
2567 20. 80.
2568 20. 80.
2569 21. 79.
2570 21. 79.
2571 21. 79.
2572 21. 79.
2573 21. 79.
2574 21. 79.
2575 21. 79.
2576 20. 80.
2577 21. 79.
2578 21. 79.
2579 21. 79.
2580 21. 79.
2581 21. 79.
2582 21. 79.
2583 21. 79.
2584 20. 80.
2585 21. 79.
2586 21. 79.
2587 21. 79.
2588 21. 79.
2589 21. 79.
2590 21. 79.
2591 21. 79.
2592 21. 79.
2593 21. 79.
2594 21. 79.
2595 21. 79.
2596 21. 79.
2597 21. 79.
2598 21. 79.
2599 21. 79.
2600 21. 79.
2601 21. 79.
2602 21. 79.
2603 21. 79.
2604 21. 79.
2605 21. 79.
2606 21. 79.
2607 22. 78.
2608 23. 77.
2609 23. 77.
2610 23. 77.
2611 23. 77.
2612 23. 77.
2613 23. 77.
2614 23. 77.
2615 23. 77.
2616 23. 77.
2617 23. 77.
2618 23. 77.
2619 23. 77.
2620 23. 77.
2621 23. 77.
2622 24. 76.
2623 24. 76.
2624 24. 76.
2625 24. 76.
2626 25. 75.
2627 25. 75.
2628 25. 75.
2629 25. 75.
2630 25. 75.
2631 24. 76.
2632 24. 76.
2633 24. 76.
2634 24. 76.
2635 24. 76.
2636 25. 75.
2637 26. 74.
2638 26. 74.
2639 26. 74.
2640 26. 74.
2641 26. 74.
2642 26. 74.
2643 26. 74.
2644 25. 75.
2645 26. 74.
2646 25. 75.
2647 25. 75.
2648 25. 75.
2649 25. 75.
2650 24. 76.
2651 24. 76.
2652 24. 76.
2653 24. 76.
2654 24. 76.
2655 24. 76.
2656 24. 76.
2657 24. 76.
2658 24. 76.
2659 23. 77.
2660 23. 77.
2661 23. 77.
2662 23. 77.
2663 23. 77.
2664 23. 77.
2665 23. 77.
2666 23. 77.
2667 23. 77.
2668 23. 77.
2669 23. 77.
2670 24. 76.
2671 24. 76.
2672 24. 76.
2673 24. 76.
2674 24. 76.
2675 24. 76.
2676 24. 76.
2677 24. 76.
2678 25. 75.
2679 25. 75.
2680 25. 75.
2681 26. 74.
2682 26. 74.
2683 26. 74.
2684 27. 73.
2685 28. 72.
2686 28. 72.
2687 28. 72.
2688 28. 72.
2689 28. 72.
2690 28. 72.
2691 28. 72.
2692 28. 72.
2693 28. 72.
2694 29. 71.
2695 29. 71.
2696 29. 71.
2697 29. 71.
2698 29. 71.
2699 29. 71.
2700 30. 70.
2701 30. 70.
2702 30. 70.
2703 30. 70.
2704 30. 70.
2705 30. 70.
2706 30. 70.
2707 30. 70.
2708 30. 70.
2709 31. 69.
2710 31. 69.
2711 31. 69.
2712 31. 69.
2713 31. 69.
2714 31. 69.
2715 31. 69.
2716 31. 69.
2717 31. 69.
2718 31. 69.
2719 31. 69.
2720 31. 69.
2721 31. 69.
2722 30. 70.
2723 30. 70.
2724 30. 70.
2725 30. 70.
2726 30. 70.
2727 30. 70.
2728 30. 70.
2729 30. 70.
2730 29. 71.
2731 29. 71.
2732 29. 71.
2733 29. 71.
2734 29. 71.
2735 29. 71.
2736 28. 72.
2737 28. 72.
2738 27. 73.
2739 28. 72.
2740 27. 73.
2741 27. 73.
2742 27. 73.
2743 27. 73.
2744 27. 73.
2745 26. 74.
2746 26. 74.
2747 26. 74.
2748 26. 74.
2749 25. 75.
2750 25. 75.
2751 26. 74.
2752 25. 75.
2753 24. 76.
2754 24. 76.
2755 25. 75.
2756 25. 75.
2757 25. 75.
2758 25. 75.
2759 25. 75.
2760 25. 75.
2761 25. 75.
2762 25. 75.
2763 25. 75.
2764 25. 75.
2765 25. 75.
2766 25. 75.
2767 25. 75.
2768 25. 75.
2769 25. 75.
2770 25. 75.
2771 25. 75.
2772 25. 75.
2773 25. 75.
2774 25. 75.
2775 25. 75.
2776 25. 75.
2777 25. 75.
2778 25. 75.
2779 25. 75.
2780 26. 74.
2781 25. 75.
2782 24. 76.
2783 24. 76.
2784 24. 76.
2785 24. 76.
2786 24. 76.
2787 24. 76.
2788 24. 76.
2789 24. 76.
2790 24. 76.
2791 24. 76.
2792 24. 76.
2793 24. 76.
2794 25. 75.
2795 25. 75.
2796 24. 76.
2797 24. 76.
2798 24. 76.
2799 24. 76.
2800 24. 76.
2801 24. 76.
2802 24. 76.
2803 23. 77.
2804 22. 78.
2805 22. 78.
2806 22. 78.
2807 22. 78.
2808 22. 78.
2809 22. 78.
2810 21. 79.
2811 21. 79.
2812 22. 78.
2813 22. 78.
2814 23. 77.
2815 23. 77.
2816 23. 77.
2817 24. 76.
2818 24. 76.
2819 24. 76.
2820 24. 76.
2821 25. 75.
2822 24. 76.
2823 24. 76.
2824 24. 76.
2825 25. 75.
2826 24. 76.
2827 24. 76.
2828 24. 76.
2829 24. 76.
2830 24. 76.
2831 24. 76.
2832 24. 76.
2833 24. 76.
2834 24. 76.
2835 24. 76.
2836 24. 76.
2837 24. 76.
2838 23. 77.
2839 23. 77.
2840 23. 77.
2841 23. 77.
2842 22. 78.
2843 22. 78.
2844 22. 78.
2845 22. 78.
2846 22. 78.
2847 22. 78.
2848 22. 78.
2849 22. 78.
2850 22. 78.
2851 22. 78.
2852 23. 77.
2853 22. 78.
2854 22. 78.
2855 22. 78.
2856 22. 78.
2857 22. 78.
2858 22. 78.
2859 22. 78.
2860 22. 78.
2861 22. 78.
2862 22. 78.
2863 22. 78.
2864 22. 78.
2865 22. 78.
2866 21. 79.
2867 21. 79.
2868 21. 79.
2869 21. 79.
2870 21. 79.
2871 21. 79.
2872 21. 79.
2873 21. 79.
2874 21. 79.
2875 21. 79.
2876 21. 79.
2877 21. 79.
2878 21. 79.
2879 21. 79.
2880 21. 79.
2881 21. 79.
2882 21. 79.
2883 21. 79.
2884 21. 79.
2885 21. 79.
2886 21. 79.
2887 21. 79.
2888 21. 79.
2889 21. 79.
2890 21. 79.
2891 21. 79.
2892 21. 79.
2893 21. 79.
2894 21. 79.
2895 21. 79.
2896 21. 79.
2897 21. 79.
2898 22. 78.
2899 22. 78.
2900 22. 78.
2901 22. 78.
2902 22. 78.
2903 22. 78.
2904 22. 78.
2905 22. 78.
2906 22. 78.
2907 22. 78.
2908 22. 78.
2909 22. 78.
2910 22. 78.
2911 22. 78.
2912 22. 78.
2913 23. 77.
2914 23. 77.
2915 23. 77.
2916 23. 77.
2917 23. 77.
2918 23. 77.
2919 23. 77.
2920 23. 77.
2921 23. 77.
2922 23. 77.
2923 23. 77.
2924 23. 77.
2925 23. 77.
2926 23. 77.
2927 23. 77.
2928 23. 77.
2929 23. 77.
2930 23. 77.
2931 23. 77.
2932 22. 78.
2933 22. 78.
2934 22. 78.
2935 22. 78.
2936 22. 78.
2937 22. 78.
2938 22. 78.
2939 22. 78.
2940 22. 78.
2941 23. 77.
2942 23. 77.
2943 23. 77.
2944 23. 77.
2945 23. 77.
2946 23. 77.
2947 23. 77.
2948 23. 77.
2949 23. 77.
2950 23. 77.
2951 23. 77.
2952 23. 77.
2953 23. 77.
2954 23. 77.
2955 22. 78.
2956 22. 78.
2957 22. 78.
2958 22. 78.
2959 22. 78.
2960 22. 78.
2961 22. 78.
2962 22. 78.
2963 22. 78.
2964 22. 78.
2965 22. 78.
2966 23. 77.
2967 23. 77.
2968 23. 77.
2969 22. 78.
2970 22. 78.
2971 22. 78.
2972 22. 78.
2973 22. 78.
2974 22. 78.
2975 22. 78.
2976 22. 78.
2977 22. 78.
2978 22. 78.
2979 22. 78.
2980 22. 78.
2981 22. 78.
2982 22. 78.
2983 22. 78.
2984 22. 78.
2985 22. 78.
2986 23. 77.
2987 23. 77.
2988 23. 77.
2989 23. 77.
2990 23. 77.
2991 23. 77.
2992 23. 77.
2993 23. 77.
2994 23. 77.
2995 23. 77.
2996 23. 77.
2997 23. 77.
2998 23. 77.
2999 22. 78.
3000 22. 78.
3001 21. 79.
3002 21. 79.
3003 21. 79.
3004 21. 79.
3005 21. 79.
3006 21. 79.
3007 21. 79.
3008 21. 79.
3009 21. 79.
3010 21. 79.
3011 21. 79.
3012 21. 79.
3013 21. 79.
3014 21. 79.
3015 21. 79.
3016 21. 79.
3017 20. 80.
3018 20. 80.
3019 20. 80.
3020 20. 80.
3021 20. 80.
3022 20. 80.
3023 20. 80.
3024 20. 80.
3025 20. 80.
3026 20. 80.
3027 20. 80.
3028 20. 80.
3029 20. 80.
3030 20. 80.
3031 21. 79.
3032 21. 79.
3033 21. 79.
3034 21. 79.
3035 21. 79.
3036 21. 79.
3037 21. 79.
3038 21. 79.
3039 21. 79.
3040 21. 79.
3041 21. 79.
3042 21. 79.
3043 21. 79.
3044 21. 79.
3045 21. 79.
3046 21. 79.
3047 21. 79.
3048 21. 79.
3049 21. 79.
3050 21. 79.
3051 21. 79.
3052 21. 79.
3053 21. 79.
3054 20. 80.
3055 20. 80.
3056 20. 80.
3057 21. 79.
3058 21. 79.
3059 21. 79.
3060 21. 79.
3061 21. 79.
3062 22. 78.
3063 22. 78.
3064 22. 78.
3065 22. 78.
3066 22. 78.
3067 22. 78.
3068 22. 78.
3069 22. 78.
3070 22. 78.
3071 22. 78.
3072 22. 78.
3073 22. 78.
3074 22. 78.
3075 22. 78.
3076 22. 78.
3077 22. 78.
3078 22. 78.
3079 22. 78.
3080 22. 78.
3081 23. 77.
3082 23. 77.
3083 23. 77.
3084 23. 77.
3085 23. 77.
3086 22. 78.
3087 22. 78.
3088 22. 78.
3089 22. 78.
3090 22. 78.
3091 22. 78.
3092 22. 78.
3093 23. 77.
3094 23. 77.
3095 23. 77.
3096 23. 77.
3097 23. 77.
3098 23. 77.
3099 23. 77.
3100 24. 76.
3101 24. 76.
3102 24. 76.
3103 24. 76.
3104 24. 76.
3105 24. 76.
3106 24. 76.
3107 24. 76.
3108 24. 76.
3109 24. 76.
3110 24. 76.
3111 24. 76.
3112 24. 76.
3113 24. 76.
3114 24. 76.
3115 24. 76.
3116 25. 75.
3117 25. 75.
3118 25. 75.
3119 25. 75.
3120 25. 75.
3121 25. 75.
3122 25. 75.
3123 25. 75.
3124 25. 75.
3125 25. 75.
3126 24. 76.
3127 24. 76.
3128 24. 76.
3129 24. 76.
3130 23. 77.
3131 23. 77.
3132 23. 77.
3133 23. 77.
3134 23. 77.
3135 23. 77.
3136 23. 77.
3137 23. 77.
3138 23. 77.
3139 23. 77.
3140 23. 77.
3141 23. 77.
3142 22. 78.
3143 22. 78.
3144 22. 78.
3145 22. 78.
3146 22. 78.
3147 22. 78.
3148 23. 77.
3149 23. 77.
3150 23. 77.
3151 23. 77.
3152 23. 77.
3153 23. 77.
3154 23. 77.
3155 23. 77.
3156 23. 77.
3157 23. 77.
3158 23. 77.
3159 23. 77.
3160 23. 77.
3161 23. 77.
3162 23. 77.
3163 23. 77.
3164 22. 78.
3165 22. 78.
3166 23. 77.
3167 23. 77.
3168 24. 76.
3169 24. 76.
3170 24. 76.
3171 25. 75.
3172 25. 75.
3173 25. 75.
3174 25. 75.
3175 26. 74.
3176 25. 75.
3177 25. 75.
3178 25. 75.
3179 25. 75.
3180 25. 75.
3181 25. 75.
3182 25. 75.
3183 25. 75.
3184 25. 75.
3185 26. 74.
3186 26. 74.
3187 26. 74.
3188 26. 74.
3189 27. 73.
3190 27. 73.
3191 27. 73.
3192 27. 73.
3193 27. 73.
3194 27. 73.
3195 27. 73.
3196 27. 73.
3197 27. 73.
3198 27. 73.
3199 27. 73.
3200 27. 73.
3201 27. 73.
3202 27. 73.
3203 27. 73.
3204 27. 73.
3205 27. 73.
3206 27. 73.
3207 27. 73.
3208 27. 73.
3209 27. 73.
3210 27. 73.
3211 27. 73.
3212 27. 73.
3213 27. 73.
3214 27. 73.
3215 27. 73.
3216 27. 73.
3217 27. 73.
3218 27. 73.
3219 27. 73.
3220 27. 73.
3221 27. 73.
3222 27. 73.
3223 27. 73.
3224 26. 74.
3225 26. 74.
3226 26. 74.
3227 26. 74.
3228 26. 74.
3229 26. 74.
3230 26. 74.
3231 26. 74.
3232 26. 74.
3233 26. 74.
3234 26. 74.
3235 26. 74.
3236 26. 74.
3237 26. 74.
3238 26. 74.
3239 26. 74.
3240 26. 74.
3241 26. 74.
3242 26. 74.
3243 26. 74.
3244 26. 74.
3245 26. 74.
3246 26. 74.
3247 26. 74.
3248 26. 74.
3249 26. 74.
3250 26. 74.
3251 26. 74.
3252 26. 74.
3253 26. 74.
3254 26. 74.
3255 27. 73.
3256 26. 74.
3257 26. 74.
3258 26. 74.
3259 26. 74.
3260 26. 74.
3261 26. 74.
3262 26. 74.
3263 27. 73.
3264 27. 73.
3265 26. 74.
3266 26. 74.
3267 26. 74.
3268 26. 74.
3269 26. 74.
3270 27. 73.
3271 27. 73.
3272 27. 73.
3273 28. 72.
3274 28. 72.
3275 28. 72.
3276 27. 73.
3277 27. 73.
3278 28. 72.
3279 28. 72.
3280 27. 73.
3281 27. 73.
3282 27. 73.
3283 27. 73.
3284 27. 73.
3285 26. 74.
3286 26. 74.
3287 26. 74.
3288 26. 74.
3289 25. 75.
3290 25. 75.
3291 26. 74.
3292 26. 74.
3293 26. 74.
3294 26. 74.
3295 25. 75.
3296 25. 75.
3297 25. 75.
3298 24. 76.
3299 24. 76.
3300 24. 76.
3301 24. 76.
3302 24. 76.
3303 24. 76.
3304 24. 76.
3305 24. 76.
3306 24. 76.
3307 24. 76.
3308 24. 76.
3309 24. 76.
3310 24. 76.
3311 24. 76.
3312 24. 76.
3313 23. 77.
3314 24. 76.
3315 25. 75.
3316 25. 75.
3317 25. 75.
3318 25. 75.
3319 25. 75.
3320 25. 75.
3321 25. 75.
3322 25. 75.
3323 25. 75.
3324 25. 75.
3325 25. 75.
3326 25. 75.
3327 25. 75.
3328 25. 75.
3329 26. 74.
3330 26. 74.
3331 26. 74.
3332 27. 73.
3333 27. 73.
3334 27. 73.
3335 27. 73.
3336 28. 72.
3337 28. 72.
3338 27. 73.
3339 27. 73.
3340 27. 73.
3341 27. 73.
3342 27. 73.
3343 27. 73.
3344 27. 73.
3345 27. 73.
3346 27. 73.
3347 27. 73.
3348 26. 74.
3349 26. 74.
3350 26. 74.
3351 26. 74.
3352 25. 75.
3353 25. 75.
3354 25. 75.
3355 25. 75.
3356 25. 75.
3357 25. 75.
3358 25. 75.
3359 25. 75.
3360 25. 75.
3361 25. 75.
3362 25. 75.
3363 25. 75.
3364 25. 75.
3365 25. 75.
3366 24. 76.
3367 24. 76.
3368 24. 76.
3369 24. 76.
3370 23. 77.
3371 23. 77.
3372 23. 77.
3373 23. 77.
3374 23. 77.
3375 23. 77.
3376 23. 77.
3377 23. 77.
3378 22. 78.
3379 22. 78.
3380 22. 78.
3381 23. 77.
3382 23. 77.
3383 23. 77.
3384 23. 77.
3385 22. 78.
3386 22. 78.
3387 22. 78.
3388 22. 78.
3389 22. 78.
3390 23. 77.
3391 23. 77.
3392 23. 77.
3393 23. 77.
3394 23. 77.
3395 23. 77.
3396 23. 77.
3397 23. 77.
3398 23. 77.
3399 23. 77.
3400 23. 77.
3401 23. 77.
3402 23. 77.
3403 23. 77.
3404 22. 78.
3405 21. 79.
3406 21. 79.
3407 21. 79.
3408 21. 79.
3409 21. 79.
3410 21. 79.
3411 21. 79.
3412 21. 79.
3413 21. 79.
3414 21. 79.
3415 21. 79.
3416 21. 79.
3417 21. 79.
3418 21. 79.
3419 21. 79.
3420 21. 79.
3421 21. 79.
3422 21. 79.
3423 21. 79.
3424 21. 79.
3425 21. 79.
3426 21. 79.
3427 20. 80.
3428 20. 80.
3429 20. 80.
3430 21. 79.
3431 21. 79.
3432 21. 79.
3433 21. 79.
3434 21. 79.
3435 21. 79.
3436 20. 80.
3437 19. 81.
3438 19. 81.
3439 18. 82.
3440 18. 82.
3441 18. 82.
3442 18. 82.
3443 18. 82.
3444 18. 82.
3445 18. 82.
3446 18. 82.
3447 17. 83.
3448 17. 83.
3449 17. 83.
3450 17. 83.
3451 17. 83.
3452 17. 83.
3453 18. 82.
3454 18. 82.
3455 18. 82.
3456 18. 82.
3457 18. 82.
3458 18. 82.
3459 18. 82.
3460 18. 82.
3461 18. 82.
3462 19. 81.
3463 19. 81.
3464 19. 81.
3465 19. 81.
3466 19. 81.
3467 19. 81.
3468 19. 81.
3469 19. 81.
3470 19. 81.
3471 19. 81.
3472 19. 81.
3473 19. 81.
3474 19. 81.
3475 19. 81.
3476 19. 81.
3477 19. 81.
3478 19. 81.
3479 19. 81.
3480 19. 81.
3481 19. 81.
3482 19. 81.
3483 19. 81.
3484 18. 82.
3485 18. 82.
3486 18. 82.
3487 18. 82.
3488 18. 82.
3489 18. 82.
3490 18. 82.
3491 18. 82.
3492 18. 82.
3493 19. 81.
3494 19. 81.
3495 19. 81.
3496 19. 81.
3497 19. 81.
3498 18. 82.
3499 17. 83.
3500 17. 83.
3501 17. 83.
3502 17. 83.
3503 18. 82.
3504 18. 82.
3505 18. 82.
3506 18. 82.
3507 18. 82.
3508 18. 82.
3509 17. 83.
3510 18. 82.
3511 18. 82.
3512 18. 82.
3513 18. 82.
3514 18. 82.
3515 18. 82.
3516 18. 82.
3517 18. 82.
3518 18. 82.
3519 18. 82.
3520 18. 82.
3521 18. 82.
3522 18. 82.
3523 18. 82.
3524 18. 82.
3525 18. 82.
3526 17. 83.
3527 17. 83.
3528 17. 83.
3529 17. 83.
3530 17. 83.
3531 17. 83.
3532 17. 83.
3533 17. 83.
3534 18. 82.
3535 18. 82.
3536 18. 82.
3537 17. 83.
3538 17. 83.
3539 17. 83.
3540 16. 84.
3541 16. 84.
3542 16. 84.
3543 16. 84.
3544 16. 84.
3545 16. 84.
3546 16. 84.
3547 16. 84.
3548 16. 84.
3549 16. 84.
3550 16. 84.
3551 16. 84.
3552 16. 84.
3553 16. 84.
3554 16. 84.
3555 17. 83.
3556 17. 83.
3557 17. 83.
3558 17. 83.
3559 17. 83.
3560 17. 83.
3561 17. 83.
3562 17. 83.
3563 17. 83.
3564 17. 83.
3565 17. 83.
3566 18. 82.
3567 18. 82.
3568 18. 82.
3569 19. 81.
3570 19. 81.
3571 19. 81.
3572 19. 81.
3573 19. 81.
3574 19. 81.
3575 19. 81.
3576 19. 81.
3577 19. 81.
3578 19. 81.
3579 19. 81.
3580 19. 81.
3581 19. 81.
3582 19. 81.
3583 19. 81.
3584 19. 81.
3585 19. 81.
3586 19. 81.
3587 19. 81.
3588 19. 81.
3589 20. 80.
3590 21. 79.
3591 21. 79.
3592 21. 79.
3593 21. 79.
3594 21. 79.
3595 21. 79.
3596 21. 79.
3597 21. 79.
3598 21. 79.
3599 21. 79.
3600 20. 80.
3601 20. 80.
3602 20. 80.
3603 20. 80.
3604 20. 80.
3605 20. 80.
3606 20. 80.
3607 20. 80.
3608 20. 80.
3609 19. 81.
3610 19. 81.
3611 19. 81.
3612 19. 81.
3613 18. 82.
3614 18. 82.
3615 18. 82.
3616 18. 82.
3617 18. 82.
3618 17. 83.
3619 17. 83.
3620 17. 83.
3621 17. 83.
3622 17. 83.
3623 17. 83.
3624 17. 83.
3625 17. 83.
3626 16. 84.
3627 16. 84.
3628 15. 85.
3629 15. 85.
3630 15. 85.
3631 15. 85.
3632 15. 85.
3633 15. 85.
3634 15. 85.
3635 15. 85.
3636 15. 85.
3637 15. 85.
3638 15. 85.
3639 15. 85.
3640 15. 85.
3641 16. 84.
3642 16. 84.
3643 16. 84.
3644 16. 84.
3645 16. 84.
3646 16. 84.
3647 16. 84.
3648 16. 84.
3649 16. 84.
3650 16. 84.
3651 16. 84.
3652 16. 84.
3653 16. 84.
3654 16. 84.
3655 16. 84.
3656 16. 84.
3657 16. 84.
3658 16. 84.
3659 16. 84.
3660 16. 84.
3661 17. 83.
3662 17. 83.
3663 17. 83.
3664 17. 83.
3665 17. 83.
3666 17. 83.
3667 17. 83.
3668 17. 83.
3669 17. 83.
3670 17. 83.
3671 17. 83.
3672 17. 83.
3673 17. 83.
3674 16. 84.
3675 16. 84.
3676 16. 84.
3677 16. 84.
3678 16. 84.
3679 16. 84.
3680 17. 83.
3681 17. 83.
3682 17. 83.
3683 17. 83.
3684 16. 84.
3685 16. 84.
3686 16. 84.
3687 16. 84.
3688 15. 85.
3689 15. 85.
3690 14. 86.
3691 14. 86.
3692 14. 86.
3693 13. 87.
3694 13. 87.
3695 13. 87.
3696 13. 87.
3697 12. 88.
3698 12. 88.
3699 12. 88.
3700 12. 88.
3701 12. 88.
3702 12. 88.
3703 12. 88.
3704 12. 88.
3705 12. 88.
3706 11. 89.
3707 11. 89.
3708 11. 89.
3709 11. 89.
3710 11. 89.
3711 11. 89.
3712 11. 89.
3713 10. 90.
3714 10. 90.
3715 10. 90.
3716 11. 89.
3717 11. 89.
3718 11. 89.
3719 11. 89.
3720 11. 89.
3721 11. 89.
3722 11. 89.
3723 12. 88.
3724 13. 87.
3725 13. 87.
3726 14. 86.
3727 15. 85.
3728 15. 85.
3729 15. 85.
3730 15. 85.
3731 15. 85.
3732 15. 85.
3733 16. 84.
3734 16. 84.
3735 16. 84.
3736 16. 84.
3737 16. 84.
3738 16. 84.
3739 16. 84.
3740 16. 84.
3741 16. 84.
3742 16. 84.
3743 16. 84.
3744 16. 84.
3745 16. 84.
3746 16. 84.
3747 16. 84.
3748 16. 84.
3749 16. 84.
3750 17. 83.
3751 17. 83.
3752 17. 83.
3753 17. 83.
3754 17. 83.
3755 17. 83.
3756 17. 83.
3757 17. 83.
3758 17. 83.
3759 17. 83.
3760 17. 83.
3761 17. 83.
3762 17. 83.
3763 17. 83.
3764 18. 82.
3765 18. 82.
3766 18. 82.
3767 18. 82.
3768 18. 82.
3769 18. 82.
3770 18. 82.
3771 18. 82.
3772 18. 82.
3773 18. 82.
3774 18. 82.
3775 18. 82.
3776 18. 82.
3777 18. 82.
3778 18. 82.
3779 18. 82.
3780 18. 82.
3781 18. 82.
3782 18. 82.
3783 18. 82.
3784 18. 82.
3785 18. 82.
3786 18. 82.
3787 18. 82.
3788 17. 83.
3789 17. 83.
3790 17. 83.
3791 17. 83.
3792 17. 83.
3793 17. 83.
3794 17. 83.
3795 17. 83.
3796 17. 83.
3797 17. 83.
3798 17. 83.
3799 17. 83.
3800 17. 83.
3801 18. 82.
3802 18. 82.
3803 18. 82.
3804 17. 83.
3805 17. 83.
3806 17. 83.
3807 17. 83.
3808 17. 83.
3809 17. 83.
3810 17. 83.
3811 17. 83.
3812 17. 83.
3813 17. 83.
3814 17. 83.
3815 17. 83.
3816 17. 83.
3817 17. 83.
3818 17. 83.
3819 17. 83.
3820 17. 83.
3821 17. 83.
3822 17. 83.
3823 17. 83.
3824 17. 83.
3825 17. 83.
3826 17. 83.
3827 17. 83.
3828 18. 82.
3829 18. 82.
3830 18. 82.
3831 18. 82.
3832 18. 82.
3833 18. 82.
3834 18. 82.
3835 18. 82.
3836 18. 82.
3837 18. 82.
3838 19. 81.
3839 19. 81.
3840 18. 82.
3841 18. 82.
3842 18. 82.
3843 18. 82.
3844 18. 82.
3845 18. 82.
3846 18. 82.
3847 17. 83.
3848 17. 83.
3849 17. 83.
3850 17. 83.
3851 16. 84.
3852 16. 84.
3853 16. 84.
3854 16. 84.
3855 16. 84.
3856 16. 84.
3857 16. 84.
3858 16. 84.
3859 16. 84.
3860 16. 84.
3861 16. 84.
3862 16. 84.
3863 16. 84.
3864 16. 84.
3865 16. 84.
3866 16. 84.
3867 16. 84.
3868 16. 84.
3869 16. 84.
3870 16. 84.
3871 16. 84.
3872 16. 84.
3873 16. 84.
3874 16. 84.
3875 16. 84.
3876 16. 84.
3877 16. 84.
3878 16. 84.
3879 16. 84.
3880 16. 84.
3881 16. 84.
3882 16. 84.
3883 17. 83.
3884 17. 83.
3885 17. 83.
3886 17. 83.
3887 18. 82.
3888 18. 82.
3889 17. 83.
3890 17. 83.
3891 17. 83.
3892 17. 83.
3893 17. 83.
3894 17. 83.
3895 17. 83.
3896 17. 83.
3897 17. 83.
3898 18. 82.
3899 18. 82.
3900 18. 82.
3901 18. 82.
3902 18. 82.
3903 18. 82.
3904 18. 82.
3905 18. 82.
3906 18. 82.
3907 18. 82.
3908 18. 82.
3909 19. 81.
3910 20. 80.
3911 20. 80.
3912 20. 80.
3913 21. 79.
3914 20. 80.
3915 20. 80.
3916 19. 81.
3917 19. 81.
3918 19. 81.
3919 19. 81.
3920 19. 81.
3921 18. 82.
3922 18. 82.
3923 18. 82.
3924 18. 82.
3925 18. 82.
3926 18. 82.
3927 18. 82.
3928 18. 82.
3929 19. 81.
3930 19. 81.
3931 18. 82.
3932 18. 82.
3933 18. 82.
3934 18. 82.
3935 18. 82.
3936 18. 82.
3937 18. 82.
3938 17. 83.
3939 17. 83.
3940 17. 83.
3941 17. 83.
3942 17. 83.
3943 16. 84.
3944 16. 84.
3945 16. 84.
3946 16. 84.
3947 16. 84.
3948 16. 84.
3949 16. 84.
3950 15. 85.
3951 15. 85.
3952 15. 85.
3953 15. 85.
3954 15. 85.
3955 15. 85.
3956 15. 85.
3957 15. 85.
3958 15. 85.
3959 14. 86.
3960 14. 86.
3961 15. 85.
3962 15. 85.
3963 15. 85.
3964 15. 85.
3965 15. 85.
3966 16. 84.
3967 16. 84.
3968 16. 84.
3969 16. 84.
3970 16. 84.
3971 16. 84.
3972 15. 85.
3973 14. 86.
3974 14. 86.
3975 14. 86.
3976 14. 86.
3977 14. 86.
3978 14. 86.
3979 14. 86.
3980 14. 86.
3981 14. 86.
3982 14. 86.
3983 14. 86.
3984 14. 86.
3985 14. 86.
3986 13. 87.
3987 13. 87.
3988 13. 87.
3989 13. 87.
3990 13. 87.
3991 13. 87.
3992 13. 87.
3993 14. 86.
3994 14. 86.
3995 14. 86.
3996 14. 86.
3997 14. 86.
3998 15. 85.
3999 15. 85.
4000 15. 85.
4001 15. 85.
4002 15. 85.
4003 15. 85.
4004 16. 84.
4005 16. 84.
4006 16. 84.
4007 16. 84.
4008 16. 84.
4009 16. 84.
4010 16. 84.
4011 16. 84.
4012 16. 84.
4013 16. 84.
4014 16. 84.
4015 16. 84.
4016 16. 84.
4017 16. 84.
4018 16. 84.
4019 16. 84.
4020 16. 84.
4021 16. 84.
4022 16. 84.
4023 16. 84.
4024 16. 84.
4025 16. 84.
4026 16. 84.
4027 16. 84.
4028 16. 84.
4029 16. 84.
4030 16. 84.
4031 16. 84.
4032 16. 84.
4033 16. 84.
4034 16. 84.
4035 16. 84.
4036 16. 84.
4037 16. 84.
4038 16. 84.
4039 16. 84.
4040 16. 84.
4041 16. 84.
4042 16. 84.
4043 16. 84.
4044 16. 84.
4045 16. 84.
4046 16. 84.
4047 16. 84.
4048 16. 84.
4049 16. 84.
4050 16. 84.
4051 16. 84.
4052 16. 84.
4053 16. 84.
4054 16. 84.
4055 16. 84.
4056 16. 84.
4057 16. 84.
4058 16. 84.
4059 16. 84.
4060 16. 84.
4061 16. 84.
4062 16. 84.
4063 16. 84.
4064 17. 83.
4065 17. 83.
4066 17. 83.
4067 17. 83.
4068 17. 83.
4069 17. 83.
4070 17. 83.
4071 17. 83.
4072 17. 83.
4073 17. 83.
4074 17. 83.
4075 17. 83.
4076 17. 83.
4077 17. 83.
4078 16. 84.
4079 16. 84.
4080 16. 84.
4081 16. 84.
4082 16. 84.
4083 16. 84.
4084 16. 84.
4085 16. 84.
4086 16. 84.
4087 16. 84.
4088 16. 84.
4089 16. 84.
4090 16. 84.
4091 16. 84.
4092 16. 84.
4093 16. 84.
4094 16. 84.
4095 16. 84.
4096 16. 84.
4097 16. 84.
4098 16. 84.
4099 16. 84.
4100 16. 84.
4101 16. 84.
4102 15. 85.
4103 15. 85.
4104 15. 85.
4105 15. 85.
4106 15. 85.
4107 15. 85.
4108 15. 85.
4109 15. 85.
4110 15. 85.
4111 15. 85.
4112 15. 85.
4113 15. 85.
4114 15. 85.
4115 15. 85.
4116 15. 85.
4117 15. 85.
4118 15. 85.
4119 15. 85.
4120 15. 85.
4121 15. 85.
4122 15. 85.
4123 15. 85.
4124 15. 85.
4125 15. 85.
4126 15. 85.
4127 15. 85.
4128 15. 85.
4129 15. 85.
4130 15. 85.
4131 15. 85.
4132 15. 85.
4133 15. 85.
4134 15. 85.
4135 15. 85.
4136 15. 85.
4137 16. 84.
4138 16. 84.
4139 16. 84.
4140 16. 84.
4141 16. 84.
4142 16. 84.
4143 16. 84.
4144 16. 84.
4145 16. 84.
4146 16. 84.
4147 16. 84.
4148 16. 84.
4149 16. 84.
4150 16. 84.
4151 16. 84.
4152 16. 84.
4153 16. 84.
4154 16. 84.
4155 16. 84.
4156 16. 84.
4157 16. 84.
4158 16. 84.
4159 16. 84.
4160 15. 85.
4161 15. 85.
4162 16. 84.
4163 16. 84.
4164 16. 84.
4165 16. 84.
4166 16. 84.
4167 16. 84.
4168 16. 84.
4169 16. 84.
4170 17. 83.
4171 17. 83.
4172 17. 83.
4173 17. 83.
4174 17. 83.
4175 17. 83.
4176 17. 83.
4177 17. 83.
4178 17. 83.
4179 17. 83.
4180 17. 83.
4181 18. 82.
4182 17. 83.
4183 17. 83.
4184 17. 83.
4185 17. 83.
4186 17. 83.
4187 17. 83.
4188 17. 83.
4189 17. 83.
4190 17. 83.
4191 16. 84.
4192 16. 84.
4193 16. 84.
4194 16. 84.
4195 15. 85.
4196 15. 85.
4197 15. 85.
4198 15. 85.
4199 15. 85.
4200 15. 85.
4201 15. 85.
4202 15. 85.
4203 15. 85.
4204 14. 86.
4205 14. 86.
4206 14. 86.
4207 14. 86.
4208 14. 86.
4209 13. 87.
4210 13. 87.
4211 13. 87.
4212 13. 87.
4213 13. 87.
4214 13. 87.
4215 13. 87.
4216 13. 87.
4217 13. 87.
4218 13. 87.
4219 13. 87.
4220 13. 87.
4221 13. 87.
4222 13. 87.
4223 13. 87.
4224 13. 87.
4225 13. 87.
4226 13. 87.
4227 13. 87.
4228 13. 87.
4229 13. 87.
4230 13. 87.
4231 13. 87.
4232 13. 87.
4233 13. 87.
4234 13. 87.
4235 13. 87.
4236 13. 87.
4237 13. 87.
4238 13. 87.
4239 13. 87.
4240 13. 87.
4241 13. 87.
4242 13. 87.
4243 13. 87.
4244 13. 87.
4245 13. 87.
4246 13. 87.
4247 13. 87.
4248 13. 87.
4249 13. 87.
4250 13. 87.
4251 13. 87.
4252 13. 87.
4253 13. 87.
4254 13. 87.
4255 14. 86.
4256 14. 86.
4257 14. 86.
4258 14. 86.
4259 14. 86.
4260 14. 86.
4261 14. 86.
4262 14. 86.
4263 14. 86.
4264 14. 86.
4265 14. 86.
4266 14. 86.
4267 14. 86.
4268 14. 86.
4269 14. 86.
4270 14. 86.
4271 14. 86.
4272 14. 86.
4273 14. 86.
4274 14. 86.
4275 14. 86.
4276 15. 85.
4277 14. 86.
4278 14. 86.
4279 14. 86.
4280 14. 86.
4281 14. 86.
4282 14. 86.
4283 14. 86.
4284 14. 86.
4285 14. 86.
4286 13. 87.
4287 14. 86.
4288 14. 86.
4289 14. 86.
4290 14. 86.
4291 14. 86.
4292 14. 86.
4293 14. 86.
4294 14. 86.
4295 13. 87.
4296 13. 87.
4297 13. 87.
4298 13. 87.
4299 13. 87.
4300 13. 87.
4301 13. 87.
4302 13. 87.
4303 12. 88.
4304 12. 88.
4305 12. 88.
4306 12. 88.
4307 12. 88.
4308 12. 88.
4309 12. 88.
4310 12. 88.
4311 13. 87.
4312 13. 87.
4313 13. 87.
4314 13. 87.
4315 13. 87.
4316 12. 88.
4317 12. 88.
4318 12. 88.
4319 12. 88.
4320 12. 88.
4321 12. 88.
4322 12. 88.
4323 12. 88.
4324 12. 88.
4325 12. 88.
4326 12. 88.
4327 12. 88.
4328 12. 88.
4329 12. 88.
4330 11. 89.
4331 11. 89.
4332 11. 89.
4333 11. 89.
4334 11. 89.
4335 11. 89.
4336 11. 89.
4337 11. 89.
4338 11. 89.
4339 11. 89.
4340 11. 89.
4341 11. 89.
4342 11. 89.
4343 11. 89.
4344 11. 89.
4345 11. 89.
4346 11. 89.
4347 11. 89.
4348 11. 89.
4349 11. 89.
4350 11. 89.
4351 11. 89.
4352 11. 89.
4353 11. 89.
4354 11. 89.
4355 11. 89.
4356 11. 89.
4357 11. 89.
4358 11. 89.
4359 11. 89.
4360 11. 89.
4361 11. 89.
4362 11. 89.
4363 11. 89.
4364 11. 89.
4365 11. 89.
4366 10. 90.
4367 10. 90.
4368 10. 90.
4369 10. 90.
4370 10. 90.
4371 10. 90.
4372 10. 90.
4373 10. 90.
4374 10. 90.
4375 10. 90.
4376 10. 90.
4377 10. 90.
4378 10. 90.
4379 10. 90.
4380 10. 90.
4381 10. 90.
4382 10. 90.
4383 10. 90.
4384 10. 90.
4385 10. 90.
4386 10. 90.
4387 10. 90.
4388 10. 90.
4389 10. 90.
4390 10. 90.
4391 10. 90.
4392 10. 90.
4393 10. 90.
4394 10. 90.
4395 10. 90.
4396 10. 90.
4397 10. 90.
4398 10. 90.
4399 10. 90.
4400 10. 90.
4401 10. 90.
4402 10. 90.
4403 10. 90.
4404 11. 89.
4405 11. 89.
4406 11. 89.
4407 11. 89.
4408 11. 89.
4409 11. 89.
4410 11. 89.
4411 11. 89.
4412 11. 89.
4413 11. 89.
4414 10. 90.
4415 10. 90.
4416 10. 90.
4417 10. 90.
4418 10. 90.
4419 10. 90.
4420 10. 90.
4421 10. 90.
4422 10. 90.
4423 10. 90.
4424 10. 90.
4425 10. 90.
4426 10. 90.
4427 10. 90.
4428 10. 90.
4429 10. 90.
4430 10. 90.
4431 10. 90.
4432 10. 90.
4433 10. 90.
4434 10. 90.
4435 10. 90.
4436 10. 90.
4437 10. 90.
4438 10. 90.
4439 10. 90.
4440 10. 90.
4441 10. 90.
4442 10. 90.
4443 10. 90.
4444 11. 89.
4445 11. 89.
4446 11. 89.
4447 11. 89.
4448 11. 89.
4449 11. 89.
4450 11. 89.
4451 11. 89.
4452 11. 89.
4453 10. 90.
4454 10. 90.
4455 10. 90.
4456 10. 90.
4457 10. 90.
4458 10. 90.
4459 10. 90.
4460 10. 90.
4461 10. 90.
4462 10. 90.
4463 10. 90.
4464 10. 90.
4465 10. 90.
4466 10. 90.
4467 10. 90.
4468 10. 90.
4469 10. 90.
4470 10. 90.
4471 10. 90.
4472 10. 90.
4473 10. 90.
4474 10. 90.
4475 10. 90.
4476 10. 90.
4477 10. 90.
4478 10. 90.
4479 11. 89.
4480 11. 89.
4481 10. 90.
4482 10. 90.
4483 10. 90.
4484 10. 90.
4485 10. 90.
4486 10. 90.
4487 10. 90.
4488 10. 90.
4489 10. 90.
4490 10. 90.
4491 10. 90.
4492 10. 90.
4493 10. 90.
4494 9. 91.
4495 9. 91.
4496 9. 91.
4497 9. 91.
4498 9. 91.
4499 9. 91.
4500 9. 91.
4501 9. 91.
4502 9. 91.
4503 9. 91.
4504 9. 91.
4505 9. 91.
4506 9. 91.
4507 9. 91.
4508 9. 91.
4509 9. 91.
4510 8. 92.
4511 8. 92.
4512 8. 92.
4513 8. 92.
4514 8. 92.
4515 8. 92.
4516 8. 92.
4517 8. 92.
4518 8. 92.
4519 8. 92.
4520 8. 92.
4521 8. 92.
4522 8. 92.
4523 8. 92.
4524 8. 92.
4525 8. 92.
4526 8. 92.
4527 8. 92.
4528 8. 92.
4529 8. 92.
4530 8. 92.
4531 8. 92.
4532 8. 92.
4533 8. 92.
4534 8. 92.
4535 8. 92.
4536 8. 92.
4537 8. 92.
4538 8. 92.
4539 8. 92.
4540 8. 92.
4541 8. 92.
4542 9. 91.
4543 9. 91.
4544 9. 91.
4545 9. 91.
4546 9. 91.
4547 10. 90.
4548 10. 90.
4549 10. 90.
4550 10. 90.
4551 10. 90.
4552 9. 91.
4553 9. 91.
4554 9. 91.
4555 9. 91.
4556 9. 91.
4557 9. 91.
4558 9. 91.
4559 9. 91.
4560 9. 91.
4561 9. 91.
4562 9. 91.
4563 9. 91.
4564 9. 91.
4565 9. 91.
4566 9. 91.
4567 9. 91.
4568 9. 91.
4569 10. 90.
4570 10. 90.
4571 10. 90.
4572 10. 90.
4573 10. 90.
4574 10. 90.
4575 10. 90.
4576 10. 90.
4577 10. 90.
4578 10. 90.
4579 10. 90.
4580 10. 90.
4581 10. 90.
4582 10. 90.
4583 10. 90.
4584 10. 90.
4585 10. 90.
4586 10. 90.
4587 10. 90.
4588 10. 90.
4589 11. 89.
4590 11. 89.
4591 11. 89.
4592 11. 89.
4593 11. 89.
4594 11. 89.
4595 12. 88.
4596 12. 88.
4597 12. 88.
4598 12. 88.
4599 12. 88.
4600 11. 89.
4601 11. 89.
4602 11. 89.
4603 11. 89.
4604 11. 89.
4605 12. 88.
4606 12. 88.
4607 11. 89.
4608 11. 89.
4609 11. 89.
4610 11. 89.
4611 11. 89.
4612 12. 88.
4613 12. 88.
4614 12. 88.
4615 12. 88.
4616 12. 88.
4617 12. 88.
4618 12. 88.
4619 12. 88.
4620 12. 88.
4621 12. 88.
4622 12. 88.
4623 12. 88.
4624 12. 88.
4625 12. 88.
4626 12. 88.
4627 12. 88.
4628 12. 88.
4629 12. 88.
4630 12. 88.
4631 12. 88.
4632 12. 88.
4633 12. 88.
4634 12. 88.
4635 12. 88.
4636 12. 88.
4637 12. 88.
4638 12. 88.
4639 12. 88.
4640 12. 88.
4641 11. 89.
4642 11. 89.
4643 10. 90.
4644 10. 90.
4645 11. 89.
4646 11. 89.
4647 11. 89.
4648 11. 89.
4649 11. 89.
4650 11. 89.
4651 11. 89.
4652 11. 89.
4653 11. 89.
4654 11. 89.
4655 11. 89.
4656 11. 89.
4657 11. 89.
4658 11. 89.
4659 11. 89.
4660 11. 89.
4661 11. 89.
4662 11. 89.
4663 11. 89.
4664 11. 89.
4665 10. 90.
4666 10. 90.
4667 10. 90.
4668 10. 90.
4669 9. 91.
4670 10. 90.
4671 10. 90.
4672 10. 90.
4673 10. 90.
4674 10. 90.
4675 10. 90.
4676 10. 90.
4677 10. 90.
4678 10. 90.
4679 10. 90.
4680 11. 89.
4681 11. 89.
4682 11. 89.
4683 11. 89.
4684 11. 89.
4685 11. 89.
4686 11. 89.
4687 11. 89.
4688 11. 89.
4689 11. 89.
4690 11. 89.
4691 11. 89.
4692 12. 88.
4693 12. 88.
4694 12. 88.
4695 12. 88.
4696 12. 88.
4697 11. 89.
4698 11. 89.
4699 12. 88.
4700 12. 88.
4701 12. 88.
4702 12. 88.
4703 11. 89.
4704 11. 89.
4705 11. 89.
4706 11. 89.
4707 11. 89.
4708 11. 89.
4709 11. 89.
4710 11. 89.
4711 11. 89.
4712 11. 89.
4713 11. 89.
4714 11. 89.
4715 11. 89.
4716 11. 89.
4717 11. 89.
4718 11. 89.
4719 11. 89.
4720 11. 89.
4721 11. 89.
4722 11. 89.
4723 11. 89.
4724 11. 89.
4725 12. 88.
4726 12. 88.
4727 12. 88.
4728 12. 88.
4729 12. 88.
4730 12. 88.
4731 12. 88.
4732 12. 88.
4733 12. 88.
4734 12. 88.
4735 12. 88.
4736 12. 88.
4737 12. 88.
4738 12. 88.
4739 12. 88.
4740 12. 88.
4741 11. 89.
4742 11. 89.
4743 11. 89.
4744 11. 89.
4745 11. 89.
4746 11. 89.
4747 11. 89.
4748 11. 89.
4749 11. 89.
4750 11. 89.
4751 11. 89.
4752 11. 89.
4753 11. 89.
4754 11. 89.
4755 11. 89.
4756 11. 89.
4757 11. 89.
4758 11. 89.
4759 11. 89.
4760 11. 89.
4761 11. 89.
4762 11. 89.
4763 11. 89.
4764 11. 89.
4765 11. 89.
4766 11. 89.
4767 11. 89.
4768 11. 89.
4769 11. 89.
4770 11. 89.
4771 11. 89.
4772 11. 89.
4773 11. 89.
4774 11. 89.
4775 11. 89.
4776 11. 89.
4777 11. 89.
4778 11. 89.
4779 11. 89.
4780 11. 89.
4781 11. 89.
4782 11. 89.
4783 11. 89.
4784 11. 89.
4785 11. 89.
4786 12. 88.
4787 12. 88.
4788 11. 89.
4789 11. 89.
4790 11. 89.
4791 11. 89.
4792 11. 89.
4793 11. 89.
4794 11. 89.
4795 11. 89.
4796 11. 89.
4797 11. 89.
4798 11. 89.
4799 11. 89.
4800 11. 89.
4801 11. 89.
4802 11. 89.
4803 11. 89.
4804 11. 89.
4805 11. 89.
4806 11. 89.
4807 11. 89.
4808 11. 89.
4809 11. 89.
4810 11. 89.
4811 10. 90.
4812 10. 90.
4813 10. 90.
4814 10. 90.
4815 10. 90.
4816 10. 90.
4817 10. 90.
4818 10. 90.
4819 10. 90.
4820 10. 90.
4821 10. 90.
4822 10. 90.
4823 10. 90.
4824 11. 89.
4825 11. 89.
4826 11. 89.
4827 11. 89.
4828 11. 89.
4829 11. 89.
4830 11. 89.
4831 10. 90.
4832 10. 90.
4833 10. 90.
4834 11. 89.
4835 11. 89.
4836 10. 90.
4837 10. 90.
4838 10. 90.
4839 10. 90.
4840 10. 90.
4841 10. 90.
4842 10. 90.
4843 10. 90.
4844 10. 90.
4845 10. 90.
4846 11. 89.
4847 11. 89.
4848 11. 89.
4849 11. 89.
4850 11. 89.
4851 11. 89.
4852 11. 89.
4853 11. 89.
4854 11. 89.
4855 11. 89.
4856 10. 90.
4857 10. 90.
4858 10. 90.
4859 10. 90.
4860 10. 90.
4861 10. 90.
4862 10. 90.
4863 10. 90.
4864 10. 90.
4865 10. 90.
4866 10. 90.
4867 10. 90.
4868 10. 90.
4869 10. 90.
4870 10. 90.
4871 10. 90.
4872 10. 90.
4873 10. 90.
4874 10. 90.
4875 11. 89.
4876 11. 89.
4877 11. 89.
4878 11. 89.
4879 11. 89.
4880 11. 89.
4881 11. 89.
4882 11. 89.
4883 11. 89.
4884 11. 89.
4885 11. 89.
4886 11. 89.
4887 11. 89.
4888 11. 89.
4889 11. 89.
4890 12. 88.
4891 12. 88.
4892 12. 88.
4893 12. 88.
4894 12. 88.
4895 12. 88.
4896 12. 88.
4897 12. 88.
4898 12. 88.
4899 12. 88.
4900 12. 88.
4901 12. 88.
4902 12. 88.
4903 12. 88.
4904 12. 88.
4905 12. 88.
4906 12. 88.
4907 12. 88.
4908 12. 88.
4909 12. 88.
4910 12. 88.
4911 12. 88.
4912 12. 88.
4913 12. 88.
4914 12. 88.
4915 12. 88.
4916 12. 88.
4917 12. 88.
4918 12. 88.
4919 13. 87.
4920 13. 87.
4921 13. 87.
4922 13. 87.
4923 13. 87.
4924 13. 87.
4925 13. 87.
4926 13. 87.
4927 13. 87.
4928 13. 87.
4929 13. 87.
4930 13. 87.
4931 13. 87.
4932 13. 87.
4933 13. 87.
4934 13. 87.
4935 13. 87.
4936 13. 87.
4937 13. 87.
4938 13. 87.
4939 13. 87.
4940 13. 87.
4941 13. 87.
4942 13. 87.
4943 13. 87.
4944 13. 87.
4945 13. 87.
4946 13. 87.
4947 13. 87.
4948 13. 87.
4949 13. 87.
4950 13. 87.
4951 13. 87.
4952 13. 87.
4953 13. 87.
4954 13. 87.
4955 13. 87.
4956 13. 87.
4957 13. 87.
4958 13. 87.
4959 13. 87.
4960 13. 87.
4961 13. 87.
4962 13. 87.
4963 12. 88.
4964 12. 88.
4965 12. 88.
4966 12. 88.
4967 12. 88.
4968 12. 88.
4969 12. 88.
4970 12. 88.
4971 12. 88.
4972 12. 88.
4973 12. 88.
4974 12. 88.
4975 12. 88.
4976 12. 88.
4977 12. 88.
4978 12. 88.
4979 12. 88.
4980 12. 88.
4981 12. 88.
4982 12. 88.
4983 12. 88.
4984 13. 87.
4985 13. 87.
4986 13. 87.
4987 13. 87.
4988 13. 87.
4989 13. 87.
4990 13. 87.
4991 13. 87.
4992 13. 87.
4993 13. 87.
4994 13. 87.
4995 14. 86.
4996 14. 86.
4997 14. 86.
4998 13. 87.
4999 13. 87.
5000 13. 87.
5001 13. 87.
5002 13. 87.
5003 13. 87.
5004 13. 87.
5005 13. 87.
5006 13. 87.
5007 13. 87.
5008 13. 87.
5009 13. 87.
5010 13. 87.
5011 13. 87.
5012 13. 87.
5013 13. 87.
5014 13. 87.
5015 13. 87.
5016 13. 87.
5017 13. 87.
5018 13. 87.
5019 12. 88.
5020 12. 88.
5021 12. 88.
5022 12. 88.
5023 12. 88.
5024 12. 88.
5025 12. 88.
5026 12. 88.
5027 12. 88.
5028 12. 88.
5029 12. 88.
5030 12. 88.
5031 12. 88.
5032 12. 88.
5033 12. 88.
5034 12. 88.
5035 12. 88.
5036 12. 88.
5037 12. 88.
5038 12. 88.
5039 12. 88.
5040 12. 88.
5041 12. 88.
5042 12. 88.
5043 12. 88.
5044 12. 88.
5045 12. 88.
5046 12. 88.
5047 12. 88.
5048 12. 88.
5049 12. 88.
5050 12. 88.
5051 12. 88.
5052 12. 88.
5053 12. 88.
5054 12. 88.
5055 12. 88.
5056 12. 88.
5057 12. 88.
5058 12. 88.
5059 12. 88.
5060 12. 88.
5061 11. 89.
5062 11. 89.
5063 11. 89.
5064 11. 89.
5065 11. 89.
5066 11. 89.
5067 11. 89.
5068 11. 89.
5069 11. 89.
5070 11. 89.
5071 11. 89.
5072 11. 89.
5073 11. 89.
5074 11. 89.
5075 11. 89.
5076 11. 89.
5077 12. 88.
5078 12. 88.
5079 12. 88.
5080 12. 88.
5081 12. 88.
5082 12. 88.
5083 12. 88.
5084 12. 88.
5085 12. 88.
5086 12. 88.
5087 12. 88.
5088 12. 88.
5089 12. 88.
5090 12. 88.
5091 12. 88.
5092 12. 88.
5093 12. 88.
5094 12. 88.
5095 12. 88.
5096 12. 88.
5097 12. 88.
5098 12. 88.
5099 12. 88.
5100 12. 88.
5101 12. 88.
5102 12. 88.
5103 11. 89.
5104 11. 89.
5105 11. 89.
5106 11. 89.
5107 11. 89.
5108 11. 89.
5109 11. 89.
5110 11. 89.
5111 11. 89.
5112 12. 88.
5113 12. 88.
5114 12. 88.
5115 12. 88.
5116 12. 88.
5117 12. 88.
5118 11. 89.
5119 11. 89.
5120 11. 89.
5121 11. 89.
5122 11. 89.
5123 11. 89.
5124 11. 89.
5125 11. 89.
5126 11. 89.
5127 11. 89.
5128 12. 88.
5129 12. 88.
5130 11. 89.
5131 11. 89.
5132 10. 90.
5133 10. 90.
5134 10. 90.
5135 10. 90.
5136 10. 90.
5137 10. 90.
5138 10. 90.
5139 10. 90.
5140 10. 90.
5141 10. 90.
5142 10. 90.
5143 10. 90.
5144 10. 90.
5145 10. 90.
5146 10. 90.
5147 10. 90.
5148 10. 90.
5149 10. 90.
5150 10. 90.
5151 10. 90.
5152 10. 90.
5153 10. 90.
5154 10. 90.
5155 10. 90.
5156 10. 90.
5157 10. 90.
5158 10. 90.
5159 10. 90.
5160 10. 90.
5161 10. 90.
5162 10. 90.
5163 10. 90.
5164 10. 90.
5165 9. 91.
5166 9. 91.
5167 9. 91.
5168 10. 90.
5169 10. 90.
5170 11. 89.
5171 11. 89.
5172 11. 89.
5173 11. 89.
5174 11. 89.
5175 11. 89.
5176 11. 89.
5177 11. 89.
5178 11. 89.
5179 11. 89.
5180 11. 89.
5181 10. 90.
5182 10. 90.
5183 10. 90.
5184 10. 90.
5185 10. 90.
5186 10. 90.
5187 10. 90.
5188 10. 90.
5189 10. 90.
5190 10. 90.
5191 10. 90.
5192 10. 90.
5193 10. 90.
5194 10. 90.
5195 10. 90.
5196 10. 90.
5197 10. 90.
5198 10. 90.
5199 10. 90.
5200 10. 90.
5201 10. 90.
5202 10. 90.
5203 10. 90.
5204 10. 90.
5205 10. 90.
5206 10. 90.
5207 10. 90.
5208 11. 89.
5209 10. 90.
5210 9. 91.
5211 9. 91.
5212 9. 91.
5213 9. 91.
5214 9. 91.
5215 9. 91.
5216 9. 91.
5217 9. 91.
5218 9. 91.
5219 9. 91.
5220 9. 91.
5221 9. 91.
5222 9. 91.
5223 9. 91.
5224 9. 91.
5225 9. 91.
5226 9. 91.
5227 9. 91.
5228 9. 91.
5229 9. 91.
5230 9. 91.
5231 9. 91.
5232 9. 91.
5233 9. 91.
5234 9. 91.
5235 9. 91.
5236 9. 91.
5237 10. 90.
5238 10. 90.
5239 10. 90.
5240 10. 90.
5241 10. 90.
5242 10. 90.
5243 10. 90.
5244 10. 90.
5245 10. 90.
5246 10. 90.
5247 10. 90.
5248 9. 91.
5249 9. 91.
5250 9. 91.
5251 9. 91.
5252 9. 91.
5253 9. 91.
5254 9. 91.
5255 9. 91.
5256 9. 91.
5257 9. 91.
5258 9. 91.
5259 9. 91.
5260 9. 91.
5261 9. 91.
5262 9. 91.
5263 9. 91.
5264 9. 91.
5265 9. 91.
5266 9. 91.
5267 9. 91.
5268 9. 91.
5269 10. 90.
5270 10. 90.
5271 10. 90.
5272 10. 90.
5273 10. 90.
5274 10. 90.
5275 10. 90.
5276 9. 91.
5277 9. 91.
5278 9. 91.
5279 9. 91.
5280 10. 90.
5281 10. 90.
5282 10. 90.
5283 10. 90.
5284 10. 90.
5285 10. 90.
5286 10. 90.
5287 10. 90.
5288 11. 89.
5289 11. 89.
5290 11. 89.
5291 11. 89.
5292 11. 89.
5293 11. 89.
5294 11. 89.
5295 11. 89.
5296 10. 90.
5297 10. 90.
5298 10. 90.
5299 10. 90.
5300 10. 90.
5301 10. 90.
5302 10. 90.
5303 10. 90.
5304 10. 90.
5305 11. 89.
5306 11. 89.
5307 11. 89.
5308 11. 89.
5309 11. 89.
5310 11. 89.
5311 11. 89.
5312 11. 89.
5313 11. 89.
5314 10. 90.
5315 10. 90.
5316 10. 90.
5317 10. 90.
5318 10. 90.
5319 10. 90.
5320 10. 90.
5321 10. 90.
5322 10. 90.
5323 10. 90.
5324 10. 90.
5325 10. 90.
5326 9. 91.
5327 9. 91.
5328 9. 91.
5329 9. 91.
5330 9. 91.
5331 9. 91.
5332 9. 91.
5333 9. 91.
5334 8. 92.
5335 8. 92.
5336 8. 92.
5337 9. 91.
5338 8. 92.
5339 8. 92.
5340 8. 92.
5341 8. 92.
5342 8. 92.
5343 9. 91.
5344 9. 91.
5345 10. 90.
5346 9. 91.
5347 9. 91.
5348 10. 90.
5349 10. 90.
5350 10. 90.
5351 10. 90.
5352 11. 89.
5353 11. 89.
5354 11. 89.
5355 11. 89.
5356 11. 89.
5357 11. 89.
5358 12. 88.
5359 12. 88.
5360 12. 88.
5361 12. 88.
5362 12. 88.
5363 12. 88.
5364 12. 88.
5365 12. 88.
5366 12. 88.
5367 12. 88.
5368 12. 88.
5369 12. 88.
5370 12. 88.
5371 12. 88.
5372 12. 88.
5373 13. 87.
5374 13. 87.
5375 13. 87.
5376 13. 87.
5377 13. 87.
5378 13. 87.
5379 14. 86.
5380 14. 86.
5381 14. 86.
5382 14. 86.
5383 14. 86.
5384 14. 86.
5385 14. 86.
5386 14. 86.
5387 14. 86.
5388 14. 86.
5389 14. 86.
5390 14. 86.
5391 14. 86.
5392 14. 86.
5393 14. 86.
5394 14. 86.
5395 14. 86.
5396 13. 87.
5397 13. 87.
5398 13. 87.
5399 13. 87.
5400 13. 87.
5401 13. 87.
5402 13. 87.
5403 14. 86.
5404 14. 86.
5405 14. 86.
5406 14. 86.
5407 14. 86.
5408 14. 86.
5409 14. 86.
5410 14. 86.
5411 14. 86.
5412 14. 86.
5413 14. 86.
5414 14. 86.
5415 14. 86.
5416 14. 86.
5417 14. 86.
5418 14. 86.
5419 14. 86.
5420 14. 86.
5421 14. 86.
5422 14. 86.
5423 14. 86.
5424 14. 86.
5425 14. 86.
5426 14. 86.
5427 13. 87.
5428 13. 87.
5429 13. 87.
5430 12. 88.
5431 12. 88.
5432 12. 88.
5433 12. 88.
5434 12. 88.
5435 12. 88.
5436 12. 88.
5437 12. 88.
5438 11. 89.
5439 11. 89.
5440 11. 89.
5441 11. 89.
5442 11. 89.
5443 11. 89.
5444 11. 89.
5445 11. 89.
5446 10. 90.
5447 10. 90.
5448 10. 90.
5449 10. 90.
5450 10. 90.
5451 10. 90.
5452 11. 89.
5453 11. 89.
5454 11. 89.
5455 11. 89.
5456 11. 89.
5457 11. 89.
5458 11. 89.
5459 11. 89.
5460 11. 89.
5461 11. 89.
5462 11. 89.
5463 11. 89.
5464 11. 89.
5465 11. 89.
5466 11. 89.
5467 11. 89.
5468 11. 89.
5469 12. 88.
5470 12. 88.
5471 12. 88.
5472 13. 87.
5473 13. 87.
5474 13. 87.
5475 13. 87.
5476 13. 87.
5477 13. 87.
5478 13. 87.
5479 13. 87.
5480 13. 87.
5481 13. 87.
5482 13. 87.
5483 12. 88.
5484 12. 88.
5485 12. 88.
5486 12. 88.
5487 12. 88.
5488 11. 89.
5489 11. 89.
5490 11. 89.
5491 11. 89.
5492 11. 89.
5493 11. 89.
5494 11. 89.
5495 11. 89.
5496 11. 89.
5497 11. 89.
5498 11. 89.
5499 11. 89.
5500 11. 89.
5501 11. 89.
5502 11. 89.
5503 11. 89.
5504 11. 89.
5505 11. 89.
5506 12. 88.
5507 12. 88.
5508 12. 88.
5509 12. 88.
5510 12. 88.
5511 12. 88.
5512 12. 88.
5513 12. 88.
5514 12. 88.
5515 12. 88.
5516 12. 88.
5517 12. 88.
5518 12. 88.
5519 12. 88.
5520 12. 88.
5521 12. 88.
5522 12. 88.
5523 12. 88.
5524 12. 88.
5525 12. 88.
5526 12. 88.
5527 12. 88.
5528 12. 88.
5529 12. 88.
5530 12. 88.
5531 12. 88.
5532 12. 88.
5533 12. 88.
5534 12. 88.
5535 12. 88.
5536 12. 88.
5537 12. 88.
5538 12. 88.
5539 12. 88.
5540 12. 88.
5541 12. 88.
5542 11. 89.
5543 11. 89.
5544 11. 89.
5545 11. 89.
5546 10. 90.
5547 10. 90.
5548 10. 90.
5549 10. 90.
5550 10. 90.
5551 10. 90.
5552 10. 90.
5553 10. 90.
5554 10. 90.
5555 10. 90.
5556 10. 90.
5557 10. 90.
5558 10. 90.
5559 11. 89.
5560 11. 89.
5561 11. 89.
5562 11. 89.
5563 11. 89.
5564 11. 89.
5565 11. 89.
5566 11. 89.
5567 11. 89.
5568 11. 89.
5569 11. 89.
5570 11. 89.
5571 12. 88.
5572 12. 88.
5573 12. 88.
5574 12. 88.
5575 12. 88.
5576 12. 88.
5577 12. 88.
5578 12. 88.
5579 12. 88.
5580 12. 88.
5581 12. 88.
5582 12. 88.
5583 12. 88.
5584 12. 88.
5585 12. 88.
5586 12. 88.
5587 12. 88.
5588 12. 88.
5589 11. 89.
5590 11. 89.
5591 11. 89.
5592 11. 89.
5593 12. 88.
5594 12. 88.
5595 12. 88.
5596 12. 88.
5597 11. 89.
5598 11. 89.
5599 11. 89.
5600 11. 89.
5601 11. 89.
5602 11. 89.
5603 11. 89.
5604 11. 89.
5605 11. 89.
5606 11. 89.
5607 11. 89.
5608 11. 89.
5609 11. 89.
5610 11. 89.
5611 12. 88.
5612 13. 87.
5613 13. 87.
5614 13. 87.
5615 13. 87.
5616 13. 87.
5617 13. 87.
5618 13. 87.
5619 13. 87.
5620 13. 87.
5621 13. 87.
5622 13. 87.
5623 13. 87.
5624 13. 87.
5625 13. 87.
5626 13. 87.
5627 13. 87.
5628 13. 87.
5629 13. 87.
5630 13. 87.
5631 13. 87.
5632 13. 87.
5633 13. 87.
5634 13. 87.
5635 13. 87.
5636 13. 87.
5637 12. 88.
5638 12. 88.
5639 13. 87.
5640 13. 87.
5641 13. 87.
5642 13. 87.
5643 13. 87.
5644 13. 87.
5645 13. 87.
5646 13. 87.
5647 13. 87.
5648 13. 87.
5649 13. 87.
5650 13. 87.
5651 13. 87.
5652 13. 87.
5653 13. 87.
5654 13. 87.
5655 13. 87.
5656 12. 88.
5657 12. 88.
5658 12. 88.
5659 12. 88.
5660 12. 88.
5661 12. 88.
5662 12. 88.
5663 12. 88.
5664 12. 88.
5665 12. 88.
5666 12. 88.
5667 12. 88.
5668 11. 89.
5669 11. 89.
5670 11. 89.
5671 11. 89.
5672 12. 88.
5673 12. 88.
5674 12. 88.
5675 12. 88.
5676 12. 88.
5677 12. 88.
5678 12. 88.
5679 12. 88.
5680 12. 88.
5681 12. 88.
5682 12. 88.
5683 12. 88.
5684 12. 88.
5685 12. 88.
5686 12. 88.
5687 12. 88.
5688 12. 88.
5689 12. 88.
5690 12. 88.
5691 12. 88.
5692 12. 88.
5693 12. 88.
5694 12. 88.
5695 12. 88.
5696 12. 88.
5697 12. 88.
5698 12. 88.
5699 12. 88.
5700 12. 88.
5701 12. 88.
5702 13. 87.
5703 13. 87.
5704 13. 87.
5705 13. 87.
5706 13. 87.
5707 13. 87.
5708 13. 87.
5709 13. 87.
5710 13. 87.
5711 13. 87.
5712 13. 87.
5713 12. 88.
5714 12. 88.
5715 12. 88.
5716 12. 88.
5717 12. 88.
5718 12. 88.
5719 12. 88.
5720 12. 88.
5721 12. 88.
5722 12. 88.
5723 12. 88.
5724 12. 88.
5725 12. 88.
5726 12. 88.
5727 12. 88.
5728 12. 88.
5729 12. 88.
5730 12. 88.
5731 12. 88.
5732 12. 88.
5733 12. 88.
5734 12. 88.
5735 12. 88.
5736 12. 88.
5737 12. 88.
5738 12. 88.
5739 12. 88.
5740 12. 88.
5741 12. 88.
5742 12. 88.
5743 12. 88.
5744 12. 88.
5745 12. 88.
5746 12. 88.
5747 12. 88.
5748 12. 88.
5749 12. 88.
5750 12. 88.
5751 12. 88.
5752 12. 88.
5753 12. 88.
5754 12. 88.
5755 12. 88.
5756 12. 88.
5757 12. 88.
5758 12. 88.
5759 12. 88.
5760 12. 88.
5761 12. 88.
5762 12. 88.
5763 12. 88.
5764 12. 88.
5765 12. 88.
5766 12. 88.
5767 12. 88.
5768 12. 88.
5769 12. 88.
5770 12. 88.
5771 12. 88.
5772 12. 88.
5773 12. 88.
5774 11. 89.
5775 11. 89.
5776 11. 89.
5777 11. 89.
5778 11. 89.
5779 11. 89.
5780 11. 89.
5781 11. 89.
5782 11. 89.
5783 11. 89.
5784 11. 89.
5785 11. 89.
5786 11. 89.
5787 11. 89.
5788 11. 89.
5789 11. 89.
5790 11. 89.
5791 11. 89.
5792 11. 89.
5793 11. 89.
5794 11. 89.
5795 11. 89.
5796 11. 89.
5797 11. 89.
5798 11. 89.
5799 11. 89.
5800 11. 89.
5801 11. 89.
5802 11. 89.
5803 11. 89.
5804 11. 89.
5805 11. 89.
5806 11. 89.
5807 11. 89.
5808 11. 89.
5809 11. 89.
5810 10. 90.
5811 10. 90.
5812 10. 90.
5813 10. 90.
5814 10. 90.
5815 10. 90.
5816 10. 90.
5817 10. 90.
5818 10. 90.
5819 10. 90.
5820 10. 90.
5821 10. 90.
5822 10. 90.
5823 10. 90.
5824 11. 89.
5825 11. 89.
5826 11. 89.
5827 11. 89.
5828 11. 89.
5829 10. 90.
5830 10. 90.
5831 10. 90.
5832 10. 90.
5833 10. 90.
5834 10. 90.
5835 10. 90.
5836 9. 91.
5837 9. 91.
5838 9. 91.
5839 10. 90.
5840 9. 91.
5841 9. 91.
5842 9. 91.
5843 9. 91.
5844 9. 91.
5845 10. 90.
5846 11. 89.
5847 11. 89.
5848 11. 89.
5849 11. 89.
5850 11. 89.
5851 11. 89.
5852 11. 89.
5853 11. 89.
5854 11. 89.
5855 11. 89.
5856 12. 88.
5857 12. 88.
5858 12. 88.
5859 12. 88.
5860 12. 88.
5861 12. 88.
5862 12. 88.
5863 12. 88.
5864 11. 89.
5865 11. 89.
5866 11. 89.
5867 11. 89.
5868 11. 89.
5869 11. 89.
5870 11. 89.
5871 11. 89.
5872 11. 89.
5873 11. 89.
5874 11. 89.
5875 10. 90.
5876 10. 90.
5877 10. 90.
5878 10. 90.
5879 10. 90.
5880 10. 90.
5881 10. 90.
5882 10. 90.
5883 10. 90.
5884 10. 90.
5885 10. 90.
5886 10. 90.
5887 10. 90.
5888 11. 89.
5889 11. 89.
5890 11. 89.
5891 11. 89.
5892 11. 89.
5893 11. 89.
5894 11. 89.
5895 11. 89.
5896 11. 89.
5897 11. 89.
5898 11. 89.
5899 11. 89.
5900 11. 89.
5901 11. 89.
5902 11. 89.
5903 11. 89.
5904 10. 90.
5905 10. 90.
5906 10. 90.
5907 10. 90.
5908 10. 90.
5909 10. 90.
5910 10. 90.
5911 10. 90.
5912 9. 91.
5913 9. 91.
5914 9. 91.
5915 9. 91.
5916 9. 91.
5917 9. 91.
5918 9. 91.
5919 9. 91.
5920 9. 91.
5921 9. 91.
5922 9. 91.
5923 9. 91.
5924 9. 91.
5925 9. 91.
5926 9. 91.
5927 10. 90.
5928 10. 90.
5929 10. 90.
5930 10. 90.
5931 10. 90.
5932 11. 89.
5933 11. 89.
5934 11. 89.
5935 11. 89.
5936 11. 89.
5937 11. 89.
5938 11. 89.
5939 11. 89.
5940 11. 89.
5941 11. 89.
5942 11. 89.
5943 11. 89.
5944 11. 89.
5945 11. 89.
5946 11. 89.
5947 11. 89.
5948 11. 89.
5949 11. 89.
5950 11. 89.
5951 11. 89.
5952 11. 89.
5953 11. 89.
5954 11. 89.
5955 11. 89.
5956 11. 89.
5957 11. 89.
5958 11. 89.
5959 11. 89.
5960 11. 89.
5961 11. 89.
5962 11. 89.
5963 11. 89.
5964 11. 89.
5965 11. 89.
5966 11. 89.
5967 11. 89.
5968 11. 89.
5969 10. 90.
5970 10. 90.
5971 10. 90.
5972 10. 90.
5973 10. 90.
5974 10. 90.
5975 10. 90.
5976 10. 90.
5977 10. 90.
5978 10. 90.
5979 10. 90.
5980 10. 90.
5981 10. 90.
5982 10. 90.
5983 10. 90.
5984 10. 90.
5985 10. 90.
5986 10. 90.
5987 10. 90.
5988 10. 90.
5989 10. 90.
5990 10. 90.
5991 10. 90.
5992 10. 90.
5993 10. 90.
5994 10. 90.
5995 10. 90.
5996 10. 90.
5997 10. 90.
5998 10. 90.
5999 10. 90.
6000 10. 90.
6001 9. 91.
6002 9. 91.
6003 9. 91.
6004 10. 90.
6005 10. 90.
6006 10. 90.
6007 10. 90.
6008 10. 90.
6009 10. 90.
6010 10. 90.
6011 10. 90.
6012 10. 90.
6013 10. 90.
6014 10. 90.
6015 10. 90.
6016 10. 90.
6017 10. 90.
6018 9. 91.
6019 9. 91.
6020 9. 91.
6021 9. 91.
6022 9. 91.
6023 9. 91.
6024 9. 91.
6025 9. 91.
6026 9. 91.
6027 9. 91.
6028 9. 91.
6029 9. 91.
6030 9. 91.
6031 9. 91.
6032 9. 91.
6033 9. 91.
6034 9. 91.
6035 9. 91.
6036 9. 91.
6037 9. 91.
6038 9. 91.
6039 9. 91.
6040 9. 91.
6041 9. 91.
6042 9. 91.
6043 9. 91.
6044 9. 91.
6045 9. 91.
6046 9. 91.
6047 9. 91.
6048 9. 91.
6049 9. 91.
6050 10. 90.
6051 10. 90.
6052 10. 90.
6053 10. 90.
6054 10. 90.
6055 10. 90.
6056 10. 90.
6057 10. 90.
6058 10. 90.
6059 10. 90.
6060 10. 90.
6061 10. 90.
6062 10. 90.
6063 10. 90.
6064 10. 90.
6065 10. 90.
6066 10. 90.
6067 10. 90.
6068 10. 90.
6069 10. 90.
6070 10. 90.
6071 10. 90.
6072 10. 90.
6073 10. 90.
6074 10. 90.
6075 10. 90.
6076 9. 91.
6077 9. 91.
6078 9. 91.
6079 9. 91.
6080 9. 91.
6081 9. 91.
6082 9. 91.
6083 9. 91.
6084 9. 91.
6085 9. 91.
6086 9. 91.
6087 9. 91.
6088 9. 91.
6089 9. 91.
6090 10. 90.
6091 10. 90.
6092 10. 90.
6093 10. 90.
6094 10. 90.
6095 10. 90.
6096 10. 90.
6097 10. 90.
6098 10. 90.
6099 10. 90.
6100 10. 90.
6101 10. 90.
6102 10. 90.
6103 11. 89.
6104 11. 89.
6105 11. 89.
6106 11. 89.
6107 10. 90.
6108 10. 90.
6109 10. 90.
6110 10. 90.
6111 10. 90.
6112 9. 91.
6113 9. 91.
6114 8. 92.
6115 8. 92.
6116 8. 92.
6117 8. 92.
6118 8. 92.
6119 8. 92.
6120 8. 92.
6121 8. 92.
6122 8. 92.
6123 8. 92.
6124 8. 92.
6125 8. 92.
6126 8. 92.
6127 8. 92.
6128 8. 92.
6129 8. 92.
6130 8. 92.
6131 8. 92.
6132 8. 92.
6133 8. 92.
6134 8. 92.
6135 8. 92.
6136 8. 92.
6137 8. 92.
6138 8. 92.
6139 8. 92.
6140 8. 92.
6141 8. 92.
6142 8. 92.
6143 9. 91.
6144 9. 91.
6145 9. 91.
6146 9. 91.
6147 9. 91.
6148 9. 91.
6149 9. 91.
6150 9. 91.
6151 9. 91.
6152 9. 91.
6153 9. 91.
6154 9. 91.
6155 9. 91.
6156 9. 91.
6157 9. 91.
6158 9. 91.
6159 9. 91.
6160 9. 91.
6161 9. 91.
6162 9. 91.
6163 9. 91.
6164 9. 91.
6165 9. 91.
6166 9. 91.
6167 9. 91.
6168 9. 91.
6169 9. 91.
6170 9. 91.
6171 9. 91.
6172 9. 91.
6173 9. 91.
6174 9. 91.
6175 9. 91.
6176 9. 91.
6177 9. 91.
6178 9. 91.
6179 9. 91.
6180 9. 91.
6181 9. 91.
6182 9. 91.
6183 9. 91.
6184 9. 91.
6185 9. 91.
6186 9. 91.
6187 9. 91.
6188 9. 91.
6189 9. 91.
6190 9. 91.
6191 8. 92.
6192 8. 92.
6193 8. 92.
6194 8. 92.
6195 8. 92.
6196 8. 92.
6197 8. 92.
6198 8. 92.
6199 8. 92.
6200 8. 92.
6201 8. 92.
6202 8. 92.
6203 8. 92.
6204 8. 92.
6205 8. 92.
6206 8. 92.
6207 8. 92.
6208 8. 92.
6209 8. 92.
6210 8. 92.
6211 8. 92.
6212 8. 92.
6213 8. 92.
6214 8. 92.
6215 8. 92.
6216 8. 92.
6217 8. 92.
6218 8. 92.
6219 8. 92.
6220 8. 92.
6221 8. 92.
6222 8. 92.
6223 8. 92.
6224 8. 92.
6225 8. 92.
6226 8. 92.
6227 8. 92.
6228 8. 92.
6229 8. 92.
6230 8. 92.
6231 8. 92.
6232 8. 92.
6233 8. 92.
6234 8. 92.
6235 8. 92.
6236 8. 92.
6237 8. 92.
6238 9. 91.
6239 9. 91.
6240 9. 91.
6241 9. 91.
6242 9. 91.
6243 9. 91.
6244 9. 91.
6245 9. 91.
6246 8. 92.
6247 8. 92.
6248 8. 92.
6249 8. 92.
6250 8. 92.
6251 9. 91.
6252 9. 91.
6253 9. 91.
6254 9. 91.
6255 9. 91.
6256 9. 91.
6257 9. 91.
6258 9. 91.
6259 8. 92.
6260 8. 92.
6261 7. 93.
6262 7. 93.
6263 7. 93.
6264 7. 93.
6265 7. 93.
6266 7. 93.
6267 7. 93.
6268 7. 93.
6269 7. 93.
6270 7. 93.
6271 7. 93.
6272 7. 93.
6273 7. 93.
6274 7. 93.
6275 7. 93.
6276 7. 93.
6277 7. 93.
6278 7. 93.
6279 7. 93.
6280 7. 93.
6281 7. 93.
6282 7. 93.
6283 7. 93.
6284 7. 93.
6285 7. 93.
6286 8. 92.
6287 8. 92.
6288 8. 92.
6289 8. 92.
6290 8. 92.
6291 8. 92.
6292 8. 92.
6293 8. 92.
6294 8. 92.
6295 8. 92.
6296 8. 92.
6297 8. 92.
6298 8. 92.
6299 8. 92.
6300 8. 92.
6301 8. 92.
6302 8. 92.
6303 8. 92.
6304 8. 92.
6305 8. 92.
6306 8. 92.
6307 8. 92.
6308 8. 92.
6309 8. 92.
6310 8. 92.
6311 8. 92.
6312 8. 92.
6313 8. 92.
6314 8. 92.
6315 8. 92.
6316 8. 92.
6317 7. 93.
6318 7. 93.
6319 7. 93.
6320 7. 93.
6321 7. 93.
6322 7. 93.
6323 6. 94.
6324 6. 94.
6325 6. 94.
6326 6. 94.
6327 6. 94.
6328 6. 94.
6329 6. 94.
6330 6. 94.
6331 6. 94.
6332 6. 94.
6333 6. 94.
6334 6. 94.
6335 6. 94.
6336 6. 94.
6337 6. 94.
6338 6. 94.
6339 6. 94.
6340 6. 94.
6341 6. 94.
6342 6. 94.
6343 6. 94.
6344 6. 94.
6345 6. 94.
6346 6. 94.
6347 6. 94.
6348 6. 94.
6349 6. 94.
6350 6. 94.
6351 6. 94.
6352 6. 94.
6353 6. 94.
6354 6. 94.
6355 6. 94.
6356 6. 94.
6357 6. 94.
6358 6. 94.
6359 6. 94.
6360 6. 94.
6361 6. 94.
6362 6. 94.
6363 6. 94.
6364 6. 94.
6365 6. 94.
6366 6. 94.
6367 6. 94.
6368 6. 94.
6369 6. 94.
6370 6. 94.
6371 6. 94.
6372 6. 94.
6373 6. 94.
6374 6. 94.
6375 6. 94.
6376 7. 93.
6377 7. 93.
6378 7. 93.
6379 7. 93.
6380 7. 93.
6381 6. 94.
6382 6. 94.
6383 6. 94.
6384 7. 93.
6385 7. 93.
6386 7. 93.
6387 7. 93.
6388 7. 93.
6389 7. 93.
6390 7. 93.
6391 7. 93.
6392 7. 93.
6393 7. 93.
6394 7. 93.
6395 7. 93.
6396 7. 93.
6397 7. 93.
6398 7. 93.
6399 7. 93.
6400 6. 94.
6401 5. 95.
6402 5. 95.
6403 5. 95.
6404 5. 95.
6405 5. 95.
6406 5. 95.
6407 5. 95.
6408 5. 95.
6409 5. 95.
6410 5. 95.
6411 5. 95.
6412 5. 95.
6413 5. 95.
6414 5. 95.
6415 5. 95.
6416 5. 95.
6417 5. 95.
6418 5. 95.
6419 5. 95.
6420 5. 95.
6421 5. 95.
6422 5. 95.
6423 5. 95.
6424 6. 94.
6425 6. 94.
6426 6. 94.
6427 6. 94.
6428 6. 94.
6429 6. 94.
6430 6. 94.
6431 5. 95.
6432 5. 95.
6433 5. 95.
6434 5. 95.
6435 5. 95.
6436 5. 95.
6437 5. 95.
6438 5. 95.
6439 5. 95.
6440 5. 95.
6441 5. 95.
6442 5. 95.
6443 5. 95.
6444 5. 95.
6445 5. 95.
6446 5. 95.
6447 5. 95.
6448 5. 95.
6449 5. 95.
6450 5. 95.
6451 6. 94.
6452 6. 94.
6453 6. 94.
6454 6. 94.
6455 6. 94.
6456 6. 94.
6457 6. 94.
6458 6. 94.
6459 6. 94.
6460 6. 94.
6461 6. 94.
6462 6. 94.
6463 6. 94.
6464 6. 94.
6465 6. 94.
6466 6. 94.
6467 6. 94.
6468 6. 94.
6469 6. 94.
6470 6. 94.
6471 6. 94.
6472 6. 94.
6473 6. 94.
6474 6. 94.
6475 6. 94.
6476 6. 94.
6477 6. 94.
6478 6. 94.
6479 6. 94.
6480 6. 94.
6481 6. 94.
6482 6. 94.
6483 6. 94.
6484 6. 94.
6485 6. 94.
6486 6. 94.
6487 6. 94.
6488 6. 94.
6489 6. 94.
6490 6. 94.
6491 6. 94.
6492 6. 94.
6493 6. 94.
6494 6. 94.
6495 6. 94.
6496 6. 94.
6497 6. 94.
6498 6. 94.
6499 6. 94.
6500 6. 94.
6501 6. 94.
6502 6. 94.
6503 6. 94.
6504 6. 94.
6505 5. 95.
6506 5. 95.
6507 5. 95.
6508 5. 95.
6509 5. 95.
6510 5. 95.
6511 5. 95.
6512 5. 95.
6513 5. 95.
6514 5. 95.
6515 5. 95.
6516 5. 95.
6517 4. 96.
6518 4. 96.
6519 4. 96.
6520 4. 96.
6521 4. 96.
6522 4. 96.
6523 4. 96.
6524 5. 95.
6525 5. 95.
6526 5. 95.
6527 5. 95.
6528 5. 95.
6529 5. 95.
6530 5. 95.
6531 6. 94.
6532 6. 94.
6533 6. 94.
6534 6. 94.
6535 6. 94.
6536 6. 94.
6537 6. 94.
6538 6. 94.
6539 6. 94.
6540 6. 94.
6541 6. 94.
6542 6. 94.
6543 6. 94.
6544 6. 94.
6545 6. 94.
6546 7. 93.
6547 7. 93.
6548 7. 93.
6549 7. 93.
6550 7. 93.
6551 7. 93.
6552 7. 93.
6553 7. 93.
6554 7. 93.
6555 7. 93.
6556 7. 93.
6557 7. 93.
6558 7. 93.
6559 7. 93.
6560 7. 93.
6561 7. 93.
6562 7. 93.
6563 7. 93.
6564 7. 93.
6565 7. 93.
6566 7. 93.
6567 7. 93.
6568 7. 93.
6569 7. 93.
6570 7. 93.
6571 7. 93.
6572 7. 93.
6573 7. 93.
6574 6. 94.
6575 6. 94.
6576 6. 94.
6577 6. 94.
6578 6. 94.
6579 6. 94.
6580 5. 95.
6581 5. 95.
6582 5. 95.
6583 5. 95.
6584 5. 95.
6585 5. 95.
6586 5. 95.
6587 5. 95.
6588 5. 95.
6589 5. 95.
6590 5. 95.
6591 5. 95.
6592 4. 96.
6593 4. 96.
6594 4. 96.
6595 4. 96.
6596 4. 96.
6597 4. 96.
6598 4. 96.
6599 4. 96.
6600 4. 96.
6601 4. 96.
6602 4. 96.
6603 4. 96.
6604 4. 96.
6605 4. 96.
6606 4. 96.
6607 4. 96.
6608 4. 96.
6609 4. 96.
6610 4. 96.
6611 4. 96.
6612 4. 96.
6613 4. 96.
6614 4. 96.
6615 4. 96.
6616 4. 96.
6617 4. 96.
6618 4. 96.
6619 4. 96.
6620 4. 96.
6621 4. 96.
6622 4. 96.
6623 4. 96.
6624 4. 96.
6625 4. 96.
6626 4. 96.
6627 4. 96.
6628 4. 96.
6629 4. 96.
6630 5. 95.
6631 5. 95.
6632 5. 95.
6633 5. 95.
6634 5. 95.
6635 5. 95.
6636 5. 95.
6637 5. 95.
6638 4. 96.
6639 4. 96.
6640 4. 96.
6641 4. 96.
6642 4. 96.
6643 4. 96.
6644 4. 96.
6645 4. 96.
6646 4. 96.
6647 4. 96.
6648 4. 96.
6649 4. 96.
6650 4. 96.
6651 4. 96.
6652 4. 96.
6653 4. 96.
6654 4. 96.
6655 4. 96.
6656 4. 96.
6657 4. 96.
6658 4. 96.
6659 4. 96.
6660 4. 96.
6661 4. 96.
6662 4. 96.
6663 4. 96.
6664 3. 97.
6665 3. 97.
6666 3. 97.
6667 3. 97.
6668 3. 97.
6669 3. 97.
6670 3. 97.
6671 3. 97.
6672 2. 98.
6673 2. 98.
6674 2. 98.
6675 2. 98.
6676 2. 98.
6677 2. 98.
6678 2. 98.
6679 3. 97.
6680 3. 97.
6681 3. 97.
6682 3. 97.
6683 4. 96.
6684 4. 96.
6685 4. 96.
6686 3. 97.
6687 3. 97.
6688 3. 97.
6689 3. 97.
6690 3. 97.
6691 3. 97.
6692 3. 97.
6693 3. 97.
6694 3. 97.
6695 3. 97.
6696 3. 97.
6697 3. 97.
6698 3. 97.
6699 3. 97.
6700 3. 97.
6701 3. 97.
6702 3. 97.
6703 3. 97.
6704 3. 97.
6705 3. 97.
6706 3. 97.
6707 3. 97.
6708 3. 97.
6709 3. 97.
6710 3. 97.
6711 3. 97.
6712 3. 97.
6713 3. 97.
6714 3. 97.
6715 3. 97.
6716 3. 97.
6717 3. 97.
6718 3. 97.
6719 3. 97.
6720 3. 97.
6721 3. 97.
6722 3. 97.
6723 3. 97.
6724 3. 97.
6725 3. 97.
6726 3. 97.
6727 3. 97.
6728 3. 97.
6729 3. 97.
6730 3. 97.
6731 3. 97.
6732 3. 97.
6733 3. 97.
6734 3. 97.
6735 3. 97.
6736 3. 97.
6737 3. 97.
6738 3. 97.
6739 3. 97.
6740 2. 98.
6741 2. 98.
6742 2. 98.
6743 2. 98.
6744 2. 98.
6745 2. 98.
6746 2. 98.
6747 2. 98.
6748 2. 98.
6749 2. 98.
6750 2. 98.
6751 2. 98.
6752 2. 98.
6753 2. 98.
6754 2. 98.
6755 2. 98.
6756 2. 98.
6757 2. 98.
6758 2. 98.
6759 3. 97.
6760 3. 97.
6761 3. 97.
6762 3. 97.
6763 3. 97.
6764 3. 97.
6765 3. 97.
6766 3. 97.
6767 3. 97.
6768 3. 97.
6769 3. 97.
6770 3. 97.
6771 3. 97.
6772 3. 97.
6773 3. 97.
6774 3. 97.
6775 3. 97.
6776 3. 97.
6777 3. 97.
6778 3. 97.
6779 3. 97.
6780 3. 97.
6781 3. 97.
6782 3. 97.
6783 3. 97.
6784 3. 97.
6785 3. 97.
6786 3. 97.
6787 3. 97.
6788 3. 97.
6789 3. 97.
6790 3. 97.
6791 3. 97.
6792 3. 97.
6793 4. 96.
6794 4. 96.
6795 4. 96.
6796 4. 96.
6797 5. 95.
6798 5. 95.
6799 5. 95.
6800 5. 95.
6801 5. 95.
6802 5. 95.
6803 4. 96.
6804 4. 96.
6805 4. 96.
6806 4. 96.
6807 4. 96.
6808 4. 96.
6809 4. 96.
6810 4. 96.
6811 4. 96.
6812 4. 96.
6813 4. 96.
6814 4. 96.
6815 4. 96.
6816 4. 96.
6817 4. 96.
6818 4. 96.
6819 4. 96.
6820 4. 96.
6821 4. 96.
6822 4. 96.
6823 4. 96.
6824 4. 96.
6825 4. 96.
6826 4. 96.
6827 4. 96.
6828 4. 96.
6829 4. 96.
6830 4. 96.
6831 4. 96.
6832 4. 96.
6833 4. 96.
6834 4. 96.
6835 4. 96.
6836 4. 96.
6837 4. 96.
6838 4. 96.
6839 4. 96.
6840 4. 96.
6841 4. 96.
6842 4. 96.
6843 4. 96.
6844 4. 96.
6845 4. 96.
6846 4. 96.
6847 4. 96.
6848 4. 96.
6849 4. 96.
6850 4. 96.
6851 4. 96.
6852 4. 96.
6853 4. 96.
6854 4. 96.
6855 4. 96.
6856 4. 96.
6857 4. 96.
6858 4. 96.
6859 4. 96.
6860 5. 95.
6861 5. 95.
6862 5. 95.
6863 4. 96.
6864 4. 96.
6865 4. 96.
6866 4. 96.
6867 4. 96.
6868 4. 96.
6869 4. 96.
6870 4. 96.
6871 4. 96.
6872 4. 96.
6873 4. 96.
6874 4. 96.
6875 4. 96.
6876 4. 96.
6877 4. 96.
6878 4. 96.
6879 4. 96.
6880 4. 96.
6881 4. 96.
6882 4. 96.
6883 4. 96.
6884 4. 96.
6885 4. 96.
6886 4. 96.
6887 4. 96.
6888 4. 96.
6889 4. 96.
6890 4. 96.
6891 4. 96.
6892 4. 96.
6893 4. 96.
6894 4. 96.
6895 4. 96.
6896 4. 96.
6897 4. 96.
6898 4. 96.
6899 4. 96.
6900 4. 96.
6901 4. 96.
6902 4. 96.
6903 4. 96.
6904 4. 96.
6905 4. 96.
6906 4. 96.
6907 4. 96.
6908 4. 96.
6909 4. 96.
6910 4. 96.
6911 4. 96.
6912 4. 96.
6913 4. 96.
6914 4. 96.
6915 4. 96.
6916 4. 96.
6917 4. 96.
6918 4. 96.
6919 4. 96.
6920 4. 96.
6921 4. 96.
6922 4. 96.
6923 4. 96.
6924 4. 96.
6925 4. 96.
6926 4. 96.
6927 4. 96.
6928 4. 96.
6929 4. 96.
6930 4. 96.
6931 4. 96.
6932 4. 96.
6933 4. 96.
6934 4. 96.
6935 4. 96.
6936 4. 96.
6937 4. 96.
6938 4. 96.
6939 4. 96.
6940 4. 96.
6941 4. 96.
6942 4. 96.
6943 4. 96.
6944 4. 96.
6945 4. 96.
6946 4. 96.
6947 4. 96.
6948 4. 96.
6949 4. 96.
6950 4. 96.
6951 4. 96.
6952 4. 96.
6953 4. 96.
6954 4. 96.
6955 4. 96.
6956 4. 96.
6957 4. 96.
6958 4. 96.
6959 4. 96.
6960 4. 96.
6961 4. 96.
6962 4. 96.
6963 4. 96.
6964 4. 96.
6965 4. 96.
6966 4. 96.
6967 4. 96.
6968 4. 96.
6969 4. 96.
6970 4. 96.
6971 4. 96.
6972 4. 96.
6973 4. 96.
6974 4. 96.
6975 4. 96.
6976 4. 96.
6977 4. 96.
6978 3. 97.
6979 3. 97.
6980 3. 97.
6981 3. 97.
6982 3. 97.
6983 3. 97.
6984 3. 97.
6985 3. 97.
6986 3. 97.
6987 3. 97.
6988 3. 97.
6989 3. 97.
6990 3. 97.
6991 3. 97.
6992 3. 97.
6993 3. 97.
6994 3. 97.
6995 3. 97.
6996 3. 97.
6997 3. 97.
6998 3. 97.
6999 3. 97.
7000 3. 97.
7001 3. 97.
7002 3. 97.
7003 3. 97.
7004 3. 97.
7005 3. 97.
7006 3. 97.
7007 3. 97.
7008 3. 97.
7009 3. 97.
7010 3. 97.
7011 3. 97.
7012 3. 97.
7013 3. 97.
7014 4. 96.
7015 4. 96.
7016 4. 96.
7017 4. 96.
7018 4. 96.
7019 4. 96.
7020 4. 96.
7021 3. 97.
7022 3. 97.
7023 3. 97.
7024 3. 97.
7025 3. 97.
7026 3. 97.
7027 4. 96.
7028 4. 96.
7029 4. 96.
7030 4. 96.
7031 4. 96.
7032 4. 96.
7033 4. 96.
7034 4. 96.
7035 4. 96.
7036 3. 97.
7037 3. 97.
7038 3. 97.
7039 3. 97.
7040 3. 97.
7041 4. 96.
7042 4. 96.
7043 4. 96.
7044 4. 96.
7045 4. 96.
7046 4. 96.
7047 3. 97.
7048 3. 97.
7049 3. 97.
7050 3. 97.
7051 3. 97.
7052 3. 97.
7053 3. 97.
7054 3. 97.
7055 3. 97.
7056 3. 97.
7057 3. 97.
7058 3. 97.
7059 3. 97.
7060 3. 97.
7061 2. 98.
7062 2. 98.
7063 2. 98.
7064 2. 98.
7065 2. 98.
7066 2. 98.
7067 2. 98.
7068 2. 98.
7069 2. 98.
7070 2. 98.
7071 2. 98.
7072 2. 98.
7073 2. 98.
7074 2. 98.
7075 2. 98.
7076 2. 98.
7077 2. 98.
7078 2. 98.
7079 2. 98.
7080 2. 98.
7081 2. 98.
7082 2. 98.
7083 2. 98.
7084 2. 98.
7085 2. 98.
7086 2. 98.
7087 2. 98.
7088 2. 98.
7089 2. 98.
7090 2. 98.
7091 2. 98.
7092 1. 99.
7093 1. 99.
7094 1. 99.
7095 1. 99.
7096 1. 99.
7097 1. 99.
7098 1. 99.
7099 1. 99.
7100 1. 99.
7101 1. 99.
7102 1. 99.
7103 1. 99.
7104 1. 99.
7105 1. 99.
7106 1. 99.
7107 1. 99.
7108 1. 99.
7109 1. 99.
7110 1. 99.
7111 1. 99.
7112 1. 99.
7113 1. 99.
7114 1. 99.
7115 1. 99.
7116 1. 99.
7117 1. 99.
7118 1. 99.
7119 1. 99.
7120 1. 99.
7121 1. 99.
7122 1. 99.
7123 1. 99.
7124 1. 99.
7125 1. 99.
7126 1. 99.
7127 1. 99.
7128 1. 99.
7129 1. 99.
7130 1. 99.
7131 1. 99.
7132 1. 99.
7133 1. 99.
7134 1. 99.
7135 1. 99.
7136 1. 99.
7137 1. 99.
7138 1. 99.
7139 1. 99.
7140 1. 99.
7141 1. 99.
7142 1. 99.
7143 1. 99.
7144 1. 99.
7145 1. 99.
7146 1. 99.
7147 1. 99.
7148 1. 99.
7149 1. 99.
7150 1. 99.
7151 1. 99.
7152 1. 99.
7153 1. 99.
7154 1. 99.
7155 1. 99.
7156 1. 99.
7157 1. 99.
7158 1. 99.
7159 1. 99.
7160 1. 99.
7161 1. 99.
7162 1. 99.
7163 1. 99.
7164 1. 99.
7165 1. 99.
7166 1. 99.
7167 1. 99.
7168 1. 99.
7169 1. 99.
7170 1. 99.
7171 1. 99.
7172 1. 99.
7173 1. 99.
7174 1. 99.
7175 1. 99.
7176 1. 99.
7177 1. 99.
7178 1. 99.
7179 1. 99.
7180 1. 99.
7181 1. 99.
7182 1. 99.
7183 1. 99.
7184 1. 99.
7185 1. 99.
7186 1. 99.
7187 1. 99.
7188 1. 99.
7189 1. 99.
7190 1. 99.
7191 1. 99.
7192 1. 99.
7193 1. 99.
7194 1. 99.
7195 1. 99.
7196 1. 99.
7197 1. 99.
7198 1. 99.
7199 1. 99.
7200 1. 99.
7201 1. 99.
7202 1. 99.
