0 18. 82.
1 17. 83.
2 17. 83.
3 17. 83.
4 18. 82.
5 18. 82.
6 18. 82.
7 18. 82.
8 19. 81.
9 20. 80.
10 20. 80.
11 20. 80.
12 20. 80.
13 20. 80.
14 20. 80.
15 20. 80.
16 20. 80.
17 20. 80.
18 19. 81.
19 19. 81.
20 19. 81.
21 19. 81.
22 19. 81.
23 19. 81.
24 19. 81.
25 19. 81.
26 19. 81.
27 19. 81.
28 19. 81.
29 19. 81.
30 19. 81.
31 19. 81.
32 19. 81.
33 20. 80.
34 20. 80.
35 21. 79.
36 20. 80.
37 21. 79.
38 21. 79.
39 21. 79.
40 22. 78.
41 22. 78.
42 22. 78.
43 22. 78.
44 22. 78.
45 22. 78.
46 22. 78.
47 22. 78.
48 22. 78.
49 22. 78.
50 22. 78.
51 22. 78.
52 22. 78.
53 22. 78.
54 23. 77.
55 23. 77.
56 23. 77.
57 23. 77.
58 22. 78.
59 22. 78.
60 23. 77.
61 23. 77.
62 23. 77.
63 23. 77.
64 24. 76.
65 24. 76.
66 23. 77.
67 23. 77.
68 23. 77.
69 22. 78.
70 22. 78.
71 22. 78.
72 23. 77.
73 22. 78.
74 22. 78.
75 22. 78.
76 22. 78.
77 22. 78.
78 22. 78.
79 23. 77.
80 22. 78.
81 22. 78.
82 22. 78.
83 22. 78.
84 22. 78.
85 22. 78.
86 22. 78.
87 22. 78.
88 22. 78.
89 22. 78.
90 22. 78.
91 23. 77.
92 22. 78.
93 22. 78.
94 22. 78.
95 21. 79.
96 22. 78.
97 22. 78.
98 22. 78.
99 22. 78.
100 22. 78.
101 22. 78.
102 22. 78.
103 22. 78.
104 22. 78.
105 22. 78.
106 22. 78.
107 22. 78.
108 22. 78.
109 22. 78.
110 22. 78.
111 22. 78.
112 22. 78.
113 22. 78.
114 22. 78.
115 23. 77.
116 23. 77.
117 22. 78.
118 22. 78.
119 22. 78.
120 22. 78.
121 22. 78.
122 22. 78.
123 22. 78.
124 22. 78.
125 22. 78.
126 22. 78.
127 23. 77.
128 23. 77.
129 22. 78.
130 22. 78.
131 22. 78.
132 22. 78.
133 22. 78.
134 21. 79.
135 21. 79.
136 21. 79.
137 22. 78.
138 21. 79.
139 21. 79.
140 21. 79.
141 22. 78.
142 22. 78.
143 22. 78.
144 22. 78.
145 21. 79.
146 21. 79.
147 21. 79.
148 21. 79.
149 21. 79.
150 21. 79.
151 21. 79.
152 21. 79.
153 21. 79.
154 21. 79.
155 21. 79.
156 21. 79.
157 21. 79.
158 21. 79.
159 21. 79.
160 21. 79.
161 21. 79.
162 21. 79.
163 21. 79.
164 21. 79.
165 21. 79.
166 21. 79.
167 21. 79.
168 21. 79.
169 21. 79.
170 21. 79.
171 21. 79.
172 22. 78.
173 22. 78.
174 22. 78.
175 21. 79.
176 21. 79.
177 21. 79.
178 21. 79.
179 21. 79.
180 21. 79.
181 21. 79.
182 21. 79.
183 21. 79.
184 21. 79.
185 22. 78.
186 22. 78.
187 22. 78.
188 22. 78.
189 22. 78.
190 21. 79.
191 21. 79.
192 21. 79.
193 21. 79.
194 21. 79.
195 21. 79.
196 21. 79.
197 21. 79.
198 21. 79.
199 21. 79.
200 21. 79.
201 21. 79.
202 21. 79.
203 21. 79.
204 21. 79.
205 21. 79.
206 21. 79.
207 21. 79.
208 22. 78.
209 22. 78.
210 22. 78.
211 22. 78.
212 22. 78.
213 22. 78.
214 22. 78.
215 22. 78.
216 22. 78.
217 22. 78.
218 22. 78.
219 22. 78.
220 22. 78.
221 21. 79.
222 21. 79.
223 21. 79.
224 22. 78.
225 22. 78.
226 22. 78.
227 22. 78.
228 22. 78.
229 22. 78.
230 22. 78.
231 22. 78.
232 22. 78.
233 23. 77.
234 23. 77.
235 24. 76.
236 24. 76.
237 23. 77.
238 23. 77.
239 23. 77.
240 23. 77.
241 23. 77.
242 23. 77.
243 24. 76.
244 24. 76.
245 24. 76.
246 24. 76.
247 24. 76.
248 25. 75.
249 25. 75.
250 26. 74.
251 26. 74.
252 26. 74.
253 26. 74.
254 26. 74.
255 26. 74.
256 26. 74.
257 26. 74.
258 26. 74.
259 26. 74.
260 26. 74.
261 26. 74.
262 26. 74.
263 26. 74.
264 26. 74.
265 26. 74.
266 26. 74.
267 27. 73.
268 26. 74.
269 27. 73.
270 27. 73.
271 27. 73.
272 27. 73.
273 27. 73.
274 27. 73.
275 27. 73.
276 27. 73.
277 27. 73.
278 27. 73.
279 27. 73.
280 26. 74.
281 26. 74.
282 26. 74.
283 27. 73.
284 28. 72.
285 29. 71.
286 29. 71.
287 29. 71.
288 29. 71.
289 29. 71.
290 29. 71.
291 29. 71.
292 30. 70.
293 29. 71.
294 29. 71.
295 29. 71.
296 28. 72.
297 28. 72.
298 28. 72.
299 28. 72.
300 28. 72.
301 28. 72.
302 28. 72.
303 28. 72.
304 28. 72.
305 28. 72.
306 28. 72.
307 28. 72.
308 28. 72.
309 28. 72.
310 28. 72.
311 28. 72.
312 29. 71.
313 29. 71.
314 29. 71.
315 29. 71.
316 29. 71.
317 29. 71.
318 29. 71.
319 29. 71.
320 29. 71.
321 29. 71.
322 29. 71.
323 29. 71.
324 28. 72.
325 28. 72.
326 27. 73.
327 26. 74.
328 26. 74.
329 26. 74.
330 27. 73.
331 27. 73.
332 27. 73.
333 27. 73.
334 27. 73.
335 27. 73.
336 28. 72.
337 29. 71.
338 29. 71.
339 29. 71.
340 30. 70.
341 30. 70.
342 30. 70.
343 30. 70.
344 30. 70.
345 30. 70.
346 30. 70.
347 30. 70.
348 30. 70.
349 31. 69.
350 30. 70.
351 30. 70.
352 30. 70.
353 30. 70.
354 30. 70.
355 30. 70.
356 30. 70.
357 30. 70.
358 30. 70.
359 30. 70.
360 30. 70.
361 30. 70.
362 30. 70.
363 30. 70.
364 30. 70.
365 29. 71.
366 29. 71.
367 29. 71.
368 29. 71.
369 29. 71.
370 29. 71.
371 28. 72.
372 28. 72.
373 29. 71.
374 29. 71.
375 29. 71.
376 29. 71.
377 29. 71.
378 29. 71.
379 29. 71.
380 29. 71.
381 29. 71.
382 29. 71.
383 29. 71.
384 29. 71.
385 29. 71.
386 28. 72.
387 28. 72.
388 28. 72.
389 28. 72.
390 28. 72.
391 28. 72.
392 28. 72.
393 28. 72.
394 27. 73.
395 27. 73.
396 27. 73.
397 28. 72.
398 28. 72.
399 28. 72.
400 28. 72.
401 29. 71.
402 28. 72.
403 28. 72.
404 28. 72.
405 28. 72.
406 28. 72.
407 28. 72.
408 27. 73.
409 27. 73.
410 27. 73.
411 27. 73.
412 27. 73.
413 27. 73.
414 27. 73.
415 27. 73.
416 27. 73.
417 27. 73.
418 27. 73.
419 27. 73.
420 27. 73.
421 27. 73.
422 27. 73.
423 28. 72.
424 28. 72.
425 28. 72.
426 27. 73.
427 27. 73.
428 27. 73.
429 27. 73.
430 27. 73.
431 27. 73.
432 27. 73.
433 26. 74.
434 26. 74.
435 26. 74.
436 26. 74.
437 26. 74.
438 26. 74.
439 26. 74.
440 26. 74.
441 25. 75.
442 25. 75.
443 25. 75.
444 25. 75.
445 25. 75.
446 25. 75.
447 25. 75.
448 25. 75.
449 25. 75.
450 25. 75.
451 25. 75.
452 25. 75.
453 24. 76.
454 24. 76.
455 24. 76.
456 25. 75.
457 25. 75.
458 25. 75.
459 25. 75.
460 26. 74.
461 26. 74.
462 26. 74.
463 27. 73.
464 27. 73.
465 26. 74.
466 26. 74.
467 26. 74.
468 26. 74.
469 27. 73.
470 27. 73.
471 27. 73.
472 27. 73.
473 28. 72.
474 28. 72.
475 27. 73.
476 28. 72.
477 28. 72.
478 28. 72.
479 28. 72.
480 28. 72.
481 28. 72.
482 28. 72.
483 28. 72.
484 28. 72.
485 28. 72.
486 28. 72.
487 28. 72.
488 28. 72.
489 28. 72.
490 28. 72.
491 28. 72.
492 28. 72.
493 28. 72.
494 28. 72.
495 29. 71.
496 29. 71.
497 29. 71.
498 29. 71.
499 29. 71.
500 29. 71.
501 29. 71.
502 29. 71.
503 29. 71.
504 30. 70.
505 29. 71.
506 29. 71.
507 29. 71.
508 28. 72.
509 28. 72.
510 28. 72.
511 29. 71.
512 28. 72.
513 28. 72.
514 28. 72.
515 28. 72.
516 28. 72.
517 28. 72.
518 28. 72.
519 28. 72.
520 28. 72.
521 28. 72.
522 28. 72.
523 29. 71.
524 29. 71.
525 29. 71.
526 29. 71.
527 29. 71.
528 29. 71.
529 29. 71.
530 30. 70.
531 30. 70.
532 31. 69.
533 31. 69.
534 31. 69.
535 31. 69.
536 31. 69.
537 32. 68.
538 32. 68.
539 33. 67.
540 33. 67.
541 33. 67.
542 33. 67.
543 33. 67.
544 34. 66.
545 34. 66.
546 34. 66.
547 34. 66.
548 34. 66.
549 34. 66.
550 34. 66.
551 34. 66.
552 34. 66.
553 34. 66.
554 34. 66.
555 34. 66.
556 34. 66.
557 34. 66.
558 33. 67.
559 32. 68.
560 32. 68.
561 32. 68.
562 31. 69.
563 31. 69.
564 31. 69.
565 30. 70.
566 30. 70.
567 29. 71.
568 29. 71.
569 30. 70.
570 29. 71.
571 29. 71.
572 29. 71.
573 29. 71.
574 29. 71.
575 29. 71.
576 29. 71.
577 30. 70.
578 31. 69.
579 32. 68.
580 32. 68.
581 32. 68.
582 32. 68.
583 32. 68.
584 32. 68.
585 32. 68.
586 32. 68.
587 32. 68.
588 31. 69.
589 31. 69.
590 31. 69.
591 31. 69.
592 31. 69.
593 31. 69.
594 31. 69.
595 32. 68.
596 32. 68.
597 32. 68.
598 32. 68.
599 32. 68.
600 33. 67.
601 33. 67.
602 33. 67.
603 33. 67.
604 32. 68.
605 32. 68.
606 32. 68.
607 33. 67.
608 33. 67.
609 33. 67.
610 33. 67.
611 34. 66.
612 34. 66.
613 34. 66.
614 34. 66.
615 34. 66.
616 34. 66.
617 34. 66.
618 34. 66.
619 34. 66.
620 34. 66.
621 33. 67.
622 33. 67.
623 33. 67.
624 33. 67.
625 33. 67.
626 33. 67.
627 33. 67.
628 34. 66.
629 34. 66.
630 33. 67.
631 33. 67.
632 33. 67.
633 33. 67.
634 33. 67.
635 33. 67.
636 32. 68.
637 32. 68.
638 32. 68.
639 31. 69.
640 31. 69.
641 31. 69.
642 31. 69.
643 30. 70.
644 29. 71.
645 29. 71.
646 29. 71.
647 28. 72.
648 29. 71.
649 29. 71.
650 29. 71.
651 29. 71.
652 29. 71.
653 29. 71.
654 29. 71.
655 29. 71.
656 29. 71.
657 29. 71.
658 29. 71.
659 29. 71.
660 29. 71.
661 29. 71.
662 29. 71.
663 29. 71.
664 28. 72.
665 28. 72.
666 28. 72.
667 28. 72.
668 29. 71.
669 29. 71.
670 29. 71.
671 29. 71.
672 30. 70.
673 30. 70.
674 30. 70.
675 30. 70.
676 29. 71.
677 29. 71.
678 29. 71.
679 29. 71.
680 29. 71.
681 29. 71.
682 29. 71.
683 28. 72.
684 27. 73.
685 27. 73.
686 27. 73.
687 27. 73.
688 27. 73.
689 27. 73.
690 27. 73.
691 27. 73.
692 27. 73.
693 27. 73.
694 28. 72.
695 28. 72.
696 28. 72.
697 29. 71.
698 29. 71.
699 30. 70.
700 30. 70.
701 31. 69.
702 31. 69.
703 31. 69.
704 31. 69.
705 32. 68.
706 32. 68.
707 32. 68.
708 32. 68.
709 32. 68.
710 31. 69.
711 30. 70.
712 30. 70.
713 29. 71.
714 29. 71.
715 29. 71.
716 28. 72.
717 28. 72.
718 28. 72.
719 29. 71.
720 29. 71.
721 29. 71.
722 28. 72.
723 28. 72.
724 28. 72.
725 28. 72.
726 28. 72.
727 28. 72.
728 28. 72.
729 28. 72.
730 28. 72.
731 29. 71.
732 29. 71.
733 29. 71.
734 29. 71.
735 29. 71.
736 29. 71.
737 29. 71.
738 29. 71.
739 29. 71.
740 29. 71.
741 29. 71.
742 28. 72.
743 28. 72.
744 28. 72.
745 28. 72.
746 28. 72.
747 28. 72.
748 28. 72.
749 28. 72.
750 28. 72.
751 28. 72.
752 29. 71.
753 28. 72.
754 28. 72.
755 27. 73.
756 27. 73.
757 27. 73.
758 27. 73.
759 28. 72.
760 28. 72.
761 28. 72.
762 28. 72.
763 29. 71.
764 29. 71.
765 29. 71.
766 29. 71.
767 28. 72.
768 28. 72.
769 28. 72.
770 28. 72.
771 28. 72.
772 29. 71.
773 29. 71.
774 29. 71.
775 29. 71.
776 29. 71.
777 29. 71.
778 28. 72.
779 28. 72.
780 29. 71.
781 28. 72.
782 29. 71.
783 29. 71.
784 28. 72.
785 28. 72.
786 28. 72.
787 28. 72.
788 28. 72.
789 28. 72.
790 27. 73.
791 27. 73.
792 27. 73.
793 27. 73.
794 27. 73.
795 27. 73.
796 26. 74.
797 26. 74.
798 26. 74.
799 26. 74.
800 26. 74.
801 26. 74.
802 26. 74.
803 26. 74.
804 27. 73.
805 27. 73.
806 27. 73.
807 27. 73.
808 27. 73.
809 27. 73.
810 27. 73.
811 26. 74.
812 26. 74.
813 26. 74.
814 26. 74.
815 26. 74.
816 26. 74.
817 25. 75.
818 25. 75.
819 26. 74.
820 27. 73.
821 27. 73.
822 27. 73.
823 27. 73.
824 27. 73.
825 27. 73.
826 27. 73.
827 27. 73.
828 27. 73.
829 27. 73.
830 27. 73.
831 27. 73.
832 27. 73.
833 27. 73.
834 27. 73.
835 27. 73.
836 27. 73.
837 27. 73.
838 27. 73.
839 27. 73.
840 27. 73.
841 28. 72.
842 27. 73.
843 27. 73.
844 27. 73.
845 27. 73.
846 27. 73.
847 27. 73.
848 28. 72.
849 28. 72.
850 28. 72.
851 27. 73.
852 27. 73.
853 27. 73.
854 27. 73.
855 27. 73.
856 27. 73.
857 27. 73.
858 27. 73.
859 27. 73.
860 27. 73.
861 27. 73.
862 27. 73.
863 28. 72.
864 27. 73.
865 26. 74.
866 26. 74.
867 26. 74.
868 26. 74.
869 27. 73.
870 27. 73.
871 27. 73.
872 27. 73.
873 27. 73.
874 26. 74.
875 26. 74.
876 26. 74.
877 26. 74.
878 26. 74.
879 25. 75.
880 25. 75.
881 25. 75.
882 24. 76.
883 24. 76.
884 24. 76.
885 24. 76.
886 24. 76.
887 24. 76.
888 25. 75.
889 26. 74.
890 26. 74.
891 26. 74.
892 26. 74.
893 27. 73.
894 27. 73.
895 28. 72.
896 28. 72.
897 28. 72.
898 28. 72.
899 29. 71.
900 29. 71.
901 28. 72.
902 28. 72.
903 28. 72.
904 28. 72.
905 28. 72.
906 29. 71.
907 29. 71.
908 29. 71.
909 29. 71.
910 29. 71.
911 29. 71.
912 29. 71.
913 29. 71.
914 29. 71.
915 29. 71.
916 29. 71.
917 29. 71.
918 29. 71.
919 29. 71.
920 29. 71.
921 29. 71.
922 29. 71.
923 29. 71.
924 29. 71.
925 29. 71.
926 29. 71.
927 29. 71.
928 29. 71.
929 29. 71.
930 29. 71.
931 29. 71.
932 29. 71.
933 29. 71.
934 29. 71.
935 29. 71.
936 29. 71.
937 29. 71.
938 29. 71.
939 29. 71.
940 29. 71.
941 29. 71.
942 29. 71.
943 29. 71.
944 29. 71.
945 29. 71.
946 29. 71.
947 30. 70.
948 29. 71.
949 30. 70.
950 30. 70.
951 30. 70.
952 29. 71.
953 29. 71.
954 30. 70.
955 30. 70.
956 30. 70.
957 30. 70.
958 30. 70.
959 30. 70.
960 30. 70.
961 30. 70.
962 30. 70.
963 29. 71.
964 29. 71.
965 29. 71.
966 29. 71.
967 29. 71.
968 29. 71.
969 30. 70.
970 30. 70.
971 30. 70.
972 30. 70.
973 30. 70.
974 30. 70.
975 29. 71.
976 29. 71.
977 29. 71.
978 29. 71.
979 29. 71.
980 29. 71.
981 29. 71.
982 29. 71.
983 29. 71.
984 28. 72.
985 27. 73.
986 27. 73.
987 27. 73.
988 26. 74.
989 27. 73.
990 27. 73.
991 27. 73.
992 27. 73.
993 27. 73.
994 27. 73.
995 28. 72.
996 28. 72.
997 28. 72.
998 28. 72.
999 28. 72.
1000 28. 72.
1001 28. 72.
1002 28. 72.
1003 28. 72.
1004 28. 72.
1005 28. 72.
1006 27. 73.
1007 27. 73.
1008 28. 72.
1009 28. 72.
1010 28. 72.
1011 28. 72.
1012 29. 71.
1013 29. 71.
1014 29. 71.
1015 29. 71.
1016 29. 71.
1017 30. 70.
1018 30. 70.
1019 30. 70.
1020 29. 71.
1021 29. 71.
1022 29. 71.
1023 29. 71.
1024 29. 71.
1025 29. 71.
1026 29. 71.
1027 29. 71.
1028 30. 70.
1029 30. 70.
1030 30. 70.
1031 30. 70.
1032 30. 70.
1033 30. 70.
1034 30. 70.
1035 30. 70.
1036 30. 70.
1037 30. 70.
1038 30. 70.
1039 30. 70.
1040 30. 70.
1041 30. 70.
1042 30. 70.
1043 30. 70.
1044 30. 70.
1045 29. 71.
1046 29. 71.
1047 29. 71.
1048 29. 71.
1049 29. 71.
1050 29. 71.
1051 29. 71.
1052 29. 71.
1053 29. 71.
1054 29. 71.
1055 29. 71.
1056 29. 71.
1057 29. 71.
1058 29. 71.
1059 29. 71.
1060 29. 71.
1061 28. 72.
1062 28. 72.
1063 28. 72.
1064 28. 72.
1065 28. 72.
1066 29. 71.
1067 29. 71.
1068 29. 71.
1069 29. 71.
1070 29. 71.
1071 29. 71.
1072 29. 71.
1073 29. 71.
1074 29. 71.
1075 29. 71.
1076 29. 71.
1077 29. 71.
1078 29. 71.
1079 29. 71.
1080 29. 71.
1081 29. 71.
1082 29. 71.
1083 29. 71.
1084 29. 71.
1085 29. 71.
1086 29. 71.
1087 29. 71.
1088 30. 70.
1089 30. 70.
1090 30. 70.
1091 29. 71.
1092 29. 71.
1093 29. 71.
1094 29. 71.
1095 29. 71.
1096 30. 70.
1097 30. 70.
1098 30. 70.
1099 30. 70.
1100 30. 70.
1101 30. 70.
1102 30. 70.
1103 30. 70.
1104 30. 70.
1105 30. 70.
1106 30. 70.
1107 30. 70.
1108 30. 70.
1109 29. 71.
1110 29. 71.
1111 28. 72.
1112 28. 72.
1113 28. 72.
1114 28. 72.
1115 28. 72.
1116 28. 72.
1117 28. 72.
1118 28. 72.
1119 27. 73.
1120 27. 73.
1121 27. 73.
1122 27. 73.
1123 27. 73.
1124 27. 73.
1125 26. 74.
1126 27. 73.
1127 28. 72.
1128 28. 72.
1129 28. 72.
1130 28. 72.
1131 28. 72.
1132 28. 72.
1133 28. 72.
1134 28. 72.
1135 28. 72.
1136 28. 72.
1137 28. 72.
1138 28. 72.
1139 28. 72.
1140 28. 72.
1141 28. 72.
1142 28. 72.
1143 28. 72.
1144 28. 72.
1145 28. 72.
1146 28. 72.
1147 28. 72.
1148 29. 71.
1149 29. 71.
1150 29. 71.
1151 29. 71.
1152 29. 71.
1153 29. 71.
1154 29. 71.
1155 29. 71.
1156 29. 71.
1157 29. 71.
1158 29. 71.
1159 29. 71.
1160 29. 71.
1161 29. 71.
1162 29. 71.
1163 28. 72.
1164 28. 72.
1165 28. 72.
1166 28. 72.
1167 29. 71.
1168 29. 71.
1169 29. 71.
1170 29. 71.
1171 29. 71.
1172 28. 72.
1173 28. 72.
1174 27. 73.
1175 27. 73.
1176 27. 73.
1177 27. 73.
1178 27. 73.
1179 26. 74.
1180 26. 74.
1181 26. 74.
1182 26. 74.
1183 26. 74.
1184 25. 75.
1185 25. 75.
1186 25. 75.
1187 24. 76.
1188 24. 76.
1189 24. 76.
1190 24. 76.
1191 24. 76.
1192 24. 76.
1193 25. 75.
1194 25. 75.
1195 25. 75.
1196 26. 74.
1197 26. 74.
1198 27. 73.
1199 27. 73.
1200 27. 73.
1201 27. 73.
1202 27. 73.
1203 27. 73.
1204 27. 73.
1205 27. 73.
1206 27. 73.
1207 27. 73.
1208 27. 73.
1209 27. 73.
1210 27. 73.
1211 27. 73.
1212 27. 73.
1213 27. 73.
1214 27. 73.
1215 27. 73.
1216 28. 72.
1217 28. 72.
1218 28. 72.
1219 28. 72.
1220 28. 72.
1221 28. 72.
1222 28. 72.
1223 28. 72.
1224 28. 72.
1225 27. 73.
1226 27. 73.
1227 27. 73.
1228 27. 73.
1229 26. 74.
1230 26. 74.
1231 26. 74.
1232 26. 74.
1233 27. 73.
1234 28. 72.
1235 27. 73.
1236 27. 73.
1237 27. 73.
1238 27. 73.
1239 27. 73.
1240 27. 73.
1241 27. 73.
1242 27. 73.
1243 26. 74.
1244 26. 74.
1245 26. 74.
1246 25. 75.
1247 25. 75.
1248 24. 76.
1249 24. 76.
1250 24. 76.
1251 25. 75.
1252 25. 75.
1253 25. 75.
1254 24. 76.
1255 25. 75.
1256 25. 75.
1257 25. 75.
1258 25. 75.
1259 25. 75.
1260 25. 75.
1261 25. 75.
1262 26. 74.
1263 26. 74.
1264 26. 74.
1265 26. 74.
1266 26. 74.
1267 26. 74.
1268 26. 74.
1269 26. 74.
1270 26. 74.
1271 26. 74.
1272 26. 74.
1273 26. 74.
1274 26. 74.
1275 25. 75.
1276 25. 75.
1277 25. 75.
1278 25. 75.
1279 25. 75.
1280 26. 74.
1281 26. 74.
1282 26. 74.
1283 25. 75.
1284 25. 75.
1285 25. 75.
1286 25. 75.
1287 25. 75.
1288 25. 75.
1289 25. 75.
1290 25. 75.
1291 25. 75.
1292 25. 75.
1293 25. 75.
1294 25. 75.
1295 24. 76.
1296 24. 76.
1297 24. 76.
1298 24. 76.
1299 24. 76.
1300 24. 76.
1301 25. 75.
1302 26. 74.
1303 26. 74.
1304 25. 75.
1305 25. 75.
1306 25. 75.
1307 25. 75.
1308 26. 74.
1309 26. 74.
1310 26. 74.
1311 26. 74.
1312 26. 74.
1313 26. 74.
1314 26. 74.
1315 26. 74.
1316 26. 74.
1317 26. 74.
1318 27. 73.
1319 27. 73.
1320 26. 74.
1321 25. 75.
1322 25. 75.
1323 25. 75.
1324 25. 75.
1325 26. 74.
1326 26. 74.
1327 26. 74.
1328 26. 74.
1329 27. 73.
1330 28. 72.
1331 28. 72.
1332 28. 72.
1333 28. 72.
1334 28. 72.
1335 28. 72.
1336 28. 72.
1337 28. 72.
1338 28. 72.
1339 28. 72.
1340 28. 72.
1341 28. 72.
1342 28. 72.
1343 29. 71.
1344 28. 72.
1345 28. 72.
1346 28. 72.
1347 28. 72.
1348 28. 72.
1349 28. 72.
1350 28. 72.
1351 28. 72.
1352 28. 72.
1353 28. 72.
1354 28. 72.
1355 28. 72.
1356 28. 72.
1357 28. 72.
1358 28. 72.
1359 28. 72.
1360 27. 73.
1361 27. 73.
1362 27. 73.
1363 27. 73.
1364 27. 73.
1365 27. 73.
1366 27. 73.
1367 27. 73.
1368 27. 73.
1369 27. 73.
1370 28. 72.
1371 28. 72.
1372 28. 72.
1373 28. 72.
1374 28. 72.
1375 27. 73.
1376 27. 73.
1377 27. 73.
1378 27. 73.
1379 27. 73.
1380 27. 73.
1381 27. 73.
1382 27. 73.
1383 27. 73.
1384 27. 73.
1385 27. 73.
1386 27. 73.
1387 27. 73.
1388 26. 74.
1389 26. 74.
1390 26. 74.
1391 26. 74.
1392 26. 74.
1393 26. 74.
1394 26. 74.
1395 26. 74.
1396 26. 74.
1397 26. 74.
1398 26. 74.
1399 26. 74.
1400 26. 74.
1401 26. 74.
1402 26. 74.
1403 26. 74.
1404 25. 75.
1405 26. 74.
1406 26. 74.
1407 26. 74.
1408 27. 73.
1409 27. 73.
1410 28. 72.
1411 28. 72.
1412 28. 72.
1413 27. 73.
1414 27. 73.
1415 27. 73.
1416 28. 72.
1417 28. 72.
1418 28. 72.
1419 28. 72.
1420 28. 72.
1421 28. 72.
1422 28. 72.
1423 28. 72.
1424 28. 72.
1425 28. 72.
1426 29. 71.
1427 29. 71.
1428 29. 71.
1429 29. 71.
1430 29. 71.
1431 28. 72.
1432 27. 73.
1433 27. 73.
1434 27. 73.
1435 27. 73.
1436 27. 73.
1437 27. 73.
1438 27. 73.
1439 28. 72.
1440 29. 71.
1441 29. 71.
1442 29. 71.
1443 29. 71.
1444 29. 71.
1445 28. 72.
1446 27. 73.
1447 27. 73.
1448 27. 73.
1449 27. 73.
1450 27. 73.
1451 27. 73.
1452 26. 74.
1453 26. 74.
1454 26. 74.
1455 26. 74.
1456 26. 74.
1457 26. 74.
1458 26. 74.
1459 26. 74.
1460 26. 74.
1461 25. 75.
1462 26. 74.
1463 26. 74.
1464 25. 75.
1465 24. 76.
1466 23. 77.
1467 23. 77.
1468 22. 78.
1469 22. 78.
1470 22. 78.
1471 22. 78.
1472 22. 78.
1473 22. 78.
1474 22. 78.
1475 22. 78.
1476 22. 78.
1477 23. 77.
1478 23. 77.
1479 23. 77.
1480 23. 77.
1481 23. 77.
1482 23. 77.
1483 23. 77.
1484 23. 77.
1485 22. 78.
1486 22. 78.
1487 22. 78.
1488 22. 78.
1489 22. 78.
1490 22. 78.
1491 22. 78.
1492 22. 78.
1493 22. 78.
1494 22. 78.
1495 22. 78.
1496 22. 78.
1497 22. 78.
1498 22. 78.
1499 22. 78.
1500 22. 78.
1501 22. 78.
1502 22. 78.
1503 21. 79.
1504 21. 79.
1505 21. 79.
1506 21. 79.
1507 21. 79.
1508 21. 79.
1509 21. 79.
1510 21. 79.
1511 21. 79.
1512 21. 79.
1513 22. 78.
1514 22. 78.
1515 22. 78.
1516 22. 78.
1517 22. 78.
1518 22. 78.
1519 22. 78.
1520 22. 78.
1521 22. 78.
1522 22. 78.
1523 22. 78.
1524 22. 78.
1525 21. 79.
1526 21. 79.
1527 21. 79.
1528 22. 78.
1529 22. 78.
1530 22. 78.
1531 22. 78.
1532 22. 78.
1533 23. 77.
1534 23. 77.
1535 23. 77.
1536 23. 77.
1537 23. 77.
1538 22. 78.
1539 22. 78.
1540 22. 78.
1541 22. 78.
1542 21. 79.
1543 21. 79.
1544 21. 79.
1545 21. 79.
1546 21. 79.
1547 21. 79.
1548 21. 79.
1549 21. 79.
1550 21. 79.
1551 20. 80.
1552 20. 80.
1553 19. 81.
1554 20. 80.
1555 20. 80.
1556 19. 81.
1557 18. 82.
1558 17. 83.
1559 17. 83.
1560 17. 83.
1561 17. 83.
1562 17. 83.
1563 17. 83.
1564 17. 83.
1565 17. 83.
1566 17. 83.
1567 17. 83.
1568 17. 83.
1569 17. 83.
1570 17. 83.
1571 17. 83.
1572 17. 83.
1573 18. 82.
1574 18. 82.
1575 17. 83.
1576 17. 83.
1577 17. 83.
1578 17. 83.
1579 17. 83.
1580 17. 83.
1581 17. 83.
1582 17. 83.
1583 17. 83.
1584 17. 83.
1585 17. 83.
1586 18. 82.
1587 18. 82.
1588 17. 83.
1589 17. 83.
1590 17. 83.
1591 17. 83.
1592 17. 83.
1593 17. 83.
1594 17. 83.
1595 17. 83.
1596 17. 83.
1597 17. 83.
1598 17. 83.
1599 16. 84.
1600 16. 84.
1601 15. 85.
1602 15. 85.
1603 15. 85.
1604 15. 85.
1605 16. 84.
1606 16. 84.
1607 16. 84.
1608 16. 84.
1609 16. 84.
1610 16. 84.
1611 16. 84.
1612 16. 84.
1613 16. 84.
1614 16. 84.
1615 16. 84.
1616 16. 84.
1617 17. 83.
1618 17. 83.
1619 17. 83.
1620 17. 83.
1621 17. 83.
1622 18. 82.
1623 17. 83.
1624 17. 83.
1625 17. 83.
1626 17. 83.
1627 16. 84.
1628 16. 84.
1629 16. 84.
1630 16. 84.
1631 16. 84.
1632 16. 84.
1633 16. 84.
1634 16. 84.
1635 17. 83.
1636 17. 83.
1637 17. 83.
1638 17. 83.
1639 17. 83.
1640 17. 83.
1641 17. 83.
1642 16. 84.
1643 16. 84.
1644 15. 85.
1645 15. 85.
1646 15. 85.
1647 14. 86.
1648 14. 86.
1649 15. 85.
1650 15. 85.
1651 15. 85.
1652 14. 86.
1653 14. 86.
1654 14. 86.
1655 14. 86.
1656 13. 87.
1657 13. 87.
1658 13. 87.
1659 13. 87.
1660 13. 87.
1661 13. 87.
1662 12. 88.
1663 12. 88.
1664 12. 88.
1665 12. 88.
1666 12. 88.
1667 12. 88.
1668 12. 88.
1669 12. 88.
1670 11. 89.
1671 11. 89.
1672 11. 89.
1673 11. 89.
1674 11. 89.
1675 12. 88.
1676 12. 88.
1677 12. 88.
1678 12. 88.
1679 12. 88.
1680 12. 88.
1681 12. 88.
1682 12. 88.
1683 12. 88.
1684 12. 88.
1685 12. 88.
1686 13. 87.
1687 14. 86.
1688 14. 86.
1689 14. 86.
1690 14. 86.
1691 14. 86.
1692 14. 86.
1693 14. 86.
1694 14. 86.
1695 14. 86.
1696 14. 86.
1697 13. 87.
1698 13. 87.
1699 13. 87.
1700 13. 87.
1701 13. 87.
1702 13. 87.
1703 13. 87.
1704 13. 87.
1705 14. 86.
1706 13. 87.
1707 13. 87.
1708 13. 87.
1709 13. 87.
1710 13. 87.
1711 13. 87.
1712 13. 87.
1713 13. 87.
1714 13. 87.
1715 12. 88.
1716 12. 88.
1717 12. 88.
1718 12. 88.
1719 12. 88.
1720 12. 88.
1721 12. 88.
1722 12. 88.
1723 12. 88.
1724 12. 88.
1725 12. 88.
1726 12. 88.
1727 12. 88.
1728 12. 88.
1729 12. 88.
1730 13. 87.
1731 13. 87.
1732 13. 87.
1733 13. 87.
1734 13. 87.
1735 13. 87.
1736 13. 87.
1737 13. 87.
1738 13. 87.
1739 13. 87.
1740 13. 87.
1741 13. 87.
1742 13. 87.
1743 13. 87.
1744 12. 88.
1745 12. 88.
1746 12. 88.
1747 12. 88.
1748 12. 88.
1749 12. 88.
1750 13. 87.
1751 13. 87.
1752 13. 87.
1753 12. 88.
1754 12. 88.
1755 12. 88.
1756 12. 88.
1757 12. 88.
1758 12. 88.
1759 12. 88.
1760 11. 89.
1761 11. 89.
1762 11. 89.
1763 11. 89.
1764 11. 89.
1765 11. 89.
1766 12. 88.
1767 12. 88.
1768 12. 88.
1769 12. 88.
1770 12. 88.
1771 12. 88.
1772 12. 88.
1773 13. 87.
1774 13. 87.
1775 13. 87.
1776 13. 87.
1777 13. 87.
1778 13. 87.
1779 13. 87.
1780 13. 87.
1781 13. 87.
1782 13. 87.
1783 13. 87.
1784 13. 87.
1785 13. 87.
1786 13. 87.
1787 12. 88.
1788 12. 88.
1789 12. 88.
1790 12. 88.
1791 12. 88.
1792 12. 88.
1793 12. 88.
1794 12. 88.
1795 12. 88.
1796 12. 88.
1797 12. 88.
1798 12. 88.
1799 12. 88.
1800 12. 88.
1801 12. 88.
1802 12. 88.
1803 12. 88.
1804 12. 88.
1805 12. 88.
1806 11. 89.
1807 11. 89.
1808 11. 89.
1809 11. 89.
1810 11. 89.
1811 11. 89.
1812 12. 88.
1813 12. 88.
1814 12. 88.
1815 12. 88.
1816 12. 88.
1817 12. 88.
1818 12. 88.
1819 12. 88.
1820 12. 88.
1821 12. 88.
1822 12. 88.
1823 12. 88.
1824 12. 88.
1825 11. 89.
1826 11. 89.
1827 11. 89.
1828 10. 90.
1829 10. 90.
1830 9. 91.
1831 9. 91.
1832 9. 91.
1833 9. 91.
1834 9. 91.
1835 10. 90.
1836 10. 90.
1837 10. 90.
1838 10. 90.
1839 11. 89.
1840 11. 89.
1841 11. 89.
1842 10. 90.
1843 10. 90.
1844 11. 89.
1845 11. 89.
1846 11. 89.
1847 12. 88.
1848 11. 89.
1849 11. 89.
1850 11. 89.
1851 11. 89.
1852 11. 89.
1853 11. 89.
1854 11. 89.
1855 11. 89.
1856 11. 89.
1857 11. 89.
1858 11. 89.
1859 11. 89.
1860 11. 89.
1861 11. 89.
1862 11. 89.
1863 11. 89.
1864 11. 89.
1865 11. 89.
1866 11. 89.
1867 12. 88.
1868 12. 88.
1869 12. 88.
1870 12. 88.
1871 12. 88.
1872 12. 88.
1873 12. 88.
1874 12. 88.
1875 12. 88.
1876 11. 89.
1877 11. 89.
1878 11. 89.
1879 11. 89.
1880 11. 89.
1881 12. 88.
1882 12. 88.
1883 12. 88.
1884 12. 88.
1885 12. 88.
1886 12. 88.
1887 12. 88.
1888 12. 88.
1889 12. 88.
1890 12. 88.
1891 12. 88.
1892 12. 88.
1893 12. 88.
1894 12. 88.
1895 12. 88.
1896 12. 88.
1897 13. 87.
1898 13. 87.
1899 13. 87.
1900 13. 87.
1901 13. 87.
1902 13. 87.
1903 13. 87.
1904 13. 87.
1905 13. 87.
1906 13. 87.
1907 13. 87.
1908 13. 87.
1909 13. 87.
1910 13. 87.
1911 13. 87.
1912 13. 87.
1913 13. 87.
1914 13. 87.
1915 13. 87.
1916 13. 87.
1917 13. 87.
1918 13. 87.
1919 12. 88.
1920 12. 88.
1921 12. 88.
1922 12. 88.
1923 12. 88.
1924 11. 89.
1925 11. 89.
1926 11. 89.
1927 11. 89.
1928 11. 89.
1929 11. 89.
1930 11. 89.
1931 11. 89.
1932 12. 88.
1933 13. 87.
1934 13. 87.
1935 13. 87.
1936 13. 87.
1937 13. 87.
1938 13. 87.
1939 14. 86.
1940 14. 86.
1941 14. 86.
1942 14. 86.
1943 14. 86.
1944 14. 86.
1945 14. 86.
1946 14. 86.
1947 14. 86.
1948 14. 86.
1949 14. 86.
1950 14. 86.
1951 14. 86.
1952 14. 86.
1953 14. 86.
1954 13. 87.
1955 12. 88.
1956 12. 88.
1957 12. 88.
1958 12. 88.
1959 12. 88.
1960 12. 88.
1961 13. 87.
1962 13. 87.
1963 13. 87.
1964 13. 87.
1965 13. 87.
1966 13. 87.
1967 13. 87.
1968 13. 87.
1969 13. 87.
1970 13. 87.
1971 13. 87.
1972 13. 87.
1973 13. 87.
1974 13. 87.
1975 13. 87.
1976 13. 87.
1977 13. 87.
1978 13. 87.
1979 14. 86.
1980 14. 86.
1981 14. 86.
1982 14. 86.
1983 14. 86.
1984 15. 85.
1985 15. 85.
1986 15. 85.
1987 14. 86.
1988 13. 87.
1989 13. 87.
1990 12. 88.
1991 13. 87.
1992 13. 87.
1993 13. 87.
1994 13. 87.
1995 12. 88.
1996 13. 87.
1997 13. 87.
1998 13. 87.
1999 14. 86.
2000 14. 86.
2001 14. 86.
2002 14. 86.
2003 14. 86.
2004 14. 86.
2005 13. 87.
2006 13. 87.
2007 13. 87.
2008 13. 87.
2009 13. 87.
2010 13. 87.
2011 13. 87.
2012 13. 87.
2013 13. 87.
2014 13. 87.
2015 13. 87.
2016 13. 87.
2017 13. 87.
2018 13. 87.
2019 13. 87.
2020 13. 87.
2021 13. 87.
2022 14. 86.
2023 13. 87.
2024 13. 87.
2025 12. 88.
2026 13. 87.
2027 14. 86.
2028 14. 86.
2029 14. 86.
2030 14. 86.
2031 14. 86.
2032 14. 86.
2033 14. 86.
2034 14. 86.
2035 14. 86.
2036 14. 86.
2037 14. 86.
2038 14. 86.
2039 14. 86.
2040 14. 86.
2041 14. 86.
2042 14. 86.
2043 14. 86.
2044 14. 86.
2045 14. 86.
2046 14. 86.
2047 14. 86.
2048 14. 86.
2049 14. 86.
2050 14. 86.
2051 14. 86.
2052 13. 87.
2053 13. 87.
2054 13. 87.
2055 12. 88.
2056 12. 88.
2057 12. 88.
2058 12. 88.
2059 12. 88.
2060 12. 88.
2061 12. 88.
2062 12. 88.
2063 12. 88.
2064 12. 88.
2065 12. 88.
2066 12. 88.
2067 12. 88.
2068 12. 88.
2069 12. 88.
2070 12. 88.
2071 12. 88.
2072 12. 88.
2073 12. 88.
2074 12. 88.
2075 12. 88.
2076 12. 88.
2077 12. 88.
2078 12. 88.
2079 12. 88.
2080 12. 88.
2081 12. 88.
2082 12. 88.
2083 12. 88.
2084 12. 88.
2085 12. 88.
2086 12. 88.
2087 11. 89.
2088 11. 89.
2089 11. 89.
2090 11. 89.
2091 11. 89.
2092 11. 89.
2093 11. 89.
2094 11. 89.
2095 11. 89.
2096 11. 89.
2097 11. 89.
2098 11. 89.
2099 11. 89.
2100 10. 90.
2101 10. 90.
2102 10. 90.
2103 10. 90.
2104 10. 90.
2105 10. 90.
2106 10. 90.
2107 9. 91.
2108 9. 91.
2109 9. 91.
2110 9. 91.
2111 8. 92.
2112 8. 92.
2113 8. 92.
2114 8. 92.
2115 8. 92.
2116 8. 92.
2117 8. 92.
2118 8. 92.
2119 8. 92.
2120 8. 92.
2121 8. 92.
2122 8. 92.
2123 8. 92.
2124 8. 92.
2125 8. 92.
2126 8. 92.
2127 9. 91.
2128 9. 91.
2129 10. 90.
2130 10. 90.
2131 9. 91.
2132 10. 90.
2133 10. 90.
2134 10. 90.
2135 10. 90.
2136 10. 90.
2137 10. 90.
2138 10. 90.
2139 10. 90.
2140 10. 90.
2141 10. 90.
2142 10. 90.
2143 10. 90.
2144 10. 90.
2145 10. 90.
2146 10. 90.
2147 10. 90.
2148 10. 90.
2149 10. 90.
2150 10. 90.
2151 10. 90.
2152 10. 90.
2153 10. 90.
2154 10. 90.
2155 9. 91.
2156 9. 91.
2157 9. 91.
2158 9. 91.
2159 9. 91.
2160 9. 91.
2161 9. 91.
2162 9. 91.
2163 9. 91.
2164 9. 91.
2165 9. 91.
2166 8. 92.
2167 8. 92.
2168 8. 92.
2169 8. 92.
2170 8. 92.
2171 8. 92.
2172 8. 92.
2173 8. 92.
2174 8. 92.
2175 8. 92.
2176 8. 92.
2177 8. 92.
2178 8. 92.
2179 8. 92.
2180 8. 92.
2181 8. 92.
2182 8. 92.
2183 8. 92.
2184 8. 92.
2185 8. 92.
2186 7. 93.
2187 7. 93.
2188 7. 93.
2189 7. 93.
2190 7. 93.
2191 7. 93.
2192 7. 93.
2193 7. 93.
2194 7. 93.
2195 6. 94.
2196 6. 94.
2197 6. 94.
2198 6. 94.
2199 6. 94.
2200 6. 94.
2201 6. 94.
2202 7. 93.
2203 7. 93.
2204 7. 93.
2205 8. 92.
2206 7. 93.
2207 7. 93.
2208 8. 92.
2209 8. 92.
2210 8. 92.
2211 8. 92.
2212 8. 92.
2213 9. 91.
2214 9. 91.
2215 9. 91.
2216 9. 91.
2217 9. 91.
2218 9. 91.
2219 9. 91.
2220 9. 91.
2221 9. 91.
2222 9. 91.
2223 9. 91.
2224 9. 91.
2225 9. 91.
2226 9. 91.
2227 9. 91.
2228 9. 91.
2229 9. 91.
2230 9. 91.
2231 9. 91.
2232 9. 91.
2233 9. 91.
2234 9. 91.
2235 9. 91.
2236 9. 91.
2237 9. 91.
2238 9. 91.
2239 9. 91.
2240 9. 91.
2241 9. 91.
2242 10. 90.
2243 10. 90.
2244 10. 90.
2245 10. 90.
2246 10. 90.
2247 10. 90.
2248 10. 90.
2249 10. 90.
2250 10. 90.
2251 10. 90.
2252 10. 90.
2253 10. 90.
2254 10. 90.
2255 10. 90.
2256 10. 90.
2257 10. 90.
2258 10. 90.
2259 10. 90.
2260 10. 90.
2261 10. 90.
2262 10. 90.
2263 10. 90.
2264 10. 90.
2265 10. 90.
2266 10. 90.
2267 10. 90.
2268 10. 90.
2269 10. 90.
2270 10. 90.
2271 10. 90.
2272 10. 90.
2273 10. 90.
2274 10. 90.
2275 10. 90.
2276 10. 90.
2277 11. 89.
2278 11. 89.
2279 12. 88.
2280 12. 88.
2281 12. 88.
2282 12. 88.
2283 12. 88.
2284 12. 88.
2285 12. 88.
2286 12. 88.
2287 12. 88.
2288 12. 88.
2289 12. 88.
2290 12. 88.
2291 12. 88.
2292 12. 88.
2293 12. 88.
2294 12. 88.
2295 12. 88.
2296 12. 88.
2297 12. 88.
2298 12. 88.
2299 12. 88.
2300 12. 88.
2301 12. 88.
2302 12. 88.
2303 12. 88.
2304 12. 88.
2305 12. 88.
2306 12. 88.
2307 12. 88.
2308 11. 89.
2309 11. 89.
2310 11. 89.
2311 11. 89.
2312 11. 89.
2313 11. 89.
2314 11. 89.
2315 11. 89.
2316 11. 89.
2317 11. 89.
2318 11. 89.
2319 11. 89.
2320 11. 89.
2321 11. 89.
2322 11. 89.
2323 11. 89.
2324 11. 89.
2325 11. 89.
2326 12. 88.
2327 12. 88.
2328 12. 88.
2329 12. 88.
2330 12. 88.
2331 12. 88.
2332 12. 88.
2333 12. 88.
2334 12. 88.
2335 12. 88.
2336 12. 88.
2337 12. 88.
2338 12. 88.
2339 12. 88.
2340 12. 88.
2341 12. 88.
2342 12. 88.
2343 12. 88.
2344 12. 88.
2345 12. 88.
2346 11. 89.
2347 11. 89.
2348 11. 89.
2349 11. 89.
2350 10. 90.
2351 10. 90.
2352 10. 90.
2353 10. 90.
2354 10. 90.
2355 10. 90.
2356 9. 91.
2357 10. 90.
2358 10. 90.
2359 10. 90.
2360 10. 90.
2361 10. 90.
2362 10. 90.
2363 10. 90.
2364 10. 90.
2365 10. 90.
2366 10. 90.
2367 10. 90.
2368 10. 90.
2369 10. 90.
2370 11. 89.
2371 11. 89.
2372 11. 89.
2373 11. 89.
2374 10. 90.
2375 10. 90.
2376 10. 90.
2377 10. 90.
2378 10. 90.
2379 10. 90.
2380 10. 90.
2381 10. 90.
2382 9. 91.
2383 9. 91.
2384 9. 91.
2385 9. 91.
2386 9. 91.
2387 9. 91.
2388 9. 91.
2389 9. 91.
2390 9. 91.
2391 9. 91.
2392 9. 91.
2393 9. 91.
2394 9. 91.
2395 9. 91.
2396 9. 91.
2397 9. 91.
2398 9. 91.
2399 9. 91.
2400 9. 91.
2401 9. 91.
2402 10. 90.
2403 10. 90.
2404 10. 90.
2405 10. 90.
2406 10. 90.
2407 10. 90.
2408 10. 90.
2409 10. 90.
2410 10. 90.
2411 10. 90.
2412 10. 90.
2413 10. 90.
2414 10. 90.
2415 10. 90.
2416 10. 90.
2417 10. 90.
2418 10. 90.
2419 10. 90.
2420 10. 90.
2421 10. 90.
2422 10. 90.
2423 10. 90.
2424 10. 90.
2425 10. 90.
2426 10. 90.
2427 10. 90.
2428 10. 90.
2429 10. 90.
2430 10. 90.
2431 10. 90.
2432 10. 90.
2433 11. 89.
2434 11. 89.
2435 11. 89.
2436 11. 89.
2437 11. 89.
2438 11. 89.
2439 11. 89.
2440 11. 89.
2441 11. 89.
2442 11. 89.
2443 11. 89.
2444 11. 89.
2445 11. 89.
2446 10. 90.
2447 10. 90.
2448 10. 90.
2449 10. 90.
2450 9. 91.
2451 9. 91.
2452 9. 91.
2453 9. 91.
2454 9. 91.
2455 9. 91.
2456 9. 91.
2457 9. 91.
2458 9. 91.
2459 9. 91.
2460 9. 91.
2461 8. 92.
2462 8. 92.
2463 8. 92.
2464 7. 93.
2465 7. 93.
2466 7. 93.
2467 7. 93.
2468 7. 93.
2469 7. 93.
2470 7. 93.
2471 7. 93.
2472 7. 93.
2473 8. 92.
2474 8. 92.
2475 8. 92.
2476 8. 92.
2477 8. 92.
2478 8. 92.
2479 8. 92.
2480 8. 92.
2481 8. 92.
2482 8. 92.
2483 8. 92.
2484 8. 92.
2485 8. 92.
2486 8. 92.
2487 8. 92.
2488 8. 92.
2489 8. 92.
2490 8. 92.
2491 8. 92.
2492 7. 93.
2493 7. 93.
2494 7. 93.
2495 7. 93.
2496 7. 93.
2497 7. 93.
2498 7. 93.
2499 7. 93.
2500 7. 93.
2501 8. 92.
2502 8. 92.
2503 8. 92.
2504 8. 92.
2505 8. 92.
2506 8. 92.
2507 8. 92.
2508 8. 92.
2509 8. 92.
2510 8. 92.
2511 8. 92.
2512 8. 92.
2513 8. 92.
2514 8. 92.
2515 8. 92.
2516 8. 92.
2517 8. 92.
2518 7. 93.
2519 7. 93.
2520 7. 93.
2521 7. 93.
2522 7. 93.
2523 7. 93.
2524 7. 93.
2525 7. 93.
2526 7. 93.
2527 7. 93.
2528 7. 93.
2529 7. 93.
2530 7. 93.
2531 7. 93.
2532 7. 93.
2533 7. 93.
2534 8. 92.
2535 8. 92.
2536 8. 92.
2537 8. 92.
2538 8. 92.
2539 8. 92.
2540 8. 92.
2541 8. 92.
2542 8. 92.
2543 8. 92.
2544 9. 91.
2545 9. 91.
2546 9. 91.
2547 9. 91.
2548 9. 91.
2549 9. 91.
2550 9. 91.
2551 9. 91.
2552 9. 91.
2553 9. 91.
2554 9. 91.
2555 9. 91.
2556 9. 91.
2557 9. 91.
2558 9. 91.
2559 9. 91.
2560 9. 91.
2561 9. 91.
2562 9. 91.
2563 10. 90.
2564 10. 90.
2565 10. 90.
2566 10. 90.
2567 10. 90.
2568 10. 90.
2569 10. 90.
2570 10. 90.
2571 10. 90.
2572 10. 90.
2573 9. 91.
2574 9. 91.
2575 9. 91.
2576 9. 91.
2577 9. 91.
2578 9. 91.
2579 9. 91.
2580 9. 91.
2581 9. 91.
2582 9. 91.
2583 9. 91.
2584 8. 92.
2585 8. 92.
2586 8. 92.
2587 8. 92.
2588 8. 92.
2589 8. 92.
2590 8. 92.
2591 8. 92.
2592 8. 92.
2593 7. 93.
2594 7. 93.
2595 7. 93.
2596 7. 93.
2597 7. 93.
2598 7. 93.
2599 7. 93.
2600 7. 93.
2601 7. 93.
2602 7. 93.
2603 7. 93.
2604 7. 93.
2605 7. 93.
2606 7. 93.
2607 7. 93.
2608 7. 93.
2609 7. 93.
2610 7. 93.
2611 7. 93.
2612 7. 93.
2613 7. 93.
2614 7. 93.
2615 7. 93.
2616 7. 93.
2617 8. 92.
2618 8. 92.
2619 8. 92.
2620 8. 92.
2621 9. 91.
2622 9. 91.
2623 9. 91.
2624 9. 91.
2625 8. 92.
2626 8. 92.
2627 8. 92.
2628 8. 92.
2629 8. 92.
2630 8. 92.
2631 8. 92.
2632 8. 92.
2633 8. 92.
2634 8. 92.
2635 8. 92.
2636 8. 92.
2637 8. 92.
2638 8. 92.
2639 8. 92.
2640 8. 92.
2641 8. 92.
2642 8. 92.
2643 8. 92.
2644 8. 92.
2645 8. 92.
2646 8. 92.
2647 8. 92.
2648 8. 92.
2649 8. 92.
2650 8. 92.
2651 8. 92.
2652 8. 92.
2653 8. 92.
2654 8. 92.
2655 8. 92.
2656 8. 92.
2657 8. 92.
2658 8. 92.
2659 8. 92.
2660 8. 92.
2661 8. 92.
2662 8. 92.
2663 7. 93.
2664 7. 93.
2665 7. 93.
2666 7. 93.
2667 7. 93.
2668 7. 93.
2669 8. 92.
2670 9. 91.
2671 9. 91.
2672 9. 91.
2673 9. 91.
2674 9. 91.
2675 9. 91.
2676 9. 91.
2677 9. 91.
2678 9. 91.
2679 9. 91.
2680 9. 91.
2681 9. 91.
2682 9. 91.
2683 9. 91.
2684 10. 90.
2685 10. 90.
2686 10. 90.
2687 10. 90.
2688 10. 90.
2689 10. 90.
2690 10. 90.
2691 10. 90.
2692 10. 90.
2693 10. 90.
2694 10. 90.
2695 10. 90.
2696 10. 90.
2697 10. 90.
2698 9. 91.
2699 9. 91.
2700 9. 91.
2701 9. 91.
2702 9. 91.
2703 9. 91.
2704 10. 90.
2705 10. 90.
2706 10. 90.
2707 10. 90.
2708 10. 90.
2709 10. 90.
2710 10. 90.
2711 10. 90.
2712 10. 90.
2713 10. 90.
2714 10. 90.
2715 10. 90.
2716 10. 90.
2717 10. 90.
2718 10. 90.
2719 10. 90.
2720 10. 90.
2721 10. 90.
2722 10. 90.
2723 10. 90.
2724 11. 89.
2725 11. 89.
2726 11. 89.
2727 11. 89.
2728 11. 89.
2729 11. 89.
2730 11. 89.
2731 11. 89.
2732 11. 89.
2733 11. 89.
2734 11. 89.
2735 11. 89.
2736 11. 89.
2737 11. 89.
2738 10. 90.
2739 10. 90.
2740 10. 90.
2741 10. 90.
2742 10. 90.
2743 10. 90.
2744 10. 90.
2745 10. 90.
2746 10. 90.
2747 10. 90.
2748 10. 90.
2749 10. 90.
2750 10. 90.
2751 10. 90.
2752 10. 90.
2753 10. 90.
2754 10. 90.
2755 10. 90.
2756 9. 91.
2757 9. 91.
2758 9. 91.
2759 9. 91.
2760 9. 91.
2761 9. 91.
2762 9. 91.
2763 10. 90.
2764 10. 90.
2765 10. 90.
2766 10. 90.
2767 10. 90.
2768 10. 90.
2769 10. 90.
2770 10. 90.
2771 10. 90.
2772 10. 90.
2773 10. 90.
2774 10. 90.
2775 10. 90.
2776 10. 90.
2777 10. 90.
2778 10. 90.
2779 10. 90.
2780 10. 90.
2781 10. 90.
2782 10. 90.
2783 10. 90.
2784 10. 90.
2785 10. 90.
2786 10. 90.
2787 10. 90.
2788 10. 90.
2789 11. 89.
2790 11. 89.
2791 11. 89.
2792 11. 89.
2793 11. 89.
2794 11. 89.
2795 11. 89.
2796 11. 89.
2797 12. 88.
2798 13. 87.
2799 13. 87.
2800 13. 87.
2801 13. 87.
2802 13. 87.
2803 14. 86.
2804 14. 86.
2805 14. 86.
2806 14. 86.
2807 14. 86.
2808 14. 86.
2809 14. 86.
2810 14. 86.
2811 14. 86.
2812 14. 86.
2813 14. 86.
2814 14. 86.
2815 14. 86.
2816 14. 86.
2817 13. 87.
2818 13. 87.
2819 13. 87.
2820 13. 87.
2821 13. 87.
2822 13. 87.
2823 13. 87.
2824 13. 87.
2825 12. 88.
2826 12. 88.
2827 12. 88.
2828 11. 89.
2829 11. 89.
2830 11. 89.
2831 11. 89.
2832 11. 89.
2833 11. 89.
2834 11. 89.
2835 11. 89.
2836 11. 89.
2837 11. 89.
2838 10. 90.
2839 10. 90.
2840 9. 91.
2841 9. 91.
2842 8. 92.
2843 8. 92.
2844 8. 92.
2845 8. 92.
2846 8. 92.
2847 7. 93.
2848 7. 93.
2849 7. 93.
2850 7. 93.
2851 7. 93.
2852 7. 93.
2853 7. 93.
2854 7. 93.
2855 7. 93.
2856 7. 93.
2857 7. 93.
2858 6. 94.
2859 6. 94.
2860 6. 94.
2861 6. 94.
2862 6. 94.
2863 6. 94.
2864 6. 94.
2865 6. 94.
2866 6. 94.
2867 6. 94.
2868 6. 94.
2869 7. 93.
2870 7. 93.
2871 7. 93.
2872 8. 92.
2873 8. 92.
2874 8. 92.
2875 8. 92.
2876 8. 92.
2877 8. 92.
2878 8. 92.
2879 8. 92.
2880 8. 92.
2881 8. 92.
2882 8. 92.
2883 8. 92.
2884 8. 92.
2885 8. 92.
2886 8. 92.
2887 8. 92.
2888 8. 92.
2889 8. 92.
2890 8. 92.
2891 8. 92.
2892 8. 92.
2893 8. 92.
2894 8. 92.
2895 8. 92.
2896 8. 92.
2897 8. 92.
2898 8. 92.
2899 8. 92.
2900 8. 92.
2901 8. 92.
2902 8. 92.
2903 8. 92.
2904 8. 92.
2905 8. 92.
2906 8. 92.
2907 8. 92.
2908 8. 92.
2909 8. 92.
2910 8. 92.
2911 8. 92.
2912 8. 92.
2913 8. 92.
2914 8. 92.
2915 8. 92.
2916 8. 92.
2917 8. 92.
2918 9. 91.
2919 9. 91.
2920 9. 91.
2921 9. 91.
2922 9. 91.
2923 10. 90.
2924 10. 90.
2925 10. 90.
2926 10. 90.
2927 9. 91.
2928 9. 91.
2929 9. 91.
2930 9. 91.
2931 9. 91.
2932 8. 92.
2933 8. 92.
2934 8. 92.
2935 8. 92.
2936 8. 92.
2937 8. 92.
2938 8. 92.
2939 8. 92.
2940 8. 92.
2941 8. 92.
2942 8. 92.
2943 8. 92.
2944 9. 91.
2945 9. 91.
2946 9. 91.
2947 9. 91.
2948 9. 91.
2949 9. 91.
2950 9. 91.
2951 9. 91.
2952 9. 91.
2953 9. 91.
2954 9. 91.
2955 9. 91.
2956 9. 91.
2957 9. 91.
2958 10. 90.
2959 10. 90.
2960 10. 90.
2961 10. 90.
2962 10. 90.
2963 10. 90.
2964 10. 90.
2965 10. 90.
2966 10. 90.
2967 10. 90.
2968 10. 90.
2969 10. 90.
2970 10. 90.
2971 10. 90.
2972 10. 90.
2973 10. 90.
2974 10. 90.
2975 10. 90.
2976 10. 90.
2977 10. 90.
2978 10. 90.
2979 10. 90.
2980 10. 90.
2981 10. 90.
2982 10. 90.
2983 10. 90.
2984 9. 91.
2985 9. 91.
2986 9. 91.
2987 9. 91.
2988 9. 91.
2989 9. 91.
2990 9. 91.
2991 9. 91.
2992 9. 91.
2993 9. 91.
2994 9. 91.
2995 10. 90.
2996 10. 90.
2997 10. 90.
2998 10. 90.
2999 9. 91.
3000 9. 91.
3001 10. 90.
3002 10. 90.
3003 10. 90.
3004 10. 90.
3005 10. 90.
3006 10. 90.
3007 10. 90.
3008 10. 90.
3009 10. 90.
3010 10. 90.
3011 10. 90.
3012 10. 90.
3013 10. 90.
3014 10. 90.
3015 10. 90.
3016 10. 90.
3017 10. 90.
3018 10. 90.
3019 10. 90.
3020 10. 90.
3021 10. 90.
3022 10. 90.
3023 9. 91.
3024 9. 91.
3025 9. 91.
3026 9. 91.
3027 9. 91.
3028 9. 91.
3029 9. 91.
3030 8. 92.
3031 8. 92.
3032 9. 91.
3033 9. 91.
3034 9. 91.
3035 9. 91.
3036 9. 91.
3037 9. 91.
3038 9. 91.
3039 9. 91.
3040 9. 91.
3041 9. 91.
3042 9. 91.
3043 9. 91.
3044 9. 91.
3045 9. 91.
3046 9. 91.
3047 9. 91.
3048 9. 91.
3049 9. 91.
3050 9. 91.
3051 9. 91.
3052 9. 91.
3053 9. 91.
3054 9. 91.
3055 9. 91.
3056 9. 91.
3057 9. 91.
3058 9. 91.
3059 9. 91.
3060 9. 91.
3061 9. 91.
3062 9. 91.
3063 9. 91.
3064 9. 91.
3065 9. 91.
3066 9. 91.
3067 9. 91.
3068 9. 91.
3069 9. 91.
3070 9. 91.
3071 9. 91.
3072 9. 91.
3073 9. 91.
3074 9. 91.
3075 9. 91.
3076 9. 91.
3077 10. 90.
3078 10. 90.
3079 10. 90.
3080 10. 90.
3081 10. 90.
3082 10. 90.
3083 10. 90.
3084 10. 90.
3085 10. 90.
3086 10. 90.
3087 10. 90.
3088 10. 90.
3089 10. 90.
3090 10. 90.
3091 10. 90.
3092 10. 90.
3093 10. 90.
3094 10. 90.
3095 10. 90.
3096 10. 90.
3097 10. 90.
3098 10. 90.
3099 10. 90.
3100 10. 90.
3101 9. 91.
3102 9. 91.
3103 9. 91.
3104 9. 91.
3105 9. 91.
3106 9. 91.
3107 9. 91.
3108 9. 91.
3109 9. 91.
3110 9. 91.
3111 10. 90.
3112 10. 90.
3113 10. 90.
3114 10. 90.
3115 10. 90.
3116 10. 90.
3117 10. 90.
3118 10. 90.
3119 10. 90.
3120 10. 90.
3121 10. 90.
3122 10. 90.
3123 10. 90.
3124 10. 90.
3125 10. 90.
3126 10. 90.
3127 9. 91.
3128 9. 91.
3129 9. 91.
3130 9. 91.
3131 9. 91.
3132 9. 91.
3133 9. 91.
3134 9. 91.
3135 9. 91.
3136 9. 91.
3137 10. 90.
3138 10. 90.
3139 10. 90.
3140 10. 90.
3141 10. 90.
3142 10. 90.
3143 10. 90.
3144 10. 90.
3145 10. 90.
3146 10. 90.
3147 10. 90.
3148 11. 89.
3149 11. 89.
3150 11. 89.
3151 11. 89.
3152 11. 89.
3153 11. 89.
3154 11. 89.
3155 11. 89.
3156 11. 89.
3157 11. 89.
3158 11. 89.
3159 11. 89.
3160 11. 89.
3161 11. 89.
3162 11. 89.
3163 11. 89.
3164 11. 89.
3165 11. 89.
3166 11. 89.
3167 11. 89.
3168 11. 89.
3169 11. 89.
3170 11. 89.
3171 11. 89.
3172 11. 89.
3173 11. 89.
3174 11. 89.
3175 11. 89.
3176 11. 89.
3177 11. 89.
3178 11. 89.
3179 11. 89.
3180 11. 89.
3181 11. 89.
3182 11. 89.
3183 11. 89.
3184 11. 89.
3185 11. 89.
3186 11. 89.
3187 11. 89.
3188 11. 89.
3189 11. 89.
3190 11. 89.
3191 11. 89.
3192 11. 89.
3193 11. 89.
3194 11. 89.
3195 11. 89.
3196 11. 89.
3197 11. 89.
3198 11. 89.
3199 11. 89.
3200 11. 89.
3201 11. 89.
3202 11. 89.
3203 11. 89.
3204 10. 90.
3205 10. 90.
3206 10. 90.
3207 10. 90.
3208 10. 90.
3209 10. 90.
3210 10. 90.
3211 10. 90.
3212 10. 90.
3213 9. 91.
3214 9. 91.
3215 9. 91.
3216 9. 91.
3217 9. 91.
3218 10. 90.
3219 10. 90.
3220 10. 90.
3221 10. 90.
3222 10. 90.
3223 10. 90.
3224 10. 90.
3225 10. 90.
3226 10. 90.
3227 10. 90.
3228 10. 90.
3229 10. 90.
3230 10. 90.
3231 10. 90.
3232 10. 90.
3233 10. 90.
3234 10. 90.
3235 10. 90.
3236 10. 90.
3237 11. 89.
3238 11. 89.
3239 11. 89.
3240 11. 89.
3241 11. 89.
3242 11. 89.
3243 11. 89.
3244 11. 89.
3245 11. 89.
3246 11. 89.
3247 11. 89.
3248 11. 89.
3249 11. 89.
3250 11. 89.
3251 11. 89.
3252 11. 89.
3253 11. 89.
3254 10. 90.
3255 10. 90.
3256 10. 90.
3257 9. 91.
3258 9. 91.
3259 9. 91.
3260 9. 91.
3261 10. 90.
3262 9. 91.
3263 9. 91.
3264 9. 91.
3265 9. 91.
3266 9. 91.
3267 9. 91.
3268 9. 91.
3269 9. 91.
3270 9. 91.
3271 9. 91.
3272 9. 91.
3273 9. 91.
3274 9. 91.
3275 9. 91.
3276 10. 90.
3277 10. 90.
3278 10. 90.
3279 10. 90.
3280 10. 90.
3281 9. 91.
3282 9. 91.
3283 9. 91.
3284 9. 91.
3285 9. 91.
3286 9. 91.
3287 9. 91.
3288 9. 91.
3289 9. 91.
3290 9. 91.
3291 9. 91.
3292 9. 91.
3293 9. 91.
3294 9. 91.
3295 9. 91.
3296 9. 91.
3297 9. 91.
3298 9. 91.
3299 9. 91.
3300 9. 91.
3301 9. 91.
3302 9. 91.
3303 9. 91.
3304 9. 91.
3305 9. 91.
3306 9. 91.
3307 9. 91.
3308 9. 91.
3309 9. 91.
3310 8. 92.
3311 8. 92.
3312 8. 92.
3313 8. 92.
3314 8. 92.
3315 9. 91.
3316 9. 91.
3317 10. 90.
3318 10. 90.
3319 10. 90.
3320 10. 90.
3321 10. 90.
3322 10. 90.
3323 10. 90.
3324 10. 90.
3325 10. 90.
3326 10. 90.
3327 10. 90.
3328 10. 90.
3329 10. 90.
3330 10. 90.
3331 10. 90.
3332 10. 90.
3333 10. 90.
3334 10. 90.
3335 10. 90.
3336 11. 89.
3337 11. 89.
3338 11. 89.
3339 11. 89.
3340 11. 89.
3341 11. 89.
3342 11. 89.
3343 11. 89.
3344 11. 89.
3345 11. 89.
3346 11. 89.
3347 11. 89.
3348 11. 89.
3349 10. 90.
3350 10. 90.
3351 10. 90.
3352 10. 90.
3353 10. 90.
3354 10. 90.
3355 10. 90.
3356 10. 90.
3357 10. 90.
3358 10. 90.
3359 10. 90.
3360 11. 89.
3361 12. 88.
3362 12. 88.
3363 12. 88.
3364 12. 88.
3365 12. 88.
3366 12. 88.
3367 12. 88.
3368 12. 88.
3369 12. 88.
3370 12. 88.
3371 11. 89.
3372 11. 89.
3373 11. 89.
3374 12. 88.
3375 12. 88.
3376 12. 88.
3377 12. 88.
3378 12. 88.
3379 12. 88.
3380 12. 88.
3381 12. 88.
3382 12. 88.
3383 12. 88.
3384 12. 88.
3385 12. 88.
3386 12. 88.
3387 12. 88.
3388 12. 88.
3389 12. 88.
3390 12. 88.
3391 11. 89.
3392 11. 89.
3393 11. 89.
3394 11. 89.
3395 11. 89.
3396 11. 89.
3397 11. 89.
3398 11. 89.
3399 11. 89.
3400 11. 89.
3401 11. 89.
3402 11. 89.
3403 11. 89.
3404 11. 89.
3405 11. 89.
3406 11. 89.
3407 11. 89.
3408 11. 89.
3409 11. 89.
3410 11. 89.
3411 11. 89.
3412 11. 89.
3413 11. 89.
3414 11. 89.
3415 10. 90.
3416 10. 90.
3417 10. 90.
3418 10. 90.
3419 10. 90.
3420 11. 89.
3421 11. 89.
3422 11. 89.
3423 11. 89.
3424 11. 89.
3425 10. 90.
3426 10. 90.
3427 10. 90.
3428 10. 90.
3429 10. 90.
3430 10. 90.
3431 10. 90.
3432 9. 91.
3433 9. 91.
3434 9. 91.
3435 9. 91.
3436 9. 91.
3437 9. 91.
3438 9. 91.
3439 9. 91.
3440 9. 91.
3441 9. 91.
3442 8. 92.
3443 8. 92.
3444 8. 92.
3445 8. 92.
3446 8. 92.
3447 8. 92.
3448 8. 92.
3449 8. 92.
3450 8. 92.
3451 8. 92.
3452 8. 92.
3453 8. 92.
3454 8. 92.
3455 8. 92.
3456 8. 92.
3457 8. 92.
3458 8. 92.
3459 8. 92.
3460 8. 92.
3461 8. 92.
3462 8. 92.
3463 8. 92.
3464 8. 92.
3465 8. 92.
3466 8. 92.
3467 8. 92.
3468 9. 91.
3469 9. 91.
3470 9. 91.
3471 10. 90.
3472 10. 90.
3473 10. 90.
3474 10. 90.
3475 10. 90.
3476 10. 90.
3477 10. 90.
3478 10. 90.
3479 10. 90.
3480 10. 90.
3481 10. 90.
3482 10. 90.
3483 10. 90.
3484 10. 90.
3485 10. 90.
3486 10. 90.
3487 10. 90.
3488 10. 90.
3489 10. 90.
3490 10. 90.
3491 10. 90.
3492 9. 91.
3493 9. 91.
3494 9. 91.
3495 9. 91.
3496 9. 91.
3497 9. 91.
3498 9. 91.
3499 9. 91.
3500 9. 91.
3501 9. 91.
3502 9. 91.
3503 9. 91.
3504 9. 91.
3505 10. 90.
3506 10. 90.
3507 10. 90.
3508 10. 90.
3509 10. 90.
3510 10. 90.
3511 10. 90.
3512 10. 90.
3513 10. 90.
3514 10. 90.
3515 10. 90.
3516 10. 90.
3517 10. 90.
3518 10. 90.
3519 10. 90.
3520 10. 90.
3521 10. 90.
3522 10. 90.
3523 10. 90.
3524 10. 90.
3525 10. 90.
3526 10. 90.
3527 10. 90.
3528 11. 89.
3529 11. 89.
3530 11. 89.
3531 11. 89.
3532 11. 89.
3533 11. 89.
3534 11. 89.
3535 11. 89.
3536 11. 89.
3537 11. 89.
3538 11. 89.
3539 11. 89.
3540 11. 89.
3541 11. 89.
3542 11. 89.
3543 11. 89.
3544 11. 89.
3545 11. 89.
3546 11. 89.
3547 11. 89.
3548 11. 89.
3549 11. 89.
3550 11. 89.
3551 11. 89.
3552 11. 89.
3553 11. 89.
3554 11. 89.
3555 11. 89.
3556 11. 89.
3557 10. 90.
3558 10. 90.
3559 10. 90.
3560 9. 91.
3561 9. 91.
3562 8. 92.
3563 8. 92.
3564 8. 92.
3565 8. 92.
3566 8. 92.
3567 8. 92.
3568 8. 92.
3569 8. 92.
3570 8. 92.
3571 8. 92.
3572 8. 92.
3573 8. 92.
3574 8. 92.
3575 8. 92.
3576 8. 92.
3577 8. 92.
3578 8. 92.
3579 8. 92.
3580 8. 92.
3581 8. 92.
3582 8. 92.
3583 8. 92.
3584 8. 92.
3585 8. 92.
3586 8. 92.
3587 8. 92.
3588 8. 92.
3589 8. 92.
3590 8. 92.
3591 8. 92.
3592 8. 92.
3593 8. 92.
3594 8. 92.
3595 9. 91.
3596 9. 91.
3597 9. 91.
3598 9. 91.
3599 9. 91.
3600 9. 91.
3601 9. 91.
3602 9. 91.
3603 9. 91.
3604 9. 91.
3605 8. 92.
3606 8. 92.
3607 8. 92.
3608 8. 92.
3609 8. 92.
3610 8. 92.
3611 8. 92.
3612 8. 92.
3613 8. 92.
3614 7. 93.
3615 7. 93.
3616 7. 93.
3617 7. 93.
3618 7. 93.
3619 7. 93.
3620 7. 93.
3621 7. 93.
3622 7. 93.
3623 7. 93.
3624 7. 93.
3625 7. 93.
3626 7. 93.
3627 6. 94.
3628 6. 94.
3629 6. 94.
3630 6. 94.
3631 6. 94.
3632 6. 94.
3633 6. 94.
3634 6. 94.
3635 6. 94.
3636 6. 94.
3637 6. 94.
3638 6. 94.
3639 6. 94.
3640 7. 93.
3641 7. 93.
3642 7. 93.
3643 7. 93.
3644 7. 93.
3645 7. 93.
3646 7. 93.
3647 7. 93.
3648 7. 93.
3649 7. 93.
3650 7. 93.
3651 7. 93.
3652 7. 93.
3653 7. 93.
3654 7. 93.
3655 7. 93.
3656 7. 93.
3657 7. 93.
3658 7. 93.
3659 7. 93.
3660 7. 93.
3661 7. 93.
3662 7. 93.
3663 7. 93.
3664 7. 93.
3665 7. 93.
3666 7. 93.
3667 7. 93.
3668 6. 94.
3669 6. 94.
3670 6. 94.
3671 6. 94.
3672 6. 94.
3673 6. 94.
3674 6. 94.
3675 6. 94.
3676 6. 94.
3677 6. 94.
3678 6. 94.
3679 6. 94.
3680 6. 94.
3681 5. 95.
3682 5. 95.
3683 5. 95.
3684 5. 95.
3685 5. 95.
3686 5. 95.
3687 5. 95.
3688 5. 95.
3689 5. 95.
3690 5. 95.
3691 5. 95.
3692 5. 95.
3693 5. 95.
3694 5. 95.
3695 5. 95.
3696 5. 95.
3697 5. 95.
3698 5. 95.
3699 5. 95.
3700 5. 95.
3701 4. 96.
3702 4. 96.
3703 4. 96.
3704 4. 96.
3705 4. 96.
3706 4. 96.
3707 4. 96.
3708 4. 96.
3709 4. 96.
3710 5. 95.
3711 5. 95.
3712 5. 95.
3713 5. 95.
3714 6. 94.
3715 6. 94.
3716 6. 94.
3717 6. 94.
3718 6. 94.
3719 6. 94.
3720 6. 94.
3721 6. 94.
3722 6. 94.
3723 6. 94.
3724 6. 94.
3725 6. 94.
3726 6. 94.
3727 6. 94.
3728 6. 94.
3729 6. 94.
3730 6. 94.
3731 6. 94.
3732 6. 94.
3733 6. 94.
3734 6. 94.
3735 6. 94.
3736 6. 94.
3737 6. 94.
3738 6. 94.
3739 6. 94.
3740 6. 94.
3741 6. 94.
3742 6. 94.
3743 6. 94.
3744 6. 94.
3745 6. 94.
3746 6. 94.
3747 6. 94.
3748 5. 95.
3749 5. 95.
3750 5. 95.
3751 6. 94.
3752 6. 94.
3753 6. 94.
3754 5. 95.
3755 5. 95.
3756 5. 95.
3757 5. 95.
3758 5. 95.
3759 5. 95.
3760 5. 95.
3761 5. 95.
3762 5. 95.
3763 5. 95.
3764 5. 95.
3765 6. 94.
3766 6. 94.
3767 6. 94.
3768 5. 95.
3769 5. 95.
3770 5. 95.
3771 5. 95.
3772 5. 95.
3773 5. 95.
3774 5. 95.
3775 5. 95.
3776 5. 95.
3777 5. 95.
3778 5. 95.
3779 5. 95.
3780 5. 95.
3781 5. 95.
3782 5. 95.
3783 5. 95.
3784 5. 95.
3785 5. 95.
3786 5. 95.
3787 5. 95.
3788 5. 95.
3789 5. 95.
3790 5. 95.
3791 5. 95.
3792 5. 95.
3793 5. 95.
3794 5. 95.
3795 5. 95.
3796 5. 95.
3797 5. 95.
3798 5. 95.
3799 5. 95.
3800 5. 95.
3801 5. 95.
3802 5. 95.
3803 5. 95.
3804 5. 95.
3805 5. 95.
3806 5. 95.
3807 5. 95.
3808 5. 95.
3809 5. 95.
3810 5. 95.
3811 5. 95.
3812 5. 95.
3813 5. 95.
3814 5. 95.
3815 5. 95.
3816 5. 95.
3817 5. 95.
3818 5. 95.
3819 5. 95.
3820 5. 95.
3821 5. 95.
3822 5. 95.
3823 5. 95.
3824 5. 95.
3825 5. 95.
3826 5. 95.
3827 5. 95.
3828 5. 95.
3829 5. 95.
3830 5. 95.
3831 5. 95.
3832 5. 95.
3833 5. 95.
3834 5. 95.
3835 5. 95.
3836 5. 95.
3837 5. 95.
3838 5. 95.
3839 5. 95.
3840 5. 95.
3841 5. 95.
3842 5. 95.
3843 5. 95.
3844 5. 95.
3845 5. 95.
3846 5. 95.
3847 5. 95.
3848 5. 95.
3849 5. 95.
3850 5. 95.
3851 5. 95.
3852 5. 95.
3853 5. 95.
3854 5. 95.
3855 5. 95.
3856 5. 95.
3857 5. 95.
3858 5. 95.
3859 5. 95.
3860 5. 95.
3861 5. 95.
3862 5. 95.
3863 5. 95.
3864 6. 94.
3865 6. 94.
3866 6. 94.
3867 6. 94.
3868 6. 94.
3869 6. 94.
3870 6. 94.
3871 6. 94.
3872 6. 94.
3873 6. 94.
3874 6. 94.
3875 6. 94.
3876 6. 94.
3877 6. 94.
3878 6. 94.
3879 6. 94.
3880 5. 95.
3881 5. 95.
3882 5. 95.
3883 5. 95.
3884 5. 95.
3885 5. 95.
3886 5. 95.
3887 5. 95.
3888 5. 95.
3889 5. 95.
3890 5. 95.
3891 5. 95.
3892 5. 95.
3893 5. 95.
3894 5. 95.
3895 5. 95.
3896 5. 95.
3897 5. 95.
3898 5. 95.
3899 5. 95.
3900 5. 95.
3901 5. 95.
3902 4. 96.
3903 4. 96.
3904 4. 96.
3905 4. 96.
3906 4. 96.
3907 4. 96.
3908 4. 96.
3909 4. 96.
3910 4. 96.
3911 4. 96.
3912 4. 96.
3913 4. 96.
3914 4. 96.
3915 4. 96.
3916 4. 96.
3917 4. 96.
3918 4. 96.
3919 4. 96.
3920 4. 96.
3921 4. 96.
3922 4. 96.
3923 4. 96.
3924 4. 96.
3925 4. 96.
3926 3. 97.
3927 3. 97.
3928 3. 97.
3929 3. 97.
3930 3. 97.
3931 3. 97.
3932 3. 97.
3933 3. 97.
3934 3. 97.
3935 3. 97.
3936 3. 97.
3937 4. 96.
3938 4. 96.
3939 4. 96.
3940 4. 96.
3941 4. 96.
3942 4. 96.
3943 4. 96.
3944 4. 96.
3945 4. 96.
3946 4. 96.
3947 4. 96.
3948 4. 96.
3949 4. 96.
3950 4. 96.
3951 5. 95.
3952 5. 95.
3953 5. 95.
3954 5. 95.
3955 5. 95.
3956 5. 95.
3957 5. 95.
3958 5. 95.
3959 5. 95.
3960 5. 95.
3961 5. 95.
3962 5. 95.
3963 5. 95.
3964 5. 95.
3965 5. 95.
3966 5. 95.
3967 5. 95.
3968 5. 95.
3969 5. 95.
3970 5. 95.
3971 5. 95.
3972 5. 95.
3973 5. 95.
3974 5. 95.
3975 5. 95.
3976 5. 95.
3977 5. 95.
3978 5. 95.
3979 5. 95.
3980 5. 95.
3981 6. 94.
3982 6. 94.
3983 6. 94.
3984 6. 94.
3985 6. 94.
3986 6. 94.
3987 6. 94.
3988 6. 94.
3989 6. 94.
3990 6. 94.
3991 6. 94.
3992 6. 94.
3993 6. 94.
3994 7. 93.
3995 7. 93.
3996 7. 93.
3997 7. 93.
3998 7. 93.
3999 7. 93.
4000 7. 93.
4001 6. 94.
4002 6. 94.
4003 6. 94.
4004 6. 94.
4005 6. 94.
4006 6. 94.
4007 6. 94.
4008 6. 94.
4009 6. 94.
4010 6. 94.
4011 6. 94.
4012 6. 94.
4013 6. 94.
4014 6. 94.
4015 6. 94.
4016 6. 94.
4017 6. 94.
4018 6. 94.
4019 6. 94.
4020 6. 94.
4021 6. 94.
4022 6. 94.
4023 6. 94.
4024 6. 94.
4025 6. 94.
4026 6. 94.
4027 6. 94.
4028 6. 94.
4029 6. 94.
4030 6. 94.
4031 6. 94.
4032 6. 94.
4033 6. 94.
4034 6. 94.
4035 6. 94.
4036 6. 94.
4037 6. 94.
4038 6. 94.
4039 6. 94.
4040 6. 94.
4041 7. 93.
4042 7. 93.
4043 7. 93.
4044 7. 93.
4045 7. 93.
4046 7. 93.
4047 7. 93.
4048 7. 93.
4049 7. 93.
4050 7. 93.
4051 7. 93.
4052 7. 93.
4053 7. 93.
4054 7. 93.
4055 7. 93.
4056 7. 93.
4057 7. 93.
4058 7. 93.
4059 7. 93.
4060 7. 93.
4061 7. 93.
4062 7. 93.
4063 7. 93.
4064 7. 93.
4065 7. 93.
4066 7. 93.
4067 7. 93.
4068 7. 93.
4069 7. 93.
4070 7. 93.
4071 7. 93.
4072 7. 93.
4073 7. 93.
4074 7. 93.
4075 7. 93.
4076 7. 93.
4077 7. 93.
4078 7. 93.
4079 7. 93.
4080 7. 93.
4081 7. 93.
4082 7. 93.
4083 7. 93.
4084 8. 92.
4085 8. 92.
4086 8. 92.
4087 8. 92.
4088 8. 92.
4089 9. 91.
4090 8. 92.
4091 8. 92.
4092 8. 92.
4093 8. 92.
4094 8. 92.
4095 8. 92.
4096 8. 92.
4097 8. 92.
4098 8. 92.
4099 8. 92.
4100 7. 93.
4101 7. 93.
4102 6. 94.
4103 6. 94.
4104 5. 95.
4105 5. 95.
4106 5. 95.
4107 5. 95.
4108 5. 95.
4109 5. 95.
4110 5. 95.
4111 5. 95.
4112 5. 95.
4113 5. 95.
4114 5. 95.
4115 5. 95.
4116 5. 95.
4117 5. 95.
4118 5. 95.
4119 5. 95.
4120 5. 95.
4121 5. 95.
4122 5. 95.
4123 5. 95.
4124 5. 95.
4125 5. 95.
4126 5. 95.
4127 5. 95.
4128 5. 95.
4129 5. 95.
4130 5. 95.
4131 5. 95.
4132 5. 95.
4133 5. 95.
4134 5. 95.
4135 5. 95.
4136 5. 95.
4137 5. 95.
4138 5. 95.
4139 5. 95.
4140 6. 94.
4141 6. 94.
4142 6. 94.
4143 6. 94.
4144 6. 94.
4145 6. 94.
4146 6. 94.
4147 6. 94.
4148 6. 94.
4149 6. 94.
4150 6. 94.
4151 6. 94.
4152 6. 94.
4153 6. 94.
4154 6. 94.
4155 6. 94.
4156 6. 94.
4157 6. 94.
4158 6. 94.
4159 6. 94.
4160 6. 94.
4161 6. 94.
4162 6. 94.
4163 6. 94.
4164 6. 94.
4165 6. 94.
4166 6. 94.
4167 6. 94.
4168 6. 94.
4169 6. 94.
4170 6. 94.
4171 6. 94.
4172 6. 94.
4173 6. 94.
4174 6. 94.
4175 6. 94.
4176 6. 94.
4177 6. 94.
4178 6. 94.
4179 6. 94.
4180 6. 94.
4181 6. 94.
4182 6. 94.
4183 6. 94.
4184 5. 95.
4185 5. 95.
4186 5. 95.
4187 5. 95.
4188 5. 95.
4189 5. 95.
4190 5. 95.
4191 5. 95.
4192 5. 95.
4193 5. 95.
4194 5. 95.
4195 5. 95.
4196 5. 95.
4197 5. 95.
4198 5. 95.
4199 5. 95.
4200 5. 95.
4201 5. 95.
4202 5. 95.
4203 5. 95.
4204 5. 95.
4205 5. 95.
4206 5. 95.
4207 5. 95.
4208 5. 95.
4209 5. 95.
4210 5. 95.
4211 5. 95.
4212 5. 95.
4213 5. 95.
4214 5. 95.
4215 5. 95.
4216 5. 95.
4217 5. 95.
4218 5. 95.
4219 5. 95.
4220 5. 95.
4221 5. 95.
4222 5. 95.
4223 5. 95.
4224 5. 95.
4225 5. 95.
4226 5. 95.
4227 5. 95.
4228 5. 95.
4229 5. 95.
4230 5. 95.
4231 5. 95.
4232 5. 95.
4233 5. 95.
4234 5. 95.
4235 5. 95.
4236 5. 95.
4237 5. 95.
4238 5. 95.
4239 5. 95.
4240 5. 95.
4241 5. 95.
4242 5. 95.
4243 5. 95.
4244 5. 95.
4245 5. 95.
4246 5. 95.
4247 5. 95.
4248 5. 95.
4249 5. 95.
4250 5. 95.
4251 5. 95.
4252 5. 95.
4253 5. 95.
4254 5. 95.
4255 5. 95.
4256 5. 95.
4257 5. 95.
4258 5. 95.
4259 5. 95.
4260 5. 95.
4261 5. 95.
4262 5. 95.
4263 5. 95.
4264 5. 95.
4265 5. 95.
4266 5. 95.
4267 5. 95.
4268 5. 95.
4269 5. 95.
4270 5. 95.
4271 5. 95.
4272 5. 95.
4273 5. 95.
4274 5. 95.
4275 5. 95.
4276 5. 95.
4277 5. 95.
4278 5. 95.
4279 5. 95.
4280 5. 95.
4281 6. 94.
4282 6. 94.
4283 6. 94.
4284 6. 94.
4285 6. 94.
4286 6. 94.
4287 6. 94.
4288 6. 94.
4289 6. 94.
4290 6. 94.
4291 6. 94.
4292 6. 94.
4293 6. 94.
4294 6. 94.
4295 6. 94.
4296 6. 94.
4297 6. 94.
4298 6. 94.
4299 6. 94.
4300 6. 94.
4301 6. 94.
4302 6. 94.
4303 6. 94.
4304 6. 94.
4305 6. 94.
4306 6. 94.
4307 6. 94.
4308 6. 94.
4309 6. 94.
4310 6. 94.
4311 6. 94.
4312 6. 94.
4313 6. 94.
4314 6. 94.
4315 6. 94.
4316 6. 94.
4317 6. 94.
4318 6. 94.
4319 6. 94.
4320 6. 94.
4321 6. 94.
4322 6. 94.
4323 6. 94.
4324 6. 94.
4325 6. 94.
4326 6. 94.
4327 6. 94.
4328 6. 94.
4329 6. 94.
4330 6. 94.
4331 6. 94.
4332 6. 94.
4333 6. 94.
4334 6. 94.
4335 6. 94.
4336 6. 94.
4337 6. 94.
4338 6. 94.
4339 6. 94.
4340 6. 94.
4341 6. 94.
4342 6. 94.
4343 6. 94.
4344 6. 94.
4345 6. 94.
4346 6. 94.
4347 6. 94.
4348 6. 94.
4349 6. 94.
4350 6. 94.
4351 6. 94.
4352 6. 94.
4353 6. 94.
4354 6. 94.
4355 6. 94.
4356 6. 94.
4357 6. 94.
4358 6. 94.
4359 6. 94.
4360 6. 94.
4361 6. 94.
4362 6. 94.
4363 5. 95.
4364 5. 95.
4365 5. 95.
4366 5. 95.
4367 5. 95.
4368 5. 95.
4369 5. 95.
4370 5. 95.
4371 5. 95.
4372 5. 95.
4373 5. 95.
4374 5. 95.
4375 5. 95.
4376 5. 95.
4377 5. 95.
4378 5. 95.
4379 5. 95.
4380 5. 95.
4381 5. 95.
4382 5. 95.
4383 5. 95.
4384 5. 95.
4385 5. 95.
4386 5. 95.
4387 5. 95.
4388 5. 95.
4389 5. 95.
4390 5. 95.
4391 5. 95.
4392 5. 95.
4393 5. 95.
4394 5. 95.
4395 5. 95.
4396 5. 95.
4397 5. 95.
4398 5. 95.
4399 5. 95.
4400 5. 95.
4401 6. 94.
4402 6. 94.
4403 6. 94.
4404 6. 94.
4405 6. 94.
4406 6. 94.
4407 7. 93.
4408 7. 93.
4409 7. 93.
4410 7. 93.
4411 6. 94.
4412 6. 94.
4413 6. 94.
4414 6. 94.
4415 7. 93.
4416 7. 93.
4417 7. 93.
4418 7. 93.
4419 7. 93.
4420 7. 93.
4421 7. 93.
4422 7. 93.
4423 7. 93.
4424 8. 92.
4425 8. 92.
4426 8. 92.
4427 8. 92.
4428 8. 92.
4429 8. 92.
4430 8. 92.
4431 8. 92.
4432 8. 92.
4433 8. 92.
4434 8. 92.
4435 8. 92.
4436 8. 92.
4437 8. 92.
4438 8. 92.
4439 8. 92.
4440 8. 92.
4441 8. 92.
4442 8. 92.
4443 8. 92.
4444 8. 92.
4445 8. 92.
4446 8. 92.
4447 8. 92.
4448 8. 92.
4449 8. 92.
4450 8. 92.
4451 8. 92.
4452 8. 92.
4453 7. 93.
4454 7. 93.
4455 7. 93.
4456 7. 93.
4457 7. 93.
4458 7. 93.
4459 7. 93.
4460 7. 93.
4461 7. 93.
4462 7. 93.
4463 7. 93.
4464 7. 93.
4465 7. 93.
4466 7. 93.
4467 8. 92.
4468 8. 92.
4469 8. 92.
4470 8. 92.
4471 8. 92.
4472 8. 92.
4473 8. 92.
4474 8. 92.
4475 8. 92.
4476 8. 92.
4477 8. 92.
4478 8. 92.
4479 8. 92.
4480 8. 92.
4481 8. 92.
4482 8. 92.
4483 7. 93.
4484 7. 93.
4485 7. 93.
4486 7. 93.
4487 7. 93.
4488 7. 93.
4489 7. 93.
4490 7. 93.
4491 7. 93.
4492 7. 93.
4493 7. 93.
4494 7. 93.
4495 7. 93.
4496 7. 93.
4497 7. 93.
4498 7. 93.
4499 7. 93.
4500 7. 93.
4501 7. 93.
4502 7. 93.
4503 7. 93.
4504 7. 93.
4505 7. 93.
4506 7. 93.
4507 7. 93.
4508 7. 93.
4509 8. 92.
4510 8. 92.
4511 8. 92.
4512 8. 92.
4513 8. 92.
4514 8. 92.
4515 8. 92.
4516 8. 92.
4517 8. 92.
4518 8. 92.
4519 8. 92.
4520 8. 92.
4521 8. 92.
4522 8. 92.
4523 8. 92.
4524 8. 92.
4525 8. 92.
4526 8. 92.
4527 8. 92.
4528 8. 92.
4529 8. 92.
4530 8. 92.
4531 8. 92.
4532 8. 92.
4533 8. 92.
4534 8. 92.
4535 8. 92.
4536 8. 92.
4537 8. 92.
4538 8. 92.
4539 8. 92.
4540 8. 92.
4541 8. 92.
4542 9. 91.
4543 9. 91.
4544 9. 91.
4545 9. 91.
4546 9. 91.
4547 9. 91.
4548 9. 91.
4549 9. 91.
4550 9. 91.
4551 9. 91.
4552 9. 91.
4553 9. 91.
4554 9. 91.
4555 9. 91.
4556 8. 92.
4557 8. 92.
4558 8. 92.
4559 8. 92.
4560 8. 92.
4561 9. 91.
4562 9. 91.
4563 9. 91.
4564 9. 91.
4565 9. 91.
4566 9. 91.
4567 9. 91.
4568 9. 91.
4569 9. 91.
4570 9. 91.
4571 9. 91.
4572 9. 91.
4573 9. 91.
4574 9. 91.
4575 9. 91.
4576 9. 91.
4577 9. 91.
4578 9. 91.
4579 9. 91.
4580 9. 91.
4581 9. 91.
4582 9. 91.
4583 9. 91.
4584 9. 91.
4585 9. 91.
4586 9. 91.
4587 9. 91.
4588 9. 91.
4589 8. 92.
4590 8. 92.
4591 8. 92.
4592 8. 92.
4593 8. 92.
4594 9. 91.
4595 9. 91.
4596 9. 91.
4597 9. 91.
4598 9. 91.
4599 10. 90.
4600 10. 90.
4601 10. 90.
4602 10. 90.
4603 10. 90.
4604 9. 91.
4605 9. 91.
4606 9. 91.
4607 9. 91.
4608 9. 91.
4609 9. 91.
4610 9. 91.
4611 9. 91.
4612 9. 91.
4613 9. 91.
4614 9. 91.
4615 9. 91.
4616 8. 92.
4617 8. 92.
4618 8. 92.
4619 8. 92.
4620 8. 92.
4621 8. 92.
4622 8. 92.
4623 8. 92.
4624 8. 92.
4625 8. 92.
4626 8. 92.
4627 8. 92.
4628 8. 92.
4629 8. 92.
4630 8. 92.
4631 8. 92.
4632 8. 92.
4633 9. 91.
4634 9. 91.
4635 9. 91.
4636 9. 91.
4637 8. 92.
4638 8. 92.
4639 8. 92.
4640 8. 92.
4641 8. 92.
4642 8. 92.
4643 8. 92.
4644 8. 92.
4645 8. 92.
4646 8. 92.
4647 8. 92.
4648 8. 92.
4649 9. 91.
4650 9. 91.
4651 9. 91.
4652 9. 91.
4653 9. 91.
4654 9. 91.
4655 9. 91.
4656 9. 91.
4657 9. 91.
4658 9. 91.
4659 9. 91.
4660 9. 91.
4661 9. 91.
4662 9. 91.
4663 9. 91.
4664 9. 91.
4665 9. 91.
4666 9. 91.
4667 9. 91.
4668 9. 91.
4669 9. 91.
4670 9. 91.
4671 9. 91.
4672 9. 91.
4673 9. 91.
4674 9. 91.
4675 10. 90.
4676 10. 90.
4677 10. 90.
4678 10. 90.
4679 10. 90.
4680 10. 90.
4681 10. 90.
4682 10. 90.
4683 10. 90.
4684 10. 90.
4685 10. 90.
4686 10. 90.
4687 10. 90.
4688 10. 90.
4689 10. 90.
4690 10. 90.
4691 10. 90.
4692 10. 90.
4693 10. 90.
4694 10. 90.
4695 10. 90.
4696 10. 90.
4697 10. 90.
4698 10. 90.
4699 10. 90.
4700 10. 90.
4701 10. 90.
4702 10. 90.
4703 10. 90.
4704 10. 90.
4705 10. 90.
4706 10. 90.
4707 10. 90.
4708 9. 91.
4709 9. 91.
4710 9. 91.
4711 9. 91.
4712 9. 91.
4713 9. 91.
4714 9. 91.
4715 9. 91.
4716 9. 91.
4717 9. 91.
4718 9. 91.
4719 9. 91.
4720 9. 91.
4721 9. 91.
4722 9. 91.
4723 9. 91.
4724 9. 91.
4725 9. 91.
4726 9. 91.
4727 9. 91.
4728 9. 91.
4729 9. 91.
4730 9. 91.
4731 9. 91.
4732 9. 91.
4733 9. 91.
4734 9. 91.
4735 10. 90.
4736 10. 90.
4737 10. 90.
4738 10. 90.
4739 10. 90.
4740 10. 90.
4741 10. 90.
4742 10. 90.
4743 10. 90.
4744 10. 90.
4745 9. 91.
4746 9. 91.
4747 9. 91.
4748 9. 91.
4749 9. 91.
4750 9. 91.
4751 9. 91.
4752 9. 91.
4753 10. 90.
4754 10. 90.
4755 10. 90.
4756 10. 90.
4757 10. 90.
4758 10. 90.
4759 10. 90.
4760 10. 90.
4761 10. 90.
4762 10. 90.
4763 10. 90.
4764 10. 90.
4765 10. 90.
4766 10. 90.
4767 10. 90.
4768 10. 90.
4769 11. 89.
4770 11. 89.
4771 11. 89.
4772 11. 89.
4773 11. 89.
4774 11. 89.
4775 11. 89.
4776 11. 89.
4777 11. 89.
4778 11. 89.
4779 11. 89.
4780 11. 89.
4781 11. 89.
4782 11. 89.
4783 11. 89.
4784 11. 89.
4785 10. 90.
4786 10. 90.
4787 10. 90.
4788 10. 90.
4789 10. 90.
4790 10. 90.
4791 10. 90.
4792 10. 90.
4793 9. 91.
4794 9. 91.
4795 9. 91.
4796 9. 91.
4797 9. 91.
4798 9. 91.
4799 8. 92.
4800 8. 92.
4801 8. 92.
4802 8. 92.
4803 8. 92.
4804 8. 92.
4805 8. 92.
4806 8. 92.
4807 8. 92.
4808 8. 92.
4809 8. 92.
4810 8. 92.
4811 8. 92.
4812 8. 92.
4813 8. 92.
4814 8. 92.
4815 8. 92.
4816 8. 92.
4817 8. 92.
4818 9. 91.
4819 9. 91.
4820 9. 91.
4821 9. 91.
4822 9. 91.
4823 9. 91.
4824 9. 91.
4825 9. 91.
4826 9. 91.
4827 10. 90.
4828 10. 90.
4829 10. 90.
4830 10. 90.
4831 10. 90.
4832 10. 90.
4833 10. 90.
4834 10. 90.
4835 10. 90.
4836 10. 90.
4837 10. 90.
4838 10. 90.
4839 10. 90.
4840 10. 90.
4841 10. 90.
4842 10. 90.
4843 10. 90.
4844 10. 90.
4845 10. 90.
4846 10. 90.
4847 10. 90.
4848 10. 90.
4849 10. 90.
4850 10. 90.
4851 10. 90.
4852 10. 90.
4853 10. 90.
4854 10. 90.
4855 10. 90.
4856 10. 90.
4857 9. 91.
4858 9. 91.
4859 9. 91.
4860 9. 91.
4861 9. 91.
4862 9. 91.
4863 9. 91.
4864 9. 91.
4865 9. 91.
4866 8. 92.
4867 8. 92.
4868 8. 92.
4869 8. 92.
4870 7. 93.
4871 7. 93.
4872 6. 94.
4873 6. 94.
4874 6. 94.
4875 6. 94.
4876 6. 94.
4877 7. 93.
4878 7. 93.
4879 6. 94.
4880 6. 94.
4881 6. 94.
4882 6. 94.
4883 6. 94.
4884 6. 94.
4885 6. 94.
4886 6. 94.
4887 6. 94.
4888 6. 94.
4889 6. 94.
4890 6. 94.
4891 6. 94.
4892 6. 94.
4893 6. 94.
4894 6. 94.
4895 6. 94.
4896 6. 94.
4897 6. 94.
4898 7. 93.
4899 7. 93.
4900 7. 93.
4901 7. 93.
4902 7. 93.
4903 8. 92.
4904 8. 92.
4905 8. 92.
4906 8. 92.
4907 8. 92.
4908 8. 92.
4909 7. 93.
4910 7. 93.
4911 7. 93.
4912 7. 93.
4913 7. 93.
4914 7. 93.
4915 7. 93.
4916 7. 93.
4917 7. 93.
4918 7. 93.
4919 7. 93.
4920 7. 93.
4921 7. 93.
4922 7. 93.
4923 7. 93.
4924 7. 93.
4925 7. 93.
4926 7. 93.
4927 7. 93.
4928 7. 93.
4929 7. 93.
4930 7. 93.
4931 7. 93.
4932 7. 93.
4933 6. 94.
4934 6. 94.
4935 6. 94.
4936 6. 94.
4937 6. 94.
4938 6. 94.
4939 6. 94.
4940 6. 94.
4941 6. 94.
4942 6. 94.
4943 6. 94.
4944 6. 94.
4945 6. 94.
4946 6. 94.
4947 6. 94.
4948 5. 95.
4949 5. 95.
4950 5. 95.
4951 5. 95.
4952 5. 95.
4953 5. 95.
4954 5. 95.
4955 5. 95.
4956 5. 95.
4957 5. 95.
4958 6. 94.
4959 6. 94.
4960 6. 94.
4961 6. 94.
4962 6. 94.
4963 6. 94.
4964 6. 94.
4965 6. 94.
4966 6. 94.
4967 6. 94.
4968 6. 94.
4969 6. 94.
4970 6. 94.
4971 7. 93.
4972 8. 92.
4973 8. 92.
4974 8. 92.
4975 8. 92.
4976 8. 92.
4977 8. 92.
4978 8. 92.
4979 8. 92.
4980 8. 92.
4981 8. 92.
4982 8. 92.
4983 8. 92.
4984 8. 92.
4985 8. 92.
4986 8. 92.
4987 7. 93.
4988 7. 93.
4989 7. 93.
4990 7. 93.
4991 7. 93.
4992 6. 94.
4993 6. 94.
4994 6. 94.
4995 6. 94.
4996 6. 94.
4997 6. 94.
4998 6. 94.
4999 6. 94.
5000 6. 94.
5001 6. 94.
5002 6. 94.
5003 6. 94.
5004 6. 94.
5005 6. 94.
5006 6. 94.
5007 6. 94.
5008 6. 94.
5009 6. 94.
5010 6. 94.
5011 6. 94.
5012 6. 94.
5013 6. 94.
5014 6. 94.
5015 6. 94.
5016 6. 94.
5017 6. 94.
5018 7. 93.
5019 7. 93.
5020 7. 93.
5021 7. 93.
5022 7. 93.
5023 7. 93.
5024 7. 93.
5025 7. 93.
5026 7. 93.
5027 7. 93.
5028 7. 93.
5029 7. 93.
5030 7. 93.
5031 7. 93.
5032 7. 93.
5033 7. 93.
5034 7. 93.
5035 7. 93.
5036 7. 93.
5037 7. 93.
5038 7. 93.
5039 7. 93.
5040 7. 93.
5041 8. 92.
5042 8. 92.
5043 8. 92.
5044 8. 92.
5045 8. 92.
5046 8. 92.
5047 8. 92.
5048 8. 92.
5049 8. 92.
5050 8. 92.
5051 8. 92.
5052 8. 92.
5053 8. 92.
5054 8. 92.
5055 8. 92.
5056 8. 92.
5057 8. 92.
5058 8. 92.
5059 8. 92.
5060 8. 92.
5061 8. 92.
5062 8. 92.
5063 8. 92.
5064 8. 92.
5065 8. 92.
5066 8. 92.
5067 7. 93.
5068 7. 93.
5069 8. 92.
5070 8. 92.
5071 8. 92.
5072 8. 92.
5073 8. 92.
5074 8. 92.
5075 8. 92.
5076 8. 92.
5077 8. 92.
5078 8. 92.
5079 8. 92.
5080 8. 92.
5081 8. 92.
5082 8. 92.
5083 8. 92.
5084 8. 92.
5085 8. 92.
5086 8. 92.
5087 8. 92.
5088 8. 92.
5089 8. 92.
5090 8. 92.
5091 8. 92.
5092 8. 92.
5093 8. 92.
5094 8. 92.
5095 8. 92.
5096 8. 92.
5097 8. 92.
5098 8. 92.
5099 8. 92.
5100 8. 92.
5101 8. 92.
5102 8. 92.
5103 8. 92.
5104 8. 92.
5105 8. 92.
5106 8. 92.
5107 8. 92.
5108 8. 92.
5109 8. 92.
5110 8. 92.
5111 8. 92.
5112 8. 92.
5113 8. 92.
5114 8. 92.
5115 8. 92.
5116 8. 92.
5117 8. 92.
5118 8. 92.
5119 8. 92.
5120 8. 92.
5121 8. 92.
5122 8. 92.
5123 8. 92.
5124 8. 92.
5125 8. 92.
5126 8. 92.
5127 8. 92.
5128 8. 92.
5129 8. 92.
5130 8. 92.
5131 8. 92.
5132 8. 92.
5133 8. 92.
5134 8. 92.
5135 8. 92.
5136 8. 92.
5137 8. 92.
5138 8. 92.
5139 8. 92.
5140 8. 92.
5141 7. 93.
5142 7. 93.
5143 7. 93.
5144 7. 93.
5145 7. 93.
5146 7. 93.
5147 7. 93.
5148 7. 93.
5149 7. 93.
5150 6. 94.
5151 6. 94.
5152 6. 94.
5153 6. 94.
5154 6. 94.
5155 6. 94.
5156 6. 94.
5157 6. 94.
5158 6. 94.
5159 6. 94.
5160 6. 94.
5161 6. 94.
5162 6. 94.
5163 6. 94.
5164 6. 94.
5165 6. 94.
5166 6. 94.
5167 6. 94.
5168 6. 94.
5169 6. 94.
5170 6. 94.
5171 6. 94.
5172 6. 94.
5173 6. 94.
5174 5. 95.
5175 5. 95.
5176 5. 95.
5177 5. 95.
5178 5. 95.
5179 5. 95.
5180 5. 95.
5181 5. 95.
5182 5. 95.
5183 5. 95.
5184 5. 95.
5185 5. 95.
5186 5. 95.
5187 5. 95.
5188 5. 95.
5189 5. 95.
5190 5. 95.
5191 5. 95.
5192 5. 95.
5193 5. 95.
5194 5. 95.
5195 5. 95.
5196 5. 95.
5197 5. 95.
5198 5. 95.
5199 5. 95.
5200 5. 95.
5201 5. 95.
5202 5. 95.
5203 5. 95.
5204 5. 95.
5205 5. 95.
5206 5. 95.
5207 5. 95.
5208 5. 95.
5209 5. 95.
5210 5. 95.
5211 5. 95.
5212 6. 94.
5213 6. 94.
5214 6. 94.
5215 6. 94.
5216 6. 94.
5217 6. 94.
5218 6. 94.
5219 6. 94.
5220 6. 94.
5221 6. 94.
5222 6. 94.
5223 6. 94.
5224 6. 94.
5225 6. 94.
5226 6. 94.
5227 6. 94.
5228 6. 94.
5229 6. 94.
5230 6. 94.
5231 6. 94.
5232 6. 94.
5233 5. 95.
5234 5. 95.
5235 5. 95.
5236 5. 95.
5237 5. 95.
5238 5. 95.
5239 5. 95.
5240 6. 94.
5241 6. 94.
5242 6. 94.
5243 6. 94.
5244 6. 94.
5245 6. 94.
5246 6. 94.
5247 6. 94.
5248 6. 94.
5249 6. 94.
5250 6. 94.
5251 6. 94.
5252 6. 94.
5253 6. 94.
5254 6. 94.
5255 6. 94.
5256 6. 94.
5257 6. 94.
5258 6. 94.
5259 6. 94.
5260 6. 94.
5261 6. 94.
5262 6. 94.
5263 6. 94.
5264 6. 94.
5265 6. 94.
5266 6. 94.
5267 6. 94.
5268 6. 94.
5269 6. 94.
5270 6. 94.
5271 6. 94.
5272 6. 94.
5273 6. 94.
5274 6. 94.
5275 6. 94.
5276 6. 94.
5277 7. 93.
5278 7. 93.
5279 7. 93.
5280 7. 93.
5281 7. 93.
5282 7. 93.
5283 7. 93.
5284 7. 93.
5285 7. 93.
5286 7. 93.
5287 7. 93.
5288 7. 93.
5289 7. 93.
5290 8. 92.
5291 7. 93.
5292 6. 94.
5293 6. 94.
5294 6. 94.
5295 7. 93.
5296 7. 93.
5297 7. 93.
5298 7. 93.
5299 7. 93.
5300 7. 93.
5301 7. 93.
5302 7. 93.
5303 7. 93.
5304 7. 93.
5305 7. 93.
5306 7. 93.
5307 7. 93.
5308 7. 93.
5309 7. 93.
5310 7. 93.
5311 7. 93.
5312 7. 93.
5313 7. 93.
5314 7. 93.
5315 7. 93.
5316 7. 93.
5317 7. 93.
5318 7. 93.
5319 7. 93.
5320 7. 93.
5321 7. 93.
5322 7. 93.
5323 7. 93.
5324 7. 93.
5325 7. 93.
5326 8. 92.
5327 8. 92.
5328 8. 92.
5329 8. 92.
5330 8. 92.
5331 8. 92.
5332 8. 92.
5333 8. 92.
5334 8. 92.
5335 8. 92.
5336 8. 92.
5337 8. 92.
5338 8. 92.
5339 8. 92.
5340 8. 92.
5341 8. 92.
5342 8. 92.
5343 8. 92.
5344 8. 92.
5345 8. 92.
5346 8. 92.
5347 8. 92.
5348 8. 92.
5349 8. 92.
5350 8. 92.
5351 8. 92.
5352 8. 92.
5353 8. 92.
5354 8. 92.
5355 8. 92.
5356 8. 92.
5357 8. 92.
5358 8. 92.
5359 8. 92.
5360 8. 92.
5361 8. 92.
5362 8. 92.
5363 7. 93.
5364 7. 93.
5365 7. 93.
5366 7. 93.
5367 7. 93.
5368 6. 94.
5369 6. 94.
5370 6. 94.
5371 6. 94.
5372 6. 94.
5373 6. 94.
5374 6. 94.
5375 6. 94.
5376 6. 94.
5377 6. 94.
5378 6. 94.
5379 6. 94.
5380 6. 94.
5381 6. 94.
5382 6. 94.
5383 6. 94.
5384 6. 94.
5385 6. 94.
5386 6. 94.
5387 6. 94.
5388 6. 94.
5389 6. 94.
5390 6. 94.
5391 6. 94.
5392 6. 94.
5393 6. 94.
5394 6. 94.
5395 6. 94.
5396 6. 94.
5397 6. 94.
5398 6. 94.
5399 6. 94.
5400 6. 94.
5401 6. 94.
5402 6. 94.
5403 6. 94.
5404 6. 94.
5405 6. 94.
5406 6. 94.
5407 6. 94.
5408 6. 94.
5409 6. 94.
5410 6. 94.
5411 6. 94.
5412 6. 94.
5413 6. 94.
5414 6. 94.
5415 6. 94.
5416 6. 94.
5417 6. 94.
5418 6. 94.
5419 6. 94.
5420 6. 94.
5421 6. 94.
5422 6. 94.
5423 6. 94.
5424 6. 94.
5425 6. 94.
5426 6. 94.
5427 6. 94.
5428 6. 94.
5429 6. 94.
5430 6. 94.
5431 6. 94.
5432 5. 95.
5433 5. 95.
5434 5. 95.
5435 5. 95.
5436 5. 95.
5437 5. 95.
5438 5. 95.
5439 5. 95.
5440 5. 95.
5441 5. 95.
5442 5. 95.
5443 5. 95.
5444 5. 95.
5445 5. 95.
5446 5. 95.
5447 5. 95.
5448 5. 95.
5449 5. 95.
5450 5. 95.
5451 5. 95.
5452 5. 95.
5453 5. 95.
5454 5. 95.
5455 5. 95.
5456 5. 95.
5457 5. 95.
5458 5. 95.
5459 5. 95.
5460 5. 95.
5461 5. 95.
5462 5. 95.
5463 5. 95.
5464 5. 95.
5465 5. 95.
5466 5. 95.
5467 5. 95.
5468 5. 95.
5469 6. 94.
5470 6. 94.
5471 6. 94.
5472 6. 94.
5473 6. 94.
5474 6. 94.
5475 6. 94.
5476 6. 94.
5477 6. 94.
5478 6. 94.
5479 6. 94.
5480 6. 94.
5481 6. 94.
5482 6. 94.
5483 6. 94.
5484 6. 94.
5485 6. 94.
5486 6. 94.
5487 6. 94.
5488 6. 94.
5489 6. 94.
5490 6. 94.
5491 6. 94.
5492 6. 94.
5493 6. 94.
5494 6. 94.
5495 6. 94.
5496 6. 94.
5497 6. 94.
5498 6. 94.
5499 6. 94.
5500 6. 94.
5501 6. 94.
5502 6. 94.
5503 6. 94.
5504 5. 95.
5505 5. 95.
5506 5. 95.
5507 6. 94.
5508 5. 95.
5509 5. 95.
5510 5. 95.
5511 5. 95.
5512 6. 94.
5513 6. 94.
5514 6. 94.
5515 6. 94.
5516 6. 94.
5517 6. 94.
5518 6. 94.
5519 6. 94.
5520 6. 94.
5521 6. 94.
5522 6. 94.
5523 6. 94.
5524 6. 94.
5525 6. 94.
5526 6. 94.
5527 6. 94.
5528 6. 94.
5529 6. 94.
5530 6. 94.
5531 6. 94.
5532 6. 94.
5533 6. 94.
5534 6. 94.
5535 6. 94.
5536 6. 94.
5537 6. 94.
5538 6. 94.
5539 6. 94.
5540 6. 94.
5541 6. 94.
5542 6. 94.
5543 6. 94.
5544 6. 94.
5545 6. 94.
5546 6. 94.
5547 6. 94.
5548 6. 94.
5549 6. 94.
5550 6. 94.
5551 6. 94.
5552 5. 95.
5553 5. 95.
5554 4. 96.
5555 4. 96.
5556 4. 96.
5557 4. 96.
5558 4. 96.
5559 4. 96.
5560 4. 96.
5561 4. 96.
5562 4. 96.
5563 4. 96.
5564 4. 96.
5565 4. 96.
5566 4. 96.
5567 4. 96.
5568 4. 96.
5569 4. 96.
5570 4. 96.
5571 4. 96.
5572 4. 96.
5573 4. 96.
5574 4. 96.
5575 4. 96.
5576 4. 96.
5577 4. 96.
5578 4. 96.
5579 4. 96.
5580 3. 97.
5581 3. 97.
5582 3. 97.
5583 3. 97.
5584 3. 97.
5585 3. 97.
5586 3. 97.
5587 3. 97.
5588 3. 97.
5589 3. 97.
5590 3. 97.
5591 3. 97.
5592 3. 97.
5593 3. 97.
5594 3. 97.
5595 3. 97.
5596 3. 97.
5597 3. 97.
5598 3. 97.
5599 3. 97.
5600 3. 97.
5601 3. 97.
5602 3. 97.
5603 3. 97.
5604 3. 97.
5605 3. 97.
5606 3. 97.
5607 3. 97.
5608 3. 97.
5609 3. 97.
5610 3. 97.
5611 3. 97.
5612 3. 97.
5613 3. 97.
5614 3. 97.
5615 3. 97.
5616 3. 97.
5617 3. 97.
5618 3. 97.
5619 3. 97.
5620 3. 97.
5621 3. 97.
5622 4. 96.
5623 4. 96.
5624 4. 96.
5625 4. 96.
5626 4. 96.
5627 4. 96.
5628 4. 96.
5629 4. 96.
5630 4. 96.
5631 4. 96.
5632 4. 96.
5633 4. 96.
5634 4. 96.
5635 3. 97.
5636 3. 97.
5637 3. 97.
5638 3. 97.
5639 3. 97.
5640 3. 97.
5641 3. 97.
5642 3. 97.
5643 3. 97.
5644 3. 97.
5645 3. 97.
5646 4. 96.
5647 4. 96.
5648 4. 96.
5649 4. 96.
5650 4. 96.
5651 4. 96.
5652 4. 96.
5653 4. 96.
5654 4. 96.
5655 4. 96.
5656 4. 96.
5657 4. 96.
5658 4. 96.
5659 4. 96.
5660 4. 96.
5661 4. 96.
5662 4. 96.
5663 4. 96.
5664 4. 96.
5665 4. 96.
5666 4. 96.
5667 4. 96.
5668 4. 96.
5669 4. 96.
5670 4. 96.
5671 4. 96.
5672 4. 96.
5673 4. 96.
5674 4. 96.
5675 4. 96.
5676 4. 96.
5677 4. 96.
5678 4. 96.
5679 4. 96.
5680 4. 96.
5681 3. 97.
5682 3. 97.
5683 3. 97.
5684 3. 97.
5685 4. 96.
5686 4. 96.
5687 4. 96.
5688 4. 96.
5689 4. 96.
5690 4. 96.
5691 4. 96.
5692 4. 96.
5693 4. 96.
5694 4. 96.
5695 4. 96.
5696 4. 96.
5697 4. 96.
5698 4. 96.
5699 4. 96.
5700 4. 96.
5701 4. 96.
5702 4. 96.
5703 4. 96.
5704 4. 96.
5705 4. 96.
5706 4. 96.
5707 4. 96.
5708 4. 96.
5709 4. 96.
5710 4. 96.
5711 4. 96.
5712 4. 96.
5713 4. 96.
5714 4. 96.
5715 4. 96.
5716 4. 96.
5717 4. 96.
5718 4. 96.
5719 4. 96.
5720 4. 96.
5721 4. 96.
5722 4. 96.
5723 4. 96.
5724 4. 96.
5725 4. 96.
5726 4. 96.
5727 4. 96.
5728 4. 96.
5729 4. 96.
5730 4. 96.
5731 4. 96.
5732 4. 96.
5733 4. 96.
5734 4. 96.
5735 4. 96.
5736 4. 96.
5737 4. 96.
5738 4. 96.
5739 4. 96.
5740 4. 96.
5741 4. 96.
5742 4. 96.
5743 4. 96.
5744 4. 96.
5745 4. 96.
5746 4. 96.
5747 4. 96.
5748 4. 96.
5749 4. 96.
5750 4. 96.
5751 4. 96.
5752 4. 96.
5753 4. 96.
5754 4. 96.
5755 4. 96.
5756 4. 96.
5757 4. 96.
5758 4. 96.
5759 4. 96.
5760 3. 97.
5761 3. 97.
5762 3. 97.
5763 3. 97.
5764 3. 97.
5765 4. 96.
5766 4. 96.
5767 4. 96.
5768 4. 96.
5769 4. 96.
5770 4. 96.
5771 4. 96.
5772 4. 96.
5773 4. 96.
5774 4. 96.
5775 4. 96.
5776 4. 96.
5777 4. 96.
5778 4. 96.
5779 4. 96.
5780 4. 96.
5781 4. 96.
5782 4. 96.
5783 4. 96.
5784 4. 96.
5785 4. 96.
5786 4. 96.
5787 4. 96.
5788 4. 96.
5789 4. 96.
5790 4. 96.
5791 4. 96.
5792 4. 96.
5793 4. 96.
5794 4. 96.
5795 4. 96.
5796 4. 96.
5797 4. 96.
5798 4. 96.
5799 4. 96.
5800 4. 96.
5801 4. 96.
5802 4. 96.
5803 4. 96.
5804 4. 96.
5805 4. 96.
5806 4. 96.
5807 4. 96.
5808 4. 96.
5809 4. 96.
5810 4. 96.
5811 4. 96.
5812 4. 96.
5813 4. 96.
5814 4. 96.
5815 4. 96.
5816 4. 96.
5817 4. 96.
5818 4. 96.
5819 4. 96.
5820 4. 96.
5821 4. 96.
5822 4. 96.
5823 4. 96.
5824 4. 96.
5825 4. 96.
5826 4. 96.
5827 4. 96.
5828 4. 96.
5829 4. 96.
5830 4. 96.
5831 4. 96.
5832 4. 96.
5833 4. 96.
5834 4. 96.
5835 4. 96.
5836 4. 96.
5837 4. 96.
5838 4. 96.
5839 4. 96.
5840 4. 96.
5841 4. 96.
5842 4. 96.
5843 4. 96.
5844 4. 96.
5845 4. 96.
5846 4. 96.
5847 4. 96.
5848 4. 96.
5849 4. 96.
5850 4. 96.
5851 4. 96.
5852 4. 96.
5853 4. 96.
5854 4. 96.
5855 4. 96.
5856 4. 96.
5857 4. 96.
5858 4. 96.
5859 4. 96.
5860 4. 96.
5861 4. 96.
5862 4. 96.
5863 4. 96.
5864 4. 96.
5865 4. 96.
5866 4. 96.
5867 4. 96.
5868 4. 96.
5869 4. 96.
5870 4. 96.
5871 4. 96.
5872 4. 96.
5873 4. 96.
5874 4. 96.
5875 4. 96.
5876 4. 96.
5877 4. 96.
5878 4. 96.
5879 4. 96.
5880 4. 96.
5881 4. 96.
5882 4. 96.
5883 4. 96.
5884 4. 96.
5885 5. 95.
5886 5. 95.
5887 4. 96.
5888 4. 96.
5889 4. 96.
5890 4. 96.
5891 4. 96.
5892 4. 96.
5893 4. 96.
5894 4. 96.
5895 4. 96.
5896 4. 96.
5897 4. 96.
5898 4. 96.
5899 4. 96.
5900 4. 96.
5901 4. 96.
5902 4. 96.
5903 4. 96.
5904 4. 96.
5905 4. 96.
5906 4. 96.
5907 4. 96.
5908 4. 96.
5909 4. 96.
5910 4. 96.
5911 4. 96.
5912 5. 95.
5913 5. 95.
5914 5. 95.
5915 5. 95.
5916 5. 95.
5917 4. 96.
5918 4. 96.
5919 4. 96.
5920 4. 96.
5921 4. 96.
5922 4. 96.
5923 4. 96.
5924 4. 96.
5925 4. 96.
5926 4. 96.
5927 3. 97.
5928 3. 97.
5929 2. 98.
5930 2. 98.
5931 2. 98.
5932 2. 98.
5933 1. 99.
5934 1. 99.
5935 1. 99.
5936 1. 99.
5937 1. 99.
5938 1. 99.
5939 1. 99.
5940 1. 99.
5941 1. 99.
5942 1. 99.
5943 1. 99.
5944 1. 99.
5945 1. 99.
5946 1. 99.
5947 1. 99.
5948 1. 99.
5949 1. 99.
5950 1. 99.
5951 1. 99.
5952 1. 99.
5953 1. 99.
5954 1. 99.
5955 1. 99.
5956 1. 99.
5957 1. 99.
5958 1. 99.
5959 1. 99.
5960 1. 99.
5961 1. 99.
5962 1. 99.
5963 1. 99.
5964 1. 99.
5965 1. 99.
5966 1. 99.
5967 1. 99.
5968 1. 99.
5969 1. 99.
5970 1. 99.
5971 1. 99.
5972 1. 99.
5973 1. 99.
5974 1. 99.
5975 1. 99.
5976 1. 99.
5977 1. 99.
5978 1. 99.
5979 1. 99.
5980 1. 99.
5981 1. 99.
5982 1. 99.
5983 2. 98.
5984 2. 98.
5985 2. 98.
5986 2. 98.
5987 2. 98.
5988 2. 98.
5989 2. 98.
5990 2. 98.
5991 2. 98.
5992 2. 98.
5993 2. 98.
5994 2. 98.
5995 2. 98.
5996 2. 98.
5997 2. 98.
5998 2. 98.
5999 2. 98.
6000 2. 98.
6001 2. 98.
6002 2. 98.
6003 2. 98.
6004 2. 98.
6005 2. 98.
6006 2. 98.
6007 2. 98.
6008 2. 98.
6009 2. 98.
6010 2. 98.
6011 2. 98.
6012 2. 98.
6013 2. 98.
6014 2. 98.
6015 2. 98.
6016 2. 98.
6017 2. 98.
6018 2. 98.
6019 2. 98.
6020 2. 98.
6021 2. 98.
6022 2. 98.
6023 2. 98.
6024 2. 98.
6025 2. 98.
6026 2. 98.
6027 2. 98.
6028 2. 98.
6029 2. 98.
6030 2. 98.
6031 2. 98.
6032 2. 98.
6033 2. 98.
6034 2. 98.
6035 2. 98.
6036 2. 98.
6037 2. 98.
6038 2. 98.
6039 1. 99.
6040 1. 99.
6041 1. 99.
6042 1. 99.
6043 1. 99.
6044 1. 99.
6045 1. 99.
6046 1. 99.
6047 1. 99.
6048 1. 99.
6049 1. 99.
6050 1. 99.
6051 1. 99.
6052 1. 99.
6053 1. 99.
6054 1. 99.
6055 1. 99.
6056 1. 99.
6057 1. 99.
6058 1. 99.
6059 1. 99.
6060 1. 99.
6061 1. 99.
6062 1. 99.
6063 1. 99.
6064 1. 99.
6065 1. 99.
6066 1. 99.
6067 1. 99.
6068 1. 99.
6069 1. 99.
6070 1. 99.
6071 1. 99.
6072 1. 99.
6073 1. 99.
6074 1. 99.
6075 1. 99.
6076 1. 99.
6077 1. 99.
6078 1. 99.
6079 1. 99.
6080 1. 99.
6081 1. 99.
6082 1. 99.
6083 1. 99.
6084 1. 99.
6085 1. 99.
6086 1. 99.
6087 1. 99.
6088 1. 99.
6089 1. 99.
6090 1. 99.
6091 1. 99.
6092 1. 99.
6093 1. 99.
6094 1. 99.
6095 1. 99.
6096 1. 99.
6097 1. 99.
6098 1. 99.
6099 1. 99.
6100 1. 99.
6101 1. 99.
6102 1. 99.
6103 1. 99.
6104 1. 99.
6105 1. 99.
6106 1. 99.
6107 1. 99.
6108 1. 99.
6109 1. 99.
6110 1. 99.
6111 1. 99.
6112 1. 99.
6113 1. 99.
6114 1. 99.
6115 1. 99.
6116 1. 99.
6117 1. 99.
6118 1. 99.
6119 1. 99.
6120 1. 99.
6121 1. 99.
6122 1. 99.
6123 1. 99.
6124 1. 99.
6125 1. 99.
6126 1. 99.
6127 1. 99.
6128 1. 99.
6129 1. 99.
6130 1. 99.
6131 1. 99.
6132 1. 99.
6133 1. 99.
6134 1. 99.
6135 1. 99.
6136 1. 99.
6137 1. 99.
6138 1. 99.
6139 1. 99.
6140 1. 99.
6141 1. 99.
6142 1. 99.
6143 1. 99.
6144 1. 99.
6145 1. 99.
6146 1. 99.
6147 1. 99.
6148 1. 99.
6149 1. 99.
6150 1. 99.
6151 1. 99.
6152 1. 99.
6153 1. 99.
6154 1. 99.
6155 1. 99.
6156 1. 99.
6157 1. 99.
6158 1. 99.
6159 1. 99.
6160 1. 99.
6161 1. 99.
6162 1. 99.
6163 1. 99.
6164 1. 99.
6165 1. 99.
6166 1. 99.
6167 1. 99.
6168 1. 99.
6169 1. 99.
6170 1. 99.
6171 1. 99.
6172 1. 99.
6173 1. 99.
6174 1. 99.
6175 1. 99.
6176 1. 99.
6177 1. 99.
6178 1. 99.
6179 1. 99.
6180 1. 99.
6181 1. 99.
6182 1. 99.
6183 1. 99.
6184 1. 99.
6185 1. 99.
6186 1. 99.
6187 1. 99.
6188 1. 99.
6189 1. 99.
6190 1. 99.
6191 1. 99.
6192 1. 99.
6193 1. 99.
6194 1. 99.
6195 1. 99.
6196 1. 99.
6197 1. 99.
6198 1. 99.
6199 1. 99.
6200 1. 99.
6201 1. 99.
6202 1. 99.
6203 1. 99.
6204 1. 99.
6205 1. 99.
6206 1. 99.
6207 1. 99.
6208 1. 99.
6209 1. 99.
6210 1. 99.
6211 1. 99.
6212 1. 99.
6213 1. 99.
6214 1. 99.
6215 1. 99.
6216 1. 99.
6217 1. 99.
6218 1. 99.
6219 1. 99.
6220 1. 99.
6221 1. 99.
6222 1. 99.
6223 1. 99.
6224 1. 99.
6225 1. 99.
6226 1. 99.
6227 1. 99.
6228 1. 99.
6229 1. 99.
6230 1. 99.
6231 1. 99.
6232 1. 99.
6233 1. 99.
6234 1. 99.
6235 1. 99.
6236 1. 99.
6237 1. 99.
6238 1. 99.
6239 1. 99.
6240 1. 99.
6241 1. 99.
6242 1. 99.
6243 1. 99.
6244 2. 98.
6245 2. 98.
6246 2. 98.
6247 2. 98.
6248 2. 98.
6249 2. 98.
6250 2. 98.
6251 2. 98.
6252 2. 98.
6253 2. 98.
6254 2. 98.
6255 1. 99.
6256 1. 99.
6257 1. 99.
6258 1. 99.
6259 1. 99.
6260 1. 99.
6261 1. 99.
6262 1. 99.
6263 1. 99.
6264 1. 99.
6265 1. 99.
6266 1. 99.
6267 1. 99.
6268 1. 99.
6269 1. 99.
6270 1. 99.
6271 1. 99.
6272 1. 99.
6273 1. 99.
6274 1. 99.
6275 1. 99.
6276 1. 99.
6277 1. 99.
6278 1. 99.
6279 1. 99.
6280 1. 99.
6281 1. 99.
6282 1. 99.
6283 1. 99.
6284 1. 99.
6285 1. 99.
6286 1. 99.
6287 1. 99.
6288 1. 99.
6289 1. 99.
6290 1. 99.
6291 1. 99.
6292 1. 99.
6293 1. 99.
6294 1. 99.
6295 1. 99.
6296 1. 99.
6297 1. 99.
6298 1. 99.
6299 1. 99.
6300 1. 99.
6301 1. 99.
6302 1. 99.
6303 1. 99.
6304 1. 99.
6305 1. 99.
6306 1. 99.
6307 1. 99.
6308 1. 99.
6309 1. 99.
6310 1. 99.
6311 1. 99.
6312 1. 99.
6313 1. 99.
6314 1. 99.
6315 1. 99.
6316 1. 99.
6317 1. 99.
6318 1. 99.
6319 1. 99.
6320 1. 99.
6321 1. 99.
6322 1. 99.
6323 1. 99.
6324 1. 99.
6325 1. 99.
6326 1. 99.
6327 1. 99.
6328 1. 99.
6329 1. 99.
6330 1. 99.
6331 1. 99.
6332 1. 99.
6333 1. 99.
6334 1. 99.
6335 1. 99.
6336 1. 99.
6337 1. 99.
6338 1. 99.
6339 1. 99.
6340 1. 99.
6341 1. 99.
6342 1. 99.
6343 1. 99.
6344 1. 99.
6345 2. 98.
6346 2. 98.
6347 2. 98.
6348 2. 98.
6349 2. 98.
6350 2. 98.
6351 2. 98.
6352 2. 98.
6353 2. 98.
6354 2. 98.
6355 3. 97.
6356 3. 97.
6357 3. 97.
6358 3. 97.
6359 3. 97.
6360 3. 97.
6361 3. 97.
6362 3. 97.
6363 3. 97.
6364 3. 97.
6365 3. 97.
6366 3. 97.
6367 3. 97.
6368 3. 97.
6369 3. 97.
6370 3. 97.
6371 3. 97.
6372 3. 97.
6373 3. 97.
6374 3. 97.
6375 3. 97.
6376 3. 97.
6377 3. 97.
6378 3. 97.
6379 3. 97.
6380 3. 97.
6381 3. 97.
6382 3. 97.
6383 3. 97.
6384 3. 97.
6385 3. 97.
6386 3. 97.
6387 3. 97.
6388 3. 97.
6389 3. 97.
6390 3. 97.
6391 3. 97.
6392 3. 97.
6393 3. 97.
6394 3. 97.
6395 3. 97.
6396 3. 97.
6397 3. 97.
6398 3. 97.
6399 3. 97.
6400 3. 97.
6401 3. 97.
6402 3. 97.
6403 3. 97.
6404 3. 97.
6405 3. 97.
6406 3. 97.
6407 3. 97.
6408 3. 97.
6409 3. 97.
6410 3. 97.
6411 3. 97.
6412 3. 97.
6413 3. 97.
6414 3. 97.
6415 3. 97.
6416 3. 97.
6417 3. 97.
6418 3. 97.
6419 3. 97.
6420 3. 97.
6421 3. 97.
6422 3. 97.
6423 3. 97.
6424 3. 97.
6425 3. 97.
6426 3. 97.
6427 3. 97.
6428 3. 97.
6429 3. 97.
6430 3. 97.
6431 2. 98.
6432 2. 98.
6433 2. 98.
6434 2. 98.
6435 2. 98.
6436 2. 98.
6437 2. 98.
6438 2. 98.
6439 2. 98.
6440 2. 98.
6441 2. 98.
6442 2. 98.
6443 2. 98.
6444 2. 98.
6445 2. 98.
6446 2. 98.
6447 2. 98.
6448 2. 98.
6449 2. 98.
6450 2. 98.
6451 2. 98.
6452 2. 98.
6453 2. 98.
6454 2. 98.
6455 2. 98.
6456 2. 98.
6457 2. 98.
6458 2. 98.
6459 2. 98.
6460 2. 98.
6461 2. 98.
6462 2. 98.
6463 2. 98.
6464 2. 98.
6465 2. 98.
6466 2. 98.
6467 2. 98.
6468 2. 98.
6469 2. 98.
6470 2. 98.
6471 2. 98.
6472 2. 98.
6473 2. 98.
6474 2. 98.
6475 2. 98.
6476 2. 98.
6477 2. 98.
6478 2. 98.
6479 2. 98.
6480 2. 98.
6481 2. 98.
6482 2. 98.
6483 2. 98.
6484 2. 98.
6485 2. 98.
6486 2. 98.
6487 2. 98.
6488 2. 98.
6489 2. 98.
6490 2. 98.
6491 3. 97.
6492 3. 97.
6493 3. 97.
6494 3. 97.
6495 3. 97.
6496 3. 97.
6497 3. 97.
6498 3. 97.
6499 3. 97.
6500 3. 97.
6501 3. 97.
6502 3. 97.
6503 3. 97.
6504 3. 97.
6505 3. 97.
6506 3. 97.
6507 3. 97.
6508 3. 97.
6509 3. 97.
6510 3. 97.
6511 3. 97.
6512 3. 97.
6513 3. 97.
6514 3. 97.
6515 3. 97.
6516 3. 97.
6517 3. 97.
6518 3. 97.
6519 3. 97.
6520 3. 97.
6521 4. 96.
6522 4. 96.
6523 4. 96.
6524 4. 96.
6525 4. 96.
6526 4. 96.
6527 4. 96.
6528 4. 96.
6529 4. 96.
6530 4. 96.
6531 4. 96.
6532 4. 96.
6533 4. 96.
6534 4. 96.
6535 5. 95.
6536 5. 95.
6537 5. 95.
6538 5. 95.
6539 5. 95.
6540 5. 95.
6541 5. 95.
6542 5. 95.
6543 5. 95.
6544 5. 95.
6545 5. 95.
6546 5. 95.
6547 5. 95.
6548 5. 95.
6549 5. 95.
6550 5. 95.
6551 5. 95.
6552 5. 95.
6553 5. 95.
6554 5. 95.
6555 5. 95.
6556 5. 95.
6557 5. 95.
6558 5. 95.
6559 5. 95.
6560 5. 95.
6561 6. 94.
6562 6. 94.
6563 6. 94.
6564 6. 94.
6565 6. 94.
6566 6. 94.
6567 6. 94.
6568 6. 94.
6569 6. 94.
6570 6. 94.
6571 6. 94.
6572 6. 94.
6573 6. 94.
6574 6. 94.
6575 6. 94.
6576 6. 94.
6577 6. 94.
6578 6. 94.
6579 6. 94.
6580 6. 94.
6581 6. 94.
6582 6. 94.
6583 6. 94.
6584 6. 94.
6585 6. 94.
6586 6. 94.
6587 6. 94.
6588 6. 94.
6589 6. 94.
6590 6. 94.
6591 6. 94.
6592 6. 94.
6593 6. 94.
6594 6. 94.
6595 6. 94.
6596 6. 94.
6597 6. 94.
6598 6. 94.
6599 6. 94.
6600 6. 94.
6601 6. 94.
6602 6. 94.
6603 6. 94.
6604 6. 94.
6605 6. 94.
6606 6. 94.
6607 6. 94.
6608 6. 94.
6609 6. 94.
6610 6. 94.
6611 6. 94.
6612 6. 94.
6613 6. 94.
6614 6. 94.
6615 6. 94.
6616 6. 94.
6617 6. 94.
6618 6. 94.
6619 6. 94.
6620 6. 94.
6621 6. 94.
6622 6. 94.
6623 6. 94.
6624 6. 94.
6625 6. 94.
6626 6. 94.
6627 6. 94.
6628 6. 94.
6629 6. 94.
6630 6. 94.
6631 6. 94.
6632 6. 94.
6633 6. 94.
6634 6. 94.
6635 6. 94.
6636 6. 94.
6637 6. 94.
6638 6. 94.
6639 6. 94.
6640 6. 94.
6641 6. 94.
6642 6. 94.
6643 6. 94.
6644 6. 94.
6645 6. 94.
6646 6. 94.
6647 6. 94.
6648 6. 94.
6649 6. 94.
6650 6. 94.
6651 6. 94.
6652 6. 94.
6653 6. 94.
6654 6. 94.
6655 6. 94.
6656 6. 94.
6657 6. 94.
6658 6. 94.
6659 6. 94.
6660 6. 94.
6661 6. 94.
6662 6. 94.
6663 6. 94.
6664 6. 94.
6665 6. 94.
6666 6. 94.
6667 6. 94.
6668 6. 94.
6669 6. 94.
6670 6. 94.
6671 6. 94.
6672 6. 94.
6673 6. 94.
6674 6. 94.
6675 6. 94.
6676 6. 94.
6677 6. 94.
6678 6. 94.
6679 6. 94.
6680 6. 94.
6681 6. 94.
6682 6. 94.
6683 6. 94.
6684 6. 94.
6685 6. 94.
6686 6. 94.
6687 6. 94.
6688 6. 94.
6689 6. 94.
6690 6. 94.
6691 6. 94.
6692 6. 94.
6693 6. 94.
6694 6. 94.
6695 6. 94.
6696 6. 94.
6697 6. 94.
6698 6. 94.
6699 6. 94.
6700 6. 94.
6701 6. 94.
6702 6. 94.
6703 6. 94.
6704 6. 94.
6705 6. 94.
6706 6. 94.
6707 6. 94.
6708 6. 94.
6709 6. 94.
6710 6. 94.
6711 6. 94.
6712 6. 94.
6713 6. 94.
6714 6. 94.
6715 6. 94.
6716 6. 94.
6717 6. 94.
6718 6. 94.
6719 6. 94.
6720 6. 94.
6721 6. 94.
6722 6. 94.
6723 6. 94.
6724 6. 94.
6725 6. 94.
6726 6. 94.
6727 6. 94.
6728 6. 94.
6729 6. 94.
6730 5. 95.
6731 5. 95.
6732 5. 95.
6733 5. 95.
6734 5. 95.
6735 5. 95.
6736 5. 95.
6737 5. 95.
6738 5. 95.
6739 5. 95.
6740 5. 95.
6741 5. 95.
6742 5. 95.
6743 5. 95.
6744 5. 95.
6745 5. 95.
6746 5. 95.
6747 5. 95.
6748 5. 95.
6749 5. 95.
6750 5. 95.
6751 5. 95.
6752 5. 95.
6753 5. 95.
6754 5. 95.
6755 5. 95.
6756 5. 95.
6757 5. 95.
6758 5. 95.
6759 5. 95.
6760 5. 95.
6761 5. 95.
6762 5. 95.
6763 5. 95.
6764 4. 96.
6765 4. 96.
6766 4. 96.
6767 4. 96.
6768 4. 96.
6769 4. 96.
6770 5. 95.
6771 5. 95.
6772 5. 95.
6773 5. 95.
6774 4. 96.
6775 4. 96.
6776 4. 96.
6777 4. 96.
6778 4. 96.
6779 4. 96.
6780 5. 95.
6781 5. 95.
6782 5. 95.
6783 5. 95.
6784 5. 95.
6785 5. 95.
6786 5. 95.
6787 5. 95.
6788 5. 95.
6789 5. 95.
6790 5. 95.
6791 5. 95.
6792 5. 95.
6793 5. 95.
6794 5. 95.
6795 5. 95.
6796 5. 95.
6797 5. 95.
6798 5. 95.
6799 5. 95.
6800 5. 95.
6801 5. 95.
6802 5. 95.
6803 5. 95.
6804 5. 95.
6805 5. 95.
6806 5. 95.
6807 5. 95.
6808 5. 95.
6809 5. 95.
6810 5. 95.
6811 5. 95.
6812 5. 95.
6813 5. 95.
6814 5. 95.
6815 5. 95.
6816 5. 95.
6817 5. 95.
6818 5. 95.
6819 5. 95.
6820 5. 95.
6821 5. 95.
6822 5. 95.
6823 5. 95.
6824 5. 95.
6825 5. 95.
6826 5. 95.
6827 5. 95.
6828 5. 95.
6829 5. 95.
6830 5. 95.
6831 5. 95.
6832 5. 95.
6833 5. 95.
6834 5. 95.
6835 5. 95.
6836 5. 95.
6837 5. 95.
6838 5. 95.
6839 5. 95.
6840 5. 95.
6841 5. 95.
6842 5. 95.
6843 5. 95.
6844 5. 95.
6845 5. 95.
6846 5. 95.
6847 5. 95.
6848 5. 95.
6849 5. 95.
6850 5. 95.
6851 5. 95.
6852 5. 95.
6853 5. 95.
6854 4. 96.
6855 3. 97.
6856 3. 97.
6857 3. 97.
6858 3. 97.
6859 3. 97.
6860 3. 97.
6861 3. 97.
6862 3. 97.
6863 3. 97.
6864 3. 97.
6865 4. 96.
6866 4. 96.
6867 4. 96.
6868 4. 96.
6869 4. 96.
6870 4. 96.
6871 4. 96.
6872 4. 96.
6873 4. 96.
6874 4. 96.
6875 4. 96.
6876 4. 96.
6877 4. 96.
6878 4. 96.
6879 4. 96.
6880 4. 96.
6881 4. 96.
6882 4. 96.
6883 4. 96.
6884 4. 96.
6885 4. 96.
6886 4. 96.
6887 4. 96.
6888 4. 96.
6889 4. 96.
6890 4. 96.
6891 4. 96.
6892 4. 96.
6893 4. 96.
6894 4. 96.
6895 4. 96.
6896 4. 96.
6897 4. 96.
6898 4. 96.
6899 4. 96.
6900 4. 96.
6901 4. 96.
6902 4. 96.
6903 4. 96.
6904 4. 96.
6905 4. 96.
6906 4. 96.
6907 4. 96.
6908 4. 96.
6909 4. 96.
6910 4. 96.
6911 4. 96.
6912 4. 96.
6913 4. 96.
6914 4. 96.
6915 4. 96.
6916 4. 96.
6917 4. 96.
6918 4. 96.
6919 4. 96.
6920 4. 96.
6921 4. 96.
6922 4. 96.
6923 4. 96.
6924 4. 96.
6925 4. 96.
6926 4. 96.
6927 4. 96.
6928 4. 96.
6929 4. 96.
6930 4. 96.
6931 4. 96.
6932 4. 96.
6933 3. 97.
6934 3. 97.
6935 3. 97.
6936 3. 97.
6937 3. 97.
6938 3. 97.
6939 3. 97.
6940 3. 97.
6941 3. 97.
6942 3. 97.
6943 3. 97.
6944 3. 97.
6945 3. 97.
6946 3. 97.
6947 3. 97.
6948 3. 97.
6949 3. 97.
6950 3. 97.
6951 3. 97.
6952 3. 97.
6953 3. 97.
6954 3. 97.
6955 3. 97.
6956 3. 97.
6957 3. 97.
6958 3. 97.
6959 3. 97.
6960 3. 97.
6961 3. 97.
6962 3. 97.
6963 3. 97.
6964 3. 97.
6965 3. 97.
6966 3. 97.
6967 3. 97.
6968 3. 97.
6969 3. 97.
6970 3. 97.
6971 3. 97.
6972 3. 97.
6973 3. 97.
6974 3. 97.
6975 3. 97.
6976 3. 97.
6977 3. 97.
6978 3. 97.
6979 3. 97.
6980 3. 97.
6981 3. 97.
6982 3. 97.
6983 3. 97.
6984 3. 97.
6985 3. 97.
6986 3. 97.
6987 3. 97.
6988 3. 97.
6989 3. 97.
6990 3. 97.
6991 3. 97.
6992 3. 97.
6993 3. 97.
6994 3. 97.
6995 3. 97.
6996 3. 97.
6997 3. 97.
6998 3. 97.
6999 3. 97.
7000 3. 97.
7001 3. 97.
7002 3. 97.
7003 3. 97.
7004 3. 97.
7005 3. 97.
7006 2. 98.
7007 2. 98.
7008 2. 98.
7009 2. 98.
7010 2. 98.
7011 2. 98.
7012 1. 99.
7013 1. 99.
7014 1. 99.
7015 1. 99.
7016 1. 99.
7017 1. 99.
7018 1. 99.
7019 1. 99.
7020 1. 99.
7021 1. 99.
7022 1. 99.
7023 1. 99.
7024 1. 99.
7025 1. 99.
7026 1. 99.
7027 1. 99.
7028 1. 99.
7029 1. 99.
