0 18. 82.
1 18. 82.
2 18. 82.
3 17. 83.
4 17. 83.
5 16. 84.
6 16. 84.
7 16. 84.
8 16. 84.
9 16. 84.
10 16. 84.
11 15. 85.
12 15. 85.
13 15. 85.
14 15. 85.
15 15. 85.
16 15. 85.
17 15. 85.
18 15. 85.
19 15. 85.
20 15. 85.
21 15. 85.
22 15. 85.
23 15. 85.
24 16. 84.
25 16. 84.
26 16. 84.
27 16. 84.
28 16. 84.
29 16. 84.
30 16. 84.
31 16. 84.
32 16. 84.
33 16. 84.
34 15. 85.
35 15. 85.
36 15. 85.
37 16. 84.
38 17. 83.
39 17. 83.
40 17. 83.
41 17. 83.
42 17. 83.
43 17. 83.
44 17. 83.
45 17. 83.
46 16. 84.
47 17. 83.
48 17. 83.
49 17. 83.
50 17. 83.
51 17. 83.
52 17. 83.
53 18. 82.
54 18. 82.
55 19. 81.
56 19. 81.
57 19. 81.
58 19. 81.
59 19. 81.
60 20. 80.
61 20. 80.
62 20. 80.
63 20. 80.
64 19. 81.
65 19. 81.
66 19. 81.
67 20. 80.
68 20. 80.
69 20. 80.
70 20. 80.
71 20. 80.
72 20. 80.
73 19. 81.
74 19. 81.
75 20. 80.
76 20. 80.
77 20. 80.
78 20. 80.
79 21. 79.
80 21. 79.
81 21. 79.
82 21. 79.
83 21. 79.
84 22. 78.
85 22. 78.
86 22. 78.
87 22. 78.
88 22. 78.
89 22. 78.
90 22. 78.
91 22. 78.
92 22. 78.
93 23. 77.
94 23. 77.
95 23. 77.
96 23. 77.
97 23. 77.
98 23. 77.
99 23. 77.
100 23. 77.
101 23. 77.
102 24. 76.
103 24. 76.
104 24. 76.
105 25. 75.
106 25. 75.
107 25. 75.
108 25. 75.
109 25. 75.
110 25. 75.
111 25. 75.
112 25. 75.
113 25. 75.
114 24. 76.
115 24. 76.
116 24. 76.
117 23. 77.
118 23. 77.
119 22. 78.
120 22. 78.
121 22. 78.
122 22. 78.
123 22. 78.
124 22. 78.
125 22. 78.
126 23. 77.
127 24. 76.
128 24. 76.
129 24. 76.
130 24. 76.
131 24. 76.
132 23. 77.
133 23. 77.
134 23. 77.
135 23. 77.
136 24. 76.
137 24. 76.
138 24. 76.
139 24. 76.
140 24. 76.
141 24. 76.
142 24. 76.
143 24. 76.
144 24. 76.
145 24. 76.
146 25. 75.
147 25. 75.
148 25. 75.
149 25. 75.
150 24. 76.
151 23. 77.
152 23. 77.
153 23. 77.
154 23. 77.
155 23. 77.
156 23. 77.
157 23. 77.
158 23. 77.
159 23. 77.
160 23. 77.
161 23. 77.
162 23. 77.
163 22. 78.
164 22. 78.
165 22. 78.
166 22. 78.
167 22. 78.
168 21. 79.
169 21. 79.
170 21. 79.
171 21. 79.
172 21. 79.
173 20. 80.
174 20. 80.
175 20. 80.
176 20. 80.
177 20. 80.
178 20. 80.
179 20. 80.
180 20. 80.
181 20. 80.
182 20. 80.
183 20. 80.
184 20. 80.
185 20. 80.
186 21. 79.
187 21. 79.
188 21. 79.
189 20. 80.
190 21. 79.
191 20. 80.
192 20. 80.
193 21. 79.
194 22. 78.
195 22. 78.
196 22. 78.
197 22. 78.
198 23. 77.
199 23. 77.
200 23. 77.
201 22. 78.
202 22. 78.
203 22. 78.
204 22. 78.
205 22. 78.
206 22. 78.
207 22. 78.
208 21. 79.
209 21. 79.
210 20. 80.
211 20. 80.
212 20. 80.
213 20. 80.
214 20. 80.
215 20. 80.
216 20. 80.
217 20. 80.
218 20. 80.
219 20. 80.
220 20. 80.
221 20. 80.
222 21. 79.
223 21. 79.
224 22. 78.
225 23. 77.
226 23. 77.
227 23. 77.
228 23. 77.
229 23. 77.
230 23. 77.
231 23. 77.
232 23. 77.
233 23. 77.
234 24. 76.
235 24. 76.
236 24. 76.
237 25. 75.
238 26. 74.
239 26. 74.
240 26. 74.
241 26. 74.
242 26. 74.
243 26. 74.
244 26. 74.
245 26. 74.
246 26. 74.
247 26. 74.
248 26. 74.
249 26. 74.
250 26. 74.
251 26. 74.
252 26. 74.
253 27. 73.
254 27. 73.
255 27. 73.
256 27. 73.
257 27. 73.
258 27. 73.
259 27. 73.
260 27. 73.
261 27. 73.
262 27. 73.
263 26. 74.
264 25. 75.
265 25. 75.
266 25. 75.
267 25. 75.
268 26. 74.
269 26. 74.
270 26. 74.
271 27. 73.
272 27. 73.
273 27. 73.
274 27. 73.
275 27. 73.
276 27. 73.
277 27. 73.
278 26. 74.
279 27. 73.
280 27. 73.
281 27. 73.
282 27. 73.
283 27. 73.
284 27. 73.
285 27. 73.
286 27. 73.
287 27. 73.
288 27. 73.
289 27. 73.
290 27. 73.
291 27. 73.
292 27. 73.
293 27. 73.
294 27. 73.
295 27. 73.
296 27. 73.
297 27. 73.
298 27. 73.
299 27. 73.
300 26. 74.
301 26. 74.
302 26. 74.
303 27. 73.
304 27. 73.
305 28. 72.
306 28. 72.
307 28. 72.
308 28. 72.
309 28. 72.
310 29. 71.
311 29. 71.
312 29. 71.
313 29. 71.
314 29. 71.
315 29. 71.
316 29. 71.
317 29. 71.
318 29. 71.
319 28. 72.
320 27. 73.
321 27. 73.
322 27. 73.
323 27. 73.
324 27. 73.
325 28. 72.
326 28. 72.
327 28. 72.
328 28. 72.
329 28. 72.
330 28. 72.
331 28. 72.
332 28. 72.
333 28. 72.
334 28. 72.
335 27. 73.
336 27. 73.
337 27. 73.
338 28. 72.
339 28. 72.
340 28. 72.
341 28. 72.
342 29. 71.
343 30. 70.
344 30. 70.
345 30. 70.
346 30. 70.
347 30. 70.
348 30. 70.
349 30. 70.
350 30. 70.
351 30. 70.
352 30. 70.
353 31. 69.
354 31. 69.
355 31. 69.
356 31. 69.
357 30. 70.
358 30. 70.
359 30. 70.
360 30. 70.
361 31. 69.
362 31. 69.
363 31. 69.
364 30. 70.
365 30. 70.
366 30. 70.
367 30. 70.
368 31. 69.
369 30. 70.
370 30. 70.
371 30. 70.
372 30. 70.
373 30. 70.
374 30. 70.
375 30. 70.
376 30. 70.
377 30. 70.
378 30. 70.
379 30. 70.
380 30. 70.
381 30. 70.
382 30. 70.
383 29. 71.
384 28. 72.
385 28. 72.
386 28. 72.
387 28. 72.
388 28. 72.
389 27. 73.
390 28. 72.
391 28. 72.
392 28. 72.
393 28. 72.
394 28. 72.
395 27. 73.
396 26. 74.
397 26. 74.
398 26. 74.
399 25. 75.
400 25. 75.
401 25. 75.
402 26. 74.
403 26. 74.
404 26. 74.
405 26. 74.
406 26. 74.
407 25. 75.
408 25. 75.
409 26. 74.
410 26. 74.
411 26. 74.
412 25. 75.
413 26. 74.
414 26. 74.
415 26. 74.
416 26. 74.
417 26. 74.
418 26. 74.
419 26. 74.
420 26. 74.
421 26. 74.
422 26. 74.
423 26. 74.
424 26. 74.
425 26. 74.
426 26. 74.
427 26. 74.
428 26. 74.
429 26. 74.
430 27. 73.
431 27. 73.
432 27. 73.
433 27. 73.
434 28. 72.
435 28. 72.
436 28. 72.
437 28. 72.
438 28. 72.
439 27. 73.
440 26. 74.
441 26. 74.
442 26. 74.
443 26. 74.
444 26. 74.
445 26. 74.
446 26. 74.
447 26. 74.
448 25. 75.
449 25. 75.
450 25. 75.
451 26. 74.
452 26. 74.
453 27. 73.
454 28. 72.
455 28. 72.
456 29. 71.
457 29. 71.
458 29. 71.
459 29. 71.
460 29. 71.
461 30. 70.
462 30. 70.
463 30. 70.
464 30. 70.
465 30. 70.
466 30. 70.
467 30. 70.
468 30. 70.
469 30. 70.
470 30. 70.
471 30. 70.
472 30. 70.
473 31. 69.
474 31. 69.
475 30. 70.
476 30. 70.
477 30. 70.
478 30. 70.
479 29. 71.
480 29. 71.
481 29. 71.
482 29. 71.
483 29. 71.
484 29. 71.
485 29. 71.
486 29. 71.
487 29. 71.
488 29. 71.
489 29. 71.
490 29. 71.
491 29. 71.
492 29. 71.
493 29. 71.
494 28. 72.
495 28. 72.
496 28. 72.
497 27. 73.
498 26. 74.
499 26. 74.
500 26. 74.
501 25. 75.
502 24. 76.
503 24. 76.
504 23. 77.
505 23. 77.
506 23. 77.
507 23. 77.
508 23. 77.
509 23. 77.
510 23. 77.
511 23. 77.
512 23. 77.
513 23. 77.
514 23. 77.
515 23. 77.
516 23. 77.
517 23. 77.
518 22. 78.
519 22. 78.
520 22. 78.
521 21. 79.
522 21. 79.
523 21. 79.
524 21. 79.
525 21. 79.
526 21. 79.
527 20. 80.
528 19. 81.
529 19. 81.
530 19. 81.
531 20. 80.
532 19. 81.
533 19. 81.
534 19. 81.
535 19. 81.
536 19. 81.
537 19. 81.
538 19. 81.
539 19. 81.
540 19. 81.
541 19. 81.
542 19. 81.
543 19. 81.
544 19. 81.
545 19. 81.
546 19. 81.
547 19. 81.
548 19. 81.
549 20. 80.
550 20. 80.
551 20. 80.
552 20. 80.
553 20. 80.
554 21. 79.
555 21. 79.
556 21. 79.
557 21. 79.
558 21. 79.
559 21. 79.
560 21. 79.
561 21. 79.
562 21. 79.
563 21. 79.
564 21. 79.
565 21. 79.
566 21. 79.
567 21. 79.
568 20. 80.
569 20. 80.
570 20. 80.
571 20. 80.
572 20. 80.
573 19. 81.
574 19. 81.
575 19. 81.
576 19. 81.
577 19. 81.
578 20. 80.
579 20. 80.
580 19. 81.
581 19. 81.
582 19. 81.
583 19. 81.
584 19. 81.
585 19. 81.
586 20. 80.
587 20. 80.
588 20. 80.
589 20. 80.
590 20. 80.
591 20. 80.
592 20. 80.
593 20. 80.
594 20. 80.
595 20. 80.
596 19. 81.
597 19. 81.
598 19. 81.
599 19. 81.
600 19. 81.
601 19. 81.
602 19. 81.
603 20. 80.
604 19. 81.
605 19. 81.
606 19. 81.
607 19. 81.
608 19. 81.
609 19. 81.
610 18. 82.
611 18. 82.
612 18. 82.
613 18. 82.
614 18. 82.
615 18. 82.
616 18. 82.
617 18. 82.
618 18. 82.
619 18. 82.
620 18. 82.
621 18. 82.
622 18. 82.
623 18. 82.
624 18. 82.
625 18. 82.
626 17. 83.
627 17. 83.
628 17. 83.
629 17. 83.
630 17. 83.
631 17. 83.
632 17. 83.
633 16. 84.
634 16. 84.
635 16. 84.
636 16. 84.
637 16. 84.
638 17. 83.
639 17. 83.
640 17. 83.
641 17. 83.
642 17. 83.
643 17. 83.
644 16. 84.
645 16. 84.
646 16. 84.
647 16. 84.
648 16. 84.
649 16. 84.
650 16. 84.
651 16. 84.
652 16. 84.
653 16. 84.
654 16. 84.
655 16. 84.
656 16. 84.
657 16. 84.
658 16. 84.
659 16. 84.
660 16. 84.
661 17. 83.
662 17. 83.
663 17. 83.
664 17. 83.
665 18. 82.
666 17. 83.
667 17. 83.
668 17. 83.
669 17. 83.
670 17. 83.
671 16. 84.
672 17. 83.
673 17. 83.
674 17. 83.
675 17. 83.
676 17. 83.
677 16. 84.
678 16. 84.
679 16. 84.
680 16. 84.
681 16. 84.
682 16. 84.
683 16. 84.
684 16. 84.
685 16. 84.
686 16. 84.
687 16. 84.
688 16. 84.
689 16. 84.
690 16. 84.
691 17. 83.
692 17. 83.
693 18. 82.
694 18. 82.
695 18. 82.
696 18. 82.
697 18. 82.
698 18. 82.
699 18. 82.
700 18. 82.
701 18. 82.
702 18. 82.
703 18. 82.
704 18. 82.
705 18. 82.
706 18. 82.
707 18. 82.
708 18. 82.
709 17. 83.
710 17. 83.
711 17. 83.
712 17. 83.
713 17. 83.
714 17. 83.
715 17. 83.
716 17. 83.
717 17. 83.
718 16. 84.
719 16. 84.
720 16. 84.
721 16. 84.
722 17. 83.
723 17. 83.
724 17. 83.
725 17. 83.
726 16. 84.
727 16. 84.
728 16. 84.
729 16. 84.
730 16. 84.
731 15. 85.
732 15. 85.
733 16. 84.
734 16. 84.
735 16. 84.
736 16. 84.
737 16. 84.
738 16. 84.
739 16. 84.
740 16. 84.
741 15. 85.
742 15. 85.
743 15. 85.
744 15. 85.
745 15. 85.
746 15. 85.
747 15. 85.
748 15. 85.
749 15. 85.
750 16. 84.
751 16. 84.
752 16. 84.
753 16. 84.
754 16. 84.
755 16. 84.
756 16. 84.
757 16. 84.
758 16. 84.
759 16. 84.
760 16. 84.
761 15. 85.
762 15. 85.
763 15. 85.
764 15. 85.
765 15. 85.
766 15. 85.
767 15. 85.
768 15. 85.
769 15. 85.
770 15. 85.
771 15. 85.
772 16. 84.
773 16. 84.
774 16. 84.
775 16. 84.
776 16. 84.
777 17. 83.
778 16. 84.
779 16. 84.
780 16. 84.
781 16. 84.
782 17. 83.
783 17. 83.
784 17. 83.
785 18. 82.
786 18. 82.
787 18. 82.
788 18. 82.
789 18. 82.
790 18. 82.
791 18. 82.
792 18. 82.
793 18. 82.
794 17. 83.
795 17. 83.
796 17. 83.
797 17. 83.
798 17. 83.
799 17. 83.
800 17. 83.
801 18. 82.
802 18. 82.
803 18. 82.
804 18. 82.
805 18. 82.
806 18. 82.
807 18. 82.
808 18. 82.
809 18. 82.
810 18. 82.
811 17. 83.
812 17. 83.
813 17. 83.
814 16. 84.
815 16. 84.
816 16. 84.
817 16. 84.
818 16. 84.
819 16. 84.
820 16. 84.
821 16. 84.
822 16. 84.
823 16. 84.
824 16. 84.
825 16. 84.
826 15. 85.
827 15. 85.
828 15. 85.
829 15. 85.
830 15. 85.
831 15. 85.
832 15. 85.
833 15. 85.
834 15. 85.
835 15. 85.
836 15. 85.
837 15. 85.
838 15. 85.
839 15. 85.
840 15. 85.
841 15. 85.
842 14. 86.
843 14. 86.
844 14. 86.
845 14. 86.
846 15. 85.
847 15. 85.
848 15. 85.
849 15. 85.
850 15. 85.
851 15. 85.
852 15. 85.
853 15. 85.
854 15. 85.
855 15. 85.
856 15. 85.
857 15. 85.
858 15. 85.
859 14. 86.
860 14. 86.
861 14. 86.
862 14. 86.
863 14. 86.
864 14. 86.
865 14. 86.
866 14. 86.
867 14. 86.
868 14. 86.
869 14. 86.
870 14. 86.
871 14. 86.
872 14. 86.
873 14. 86.
874 14. 86.
875 14. 86.
876 13. 87.
877 13. 87.
878 13. 87.
879 13. 87.
880 13. 87.
881 13. 87.
882 14. 86.
883 14. 86.
884 14. 86.
885 14. 86.
886 14. 86.
887 14. 86.
888 14. 86.
889 14. 86.
890 14. 86.
891 14. 86.
892 14. 86.
893 14. 86.
894 14. 86.
895 15. 85.
896 16. 84.
897 16. 84.
898 16. 84.
899 16. 84.
900 17. 83.
901 17. 83.
902 17. 83.
903 17. 83.
904 17. 83.
905 17. 83.
906 18. 82.
907 18. 82.
908 18. 82.
909 18. 82.
910 18. 82.
911 18. 82.
912 19. 81.
913 20. 80.
914 20. 80.
915 20. 80.
916 20. 80.
917 20. 80.
918 20. 80.
919 20. 80.
920 20. 80.
921 21. 79.
922 21. 79.
923 21. 79.
924 21. 79.
925 20. 80.
926 20. 80.
927 20. 80.
928 20. 80.
929 20. 80.
930 20. 80.
931 19. 81.
932 19. 81.
933 19. 81.
934 19. 81.
935 19. 81.
936 19. 81.
937 19. 81.
938 18. 82.
939 18. 82.
940 18. 82.
941 18. 82.
942 18. 82.
943 18. 82.
944 18. 82.
945 18. 82.
946 18. 82.
947 18. 82.
948 18. 82.
949 18. 82.
950 18. 82.
951 18. 82.
952 18. 82.
953 18. 82.
954 18. 82.
955 19. 81.
956 19. 81.
957 19. 81.
958 19. 81.
959 19. 81.
960 19. 81.
961 19. 81.
962 19. 81.
963 19. 81.
964 19. 81.
965 19. 81.
966 18. 82.
967 18. 82.
968 18. 82.
969 18. 82.
970 18. 82.
971 18. 82.
972 18. 82.
973 18. 82.
974 18. 82.
975 18. 82.
976 18. 82.
977 18. 82.
978 18. 82.
979 18. 82.
980 18. 82.
981 18. 82.
982 18. 82.
983 18. 82.
984 18. 82.
985 18. 82.
986 18. 82.
987 18. 82.
988 19. 81.
989 20. 80.
990 20. 80.
991 20. 80.
992 20. 80.
993 20. 80.
994 20. 80.
995 20. 80.
996 20. 80.
997 19. 81.
998 19. 81.
999 20. 80.
1000 20. 80.
1001 20. 80.
1002 20. 80.
1003 20. 80.
1004 20. 80.
1005 20. 80.
1006 20. 80.
1007 21. 79.
1008 21. 79.
1009 21. 79.
1010 20. 80.
1011 20. 80.
1012 20. 80.
1013 20. 80.
1014 20. 80.
1015 20. 80.
1016 19. 81.
1017 19. 81.
1018 19. 81.
1019 19. 81.
1020 19. 81.
1021 19. 81.
1022 19. 81.
1023 19. 81.
1024 19. 81.
1025 19. 81.
1026 19. 81.
1027 19. 81.
1028 19. 81.
1029 19. 81.
1030 19. 81.
1031 19. 81.
1032 19. 81.
1033 19. 81.
1034 19. 81.
1035 19. 81.
1036 19. 81.
1037 19. 81.
1038 19. 81.
1039 19. 81.
1040 19. 81.
1041 19. 81.
1042 19. 81.
1043 19. 81.
1044 19. 81.
1045 19. 81.
1046 19. 81.
1047 19. 81.
1048 19. 81.
1049 19. 81.
1050 19. 81.
1051 19. 81.
1052 19. 81.
1053 19. 81.
1054 19. 81.
1055 18. 82.
1056 18. 82.
1057 18. 82.
1058 18. 82.
1059 18. 82.
1060 18. 82.
1061 18. 82.
1062 18. 82.
1063 18. 82.
1064 18. 82.
1065 18. 82.
1066 19. 81.
1067 18. 82.
1068 18. 82.
1069 18. 82.
1070 18. 82.
1071 19. 81.
1072 19. 81.
1073 19. 81.
1074 19. 81.
1075 19. 81.
1076 19. 81.
1077 19. 81.
1078 19. 81.
1079 19. 81.
1080 19. 81.
1081 19. 81.
1082 20. 80.
1083 20. 80.
1084 20. 80.
1085 20. 80.
1086 19. 81.
1087 19. 81.
1088 19. 81.
1089 19. 81.
1090 18. 82.
1091 18. 82.
1092 18. 82.
1093 18. 82.
1094 18. 82.
1095 18. 82.
1096 18. 82.
1097 17. 83.
1098 17. 83.
1099 17. 83.
1100 17. 83.
1101 17. 83.
1102 17. 83.
1103 17. 83.
1104 17. 83.
1105 17. 83.
1106 17. 83.
1107 16. 84.
1108 16. 84.
1109 16. 84.
1110 16. 84.
1111 15. 85.
1112 15. 85.
1113 15. 85.
1114 14. 86.
1115 14. 86.
1116 13. 87.
1117 13. 87.
1118 13. 87.
1119 13. 87.
1120 13. 87.
1121 13. 87.
1122 13. 87.
1123 13. 87.
1124 13. 87.
1125 13. 87.
1126 13. 87.
1127 13. 87.
1128 13. 87.
1129 13. 87.
1130 13. 87.
1131 13. 87.
1132 13. 87.
1133 13. 87.
1134 13. 87.
1135 13. 87.
1136 13. 87.
1137 13. 87.
1138 13. 87.
1139 13. 87.
1140 13. 87.
1141 13. 87.
1142 13. 87.
1143 13. 87.
1144 13. 87.
1145 13. 87.
1146 13. 87.
1147 13. 87.
1148 13. 87.
1149 14. 86.
1150 14. 86.
1151 14. 86.
1152 13. 87.
1153 13. 87.
1154 13. 87.
1155 13. 87.
1156 13. 87.
1157 13. 87.
1158 13. 87.
1159 13. 87.
1160 13. 87.
1161 13. 87.
1162 14. 86.
1163 14. 86.
1164 14. 86.
1165 14. 86.
1166 14. 86.
1167 14. 86.
1168 13. 87.
1169 13. 87.
1170 13. 87.
1171 13. 87.
1172 13. 87.
1173 13. 87.
1174 13. 87.
1175 13. 87.
1176 14. 86.
1177 14. 86.
1178 14. 86.
1179 14. 86.
1180 13. 87.
1181 13. 87.
1182 13. 87.
1183 13. 87.
1184 13. 87.
1185 13. 87.
1186 13. 87.
1187 13. 87.
1188 13. 87.
1189 13. 87.
1190 13. 87.
1191 12. 88.
1192 12. 88.
1193 12. 88.
1194 12. 88.
1195 12. 88.
1196 12. 88.
1197 12. 88.
1198 12. 88.
1199 12. 88.
1200 12. 88.
1201 12. 88.
1202 12. 88.
1203 13. 87.
1204 13. 87.
1205 13. 87.
1206 13. 87.
1207 13. 87.
1208 12. 88.
1209 12. 88.
1210 12. 88.
1211 12. 88.
1212 12. 88.
1213 12. 88.
1214 12. 88.
1215 12. 88.
1216 12. 88.
1217 12. 88.
1218 12. 88.
1219 12. 88.
1220 12. 88.
1221 12. 88.
1222 12. 88.
1223 12. 88.
1224 12. 88.
1225 13. 87.
1226 13. 87.
1227 13. 87.
1228 13. 87.
1229 13. 87.
1230 13. 87.
1231 13. 87.
1232 13. 87.
1233 13. 87.
1234 13. 87.
1235 13. 87.
1236 13. 87.
1237 13. 87.
1238 13. 87.
1239 13. 87.
1240 13. 87.
1241 13. 87.
1242 13. 87.
1243 13. 87.
1244 13. 87.
1245 13. 87.
1246 14. 86.
1247 14. 86.
1248 14. 86.
1249 14. 86.
1250 14. 86.
1251 14. 86.
1252 14. 86.
1253 14. 86.
1254 14. 86.
1255 14. 86.
1256 14. 86.
1257 14. 86.
1258 14. 86.
1259 14. 86.
1260 14. 86.
1261 14. 86.
1262 14. 86.
1263 14. 86.
1264 14. 86.
1265 14. 86.
1266 13. 87.
1267 13. 87.
1268 13. 87.
1269 13. 87.
1270 13. 87.
1271 13. 87.
1272 13. 87.
1273 13. 87.
1274 13. 87.
1275 13. 87.
1276 13. 87.
1277 13. 87.
1278 13. 87.
1279 13. 87.
1280 12. 88.
1281 12. 88.
1282 11. 89.
1283 11. 89.
1284 11. 89.
1285 11. 89.
1286 11. 89.
1287 11. 89.
1288 11. 89.
1289 11. 89.
1290 11. 89.
1291 10. 90.
1292 10. 90.
1293 10. 90.
1294 10. 90.
1295 10. 90.
1296 10. 90.
1297 11. 89.
1298 11. 89.
1299 11. 89.
1300 11. 89.
1301 11. 89.
1302 12. 88.
1303 11. 89.
1304 11. 89.
1305 11. 89.
1306 11. 89.
1307 10. 90.
1308 10. 90.
1309 10. 90.
1310 10. 90.
1311 10. 90.
1312 10. 90.
1313 10. 90.
1314 10. 90.
1315 10. 90.
1316 10. 90.
1317 10. 90.
1318 10. 90.
1319 10. 90.
1320 10. 90.
1321 10. 90.
1322 9. 91.
1323 9. 91.
1324 10. 90.
1325 10. 90.
1326 10. 90.
1327 10. 90.
1328 10. 90.
1329 10. 90.
1330 10. 90.
1331 10. 90.
1332 10. 90.
1333 10. 90.
1334 10. 90.
1335 11. 89.
1336 11. 89.
1337 11. 89.
1338 11. 89.
1339 11. 89.
1340 11. 89.
1341 11. 89.
1342 11. 89.
1343 11. 89.
1344 11. 89.
1345 11. 89.
1346 12. 88.
1347 11. 89.
1348 11. 89.
1349 11. 89.
1350 11. 89.
1351 11. 89.
1352 11. 89.
1353 11. 89.
1354 11. 89.
1355 11. 89.
1356 11. 89.
1357 11. 89.
1358 11. 89.
1359 11. 89.
1360 10. 90.
1361 10. 90.
1362 10. 90.
1363 10. 90.
1364 10. 90.
1365 10. 90.
1366 10. 90.
1367 10. 90.
1368 10. 90.
1369 10. 90.
1370 10. 90.
1371 10. 90.
1372 10. 90.
1373 10. 90.
1374 10. 90.
1375 10. 90.
1376 10. 90.
1377 11. 89.
1378 11. 89.
1379 11. 89.
1380 11. 89.
1381 11. 89.
1382 11. 89.
1383 11. 89.
1384 11. 89.
1385 11. 89.
1386 11. 89.
1387 11. 89.
1388 11. 89.
1389 11. 89.
1390 11. 89.
1391 11. 89.
1392 11. 89.
1393 11. 89.
1394 11. 89.
1395 11. 89.
1396 11. 89.
1397 11. 89.
1398 11. 89.
1399 11. 89.
1400 11. 89.
1401 11. 89.
1402 11. 89.
1403 11. 89.
1404 11. 89.
1405 11. 89.
1406 11. 89.
1407 11. 89.
1408 11. 89.
1409 11. 89.
1410 11. 89.
1411 11. 89.
1412 12. 88.
1413 12. 88.
1414 12. 88.
1415 12. 88.
1416 12. 88.
1417 12. 88.
1418 12. 88.
1419 11. 89.
1420 11. 89.
1421 11. 89.
1422 11. 89.
1423 11. 89.
1424 10. 90.
1425 10. 90.
1426 10. 90.
1427 10. 90.
1428 10. 90.
1429 10. 90.
1430 10. 90.
1431 10. 90.
1432 10. 90.
1433 10. 90.
1434 10. 90.
1435 10. 90.
1436 10. 90.
1437 10. 90.
1438 10. 90.
1439 10. 90.
1440 10. 90.
1441 10. 90.
1442 10. 90.
1443 9. 91.
1444 9. 91.
1445 10. 90.
1446 10. 90.
1447 10. 90.
1448 10. 90.
1449 10. 90.
1450 10. 90.
1451 10. 90.
1452 10. 90.
1453 10. 90.
1454 10. 90.
1455 10. 90.
1456 10. 90.
1457 10. 90.
1458 10. 90.
1459 10. 90.
1460 10. 90.
1461 10. 90.
1462 10. 90.
1463 10. 90.
1464 11. 89.
1465 11. 89.
1466 11. 89.
1467 11. 89.
1468 11. 89.
1469 11. 89.
1470 11. 89.
1471 11. 89.
1472 11. 89.
1473 12. 88.
1474 12. 88.
1475 12. 88.
1476 12. 88.
1477 12. 88.
1478 12. 88.
1479 12. 88.
1480 12. 88.
1481 13. 87.
1482 13. 87.
1483 13. 87.
1484 13. 87.
1485 12. 88.
1486 12. 88.
1487 12. 88.
1488 12. 88.
1489 12. 88.
1490 12. 88.
1491 12. 88.
1492 12. 88.
1493 12. 88.
1494 13. 87.
1495 13. 87.
1496 13. 87.
1497 13. 87.
1498 13. 87.
1499 13. 87.
1500 12. 88.
1501 11. 89.
1502 11. 89.
1503 11. 89.
1504 11. 89.
1505 12. 88.
1506 12. 88.
1507 12. 88.
1508 12. 88.
1509 13. 87.
1510 13. 87.
1511 13. 87.
1512 13. 87.
1513 13. 87.
1514 13. 87.
1515 13. 87.
1516 13. 87.
1517 13. 87.
1518 13. 87.
1519 13. 87.
1520 13. 87.
1521 13. 87.
1522 13. 87.
1523 13. 87.
1524 13. 87.
1525 13. 87.
1526 13. 87.
1527 13. 87.
1528 13. 87.
1529 13. 87.
1530 13. 87.
1531 13. 87.
1532 13. 87.
1533 12. 88.
1534 12. 88.
1535 12. 88.
1536 12. 88.
1537 12. 88.
1538 12. 88.
1539 12. 88.
1540 12. 88.
1541 12. 88.
1542 12. 88.
1543 12. 88.
1544 11. 89.
1545 11. 89.
1546 11. 89.
1547 11. 89.
1548 11. 89.
1549 11. 89.
1550 11. 89.
1551 11. 89.
1552 11. 89.
1553 11. 89.
1554 10. 90.
1555 10. 90.
1556 10. 90.
1557 11. 89.
1558 12. 88.
1559 12. 88.
1560 12. 88.
1561 12. 88.
1562 12. 88.
1563 12. 88.
1564 12. 88.
1565 12. 88.
1566 11. 89.
1567 11. 89.
1568 11. 89.
1569 11. 89.
1570 12. 88.
1571 12. 88.
1572 12. 88.
1573 12. 88.
1574 12. 88.
1575 12. 88.
1576 12. 88.
1577 12. 88.
1578 12. 88.
1579 12. 88.
1580 12. 88.
1581 12. 88.
1582 13. 87.
1583 13. 87.
1584 13. 87.
1585 13. 87.
1586 13. 87.
1587 13. 87.
1588 13. 87.
1589 13. 87.
1590 13. 87.
1591 13. 87.
1592 13. 87.
1593 14. 86.
1594 14. 86.
1595 14. 86.
1596 14. 86.
1597 14. 86.
1598 14. 86.
1599 14. 86.
1600 14. 86.
1601 15. 85.
1602 15. 85.
1603 15. 85.
1604 15. 85.
1605 15. 85.
1606 15. 85.
1607 15. 85.
1608 15. 85.
1609 15. 85.
1610 15. 85.
1611 15. 85.
1612 15. 85.
1613 15. 85.
1614 15. 85.
1615 15. 85.
1616 15. 85.
1617 15. 85.
1618 15. 85.
1619 15. 85.
1620 14. 86.
1621 13. 87.
1622 13. 87.
1623 13. 87.
1624 13. 87.
1625 13. 87.
1626 13. 87.
1627 13. 87.
1628 13. 87.
1629 13. 87.
1630 13. 87.
1631 13. 87.
1632 13. 87.
1633 12. 88.
1634 12. 88.
1635 12. 88.
1636 12. 88.
1637 12. 88.
1638 12. 88.
1639 12. 88.
1640 12. 88.
1641 12. 88.
1642 12. 88.
1643 12. 88.
1644 12. 88.
1645 12. 88.
1646 12. 88.
1647 12. 88.
1648 12. 88.
1649 12. 88.
1650 12. 88.
1651 12. 88.
1652 12. 88.
1653 12. 88.
1654 12. 88.
1655 12. 88.
1656 12. 88.
1657 12. 88.
1658 12. 88.
1659 12. 88.
1660 12. 88.
1661 12. 88.
1662 12. 88.
1663 12. 88.
1664 12. 88.
1665 12. 88.
1666 12. 88.
1667 13. 87.
1668 13. 87.
1669 12. 88.
1670 12. 88.
1671 12. 88.
1672 12. 88.
1673 12. 88.
1674 12. 88.
1675 12. 88.
1676 12. 88.
1677 11. 89.
1678 11. 89.
1679 11. 89.
1680 11. 89.
1681 11. 89.
1682 11. 89.
1683 11. 89.
1684 11. 89.
1685 12. 88.
1686 12. 88.
1687 13. 87.
1688 13. 87.
1689 13. 87.
1690 13. 87.
1691 14. 86.
1692 14. 86.
1693 14. 86.
1694 14. 86.
1695 14. 86.
1696 14. 86.
1697 14. 86.
1698 14. 86.
1699 14. 86.
1700 14. 86.
1701 14. 86.
1702 14. 86.
1703 14. 86.
1704 14. 86.
1705 13. 87.
1706 13. 87.
1707 13. 87.
1708 13. 87.
1709 13. 87.
1710 13. 87.
1711 13. 87.
1712 12. 88.
1713 11. 89.
1714 11. 89.
1715 11. 89.
1716 11. 89.
1717 11. 89.
1718 11. 89.
1719 11. 89.
1720 11. 89.
1721 11. 89.
1722 11. 89.
1723 11. 89.
1724 11. 89.
1725 11. 89.
1726 11. 89.
1727 12. 88.
1728 12. 88.
1729 12. 88.
1730 12. 88.
1731 12. 88.
1732 12. 88.
1733 12. 88.
1734 12. 88.
1735 12. 88.
1736 12. 88.
1737 12. 88.
1738 12. 88.
1739 12. 88.
1740 12. 88.
1741 12. 88.
1742 12. 88.
1743 12. 88.
1744 12. 88.
1745 12. 88.
1746 12. 88.
1747 12. 88.
1748 12. 88.
1749 12. 88.
1750 12. 88.
1751 12. 88.
1752 12. 88.
1753 12. 88.
1754 12. 88.
1755 12. 88.
1756 12. 88.
1757 12. 88.
1758 12. 88.
1759 12. 88.
1760 12. 88.
1761 12. 88.
1762 12. 88.
1763 13. 87.
1764 12. 88.
1765 12. 88.
1766 12. 88.
1767 11. 89.
1768 11. 89.
1769 11. 89.
1770 11. 89.
1771 11. 89.
1772 11. 89.
1773 11. 89.
1774 11. 89.
1775 11. 89.
1776 11. 89.
1777 11. 89.
1778 11. 89.
1779 11. 89.
1780 11. 89.
1781 10. 90.
1782 10. 90.
1783 10. 90.
1784 10. 90.
1785 10. 90.
1786 10. 90.
1787 10. 90.
1788 10. 90.
1789 10. 90.
1790 10. 90.
1791 10. 90.
1792 10. 90.
1793 10. 90.
1794 10. 90.
1795 10. 90.
1796 10. 90.
1797 10. 90.
1798 10. 90.
1799 10. 90.
1800 10. 90.
1801 10. 90.
1802 10. 90.
1803 10. 90.
1804 10. 90.
1805 10. 90.
1806 10. 90.
1807 10. 90.
1808 10. 90.
1809 10. 90.
1810 10. 90.
1811 10. 90.
1812 10. 90.
1813 10. 90.
1814 10. 90.
1815 10. 90.
1816 10. 90.
1817 10. 90.
1818 10. 90.
1819 10. 90.
1820 10. 90.
1821 11. 89.
1822 11. 89.
1823 11. 89.
1824 11. 89.
1825 11. 89.
1826 10. 90.
1827 10. 90.
1828 10. 90.
1829 10. 90.
1830 11. 89.
1831 11. 89.
1832 11. 89.
1833 11. 89.
1834 11. 89.
1835 11. 89.
1836 11. 89.
1837 12. 88.
1838 12. 88.
1839 12. 88.
1840 12. 88.
1841 12. 88.
1842 12. 88.
1843 12. 88.
1844 12. 88.
1845 12. 88.
1846 12. 88.
1847 12. 88.
1848 12. 88.
1849 12. 88.
1850 12. 88.
1851 12. 88.
1852 12. 88.
1853 12. 88.
1854 12. 88.
1855 12. 88.
1856 12. 88.
1857 12. 88.
1858 12. 88.
1859 12. 88.
1860 12. 88.
1861 12. 88.
1862 12. 88.
1863 12. 88.
1864 12. 88.
1865 12. 88.
1866 12. 88.
1867 12. 88.
1868 12. 88.
1869 12. 88.
1870 13. 87.
1871 13. 87.
1872 13. 87.
1873 13. 87.
1874 13. 87.
1875 13. 87.
1876 13. 87.
1877 13. 87.
1878 12. 88.
1879 11. 89.
1880 11. 89.
1881 11. 89.
1882 11. 89.
1883 11. 89.
1884 11. 89.
1885 11. 89.
1886 11. 89.
1887 11. 89.
1888 11. 89.
1889 11. 89.
1890 12. 88.
1891 12. 88.
1892 12. 88.
1893 12. 88.
1894 12. 88.
1895 12. 88.
1896 12. 88.
1897 12. 88.
1898 13. 87.
1899 13. 87.
1900 13. 87.
1901 13. 87.
1902 12. 88.
1903 12. 88.
1904 12. 88.
1905 12. 88.
1906 12. 88.
1907 12. 88.
1908 12. 88.
1909 12. 88.
1910 12. 88.
1911 12. 88.
1912 12. 88.
1913 12. 88.
1914 13. 87.
1915 13. 87.
1916 13. 87.
1917 13. 87.
1918 13. 87.
1919 13. 87.
1920 14. 86.
1921 14. 86.
1922 14. 86.
1923 14. 86.
1924 14. 86.
1925 14. 86.
1926 14. 86.
1927 14. 86.
1928 14. 86.
1929 14. 86.
1930 14. 86.
1931 14. 86.
1932 14. 86.
1933 14. 86.
1934 15. 85.
1935 15. 85.
1936 15. 85.
1937 15. 85.
1938 15. 85.
1939 15. 85.
1940 15. 85.
1941 15. 85.
1942 15. 85.
1943 15. 85.
1944 15. 85.
1945 15. 85.
1946 15. 85.
1947 15. 85.
1948 14. 86.
1949 14. 86.
1950 14. 86.
1951 14. 86.
1952 14. 86.
1953 14. 86.
1954 14. 86.
1955 14. 86.
1956 14. 86.
1957 14. 86.
1958 14. 86.
1959 13. 87.
1960 13. 87.
1961 13. 87.
1962 13. 87.
1963 13. 87.
1964 13. 87.
1965 13. 87.
1966 13. 87.
1967 13. 87.
1968 13. 87.
1969 13. 87.
1970 13. 87.
1971 13. 87.
1972 13. 87.
1973 13. 87.
1974 12. 88.
1975 13. 87.
1976 13. 87.
1977 13. 87.
1978 13. 87.
1979 12. 88.
1980 12. 88.
1981 12. 88.
1982 12. 88.
1983 11. 89.
1984 11. 89.
1985 11. 89.
1986 11. 89.
1987 11. 89.
1988 11. 89.
1989 11. 89.
1990 11. 89.
1991 11. 89.
1992 11. 89.
1993 11. 89.
1994 11. 89.
1995 11. 89.
1996 11. 89.
1997 10. 90.
1998 10. 90.
1999 10. 90.
2000 10. 90.
2001 10. 90.
2002 10. 90.
2003 10. 90.
2004 10. 90.
2005 10. 90.
2006 10. 90.
2007 10. 90.
2008 10. 90.
2009 10. 90.
2010 10. 90.
2011 10. 90.
2012 10. 90.
2013 10. 90.
2014 10. 90.
2015 10. 90.
2016 10. 90.
2017 10. 90.
2018 10. 90.
2019 10. 90.
2020 9. 91.
2021 9. 91.
2022 9. 91.
2023 9. 91.
2024 9. 91.
2025 9. 91.
2026 9. 91.
2027 9. 91.
2028 9. 91.
2029 9. 91.
2030 9. 91.
2031 9. 91.
2032 9. 91.
2033 9. 91.
2034 9. 91.
2035 9. 91.
2036 9. 91.
2037 9. 91.
2038 9. 91.
2039 9. 91.
2040 8. 92.
2041 8. 92.
2042 8. 92.
2043 8. 92.
2044 8. 92.
2045 8. 92.
2046 9. 91.
2047 9. 91.
2048 9. 91.
2049 9. 91.
2050 9. 91.
2051 9. 91.
2052 9. 91.
2053 9. 91.
2054 10. 90.
2055 10. 90.
2056 11. 89.
2057 11. 89.
2058 11. 89.
2059 11. 89.
2060 11. 89.
2061 11. 89.
2062 11. 89.
2063 11. 89.
2064 11. 89.
2065 11. 89.
2066 11. 89.
2067 11. 89.
2068 11. 89.
2069 11. 89.
2070 11. 89.
2071 11. 89.
2072 11. 89.
2073 10. 90.
2074 9. 91.
2075 9. 91.
2076 10. 90.
2077 10. 90.
2078 11. 89.
2079 10. 90.
2080 10. 90.
2081 9. 91.
2082 9. 91.
2083 9. 91.
2084 9. 91.
2085 9. 91.
2086 10. 90.
2087 10. 90.
2088 10. 90.
2089 10. 90.
2090 10. 90.
2091 10. 90.
2092 10. 90.
2093 10. 90.
2094 10. 90.
2095 10. 90.
2096 11. 89.
2097 10. 90.
2098 10. 90.
2099 10. 90.
2100 10. 90.
2101 10. 90.
2102 10. 90.
2103 10. 90.
2104 10. 90.
2105 11. 89.
2106 11. 89.
2107 11. 89.
2108 11. 89.
2109 11. 89.
2110 11. 89.
2111 11. 89.
2112 11. 89.
2113 11. 89.
2114 11. 89.
2115 11. 89.
2116 11. 89.
2117 11. 89.
2118 11. 89.
2119 11. 89.
2120 11. 89.
2121 11. 89.
2122 11. 89.
2123 12. 88.
2124 12. 88.
2125 11. 89.
2126 11. 89.
2127 11. 89.
2128 11. 89.
2129 11. 89.
2130 11. 89.
2131 10. 90.
2132 10. 90.
2133 10. 90.
2134 10. 90.
2135 10. 90.
2136 10. 90.
2137 10. 90.
2138 10. 90.
2139 10. 90.
2140 10. 90.
2141 10. 90.
2142 10. 90.
2143 10. 90.
2144 10. 90.
2145 10. 90.
2146 10. 90.
2147 10. 90.
2148 10. 90.
2149 10. 90.
2150 10. 90.
2151 10. 90.
2152 10. 90.
2153 10. 90.
2154 10. 90.
2155 10. 90.
2156 10. 90.
2157 10. 90.
2158 10. 90.
2159 10. 90.
2160 10. 90.
2161 10. 90.
2162 10. 90.
2163 10. 90.
2164 11. 89.
2165 11. 89.
2166 11. 89.
2167 11. 89.
2168 11. 89.
2169 11. 89.
2170 11. 89.
2171 11. 89.
2172 11. 89.
2173 11. 89.
2174 11. 89.
2175 11. 89.
2176 11. 89.
2177 11. 89.
2178 11. 89.
2179 11. 89.
2180 11. 89.
2181 11. 89.
2182 11. 89.
2183 11. 89.
2184 11. 89.
2185 11. 89.
2186 12. 88.
2187 13. 87.
2188 13. 87.
2189 13. 87.
2190 13. 87.
2191 13. 87.
2192 13. 87.
2193 13. 87.
2194 13. 87.
2195 13. 87.
2196 13. 87.
2197 13. 87.
2198 13. 87.
2199 13. 87.
2200 13. 87.
2201 13. 87.
2202 13. 87.
2203 13. 87.
2204 13. 87.
2205 13. 87.
2206 13. 87.
2207 13. 87.
2208 13. 87.
2209 13. 87.
2210 13. 87.
2211 14. 86.
2212 14. 86.
2213 14. 86.
2214 14. 86.
2215 13. 87.
2216 12. 88.
2217 12. 88.
2218 12. 88.
2219 12. 88.
2220 12. 88.
2221 12. 88.
2222 12. 88.
2223 12. 88.
2224 12. 88.
2225 12. 88.
2226 12. 88.
2227 12. 88.
2228 12. 88.
2229 12. 88.
2230 12. 88.
2231 12. 88.
2232 12. 88.
2233 12. 88.
2234 12. 88.
2235 12. 88.
2236 12. 88.
2237 12. 88.
2238 12. 88.
2239 11. 89.
2240 11. 89.
2241 11. 89.
2242 11. 89.
2243 11. 89.
2244 11. 89.
2245 11. 89.
2246 11. 89.
2247 11. 89.
2248 11. 89.
2249 11. 89.
2250 11. 89.
2251 11. 89.
2252 11. 89.
2253 11. 89.
2254 11. 89.
2255 11. 89.
2256 11. 89.
2257 11. 89.
2258 11. 89.
2259 11. 89.
2260 11. 89.
2261 11. 89.
2262 11. 89.
2263 11. 89.
2264 11. 89.
2265 11. 89.
2266 11. 89.
2267 10. 90.
2268 11. 89.
2269 11. 89.
2270 11. 89.
2271 11. 89.
2272 11. 89.
2273 11. 89.
2274 11. 89.
2275 11. 89.
2276 10. 90.
2277 10. 90.
2278 10. 90.
2279 10. 90.
2280 10. 90.
2281 10. 90.
2282 10. 90.
2283 10. 90.
2284 10. 90.
2285 10. 90.
2286 10. 90.
2287 10. 90.
2288 10. 90.
2289 10. 90.
2290 10. 90.
2291 10. 90.
2292 10. 90.
2293 10. 90.
2294 10. 90.
2295 10. 90.
2296 10. 90.
2297 10. 90.
2298 10. 90.
2299 10. 90.
2300 10. 90.
2301 9. 91.
2302 9. 91.
2303 9. 91.
2304 9. 91.
2305 9. 91.
2306 9. 91.
2307 9. 91.
2308 9. 91.
2309 9. 91.
2310 9. 91.
2311 9. 91.
2312 9. 91.
2313 9. 91.
2314 9. 91.
2315 9. 91.
2316 9. 91.
2317 9. 91.
2318 9. 91.
2319 9. 91.
2320 9. 91.
2321 9. 91.
2322 9. 91.
2323 9. 91.
2324 9. 91.
2325 9. 91.
2326 10. 90.
2327 10. 90.
2328 10. 90.
2329 10. 90.
2330 10. 90.
2331 10. 90.
2332 10. 90.
2333 10. 90.
2334 11. 89.
2335 11. 89.
2336 11. 89.
2337 11. 89.
2338 11. 89.
2339 11. 89.
2340 11. 89.
2341 11. 89.
2342 10. 90.
2343 10. 90.
2344 10. 90.
2345 10. 90.
2346 9. 91.
2347 9. 91.
2348 9. 91.
2349 9. 91.
2350 9. 91.
2351 9. 91.
2352 9. 91.
2353 9. 91.
2354 9. 91.
2355 9. 91.
2356 9. 91.
2357 9. 91.
2358 9. 91.
2359 9. 91.
2360 9. 91.
2361 9. 91.
2362 9. 91.
2363 9. 91.
2364 9. 91.
2365 9. 91.
2366 9. 91.
2367 9. 91.
2368 9. 91.
2369 9. 91.
2370 9. 91.
2371 8. 92.
2372 8. 92.
2373 8. 92.
2374 8. 92.
2375 8. 92.
2376 8. 92.
2377 8. 92.
2378 8. 92.
2379 8. 92.
2380 8. 92.
2381 8. 92.
2382 8. 92.
2383 8. 92.
2384 8. 92.
2385 9. 91.
2386 9. 91.
2387 9. 91.
2388 9. 91.
2389 9. 91.
2390 9. 91.
2391 9. 91.
2392 9. 91.
2393 9. 91.
2394 9. 91.
2395 9. 91.
2396 10. 90.
2397 10. 90.
2398 10. 90.
2399 10. 90.
2400 10. 90.
2401 10. 90.
2402 10. 90.
2403 10. 90.
2404 11. 89.
2405 11. 89.
2406 11. 89.
2407 11. 89.
2408 10. 90.
2409 11. 89.
2410 11. 89.
2411 11. 89.
2412 11. 89.
2413 11. 89.
2414 11. 89.
2415 11. 89.
2416 11. 89.
2417 11. 89.
2418 11. 89.
2419 11. 89.
2420 11. 89.
2421 11. 89.
2422 11. 89.
2423 11. 89.
2424 11. 89.
2425 11. 89.
2426 11. 89.
2427 11. 89.
2428 11. 89.
2429 11. 89.
2430 11. 89.
2431 12. 88.
2432 12. 88.
2433 11. 89.
2434 11. 89.
2435 11. 89.
2436 11. 89.
2437 11. 89.
2438 11. 89.
2439 11. 89.
2440 11. 89.
2441 11. 89.
2442 11. 89.
2443 11. 89.
2444 11. 89.
2445 11. 89.
2446 11. 89.
2447 11. 89.
2448 11. 89.
2449 11. 89.
2450 11. 89.
2451 11. 89.
2452 10. 90.
2453 10. 90.
2454 10. 90.
2455 10. 90.
2456 10. 90.
2457 10. 90.
2458 10. 90.
2459 10. 90.
2460 10. 90.
2461 10. 90.
2462 10. 90.
2463 10. 90.
2464 10. 90.
2465 10. 90.
2466 10. 90.
2467 10. 90.
2468 10. 90.
2469 10. 90.
2470 10. 90.
2471 10. 90.
2472 10. 90.
2473 10. 90.
2474 11. 89.
2475 11. 89.
2476 11. 89.
2477 11. 89.
2478 11. 89.
2479 11. 89.
2480 11. 89.
2481 10. 90.
2482 10. 90.
2483 10. 90.
2484 11. 89.
2485 11. 89.
2486 11. 89.
2487 11. 89.
2488 11. 89.
2489 11. 89.
2490 11. 89.
2491 11. 89.
2492 11. 89.
2493 11. 89.
2494 11. 89.
2495 11. 89.
2496 11. 89.
2497 11. 89.
2498 11. 89.
2499 11. 89.
2500 11. 89.
2501 11. 89.
2502 11. 89.
2503 11. 89.
2504 10. 90.
2505 10. 90.
2506 10. 90.
2507 10. 90.
2508 10. 90.
2509 10. 90.
2510 10. 90.
2511 10. 90.
2512 10. 90.
2513 10. 90.
2514 10. 90.
2515 10. 90.
2516 11. 89.
2517 10. 90.
2518 10. 90.
2519 10. 90.
2520 10. 90.
2521 9. 91.
2522 9. 91.
2523 9. 91.
2524 9. 91.
2525 9. 91.
2526 9. 91.
2527 9. 91.
2528 9. 91.
2529 10. 90.
2530 10. 90.
2531 10. 90.
2532 10. 90.
2533 9. 91.
2534 9. 91.
2535 9. 91.
2536 9. 91.
2537 9. 91.
2538 9. 91.
2539 10. 90.
2540 10. 90.
2541 10. 90.
2542 10. 90.
2543 10. 90.
2544 10. 90.
2545 10. 90.
2546 11. 89.
2547 11. 89.
2548 11. 89.
2549 11. 89.
2550 11. 89.
2551 11. 89.
2552 11. 89.
2553 11. 89.
2554 11. 89.
2555 11. 89.
2556 11. 89.
2557 11. 89.
2558 11. 89.
2559 11. 89.
2560 11. 89.
2561 11. 89.
2562 12. 88.
2563 12. 88.
2564 12. 88.
2565 12. 88.
2566 12. 88.
2567 12. 88.
2568 12. 88.
2569 12. 88.
2570 12. 88.
2571 12. 88.
2572 12. 88.
2573 12. 88.
2574 12. 88.
2575 12. 88.
2576 12. 88.
2577 12. 88.
2578 12. 88.
2579 12. 88.
2580 12. 88.
2581 12. 88.
2582 13. 87.
2583 13. 87.
2584 13. 87.
2585 13. 87.
2586 13. 87.
2587 13. 87.
2588 13. 87.
2589 13. 87.
2590 13. 87.
2591 13. 87.
2592 13. 87.
2593 13. 87.
2594 14. 86.
2595 14. 86.
2596 15. 85.
2597 15. 85.
2598 15. 85.
2599 15. 85.
2600 15. 85.
2601 15. 85.
2602 15. 85.
2603 15. 85.
2604 14. 86.
2605 14. 86.
2606 14. 86.
2607 14. 86.
2608 14. 86.
2609 14. 86.
2610 14. 86.
2611 14. 86.
2612 14. 86.
2613 14. 86.
2614 14. 86.
2615 14. 86.
2616 14. 86.
2617 15. 85.
2618 15. 85.
2619 15. 85.
2620 15. 85.
2621 15. 85.
2622 15. 85.
2623 15. 85.
2624 15. 85.
2625 15. 85.
2626 15. 85.
2627 14. 86.
2628 14. 86.
2629 14. 86.
2630 14. 86.
2631 14. 86.
2632 14. 86.
2633 14. 86.
2634 14. 86.
2635 14. 86.
2636 14. 86.
2637 14. 86.
2638 14. 86.
2639 14. 86.
2640 14. 86.
2641 14. 86.
2642 14. 86.
2643 15. 85.
2644 15. 85.
2645 15. 85.
2646 15. 85.
2647 15. 85.
2648 14. 86.
2649 15. 85.
2650 15. 85.
2651 15. 85.
2652 15. 85.
2653 15. 85.
2654 15. 85.
2655 15. 85.
2656 16. 84.
2657 16. 84.
2658 16. 84.
2659 16. 84.
2660 16. 84.
2661 16. 84.
2662 16. 84.
2663 16. 84.
2664 16. 84.
2665 16. 84.
2666 16. 84.
2667 16. 84.
2668 16. 84.
2669 17. 83.
2670 17. 83.
2671 17. 83.
2672 17. 83.
2673 16. 84.
2674 16. 84.
2675 16. 84.
2676 16. 84.
2677 16. 84.
2678 17. 83.
2679 17. 83.
2680 17. 83.
2681 17. 83.
2682 17. 83.
2683 16. 84.
2684 16. 84.
2685 15. 85.
2686 15. 85.
2687 15. 85.
2688 15. 85.
2689 15. 85.
2690 15. 85.
2691 15. 85.
2692 15. 85.
2693 15. 85.
2694 15. 85.
2695 15. 85.
2696 15. 85.
2697 15. 85.
2698 14. 86.
2699 14. 86.
2700 14. 86.
2701 14. 86.
2702 14. 86.
2703 14. 86.
2704 14. 86.
2705 15. 85.
2706 15. 85.
2707 15. 85.
2708 15. 85.
2709 15. 85.
2710 15. 85.
2711 15. 85.
2712 15. 85.
2713 15. 85.
2714 16. 84.
2715 16. 84.
2716 16. 84.
2717 16. 84.
2718 16. 84.
2719 15. 85.
2720 15. 85.
2721 15. 85.
2722 15. 85.
2723 14. 86.
2724 14. 86.
2725 14. 86.
2726 14. 86.
2727 14. 86.
2728 14. 86.
2729 14. 86.
2730 14. 86.
2731 14. 86.
2732 14. 86.
2733 14. 86.
2734 14. 86.
2735 14. 86.
2736 13. 87.
2737 13. 87.
2738 13. 87.
2739 13. 87.
2740 13. 87.
2741 13. 87.
2742 13. 87.
2743 14. 86.
2744 14. 86.
2745 13. 87.
2746 13. 87.
2747 13. 87.
2748 13. 87.
2749 13. 87.
2750 13. 87.
2751 13. 87.
2752 13. 87.
2753 13. 87.
2754 13. 87.
2755 13. 87.
2756 13. 87.
2757 13. 87.
2758 13. 87.
2759 13. 87.
2760 13. 87.
2761 13. 87.
2762 13. 87.
2763 13. 87.
2764 13. 87.
2765 13. 87.
2766 13. 87.
2767 13. 87.
2768 13. 87.
2769 13. 87.
2770 13. 87.
2771 13. 87.
2772 13. 87.
2773 13. 87.
2774 13. 87.
2775 13. 87.
2776 13. 87.
2777 13. 87.
2778 13. 87.
2779 13. 87.
2780 13. 87.
2781 13. 87.
2782 13. 87.
2783 13. 87.
2784 13. 87.
2785 13. 87.
2786 13. 87.
2787 13. 87.
2788 13. 87.
2789 13. 87.
2790 13. 87.
2791 13. 87.
2792 13. 87.
2793 12. 88.
2794 11. 89.
2795 11. 89.
2796 12. 88.
2797 12. 88.
2798 12. 88.
2799 12. 88.
2800 12. 88.
2801 12. 88.
2802 11. 89.
2803 11. 89.
2804 11. 89.
2805 11. 89.
2806 11. 89.
2807 11. 89.
2808 11. 89.
2809 11. 89.
2810 11. 89.
2811 11. 89.
2812 11. 89.
2813 11. 89.
2814 11. 89.
2815 11. 89.
2816 11. 89.
2817 11. 89.
2818 11. 89.
2819 10. 90.
2820 10. 90.
2821 10. 90.
2822 10. 90.
2823 10. 90.
2824 10. 90.
2825 10. 90.
2826 10. 90.
2827 10. 90.
2828 10. 90.
2829 10. 90.
2830 10. 90.
2831 10. 90.
2832 10. 90.
2833 10. 90.
2834 9. 91.
2835 10. 90.
2836 10. 90.
2837 10. 90.
2838 10. 90.
2839 10. 90.
2840 10. 90.
2841 10. 90.
2842 10. 90.
2843 10. 90.
2844 10. 90.
2845 10. 90.
2846 10. 90.
2847 10. 90.
2848 10. 90.
2849 10. 90.
2850 10. 90.
2851 10. 90.
2852 10. 90.
2853 10. 90.
2854 9. 91.
2855 9. 91.
2856 9. 91.
2857 9. 91.
2858 9. 91.
2859 9. 91.
2860 9. 91.
2861 9. 91.
2862 9. 91.
2863 8. 92.
2864 8. 92.
2865 8. 92.
2866 8. 92.
2867 8. 92.
2868 8. 92.
2869 8. 92.
2870 8. 92.
2871 8. 92.
2872 8. 92.
2873 8. 92.
2874 8. 92.
2875 8. 92.
2876 8. 92.
2877 7. 93.
2878 8. 92.
2879 8. 92.
2880 8. 92.
2881 8. 92.
2882 8. 92.
2883 8. 92.
2884 8. 92.
2885 8. 92.
2886 8. 92.
2887 8. 92.
2888 8. 92.
2889 8. 92.
2890 8. 92.
2891 9. 91.
2892 9. 91.
2893 9. 91.
2894 10. 90.
2895 10. 90.
2896 10. 90.
2897 10. 90.
2898 9. 91.
2899 9. 91.
2900 9. 91.
2901 10. 90.
2902 10. 90.
2903 10. 90.
2904 9. 91.
2905 9. 91.
2906 10. 90.
2907 11. 89.
2908 11. 89.
2909 11. 89.
2910 11. 89.
2911 11. 89.
2912 11. 89.
2913 11. 89.
2914 11. 89.
2915 12. 88.
2916 12. 88.
2917 11. 89.
2918 11. 89.
2919 11. 89.
2920 11. 89.
2921 11. 89.
2922 11. 89.
2923 11. 89.
2924 11. 89.
2925 11. 89.
2926 11. 89.
2927 10. 90.
2928 10. 90.
2929 10. 90.
2930 10. 90.
2931 10. 90.
2932 10. 90.
2933 10. 90.
2934 10. 90.
2935 10. 90.
2936 9. 91.
2937 9. 91.
2938 9. 91.
2939 9. 91.
2940 9. 91.
2941 9. 91.
2942 9. 91.
2943 9. 91.
2944 8. 92.
2945 8. 92.
2946 8. 92.
2947 8. 92.
2948 8. 92.
2949 8. 92.
2950 8. 92.
2951 8. 92.
2952 8. 92.
2953 8. 92.
2954 8. 92.
2955 8. 92.
2956 8. 92.
2957 8. 92.
2958 8. 92.
2959 8. 92.
2960 8. 92.
2961 8. 92.
2962 8. 92.
2963 8. 92.
2964 8. 92.
2965 8. 92.
2966 8. 92.
2967 8. 92.
2968 8. 92.
2969 8. 92.
2970 8. 92.
2971 8. 92.
2972 8. 92.
2973 8. 92.
2974 8. 92.
2975 8. 92.
2976 8. 92.
2977 8. 92.
2978 8. 92.
2979 8. 92.
2980 8. 92.
2981 8. 92.
2982 8. 92.
2983 8. 92.
2984 9. 91.
2985 9. 91.
2986 9. 91.
2987 9. 91.
2988 9. 91.
2989 9. 91.
2990 9. 91.
2991 9. 91.
2992 9. 91.
2993 9. 91.
2994 9. 91.
2995 9. 91.
2996 9. 91.
2997 9. 91.
2998 10. 90.
2999 11. 89.
3000 11. 89.
3001 10. 90.
3002 10. 90.
3003 10. 90.
3004 10. 90.
3005 10. 90.
3006 10. 90.
3007 10. 90.
3008 10. 90.
3009 10. 90.
3010 10. 90.
3011 10. 90.
3012 10. 90.
3013 10. 90.
3014 10. 90.
3015 10. 90.
3016 10. 90.
3017 10. 90.
3018 10. 90.
3019 10. 90.
3020 10. 90.
3021 10. 90.
3022 10. 90.
3023 10. 90.
3024 10. 90.
3025 10. 90.
3026 10. 90.
3027 10. 90.
3028 10. 90.
3029 10. 90.
3030 10. 90.
3031 10. 90.
3032 11. 89.
3033 11. 89.
3034 11. 89.
3035 11. 89.
3036 11. 89.
3037 11. 89.
3038 11. 89.
3039 11. 89.
3040 11. 89.
3041 11. 89.
3042 11. 89.
3043 11. 89.
3044 11. 89.
3045 11. 89.
3046 11. 89.
3047 11. 89.
3048 11. 89.
3049 11. 89.
3050 11. 89.
3051 11. 89.
3052 11. 89.
3053 11. 89.
3054 11. 89.
3055 11. 89.
3056 11. 89.
3057 11. 89.
3058 11. 89.
3059 11. 89.
3060 11. 89.
3061 11. 89.
3062 11. 89.
3063 11. 89.
3064 11. 89.
3065 11. 89.
3066 11. 89.
3067 11. 89.
3068 11. 89.
3069 11. 89.
3070 11. 89.
3071 11. 89.
3072 11. 89.
3073 11. 89.
3074 12. 88.
3075 12. 88.
3076 12. 88.
3077 12. 88.
3078 12. 88.
3079 12. 88.
3080 12. 88.
3081 12. 88.
3082 12. 88.
3083 12. 88.
3084 12. 88.
3085 13. 87.
3086 13. 87.
3087 13. 87.
3088 13. 87.
3089 13. 87.
3090 13. 87.
3091 13. 87.
3092 13. 87.
3093 13. 87.
3094 13. 87.
3095 13. 87.
3096 13. 87.
3097 13. 87.
3098 13. 87.
3099 13. 87.
3100 13. 87.
3101 13. 87.
3102 13. 87.
3103 12. 88.
3104 12. 88.
3105 12. 88.
3106 12. 88.
3107 12. 88.
3108 12. 88.
3109 12. 88.
3110 12. 88.
3111 12. 88.
3112 12. 88.
3113 12. 88.
3114 12. 88.
3115 12. 88.
3116 12. 88.
3117 12. 88.
3118 12. 88.
3119 12. 88.
3120 12. 88.
3121 12. 88.
3122 12. 88.
3123 12. 88.
3124 12. 88.
3125 12. 88.
3126 12. 88.
3127 12. 88.
3128 12. 88.
3129 12. 88.
3130 12. 88.
3131 12. 88.
3132 13. 87.
3133 13. 87.
3134 13. 87.
3135 13. 87.
3136 13. 87.
3137 13. 87.
3138 13. 87.
3139 13. 87.
3140 13. 87.
3141 13. 87.
3142 13. 87.
3143 13. 87.
3144 13. 87.
3145 13. 87.
3146 13. 87.
3147 13. 87.
3148 13. 87.
3149 13. 87.
3150 13. 87.
3151 13. 87.
3152 13. 87.
3153 13. 87.
3154 13. 87.
3155 13. 87.
3156 13. 87.
3157 13. 87.
3158 13. 87.
3159 13. 87.
3160 13. 87.
3161 13. 87.
3162 13. 87.
3163 13. 87.
3164 13. 87.
3165 13. 87.
3166 13. 87.
3167 13. 87.
3168 13. 87.
3169 13. 87.
3170 13. 87.
3171 12. 88.
3172 12. 88.
3173 12. 88.
3174 12. 88.
3175 11. 89.
3176 10. 90.
3177 11. 89.
3178 11. 89.
3179 11. 89.
3180 11. 89.
3181 11. 89.
3182 11. 89.
3183 11. 89.
3184 11. 89.
3185 11. 89.
3186 11. 89.
3187 11. 89.
3188 11. 89.
3189 11. 89.
3190 11. 89.
3191 11. 89.
3192 11. 89.
3193 11. 89.
3194 11. 89.
3195 11. 89.
3196 11. 89.
3197 12. 88.
3198 11. 89.
3199 11. 89.
3200 11. 89.
3201 11. 89.
3202 11. 89.
3203 11. 89.
3204 11. 89.
3205 11. 89.
3206 11. 89.
3207 11. 89.
3208 11. 89.
3209 11. 89.
3210 11. 89.
3211 11. 89.
3212 10. 90.
3213 10. 90.
3214 10. 90.
3215 10. 90.
3216 10. 90.
3217 10. 90.
3218 10. 90.
3219 10. 90.
3220 10. 90.
3221 10. 90.
3222 10. 90.
3223 10. 90.
3224 9. 91.
3225 9. 91.
3226 9. 91.
3227 9. 91.
3228 9. 91.
3229 9. 91.
3230 8. 92.
3231 8. 92.
3232 8. 92.
3233 9. 91.
3234 8. 92.
3235 8. 92.
3236 8. 92.
3237 8. 92.
3238 8. 92.
3239 8. 92.
3240 8. 92.
3241 8. 92.
3242 8. 92.
3243 8. 92.
3244 8. 92.
3245 8. 92.
3246 8. 92.
3247 8. 92.
3248 8. 92.
3249 8. 92.
3250 8. 92.
3251 8. 92.
3252 8. 92.
3253 8. 92.
3254 8. 92.
3255 8. 92.
3256 8. 92.
3257 8. 92.
3258 8. 92.
3259 7. 93.
3260 6. 94.
3261 6. 94.
3262 6. 94.
3263 6. 94.
3264 6. 94.
3265 5. 95.
3266 5. 95.
3267 5. 95.
3268 5. 95.
3269 5. 95.
3270 5. 95.
3271 5. 95.
3272 5. 95.
3273 5. 95.
3274 5. 95.
3275 5. 95.
3276 5. 95.
3277 5. 95.
3278 5. 95.
3279 5. 95.
3280 5. 95.
3281 5. 95.
3282 5. 95.
3283 5. 95.
3284 5. 95.
3285 5. 95.
3286 5. 95.
3287 5. 95.
3288 5. 95.
3289 5. 95.
3290 5. 95.
3291 5. 95.
3292 5. 95.
3293 5. 95.
3294 5. 95.
3295 5. 95.
3296 5. 95.
3297 5. 95.
3298 5. 95.
3299 5. 95.
3300 5. 95.
3301 5. 95.
3302 5. 95.
3303 5. 95.
3304 5. 95.
3305 5. 95.
3306 5. 95.
3307 5. 95.
3308 5. 95.
3309 5. 95.
3310 5. 95.
3311 5. 95.
3312 5. 95.
3313 5. 95.
3314 5. 95.
3315 5. 95.
3316 5. 95.
3317 5. 95.
3318 5. 95.
3319 5. 95.
3320 5. 95.
3321 5. 95.
3322 5. 95.
3323 5. 95.
3324 5. 95.
3325 5. 95.
3326 5. 95.
3327 5. 95.
3328 5. 95.
3329 5. 95.
3330 5. 95.
3331 5. 95.
3332 5. 95.
3333 5. 95.
3334 5. 95.
3335 5. 95.
3336 5. 95.
3337 5. 95.
3338 5. 95.
3339 5. 95.
3340 5. 95.
3341 5. 95.
3342 6. 94.
3343 6. 94.
3344 6. 94.
3345 6. 94.
3346 6. 94.
3347 6. 94.
3348 6. 94.
3349 6. 94.
3350 6. 94.
3351 6. 94.
3352 6. 94.
3353 6. 94.
3354 6. 94.
3355 6. 94.
3356 6. 94.
3357 6. 94.
3358 6. 94.
3359 6. 94.
3360 6. 94.
3361 6. 94.
3362 6. 94.
3363 6. 94.
3364 6. 94.
3365 6. 94.
3366 6. 94.
3367 6. 94.
3368 6. 94.
3369 6. 94.
3370 6. 94.
3371 6. 94.
3372 6. 94.
3373 6. 94.
3374 6. 94.
3375 6. 94.
3376 6. 94.
3377 6. 94.
3378 6. 94.
3379 6. 94.
3380 6. 94.
3381 6. 94.
3382 6. 94.
3383 6. 94.
3384 6. 94.
3385 6. 94.
3386 6. 94.
3387 6. 94.
3388 6. 94.
3389 6. 94.
3390 6. 94.
3391 6. 94.
3392 6. 94.
3393 5. 95.
3394 5. 95.
3395 5. 95.
3396 6. 94.
3397 6. 94.
3398 6. 94.
3399 6. 94.
3400 6. 94.
3401 6. 94.
3402 6. 94.
3403 6. 94.
3404 7. 93.
3405 7. 93.
3406 7. 93.
3407 7. 93.
3408 7. 93.
3409 7. 93.
3410 7. 93.
3411 7. 93.
3412 7. 93.
3413 7. 93.
3414 7. 93.
3415 7. 93.
3416 7. 93.
3417 7. 93.
3418 7. 93.
3419 7. 93.
3420 7. 93.
3421 7. 93.
3422 7. 93.
3423 7. 93.
3424 7. 93.
3425 7. 93.
3426 7. 93.
3427 7. 93.
3428 6. 94.
3429 6. 94.
3430 6. 94.
3431 6. 94.
3432 6. 94.
3433 6. 94.
3434 6. 94.
3435 6. 94.
3436 6. 94.
3437 6. 94.
3438 6. 94.
3439 6. 94.
3440 6. 94.
3441 6. 94.
3442 6. 94.
3443 6. 94.
3444 6. 94.
3445 6. 94.
3446 6. 94.
3447 6. 94.
3448 6. 94.
3449 6. 94.
3450 6. 94.
3451 6. 94.
3452 6. 94.
3453 6. 94.
3454 6. 94.
3455 6. 94.
3456 6. 94.
3457 6. 94.
3458 6. 94.
3459 6. 94.
3460 6. 94.
3461 6. 94.
3462 6. 94.
3463 5. 95.
3464 5. 95.
3465 5. 95.
3466 5. 95.
3467 5. 95.
3468 5. 95.
3469 5. 95.
3470 5. 95.
3471 5. 95.
3472 5. 95.
3473 5. 95.
3474 5. 95.
3475 5. 95.
3476 5. 95.
3477 5. 95.
3478 5. 95.
3479 5. 95.
3480 5. 95.
3481 5. 95.
3482 4. 96.
3483 4. 96.
3484 4. 96.
3485 4. 96.
3486 4. 96.
3487 4. 96.
3488 4. 96.
3489 4. 96.
3490 4. 96.
3491 4. 96.
3492 4. 96.
3493 4. 96.
3494 4. 96.
3495 4. 96.
3496 4. 96.
3497 4. 96.
3498 4. 96.
3499 4. 96.
3500 4. 96.
3501 4. 96.
3502 4. 96.
3503 3. 97.
3504 3. 97.
3505 3. 97.
3506 3. 97.
3507 2. 98.
3508 2. 98.
3509 2. 98.
3510 2. 98.
3511 2. 98.
3512 2. 98.
3513 2. 98.
3514 2. 98.
3515 2. 98.
3516 2. 98.
3517 2. 98.
3518 2. 98.
3519 2. 98.
3520 2. 98.
3521 2. 98.
3522 2. 98.
3523 2. 98.
3524 2. 98.
3525 2. 98.
3526 2. 98.
3527 2. 98.
3528 2. 98.
3529 2. 98.
3530 2. 98.
3531 2. 98.
3532 2. 98.
3533 2. 98.
3534 2. 98.
3535 2. 98.
3536 2. 98.
3537 2. 98.
3538 2. 98.
3539 2. 98.
3540 2. 98.
3541 2. 98.
3542 2. 98.
3543 2. 98.
3544 2. 98.
3545 2. 98.
3546 2. 98.
3547 2. 98.
3548 2. 98.
3549 2. 98.
3550 1. 99.
3551 1. 99.
3552 1. 99.
3553 1. 99.
3554 1. 99.
3555 1. 99.
3556 1. 99.
3557 1. 99.
3558 1. 99.
3559 1. 99.
3560 1. 99.
3561 1. 99.
3562 1. 99.
3563 1. 99.
3564 1. 99.
3565 1. 99.
3566 1. 99.
3567 1. 99.
3568 1. 99.
3569 1. 99.
3570 1. 99.
3571 1. 99.
3572 1. 99.
3573 1. 99.
3574 1. 99.
3575 1. 99.
3576 1. 99.
3577 1. 99.
3578 1. 99.
3579 1. 99.
3580 1. 99.
3581 1. 99.
3582 1. 99.
3583 1. 99.
3584 1. 99.
3585 1. 99.
3586 1. 99.
3587 1. 99.
3588 1. 99.
3589 1. 99.
3590 1. 99.
3591 1. 99.
3592 1. 99.
3593 1. 99.
3594 1. 99.
3595 1. 99.
3596 1. 99.
3597 1. 99.
3598 1. 99.
3599 1. 99.
3600 1. 99.
3601 1. 99.
3602 1. 99.
3603 1. 99.
3604 1. 99.
3605 1. 99.
3606 1. 99.
3607 1. 99.
3608 1. 99.
3609 1. 99.
3610 1. 99.
3611 1. 99.
3612 1. 99.
3613 1. 99.
3614 1. 99.
3615 1. 99.
3616 1. 99.
3617 1. 99.
3618 1. 99.
3619 1. 99.
3620 1. 99.
3621 1. 99.
3622 1. 99.
3623 1. 99.
3624 1. 99.
3625 1. 99.
3626 1. 99.
3627 1. 99.
3628 1. 99.
3629 1. 99.
3630 1. 99.
3631 1. 99.
3632 1. 99.
3633 1. 99.
3634 1. 99.
3635 1. 99.
3636 1. 99.
3637 1. 99.
3638 1. 99.
3639 1. 99.
3640 1. 99.
3641 1. 99.
3642 1. 99.
3643 1. 99.
3644 1. 99.
3645 1. 99.
3646 1. 99.
3647 1. 99.
3648 1. 99.
3649 1. 99.
3650 1. 99.
3651 1. 99.
3652 1. 99.
3653 1. 99.
3654 1. 99.
3655 1. 99.
3656 1. 99.
3657 1. 99.
3658 1. 99.
3659 1. 99.
3660 1. 99.
3661 1. 99.
3662 1. 99.
3663 1. 99.
3664 1. 99.
3665 1. 99.
3666 1. 99.
3667 1. 99.
3668 1. 99.
3669 1. 99.
3670 1. 99.
3671 1. 99.
3672 1. 99.
3673 1. 99.
3674 1. 99.
3675 1. 99.
3676 1. 99.
3677 1. 99.
3678 1. 99.
3679 1. 99.
3680 1. 99.
3681 1. 99.
3682 1. 99.
3683 1. 99.
3684 1. 99.
3685 1. 99.
3686 1. 99.
3687 1. 99.
3688 1. 99.
3689 1. 99.
3690 1. 99.
3691 1. 99.
3692 1. 99.
3693 1. 99.
3694 1. 99.
3695 1. 99.
3696 1. 99.
3697 1. 99.
3698 1. 99.
3699 1. 99.
3700 1. 99.
3701 1. 99.
3702 1. 99.
3703 1. 99.
3704 1. 99.
3705 1. 99.
3706 1. 99.
3707 1. 99.
3708 1. 99.
3709 1. 99.
3710 1. 99.
3711 2. 98.
3712 2. 98.
3713 2. 98.
3714 2. 98.
3715 2. 98.
3716 2. 98.
3717 2. 98.
3718 2. 98.
3719 2. 98.
3720 2. 98.
3721 2. 98.
3722 2. 98.
3723 2. 98.
3724 2. 98.
3725 2. 98.
3726 2. 98.
3727 2. 98.
3728 2. 98.
3729 2. 98.
3730 2. 98.
3731 1. 99.
3732 1. 99.
3733 1. 99.
3734 1. 99.
3735 1. 99.
3736 1. 99.
3737 1. 99.
3738 1. 99.
3739 1. 99.
3740 1. 99.
3741 1. 99.
3742 1. 99.
3743 1. 99.
3744 1. 99.
3745 1. 99.
3746 1. 99.
3747 1. 99.
3748 1. 99.
3749 1. 99.
3750 1. 99.
3751 1. 99.
3752 1. 99.
3753 1. 99.
3754 1. 99.
3755 1. 99.
3756 1. 99.
3757 1. 99.
3758 1. 99.
3759 1. 99.
3760 1. 99.
3761 1. 99.
3762 1. 99.
3763 1. 99.
3764 1. 99.
3765 1. 99.
3766 1. 99.
3767 1. 99.
3768 1. 99.
3769 1. 99.
3770 1. 99.
3771 1. 99.
3772 1. 99.
3773 1. 99.
3774 1. 99.
3775 1. 99.
3776 1. 99.
3777 1. 99.
3778 1. 99.
3779 1. 99.
3780 1. 99.
3781 1. 99.
3782 1. 99.
3783 1. 99.
3784 1. 99.
3785 1. 99.
3786 1. 99.
3787 1. 99.
3788 1. 99.
3789 1. 99.
3790 1. 99.
3791 1. 99.
3792 1. 99.
3793 1. 99.
3794 1. 99.
3795 1. 99.
3796 1. 99.
3797 1. 99.
3798 1. 99.
3799 1. 99.
3800 1. 99.
3801 1. 99.
3802 1. 99.
3803 1. 99.
3804 1. 99.
3805 1. 99.
3806 1. 99.
3807 1. 99.
3808 1. 99.
3809 1. 99.
3810 1. 99.
3811 1. 99.
3812 1. 99.
3813 1. 99.
3814 1. 99.
3815 1. 99.
3816 1. 99.
3817 1. 99.
3818 1. 99.
3819 1. 99.
3820 1. 99.
3821 1. 99.
3822 2. 98.
3823 2. 98.
3824 2. 98.
3825 2. 98.
3826 2. 98.
3827 2. 98.
3828 2. 98.
3829 2. 98.
3830 2. 98.
3831 2. 98.
3832 2. 98.
3833 2. 98.
3834 2. 98.
3835 2. 98.
3836 2. 98.
3837 2. 98.
3838 2. 98.
3839 2. 98.
3840 2. 98.
3841 2. 98.
3842 2. 98.
3843 2. 98.
3844 2. 98.
3845 2. 98.
3846 2. 98.
3847 2. 98.
3848 2. 98.
3849 2. 98.
3850 2. 98.
3851 2. 98.
3852 2. 98.
3853 2. 98.
3854 2. 98.
3855 2. 98.
3856 2. 98.
3857 2. 98.
3858 2. 98.
3859 2. 98.
3860 2. 98.
3861 2. 98.
3862 2. 98.
3863 2. 98.
3864 2. 98.
3865 2. 98.
3866 2. 98.
3867 2. 98.
3868 2. 98.
3869 2. 98.
3870 2. 98.
3871 2. 98.
3872 2. 98.
3873 2. 98.
3874 2. 98.
3875 2. 98.
3876 2. 98.
3877 2. 98.
3878 2. 98.
3879 2. 98.
3880 2. 98.
3881 2. 98.
3882 2. 98.
3883 2. 98.
3884 2. 98.
3885 2. 98.
3886 2. 98.
3887 2. 98.
3888 2. 98.
3889 2. 98.
3890 2. 98.
3891 2. 98.
3892 2. 98.
3893 2. 98.
3894 2. 98.
3895 2. 98.
3896 2. 98.
3897 2. 98.
3898 2. 98.
3899 2. 98.
3900 2. 98.
3901 2. 98.
3902 2. 98.
3903 2. 98.
3904 2. 98.
3905 2. 98.
3906 2. 98.
3907 2. 98.
3908 2. 98.
3909 2. 98.
3910 2. 98.
3911 2. 98.
3912 2. 98.
3913 2. 98.
3914 2. 98.
3915 2. 98.
3916 2. 98.
3917 2. 98.
3918 2. 98.
3919 2. 98.
3920 2. 98.
3921 2. 98.
3922 2. 98.
3923 2. 98.
3924 2. 98.
3925 2. 98.
3926 2. 98.
3927 2. 98.
3928 2. 98.
3929 2. 98.
3930 2. 98.
3931 2. 98.
3932 2. 98.
3933 2. 98.
3934 2. 98.
3935 2. 98.
3936 2. 98.
3937 2. 98.
3938 2. 98.
3939 2. 98.
3940 2. 98.
3941 2. 98.
3942 2. 98.
3943 2. 98.
3944 2. 98.
3945 2. 98.
3946 2. 98.
3947 2. 98.
3948 2. 98.
3949 2. 98.
3950 2. 98.
3951 2. 98.
3952 2. 98.
3953 2. 98.
3954 2. 98.
3955 2. 98.
3956 2. 98.
3957 2. 98.
3958 2. 98.
3959 2. 98.
3960 2. 98.
3961 2. 98.
3962 2. 98.
3963 2. 98.
3964 2. 98.
3965 2. 98.
3966 2. 98.
3967 2. 98.
3968 2. 98.
3969 2. 98.
3970 2. 98.
3971 2. 98.
3972 2. 98.
3973 2. 98.
3974 2. 98.
3975 2. 98.
3976 2. 98.
3977 2. 98.
3978 2. 98.
3979 2. 98.
3980 2. 98.
3981 2. 98.
3982 2. 98.
3983 2. 98.
3984 2. 98.
3985 2. 98.
3986 2. 98.
3987 2. 98.
3988 2. 98.
3989 2. 98.
3990 2. 98.
3991 2. 98.
3992 2. 98.
3993 2. 98.
3994 2. 98.
3995 2. 98.
3996 2. 98.
3997 2. 98.
3998 2. 98.
3999 2. 98.
4000 2. 98.
4001 2. 98.
4002 2. 98.
4003 2. 98.
4004 2. 98.
4005 2. 98.
4006 2. 98.
4007 2. 98.
4008 2. 98.
4009 2. 98.
4010 2. 98.
4011 2. 98.
4012 2. 98.
4013 2. 98.
4014 2. 98.
4015 2. 98.
4016 2. 98.
4017 2. 98.
4018 2. 98.
4019 2. 98.
4020 2. 98.
4021 2. 98.
4022 2. 98.
4023 2. 98.
4024 2. 98.
4025 2. 98.
4026 2. 98.
4027 2. 98.
4028 2. 98.
4029 2. 98.
4030 2. 98.
4031 2. 98.
4032 2. 98.
4033 2. 98.
4034 2. 98.
4035 2. 98.
4036 2. 98.
4037 2. 98.
4038 2. 98.
4039 2. 98.
4040 2. 98.
4041 2. 98.
4042 2. 98.
4043 2. 98.
4044 2. 98.
4045 2. 98.
4046 2. 98.
4047 2. 98.
4048 2. 98.
4049 2. 98.
4050 2. 98.
4051 2. 98.
4052 2. 98.
4053 2. 98.
4054 2. 98.
4055 2. 98.
4056 2. 98.
4057 2. 98.
4058 2. 98.
4059 2. 98.
4060 2. 98.
4061 2. 98.
4062 2. 98.
4063 2. 98.
4064 2. 98.
4065 2. 98.
4066 2. 98.
4067 2. 98.
4068 2. 98.
4069 2. 98.
4070 2. 98.
4071 2. 98.
4072 2. 98.
4073 2. 98.
4074 2. 98.
4075 2. 98.
4076 2. 98.
4077 2. 98.
4078 2. 98.
4079 2. 98.
4080 2. 98.
4081 2. 98.
4082 2. 98.
4083 2. 98.
4084 2. 98.
4085 2. 98.
4086 2. 98.
4087 2. 98.
4088 2. 98.
4089 2. 98.
4090 2. 98.
4091 2. 98.
4092 2. 98.
4093 2. 98.
4094 2. 98.
4095 2. 98.
4096 2. 98.
4097 2. 98.
4098 2. 98.
4099 2. 98.
4100 2. 98.
4101 2. 98.
4102 2. 98.
4103 2. 98.
4104 2. 98.
4105 2. 98.
4106 2. 98.
4107 2. 98.
4108 2. 98.
4109 2. 98.
4110 2. 98.
4111 2. 98.
4112 2. 98.
4113 2. 98.
4114 2. 98.
4115 1. 99.
4116 1. 99.
4117 1. 99.
4118 1. 99.
4119 1. 99.
4120 1. 99.
4121 1. 99.
4122 1. 99.
4123 1. 99.
4124 1. 99.
4125 1. 99.
4126 1. 99.
4127 1. 99.
4128 1. 99.
4129 1. 99.
4130 1. 99.
4131 1. 99.
4132 1. 99.
4133 1. 99.
4134 1. 99.
4135 1. 99.
4136 1. 99.
4137 1. 99.
4138 1. 99.
4139 1. 99.
4140 1. 99.
4141 1. 99.
4142 1. 99.
4143 1. 99.
4144 1. 99.
4145 1. 99.
4146 1. 99.
4147 1. 99.
4148 1. 99.
4149 1. 99.
4150 1. 99.
4151 1. 99.
4152 1. 99.
4153 1. 99.
4154 1. 99.
4155 1. 99.
4156 1. 99.
4157 1. 99.
4158 1. 99.
4159 1. 99.
4160 1. 99.
4161 1. 99.
4162 1. 99.
4163 1. 99.
4164 1. 99.
4165 1. 99.
4166 1. 99.
4167 1. 99.
4168 1. 99.
4169 1. 99.
4170 1. 99.
4171 1. 99.
4172 1. 99.
4173 1. 99.
4174 1. 99.
4175 1. 99.
4176 1. 99.
4177 1. 99.
4178 1. 99.
4179 1. 99.
4180 1. 99.
4181 1. 99.
4182 1. 99.
4183 1. 99.
4184 1. 99.
4185 1. 99.
4186 1. 99.
4187 1. 99.
4188 1. 99.
4189 1. 99.
4190 1. 99.
4191 1. 99.
4192 1. 99.
4193 1. 99.
4194 1. 99.
4195 1. 99.
4196 1. 99.
4197 1. 99.
4198 1. 99.
4199 1. 99.
4200 1. 99.
4201 1. 99.
4202 1. 99.
4203 1. 99.
4204 1. 99.
4205 1. 99.
4206 1. 99.
4207 1. 99.
4208 1. 99.
4209 1. 99.
4210 1. 99.
4211 1. 99.
4212 1. 99.
4213 1. 99.
4214 1. 99.
4215 1. 99.
4216 1. 99.
4217 1. 99.
4218 1. 99.
4219 1. 99.
4220 1. 99.
4221 1. 99.
