0 18. 82.
1 18. 82.
2 18. 82.
3 18. 82.
4 18. 82.
5 18. 82.
6 18. 82.
7 18. 82.
8 18. 82.
9 19. 81.
10 20. 80.
11 20. 80.
12 20. 80.
13 21. 79.
14 21. 79.
15 21. 79.
16 21. 79.
17 21. 79.
18 21. 79.
19 20. 80.
20 20. 80.
21 20. 80.
22 20. 80.
23 21. 79.
24 21. 79.
25 21. 79.
26 21. 79.
27 21. 79.
28 21. 79.
29 22. 78.
30 22. 78.
31 22. 78.
32 22. 78.
33 22. 78.
34 22. 78.
35 22. 78.
36 22. 78.
37 22. 78.
38 22. 78.
39 22. 78.
40 22. 78.
41 21. 79.
42 22. 78.
43 23. 77.
44 23. 77.
45 24. 76.
46 24. 76.
47 24. 76.
48 23. 77.
49 23. 77.
50 23. 77.
51 22. 78.
52 21. 79.
53 21. 79.
54 20. 80.
55 20. 80.
56 21. 79.
57 21. 79.
58 21. 79.
59 21. 79.
60 21. 79.
61 22. 78.
62 22. 78.
63 22. 78.
64 22. 78.
65 22. 78.
66 23. 77.
67 23. 77.
68 22. 78.
69 22. 78.
70 22. 78.
71 22. 78.
72 22. 78.
73 22. 78.
74 22. 78.
75 22. 78.
76 22. 78.
77 21. 79.
78 21. 79.
79 21. 79.
80 22. 78.
81 23. 77.
82 23. 77.
83 24. 76.
84 23. 77.
85 23. 77.
86 23. 77.
87 23. 77.
88 23. 77.
89 23. 77.
90 23. 77.
91 22. 78.
92 22. 78.
93 22. 78.
94 22. 78.
95 21. 79.
96 20. 80.
97 20. 80.
98 20. 80.
99 20. 80.
100 20. 80.
101 20. 80.
102 20. 80.
103 19. 81.
104 19. 81.
105 19. 81.
106 19. 81.
107 19. 81.
108 19. 81.
109 19. 81.
110 19. 81.
111 19. 81.
112 18. 82.
113 18. 82.
114 19. 81.
115 19. 81.
116 18. 82.
117 18. 82.
118 18. 82.
119 18. 82.
120 18. 82.
121 18. 82.
122 17. 83.
123 17. 83.
124 16. 84.
125 16. 84.
126 16. 84.
127 16. 84.
128 16. 84.
129 16. 84.
130 16. 84.
131 16. 84.
132 15. 85.
133 15. 85.
134 15. 85.
135 15. 85.
136 15. 85.
137 15. 85.
138 15. 85.
139 15. 85.
140 15. 85.
141 15. 85.
142 15. 85.
143 15. 85.
144 15. 85.
145 15. 85.
146 15. 85.
147 15. 85.
148 15. 85.
149 15. 85.
150 15. 85.
151 15. 85.
152 15. 85.
153 15. 85.
154 16. 84.
155 16. 84.
156 15. 85.
157 15. 85.
158 15. 85.
159 15. 85.
160 16. 84.
161 16. 84.
162 16. 84.
163 16. 84.
164 16. 84.
165 16. 84.
166 16. 84.
167 16. 84.
168 16. 84.
169 16. 84.
170 16. 84.
171 16. 84.
172 16. 84.
173 16. 84.
174 16. 84.
175 16. 84.
176 16. 84.
177 16. 84.
178 16. 84.
179 15. 85.
180 15. 85.
181 15. 85.
182 15. 85.
183 15. 85.
184 14. 86.
185 14. 86.
186 14. 86.
187 14. 86.
188 15. 85.
189 15. 85.
190 16. 84.
191 16. 84.
192 16. 84.
193 16. 84.
194 16. 84.
195 16. 84.
196 16. 84.
197 16. 84.
198 16. 84.
199 16. 84.
200 16. 84.
201 16. 84.
202 16. 84.
203 16. 84.
204 16. 84.
205 16. 84.
206 16. 84.
207 16. 84.
208 17. 83.
209 17. 83.
210 17. 83.
211 18. 82.
212 19. 81.
213 19. 81.
214 20. 80.
215 20. 80.
216 20. 80.
217 20. 80.
218 19. 81.
219 19. 81.
220 20. 80.
221 20. 80.
222 20. 80.
223 19. 81.
224 19. 81.
225 19. 81.
226 19. 81.
227 19. 81.
228 19. 81.
229 19. 81.
230 19. 81.
231 18. 82.
232 18. 82.
233 18. 82.
234 18. 82.
235 19. 81.
236 19. 81.
237 19. 81.
238 19. 81.
239 19. 81.
240 19. 81.
241 19. 81.
242 19. 81.
243 19. 81.
244 19. 81.
245 19. 81.
246 19. 81.
247 19. 81.
248 19. 81.
249 19. 81.
250 19. 81.
251 19. 81.
252 19. 81.
253 19. 81.
254 20. 80.
255 20. 80.
256 20. 80.
257 20. 80.
258 20. 80.
259 19. 81.
260 19. 81.
261 19. 81.
262 19. 81.
263 19. 81.
264 19. 81.
265 19. 81.
266 19. 81.
267 19. 81.
268 19. 81.
269 19. 81.
270 19. 81.
271 19. 81.
272 19. 81.
273 19. 81.
274 19. 81.
275 20. 80.
276 19. 81.
277 19. 81.
278 19. 81.
279 19. 81.
280 19. 81.
281 19. 81.
282 19. 81.
283 19. 81.
284 19. 81.
285 19. 81.
286 19. 81.
287 19. 81.
288 19. 81.
289 19. 81.
290 19. 81.
291 18. 82.
292 19. 81.
293 19. 81.
294 19. 81.
295 19. 81.
296 19. 81.
297 19. 81.
298 19. 81.
299 19. 81.
300 19. 81.
301 19. 81.
302 19. 81.
303 19. 81.
304 19. 81.
305 18. 82.
306 18. 82.
307 17. 83.
308 17. 83.
309 18. 82.
310 17. 83.
311 16. 84.
312 16. 84.
313 16. 84.
314 16. 84.
315 16. 84.
316 16. 84.
317 16. 84.
318 16. 84.
319 15. 85.
320 15. 85.
321 15. 85.
322 15. 85.
323 15. 85.
324 15. 85.
325 15. 85.
326 15. 85.
327 15. 85.
328 15. 85.
329 15. 85.
330 15. 85.
331 15. 85.
332 16. 84.
333 16. 84.
334 16. 84.
335 16. 84.
336 15. 85.
337 15. 85.
338 15. 85.
339 15. 85.
340 15. 85.
341 15. 85.
342 14. 86.
343 14. 86.
344 14. 86.
345 14. 86.
346 14. 86.
347 14. 86.
348 14. 86.
349 14. 86.
350 15. 85.
351 15. 85.
352 15. 85.
353 15. 85.
354 15. 85.
355 15. 85.
356 15. 85.
357 15. 85.
358 15. 85.
359 15. 85.
360 15. 85.
361 15. 85.
362 15. 85.
363 15. 85.
364 15. 85.
365 16. 84.
366 16. 84.
367 16. 84.
368 16. 84.
369 16. 84.
370 16. 84.
371 16. 84.
372 15. 85.
373 15. 85.
374 15. 85.
375 15. 85.
376 14. 86.
377 14. 86.
378 14. 86.
379 14. 86.
380 14. 86.
381 14. 86.
382 14. 86.
383 13. 87.
384 13. 87.
385 13. 87.
386 13. 87.
387 13. 87.
388 13. 87.
389 13. 87.
390 14. 86.
391 14. 86.
392 14. 86.
393 14. 86.
394 14. 86.
395 14. 86.
396 14. 86.
397 14. 86.
398 14. 86.
399 14. 86.
400 14. 86.
401 14. 86.
402 14. 86.
403 14. 86.
404 14. 86.
405 14. 86.
406 14. 86.
407 14. 86.
408 14. 86.
409 14. 86.
410 14. 86.
411 14. 86.
412 14. 86.
413 14. 86.
414 14. 86.
415 14. 86.
416 14. 86.
417 14. 86.
418 14. 86.
419 14. 86.
420 14. 86.
421 14. 86.
422 14. 86.
423 14. 86.
424 14. 86.
425 14. 86.
426 14. 86.
427 15. 85.
428 15. 85.
429 15. 85.
430 15. 85.
431 15. 85.
432 15. 85.
433 15. 85.
434 15. 85.
435 15. 85.
436 15. 85.
437 15. 85.
438 15. 85.
439 15. 85.
440 15. 85.
441 14. 86.
442 14. 86.
443 14. 86.
444 14. 86.
445 14. 86.
446 14. 86.
447 14. 86.
448 14. 86.
449 14. 86.
450 14. 86.
451 14. 86.
452 14. 86.
453 13. 87.
454 13. 87.
455 13. 87.
456 13. 87.
457 13. 87.
458 13. 87.
459 13. 87.
460 14. 86.
461 14. 86.
462 14. 86.
463 14. 86.
464 14. 86.
465 14. 86.
466 14. 86.
467 14. 86.
468 14. 86.
469 14. 86.
470 14. 86.
471 14. 86.
472 14. 86.
473 14. 86.
474 14. 86.
475 14. 86.
476 14. 86.
477 14. 86.
478 14. 86.
479 14. 86.
480 15. 85.
481 15. 85.
482 15. 85.
483 15. 85.
484 15. 85.
485 15. 85.
486 15. 85.
487 15. 85.
488 15. 85.
489 15. 85.
490 15. 85.
491 15. 85.
492 15. 85.
493 15. 85.
494 15. 85.
495 15. 85.
496 15. 85.
497 15. 85.
498 15. 85.
499 15. 85.
500 15. 85.
501 15. 85.
502 15. 85.
503 14. 86.
504 14. 86.
505 14. 86.
506 14. 86.
507 14. 86.
508 14. 86.
509 14. 86.
510 14. 86.
511 14. 86.
512 14. 86.
513 14. 86.
514 14. 86.
515 14. 86.
516 14. 86.
517 14. 86.
518 14. 86.
519 14. 86.
520 14. 86.
521 15. 85.
522 15. 85.
523 16. 84.
524 16. 84.
525 17. 83.
526 17. 83.
527 17. 83.
528 17. 83.
529 17. 83.
530 17. 83.
531 17. 83.
532 17. 83.
533 17. 83.
534 17. 83.
535 17. 83.
536 17. 83.
537 17. 83.
538 16. 84.
539 17. 83.
540 18. 82.
541 18. 82.
542 18. 82.
543 18. 82.
544 18. 82.
545 18. 82.
546 18. 82.
547 18. 82.
548 18. 82.
549 18. 82.
550 17. 83.
551 18. 82.
552 18. 82.
553 18. 82.
554 18. 82.
555 18. 82.
556 18. 82.
557 18. 82.
558 18. 82.
559 18. 82.
560 18. 82.
561 18. 82.
562 18. 82.
563 18. 82.
564 18. 82.
565 18. 82.
566 18. 82.
567 18. 82.
568 18. 82.
569 18. 82.
570 18. 82.
571 18. 82.
572 18. 82.
573 18. 82.
574 18. 82.
575 18. 82.
576 18. 82.
577 19. 81.
578 19. 81.
579 19. 81.
580 19. 81.
581 19. 81.
582 19. 81.
583 20. 80.
584 20. 80.
585 20. 80.
586 20. 80.
587 20. 80.
588 20. 80.
589 20. 80.
590 20. 80.
591 20. 80.
592 21. 79.
593 20. 80.
594 20. 80.
595 20. 80.
596 20. 80.
597 19. 81.
598 19. 81.
599 19. 81.
600 19. 81.
601 19. 81.
602 19. 81.
603 19. 81.
604 19. 81.
605 19. 81.
606 18. 82.
607 18. 82.
608 18. 82.
609 18. 82.
610 18. 82.
611 18. 82.
612 18. 82.
613 18. 82.
614 18. 82.
615 18. 82.
616 17. 83.
617 17. 83.
618 17. 83.
619 17. 83.
620 17. 83.
621 17. 83.
622 16. 84.
623 15. 85.
624 15. 85.
625 15. 85.
626 15. 85.
627 15. 85.
628 15. 85.
629 15. 85.
630 15. 85.
631 15. 85.
632 14. 86.
633 14. 86.
634 14. 86.
635 14. 86.
636 14. 86.
637 14. 86.
638 14. 86.
639 14. 86.
640 13. 87.
641 13. 87.
642 14. 86.
643 14. 86.
644 14. 86.
645 14. 86.
646 14. 86.
647 14. 86.
648 14. 86.
649 15. 85.
650 15. 85.
651 15. 85.
652 15. 85.
653 15. 85.
654 15. 85.
655 15. 85.
656 15. 85.
657 15. 85.
658 15. 85.
659 15. 85.
660 15. 85.
661 15. 85.
662 15. 85.
663 15. 85.
664 15. 85.
665 15. 85.
666 14. 86.
667 14. 86.
668 14. 86.
669 14. 86.
670 14. 86.
671 14. 86.
672 14. 86.
673 14. 86.
674 14. 86.
675 14. 86.
676 14. 86.
677 14. 86.
678 14. 86.
679 14. 86.
680 14. 86.
681 14. 86.
682 15. 85.
683 15. 85.
684 15. 85.
685 15. 85.
686 15. 85.
687 15. 85.
688 14. 86.
689 14. 86.
690 14. 86.
691 14. 86.
692 14. 86.
693 14. 86.
694 14. 86.
695 13. 87.
696 13. 87.
697 13. 87.
698 12. 88.
699 12. 88.
700 12. 88.
701 12. 88.
702 13. 87.
703 13. 87.
704 13. 87.
705 14. 86.
706 14. 86.
707 14. 86.
708 13. 87.
709 13. 87.
710 13. 87.
711 13. 87.
712 12. 88.
713 12. 88.
714 12. 88.
715 12. 88.
716 12. 88.
717 12. 88.
718 11. 89.
719 11. 89.
720 11. 89.
721 12. 88.
722 12. 88.
723 12. 88.
724 12. 88.
725 12. 88.
726 12. 88.
727 12. 88.
728 12. 88.
729 12. 88.
730 12. 88.
731 12. 88.
732 12. 88.
733 12. 88.
734 12. 88.
735 12. 88.
736 12. 88.
737 12. 88.
738 12. 88.
739 12. 88.
740 12. 88.
741 12. 88.
742 12. 88.
743 12. 88.
744 12. 88.
745 13. 87.
746 13. 87.
747 13. 87.
748 13. 87.
749 13. 87.
750 13. 87.
751 13. 87.
752 13. 87.
753 13. 87.
754 13. 87.
755 13. 87.
756 13. 87.
757 13. 87.
758 13. 87.
759 13. 87.
760 13. 87.
761 13. 87.
762 13. 87.
763 13. 87.
764 13. 87.
765 13. 87.
766 14. 86.
767 14. 86.
768 14. 86.
769 14. 86.
770 14. 86.
771 13. 87.
772 13. 87.
773 13. 87.
774 13. 87.
775 14. 86.
776 14. 86.
777 15. 85.
778 15. 85.
779 15. 85.
780 15. 85.
781 15. 85.
782 14. 86.
783 14. 86.
784 14. 86.
785 14. 86.
786 13. 87.
787 13. 87.
788 13. 87.
789 13. 87.
790 13. 87.
791 13. 87.
792 13. 87.
793 13. 87.
794 12. 88.
795 12. 88.
796 12. 88.
797 12. 88.
798 12. 88.
799 12. 88.
800 13. 87.
801 13. 87.
802 13. 87.
803 13. 87.
804 13. 87.
805 13. 87.
806 13. 87.
807 13. 87.
808 13. 87.
809 13. 87.
810 13. 87.
811 13. 87.
812 13. 87.
813 13. 87.
814 13. 87.
815 13. 87.
816 13. 87.
817 13. 87.
818 13. 87.
819 13. 87.
820 13. 87.
821 13. 87.
822 13. 87.
823 13. 87.
824 13. 87.
825 13. 87.
826 13. 87.
827 13. 87.
828 12. 88.
829 12. 88.
830 12. 88.
831 13. 87.
832 13. 87.
833 13. 87.
834 13. 87.
835 13. 87.
836 13. 87.
837 13. 87.
838 12. 88.
839 12. 88.
840 12. 88.
841 12. 88.
842 13. 87.
843 13. 87.
844 13. 87.
845 12. 88.
846 12. 88.
847 12. 88.
848 12. 88.
849 12. 88.
850 12. 88.
851 13. 87.
852 13. 87.
853 13. 87.
854 13. 87.
855 13. 87.
856 13. 87.
857 13. 87.
858 14. 86.
859 14. 86.
860 14. 86.
861 14. 86.
862 14. 86.
863 14. 86.
864 14. 86.
865 13. 87.
866 12. 88.
867 12. 88.
868 12. 88.
869 12. 88.
870 12. 88.
871 12. 88.
872 12. 88.
873 12. 88.
874 12. 88.
875 12. 88.
876 12. 88.
877 12. 88.
878 12. 88.
879 12. 88.
880 12. 88.
881 12. 88.
882 12. 88.
883 12. 88.
884 12. 88.
885 12. 88.
886 12. 88.
887 12. 88.
888 12. 88.
889 12. 88.
890 12. 88.
891 12. 88.
892 12. 88.
893 12. 88.
894 12. 88.
895 12. 88.
896 12. 88.
897 12. 88.
898 12. 88.
899 12. 88.
900 12. 88.
901 12. 88.
902 12. 88.
903 12. 88.
904 12. 88.
905 12. 88.
906 12. 88.
907 12. 88.
908 12. 88.
909 12. 88.
910 12. 88.
911 12. 88.
912 12. 88.
913 12. 88.
914 13. 87.
915 13. 87.
916 13. 87.
917 13. 87.
918 13. 87.
919 13. 87.
920 13. 87.
921 13. 87.
922 13. 87.
923 14. 86.
924 14. 86.
925 14. 86.
926 15. 85.
927 15. 85.
928 15. 85.
929 15. 85.
930 15. 85.
931 15. 85.
932 15. 85.
933 15. 85.
934 16. 84.
935 16. 84.
936 16. 84.
937 16. 84.
938 16. 84.
939 16. 84.
940 16. 84.
941 16. 84.
942 16. 84.
943 16. 84.
944 17. 83.
945 17. 83.
946 17. 83.
947 17. 83.
948 17. 83.
949 17. 83.
950 17. 83.
951 16. 84.
952 16. 84.
953 16. 84.
954 16. 84.
955 16. 84.
956 16. 84.
957 16. 84.
958 16. 84.
959 15. 85.
960 15. 85.
961 15. 85.
962 15. 85.
963 15. 85.
964 15. 85.
965 14. 86.
966 14. 86.
967 14. 86.
968 14. 86.
969 14. 86.
970 13. 87.
971 13. 87.
972 13. 87.
973 13. 87.
974 13. 87.
975 13. 87.
976 13. 87.
977 13. 87.
978 13. 87.
979 13. 87.
980 13. 87.
981 13. 87.
982 13. 87.
983 13. 87.
984 13. 87.
985 13. 87.
986 13. 87.
987 13. 87.
988 13. 87.
989 13. 87.
990 13. 87.
991 13. 87.
992 13. 87.
993 13. 87.
994 13. 87.
995 13. 87.
996 13. 87.
997 12. 88.
998 13. 87.
999 13. 87.
1000 13. 87.
1001 13. 87.
1002 14. 86.
1003 14. 86.
1004 14. 86.
1005 14. 86.
1006 14. 86.
1007 13. 87.
1008 13. 87.
1009 13. 87.
1010 13. 87.
1011 13. 87.
1012 13. 87.
1013 13. 87.
1014 13. 87.
1015 13. 87.
1016 13. 87.
1017 13. 87.
1018 13. 87.
1019 13. 87.
1020 12. 88.
1021 12. 88.
1022 11. 89.
1023 11. 89.
1024 11. 89.
1025 11. 89.
1026 11. 89.
1027 11. 89.
1028 11. 89.
1029 11. 89.
1030 11. 89.
1031 11. 89.
1032 10. 90.
1033 10. 90.
1034 10. 90.
1035 10. 90.
1036 10. 90.
1037 10. 90.
1038 10. 90.
1039 10. 90.
1040 10. 90.
1041 10. 90.
1042 10. 90.
1043 10. 90.
1044 11. 89.
1045 12. 88.
1046 12. 88.
1047 12. 88.
1048 12. 88.
1049 12. 88.
1050 12. 88.
1051 12. 88.
1052 12. 88.
1053 12. 88.
1054 12. 88.
1055 12. 88.
1056 12. 88.
1057 12. 88.
1058 13. 87.
1059 13. 87.
1060 13. 87.
1061 13. 87.
1062 14. 86.
1063 14. 86.
1064 14. 86.
1065 14. 86.
1066 14. 86.
1067 14. 86.
1068 14. 86.
1069 14. 86.
1070 14. 86.
1071 14. 86.
1072 14. 86.
1073 14. 86.
1074 14. 86.
1075 14. 86.
1076 14. 86.
1077 14. 86.
1078 14. 86.
1079 14. 86.
1080 14. 86.
1081 14. 86.
1082 14. 86.
1083 14. 86.
1084 14. 86.
1085 14. 86.
1086 14. 86.
1087 14. 86.
1088 14. 86.
1089 14. 86.
1090 14. 86.
1091 14. 86.
1092 14. 86.
1093 13. 87.
1094 13. 87.
1095 14. 86.
1096 14. 86.
1097 14. 86.
1098 14. 86.
1099 14. 86.
1100 14. 86.
1101 14. 86.
1102 14. 86.
1103 14. 86.
1104 14. 86.
1105 14. 86.
1106 14. 86.
1107 14. 86.
1108 14. 86.
1109 14. 86.
1110 14. 86.
1111 13. 87.
1112 13. 87.
1113 13. 87.
1114 13. 87.
1115 13. 87.
1116 13. 87.
1117 13. 87.
1118 13. 87.
1119 12. 88.
1120 12. 88.
1121 12. 88.
1122 13. 87.
1123 14. 86.
1124 14. 86.
1125 14. 86.
1126 14. 86.
1127 14. 86.
1128 14. 86.
1129 14. 86.
1130 14. 86.
1131 14. 86.
1132 15. 85.
1133 14. 86.
1134 14. 86.
1135 14. 86.
1136 14. 86.
1137 14. 86.
1138 13. 87.
1139 13. 87.
1140 13. 87.
1141 13. 87.
1142 13. 87.
1143 13. 87.
1144 13. 87.
1145 13. 87.
1146 13. 87.
1147 13. 87.
1148 13. 87.
1149 13. 87.
1150 13. 87.
1151 14. 86.
1152 14. 86.
1153 14. 86.
1154 14. 86.
1155 14. 86.
1156 13. 87.
1157 13. 87.
1158 13. 87.
1159 13. 87.
1160 13. 87.
1161 13. 87.
1162 13. 87.
1163 13. 87.
1164 13. 87.
1165 13. 87.
1166 13. 87.
1167 14. 86.
1168 13. 87.
1169 13. 87.
1170 13. 87.
1171 13. 87.
1172 14. 86.
1173 14. 86.
1174 15. 85.
1175 14. 86.
1176 14. 86.
1177 15. 85.
1178 15. 85.
1179 15. 85.
1180 15. 85.
1181 15. 85.
1182 15. 85.
1183 15. 85.
1184 15. 85.
1185 15. 85.
1186 15. 85.
1187 15. 85.
1188 15. 85.
1189 15. 85.
1190 15. 85.
1191 15. 85.
1192 15. 85.
1193 15. 85.
1194 15. 85.
1195 16. 84.
1196 16. 84.
1197 16. 84.
1198 16. 84.
1199 16. 84.
1200 16. 84.
1201 16. 84.
1202 16. 84.
1203 16. 84.
1204 16. 84.
1205 16. 84.
1206 16. 84.
1207 16. 84.
1208 15. 85.
1209 16. 84.
1210 17. 83.
1211 18. 82.
1212 19. 81.
1213 19. 81.
1214 19. 81.
1215 19. 81.
1216 19. 81.
1217 18. 82.
1218 18. 82.
1219 18. 82.
1220 19. 81.
1221 18. 82.
1222 18. 82.
1223 18. 82.
1224 17. 83.
1225 17. 83.
1226 18. 82.
1227 18. 82.
1228 18. 82.
1229 18. 82.
1230 18. 82.
1231 18. 82.
1232 18. 82.
1233 18. 82.
1234 17. 83.
1235 17. 83.
1236 17. 83.
1237 17. 83.
1238 17. 83.
1239 17. 83.
1240 17. 83.
1241 17. 83.
1242 17. 83.
1243 17. 83.
1244 17. 83.
1245 17. 83.
1246 17. 83.
1247 17. 83.
1248 17. 83.
1249 17. 83.
1250 17. 83.
1251 17. 83.
1252 17. 83.
1253 17. 83.
1254 17. 83.
1255 17. 83.
1256 17. 83.
1257 17. 83.
1258 17. 83.
1259 17. 83.
1260 16. 84.
1261 15. 85.
1262 15. 85.
1263 15. 85.
1264 15. 85.
1265 15. 85.
1266 15. 85.
1267 15. 85.
1268 15. 85.
1269 15. 85.
1270 14. 86.
1271 14. 86.
1272 14. 86.
1273 14. 86.
1274 14. 86.
1275 14. 86.
1276 14. 86.
1277 14. 86.
1278 14. 86.
1279 15. 85.
1280 15. 85.
1281 14. 86.
1282 15. 85.
1283 15. 85.
1284 15. 85.
1285 15. 85.
1286 15. 85.
1287 16. 84.
1288 16. 84.
1289 15. 85.
1290 15. 85.
1291 15. 85.
1292 16. 84.
1293 16. 84.
1294 16. 84.
1295 16. 84.
1296 16. 84.
1297 16. 84.
1298 16. 84.
1299 16. 84.
1300 16. 84.
1301 16. 84.
1302 16. 84.
1303 17. 83.
1304 16. 84.
1305 17. 83.
1306 17. 83.
1307 17. 83.
1308 18. 82.
1309 19. 81.
1310 19. 81.
1311 19. 81.
1312 19. 81.
1313 19. 81.
1314 19. 81.
1315 19. 81.
1316 19. 81.
1317 20. 80.
1318 20. 80.
1319 20. 80.
1320 20. 80.
1321 20. 80.
1322 20. 80.
1323 20. 80.
1324 20. 80.
1325 20. 80.
1326 20. 80.
1327 20. 80.
1328 20. 80.
1329 20. 80.
1330 20. 80.
1331 20. 80.
1332 20. 80.
1333 20. 80.
1334 21. 79.
1335 20. 80.
1336 20. 80.
1337 20. 80.
1338 20. 80.
1339 20. 80.
1340 19. 81.
1341 20. 80.
1342 19. 81.
1343 19. 81.
1344 19. 81.
1345 19. 81.
1346 19. 81.
1347 19. 81.
1348 19. 81.
1349 19. 81.
1350 19. 81.
1351 19. 81.
1352 19. 81.
1353 19. 81.
1354 19. 81.
1355 19. 81.
1356 19. 81.
1357 19. 81.
1358 19. 81.
1359 19. 81.
1360 19. 81.
1361 19. 81.
1362 19. 81.
1363 19. 81.
1364 19. 81.
1365 19. 81.
1366 19. 81.
1367 19. 81.
1368 19. 81.
1369 19. 81.
1370 19. 81.
1371 19. 81.
1372 19. 81.
1373 19. 81.
1374 19. 81.
1375 19. 81.
1376 19. 81.
1377 19. 81.
1378 19. 81.
1379 19. 81.
1380 20. 80.
1381 20. 80.
1382 20. 80.
1383 20. 80.
1384 20. 80.
1385 20. 80.
1386 20. 80.
1387 20. 80.
1388 19. 81.
1389 19. 81.
1390 19. 81.
1391 19. 81.
1392 19. 81.
1393 20. 80.
1394 20. 80.
1395 20. 80.
1396 20. 80.
1397 20. 80.
1398 20. 80.
1399 20. 80.
1400 20. 80.
1401 20. 80.
1402 20. 80.
1403 19. 81.
1404 19. 81.
1405 19. 81.
1406 19. 81.
1407 19. 81.
1408 19. 81.
1409 19. 81.
1410 18. 82.
1411 17. 83.
1412 17. 83.
1413 17. 83.
1414 17. 83.
1415 17. 83.
1416 17. 83.
1417 17. 83.
1418 17. 83.
1419 16. 84.
1420 16. 84.
1421 16. 84.
1422 16. 84.
1423 16. 84.
1424 16. 84.
1425 16. 84.
1426 16. 84.
1427 16. 84.
1428 16. 84.
1429 16. 84.
1430 16. 84.
1431 16. 84.
1432 16. 84.
1433 16. 84.
1434 16. 84.
1435 17. 83.
1436 17. 83.
1437 17. 83.
1438 17. 83.
1439 17. 83.
1440 17. 83.
1441 17. 83.
1442 17. 83.
1443 17. 83.
1444 17. 83.
1445 17. 83.
1446 17. 83.
1447 17. 83.
1448 17. 83.
1449 17. 83.
1450 17. 83.
1451 17. 83.
1452 17. 83.
1453 17. 83.
1454 17. 83.
1455 17. 83.
1456 17. 83.
1457 16. 84.
1458 16. 84.
1459 16. 84.
1460 16. 84.
1461 16. 84.
1462 16. 84.
1463 16. 84.
1464 16. 84.
1465 16. 84.
1466 15. 85.
1467 15. 85.
1468 15. 85.
1469 15. 85.
1470 15. 85.
1471 15. 85.
1472 16. 84.
1473 16. 84.
1474 15. 85.
1475 15. 85.
1476 15. 85.
1477 15. 85.
1478 15. 85.
1479 15. 85.
1480 15. 85.
1481 15. 85.
1482 15. 85.
1483 15. 85.
1484 15. 85.
1485 15. 85.
1486 15. 85.
1487 15. 85.
1488 15. 85.
1489 15. 85.
1490 15. 85.
1491 14. 86.
1492 14. 86.
1493 14. 86.
1494 14. 86.
1495 14. 86.
1496 14. 86.
1497 14. 86.
1498 15. 85.
1499 14. 86.
1500 14. 86.
1501 14. 86.
1502 14. 86.
1503 15. 85.
1504 15. 85.
1505 15. 85.
1506 15. 85.
1507 14. 86.
1508 13. 87.
1509 13. 87.
1510 13. 87.
1511 13. 87.
1512 13. 87.
1513 13. 87.
1514 13. 87.
1515 13. 87.
1516 13. 87.
1517 12. 88.
1518 12. 88.
1519 12. 88.
1520 12. 88.
1521 12. 88.
1522 12. 88.
1523 12. 88.
1524 11. 89.
1525 11. 89.
1526 11. 89.
1527 11. 89.
1528 11. 89.
1529 11. 89.
1530 11. 89.
1531 11. 89.
1532 10. 90.
1533 10. 90.
1534 10. 90.
1535 10. 90.
1536 10. 90.
1537 11. 89.
1538 11. 89.
1539 11. 89.
1540 11. 89.
1541 11. 89.
1542 11. 89.
1543 11. 89.
1544 11. 89.
1545 11. 89.
1546 11. 89.
1547 11. 89.
1548 11. 89.
1549 11. 89.
1550 11. 89.
1551 11. 89.
1552 12. 88.
1553 12. 88.
1554 12. 88.
1555 12. 88.
1556 12. 88.
1557 12. 88.
1558 12. 88.
1559 13. 87.
1560 13. 87.
1561 13. 87.
1562 13. 87.
1563 13. 87.
1564 13. 87.
1565 12. 88.
1566 12. 88.
1567 12. 88.
1568 12. 88.
1569 12. 88.
1570 12. 88.
1571 12. 88.
1572 12. 88.
1573 12. 88.
1574 12. 88.
1575 12. 88.
1576 12. 88.
1577 12. 88.
1578 12. 88.
1579 12. 88.
1580 12. 88.
1581 12. 88.
1582 12. 88.
1583 12. 88.
1584 12. 88.
1585 12. 88.
1586 12. 88.
1587 12. 88.
1588 12. 88.
1589 11. 89.
1590 11. 89.
1591 11. 89.
1592 11. 89.
1593 11. 89.
1594 11. 89.
1595 11. 89.
1596 11. 89.
1597 10. 90.
1598 10. 90.
1599 11. 89.
1600 11. 89.
1601 11. 89.
1602 11. 89.
1603 11. 89.
1604 11. 89.
1605 11. 89.
1606 11. 89.
1607 11. 89.
1608 12. 88.
1609 12. 88.
1610 12. 88.
1611 12. 88.
1612 12. 88.
1613 12. 88.
1614 12. 88.
1615 12. 88.
1616 12. 88.
1617 12. 88.
1618 12. 88.
1619 13. 87.
1620 13. 87.
1621 13. 87.
1622 13. 87.
1623 13. 87.
1624 13. 87.
1625 13. 87.
1626 13. 87.
1627 13. 87.
1628 13. 87.
1629 13. 87.
1630 12. 88.
1631 12. 88.
1632 12. 88.
1633 12. 88.
1634 12. 88.
1635 13. 87.
1636 13. 87.
1637 13. 87.
1638 13. 87.
1639 13. 87.
1640 14. 86.
1641 14. 86.
1642 14. 86.
1643 14. 86.
1644 14. 86.
1645 14. 86.
1646 14. 86.
1647 14. 86.
1648 14. 86.
1649 14. 86.
1650 13. 87.
1651 13. 87.
1652 13. 87.
1653 13. 87.
1654 13. 87.
1655 13. 87.
1656 13. 87.
1657 13. 87.
1658 13. 87.
1659 13. 87.
1660 13. 87.
1661 13. 87.
1662 13. 87.
1663 13. 87.
1664 13. 87.
1665 13. 87.
1666 13. 87.
1667 13. 87.
1668 13. 87.
1669 13. 87.
1670 13. 87.
1671 13. 87.
1672 13. 87.
1673 13. 87.
1674 13. 87.
1675 13. 87.
1676 13. 87.
1677 13. 87.
1678 13. 87.
1679 13. 87.
1680 13. 87.
1681 13. 87.
1682 13. 87.
1683 13. 87.
1684 13. 87.
1685 13. 87.
1686 13. 87.
1687 13. 87.
1688 13. 87.
1689 13. 87.
1690 13. 87.
1691 13. 87.
1692 13. 87.
1693 13. 87.
1694 13. 87.
1695 13. 87.
1696 13. 87.
1697 14. 86.
1698 14. 86.
1699 15. 85.
1700 15. 85.
1701 15. 85.
1702 16. 84.
1703 16. 84.
1704 16. 84.
1705 16. 84.
1706 16. 84.
1707 16. 84.
1708 16. 84.
1709 16. 84.
1710 16. 84.
1711 16. 84.
1712 15. 85.
1713 15. 85.
1714 14. 86.
1715 14. 86.
1716 14. 86.
1717 14. 86.
1718 14. 86.
1719 14. 86.
1720 14. 86.
1721 14. 86.
1722 14. 86.
1723 14. 86.
1724 14. 86.
1725 14. 86.
1726 14. 86.
1727 14. 86.
1728 14. 86.
1729 14. 86.
1730 14. 86.
1731 14. 86.
1732 14. 86.
1733 14. 86.
1734 14. 86.
1735 13. 87.
1736 13. 87.
1737 13. 87.
1738 13. 87.
1739 13. 87.
1740 13. 87.
1741 13. 87.
1742 13. 87.
1743 13. 87.
1744 13. 87.
1745 13. 87.
1746 13. 87.
1747 13. 87.
1748 13. 87.
1749 13. 87.
1750 13. 87.
1751 14. 86.
1752 15. 85.
1753 15. 85.
1754 15. 85.
1755 15. 85.
1756 16. 84.
1757 16. 84.
1758 16. 84.
1759 15. 85.
1760 16. 84.
1761 16. 84.
1762 16. 84.
1763 16. 84.
1764 16. 84.
1765 16. 84.
1766 16. 84.
1767 16. 84.
1768 16. 84.
1769 16. 84.
1770 16. 84.
1771 16. 84.
1772 16. 84.
1773 16. 84.
1774 16. 84.
1775 17. 83.
1776 17. 83.
1777 17. 83.
1778 18. 82.
1779 18. 82.
1780 17. 83.
1781 17. 83.
1782 17. 83.
1783 17. 83.
1784 17. 83.
1785 17. 83.
1786 17. 83.
1787 17. 83.
1788 17. 83.
1789 17. 83.
1790 18. 82.
1791 18. 82.
1792 18. 82.
1793 18. 82.
1794 18. 82.
1795 18. 82.
1796 18. 82.
1797 18. 82.
1798 18. 82.
1799 18. 82.
1800 18. 82.
1801 18. 82.
1802 18. 82.
1803 18. 82.
1804 18. 82.
1805 18. 82.
1806 18. 82.
1807 18. 82.
1808 18. 82.
1809 18. 82.
1810 18. 82.
1811 17. 83.
1812 17. 83.
1813 16. 84.
1814 16. 84.
1815 16. 84.
1816 16. 84.
1817 16. 84.
1818 16. 84.
1819 16. 84.
1820 16. 84.
1821 16. 84.
1822 16. 84.
1823 16. 84.
1824 16. 84.
1825 16. 84.
1826 16. 84.
1827 16. 84.
1828 16. 84.
1829 16. 84.
1830 16. 84.
1831 17. 83.
1832 17. 83.
1833 17. 83.
1834 17. 83.
1835 17. 83.
1836 17. 83.
1837 17. 83.
1838 17. 83.
1839 17. 83.
1840 17. 83.
1841 17. 83.
1842 17. 83.
1843 17. 83.
1844 17. 83.
1845 17. 83.
1846 17. 83.
1847 17. 83.
1848 17. 83.
1849 17. 83.
1850 17. 83.
1851 17. 83.
1852 17. 83.
1853 17. 83.
1854 17. 83.
1855 17. 83.
1856 17. 83.
1857 17. 83.
1858 17. 83.
1859 17. 83.
1860 17. 83.
1861 17. 83.
1862 17. 83.
1863 17. 83.
1864 18. 82.
1865 18. 82.
1866 18. 82.
1867 18. 82.
1868 17. 83.
1869 17. 83.
1870 17. 83.
1871 17. 83.
1872 17. 83.
1873 17. 83.
1874 17. 83.
1875 17. 83.
1876 17. 83.
1877 17. 83.
1878 17. 83.
1879 17. 83.
1880 17. 83.
1881 17. 83.
1882 17. 83.
1883 17. 83.
1884 17. 83.
1885 17. 83.
1886 17. 83.
1887 17. 83.
1888 17. 83.
1889 17. 83.
1890 17. 83.
1891 17. 83.
1892 18. 82.
1893 19. 81.
1894 19. 81.
1895 19. 81.
1896 19. 81.
1897 19. 81.
1898 19. 81.
1899 19. 81.
1900 19. 81.
1901 19. 81.
1902 20. 80.
1903 20. 80.
1904 20. 80.
1905 20. 80.
1906 20. 80.
1907 20. 80.
1908 20. 80.
1909 20. 80.
1910 20. 80.
1911 19. 81.
1912 19. 81.
1913 19. 81.
1914 19. 81.
1915 19. 81.
1916 19. 81.
1917 19. 81.
1918 19. 81.
1919 19. 81.
1920 19. 81.
1921 18. 82.
1922 18. 82.
1923 18. 82.
1924 18. 82.
1925 18. 82.
1926 18. 82.
1927 17. 83.
1928 17. 83.
1929 17. 83.
1930 17. 83.
1931 17. 83.
1932 17. 83.
1933 17. 83.
1934 17. 83.
1935 17. 83.
1936 17. 83.
1937 17. 83.
1938 16. 84.
1939 15. 85.
1940 15. 85.
1941 15. 85.
1942 15. 85.
1943 14. 86.
1944 14. 86.
1945 14. 86.
1946 14. 86.
1947 14. 86.
1948 14. 86.
1949 14. 86.
1950 14. 86.
1951 14. 86.
1952 14. 86.
1953 14. 86.
1954 14. 86.
1955 14. 86.
1956 14. 86.
1957 15. 85.
1958 15. 85.
1959 15. 85.
1960 15. 85.
1961 14. 86.
1962 14. 86.
1963 14. 86.
1964 14. 86.
1965 14. 86.
1966 15. 85.
1967 16. 84.
1968 16. 84.
1969 16. 84.
1970 16. 84.
1971 16. 84.
1972 16. 84.
1973 16. 84.
1974 17. 83.
1975 17. 83.
1976 17. 83.
1977 17. 83.
1978 17. 83.
1979 17. 83.
1980 17. 83.
1981 17. 83.
1982 17. 83.
1983 17. 83.
1984 17. 83.
1985 17. 83.
1986 17. 83.
1987 17. 83.
1988 17. 83.
1989 17. 83.
1990 17. 83.
1991 17. 83.
1992 17. 83.
1993 18. 82.
1994 18. 82.
1995 18. 82.
1996 18. 82.
1997 19. 81.
1998 19. 81.
1999 18. 82.
2000 18. 82.
2001 18. 82.
2002 18. 82.
2003 18. 82.
2004 18. 82.
2005 18. 82.
2006 18. 82.
2007 18. 82.
2008 18. 82.
2009 18. 82.
2010 18. 82.
2011 18. 82.
2012 18. 82.
2013 18. 82.
2014 18. 82.
2015 17. 83.
2016 17. 83.
2017 16. 84.
2018 16. 84.
2019 16. 84.
2020 16. 84.
2021 16. 84.
2022 16. 84.
2023 16. 84.
2024 16. 84.
2025 16. 84.
2026 16. 84.
2027 16. 84.
2028 16. 84.
2029 16. 84.
2030 16. 84.
2031 16. 84.
2032 16. 84.
2033 17. 83.
2034 17. 83.
2035 17. 83.
2036 17. 83.
2037 17. 83.
2038 17. 83.
2039 16. 84.
2040 16. 84.
2041 16. 84.
2042 16. 84.
2043 16. 84.
2044 16. 84.
2045 16. 84.
2046 15. 85.
2047 15. 85.
2048 15. 85.
2049 15. 85.
2050 15. 85.
2051 15. 85.
2052 15. 85.
2053 16. 84.
2054 16. 84.
2055 16. 84.
2056 16. 84.
2057 17. 83.
2058 17. 83.
2059 17. 83.
2060 16. 84.
2061 16. 84.
2062 16. 84.
2063 16. 84.
2064 16. 84.
2065 16. 84.
2066 16. 84.
2067 16. 84.
2068 16. 84.
2069 16. 84.
2070 16. 84.
2071 17. 83.
2072 17. 83.
2073 17. 83.
2074 17. 83.
2075 17. 83.
2076 17. 83.
2077 17. 83.
2078 16. 84.
2079 16. 84.
2080 16. 84.
2081 16. 84.
2082 16. 84.
2083 16. 84.
2084 16. 84.
2085 16. 84.
2086 16. 84.
2087 16. 84.
2088 16. 84.
2089 16. 84.
2090 16. 84.
2091 16. 84.
2092 16. 84.
2093 16. 84.
2094 17. 83.
2095 16. 84.
2096 16. 84.
2097 15. 85.
2098 15. 85.
2099 15. 85.
2100 15. 85.
2101 15. 85.
2102 15. 85.
2103 15. 85.
2104 15. 85.
2105 16. 84.
2106 15. 85.
2107 15. 85.
2108 15. 85.
2109 15. 85.
2110 15. 85.
2111 15. 85.
2112 15. 85.
2113 16. 84.
2114 16. 84.
2115 16. 84.
2116 16. 84.
2117 17. 83.
2118 17. 83.
2119 17. 83.
2120 17. 83.
2121 17. 83.
2122 17. 83.
2123 16. 84.
2124 16. 84.
2125 16. 84.
2126 16. 84.
2127 16. 84.
2128 16. 84.
2129 16. 84.
2130 15. 85.
2131 15. 85.
2132 15. 85.
2133 15. 85.
2134 15. 85.
2135 15. 85.
2136 15. 85.
2137 15. 85.
2138 15. 85.
2139 15. 85.
2140 15. 85.
2141 15. 85.
2142 15. 85.
2143 16. 84.
2144 16. 84.
2145 16. 84.
2146 16. 84.
2147 16. 84.
2148 16. 84.
2149 16. 84.
2150 16. 84.
2151 16. 84.
2152 16. 84.
2153 16. 84.
2154 16. 84.
2155 16. 84.
2156 16. 84.
2157 16. 84.
2158 16. 84.
2159 16. 84.
2160 15. 85.
2161 14. 86.
2162 14. 86.
2163 14. 86.
2164 14. 86.
2165 14. 86.
2166 14. 86.
2167 14. 86.
2168 14. 86.
2169 14. 86.
2170 14. 86.
2171 14. 86.
2172 14. 86.
2173 14. 86.
2174 13. 87.
2175 13. 87.
2176 13. 87.
2177 13. 87.
2178 13. 87.
2179 13. 87.
2180 13. 87.
2181 13. 87.
2182 13. 87.
2183 12. 88.
2184 12. 88.
2185 12. 88.
2186 12. 88.
2187 12. 88.
2188 12. 88.
2189 12. 88.
2190 12. 88.
2191 11. 89.
2192 11. 89.
2193 11. 89.
2194 11. 89.
2195 11. 89.
2196 11. 89.
2197 11. 89.
2198 11. 89.
2199 11. 89.
2200 12. 88.
2201 12. 88.
2202 11. 89.
2203 11. 89.
2204 11. 89.
2205 11. 89.
2206 11. 89.
2207 11. 89.
2208 11. 89.
2209 11. 89.
2210 11. 89.
2211 11. 89.
2212 12. 88.
2213 12. 88.
2214 11. 89.
2215 11. 89.
2216 11. 89.
2217 11. 89.
2218 11. 89.
2219 11. 89.
2220 11. 89.
2221 11. 89.
2222 11. 89.
2223 11. 89.
2224 11. 89.
2225 10. 90.
2226 11. 89.
2227 11. 89.
2228 11. 89.
2229 11. 89.
2230 11. 89.
2231 11. 89.
2232 11. 89.
2233 12. 88.
2234 12. 88.
2235 13. 87.
2236 13. 87.
2237 13. 87.
2238 13. 87.
2239 13. 87.
2240 13. 87.
2241 13. 87.
2242 13. 87.
2243 13. 87.
2244 13. 87.
2245 13. 87.
2246 13. 87.
2247 13. 87.
2248 13. 87.
2249 13. 87.
2250 13. 87.
2251 13. 87.
2252 12. 88.
2253 12. 88.
2254 12. 88.
2255 12. 88.
2256 12. 88.
2257 12. 88.
2258 12. 88.
2259 12. 88.
2260 12. 88.
2261 12. 88.
2262 12. 88.
2263 11. 89.
2264 11. 89.
2265 11. 89.
2266 11. 89.
2267 11. 89.
2268 11. 89.
2269 11. 89.
2270 12. 88.
2271 11. 89.
2272 11. 89.
2273 11. 89.
2274 11. 89.
2275 11. 89.
2276 11. 89.
2277 11. 89.
2278 10. 90.
2279 9. 91.
2280 9. 91.
2281 9. 91.
2282 9. 91.
2283 8. 92.
2284 8. 92.
2285 8. 92.
2286 8. 92.
2287 8. 92.
2288 7. 93.
2289 7. 93.
2290 7. 93.
2291 7. 93.
2292 7. 93.
2293 7. 93.
2294 7. 93.
2295 7. 93.
2296 7. 93.
2297 7. 93.
2298 7. 93.
2299 7. 93.
2300 7. 93.
2301 7. 93.
2302 7. 93.
2303 7. 93.
2304 7. 93.
2305 7. 93.
2306 7. 93.
2307 7. 93.
2308 7. 93.
2309 7. 93.
2310 7. 93.
2311 7. 93.
2312 7. 93.
2313 7. 93.
2314 7. 93.
2315 7. 93.
2316 7. 93.
2317 6. 94.
2318 6. 94.
2319 7. 93.
2320 8. 92.
2321 8. 92.
2322 8. 92.
2323 8. 92.
2324 8. 92.
2325 8. 92.
2326 8. 92.
2327 8. 92.
2328 7. 93.
2329 6. 94.
2330 6. 94.
2331 6. 94.
2332 6. 94.
2333 5. 95.
2334 5. 95.
2335 5. 95.
2336 5. 95.
2337 5. 95.
2338 5. 95.
2339 5. 95.
2340 5. 95.
2341 5. 95.
2342 5. 95.
2343 5. 95.
2344 5. 95.
2345 5. 95.
2346 5. 95.
2347 5. 95.
2348 5. 95.
2349 5. 95.
2350 5. 95.
2351 5. 95.
2352 5. 95.
2353 5. 95.
2354 5. 95.
2355 5. 95.
2356 5. 95.
2357 5. 95.
2358 6. 94.
2359 6. 94.
2360 6. 94.
2361 6. 94.
2362 6. 94.
2363 6. 94.
2364 6. 94.
2365 6. 94.
2366 6. 94.
2367 6. 94.
2368 6. 94.
2369 6. 94.
2370 6. 94.
2371 6. 94.
2372 6. 94.
2373 6. 94.
2374 6. 94.
2375 6. 94.
2376 6. 94.
2377 6. 94.
2378 6. 94.
2379 6. 94.
2380 6. 94.
2381 6. 94.
2382 6. 94.
2383 6. 94.
2384 6. 94.
2385 6. 94.
2386 6. 94.
2387 6. 94.
2388 6. 94.
2389 6. 94.
2390 6. 94.
2391 6. 94.
2392 6. 94.
2393 6. 94.
2394 6. 94.
2395 6. 94.
2396 5. 95.
2397 5. 95.
2398 5. 95.
2399 5. 95.
2400 5. 95.
2401 5. 95.
2402 5. 95.
2403 5. 95.
2404 5. 95.
2405 4. 96.
2406 4. 96.
2407 4. 96.
2408 4. 96.
2409 4. 96.
2410 4. 96.
2411 4. 96.
2412 4. 96.
2413 4. 96.
2414 4. 96.
2415 4. 96.
2416 4. 96.
2417 4. 96.
2418 4. 96.
2419 5. 95.
2420 5. 95.
2421 5. 95.
2422 5. 95.
2423 4. 96.
2424 4. 96.
2425 4. 96.
2426 4. 96.
2427 4. 96.
2428 4. 96.
2429 4. 96.
2430 4. 96.
2431 4. 96.
2432 4. 96.
2433 4. 96.
2434 4. 96.
2435 4. 96.
2436 4. 96.
2437 4. 96.
2438 4. 96.
2439 4. 96.
2440 4. 96.
2441 4. 96.
2442 4. 96.
2443 4. 96.
2444 4. 96.
2445 4. 96.
2446 4. 96.
2447 4. 96.
2448 4. 96.
2449 3. 97.
2450 3. 97.
2451 3. 97.
2452 3. 97.
2453 3. 97.
2454 3. 97.
2455 3. 97.
2456 3. 97.
2457 3. 97.
2458 3. 97.
2459 3. 97.
2460 3. 97.
2461 3. 97.
2462 3. 97.
2463 3. 97.
2464 3. 97.
2465 3. 97.
2466 3. 97.
2467 3. 97.
2468 3. 97.
2469 3. 97.
2470 3. 97.
2471 3. 97.
2472 3. 97.
2473 3. 97.
2474 3. 97.
2475 3. 97.
2476 3. 97.
2477 3. 97.
2478 3. 97.
2479 3. 97.
2480 3. 97.
2481 3. 97.
2482 3. 97.
2483 3. 97.
2484 3. 97.
2485 3. 97.
2486 3. 97.
2487 3. 97.
2488 3. 97.
2489 3. 97.
2490 3. 97.
2491 3. 97.
2492 3. 97.
2493 3. 97.
2494 4. 96.
2495 5. 95.
2496 5. 95.
2497 5. 95.
2498 5. 95.
2499 5. 95.
2500 5. 95.
2501 5. 95.
2502 5. 95.
2503 5. 95.
2504 5. 95.
2505 5. 95.
2506 5. 95.
2507 5. 95.
2508 5. 95.
2509 5. 95.
2510 5. 95.
2511 5. 95.
2512 5. 95.
2513 5. 95.
2514 5. 95.
2515 5. 95.
2516 5. 95.
2517 5. 95.
2518 5. 95.
2519 5. 95.
2520 5. 95.
2521 5. 95.
2522 5. 95.
2523 5. 95.
2524 5. 95.
2525 5. 95.
2526 5. 95.
2527 5. 95.
2528 5. 95.
2529 5. 95.
2530 5. 95.
2531 5. 95.
2532 5. 95.
2533 5. 95.
2534 5. 95.
2535 5. 95.
2536 5. 95.
2537 5. 95.
2538 5. 95.
2539 5. 95.
2540 5. 95.
2541 5. 95.
2542 5. 95.
2543 5. 95.
2544 5. 95.
2545 5. 95.
2546 6. 94.
2547 6. 94.
2548 6. 94.
2549 6. 94.
2550 6. 94.
2551 6. 94.
2552 6. 94.
2553 6. 94.
2554 6. 94.
2555 6. 94.
2556 6. 94.
2557 6. 94.
2558 6. 94.
2559 6. 94.
2560 7. 93.
2561 7. 93.
2562 6. 94.
2563 6. 94.
2564 6. 94.
2565 6. 94.
2566 6. 94.
2567 6. 94.
2568 6. 94.
2569 6. 94.
2570 6. 94.
2571 6. 94.
2572 6. 94.
2573 6. 94.
2574 6. 94.
2575 6. 94.
2576 6. 94.
2577 6. 94.
2578 6. 94.
2579 6. 94.
2580 6. 94.
2581 6. 94.
2582 6. 94.
2583 6. 94.
2584 6. 94.
2585 6. 94.
2586 6. 94.
2587 6. 94.
2588 6. 94.
2589 6. 94.
2590 6. 94.
2591 6. 94.
2592 6. 94.
2593 6. 94.
2594 6. 94.
2595 6. 94.
2596 6. 94.
2597 6. 94.
2598 6. 94.
2599 6. 94.
2600 6. 94.
2601 6. 94.
2602 6. 94.
2603 6. 94.
2604 6. 94.
2605 6. 94.
2606 6. 94.
2607 6. 94.
2608 5. 95.
2609 5. 95.
2610 5. 95.
2611 5. 95.
2612 5. 95.
2613 5. 95.
2614 5. 95.
2615 5. 95.
2616 5. 95.
2617 5. 95.
2618 5. 95.
2619 5. 95.
2620 5. 95.
2621 6. 94.
2622 5. 95.
2623 5. 95.
2624 5. 95.
2625 5. 95.
2626 5. 95.
2627 4. 96.
2628 4. 96.
2629 4. 96.
2630 4. 96.
2631 4. 96.
2632 4. 96.
2633 4. 96.
2634 4. 96.
2635 3. 97.
2636 3. 97.
2637 3. 97.
2638 3. 97.
2639 3. 97.
2640 3. 97.
2641 3. 97.
2642 3. 97.
2643 3. 97.
2644 3. 97.
2645 3. 97.
2646 3. 97.
2647 3. 97.
2648 3. 97.
2649 3. 97.
2650 3. 97.
2651 3. 97.
2652 3. 97.
2653 3. 97.
2654 3. 97.
2655 3. 97.
2656 3. 97.
2657 3. 97.
2658 3. 97.
2659 3. 97.
2660 3. 97.
2661 3. 97.
2662 3. 97.
2663 3. 97.
2664 3. 97.
2665 3. 97.
2666 3. 97.
2667 4. 96.
2668 4. 96.
2669 5. 95.
2670 5. 95.
2671 5. 95.
2672 5. 95.
2673 5. 95.
2674 5. 95.
2675 5. 95.
2676 5. 95.
2677 5. 95.
2678 5. 95.
2679 5. 95.
2680 5. 95.
2681 5. 95.
2682 5. 95.
2683 5. 95.
2684 5. 95.
2685 5. 95.
2686 5. 95.
2687 4. 96.
2688 4. 96.
2689 4. 96.
2690 4. 96.
2691 4. 96.
2692 4. 96.
2693 4. 96.
2694 4. 96.
2695 4. 96.
2696 4. 96.
2697 4. 96.
2698 3. 97.
2699 3. 97.
2700 3. 97.
2701 3. 97.
2702 3. 97.
2703 3. 97.
2704 3. 97.
2705 3. 97.
2706 3. 97.
2707 3. 97.
2708 3. 97.
2709 3. 97.
2710 3. 97.
2711 3. 97.
2712 3. 97.
2713 3. 97.
2714 3. 97.
2715 3. 97.
2716 3. 97.
2717 3. 97.
2718 3. 97.
2719 3. 97.
2720 3. 97.
2721 3. 97.
2722 3. 97.
2723 3. 97.
2724 3. 97.
2725 3. 97.
2726 3. 97.
2727 3. 97.
2728 3. 97.
2729 3. 97.
2730 3. 97.
2731 3. 97.
2732 3. 97.
2733 3. 97.
2734 3. 97.
2735 3. 97.
2736 3. 97.
2737 3. 97.
2738 3. 97.
2739 3. 97.
2740 3. 97.
2741 3. 97.
2742 3. 97.
2743 3. 97.
2744 3. 97.
2745 3. 97.
2746 3. 97.
2747 3. 97.
2748 3. 97.
2749 3. 97.
2750 3. 97.
2751 3. 97.
2752 3. 97.
2753 3. 97.
2754 3. 97.
2755 3. 97.
2756 3. 97.
2757 3. 97.
2758 3. 97.
2759 3. 97.
2760 3. 97.
2761 3. 97.
2762 3. 97.
2763 3. 97.
2764 3. 97.
2765 3. 97.
2766 3. 97.
2767 3. 97.
2768 3. 97.
2769 3. 97.
2770 3. 97.
2771 3. 97.
2772 3. 97.
2773 2. 98.
2774 2. 98.
2775 3. 97.
2776 3. 97.
2777 3. 97.
2778 3. 97.
2779 3. 97.
2780 3. 97.
2781 3. 97.
2782 3. 97.
2783 3. 97.
2784 3. 97.
2785 3. 97.
2786 3. 97.
2787 3. 97.
2788 3. 97.
2789 3. 97.
2790 3. 97.
2791 3. 97.
2792 3. 97.
2793 3. 97.
2794 3. 97.
2795 3. 97.
2796 3. 97.
2797 3. 97.
2798 3. 97.
2799 3. 97.
2800 3. 97.
2801 3. 97.
2802 3. 97.
2803 3. 97.
2804 3. 97.
2805 3. 97.
2806 3. 97.
2807 3. 97.
2808 3. 97.
2809 3. 97.
2810 3. 97.
2811 3. 97.
2812 3. 97.
2813 2. 98.
2814 2. 98.
2815 2. 98.
2816 2. 98.
2817 2. 98.
2818 2. 98.
2819 2. 98.
2820 2. 98.
2821 3. 97.
2822 3. 97.
2823 3. 97.
2824 3. 97.
2825 3. 97.
2826 3. 97.
2827 4. 96.
2828 5. 95.
2829 5. 95.
2830 5. 95.
2831 5. 95.
2832 5. 95.
2833 5. 95.
2834 5. 95.
2835 5. 95.
2836 5. 95.
2837 5. 95.
2838 5. 95.
2839 5. 95.
2840 5. 95.
2841 6. 94.
2842 6. 94.
2843 6. 94.
2844 6. 94.
2845 6. 94.
2846 6. 94.
2847 6. 94.
2848 5. 95.
2849 5. 95.
2850 5. 95.
2851 4. 96.
2852 4. 96.
2853 4. 96.
2854 4. 96.
2855 4. 96.
2856 4. 96.
2857 4. 96.
2858 4. 96.
2859 4. 96.
2860 5. 95.
2861 5. 95.
2862 5. 95.
2863 5. 95.
2864 5. 95.
2865 5. 95.
2866 5. 95.
2867 5. 95.
2868 5. 95.
2869 5. 95.
2870 5. 95.
2871 5. 95.
2872 5. 95.
2873 5. 95.
2874 5. 95.
2875 5. 95.
2876 5. 95.
2877 5. 95.
2878 5. 95.
2879 5. 95.
2880 5. 95.
2881 5. 95.
2882 5. 95.
2883 5. 95.
2884 5. 95.
2885 4. 96.
2886 4. 96.
2887 4. 96.
2888 4. 96.
2889 4. 96.
2890 4. 96.
2891 4. 96.
2892 4. 96.
2893 4. 96.
2894 4. 96.
2895 4. 96.
2896 4. 96.
2897 3. 97.
2898 4. 96.
2899 4. 96.
2900 4. 96.
2901 4. 96.
2902 4. 96.
2903 4. 96.
2904 4. 96.
2905 4. 96.
2906 4. 96.
2907 4. 96.
2908 4. 96.
2909 4. 96.
2910 4. 96.
2911 4. 96.
2912 4. 96.
2913 4. 96.
2914 4. 96.
2915 4. 96.
2916 4. 96.
2917 4. 96.
2918 4. 96.
2919 4. 96.
2920 4. 96.
2921 4. 96.
2922 4. 96.
2923 4. 96.
2924 4. 96.
2925 4. 96.
2926 4. 96.
2927 4. 96.
2928 4. 96.
2929 4. 96.
2930 4. 96.
2931 4. 96.
2932 4. 96.
2933 4. 96.
2934 4. 96.
2935 4. 96.
2936 4. 96.
2937 4. 96.
2938 4. 96.
2939 4. 96.
2940 4. 96.
2941 4. 96.
2942 4. 96.
2943 4. 96.
2944 4. 96.
2945 4. 96.
2946 4. 96.
2947 4. 96.
2948 4. 96.
2949 4. 96.
2950 4. 96.
2951 4. 96.
2952 4. 96.
2953 4. 96.
2954 4. 96.
2955 4. 96.
2956 4. 96.
2957 4. 96.
2958 4. 96.
2959 4. 96.
2960 4. 96.
2961 4. 96.
2962 4. 96.
2963 4. 96.
2964 4. 96.
2965 4. 96.
2966 4. 96.
2967 4. 96.
2968 4. 96.
2969 4. 96.
2970 4. 96.
2971 4. 96.
2972 4. 96.
2973 4. 96.
2974 4. 96.
2975 4. 96.
2976 4. 96.
2977 4. 96.
2978 4. 96.
2979 4. 96.
2980 4. 96.
2981 4. 96.
2982 4. 96.
2983 4. 96.
2984 4. 96.
2985 4. 96.
2986 4. 96.
2987 4. 96.
2988 4. 96.
2989 4. 96.
2990 4. 96.
2991 4. 96.
2992 4. 96.
2993 4. 96.
2994 4. 96.
2995 4. 96.
2996 4. 96.
2997 4. 96.
2998 4. 96.
2999 4. 96.
3000 4. 96.
3001 4. 96.
3002 4. 96.
3003 4. 96.
3004 4. 96.
3005 4. 96.
3006 4. 96.
3007 4. 96.
3008 4. 96.
3009 4. 96.
3010 3. 97.
3011 3. 97.
3012 2. 98.
3013 2. 98.
3014 2. 98.
3015 2. 98.
3016 2. 98.
3017 2. 98.
3018 2. 98.
3019 2. 98.
3020 2. 98.
3021 2. 98.
3022 2. 98.
3023 2. 98.
3024 2. 98.
3025 2. 98.
3026 2. 98.
3027 2. 98.
3028 2. 98.
3029 2. 98.
3030 2. 98.
3031 2. 98.
3032 2. 98.
3033 2. 98.
3034 2. 98.
3035 2. 98.
3036 2. 98.
3037 2. 98.
3038 2. 98.
3039 2. 98.
3040 2. 98.
3041 2. 98.
3042 2. 98.
3043 2. 98.
3044 2. 98.
3045 2. 98.
3046 2. 98.
3047 2. 98.
3048 2. 98.
3049 2. 98.
3050 2. 98.
3051 2. 98.
3052 2. 98.
3053 2. 98.
3054 2. 98.
3055 2. 98.
3056 2. 98.
3057 2. 98.
3058 2. 98.
3059 2. 98.
3060 2. 98.
3061 2. 98.
3062 3. 97.
3063 3. 97.
3064 3. 97.
3065 3. 97.
3066 3. 97.
3067 3. 97.
3068 3. 97.
3069 3. 97.
3070 3. 97.
3071 3. 97.
3072 3. 97.
3073 3. 97.
3074 3. 97.
3075 3. 97.
3076 3. 97.
3077 3. 97.
3078 3. 97.
3079 3. 97.
3080 3. 97.
3081 3. 97.
3082 3. 97.
3083 3. 97.
3084 3. 97.
3085 3. 97.
3086 3. 97.
3087 3. 97.
3088 3. 97.
3089 3. 97.
3090 3. 97.
3091 3. 97.
3092 3. 97.
3093 3. 97.
3094 3. 97.
3095 3. 97.
3096 3. 97.
3097 3. 97.
3098 2. 98.
3099 2. 98.
3100 2. 98.
3101 2. 98.
3102 2. 98.
3103 2. 98.
3104 2. 98.
3105 2. 98.
3106 2. 98.
3107 2. 98.
3108 2. 98.
3109 2. 98.
3110 2. 98.
3111 2. 98.
3112 2. 98.
3113 2. 98.
3114 2. 98.
3115 2. 98.
3116 1. 99.
3117 1. 99.
3118 1. 99.
3119 1. 99.
3120 1. 99.
3121 2. 98.
3122 2. 98.
3123 2. 98.
3124 2. 98.
3125 2. 98.
3126 2. 98.
3127 2. 98.
3128 2. 98.
3129 2. 98.
3130 2. 98.
3131 2. 98.
3132 2. 98.
3133 2. 98.
3134 2. 98.
3135 2. 98.
3136 2. 98.
3137 2. 98.
3138 2. 98.
3139 2. 98.
3140 2. 98.
3141 2. 98.
3142 2. 98.
3143 2. 98.
3144 2. 98.
3145 2. 98.
3146 2. 98.
3147 2. 98.
3148 2. 98.
3149 2. 98.
3150 2. 98.
3151 2. 98.
3152 2. 98.
3153 2. 98.
3154 2. 98.
3155 2. 98.
3156 2. 98.
3157 2. 98.
3158 2. 98.
3159 2. 98.
3160 2. 98.
3161 2. 98.
3162 2. 98.
3163 2. 98.
3164 2. 98.
3165 2. 98.
3166 2. 98.
3167 2. 98.
3168 2. 98.
3169 2. 98.
3170 2. 98.
3171 2. 98.
3172 2. 98.
3173 2. 98.
3174 2. 98.
3175 2. 98.
3176 2. 98.
3177 2. 98.
3178 2. 98.
3179 2. 98.
3180 2. 98.
3181 2. 98.
3182 2. 98.
3183 2. 98.
3184 2. 98.
3185 2. 98.
3186 2. 98.
3187 2. 98.
3188 2. 98.
3189 2. 98.
3190 2. 98.
3191 2. 98.
3192 2. 98.
3193 2. 98.
3194 2. 98.
3195 2. 98.
3196 2. 98.
3197 2. 98.
3198 2. 98.
3199 2. 98.
3200 2. 98.
3201 2. 98.
3202 2. 98.
3203 2. 98.
3204 2. 98.
3205 2. 98.
3206 2. 98.
3207 2. 98.
3208 2. 98.
3209 2. 98.
3210 2. 98.
3211 2. 98.
3212 2. 98.
3213 2. 98.
3214 2. 98.
3215 2. 98.
3216 2. 98.
3217 2. 98.
3218 2. 98.
3219 2. 98.
3220 2. 98.
3221 2. 98.
3222 2. 98.
3223 2. 98.
3224 2. 98.
3225 2. 98.
3226 2. 98.
3227 2. 98.
3228 2. 98.
3229 1. 99.
3230 1. 99.
3231 1. 99.
3232 1. 99.
3233 1. 99.
3234 1. 99.
3235 1. 99.
3236 1. 99.
3237 1. 99.
3238 1. 99.
3239 1. 99.
3240 1. 99.
3241 1. 99.
3242 1. 99.
3243 1. 99.
3244 1. 99.
3245 1. 99.
3246 1. 99.
3247 1. 99.
3248 1. 99.
3249 1. 99.
3250 1. 99.
3251 1. 99.
3252 1. 99.
3253 1. 99.
3254 1. 99.
3255 1. 99.
3256 1. 99.
3257 1. 99.
3258 1. 99.
3259 1. 99.
3260 1. 99.
3261 1. 99.
3262 1. 99.
3263 1. 99.
3264 1. 99.
3265 1. 99.
3266 1. 99.
3267 1. 99.
3268 1. 99.
3269 1. 99.
3270 1. 99.
3271 1. 99.
3272 1. 99.
3273 1. 99.
3274 1. 99.
3275 1. 99.
3276 1. 99.
3277 1. 99.
3278 1. 99.
3279 1. 99.
3280 1. 99.
3281 1. 99.
3282 1. 99.
3283 1. 99.
3284 1. 99.
3285 1. 99.
3286 1. 99.
3287 1. 99.
3288 1. 99.
3289 1. 99.
3290 1. 99.
3291 1. 99.
3292 1. 99.
3293 1. 99.
3294 1. 99.
3295 1. 99.
3296 1. 99.
3297 1. 99.
3298 1. 99.
3299 1. 99.
3300 1. 99.
3301 1. 99.
3302 1. 99.
3303 1. 99.
3304 1. 99.
3305 1. 99.
3306 1. 99.
3307 1. 99.
3308 1. 99.
3309 1. 99.
3310 1. 99.
3311 1. 99.
3312 1. 99.
3313 1. 99.
3314 1. 99.
3315 1. 99.
3316 1. 99.
3317 1. 99.
3318 1. 99.
3319 1. 99.
3320 1. 99.
3321 1. 99.
3322 1. 99.
3323 1. 99.
3324 1. 99.
3325 1. 99.
3326 1. 99.
3327 1. 99.
3328 1. 99.
3329 1. 99.
3330 1. 99.
3331 1. 99.
3332 1. 99.
3333 1. 99.
3334 1. 99.
3335 1. 99.
3336 1. 99.
3337 1. 99.
3338 1. 99.
3339 1. 99.
3340 1. 99.
3341 1. 99.
3342 1. 99.
3343 1. 99.
3344 1. 99.
3345 1. 99.
3346 1. 99.
3347 1. 99.
3348 1. 99.
3349 1. 99.
3350 1. 99.
3351 1. 99.
3352 1. 99.
3353 1. 99.
3354 1. 99.
3355 1. 99.
3356 1. 99.
3357 1. 99.
3358 1. 99.
3359 1. 99.
3360 1. 99.
3361 1. 99.
3362 1. 99.
3363 1. 99.
3364 1. 99.
3365 1. 99.
3366 1. 99.
3367 1. 99.
3368 1. 99.
3369 1. 99.
3370 1. 99.
3371 1. 99.
3372 1. 99.
3373 1. 99.
3374 1. 99.
3375 1. 99.
3376 1. 99.
3377 1. 99.
3378 1. 99.
3379 1. 99.
3380 1. 99.
3381 1. 99.
3382 1. 99.
3383 1. 99.
3384 1. 99.
3385 1. 99.
3386 1. 99.
3387 1. 99.
3388 1. 99.
3389 1. 99.
3390 1. 99.
3391 1. 99.
3392 1. 99.
3393 1. 99.
3394 1. 99.
3395 1. 99.
3396 1. 99.
3397 1. 99.
3398 1. 99.
3399 1. 99.
3400 1. 99.
3401 1. 99.
3402 1. 99.
3403 1. 99.
3404 1. 99.
3405 1. 99.
3406 1. 99.
3407 1. 99.
3408 1. 99.
3409 1. 99.
3410 1. 99.
3411 1. 99.
3412 1. 99.
3413 1. 99.
3414 1. 99.
3415 1. 99.
3416 1. 99.
3417 1. 99.
3418 1. 99.
3419 1. 99.
3420 1. 99.
3421 1. 99.
3422 1. 99.
