0 23. 77.
1 23. 77.
2 24. 76.
3 24. 76.
4 25. 75.
5 25. 75.
6 26. 74.
7 26. 74.
8 26. 74.
9 26. 74.
10 27. 73.
11 28. 72.
12 28. 72.
13 28. 72.
14 29. 71.
15 29. 71.
16 28. 72.
17 28. 72.
18 28. 72.
19 28. 72.
20 28. 72.
21 29. 71.
22 29. 71.
23 28. 72.
24 28. 72.
25 28. 72.
26 28. 72.
27 28. 72.
28 28. 72.
29 28. 72.
30 28. 72.
31 28. 72.
32 28. 72.
33 29. 71.
34 29. 71.
35 28. 72.
36 28. 72.
37 28. 72.
38 29. 71.
39 29. 71.
40 29. 71.
41 29. 71.
42 30. 70.
43 30. 70.
44 30. 70.
45 31. 69.
46 31. 69.
47 31. 69.
48 31. 69.
49 31. 69.
50 31. 69.
51 31. 69.
52 31. 69.
53 31. 69.
54 31. 69.
55 30. 70.
56 31. 69.
57 31. 69.
58 31. 69.
59 30. 70.
60 30. 70.
61 30. 70.
62 30. 70.
63 29. 71.
64 29. 71.
65 29. 71.
66 30. 70.
67 30. 70.
68 30. 70.
69 31. 69.
70 31. 69.
71 31. 69.
72 31. 69.
73 31. 69.
74 31. 69.
75 31. 69.
76 31. 69.
77 31. 69.
78 30. 70.
79 30. 70.
80 30. 70.
81 30. 70.
82 30. 70.
83 30. 70.
84 30. 70.
85 30. 70.
86 29. 71.
87 29. 71.
88 29. 71.
89 29. 71.
90 29. 71.
91 29. 71.
92 29. 71.
93 29. 71.
94 29. 71.
95 28. 72.
96 29. 71.
97 30. 70.
98 30. 70.
99 30. 70.
100 30. 70.
101 30. 70.
102 30. 70.
103 30. 70.
104 30. 70.
105 30. 70.
106 30. 70.
107 29. 71.
108 29. 71.
109 30. 70.
110 29. 71.
111 29. 71.
112 29. 71.
113 30. 70.
114 30. 70.
115 29. 71.
116 29. 71.
117 29. 71.
118 29. 71.
119 29. 71.
120 29. 71.
121 29. 71.
122 29. 71.
123 30. 70.
124 30. 70.
125 29. 71.
126 29. 71.
127 29. 71.
128 29. 71.
129 29. 71.
130 29. 71.
131 30. 70.
132 30. 70.
133 30. 70.
134 30. 70.
135 31. 69.
136 31. 69.
137 32. 68.
138 32. 68.
139 32. 68.
140 33. 67.
141 33. 67.
142 32. 68.
143 32. 68.
144 32. 68.
145 32. 68.
146 32. 68.
147 32. 68.
148 32. 68.
149 32. 68.
150 33. 67.
151 34. 66.
152 33. 67.
153 34. 66.
154 34. 66.
155 34. 66.
156 34. 66.
157 35. 65.
158 35. 65.
159 34. 66.
160 34. 66.
161 34. 66.
162 34. 66.
163 34. 66.
164 34. 66.
165 34. 66.
166 33. 67.
167 33. 67.
168 33. 67.
169 34. 66.
170 34. 66.
171 34. 66.
172 35. 65.
173 35. 65.
174 35. 65.
175 35. 65.
176 35. 65.
177 35. 65.
178 35. 65.
179 35. 65.
180 35. 65.
181 34. 66.
182 34. 66.
183 34. 66.
184 34. 66.
185 34. 66.
186 34. 66.
187 34. 66.
188 34. 66.
189 35. 65.
190 35. 65.
191 35. 65.
192 35. 65.
193 34. 66.
194 35. 65.
195 35. 65.
196 35. 65.
197 36. 64.
198 36. 64.
199 35. 65.
200 34. 66.
201 34. 66.
202 34. 66.
203 33. 67.
204 33. 67.
205 33. 67.
206 33. 67.
207 34. 66.
208 35. 65.
209 35. 65.
210 36. 64.
211 36. 64.
212 35. 65.
213 35. 65.
214 35. 65.
215 35. 65.
216 35. 65.
217 35. 65.
218 35. 65.
219 35. 65.
220 35. 65.
221 35. 65.
222 35. 65.
223 35. 65.
224 35. 65.
225 35. 65.
226 35. 65.
227 35. 65.
228 34. 66.
229 34. 66.
230 34. 66.
231 34. 66.
232 34. 66.
233 34. 66.
234 34. 66.
235 34. 66.
236 34. 66.
237 34. 66.
238 34. 66.
239 34. 66.
240 33. 67.
241 33. 67.
242 33. 67.
243 33. 67.
244 33. 67.
245 33. 67.
246 33. 67.
247 32. 68.
248 32. 68.
249 32. 68.
250 32. 68.
251 32. 68.
252 31. 69.
253 30. 70.
254 29. 71.
255 29. 71.
256 28. 72.
257 28. 72.
258 28. 72.
259 28. 72.
260 28. 72.
261 27. 73.
262 27. 73.
263 27. 73.
264 26. 74.
265 25. 75.
266 25. 75.
267 25. 75.
268 25. 75.
269 25. 75.
270 26. 74.
271 26. 74.
272 27. 73.
273 26. 74.
274 26. 74.
275 27. 73.
276 27. 73.
277 27. 73.
278 27. 73.
279 27. 73.
280 27. 73.
281 27. 73.
282 28. 72.
283 27. 73.
284 27. 73.
285 26. 74.
286 26. 74.
287 26. 74.
288 25. 75.
289 25. 75.
290 26. 74.
291 26. 74.
292 26. 74.
293 27. 73.
294 27. 73.
295 26. 74.
296 26. 74.
297 26. 74.
298 26. 74.
299 25. 75.
300 25. 75.
301 25. 75.
302 25. 75.
303 25. 75.
304 25. 75.
305 25. 75.
306 25. 75.
307 25. 75.
308 25. 75.
309 24. 76.
310 24. 76.
311 23. 77.
312 23. 77.
313 23. 77.
314 22. 78.
315 22. 78.
316 22. 78.
317 22. 78.
318 22. 78.
319 22. 78.
320 22. 78.
321 22. 78.
322 22. 78.
323 23. 77.
324 24. 76.
325 24. 76.
326 25. 75.
327 24. 76.
328 24. 76.
329 23. 77.
330 23. 77.
331 22. 78.
332 22. 78.
333 23. 77.
334 24. 76.
335 23. 77.
336 23. 77.
337 23. 77.
338 23. 77.
339 23. 77.
340 23. 77.
341 23. 77.
342 23. 77.
343 23. 77.
344 23. 77.
345 23. 77.
346 23. 77.
347 22. 78.
348 21. 79.
349 21. 79.
350 21. 79.
351 21. 79.
352 21. 79.
353 21. 79.
354 21. 79.
355 21. 79.
356 21. 79.
357 21. 79.
358 21. 79.
359 21. 79.
360 21. 79.
361 21. 79.
362 22. 78.
363 22. 78.
364 22. 78.
365 22. 78.
366 22. 78.
367 22. 78.
368 22. 78.
369 23. 77.
370 23. 77.
371 23. 77.
372 23. 77.
373 23. 77.
374 24. 76.
375 24. 76.
376 24. 76.
377 25. 75.
378 25. 75.
379 25. 75.
380 25. 75.
381 26. 74.
382 26. 74.
383 26. 74.
384 26. 74.
385 26. 74.
386 26. 74.
387 26. 74.
388 26. 74.
389 26. 74.
390 26. 74.
391 25. 75.
392 26. 74.
393 26. 74.
394 26. 74.
395 26. 74.
396 26. 74.
397 26. 74.
398 26. 74.
399 25. 75.
400 25. 75.
401 25. 75.
402 25. 75.
403 25. 75.
404 24. 76.
405 25. 75.
406 25. 75.
407 26. 74.
408 25. 75.
409 25. 75.
410 25. 75.
411 25. 75.
412 25. 75.
413 25. 75.
414 25. 75.
415 25. 75.
416 24. 76.
417 24. 76.
418 24. 76.
419 24. 76.
420 24. 76.
421 24. 76.
422 24. 76.
423 23. 77.
424 23. 77.
425 23. 77.
426 23. 77.
427 23. 77.
428 23. 77.
429 23. 77.
430 23. 77.
431 24. 76.
432 24. 76.
433 25. 75.
434 25. 75.
435 25. 75.
436 24. 76.
437 24. 76.
438 24. 76.
439 23. 77.
440 23. 77.
441 23. 77.
442 23. 77.
443 23. 77.
444 22. 78.
445 22. 78.
446 22. 78.
447 22. 78.
448 22. 78.
449 22. 78.
450 22. 78.
451 22. 78.
452 22. 78.
453 22. 78.
454 22. 78.
455 22. 78.
456 22. 78.
457 23. 77.
458 23. 77.
459 23. 77.
460 23. 77.
461 23. 77.
462 23. 77.
463 23. 77.
464 23. 77.
465 23. 77.
466 22. 78.
467 22. 78.
468 22. 78.
469 22. 78.
470 22. 78.
471 22. 78.
472 22. 78.
473 22. 78.
474 22. 78.
475 22. 78.
476 22. 78.
477 21. 79.
478 21. 79.
479 21. 79.
480 20. 80.
481 20. 80.
482 19. 81.
483 19. 81.
484 20. 80.
485 20. 80.
486 20. 80.
487 20. 80.
488 20. 80.
489 20. 80.
490 20. 80.
491 21. 79.
492 21. 79.
493 21. 79.
494 21. 79.
495 21. 79.
496 22. 78.
497 22. 78.
498 22. 78.
499 22. 78.
500 22. 78.
501 23. 77.
502 23. 77.
503 22. 78.
504 22. 78.
505 21. 79.
506 21. 79.
507 21. 79.
508 21. 79.
509 21. 79.
510 21. 79.
511 21. 79.
512 21. 79.
513 21. 79.
514 21. 79.
515 20. 80.
516 20. 80.
517 20. 80.
518 20. 80.
519 20. 80.
520 20. 80.
521 20. 80.
522 20. 80.
523 20. 80.
524 20. 80.
525 20. 80.
526 20. 80.
527 20. 80.
528 21. 79.
529 21. 79.
530 21. 79.
531 21. 79.
532 21. 79.
533 21. 79.
534 21. 79.
535 21. 79.
536 20. 80.
537 20. 80.
538 20. 80.
539 20. 80.
540 20. 80.
541 20. 80.
542 20. 80.
543 20. 80.
544 20. 80.
545 20. 80.
546 20. 80.
547 20. 80.
548 20. 80.
549 20. 80.
550 20. 80.
551 20. 80.
552 20. 80.
553 20. 80.
554 20. 80.
555 20. 80.
556 20. 80.
557 19. 81.
558 18. 82.
559 18. 82.
560 18. 82.
561 18. 82.
562 18. 82.
563 18. 82.
564 18. 82.
565 18. 82.
566 18. 82.
567 18. 82.
568 18. 82.
569 18. 82.
570 18. 82.
571 18. 82.
572 17. 83.
573 18. 82.
574 18. 82.
575 18. 82.
576 18. 82.
577 18. 82.
578 18. 82.
579 18. 82.
580 19. 81.
581 19. 81.
582 20. 80.
583 20. 80.
584 20. 80.
585 20. 80.
586 19. 81.
587 19. 81.
588 19. 81.
589 20. 80.
590 20. 80.
591 19. 81.
592 19. 81.
593 19. 81.
594 19. 81.
595 19. 81.
596 19. 81.
597 18. 82.
598 19. 81.
599 19. 81.
600 19. 81.
601 19. 81.
602 19. 81.
603 19. 81.
604 19. 81.
605 19. 81.
606 19. 81.
607 19. 81.
608 18. 82.
609 17. 83.
610 17. 83.
611 17. 83.
612 17. 83.
613 18. 82.
614 18. 82.
615 18. 82.
616 18. 82.
617 18. 82.
618 18. 82.
619 18. 82.
620 18. 82.
621 17. 83.
622 17. 83.
623 17. 83.
624 17. 83.
625 16. 84.
626 16. 84.
627 16. 84.
628 16. 84.
629 16. 84.
630 16. 84.
631 16. 84.
632 15. 85.
633 15. 85.
634 15. 85.
635 15. 85.
636 15. 85.
637 15. 85.
638 15. 85.
639 15. 85.
640 15. 85.
641 15. 85.
642 15. 85.
643 15. 85.
644 16. 84.
645 16. 84.
646 16. 84.
647 16. 84.
648 16. 84.
649 16. 84.
650 16. 84.
651 16. 84.
652 16. 84.
653 16. 84.
654 17. 83.
655 17. 83.
656 17. 83.
657 17. 83.
658 17. 83.
659 16. 84.
660 16. 84.
661 16. 84.
662 16. 84.
663 16. 84.
664 17. 83.
665 18. 82.
666 17. 83.
667 18. 82.
668 18. 82.
669 18. 82.
670 17. 83.
671 17. 83.
672 17. 83.
673 17. 83.
674 17. 83.
675 17. 83.
676 17. 83.
677 17. 83.
678 17. 83.
679 17. 83.
680 17. 83.
681 17. 83.
682 17. 83.
683 16. 84.
684 16. 84.
685 15. 85.
686 16. 84.
687 16. 84.
688 16. 84.
689 16. 84.
690 16. 84.
691 16. 84.
692 16. 84.
693 16. 84.
694 16. 84.
695 16. 84.
696 16. 84.
697 16. 84.
698 16. 84.
699 16. 84.
700 16. 84.
701 16. 84.
702 16. 84.
703 16. 84.
704 16. 84.
705 16. 84.
706 16. 84.
707 16. 84.
708 16. 84.
709 16. 84.
710 16. 84.
711 16. 84.
712 16. 84.
713 16. 84.
714 16. 84.
715 16. 84.
716 16. 84.
717 16. 84.
718 16. 84.
719 16. 84.
720 16. 84.
721 16. 84.
722 16. 84.
723 16. 84.
724 16. 84.
725 16. 84.
726 16. 84.
727 16. 84.
728 16. 84.
729 16. 84.
730 17. 83.
731 17. 83.
732 17. 83.
733 18. 82.
734 18. 82.
735 18. 82.
736 18. 82.
737 18. 82.
738 18. 82.
739 18. 82.
740 19. 81.
741 19. 81.
742 19. 81.
743 19. 81.
744 19. 81.
745 19. 81.
746 19. 81.
747 19. 81.
748 19. 81.
749 19. 81.
750 19. 81.
751 20. 80.
752 20. 80.
753 20. 80.
754 20. 80.
755 20. 80.
756 20. 80.
757 20. 80.
758 20. 80.
759 20. 80.
760 20. 80.
761 20. 80.
762 20. 80.
763 20. 80.
764 20. 80.
765 20. 80.
766 21. 79.
767 21. 79.
768 22. 78.
769 22. 78.
770 21. 79.
771 21. 79.
772 21. 79.
773 21. 79.
774 20. 80.
775 20. 80.
776 19. 81.
777 20. 80.
778 20. 80.
779 20. 80.
780 20. 80.
781 20. 80.
782 20. 80.
783 20. 80.
784 20. 80.
785 20. 80.
786 20. 80.
787 20. 80.
788 20. 80.
789 20. 80.
790 20. 80.
791 19. 81.
792 19. 81.
793 19. 81.
794 19. 81.
795 19. 81.
796 19. 81.
797 19. 81.
798 19. 81.
799 20. 80.
800 20. 80.
801 19. 81.
802 18. 82.
803 18. 82.
804 18. 82.
805 18. 82.
806 18. 82.
807 18. 82.
808 18. 82.
809 18. 82.
810 18. 82.
811 18. 82.
812 18. 82.
813 17. 83.
814 17. 83.
815 17. 83.
816 17. 83.
817 17. 83.
818 17. 83.
819 17. 83.
820 16. 84.
821 16. 84.
822 16. 84.
823 16. 84.
824 16. 84.
825 17. 83.
826 17. 83.
827 17. 83.
828 17. 83.
829 17. 83.
830 17. 83.
831 17. 83.
832 17. 83.
833 17. 83.
834 17. 83.
835 16. 84.
836 16. 84.
837 17. 83.
838 17. 83.
839 17. 83.
840 17. 83.
841 17. 83.
842 17. 83.
843 17. 83.
844 17. 83.
845 17. 83.
846 17. 83.
847 16. 84.
848 17. 83.
849 17. 83.
850 18. 82.
851 18. 82.
852 19. 81.
853 19. 81.
854 19. 81.
855 19. 81.
856 19. 81.
857 19. 81.
858 19. 81.
859 19. 81.
860 19. 81.
861 19. 81.
862 19. 81.
863 18. 82.
864 18. 82.
865 18. 82.
866 18. 82.
867 18. 82.
868 17. 83.
869 17. 83.
870 18. 82.
871 18. 82.
872 18. 82.
873 18. 82.
874 18. 82.
875 18. 82.
876 18. 82.
877 18. 82.
878 18. 82.
879 18. 82.
880 18. 82.
881 18. 82.
882 17. 83.
883 17. 83.
884 16. 84.
885 16. 84.
886 15. 85.
887 15. 85.
888 15. 85.
889 15. 85.
890 15. 85.
891 15. 85.
892 15. 85.
893 15. 85.
894 15. 85.
895 15. 85.
896 15. 85.
897 15. 85.
898 15. 85.
899 15. 85.
900 15. 85.
901 15. 85.
902 15. 85.
903 15. 85.
904 15. 85.
905 15. 85.
906 15. 85.
907 15. 85.
908 16. 84.
909 16. 84.
910 16. 84.
911 16. 84.
912 15. 85.
913 15. 85.
914 15. 85.
915 15. 85.
916 15. 85.
917 15. 85.
918 15. 85.
919 16. 84.
920 16. 84.
921 16. 84.
922 16. 84.
923 16. 84.
924 16. 84.
925 16. 84.
926 15. 85.
927 15. 85.
928 15. 85.
929 15. 85.
930 15. 85.
931 15. 85.
932 15. 85.
933 16. 84.
934 16. 84.
935 15. 85.
936 15. 85.
937 15. 85.
938 15. 85.
939 15. 85.
940 14. 86.
941 15. 85.
942 15. 85.
943 15. 85.
944 15. 85.
945 15. 85.
946 14. 86.
947 14. 86.
948 14. 86.
949 14. 86.
950 14. 86.
951 14. 86.
952 14. 86.
953 14. 86.
954 14. 86.
955 14. 86.
956 14. 86.
957 14. 86.
958 14. 86.
959 14. 86.
960 14. 86.
961 14. 86.
962 15. 85.
963 15. 85.
964 15. 85.
965 15. 85.
966 14. 86.
967 14. 86.
968 14. 86.
969 14. 86.
970 15. 85.
971 15. 85.
972 15. 85.
973 15. 85.
974 16. 84.
975 16. 84.
976 16. 84.
977 16. 84.
978 16. 84.
979 16. 84.
980 16. 84.
981 16. 84.
982 16. 84.
983 16. 84.
984 16. 84.
985 16. 84.
986 16. 84.
987 16. 84.
988 16. 84.
989 16. 84.
990 16. 84.
991 15. 85.
992 15. 85.
993 15. 85.
994 15. 85.
995 15. 85.
996 16. 84.
997 16. 84.
998 16. 84.
999 16. 84.
1000 16. 84.
1001 16. 84.
1002 16. 84.
1003 16. 84.
1004 16. 84.
1005 16. 84.
1006 16. 84.
1007 16. 84.
1008 16. 84.
1009 16. 84.
1010 16. 84.
1011 16. 84.
1012 16. 84.
1013 16. 84.
1014 16. 84.
1015 16. 84.
1016 16. 84.
1017 16. 84.
1018 16. 84.
1019 15. 85.
1020 15. 85.
1021 16. 84.
1022 16. 84.
1023 16. 84.
1024 15. 85.
1025 15. 85.
1026 15. 85.
1027 15. 85.
1028 15. 85.
1029 15. 85.
1030 15. 85.
1031 15. 85.
1032 14. 86.
1033 15. 85.
1034 14. 86.
1035 14. 86.
1036 14. 86.
1037 14. 86.
1038 14. 86.
1039 14. 86.
1040 14. 86.
1041 13. 87.
1042 13. 87.
1043 13. 87.
1044 13. 87.
1045 13. 87.
1046 13. 87.
1047 13. 87.
1048 13. 87.
1049 13. 87.
1050 12. 88.
1051 12. 88.
1052 13. 87.
1053 13. 87.
1054 13. 87.
1055 13. 87.
1056 12. 88.
1057 12. 88.
1058 12. 88.
1059 12. 88.
1060 11. 89.
1061 11. 89.
1062 11. 89.
1063 11. 89.
1064 11. 89.
1065 11. 89.
1066 12. 88.
1067 12. 88.
1068 12. 88.
1069 12. 88.
1070 12. 88.
1071 12. 88.
1072 12. 88.
1073 12. 88.
1074 12. 88.
1075 12. 88.
1076 12. 88.
1077 11. 89.
1078 12. 88.
1079 13. 87.
1080 14. 86.
1081 14. 86.
1082 14. 86.
1083 14. 86.
1084 14. 86.
1085 14. 86.
1086 14. 86.
1087 15. 85.
1088 15. 85.
1089 16. 84.
1090 16. 84.
1091 16. 84.
1092 16. 84.
1093 16. 84.
1094 16. 84.
1095 17. 83.
1096 17. 83.
1097 17. 83.
1098 17. 83.
1099 17. 83.
1100 17. 83.
1101 17. 83.
1102 16. 84.
1103 17. 83.
1104 18. 82.
1105 18. 82.
1106 18. 82.
1107 18. 82.
1108 19. 81.
1109 19. 81.
1110 19. 81.
1111 19. 81.
1112 20. 80.
1113 20. 80.
1114 19. 81.
1115 18. 82.
1116 18. 82.
1117 18. 82.
1118 18. 82.
1119 18. 82.
1120 18. 82.
1121 18. 82.
1122 18. 82.
1123 18. 82.
1124 18. 82.
1125 18. 82.
1126 18. 82.
1127 18. 82.
1128 18. 82.
1129 18. 82.
1130 18. 82.
1131 18. 82.
1132 18. 82.
1133 18. 82.
1134 18. 82.
1135 18. 82.
1136 18. 82.
1137 18. 82.
1138 18. 82.
1139 18. 82.
1140 18. 82.
1141 18. 82.
1142 18. 82.
1143 18. 82.
1144 18. 82.
1145 18. 82.
1146 18. 82.
1147 18. 82.
1148 18. 82.
1149 18. 82.
1150 18. 82.
1151 19. 81.
1152 19. 81.
1153 19. 81.
1154 19. 81.
1155 19. 81.
1156 20. 80.
1157 20. 80.
1158 21. 79.
1159 21. 79.
1160 21. 79.
1161 21. 79.
1162 21. 79.
1163 21. 79.
1164 21. 79.
1165 21. 79.
1166 21. 79.
1167 21. 79.
1168 20. 80.
1169 20. 80.
1170 20. 80.
1171 20. 80.
1172 20. 80.
1173 20. 80.
1174 20. 80.
1175 21. 79.
1176 21. 79.
1177 21. 79.
1178 20. 80.
1179 20. 80.
1180 20. 80.
1181 20. 80.
1182 20. 80.
1183 20. 80.
1184 20. 80.
1185 20. 80.
1186 20. 80.
1187 21. 79.
1188 22. 78.
1189 22. 78.
1190 22. 78.
1191 22. 78.
1192 22. 78.
1193 22. 78.
1194 22. 78.
1195 22. 78.
1196 22. 78.
1197 22. 78.
1198 22. 78.
1199 22. 78.
1200 23. 77.
1201 23. 77.
1202 23. 77.
1203 23. 77.
1204 23. 77.
1205 23. 77.
1206 23. 77.
1207 23. 77.
1208 23. 77.
1209 22. 78.
1210 22. 78.
1211 22. 78.
1212 22. 78.
1213 22. 78.
1214 22. 78.
1215 22. 78.
1216 22. 78.
1217 22. 78.
1218 22. 78.
1219 22. 78.
1220 22. 78.
1221 22. 78.
1222 22. 78.
1223 22. 78.
1224 22. 78.
1225 23. 77.
1226 23. 77.
1227 23. 77.
1228 24. 76.
1229 24. 76.
1230 24. 76.
1231 24. 76.
1232 24. 76.
1233 23. 77.
1234 23. 77.
1235 23. 77.
1236 23. 77.
1237 23. 77.
1238 23. 77.
1239 23. 77.
1240 23. 77.
1241 23. 77.
1242 23. 77.
1243 23. 77.
1244 23. 77.
1245 23. 77.
1246 23. 77.
1247 23. 77.
1248 22. 78.
1249 22. 78.
1250 22. 78.
1251 22. 78.
1252 22. 78.
1253 22. 78.
1254 23. 77.
1255 23. 77.
1256 22. 78.
1257 22. 78.
1258 22. 78.
1259 22. 78.
1260 22. 78.
1261 21. 79.
1262 21. 79.
1263 21. 79.
1264 21. 79.
1265 21. 79.
1266 20. 80.
1267 20. 80.
1268 19. 81.
1269 19. 81.
1270 19. 81.
1271 19. 81.
1272 19. 81.
1273 19. 81.
1274 19. 81.
1275 19. 81.
1276 19. 81.
1277 19. 81.
1278 19. 81.
1279 20. 80.
1280 20. 80.
1281 20. 80.
1282 20. 80.
1283 20. 80.
1284 20. 80.
1285 21. 79.
1286 22. 78.
1287 22. 78.
1288 22. 78.
1289 22. 78.
1290 23. 77.
1291 23. 77.
1292 23. 77.
1293 23. 77.
1294 23. 77.
1295 23. 77.
1296 23. 77.
1297 23. 77.
1298 23. 77.
1299 23. 77.
1300 22. 78.
1301 22. 78.
1302 22. 78.
1303 22. 78.
1304 22. 78.
1305 22. 78.
1306 22. 78.
1307 22. 78.
1308 22. 78.
1309 22. 78.
1310 22. 78.
1311 22. 78.
1312 22. 78.
1313 22. 78.
1314 22. 78.
1315 21. 79.
1316 21. 79.
1317 21. 79.
1318 21. 79.
1319 21. 79.
1320 21. 79.
1321 21. 79.
1322 21. 79.
1323 21. 79.
1324 21. 79.
1325 21. 79.
1326 20. 80.
1327 20. 80.
1328 20. 80.
1329 20. 80.
1330 20. 80.
1331 20. 80.
1332 20. 80.
1333 20. 80.
1334 19. 81.
1335 19. 81.
1336 19. 81.
1337 19. 81.
1338 18. 82.
1339 18. 82.
1340 18. 82.
1341 18. 82.
1342 18. 82.
1343 19. 81.
1344 19. 81.
1345 19. 81.
1346 19. 81.
1347 19. 81.
1348 19. 81.
1349 19. 81.
1350 19. 81.
1351 19. 81.
1352 19. 81.
1353 19. 81.
1354 19. 81.
1355 19. 81.
1356 19. 81.
1357 19. 81.
1358 19. 81.
1359 19. 81.
1360 19. 81.
1361 19. 81.
1362 19. 81.
1363 19. 81.
1364 18. 82.
1365 18. 82.
1366 18. 82.
1367 17. 83.
1368 18. 82.
1369 18. 82.
1370 18. 82.
1371 18. 82.
1372 18. 82.
1373 17. 83.
1374 17. 83.
1375 17. 83.
1376 18. 82.
1377 18. 82.
1378 18. 82.
1379 18. 82.
1380 17. 83.
1381 17. 83.
1382 17. 83.
1383 16. 84.
1384 16. 84.
1385 16. 84.
1386 16. 84.
1387 16. 84.
1388 16. 84.
1389 15. 85.
1390 15. 85.
1391 15. 85.
1392 15. 85.
1393 14. 86.
1394 14. 86.
1395 14. 86.
1396 14. 86.
1397 13. 87.
1398 13. 87.
1399 13. 87.
1400 12. 88.
1401 12. 88.
1402 11. 89.
1403 11. 89.
1404 11. 89.
1405 11. 89.
1406 11. 89.
1407 12. 88.
1408 12. 88.
1409 13. 87.
1410 13. 87.
1411 13. 87.
1412 13. 87.
1413 13. 87.
1414 13. 87.
1415 13. 87.
1416 13. 87.
1417 13. 87.
1418 13. 87.
1419 13. 87.
1420 13. 87.
1421 13. 87.
1422 12. 88.
1423 12. 88.
1424 12. 88.
1425 12. 88.
1426 12. 88.
1427 12. 88.
1428 11. 89.
1429 11. 89.
1430 11. 89.
1431 11. 89.
1432 11. 89.
1433 11. 89.
1434 11. 89.
1435 11. 89.
1436 11. 89.
1437 11. 89.
1438 11. 89.
1439 11. 89.
1440 11. 89.
1441 11. 89.
1442 11. 89.
1443 11. 89.
1444 11. 89.
1445 11. 89.
1446 11. 89.
1447 11. 89.
1448 11. 89.
1449 11. 89.
1450 11. 89.
1451 11. 89.
1452 11. 89.
1453 11. 89.
1454 11. 89.
1455 11. 89.
1456 11. 89.
1457 11. 89.
1458 11. 89.
1459 11. 89.
1460 11. 89.
1461 11. 89.
1462 11. 89.
1463 11. 89.
1464 11. 89.
1465 11. 89.
1466 11. 89.
1467 11. 89.
1468 11. 89.
1469 11. 89.
1470 11. 89.
1471 11. 89.
1472 11. 89.
1473 11. 89.
1474 11. 89.
1475 11. 89.
1476 11. 89.
1477 11. 89.
1478 11. 89.
1479 11. 89.
1480 11. 89.
1481 12. 88.
1482 13. 87.
1483 13. 87.
1484 13. 87.
1485 13. 87.
1486 14. 86.
1487 14. 86.
1488 14. 86.
1489 14. 86.
1490 14. 86.
1491 14. 86.
1492 14. 86.
1493 14. 86.
1494 14. 86.
1495 14. 86.
1496 14. 86.
1497 14. 86.
1498 14. 86.
1499 14. 86.
1500 14. 86.
1501 14. 86.
1502 14. 86.
1503 14. 86.
1504 14. 86.
1505 14. 86.
1506 13. 87.
1507 13. 87.
1508 13. 87.
1509 12. 88.
1510 12. 88.
1511 12. 88.
1512 12. 88.
1513 12. 88.
1514 12. 88.
1515 12. 88.
1516 12. 88.
1517 12. 88.
1518 12. 88.
1519 12. 88.
1520 13. 87.
1521 13. 87.
1522 13. 87.
1523 13. 87.
1524 13. 87.
1525 14. 86.
1526 14. 86.
1527 14. 86.
1528 14. 86.
1529 14. 86.
1530 14. 86.
1531 14. 86.
1532 14. 86.
1533 13. 87.
1534 13. 87.
1535 13. 87.
1536 13. 87.
1537 13. 87.
1538 13. 87.
1539 14. 86.
1540 14. 86.
1541 14. 86.
1542 14. 86.
1543 14. 86.
1544 14. 86.
1545 14. 86.
1546 13. 87.
1547 13. 87.
1548 13. 87.
1549 13. 87.
1550 13. 87.
1551 13. 87.
1552 13. 87.
1553 13. 87.
1554 13. 87.
1555 13. 87.
1556 12. 88.
1557 12. 88.
1558 12. 88.
1559 12. 88.
1560 12. 88.
1561 12. 88.
1562 12. 88.
1563 12. 88.
1564 13. 87.
1565 13. 87.
1566 13. 87.
1567 13. 87.
1568 13. 87.
1569 13. 87.
1570 13. 87.
1571 13. 87.
1572 14. 86.
1573 14. 86.
1574 15. 85.
1575 15. 85.
1576 15. 85.
1577 15. 85.
1578 15. 85.
1579 15. 85.
1580 15. 85.
1581 15. 85.
1582 14. 86.
1583 15. 85.
1584 15. 85.
1585 15. 85.
1586 15. 85.
1587 16. 84.
1588 16. 84.
1589 16. 84.
1590 15. 85.
1591 15. 85.
1592 15. 85.
1593 15. 85.
1594 15. 85.
1595 15. 85.
1596 15. 85.
1597 16. 84.
1598 16. 84.
1599 16. 84.
1600 16. 84.
1601 16. 84.
1602 16. 84.
1603 16. 84.
1604 16. 84.
1605 16. 84.
1606 16. 84.
1607 16. 84.
1608 16. 84.
1609 16. 84.
1610 16. 84.
1611 16. 84.
1612 16. 84.
1613 16. 84.
1614 16. 84.
1615 16. 84.
1616 16. 84.
1617 16. 84.
1618 16. 84.
1619 16. 84.
1620 16. 84.
1621 16. 84.
1622 16. 84.
1623 16. 84.
1624 16. 84.
1625 16. 84.
1626 15. 85.
1627 15. 85.
1628 15. 85.
1629 15. 85.
1630 15. 85.
1631 15. 85.
1632 15. 85.
1633 15. 85.
1634 15. 85.
1635 15. 85.
1636 15. 85.
1637 14. 86.
1638 14. 86.
1639 14. 86.
1640 14. 86.
1641 14. 86.
1642 14. 86.
1643 14. 86.
1644 14. 86.
1645 14. 86.
1646 14. 86.
1647 14. 86.
1648 14. 86.
1649 14. 86.
1650 14. 86.
1651 14. 86.
1652 14. 86.
1653 14. 86.
1654 14. 86.
1655 14. 86.
1656 14. 86.
1657 14. 86.
1658 14. 86.
1659 15. 85.
1660 14. 86.
1661 14. 86.
1662 14. 86.
1663 15. 85.
1664 15. 85.
1665 15. 85.
1666 15. 85.
1667 14. 86.
1668 14. 86.
1669 14. 86.
1670 14. 86.
1671 14. 86.
1672 14. 86.
1673 14. 86.
1674 14. 86.
1675 14. 86.
1676 14. 86.
1677 14. 86.
1678 14. 86.
1679 14. 86.
1680 14. 86.
1681 14. 86.
1682 14. 86.
1683 14. 86.
1684 14. 86.
1685 14. 86.
1686 14. 86.
1687 13. 87.
1688 13. 87.
1689 13. 87.
1690 13. 87.
1691 13. 87.
1692 13. 87.
1693 14. 86.
1694 14. 86.
1695 14. 86.
1696 14. 86.
1697 14. 86.
1698 14. 86.
1699 14. 86.
1700 15. 85.
1701 15. 85.
1702 15. 85.
1703 15. 85.
1704 16. 84.
1705 16. 84.
1706 16. 84.
1707 16. 84.
1708 16. 84.
1709 16. 84.
1710 16. 84.
1711 16. 84.
1712 16. 84.
1713 16. 84.
1714 16. 84.
1715 16. 84.
1716 16. 84.
1717 16. 84.
1718 16. 84.
1719 16. 84.
1720 16. 84.
1721 16. 84.
1722 16. 84.
1723 17. 83.
1724 17. 83.
1725 17. 83.
1726 17. 83.
1727 17. 83.
1728 17. 83.
1729 17. 83.
1730 17. 83.
1731 17. 83.
1732 17. 83.
1733 17. 83.
1734 17. 83.
1735 17. 83.
1736 17. 83.
1737 17. 83.
1738 17. 83.
1739 17. 83.
1740 17. 83.
1741 17. 83.
1742 17. 83.
1743 17. 83.
1744 16. 84.
1745 16. 84.
1746 16. 84.
1747 16. 84.
1748 16. 84.
1749 16. 84.
1750 16. 84.
1751 16. 84.
1752 16. 84.
1753 16. 84.
1754 16. 84.
1755 16. 84.
1756 16. 84.
1757 16. 84.
1758 16. 84.
1759 16. 84.
1760 16. 84.
1761 16. 84.
1762 15. 85.
1763 16. 84.
1764 16. 84.
1765 16. 84.
1766 16. 84.
1767 16. 84.
1768 16. 84.
1769 16. 84.
1770 16. 84.
1771 16. 84.
1772 16. 84.
1773 16. 84.
1774 16. 84.
1775 16. 84.
1776 16. 84.
1777 16. 84.
1778 16. 84.
1779 16. 84.
1780 16. 84.
1781 17. 83.
1782 16. 84.
1783 16. 84.
1784 16. 84.
1785 16. 84.
1786 16. 84.
1787 16. 84.
1788 16. 84.
1789 16. 84.
1790 15. 85.
1791 15. 85.
1792 15. 85.
1793 15. 85.
1794 15. 85.
1795 15. 85.
1796 14. 86.
1797 14. 86.
1798 13. 87.
1799 13. 87.
1800 13. 87.
1801 13. 87.
1802 13. 87.
1803 13. 87.
1804 13. 87.
1805 13. 87.
1806 13. 87.
1807 13. 87.
1808 13. 87.
1809 13. 87.
1810 13. 87.
1811 13. 87.
1812 13. 87.
1813 13. 87.
1814 12. 88.
1815 12. 88.
1816 12. 88.
1817 12. 88.
1818 12. 88.
1819 12. 88.
1820 13. 87.
1821 13. 87.
1822 13. 87.
1823 13. 87.
1824 13. 87.
1825 13. 87.
1826 13. 87.
1827 13. 87.
1828 14. 86.
1829 14. 86.
1830 14. 86.
1831 14. 86.
1832 14. 86.
1833 14. 86.
1834 14. 86.
1835 14. 86.
1836 14. 86.
1837 14. 86.
1838 14. 86.
1839 14. 86.
1840 14. 86.
1841 14. 86.
1842 15. 85.
1843 15. 85.
1844 15. 85.
1845 15. 85.
1846 15. 85.
1847 15. 85.
1848 15. 85.
1849 15. 85.
1850 15. 85.
1851 15. 85.
1852 15. 85.
1853 15. 85.
1854 15. 85.
1855 15. 85.
1856 15. 85.
1857 15. 85.
1858 15. 85.
1859 14. 86.
1860 14. 86.
1861 14. 86.
1862 14. 86.
1863 15. 85.
1864 15. 85.
1865 15. 85.
1866 15. 85.
1867 15. 85.
1868 15. 85.
1869 15. 85.
1870 15. 85.
1871 15. 85.
1872 15. 85.
1873 15. 85.
1874 15. 85.
1875 14. 86.
1876 13. 87.
1877 13. 87.
1878 13. 87.
1879 13. 87.
1880 13. 87.
1881 13. 87.
1882 13. 87.
1883 13. 87.
1884 13. 87.
1885 13. 87.
1886 14. 86.
1887 13. 87.
1888 13. 87.
1889 13. 87.
1890 13. 87.
1891 13. 87.
1892 13. 87.
1893 13. 87.
1894 13. 87.
1895 12. 88.
1896 12. 88.
1897 12. 88.
1898 12. 88.
1899 12. 88.
1900 12. 88.
1901 11. 89.
1902 11. 89.
1903 11. 89.
1904 11. 89.
1905 11. 89.
1906 11. 89.
1907 12. 88.
1908 11. 89.
1909 11. 89.
1910 11. 89.
1911 10. 90.
1912 10. 90.
1913 10. 90.
1914 10. 90.
1915 10. 90.
1916 10. 90.
1917 10. 90.
1918 10. 90.
1919 10. 90.
1920 10. 90.
1921 10. 90.
1922 10. 90.
1923 10. 90.
1924 10. 90.
1925 10. 90.
1926 10. 90.
1927 10. 90.
1928 10. 90.
1929 10. 90.
1930 10. 90.
1931 10. 90.
1932 10. 90.
1933 10. 90.
1934 10. 90.
1935 10. 90.
1936 9. 91.
1937 9. 91.
1938 9. 91.
1939 9. 91.
1940 9. 91.
1941 9. 91.
1942 9. 91.
1943 9. 91.
1944 9. 91.
1945 9. 91.
1946 9. 91.
1947 9. 91.
1948 9. 91.
1949 9. 91.
1950 9. 91.
1951 9. 91.
1952 9. 91.
1953 9. 91.
1954 9. 91.
1955 9. 91.
1956 10. 90.
1957 10. 90.
1958 10. 90.
1959 10. 90.
1960 10. 90.
1961 10. 90.
1962 10. 90.
1963 11. 89.
1964 11. 89.
1965 11. 89.
1966 11. 89.
1967 11. 89.
1968 11. 89.
1969 11. 89.
1970 11. 89.
1971 11. 89.
1972 12. 88.
1973 12. 88.
1974 12. 88.
1975 12. 88.
1976 12. 88.
1977 12. 88.
1978 12. 88.
1979 12. 88.
1980 13. 87.
1981 13. 87.
1982 13. 87.
1983 13. 87.
1984 13. 87.
1985 13. 87.
1986 13. 87.
1987 13. 87.
1988 13. 87.
1989 13. 87.
1990 13. 87.
1991 13. 87.
1992 13. 87.
1993 14. 86.
1994 14. 86.
1995 14. 86.
1996 14. 86.
1997 14. 86.
1998 14. 86.
1999 14. 86.
2000 14. 86.
2001 14. 86.
2002 14. 86.
2003 14. 86.
2004 14. 86.
2005 14. 86.
2006 14. 86.
2007 14. 86.
2008 15. 85.
2009 15. 85.
2010 15. 85.
2011 15. 85.
2012 15. 85.
2013 15. 85.
2014 15. 85.
2015 15. 85.
2016 15. 85.
2017 16. 84.
2018 16. 84.
2019 16. 84.
2020 17. 83.
2021 17. 83.
2022 17. 83.
2023 17. 83.
2024 17. 83.
2025 17. 83.
2026 17. 83.
2027 18. 82.
2028 18. 82.
2029 18. 82.
2030 18. 82.
2031 18. 82.
2032 18. 82.
2033 18. 82.
2034 18. 82.
2035 17. 83.
2036 17. 83.
2037 17. 83.
2038 17. 83.
2039 17. 83.
2040 17. 83.
2041 17. 83.
2042 16. 84.
2043 16. 84.
2044 16. 84.
2045 16. 84.
2046 15. 85.
2047 15. 85.
2048 15. 85.
2049 15. 85.
2050 15. 85.
2051 15. 85.
2052 15. 85.
2053 15. 85.
2054 15. 85.
2055 15. 85.
2056 16. 84.
2057 16. 84.
2058 16. 84.
2059 16. 84.
2060 16. 84.
2061 16. 84.
2062 16. 84.
2063 16. 84.
2064 16. 84.
2065 16. 84.
2066 16. 84.
2067 16. 84.
2068 16. 84.
2069 16. 84.
2070 16. 84.
2071 16. 84.
2072 15. 85.
2073 15. 85.
2074 15. 85.
2075 15. 85.
2076 15. 85.
2077 15. 85.
2078 15. 85.
2079 15. 85.
2080 15. 85.
2081 15. 85.
2082 15. 85.
2083 15. 85.
2084 15. 85.
2085 15. 85.
2086 14. 86.
2087 14. 86.
2088 14. 86.
2089 14. 86.
2090 14. 86.
2091 14. 86.
2092 14. 86.
2093 14. 86.
2094 14. 86.
2095 14. 86.
2096 13. 87.
2097 13. 87.
2098 13. 87.
2099 13. 87.
2100 13. 87.
2101 13. 87.
2102 14. 86.
2103 14. 86.
2104 15. 85.
2105 15. 85.
2106 15. 85.
2107 15. 85.
2108 15. 85.
2109 15. 85.
2110 15. 85.
2111 15. 85.
2112 15. 85.
2113 15. 85.
2114 15. 85.
2115 15. 85.
2116 15. 85.
2117 15. 85.
2118 15. 85.
2119 15. 85.
2120 15. 85.
2121 15. 85.
2122 15. 85.
2123 15. 85.
2124 15. 85.
2125 15. 85.
2126 15. 85.
2127 15. 85.
2128 15. 85.
2129 15. 85.
2130 15. 85.
2131 15. 85.
2132 15. 85.
2133 15. 85.
2134 15. 85.
2135 15. 85.
2136 15. 85.
2137 15. 85.
2138 15. 85.
2139 14. 86.
2140 14. 86.
2141 15. 85.
2142 15. 85.
2143 15. 85.
2144 15. 85.
2145 15. 85.
2146 15. 85.
2147 15. 85.
2148 15. 85.
2149 15. 85.
2150 15. 85.
2151 15. 85.
2152 15. 85.
2153 15. 85.
2154 15. 85.
2155 14. 86.
2156 14. 86.
2157 14. 86.
2158 14. 86.
2159 15. 85.
2160 15. 85.
2161 15. 85.
2162 15. 85.
2163 15. 85.
2164 15. 85.
2165 15. 85.
2166 15. 85.
2167 15. 85.
2168 15. 85.
2169 15. 85.
2170 15. 85.
2171 15. 85.
2172 15. 85.
2173 15. 85.
2174 15. 85.
2175 15. 85.
2176 15. 85.
2177 15. 85.
2178 15. 85.
2179 15. 85.
2180 15. 85.
2181 15. 85.
2182 15. 85.
2183 15. 85.
2184 15. 85.
2185 15. 85.
2186 15. 85.
2187 14. 86.
2188 14. 86.
2189 14. 86.
2190 14. 86.
2191 14. 86.
2192 14. 86.
2193 14. 86.
2194 14. 86.
2195 14. 86.
2196 14. 86.
2197 14. 86.
2198 14. 86.
2199 14. 86.
2200 14. 86.
2201 14. 86.
2202 14. 86.
2203 14. 86.
2204 14. 86.
2205 14. 86.
2206 14. 86.
2207 14. 86.
2208 14. 86.
2209 14. 86.
2210 14. 86.
2211 14. 86.
2212 14. 86.
2213 14. 86.
2214 14. 86.
2215 14. 86.
2216 14. 86.
2217 14. 86.
2218 13. 87.
2219 13. 87.
2220 13. 87.
2221 13. 87.
2222 13. 87.
2223 13. 87.
2224 13. 87.
2225 12. 88.
2226 12. 88.
2227 12. 88.
2228 12. 88.
2229 12. 88.
2230 11. 89.
2231 11. 89.
2232 11. 89.
2233 11. 89.
2234 12. 88.
2235 12. 88.
2236 12. 88.
2237 12. 88.
2238 12. 88.
2239 12. 88.
2240 12. 88.
2241 12. 88.
2242 12. 88.
2243 12. 88.
2244 12. 88.
2245 12. 88.
2246 12. 88.
2247 12. 88.
2248 12. 88.
2249 12. 88.
2250 12. 88.
2251 12. 88.
2252 11. 89.
2253 11. 89.
2254 11. 89.
2255 11. 89.
2256 11. 89.
2257 11. 89.
2258 11. 89.
2259 11. 89.
2260 11. 89.
2261 11. 89.
2262 11. 89.
2263 11. 89.
2264 11. 89.
2265 10. 90.
2266 10. 90.
2267 10. 90.
2268 10. 90.
2269 10. 90.
2270 10. 90.
2271 10. 90.
2272 11. 89.
2273 11. 89.
2274 11. 89.
2275 11. 89.
2276 11. 89.
2277 11. 89.
2278 11. 89.
2279 11. 89.
2280 11. 89.
2281 10. 90.
2282 10. 90.
2283 10. 90.
2284 10. 90.
2285 9. 91.
2286 9. 91.
2287 9. 91.
2288 9. 91.
2289 9. 91.
2290 9. 91.
2291 9. 91.
2292 9. 91.
2293 9. 91.
2294 9. 91.
2295 9. 91.
2296 9. 91.
2297 9. 91.
2298 9. 91.
2299 9. 91.
2300 9. 91.
2301 9. 91.
2302 9. 91.
2303 9. 91.
2304 9. 91.
2305 9. 91.
2306 9. 91.
2307 9. 91.
2308 9. 91.
2309 9. 91.
2310 9. 91.
2311 9. 91.
2312 9. 91.
2313 8. 92.
2314 8. 92.
2315 8. 92.
2316 8. 92.
2317 8. 92.
2318 8. 92.
2319 8. 92.
2320 8. 92.
2321 8. 92.
2322 8. 92.
2323 8. 92.
2324 8. 92.
2325 8. 92.
2326 8. 92.
2327 8. 92.
2328 8. 92.
2329 8. 92.
2330 8. 92.
2331 7. 93.
2332 7. 93.
2333 7. 93.
2334 7. 93.
2335 8. 92.
2336 8. 92.
2337 8. 92.
2338 8. 92.
2339 8. 92.
2340 8. 92.
2341 8. 92.
2342 8. 92.
2343 8. 92.
2344 8. 92.
2345 8. 92.
2346 8. 92.
2347 8. 92.
2348 8. 92.
2349 8. 92.
2350 9. 91.
2351 9. 91.
2352 8. 92.
2353 8. 92.
2354 8. 92.
2355 8. 92.
2356 8. 92.
2357 8. 92.
2358 8. 92.
2359 7. 93.
2360 7. 93.
2361 7. 93.
2362 7. 93.
2363 7. 93.
2364 7. 93.
2365 7. 93.
2366 7. 93.
2367 7. 93.
2368 7. 93.
2369 7. 93.
2370 7. 93.
2371 7. 93.
2372 7. 93.
2373 7. 93.
2374 7. 93.
2375 7. 93.
2376 7. 93.
2377 7. 93.
2378 7. 93.
2379 7. 93.
2380 7. 93.
2381 7. 93.
2382 7. 93.
2383 7. 93.
2384 7. 93.
2385 7. 93.
2386 7. 93.
2387 7. 93.
2388 7. 93.
2389 7. 93.
2390 7. 93.
2391 7. 93.
2392 7. 93.
2393 7. 93.
2394 7. 93.
2395 7. 93.
2396 7. 93.
2397 7. 93.
2398 7. 93.
2399 7. 93.
2400 7. 93.
2401 7. 93.
2402 7. 93.
2403 7. 93.
2404 7. 93.
2405 7. 93.
2406 7. 93.
2407 7. 93.
2408 7. 93.
2409 7. 93.
2410 7. 93.
2411 7. 93.
2412 7. 93.
2413 7. 93.
2414 7. 93.
2415 7. 93.
2416 7. 93.
2417 7. 93.
2418 7. 93.
2419 7. 93.
2420 7. 93.
2421 7. 93.
2422 8. 92.
2423 8. 92.
2424 8. 92.
2425 8. 92.
2426 8. 92.
2427 8. 92.
2428 8. 92.
2429 7. 93.
2430 7. 93.
2431 7. 93.
2432 7. 93.
2433 7. 93.
2434 7. 93.
2435 7. 93.
2436 7. 93.
2437 7. 93.
2438 7. 93.
2439 7. 93.
2440 7. 93.
2441 7. 93.
2442 7. 93.
2443 7. 93.
2444 7. 93.
2445 7. 93.
2446 7. 93.
2447 7. 93.
2448 7. 93.
2449 7. 93.
2450 7. 93.
2451 7. 93.
2452 7. 93.
2453 7. 93.
2454 7. 93.
2455 7. 93.
2456 7. 93.
2457 7. 93.
2458 7. 93.
2459 7. 93.
2460 7. 93.
2461 7. 93.
2462 7. 93.
2463 7. 93.
2464 7. 93.
2465 7. 93.
2466 7. 93.
2467 7. 93.
2468 7. 93.
2469 7. 93.
2470 7. 93.
2471 7. 93.
2472 7. 93.
2473 7. 93.
2474 7. 93.
2475 7. 93.
2476 7. 93.
2477 7. 93.
2478 7. 93.
2479 7. 93.
2480 7. 93.
2481 7. 93.
2482 7. 93.
2483 7. 93.
2484 7. 93.
2485 7. 93.
2486 7. 93.
2487 7. 93.
2488 6. 94.
2489 6. 94.
2490 6. 94.
2491 6. 94.
2492 6. 94.
2493 6. 94.
2494 6. 94.
2495 6. 94.
2496 6. 94.
2497 6. 94.
2498 6. 94.
2499 6. 94.
2500 6. 94.
2501 6. 94.
2502 6. 94.
2503 6. 94.
2504 6. 94.
2505 6. 94.
2506 6. 94.
2507 6. 94.
2508 6. 94.
2509 6. 94.
2510 6. 94.
2511 6. 94.
2512 6. 94.
2513 6. 94.
2514 5. 95.
2515 5. 95.
2516 5. 95.
2517 5. 95.
2518 5. 95.
2519 5. 95.
2520 5. 95.
2521 5. 95.
2522 5. 95.
2523 5. 95.
2524 5. 95.
2525 5. 95.
2526 5. 95.
2527 5. 95.
2528 5. 95.
2529 5. 95.
2530 5. 95.
2531 5. 95.
2532 5. 95.
2533 5. 95.
2534 5. 95.
2535 5. 95.
2536 5. 95.
2537 5. 95.
2538 5. 95.
2539 5. 95.
2540 5. 95.
2541 5. 95.
2542 5. 95.
2543 5. 95.
2544 5. 95.
2545 5. 95.
2546 5. 95.
2547 5. 95.
2548 5. 95.
2549 5. 95.
2550 5. 95.
2551 5. 95.
2552 5. 95.
2553 5. 95.
2554 5. 95.
2555 5. 95.
2556 5. 95.
2557 5. 95.
2558 5. 95.
2559 5. 95.
2560 5. 95.
2561 5. 95.
2562 5. 95.
2563 5. 95.
2564 5. 95.
2565 5. 95.
2566 5. 95.
2567 5. 95.
2568 5. 95.
2569 5. 95.
2570 5. 95.
2571 5. 95.
2572 5. 95.
2573 5. 95.
2574 4. 96.
2575 4. 96.
2576 4. 96.
2577 4. 96.
2578 4. 96.
2579 4. 96.
2580 4. 96.
2581 4. 96.
2582 4. 96.
2583 4. 96.
2584 4. 96.
2585 4. 96.
2586 4. 96.
2587 4. 96.
2588 4. 96.
2589 4. 96.
2590 4. 96.
2591 4. 96.
2592 4. 96.
2593 4. 96.
2594 4. 96.
2595 4. 96.
2596 5. 95.
2597 5. 95.
2598 5. 95.
2599 6. 94.
2600 6. 94.
2601 6. 94.
2602 6. 94.
2603 6. 94.
2604 6. 94.
2605 6. 94.
2606 6. 94.
2607 6. 94.
2608 6. 94.
2609 6. 94.
2610 6. 94.
2611 6. 94.
2612 6. 94.
2613 6. 94.
2614 6. 94.
2615 6. 94.
2616 7. 93.
2617 8. 92.
2618 7. 93.
2619 6. 94.
2620 6. 94.
2621 6. 94.
2622 6. 94.
2623 6. 94.
2624 6. 94.
2625 6. 94.
2626 6. 94.
2627 6. 94.
2628 6. 94.
2629 6. 94.
2630 6. 94.
2631 6. 94.
2632 6. 94.
2633 6. 94.
2634 6. 94.
2635 6. 94.
2636 6. 94.
2637 6. 94.
2638 6. 94.
2639 6. 94.
2640 6. 94.
2641 6. 94.
2642 6. 94.
2643 6. 94.
2644 6. 94.
2645 7. 93.
2646 7. 93.
2647 7. 93.
2648 7. 93.
2649 7. 93.
2650 7. 93.
2651 7. 93.
2652 7. 93.
2653 7. 93.
2654 7. 93.
2655 7. 93.
2656 7. 93.
2657 7. 93.
2658 7. 93.
2659 7. 93.
2660 7. 93.
2661 7. 93.
2662 7. 93.
2663 7. 93.
2664 7. 93.
2665 7. 93.
2666 7. 93.
2667 7. 93.
2668 7. 93.
2669 7. 93.
2670 7. 93.
2671 6. 94.
2672 6. 94.
2673 6. 94.
2674 6. 94.
2675 6. 94.
2676 7. 93.
2677 7. 93.
2678 7. 93.
2679 7. 93.
2680 7. 93.
2681 7. 93.
2682 7. 93.
2683 7. 93.
2684 7. 93.
2685 7. 93.
2686 7. 93.
2687 7. 93.
2688 7. 93.
2689 7. 93.
2690 7. 93.
2691 7. 93.
2692 7. 93.
2693 7. 93.
2694 7. 93.
2695 7. 93.
2696 7. 93.
2697 7. 93.
2698 7. 93.
2699 7. 93.
2700 7. 93.
2701 7. 93.
2702 7. 93.
2703 7. 93.
2704 7. 93.
2705 7. 93.
2706 7. 93.
2707 7. 93.
2708 7. 93.
2709 7. 93.
2710 7. 93.
2711 7. 93.
2712 7. 93.
2713 7. 93.
2714 7. 93.
2715 6. 94.
2716 6. 94.
2717 6. 94.
2718 6. 94.
2719 6. 94.
2720 6. 94.
2721 6. 94.
2722 6. 94.
2723 6. 94.
2724 6. 94.
2725 6. 94.
2726 6. 94.
2727 6. 94.
2728 6. 94.
2729 7. 93.
2730 7. 93.
2731 7. 93.
2732 7. 93.
2733 7. 93.
2734 7. 93.
2735 7. 93.
2736 7. 93.
2737 7. 93.
2738 7. 93.
2739 7. 93.
2740 7. 93.
2741 7. 93.
2742 7. 93.
2743 7. 93.
2744 7. 93.
2745 7. 93.
2746 7. 93.
2747 7. 93.
2748 7. 93.
2749 7. 93.
2750 8. 92.
2751 8. 92.
2752 8. 92.
2753 8. 92.
2754 7. 93.
2755 7. 93.
2756 7. 93.
2757 7. 93.
2758 7. 93.
2759 7. 93.
2760 7. 93.
2761 7. 93.
2762 7. 93.
2763 7. 93.
2764 7. 93.
2765 7. 93.
2766 7. 93.
2767 7. 93.
2768 7. 93.
2769 7. 93.
2770 7. 93.
2771 7. 93.
2772 7. 93.
2773 7. 93.
2774 7. 93.
2775 7. 93.
2776 7. 93.
2777 7. 93.
2778 7. 93.
2779 7. 93.
2780 7. 93.
2781 7. 93.
2782 7. 93.
2783 7. 93.
2784 7. 93.
2785 7. 93.
2786 7. 93.
2787 7. 93.
2788 7. 93.
2789 7. 93.
2790 7. 93.
2791 7. 93.
2792 7. 93.
2793 6. 94.
2794 6. 94.
2795 7. 93.
2796 7. 93.
2797 7. 93.
2798 7. 93.
2799 7. 93.
2800 7. 93.
2801 7. 93.
2802 7. 93.
2803 7. 93.
2804 7. 93.
2805 7. 93.
2806 7. 93.
2807 7. 93.
2808 7. 93.
2809 7. 93.
2810 7. 93.
2811 8. 92.
2812 8. 92.
2813 8. 92.
2814 8. 92.
2815 8. 92.
2816 8. 92.
2817 8. 92.
2818 8. 92.
2819 8. 92.
2820 8. 92.
2821 8. 92.
2822 8. 92.
2823 9. 91.
2824 9. 91.
2825 9. 91.
2826 9. 91.
2827 9. 91.
2828 9. 91.
2829 9. 91.
2830 9. 91.
2831 9. 91.
2832 9. 91.
2833 9. 91.
2834 9. 91.
2835 9. 91.
2836 9. 91.
2837 9. 91.
2838 9. 91.
2839 9. 91.
2840 8. 92.
2841 8. 92.
2842 8. 92.
2843 7. 93.
2844 7. 93.
2845 7. 93.
2846 7. 93.
2847 7. 93.
2848 7. 93.
2849 7. 93.
2850 7. 93.
2851 7. 93.
2852 7. 93.
2853 7. 93.
2854 7. 93.
2855 7. 93.
2856 8. 92.
2857 8. 92.
2858 8. 92.
2859 8. 92.
2860 8. 92.
2861 8. 92.
2862 8. 92.
2863 8. 92.
2864 7. 93.
2865 7. 93.
2866 7. 93.
2867 7. 93.
2868 7. 93.
2869 7. 93.
2870 7. 93.
2871 7. 93.
2872 7. 93.
2873 7. 93.
2874 7. 93.
2875 7. 93.
2876 7. 93.
2877 7. 93.
2878 7. 93.
2879 7. 93.
2880 7. 93.
2881 7. 93.
2882 7. 93.
2883 7. 93.
2884 7. 93.
2885 7. 93.
2886 7. 93.
2887 7. 93.
2888 7. 93.
2889 7. 93.
2890 8. 92.
2891 8. 92.
2892 8. 92.
2893 8. 92.
2894 9. 91.
2895 9. 91.
2896 9. 91.
2897 9. 91.
2898 9. 91.
2899 9. 91.
2900 9. 91.
2901 9. 91.
2902 9. 91.
2903 9. 91.
2904 8. 92.
2905 8. 92.
2906 8. 92.
2907 8. 92.
2908 8. 92.
2909 8. 92.
2910 8. 92.
2911 8. 92.
2912 8. 92.
2913 8. 92.
2914 8. 92.
2915 8. 92.
2916 8. 92.
2917 8. 92.
2918 8. 92.
2919 8. 92.
2920 8. 92.
2921 8. 92.
2922 8. 92.
2923 8. 92.
2924 8. 92.
2925 8. 92.
2926 8. 92.
2927 8. 92.
2928 8. 92.
2929 8. 92.
2930 8. 92.
2931 8. 92.
2932 8. 92.
2933 8. 92.
2934 8. 92.
2935 8. 92.
2936 8. 92.
2937 8. 92.
2938 8. 92.
2939 8. 92.
2940 8. 92.
2941 8. 92.
2942 8. 92.
2943 8. 92.
2944 8. 92.
2945 8. 92.
2946 8. 92.
2947 8. 92.
2948 8. 92.
2949 8. 92.
2950 8. 92.
2951 8. 92.
2952 8. 92.
2953 8. 92.
2954 7. 93.
2955 7. 93.
2956 7. 93.
2957 7. 93.
2958 7. 93.
2959 7. 93.
2960 6. 94.
2961 6. 94.
2962 6. 94.
2963 6. 94.
2964 6. 94.
2965 6. 94.
2966 6. 94.
2967 5. 95.
2968 5. 95.
2969 5. 95.
2970 5. 95.
2971 5. 95.
2972 5. 95.
2973 5. 95.
2974 5. 95.
2975 5. 95.
2976 5. 95.
2977 5. 95.
2978 5. 95.
2979 5. 95.
2980 5. 95.
2981 5. 95.
2982 5. 95.
2983 5. 95.
2984 4. 96.
2985 4. 96.
2986 4. 96.
2987 4. 96.
2988 4. 96.
2989 4. 96.
2990 4. 96.
2991 4. 96.
2992 4. 96.
2993 4. 96.
2994 4. 96.
2995 4. 96.
2996 4. 96.
2997 4. 96.
2998 4. 96.
2999 4. 96.
3000 4. 96.
3001 4. 96.
3002 4. 96.
3003 4. 96.
3004 5. 95.
3005 5. 95.
3006 5. 95.
3007 4. 96.
3008 4. 96.
3009 5. 95.
3010 5. 95.
3011 5. 95.
3012 5. 95.
3013 6. 94.
3014 6. 94.
3015 6. 94.
3016 6. 94.
3017 6. 94.
3018 6. 94.
3019 6. 94.
3020 6. 94.
3021 6. 94.
3022 6. 94.
3023 6. 94.
3024 6. 94.
3025 6. 94.
3026 6. 94.
3027 6. 94.
3028 6. 94.
3029 6. 94.
3030 6. 94.
3031 6. 94.
3032 6. 94.
3033 6. 94.
3034 6. 94.
3035 6. 94.
3036 6. 94.
3037 6. 94.
3038 6. 94.
3039 6. 94.
3040 5. 95.
3041 5. 95.
3042 5. 95.
3043 5. 95.
3044 5. 95.
3045 5. 95.
3046 5. 95.
3047 5. 95.
3048 5. 95.
3049 5. 95.
3050 5. 95.
3051 5. 95.
3052 5. 95.
3053 5. 95.
3054 5. 95.
3055 5. 95.
3056 5. 95.
3057 5. 95.
3058 5. 95.
3059 5. 95.
3060 5. 95.
3061 5. 95.
3062 5. 95.
3063 5. 95.
3064 4. 96.
3065 4. 96.
3066 4. 96.
3067 4. 96.
3068 4. 96.
3069 4. 96.
3070 4. 96.
3071 4. 96.
3072 4. 96.
3073 4. 96.
3074 4. 96.
3075 4. 96.
3076 4. 96.
3077 4. 96.
3078 4. 96.
3079 4. 96.
3080 4. 96.
3081 4. 96.
3082 4. 96.
3083 4. 96.
3084 4. 96.
3085 4. 96.
3086 4. 96.
3087 5. 95.
3088 5. 95.
3089 5. 95.
3090 5. 95.
3091 5. 95.
3092 5. 95.
3093 5. 95.
3094 5. 95.
3095 5. 95.
3096 5. 95.
3097 5. 95.
3098 5. 95.
3099 5. 95.
3100 5. 95.
3101 5. 95.
3102 5. 95.
3103 5. 95.
3104 5. 95.
3105 5. 95.
3106 5. 95.
3107 5. 95.
3108 5. 95.
3109 5. 95.
3110 6. 94.
3111 6. 94.
3112 7. 93.
3113 7. 93.
3114 7. 93.
3115 7. 93.
3116 7. 93.
3117 7. 93.
3118 7. 93.
3119 7. 93.
3120 7. 93.
3121 7. 93.
3122 7. 93.
3123 7. 93.
3124 7. 93.
3125 7. 93.
3126 7. 93.
3127 7. 93.
3128 7. 93.
3129 7. 93.
3130 7. 93.
3131 7. 93.
3132 7. 93.
3133 7. 93.
3134 7. 93.
3135 7. 93.
3136 7. 93.
3137 7. 93.
3138 7. 93.
3139 7. 93.
3140 7. 93.
3141 7. 93.
3142 7. 93.
3143 7. 93.
3144 7. 93.
3145 7. 93.
3146 7. 93.
3147 7. 93.
3148 7. 93.
3149 7. 93.
3150 7. 93.
3151 6. 94.
3152 6. 94.
3153 6. 94.
3154 6. 94.
3155 5. 95.
3156 5. 95.
3157 5. 95.
3158 5. 95.
3159 5. 95.
3160 5. 95.
3161 5. 95.
3162 5. 95.
3163 5. 95.
3164 5. 95.
3165 5. 95.
3166 5. 95.
3167 5. 95.
3168 6. 94.
3169 6. 94.
3170 6. 94.
3171 6. 94.
3172 6. 94.
3173 6. 94.
3174 6. 94.
3175 6. 94.
3176 6. 94.
3177 7. 93.
3178 7. 93.
3179 7. 93.
3180 7. 93.
3181 7. 93.
3182 7. 93.
3183 7. 93.
3184 7. 93.
3185 7. 93.
3186 7. 93.
3187 7. 93.
3188 7. 93.
3189 7. 93.
3190 7. 93.
3191 7. 93.
3192 7. 93.
3193 7. 93.
3194 7. 93.
3195 7. 93.
3196 7. 93.
3197 7. 93.
3198 7. 93.
3199 7. 93.
3200 7. 93.
3201 7. 93.
3202 7. 93.
3203 7. 93.
3204 7. 93.
3205 7. 93.
3206 7. 93.
3207 7. 93.
3208 7. 93.
3209 6. 94.
3210 6. 94.
3211 6. 94.
3212 6. 94.
3213 6. 94.
3214 6. 94.
3215 6. 94.
3216 6. 94.
3217 6. 94.
3218 6. 94.
3219 5. 95.
3220 5. 95.
3221 5. 95.
3222 5. 95.
3223 5. 95.
3224 5. 95.
3225 5. 95.
3226 5. 95.
3227 5. 95.
3228 5. 95.
3229 5. 95.
3230 5. 95.
3231 5. 95.
3232 5. 95.
3233 5. 95.
3234 5. 95.
3235 4. 96.
3236 3. 97.
3237 3. 97.
3238 3. 97.
3239 3. 97.
3240 3. 97.
3241 3. 97.
3242 3. 97.
3243 3. 97.
3244 3. 97.
3245 3. 97.
3246 3. 97.
3247 3. 97.
3248 3. 97.
3249 3. 97.
3250 3. 97.
3251 3. 97.
3252 3. 97.
3253 3. 97.
3254 3. 97.
3255 3. 97.
3256 3. 97.
3257 3. 97.
3258 3. 97.
3259 2. 98.
3260 2. 98.
3261 2. 98.
3262 2. 98.
3263 2. 98.
3264 2. 98.
3265 2. 98.
3266 2. 98.
3267 2. 98.
3268 2. 98.
3269 2. 98.
3270 2. 98.
3271 2. 98.
3272 2. 98.
3273 2. 98.
3274 2. 98.
3275 2. 98.
3276 2. 98.
3277 2. 98.
3278 2. 98.
3279 2. 98.
3280 2. 98.
3281 2. 98.
3282 2. 98.
3283 1. 99.
3284 1. 99.
3285 1. 99.
3286 1. 99.
3287 1. 99.
3288 1. 99.
3289 1. 99.
3290 1. 99.
3291 1. 99.
3292 1. 99.
3293 1. 99.
3294 1. 99.
3295 1. 99.
3296 1. 99.
3297 1. 99.
3298 1. 99.
3299 1. 99.
3300 1. 99.
3301 1. 99.
3302 1. 99.
3303 1. 99.
3304 1. 99.
3305 1. 99.
3306 1. 99.
3307 1. 99.
3308 1. 99.
3309 1. 99.
3310 1. 99.
3311 1. 99.
3312 1. 99.
3313 1. 99.
3314 1. 99.
3315 1. 99.
3316 1. 99.
3317 1. 99.
3318 1. 99.
3319 1. 99.
3320 1. 99.
3321 1. 99.
3322 1. 99.
3323 1. 99.
3324 1. 99.
3325 1. 99.
3326 1. 99.
3327 1. 99.
3328 1. 99.
3329 1. 99.
3330 1. 99.
3331 1. 99.
3332 1. 99.
3333 1. 99.
3334 1. 99.
3335 1. 99.
3336 1. 99.
3337 2. 98.
3338 2. 98.
3339 2. 98.
3340 2. 98.
3341 2. 98.
3342 2. 98.
3343 2. 98.
3344 2. 98.
3345 2. 98.
3346 2. 98.
3347 2. 98.
3348 2. 98.
3349 2. 98.
3350 2. 98.
3351 2. 98.
3352 2. 98.
3353 2. 98.
3354 2. 98.
3355 2. 98.
3356 2. 98.
3357 2. 98.
3358 2. 98.
3359 2. 98.
3360 2. 98.
3361 2. 98.
3362 2. 98.
3363 2. 98.
3364 2. 98.
3365 2. 98.
3366 2. 98.
3367 2. 98.
3368 2. 98.
3369 2. 98.
3370 2. 98.
3371 2. 98.
3372 2. 98.
3373 2. 98.
3374 2. 98.
3375 2. 98.
3376 2. 98.
3377 2. 98.
3378 2. 98.
3379 2. 98.
3380 2. 98.
3381 2. 98.
3382 2. 98.
3383 2. 98.
3384 2. 98.
3385 2. 98.
3386 2. 98.
3387 2. 98.
3388 2. 98.
3389 2. 98.
3390 1. 99.
3391 1. 99.
3392 1. 99.
3393 1. 99.
3394 1. 99.
3395 1. 99.
3396 1. 99.
3397 1. 99.
3398 1. 99.
3399 1. 99.
3400 1. 99.
3401 1. 99.
3402 1. 99.
3403 1. 99.
3404 1. 99.
3405 1. 99.
3406 1. 99.
3407 1. 99.
3408 1. 99.
3409 1. 99.
3410 1. 99.
3411 1. 99.
3412 1. 99.
3413 1. 99.
3414 1. 99.
3415 1. 99.
3416 1. 99.
3417 1. 99.
3418 1. 99.
3419 1. 99.
3420 1. 99.
3421 1. 99.
3422 1. 99.
3423 1. 99.
3424 1. 99.
3425 1. 99.
3426 1. 99.
3427 1. 99.
3428 1. 99.
3429 1. 99.
3430 1. 99.
3431 1. 99.
3432 1. 99.
3433 1. 99.
3434 1. 99.
3435 1. 99.
3436 1. 99.
3437 1. 99.
3438 1. 99.
3439 1. 99.
3440 1. 99.
3441 1. 99.
3442 1. 99.
3443 1. 99.
3444 1. 99.
3445 1. 99.
3446 1. 99.
3447 1. 99.
3448 1. 99.
3449 1. 99.
3450 1. 99.
3451 1. 99.
3452 1. 99.
3453 1. 99.
3454 1. 99.
3455 1. 99.
3456 1. 99.
3457 1. 99.
3458 1. 99.
3459 1. 99.
3460 1. 99.
3461 1. 99.
3462 1. 99.
3463 1. 99.
3464 1. 99.
3465 1. 99.
3466 1. 99.
3467 1. 99.
3468 1. 99.
3469 1. 99.
3470 1. 99.
3471 1. 99.
3472 1. 99.
3473 1. 99.
3474 1. 99.
3475 1. 99.
3476 1. 99.
3477 1. 99.
3478 1. 99.
3479 1. 99.
3480 1. 99.
3481 1. 99.
3482 1. 99.
3483 1. 99.
3484 1. 99.
3485 1. 99.
3486 1. 99.
3487 1. 99.
3488 1. 99.
3489 1. 99.
3490 2. 98.
3491 2. 98.
3492 2. 98.
3493 2. 98.
3494 2. 98.
3495 2. 98.
3496 2. 98.
3497 2. 98.
3498 2. 98.
3499 2. 98.
3500 2. 98.
3501 2. 98.
3502 2. 98.
3503 2. 98.
3504 2. 98.
3505 2. 98.
3506 2. 98.
3507 2. 98.
3508 2. 98.
3509 2. 98.
3510 2. 98.
3511 2. 98.
3512 2. 98.
3513 2. 98.
3514 2. 98.
3515 2. 98.
3516 2. 98.
3517 2. 98.
3518 2. 98.
3519 2. 98.
3520 2. 98.
3521 1. 99.
3522 1. 99.
3523 1. 99.
3524 1. 99.
3525 1. 99.
3526 1. 99.
3527 1. 99.
3528 1. 99.
3529 1. 99.
3530 1. 99.
3531 1. 99.
3532 1. 99.
3533 1. 99.
3534 1. 99.
3535 1. 99.
3536 1. 99.
3537 1. 99.
3538 1. 99.
3539 1. 99.
3540 1. 99.
3541 1. 99.
3542 1. 99.
3543 1. 99.
3544 1. 99.
3545 1. 99.
3546 1. 99.
3547 1. 99.
3548 1. 99.
3549 1. 99.
3550 1. 99.
3551 1. 99.
3552 1. 99.
3553 1. 99.
3554 1. 99.
3555 1. 99.
3556 1. 99.
3557 1. 99.
3558 1. 99.
3559 1. 99.
