0 17. 83.
1 17. 83.
2 17. 83.
3 17. 83.
4 18. 82.
5 19. 81.
6 18. 82.
7 18. 82.
8 19. 81.
9 19. 81.
10 19. 81.
11 20. 80.
12 20. 80.
13 21. 79.
14 22. 78.
15 22. 78.
16 22. 78.
17 22. 78.
18 22. 78.
19 23. 77.
20 22. 78.
21 23. 77.
22 23. 77.
23 24. 76.
24 24. 76.
25 24. 76.
26 24. 76.
27 24. 76.
28 24. 76.
29 24. 76.
30 24. 76.
31 24. 76.
32 24. 76.
33 24. 76.
34 24. 76.
35 25. 75.
36 25. 75.
37 25. 75.
38 25. 75.
39 25. 75.
40 24. 76.
41 24. 76.
42 24. 76.
43 24. 76.
44 23. 77.
45 23. 77.
46 23. 77.
47 22. 78.
48 22. 78.
49 22. 78.
50 22. 78.
51 22. 78.
52 22. 78.
53 22. 78.
54 22. 78.
55 22. 78.
56 22. 78.
57 22. 78.
58 23. 77.
59 23. 77.
60 23. 77.
61 23. 77.
62 23. 77.
63 23. 77.
64 23. 77.
65 22. 78.
66 22. 78.
67 22. 78.
68 22. 78.
69 23. 77.
70 23. 77.
71 23. 77.
72 23. 77.
73 22. 78.
74 22. 78.
75 22. 78.
76 23. 77.
77 23. 77.
78 23. 77.
79 23. 77.
80 23. 77.
81 22. 78.
82 22. 78.
83 22. 78.
84 23. 77.
85 23. 77.
86 23. 77.
87 22. 78.
88 21. 79.
89 20. 80.
90 20. 80.
91 20. 80.
92 20. 80.
93 20. 80.
94 20. 80.
95 20. 80.
96 20. 80.
97 20. 80.
98 21. 79.
99 21. 79.
100 21. 79.
101 22. 78.
102 22. 78.
103 22. 78.
104 22. 78.
105 22. 78.
106 21. 79.
107 21. 79.
108 21. 79.
109 21. 79.
110 22. 78.
111 21. 79.
112 21. 79.
113 21. 79.
114 22. 78.
115 22. 78.
116 21. 79.
117 21. 79.
118 21. 79.
119 22. 78.
120 22. 78.
121 22. 78.
122 22. 78.
123 22. 78.
124 22. 78.
125 22. 78.
126 22. 78.
127 22. 78.
128 22. 78.
129 22. 78.
130 22. 78.
131 22. 78.
132 21. 79.
133 21. 79.
134 21. 79.
135 21. 79.
136 20. 80.
137 20. 80.
138 20. 80.
139 20. 80.
140 20. 80.
141 20. 80.
142 20. 80.
143 20. 80.
144 20. 80.
145 21. 79.
146 21. 79.
147 21. 79.
148 21. 79.
149 21. 79.
150 21. 79.
151 21. 79.
152 21. 79.
153 21. 79.
154 21. 79.
155 21. 79.
156 21. 79.
157 21. 79.
158 21. 79.
159 21. 79.
160 21. 79.
161 21. 79.
162 22. 78.
163 22. 78.
164 22. 78.
165 21. 79.
166 20. 80.
167 20. 80.
168 20. 80.
169 20. 80.
170 21. 79.
171 21. 79.
172 20. 80.
173 20. 80.
174 20. 80.
175 20. 80.
176 20. 80.
177 21. 79.
178 20. 80.
179 20. 80.
180 20. 80.
181 20. 80.
182 21. 79.
183 21. 79.
184 21. 79.
185 21. 79.
186 20. 80.
187 20. 80.
188 20. 80.
189 20. 80.
190 20. 80.
191 20. 80.
192 20. 80.
193 20. 80.
194 20. 80.
195 20. 80.
196 20. 80.
197 20. 80.
198 20. 80.
199 20. 80.
200 20. 80.
201 20. 80.
202 20. 80.
203 20. 80.
204 21. 79.
205 22. 78.
206 22. 78.
207 22. 78.
208 21. 79.
209 21. 79.
210 21. 79.
211 21. 79.
212 21. 79.
213 21. 79.
214 22. 78.
215 22. 78.
216 22. 78.
217 22. 78.
218 22. 78.
219 22. 78.
220 22. 78.
221 22. 78.
222 22. 78.
223 22. 78.
224 22. 78.
225 22. 78.
226 23. 77.
227 24. 76.
228 25. 75.
229 26. 74.
230 26. 74.
231 26. 74.
232 26. 74.
233 26. 74.
234 26. 74.
235 26. 74.
236 26. 74.
237 26. 74.
238 26. 74.
239 26. 74.
240 26. 74.
241 26. 74.
242 26. 74.
243 26. 74.
244 25. 75.
245 25. 75.
246 25. 75.
247 25. 75.
248 25. 75.
249 25. 75.
250 25. 75.
251 25. 75.
252 25. 75.
253 25. 75.
254 25. 75.
255 25. 75.
256 25. 75.
257 25. 75.
258 25. 75.
259 25. 75.
260 25. 75.
261 25. 75.
262 24. 76.
263 24. 76.
264 24. 76.
265 24. 76.
266 24. 76.
267 24. 76.
268 24. 76.
269 25. 75.
270 25. 75.
271 25. 75.
272 25. 75.
273 25. 75.
274 26. 74.
275 27. 73.
276 27. 73.
277 27. 73.
278 27. 73.
279 27. 73.
280 27. 73.
281 27. 73.
282 26. 74.
283 25. 75.
284 25. 75.
285 25. 75.
286 26. 74.
287 25. 75.
288 25. 75.
289 25. 75.
290 25. 75.
291 25. 75.
292 25. 75.
293 24. 76.
294 24. 76.
295 23. 77.
296 23. 77.
297 23. 77.
298 23. 77.
299 23. 77.
300 23. 77.
301 23. 77.
302 23. 77.
303 23. 77.
304 23. 77.
305 23. 77.
306 22. 78.
307 22. 78.
308 21. 79.
309 21. 79.
310 22. 78.
311 23. 77.
312 23. 77.
313 23. 77.
314 23. 77.
315 23. 77.
316 23. 77.
317 23. 77.
318 23. 77.
319 24. 76.
320 25. 75.
321 25. 75.
322 25. 75.
323 25. 75.
324 25. 75.
325 25. 75.
326 25. 75.
327 25. 75.
328 25. 75.
329 24. 76.
330 24. 76.
331 24. 76.
332 24. 76.
333 23. 77.
334 23. 77.
335 22. 78.
336 22. 78.
337 22. 78.
338 22. 78.
339 22. 78.
340 22. 78.
341 22. 78.
342 22. 78.
343 22. 78.
344 22. 78.
345 22. 78.
346 22. 78.
347 22. 78.
348 22. 78.
349 22. 78.
350 23. 77.
351 23. 77.
352 24. 76.
353 24. 76.
354 23. 77.
355 23. 77.
356 24. 76.
357 24. 76.
358 24. 76.
359 24. 76.
360 24. 76.
361 25. 75.
362 25. 75.
363 25. 75.
364 25. 75.
365 25. 75.
366 24. 76.
367 23. 77.
368 23. 77.
369 23. 77.
370 24. 76.
371 23. 77.
372 23. 77.
373 23. 77.
374 24. 76.
375 24. 76.
376 24. 76.
377 24. 76.
378 24. 76.
379 24. 76.
380 24. 76.
381 25. 75.
382 25. 75.
383 25. 75.
384 26. 74.
385 26. 74.
386 26. 74.
387 27. 73.
388 27. 73.
389 27. 73.
390 27. 73.
391 27. 73.
392 27. 73.
393 27. 73.
394 27. 73.
395 27. 73.
396 27. 73.
397 27. 73.
398 27. 73.
399 27. 73.
400 26. 74.
401 26. 74.
402 26. 74.
403 26. 74.
404 26. 74.
405 26. 74.
406 26. 74.
407 26. 74.
408 26. 74.
409 26. 74.
410 26. 74.
411 26. 74.
412 26. 74.
413 26. 74.
414 26. 74.
415 26. 74.
416 26. 74.
417 26. 74.
418 26. 74.
419 26. 74.
420 27. 73.
421 27. 73.
422 27. 73.
423 27. 73.
424 27. 73.
425 27. 73.
426 27. 73.
427 27. 73.
428 27. 73.
429 27. 73.
430 27. 73.
431 27. 73.
432 27. 73.
433 27. 73.
434 28. 72.
435 28. 72.
436 28. 72.
437 29. 71.
438 29. 71.
439 30. 70.
440 30. 70.
441 30. 70.
442 30. 70.
443 30. 70.
444 30. 70.
445 30. 70.
446 30. 70.
447 30. 70.
448 30. 70.
449 30. 70.
450 31. 69.
451 31. 69.
452 31. 69.
453 30. 70.
454 31. 69.
455 31. 69.
456 32. 68.
457 32. 68.
458 32. 68.
459 31. 69.
460 31. 69.
461 31. 69.
462 31. 69.
463 31. 69.
464 31. 69.
465 32. 68.
466 32. 68.
467 32. 68.
468 32. 68.
469 32. 68.
470 32. 68.
471 32. 68.
472 32. 68.
473 32. 68.
474 31. 69.
475 31. 69.
476 31. 69.
477 30. 70.
478 30. 70.
479 29. 71.
480 29. 71.
481 30. 70.
482 30. 70.
483 30. 70.
484 30. 70.
485 30. 70.
486 30. 70.
487 30. 70.
488 30. 70.
489 30. 70.
490 29. 71.
491 28. 72.
492 28. 72.
493 28. 72.
494 28. 72.
495 28. 72.
496 29. 71.
497 28. 72.
498 28. 72.
499 28. 72.
500 28. 72.
501 28. 72.
502 28. 72.
503 28. 72.
504 28. 72.
505 28. 72.
506 28. 72.
507 28. 72.
508 28. 72.
509 28. 72.
510 27. 73.
511 27. 73.
512 27. 73.
513 27. 73.
514 27. 73.
515 27. 73.
516 27. 73.
517 27. 73.
518 28. 72.
519 27. 73.
520 27. 73.
521 27. 73.
522 27. 73.
523 27. 73.
524 28. 72.
525 28. 72.
526 28. 72.
527 28. 72.
528 28. 72.
529 29. 71.
530 29. 71.
531 30. 70.
532 30. 70.
533 30. 70.
534 30. 70.
535 31. 69.
536 32. 68.
537 31. 69.
538 31. 69.
539 31. 69.
540 30. 70.
541 29. 71.
542 29. 71.
543 29. 71.
544 29. 71.
545 29. 71.
546 29. 71.
547 29. 71.
548 29. 71.
549 29. 71.
550 29. 71.
551 29. 71.
552 28. 72.
553 28. 72.
554 28. 72.
555 28. 72.
556 28. 72.
557 28. 72.
558 28. 72.
559 28. 72.
560 29. 71.
561 29. 71.
562 29. 71.
563 29. 71.
564 29. 71.
565 28. 72.
566 28. 72.
567 28. 72.
568 28. 72.
569 28. 72.
570 28. 72.
571 29. 71.
572 29. 71.
573 28. 72.
574 28. 72.
575 28. 72.
576 28. 72.
577 28. 72.
578 28. 72.
579 28. 72.
580 29. 71.
581 29. 71.
582 29. 71.
583 30. 70.
584 31. 69.
585 31. 69.
586 31. 69.
587 31. 69.
588 31. 69.
589 31. 69.
590 31. 69.
591 31. 69.
592 31. 69.
593 31. 69.
594 31. 69.
595 32. 68.
596 32. 68.
597 32. 68.
598 32. 68.
599 32. 68.
600 32. 68.
601 32. 68.
602 32. 68.
603 32. 68.
604 32. 68.
605 32. 68.
606 32. 68.
607 32. 68.
608 32. 68.
609 32. 68.
610 32. 68.
611 32. 68.
612 32. 68.
613 32. 68.
614 32. 68.
615 32. 68.
616 33. 67.
617 33. 67.
618 33. 67.
619 33. 67.
620 33. 67.
621 33. 67.
622 33. 67.
623 33. 67.
624 33. 67.
625 33. 67.
626 33. 67.
627 33. 67.
628 33. 67.
629 33. 67.
630 33. 67.
631 32. 68.
632 31. 69.
633 31. 69.
634 31. 69.
635 31. 69.
636 32. 68.
637 33. 67.
638 33. 67.
639 33. 67.
640 33. 67.
641 34. 66.
642 34. 66.
643 34. 66.
644 34. 66.
645 34. 66.
646 34. 66.
647 34. 66.
648 34. 66.
649 34. 66.
650 33. 67.
651 33. 67.
652 33. 67.
653 33. 67.
654 33. 67.
655 33. 67.
656 33. 67.
657 33. 67.
658 33. 67.
659 33. 67.
660 33. 67.
661 33. 67.
662 33. 67.
663 33. 67.
664 33. 67.
665 34. 66.
666 34. 66.
667 35. 65.
668 35. 65.
669 35. 65.
670 34. 66.
671 34. 66.
672 34. 66.
673 34. 66.
674 34. 66.
675 34. 66.
676 34. 66.
677 34. 66.
678 34. 66.
679 33. 67.
680 32. 68.
681 32. 68.
682 32. 68.
683 32. 68.
684 32. 68.
685 32. 68.
686 32. 68.
687 32. 68.
688 32. 68.
689 32. 68.
690 33. 67.
691 33. 67.
692 32. 68.
693 31. 69.
694 31. 69.
695 32. 68.
696 32. 68.
697 31. 69.
698 31. 69.
699 31. 69.
700 31. 69.
701 31. 69.
702 30. 70.
703 29. 71.
704 29. 71.
705 29. 71.
706 29. 71.
707 30. 70.
708 30. 70.
709 30. 70.
710 30. 70.
711 30. 70.
712 30. 70.
713 30. 70.
714 30. 70.
715 30. 70.
716 30. 70.
717 29. 71.
718 30. 70.
719 30. 70.
720 30. 70.
721 30. 70.
722 31. 69.
723 31. 69.
724 31. 69.
725 32. 68.
726 32. 68.
727 33. 67.
728 34. 66.
729 34. 66.
730 35. 65.
731 36. 64.
732 36. 64.
733 35. 65.
734 34. 66.
735 34. 66.
736 34. 66.
737 34. 66.
738 34. 66.
739 34. 66.
740 34. 66.
741 34. 66.
742 34. 66.
743 34. 66.
744 34. 66.
745 33. 67.
746 33. 67.
747 33. 67.
748 33. 67.
749 33. 67.
750 33. 67.
751 33. 67.
752 33. 67.
753 33. 67.
754 33. 67.
755 33. 67.
756 33. 67.
757 33. 67.
758 33. 67.
759 33. 67.
760 33. 67.
761 33. 67.
762 33. 67.
763 33. 67.
764 32. 68.
765 31. 69.
766 32. 68.
767 32. 68.
768 32. 68.
769 32. 68.
770 32. 68.
771 31. 69.
772 31. 69.
773 31. 69.
774 30. 70.
775 31. 69.
776 32. 68.
777 32. 68.
778 32. 68.
779 32. 68.
780 32. 68.
781 32. 68.
782 32. 68.
783 32. 68.
784 33. 67.
785 33. 67.
786 33. 67.
787 33. 67.
788 33. 67.
789 33. 67.
790 32. 68.
791 32. 68.
792 32. 68.
793 33. 67.
794 33. 67.
795 33. 67.
796 33. 67.
797 33. 67.
798 33. 67.
799 33. 67.
800 33. 67.
801 33. 67.
802 33. 67.
803 33. 67.
804 33. 67.
805 33. 67.
806 34. 66.
807 33. 67.
808 33. 67.
809 33. 67.
810 33. 67.
811 32. 68.
812 32. 68.
813 32. 68.
814 31. 69.
815 31. 69.
816 31. 69.
817 31. 69.
818 31. 69.
819 31. 69.
820 30. 70.
821 30. 70.
822 31. 69.
823 31. 69.
824 31. 69.
825 31. 69.
826 31. 69.
827 31. 69.
828 31. 69.
829 31. 69.
830 31. 69.
831 31. 69.
832 31. 69.
833 31. 69.
834 31. 69.
835 31. 69.
836 31. 69.
837 30. 70.
838 30. 70.
839 30. 70.
840 30. 70.
841 30. 70.
842 31. 69.
843 31. 69.
844 30. 70.
845 30. 70.
846 30. 70.
847 30. 70.
848 30. 70.
849 30. 70.
850 30. 70.
851 30. 70.
852 30. 70.
853 30. 70.
854 31. 69.
855 31. 69.
856 30. 70.
857 30. 70.
858 30. 70.
859 30. 70.
860 30. 70.
861 30. 70.
862 30. 70.
863 30. 70.
864 30. 70.
865 30. 70.
866 30. 70.
867 30. 70.
868 30. 70.
869 31. 69.
870 31. 69.
871 31. 69.
872 31. 69.
873 31. 69.
874 31. 69.
875 31. 69.
876 31. 69.
877 31. 69.
878 31. 69.
879 30. 70.
880 30. 70.
881 31. 69.
882 31. 69.
883 31. 69.
884 31. 69.
885 31. 69.
886 30. 70.
887 30. 70.
888 30. 70.
889 30. 70.
890 30. 70.
891 30. 70.
892 30. 70.
893 30. 70.
894 30. 70.
895 30. 70.
896 30. 70.
897 30. 70.
898 30. 70.
899 30. 70.
900 30. 70.
901 30. 70.
902 29. 71.
903 28. 72.
904 28. 72.
905 28. 72.
906 28. 72.
907 27. 73.
908 27. 73.
909 27. 73.
910 27. 73.
911 27. 73.
912 27. 73.
913 27. 73.
914 27. 73.
915 28. 72.
916 28. 72.
917 28. 72.
918 28. 72.
919 29. 71.
920 29. 71.
921 29. 71.
922 29. 71.
923 29. 71.
924 29. 71.
925 28. 72.
926 28. 72.
927 28. 72.
928 28. 72.
929 28. 72.
930 27. 73.
931 27. 73.
932 27. 73.
933 27. 73.
934 27. 73.
935 27. 73.
936 27. 73.
937 28. 72.
938 28. 72.
939 28. 72.
940 27. 73.
941 27. 73.
942 27. 73.
943 27. 73.
944 27. 73.
945 28. 72.
946 28. 72.
947 28. 72.
948 27. 73.
949 28. 72.
950 28. 72.
951 28. 72.
952 28. 72.
953 28. 72.
954 28. 72.
955 28. 72.
956 28. 72.
957 29. 71.
958 29. 71.
959 29. 71.
960 29. 71.
961 29. 71.
962 29. 71.
963 29. 71.
964 29. 71.
965 29. 71.
966 29. 71.
967 29. 71.
968 29. 71.
969 29. 71.
970 29. 71.
971 29. 71.
972 28. 72.
973 28. 72.
974 28. 72.
975 28. 72.
976 28. 72.
977 28. 72.
978 28. 72.
979 28. 72.
980 28. 72.
981 27. 73.
982 27. 73.
983 27. 73.
984 27. 73.
985 27. 73.
986 27. 73.
987 27. 73.
988 27. 73.
989 27. 73.
990 28. 72.
991 29. 71.
992 28. 72.
993 29. 71.
994 29. 71.
995 29. 71.
996 28. 72.
997 28. 72.
998 28. 72.
999 28. 72.
1000 28. 72.
1001 28. 72.
1002 28. 72.
1003 28. 72.
1004 29. 71.
1005 29. 71.
1006 30. 70.
1007 30. 70.
1008 30. 70.
1009 30. 70.
1010 30. 70.
1011 29. 71.
1012 28. 72.
1013 28. 72.
1014 28. 72.
1015 28. 72.
1016 28. 72.
1017 27. 73.
1018 27. 73.
1019 27. 73.
1020 27. 73.
1021 27. 73.
1022 28. 72.
1023 28. 72.
1024 28. 72.
1025 28. 72.
1026 29. 71.
1027 29. 71.
1028 29. 71.
1029 30. 70.
1030 31. 69.
1031 31. 69.
1032 31. 69.
1033 32. 68.
1034 31. 69.
1035 32. 68.
1036 31. 69.
1037 31. 69.
1038 31. 69.
1039 32. 68.
1040 32. 68.
1041 32. 68.
1042 32. 68.
1043 31. 69.
1044 30. 70.
1045 30. 70.
1046 29. 71.
1047 29. 71.
1048 28. 72.
1049 28. 72.
1050 28. 72.
1051 28. 72.
1052 28. 72.
1053 28. 72.
1054 28. 72.
1055 28. 72.
1056 28. 72.
1057 29. 71.
1058 30. 70.
1059 30. 70.
1060 30. 70.
1061 30. 70.
1062 30. 70.
1063 30. 70.
1064 30. 70.
1065 30. 70.
1066 30. 70.
1067 30. 70.
1068 30. 70.
1069 30. 70.
1070 31. 69.
1071 31. 69.
1072 31. 69.
1073 31. 69.
1074 31. 69.
1075 30. 70.
1076 30. 70.
1077 30. 70.
1078 30. 70.
1079 31. 69.
1080 31. 69.
1081 31. 69.
1082 31. 69.
1083 31. 69.
1084 31. 69.
1085 31. 69.
1086 31. 69.
1087 31. 69.
1088 31. 69.
1089 31. 69.
1090 32. 68.
1091 32. 68.
1092 32. 68.
1093 32. 68.
1094 31. 69.
1095 31. 69.
1096 32. 68.
1097 32. 68.
1098 31. 69.
1099 31. 69.
1100 31. 69.
1101 31. 69.
1102 32. 68.
1103 32. 68.
1104 33. 67.
1105 33. 67.
1106 33. 67.
1107 34. 66.
1108 33. 67.
1109 33. 67.
1110 33. 67.
1111 33. 67.
1112 33. 67.
1113 33. 67.
1114 33. 67.
1115 33. 67.
1116 33. 67.
1117 33. 67.
1118 33. 67.
1119 33. 67.
1120 34. 66.
1121 34. 66.
1122 34. 66.
1123 33. 67.
1124 33. 67.
1125 33. 67.
1126 33. 67.
1127 33. 67.
1128 33. 67.
1129 33. 67.
1130 34. 66.
1131 33. 67.
1132 33. 67.
1133 33. 67.
1134 33. 67.
1135 32. 68.
1136 32. 68.
1137 33. 67.
1138 33. 67.
1139 33. 67.
1140 33. 67.
1141 34. 66.
1142 33. 67.
1143 33. 67.
1144 32. 68.
1145 32. 68.
1146 32. 68.
1147 32. 68.
1148 33. 67.
1149 34. 66.
1150 34. 66.
1151 34. 66.
1152 34. 66.
1153 34. 66.
1154 34. 66.
1155 34. 66.
1156 34. 66.
1157 34. 66.
1158 34. 66.
1159 34. 66.
1160 34. 66.
1161 34. 66.
1162 35. 65.
1163 35. 65.
1164 34. 66.
1165 34. 66.
1166 33. 67.
1167 33. 67.
1168 33. 67.
1169 33. 67.
1170 33. 67.
1171 33. 67.
1172 33. 67.
1173 33. 67.
1174 33. 67.
1175 33. 67.
1176 33. 67.
1177 34. 66.
1178 34. 66.
1179 34. 66.
1180 34. 66.
1181 33. 67.
1182 34. 66.
1183 34. 66.
1184 35. 65.
1185 35. 65.
1186 34. 66.
1187 34. 66.
1188 34. 66.
1189 34. 66.
1190 34. 66.
1191 34. 66.
1192 34. 66.
1193 34. 66.
1194 34. 66.
1195 35. 65.
1196 35. 65.
1197 35. 65.
1198 35. 65.
1199 35. 65.
1200 35. 65.
1201 35. 65.
1202 34. 66.
1203 34. 66.
1204 34. 66.
1205 34. 66.
1206 34. 66.
1207 34. 66.
1208 34. 66.
1209 34. 66.
1210 33. 67.
1211 33. 67.
1212 33. 67.
1213 33. 67.
1214 33. 67.
1215 33. 67.
1216 33. 67.
1217 33. 67.
1218 33. 67.
1219 33. 67.
1220 33. 67.
1221 32. 68.
1222 32. 68.
1223 31. 69.
1224 32. 68.
1225 33. 67.
1226 33. 67.
1227 33. 67.
1228 34. 66.
1229 34. 66.
1230 34. 66.
1231 33. 67.
1232 33. 67.
1233 32. 68.
1234 31. 69.
1235 31. 69.
1236 31. 69.
1237 31. 69.
1238 32. 68.
1239 32. 68.
1240 32. 68.
1241 32. 68.
1242 32. 68.
1243 32. 68.
1244 32. 68.
1245 32. 68.
1246 31. 69.
1247 32. 68.
1248 32. 68.
1249 32. 68.
1250 32. 68.
1251 31. 69.
1252 30. 70.
1253 30. 70.
1254 30. 70.
1255 30. 70.
1256 31. 69.
1257 31. 69.
1258 31. 69.
1259 31. 69.
1260 31. 69.
1261 30. 70.
1262 30. 70.
1263 29. 71.
1264 29. 71.
1265 29. 71.
1266 29. 71.
1267 29. 71.
1268 30. 70.
1269 30. 70.
1270 29. 71.
1271 30. 70.
1272 30. 70.
1273 30. 70.
1274 30. 70.
1275 30. 70.
1276 30. 70.
1277 30. 70.
1278 30. 70.
1279 31. 69.
1280 31. 69.
1281 31. 69.
1282 31. 69.
1283 31. 69.
1284 31. 69.
1285 31. 69.
1286 31. 69.
1287 31. 69.
1288 32. 68.
1289 32. 68.
1290 32. 68.
1291 32. 68.
1292 32. 68.
1293 32. 68.
1294 32. 68.
1295 31. 69.
1296 31. 69.
1297 31. 69.
1298 30. 70.
1299 30. 70.
1300 29. 71.
1301 29. 71.
1302 29. 71.
1303 29. 71.
1304 29. 71.
1305 29. 71.
1306 30. 70.
1307 31. 69.
1308 31. 69.
1309 31. 69.
1310 31. 69.
1311 31. 69.
1312 31. 69.
1313 31. 69.
1314 31. 69.
1315 31. 69.
1316 31. 69.
1317 31. 69.
1318 31. 69.
1319 31. 69.
1320 32. 68.
1321 31. 69.
1322 31. 69.
1323 31. 69.
1324 31. 69.
1325 31. 69.
1326 31. 69.
1327 31. 69.
1328 31. 69.
1329 31. 69.
1330 31. 69.
1331 30. 70.
1332 30. 70.
1333 30. 70.
1334 30. 70.
1335 30. 70.
1336 31. 69.
1337 31. 69.
1338 32. 68.
1339 32. 68.
1340 32. 68.
1341 32. 68.
1342 32. 68.
1343 32. 68.
1344 33. 67.
1345 32. 68.
1346 33. 67.
1347 33. 67.
1348 33. 67.
1349 33. 67.
1350 33. 67.
1351 33. 67.
1352 33. 67.
1353 33. 67.
1354 33. 67.
1355 33. 67.
1356 33. 67.
1357 33. 67.
1358 33. 67.
1359 33. 67.
1360 33. 67.
1361 33. 67.
1362 33. 67.
1363 33. 67.
1364 33. 67.
1365 33. 67.
1366 33. 67.
1367 33. 67.
1368 33. 67.
1369 33. 67.
1370 33. 67.
1371 33. 67.
1372 33. 67.
1373 33. 67.
1374 34. 66.
1375 33. 67.
1376 34. 66.
1377 34. 66.
1378 34. 66.
1379 34. 66.
1380 34. 66.
1381 33. 67.
1382 33. 67.
1383 33. 67.
1384 33. 67.
1385 33. 67.
1386 34. 66.
1387 34. 66.
1388 35. 65.
1389 35. 65.
1390 35. 65.
1391 35. 65.
1392 35. 65.
1393 34. 66.
1394 34. 66.
1395 34. 66.
1396 34. 66.
1397 34. 66.
1398 34. 66.
1399 34. 66.
1400 35. 65.
1401 36. 64.
1402 36. 64.
1403 35. 65.
1404 35. 65.
1405 35. 65.
1406 34. 66.
1407 35. 65.
1408 36. 64.
1409 36. 64.
1410 36. 64.
1411 36. 64.
1412 35. 65.
1413 34. 66.
1414 34. 66.
1415 34. 66.
1416 33. 67.
1417 33. 67.
1418 33. 67.
1419 33. 67.
1420 32. 68.
1421 32. 68.
1422 32. 68.
1423 32. 68.
1424 32. 68.
1425 32. 68.
1426 33. 67.
1427 32. 68.
1428 32. 68.
1429 32. 68.
1430 32. 68.
1431 32. 68.
1432 32. 68.
1433 31. 69.
1434 31. 69.
1435 31. 69.
1436 31. 69.
1437 31. 69.
1438 31. 69.
1439 30. 70.
1440 30. 70.
1441 29. 71.
1442 29. 71.
1443 28. 72.
1444 28. 72.
1445 28. 72.
1446 29. 71.
1447 28. 72.
1448 28. 72.
1449 28. 72.
1450 28. 72.
1451 28. 72.
1452 28. 72.
1453 28. 72.
1454 28. 72.
1455 27. 73.
1456 27. 73.
1457 27. 73.
1458 27. 73.
1459 27. 73.
1460 27. 73.
1461 27. 73.
1462 27. 73.
1463 26. 74.
1464 27. 73.
1465 27. 73.
1466 28. 72.
1467 28. 72.
1468 28. 72.
1469 29. 71.
1470 28. 72.
1471 27. 73.
1472 27. 73.
1473 27. 73.
1474 27. 73.
1475 27. 73.
1476 27. 73.
1477 27. 73.
1478 27. 73.
1479 27. 73.
1480 26. 74.
1481 27. 73.
1482 27. 73.
1483 27. 73.
1484 26. 74.
1485 26. 74.
1486 25. 75.
1487 25. 75.
1488 25. 75.
1489 25. 75.
1490 25. 75.
1491 24. 76.
1492 24. 76.
1493 23. 77.
1494 23. 77.
1495 23. 77.
1496 23. 77.
1497 22. 78.
1498 22. 78.
1499 22. 78.
1500 22. 78.
1501 23. 77.
1502 23. 77.
1503 24. 76.
1504 24. 76.
1505 24. 76.
1506 24. 76.
1507 24. 76.
1508 24. 76.
1509 25. 75.
1510 25. 75.
1511 25. 75.
1512 25. 75.
1513 25. 75.
1514 25. 75.
1515 25. 75.
1516 25. 75.
1517 25. 75.
1518 25. 75.
1519 25. 75.
1520 24. 76.
1521 24. 76.
1522 24. 76.
1523 24. 76.
1524 24. 76.
1525 24. 76.
1526 24. 76.
1527 24. 76.
1528 24. 76.
1529 24. 76.
1530 24. 76.
1531 24. 76.
1532 23. 77.
1533 23. 77.
1534 24. 76.
1535 24. 76.
1536 24. 76.
1537 24. 76.
1538 24. 76.
1539 24. 76.
1540 24. 76.
1541 24. 76.
1542 24. 76.
1543 24. 76.
1544 24. 76.
1545 24. 76.
1546 24. 76.
1547 23. 77.
1548 23. 77.
1549 23. 77.
1550 23. 77.
1551 23. 77.
1552 23. 77.
1553 24. 76.
1554 24. 76.
1555 24. 76.
1556 23. 77.
1557 23. 77.
1558 23. 77.
1559 24. 76.
1560 23. 77.
1561 22. 78.
1562 22. 78.
1563 22. 78.
1564 22. 78.
1565 22. 78.
1566 22. 78.
1567 22. 78.
1568 21. 79.
1569 20. 80.
1570 20. 80.
1571 20. 80.
1572 20. 80.
1573 19. 81.
1574 18. 82.
1575 18. 82.
1576 18. 82.
1577 18. 82.
1578 19. 81.
1579 19. 81.
1580 19. 81.
1581 18. 82.
1582 18. 82.
1583 18. 82.
1584 18. 82.
1585 18. 82.
1586 18. 82.
1587 19. 81.
1588 19. 81.
1589 19. 81.
1590 19. 81.
1591 19. 81.
1592 20. 80.
1593 20. 80.
1594 20. 80.
1595 20. 80.
1596 20. 80.
1597 20. 80.
1598 20. 80.
1599 19. 81.
1600 19. 81.
1601 20. 80.
1602 20. 80.
1603 20. 80.
1604 20. 80.
1605 20. 80.
1606 20. 80.
1607 20. 80.
1608 20. 80.
1609 20. 80.
1610 20. 80.
1611 20. 80.
1612 20. 80.
1613 20. 80.
1614 20. 80.
1615 20. 80.
1616 20. 80.
1617 20. 80.
1618 20. 80.
1619 21. 79.
1620 21. 79.
1621 22. 78.
1622 23. 77.
1623 23. 77.
1624 23. 77.
1625 23. 77.
1626 23. 77.
1627 23. 77.
1628 23. 77.
1629 22. 78.
1630 21. 79.
1631 20. 80.
1632 20. 80.
1633 20. 80.
1634 20. 80.
1635 20. 80.
1636 19. 81.
1637 19. 81.
1638 19. 81.
1639 19. 81.
1640 18. 82.
1641 18. 82.
1642 18. 82.
1643 18. 82.
1644 18. 82.
1645 18. 82.
1646 18. 82.
1647 18. 82.
1648 18. 82.
1649 19. 81.
1650 19. 81.
1651 19. 81.
1652 19. 81.
1653 19. 81.
1654 18. 82.
1655 18. 82.
1656 18. 82.
1657 18. 82.
1658 18. 82.
1659 19. 81.
1660 19. 81.
1661 19. 81.
1662 19. 81.
1663 18. 82.
1664 19. 81.
1665 18. 82.
1666 18. 82.
1667 18. 82.
1668 18. 82.
1669 18. 82.
1670 18. 82.
1671 18. 82.
1672 18. 82.
1673 18. 82.
1674 18. 82.
1675 18. 82.
1676 18. 82.
1677 18. 82.
1678 17. 83.
1679 17. 83.
1680 17. 83.
1681 17. 83.
1682 16. 84.
1683 16. 84.
1684 16. 84.
1685 16. 84.
1686 16. 84.
1687 16. 84.
1688 16. 84.
1689 17. 83.
1690 17. 83.
1691 17. 83.
1692 17. 83.
1693 17. 83.
1694 18. 82.
1695 18. 82.
1696 19. 81.
1697 20. 80.
1698 20. 80.
1699 20. 80.
1700 20. 80.
1701 20. 80.
1702 20. 80.
1703 20. 80.
1704 20. 80.
1705 20. 80.
1706 19. 81.
1707 19. 81.
1708 19. 81.
1709 19. 81.
1710 19. 81.
1711 20. 80.
1712 20. 80.
1713 20. 80.
1714 20. 80.
1715 20. 80.
1716 20. 80.
1717 21. 79.
1718 21. 79.
1719 21. 79.
1720 21. 79.
1721 21. 79.
1722 21. 79.
1723 21. 79.
1724 21. 79.
1725 20. 80.
1726 20. 80.
1727 19. 81.
1728 19. 81.
1729 19. 81.
1730 19. 81.
1731 19. 81.
1732 19. 81.
1733 19. 81.
1734 19. 81.
1735 19. 81.
1736 19. 81.
1737 19. 81.
1738 19. 81.
1739 19. 81.
1740 19. 81.
1741 19. 81.
1742 18. 82.
1743 18. 82.
1744 18. 82.
1745 18. 82.
1746 18. 82.
1747 19. 81.
1748 19. 81.
1749 19. 81.
1750 19. 81.
1751 19. 81.
1752 19. 81.
1753 19. 81.
1754 19. 81.
1755 19. 81.
1756 19. 81.
1757 20. 80.
1758 21. 79.
1759 21. 79.
1760 21. 79.
1761 21. 79.
1762 22. 78.
1763 23. 77.
1764 23. 77.
1765 24. 76.
1766 24. 76.
1767 24. 76.
1768 23. 77.
1769 23. 77.
1770 23. 77.
1771 23. 77.
1772 23. 77.
1773 23. 77.
1774 23. 77.
1775 23. 77.
1776 23. 77.
1777 23. 77.
1778 22. 78.
1779 23. 77.
1780 23. 77.
1781 24. 76.
1782 24. 76.
1783 24. 76.
1784 25. 75.
1785 25. 75.
1786 25. 75.
1787 25. 75.
1788 25. 75.
1789 25. 75.
1790 25. 75.
1791 25. 75.
1792 25. 75.
1793 25. 75.
1794 25. 75.
1795 25. 75.
1796 25. 75.
1797 25. 75.
1798 24. 76.
1799 23. 77.
1800 23. 77.
1801 24. 76.
1802 24. 76.
1803 24. 76.
1804 24. 76.
1805 24. 76.
1806 24. 76.
1807 24. 76.
1808 24. 76.
1809 24. 76.
1810 24. 76.
1811 24. 76.
1812 23. 77.
1813 23. 77.
1814 23. 77.
1815 23. 77.
1816 23. 77.
1817 23. 77.
1818 23. 77.
1819 23. 77.
1820 23. 77.
1821 23. 77.
1822 23. 77.
1823 23. 77.
1824 23. 77.
1825 23. 77.
1826 23. 77.
1827 23. 77.
1828 23. 77.
1829 23. 77.
1830 23. 77.
1831 23. 77.
1832 23. 77.
1833 23. 77.
1834 23. 77.
1835 23. 77.
1836 23. 77.
1837 23. 77.
1838 23. 77.
1839 23. 77.
1840 23. 77.
1841 23. 77.
1842 23. 77.
1843 23. 77.
1844 23. 77.
1845 23. 77.
1846 23. 77.
1847 23. 77.
1848 23. 77.
1849 23. 77.
1850 23. 77.
1851 23. 77.
1852 23. 77.
1853 23. 77.
1854 23. 77.
1855 23. 77.
1856 23. 77.
1857 23. 77.
1858 24. 76.
1859 24. 76.
1860 24. 76.
1861 24. 76.
1862 24. 76.
1863 24. 76.
1864 24. 76.
1865 24. 76.
1866 23. 77.
1867 23. 77.
1868 23. 77.
1869 23. 77.
1870 23. 77.
1871 23. 77.
1872 23. 77.
1873 23. 77.
1874 23. 77.
1875 23. 77.
1876 23. 77.
1877 23. 77.
1878 23. 77.
1879 23. 77.
1880 23. 77.
1881 23. 77.
1882 22. 78.
1883 22. 78.
1884 23. 77.
1885 22. 78.
1886 22. 78.
1887 22. 78.
1888 22. 78.
1889 22. 78.
1890 22. 78.
1891 21. 79.
1892 21. 79.
1893 21. 79.
1894 21. 79.
1895 21. 79.
1896 20. 80.
1897 20. 80.
1898 20. 80.
1899 20. 80.
1900 20. 80.
1901 19. 81.
1902 19. 81.
1903 19. 81.
1904 19. 81.
1905 18. 82.
1906 18. 82.
1907 18. 82.
1908 18. 82.
1909 18. 82.
1910 18. 82.
1911 17. 83.
1912 17. 83.
1913 17. 83.
1914 16. 84.
1915 16. 84.
1916 16. 84.
1917 16. 84.
1918 16. 84.
1919 16. 84.
1920 16. 84.
1921 16. 84.
1922 16. 84.
1923 16. 84.
1924 17. 83.
1925 17. 83.
1926 17. 83.
1927 17. 83.
1928 17. 83.
1929 17. 83.
1930 17. 83.
1931 17. 83.
1932 17. 83.
1933 17. 83.
1934 17. 83.
1935 17. 83.
1936 18. 82.
1937 18. 82.
1938 19. 81.
1939 19. 81.
1940 19. 81.
1941 20. 80.
1942 20. 80.
1943 20. 80.
1944 20. 80.
1945 20. 80.
1946 20. 80.
1947 20. 80.
1948 20. 80.
1949 20. 80.
1950 21. 79.
1951 21. 79.
1952 20. 80.
1953 20. 80.
1954 20. 80.
1955 20. 80.
1956 20. 80.
1957 20. 80.
1958 20. 80.
1959 20. 80.
1960 20. 80.
1961 20. 80.
1962 19. 81.
1963 19. 81.
1964 20. 80.
1965 20. 80.
1966 20. 80.
1967 21. 79.
1968 21. 79.
1969 21. 79.
1970 21. 79.
1971 21. 79.
1972 21. 79.
1973 21. 79.
1974 22. 78.
1975 23. 77.
1976 24. 76.
1977 25. 75.
1978 25. 75.
1979 25. 75.
1980 25. 75.
1981 25. 75.
1982 24. 76.
1983 24. 76.
1984 24. 76.
1985 24. 76.
1986 24. 76.
1987 24. 76.
1988 24. 76.
1989 24. 76.
1990 23. 77.
1991 23. 77.
1992 23. 77.
1993 23. 77.
1994 23. 77.
1995 23. 77.
1996 24. 76.
1997 24. 76.
1998 25. 75.
1999 25. 75.
2000 24. 76.
2001 25. 75.
2002 25. 75.
2003 25. 75.
2004 26. 74.
2005 27. 73.
2006 27. 73.
2007 26. 74.
2008 26. 74.
2009 26. 74.
2010 25. 75.
2011 26. 74.
2012 26. 74.
2013 26. 74.
2014 26. 74.
2015 26. 74.
2016 26. 74.
2017 26. 74.
2018 26. 74.
2019 26. 74.
2020 26. 74.
2021 26. 74.
2022 26. 74.
2023 26. 74.
2024 26. 74.
2025 26. 74.
2026 26. 74.
2027 27. 73.
2028 27. 73.
2029 28. 72.
2030 29. 71.
2031 29. 71.
2032 29. 71.
2033 29. 71.
2034 29. 71.
2035 29. 71.
2036 29. 71.
2037 29. 71.
2038 28. 72.
2039 27. 73.
2040 27. 73.
2041 27. 73.
2042 27. 73.
2043 26. 74.
2044 26. 74.
2045 26. 74.
2046 26. 74.
2047 26. 74.
2048 26. 74.
2049 25. 75.
2050 24. 76.
2051 24. 76.
2052 23. 77.
2053 23. 77.
2054 24. 76.
2055 24. 76.
2056 24. 76.
2057 24. 76.
2058 24. 76.
2059 24. 76.
2060 24. 76.
2061 24. 76.
2062 24. 76.
2063 24. 76.
2064 24. 76.
2065 24. 76.
2066 24. 76.
2067 24. 76.
2068 25. 75.
2069 25. 75.
2070 25. 75.
2071 24. 76.
2072 24. 76.
2073 24. 76.
2074 24. 76.
2075 24. 76.
2076 25. 75.
2077 26. 74.
2078 26. 74.
2079 25. 75.
2080 25. 75.
2081 25. 75.
2082 24. 76.
2083 24. 76.
2084 24. 76.
2085 24. 76.
2086 23. 77.
2087 24. 76.
2088 24. 76.
2089 24. 76.
2090 24. 76.
2091 24. 76.
2092 24. 76.
2093 24. 76.
2094 24. 76.
2095 24. 76.
2096 25. 75.
2097 25. 75.
2098 25. 75.
2099 25. 75.
2100 25. 75.
2101 25. 75.
2102 25. 75.
2103 25. 75.
2104 25. 75.
2105 25. 75.
2106 25. 75.
2107 25. 75.
2108 25. 75.
2109 25. 75.
2110 25. 75.
2111 25. 75.
2112 25. 75.
2113 24. 76.
2114 24. 76.
2115 24. 76.
2116 24. 76.
2117 24. 76.
2118 24. 76.
2119 23. 77.
2120 23. 77.
2121 23. 77.
2122 23. 77.
2123 22. 78.
2124 21. 79.
2125 21. 79.
2126 21. 79.
2127 21. 79.
2128 22. 78.
2129 21. 79.
2130 21. 79.
2131 21. 79.
2132 21. 79.
2133 21. 79.
2134 22. 78.
2135 22. 78.
2136 23. 77.
2137 23. 77.
2138 22. 78.
2139 22. 78.
2140 23. 77.
2141 23. 77.
2142 23. 77.
2143 23. 77.
2144 22. 78.
2145 22. 78.
2146 22. 78.
2147 22. 78.
2148 22. 78.
2149 22. 78.
2150 22. 78.
2151 22. 78.
2152 22. 78.
2153 22. 78.
2154 23. 77.
2155 23. 77.
2156 23. 77.
2157 24. 76.
2158 24. 76.
2159 24. 76.
2160 24. 76.
2161 24. 76.
2162 24. 76.
2163 24. 76.
2164 24. 76.
2165 24. 76.
2166 23. 77.
2167 23. 77.
2168 23. 77.
2169 23. 77.
2170 23. 77.
2171 23. 77.
2172 23. 77.
2173 23. 77.
2174 23. 77.
2175 23. 77.
2176 23. 77.
2177 24. 76.
2178 24. 76.
2179 24. 76.
2180 24. 76.
2181 24. 76.
2182 24. 76.
2183 24. 76.
2184 24. 76.
2185 24. 76.
2186 24. 76.
2187 24. 76.
2188 24. 76.
2189 24. 76.
2190 23. 77.
2191 23. 77.
2192 23. 77.
2193 23. 77.
2194 23. 77.
2195 23. 77.
2196 24. 76.
2197 24. 76.
2198 24. 76.
2199 24. 76.
2200 24. 76.
2201 24. 76.
2202 24. 76.
2203 24. 76.
2204 24. 76.
2205 24. 76.
2206 24. 76.
2207 24. 76.
2208 24. 76.
2209 24. 76.
2210 24. 76.
2211 24. 76.
2212 24. 76.
2213 24. 76.
2214 24. 76.
2215 24. 76.
2216 24. 76.
2217 24. 76.
2218 24. 76.
2219 24. 76.
2220 25. 75.
2221 25. 75.
2222 25. 75.
2223 25. 75.
2224 26. 74.
2225 25. 75.
2226 24. 76.
2227 24. 76.
2228 24. 76.
2229 24. 76.
2230 24. 76.
2231 24. 76.
2232 24. 76.
2233 24. 76.
2234 24. 76.
2235 23. 77.
2236 23. 77.
2237 23. 77.
2238 24. 76.
2239 24. 76.
2240 24. 76.
2241 24. 76.
2242 24. 76.
2243 24. 76.
2244 24. 76.
2245 24. 76.
2246 24. 76.
2247 24. 76.
2248 24. 76.
2249 24. 76.
2250 24. 76.
2251 24. 76.
2252 24. 76.
2253 24. 76.
2254 24. 76.
2255 24. 76.
2256 24. 76.
2257 24. 76.
2258 24. 76.
2259 23. 77.
2260 23. 77.
2261 23. 77.
2262 23. 77.
2263 23. 77.
2264 23. 77.
2265 24. 76.
2266 24. 76.
2267 24. 76.
2268 24. 76.
2269 25. 75.
2270 25. 75.
2271 25. 75.
2272 26. 74.
2273 26. 74.
2274 26. 74.
2275 26. 74.
2276 26. 74.
2277 26. 74.
2278 25. 75.
2279 25. 75.
2280 25. 75.
2281 25. 75.
2282 25. 75.
2283 24. 76.
2284 25. 75.
2285 24. 76.
2286 25. 75.
2287 25. 75.
2288 25. 75.
2289 25. 75.
2290 25. 75.
2291 25. 75.
2292 25. 75.
2293 26. 74.
2294 27. 73.
2295 28. 72.
2296 28. 72.
2297 28. 72.
2298 28. 72.
2299 27. 73.
2300 27. 73.
2301 27. 73.
2302 27. 73.
2303 27. 73.
2304 26. 74.
2305 26. 74.
2306 27. 73.
2307 27. 73.
2308 27. 73.
2309 27. 73.
2310 27. 73.
2311 27. 73.
2312 27. 73.
2313 27. 73.
2314 27. 73.
2315 27. 73.
2316 27. 73.
2317 27. 73.
2318 26. 74.
2319 26. 74.
2320 26. 74.
2321 26. 74.
2322 26. 74.
2323 26. 74.
2324 26. 74.
2325 26. 74.
2326 26. 74.
2327 26. 74.
2328 26. 74.
2329 26. 74.
2330 26. 74.
2331 26. 74.
2332 26. 74.
2333 26. 74.
2334 26. 74.
2335 26. 74.
2336 26. 74.
2337 26. 74.
2338 26. 74.
2339 27. 73.
2340 27. 73.
2341 27. 73.
2342 27. 73.
2343 27. 73.
2344 26. 74.
2345 26. 74.
2346 27. 73.
2347 27. 73.
2348 27. 73.
2349 27. 73.
2350 27. 73.
2351 27. 73.
2352 28. 72.
2353 28. 72.
2354 28. 72.
2355 29. 71.
2356 29. 71.
2357 29. 71.
2358 29. 71.
2359 29. 71.
2360 29. 71.
2361 29. 71.
2362 29. 71.
2363 29. 71.
2364 29. 71.
2365 29. 71.
2366 28. 72.
2367 28. 72.
2368 28. 72.
2369 28. 72.
2370 28. 72.
2371 28. 72.
2372 28. 72.
2373 28. 72.
2374 28. 72.
2375 28. 72.
2376 28. 72.
2377 27. 73.
2378 27. 73.
2379 27. 73.
2380 27. 73.
2381 27. 73.
2382 27. 73.
2383 27. 73.
2384 27. 73.
2385 27. 73.
2386 27. 73.
2387 28. 72.
2388 28. 72.
2389 28. 72.
2390 28. 72.
2391 27. 73.
2392 27. 73.
2393 27. 73.
2394 27. 73.
2395 27. 73.
2396 27. 73.
2397 27. 73.
2398 27. 73.
2399 27. 73.
2400 27. 73.
2401 28. 72.
2402 28. 72.
2403 28. 72.
2404 27. 73.
2405 27. 73.
2406 27. 73.
2407 27. 73.
2408 27. 73.
2409 28. 72.
2410 28. 72.
2411 28. 72.
2412 27. 73.
2413 27. 73.
2414 28. 72.
2415 28. 72.
2416 29. 71.
2417 29. 71.
2418 29. 71.
2419 29. 71.
2420 29. 71.
2421 29. 71.
2422 29. 71.
2423 29. 71.
2424 30. 70.
2425 31. 69.
2426 31. 69.
2427 31. 69.
2428 31. 69.
2429 31. 69.
2430 32. 68.
2431 32. 68.
2432 32. 68.
2433 33. 67.
2434 33. 67.
2435 33. 67.
2436 33. 67.
2437 33. 67.
2438 33. 67.
2439 32. 68.
2440 31. 69.
2441 31. 69.
2442 31. 69.
2443 31. 69.
2444 31. 69.
2445 32. 68.
2446 32. 68.
2447 32. 68.
2448 32. 68.
2449 32. 68.
2450 32. 68.
2451 31. 69.
2452 31. 69.
2453 31. 69.
2454 31. 69.
2455 30. 70.
2456 30. 70.
2457 30. 70.
2458 30. 70.
2459 29. 71.
2460 29. 71.
2461 29. 71.
2462 29. 71.
2463 29. 71.
2464 29. 71.
2465 29. 71.
2466 29. 71.
2467 29. 71.
2468 29. 71.
2469 29. 71.
2470 29. 71.
2471 29. 71.
2472 29. 71.
2473 29. 71.
2474 29. 71.
2475 29. 71.
2476 29. 71.
2477 29. 71.
2478 29. 71.
2479 29. 71.
2480 30. 70.
2481 31. 69.
2482 30. 70.
2483 29. 71.
2484 29. 71.
2485 29. 71.
2486 29. 71.
2487 29. 71.
2488 29. 71.
2489 29. 71.
2490 29. 71.
2491 29. 71.
2492 29. 71.
2493 29. 71.
2494 29. 71.
2495 28. 72.
2496 28. 72.
2497 28. 72.
2498 28. 72.
2499 28. 72.
2500 29. 71.
2501 29. 71.
2502 29. 71.
2503 30. 70.
2504 30. 70.
2505 30. 70.
2506 30. 70.
2507 29. 71.
2508 29. 71.
2509 29. 71.
2510 29. 71.
2511 29. 71.
2512 29. 71.
2513 29. 71.
2514 29. 71.
2515 29. 71.
2516 29. 71.
2517 29. 71.
2518 29. 71.
2519 29. 71.
2520 29. 71.
2521 29. 71.
2522 29. 71.
2523 29. 71.
2524 29. 71.
2525 29. 71.
2526 29. 71.
2527 29. 71.
2528 29. 71.
2529 28. 72.
2530 28. 72.
2531 28. 72.
2532 28. 72.
2533 28. 72.
2534 27. 73.
2535 27. 73.
2536 27. 73.
2537 27. 73.
2538 27. 73.
2539 27. 73.
2540 27. 73.
2541 27. 73.
2542 27. 73.
2543 27. 73.
2544 27. 73.
2545 26. 74.
2546 26. 74.
2547 26. 74.
2548 26. 74.
2549 26. 74.
2550 26. 74.
2551 26. 74.
2552 26. 74.
2553 26. 74.
2554 25. 75.
2555 25. 75.
2556 25. 75.
2557 25. 75.
2558 24. 76.
2559 24. 76.
2560 23. 77.
2561 24. 76.
2562 24. 76.
2563 24. 76.
2564 24. 76.
2565 24. 76.
2566 24. 76.
2567 24. 76.
2568 24. 76.
2569 24. 76.
2570 24. 76.
2571 24. 76.
2572 24. 76.
2573 24. 76.
2574 24. 76.
2575 23. 77.
2576 23. 77.
2577 23. 77.
2578 23. 77.
2579 23. 77.
2580 23. 77.
2581 23. 77.
2582 23. 77.
2583 23. 77.
2584 22. 78.
2585 23. 77.
2586 23. 77.
2587 23. 77.
2588 22. 78.
2589 22. 78.
2590 22. 78.
2591 22. 78.
2592 22. 78.
2593 23. 77.
2594 23. 77.
2595 23. 77.
2596 23. 77.
2597 22. 78.
2598 22. 78.
2599 22. 78.
2600 22. 78.
2601 22. 78.
2602 22. 78.
2603 22. 78.
2604 22. 78.
2605 22. 78.
2606 22. 78.
2607 21. 79.
2608 21. 79.
2609 21. 79.
2610 21. 79.
2611 21. 79.
2612 21. 79.
2613 21. 79.
2614 21. 79.
2615 22. 78.
2616 22. 78.
2617 21. 79.
2618 21. 79.
2619 21. 79.
2620 21. 79.
2621 21. 79.
2622 21. 79.
2623 21. 79.
2624 22. 78.
2625 22. 78.
2626 23. 77.
2627 23. 77.
2628 24. 76.
2629 24. 76.
2630 24. 76.
2631 24. 76.
2632 24. 76.
2633 24. 76.
2634 24. 76.
2635 23. 77.
2636 22. 78.
2637 23. 77.
2638 23. 77.
2639 23. 77.
2640 23. 77.
2641 23. 77.
2642 23. 77.
2643 23. 77.
2644 23. 77.
2645 23. 77.
2646 23. 77.
2647 23. 77.
2648 23. 77.
2649 22. 78.
2650 22. 78.
2651 22. 78.
2652 22. 78.
2653 22. 78.
2654 22. 78.
2655 22. 78.
2656 22. 78.
2657 22. 78.
2658 22. 78.
2659 22. 78.
2660 22. 78.
2661 23. 77.
2662 23. 77.
2663 23. 77.
2664 23. 77.
2665 23. 77.
2666 23. 77.
2667 23. 77.
2668 22. 78.
2669 22. 78.
2670 22. 78.
2671 22. 78.
2672 22. 78.
2673 22. 78.
2674 22. 78.
2675 22. 78.
2676 22. 78.
2677 22. 78.
2678 21. 79.
2679 21. 79.
2680 20. 80.
2681 20. 80.
2682 20. 80.
2683 20. 80.
2684 20. 80.
2685 20. 80.
2686 20. 80.
2687 19. 81.
2688 20. 80.
2689 20. 80.
2690 20. 80.
2691 20. 80.
2692 20. 80.
2693 20. 80.
2694 20. 80.
2695 21. 79.
2696 22. 78.
2697 23. 77.
2698 23. 77.
2699 23. 77.
2700 23. 77.
2701 23. 77.
2702 24. 76.
2703 24. 76.
2704 24. 76.
2705 24. 76.
2706 24. 76.
2707 24. 76.
2708 24. 76.
2709 24. 76.
2710 24. 76.
2711 24. 76.
2712 24. 76.
2713 24. 76.
2714 24. 76.
2715 24. 76.
2716 24. 76.
2717 24. 76.
2718 24. 76.
2719 24. 76.
2720 25. 75.
2721 25. 75.
2722 25. 75.
2723 25. 75.
2724 25. 75.
2725 25. 75.
2726 25. 75.
2727 25. 75.
2728 24. 76.
2729 24. 76.
2730 24. 76.
2731 24. 76.
2732 24. 76.
2733 24. 76.
2734 24. 76.
2735 23. 77.
2736 23. 77.
2737 23. 77.
2738 23. 77.
2739 23. 77.
2740 23. 77.
2741 23. 77.
2742 23. 77.
2743 23. 77.
2744 23. 77.
2745 23. 77.
2746 23. 77.
2747 23. 77.
2748 23. 77.
2749 24. 76.
2750 23. 77.
2751 23. 77.
2752 23. 77.
2753 23. 77.
2754 23. 77.
2755 23. 77.
2756 23. 77.
2757 22. 78.
2758 22. 78.
2759 22. 78.
2760 22. 78.
2761 22. 78.
2762 22. 78.
2763 22. 78.
2764 23. 77.
2765 23. 77.
2766 23. 77.
2767 22. 78.
2768 22. 78.
2769 22. 78.
2770 22. 78.
2771 22. 78.
2772 22. 78.
2773 22. 78.
2774 22. 78.
2775 22. 78.
2776 22. 78.
2777 22. 78.
2778 21. 79.
2779 21. 79.
2780 21. 79.
2781 21. 79.
2782 21. 79.
2783 22. 78.
2784 22. 78.
2785 21. 79.
2786 21. 79.
2787 21. 79.
2788 21. 79.
2789 21. 79.
2790 21. 79.
2791 20. 80.
2792 20. 80.
2793 20. 80.
2794 20. 80.
2795 20. 80.
2796 20. 80.
2797 20. 80.
2798 20. 80.
2799 20. 80.
2800 20. 80.
2801 20. 80.
2802 20. 80.
2803 19. 81.
2804 19. 81.
2805 19. 81.
2806 19. 81.
2807 19. 81.
2808 19. 81.
2809 19. 81.
2810 19. 81.
2811 19. 81.
2812 19. 81.
2813 19. 81.
2814 19. 81.
2815 19. 81.
2816 19. 81.
2817 19. 81.
2818 18. 82.
2819 18. 82.
2820 18. 82.
2821 17. 83.
2822 17. 83.
2823 16. 84.
2824 16. 84.
2825 16. 84.
2826 16. 84.
2827 16. 84.
2828 17. 83.
2829 17. 83.
2830 17. 83.
2831 16. 84.
2832 16. 84.
2833 16. 84.
2834 16. 84.
2835 15. 85.
2836 15. 85.
2837 15. 85.
2838 15. 85.
2839 15. 85.
2840 15. 85.
2841 15. 85.
2842 15. 85.
2843 15. 85.
2844 14. 86.
2845 14. 86.
2846 14. 86.
2847 14. 86.
2848 15. 85.
2849 15. 85.
2850 15. 85.
2851 15. 85.
2852 15. 85.
2853 16. 84.
2854 16. 84.
2855 16. 84.
2856 17. 83.
2857 17. 83.
2858 17. 83.
2859 16. 84.
2860 17. 83.
2861 17. 83.
2862 17. 83.
2863 17. 83.
2864 17. 83.
2865 16. 84.
2866 16. 84.
2867 16. 84.
2868 16. 84.
2869 16. 84.
2870 16. 84.
2871 17. 83.
2872 17. 83.
2873 17. 83.
2874 16. 84.
2875 17. 83.
2876 17. 83.
2877 18. 82.
2878 18. 82.
2879 18. 82.
2880 18. 82.
2881 18. 82.
2882 17. 83.
2883 17. 83.
2884 17. 83.
2885 17. 83.
2886 17. 83.
2887 17. 83.
2888 17. 83.
2889 17. 83.
2890 17. 83.
2891 18. 82.
2892 18. 82.
2893 18. 82.
2894 18. 82.
2895 18. 82.
2896 18. 82.
2897 18. 82.
2898 18. 82.
2899 18. 82.
2900 18. 82.
2901 18. 82.
2902 18. 82.
2903 18. 82.
2904 18. 82.
2905 18. 82.
2906 18. 82.
2907 18. 82.
2908 18. 82.
2909 18. 82.
2910 18. 82.
2911 19. 81.
2912 19. 81.
2913 19. 81.
2914 19. 81.
2915 19. 81.
2916 19. 81.
2917 19. 81.
2918 19. 81.
2919 19. 81.
2920 19. 81.
2921 19. 81.
2922 19. 81.
2923 19. 81.
2924 19. 81.
2925 19. 81.
2926 19. 81.
2927 19. 81.
2928 19. 81.
2929 19. 81.
2930 18. 82.
2931 18. 82.
2932 18. 82.
2933 18. 82.
2934 18. 82.
2935 18. 82.
2936 18. 82.
2937 18. 82.
2938 17. 83.
2939 17. 83.
2940 17. 83.
2941 17. 83.
2942 17. 83.
2943 17. 83.
2944 17. 83.
2945 17. 83.
2946 17. 83.
2947 17. 83.
2948 18. 82.
2949 18. 82.
2950 18. 82.
2951 18. 82.
2952 18. 82.
2953 18. 82.
2954 17. 83.
2955 17. 83.
2956 17. 83.
2957 17. 83.
2958 17. 83.
2959 17. 83.
2960 17. 83.
2961 16. 84.
2962 16. 84.
2963 16. 84.
2964 16. 84.
2965 16. 84.
2966 17. 83.
2967 17. 83.
2968 17. 83.
2969 17. 83.
2970 17. 83.
2971 17. 83.
2972 17. 83.
2973 17. 83.
2974 17. 83.
2975 17. 83.
2976 17. 83.
2977 17. 83.
2978 17. 83.
2979 17. 83.
2980 17. 83.
2981 17. 83.
2982 17. 83.
2983 17. 83.
2984 16. 84.
2985 15. 85.
2986 15. 85.
2987 15. 85.
2988 15. 85.
2989 15. 85.
2990 16. 84.
2991 16. 84.
2992 16. 84.
2993 16. 84.
2994 16. 84.
2995 16. 84.
2996 17. 83.
2997 17. 83.
2998 17. 83.
2999 17. 83.
3000 17. 83.
3001 17. 83.
3002 17. 83.
3003 17. 83.
3004 17. 83.
3005 17. 83.
3006 17. 83.
3007 17. 83.
3008 17. 83.
3009 17. 83.
3010 17. 83.
3011 17. 83.
3012 17. 83.
3013 17. 83.
3014 17. 83.
3015 17. 83.
3016 17. 83.
3017 17. 83.
3018 18. 82.
3019 18. 82.
3020 18. 82.
3021 18. 82.
3022 18. 82.
3023 18. 82.
3024 18. 82.
3025 18. 82.
3026 18. 82.
3027 18. 82.
3028 18. 82.
3029 18. 82.
3030 19. 81.
3031 19. 81.
3032 18. 82.
3033 18. 82.
3034 18. 82.
3035 18. 82.
3036 18. 82.
3037 18. 82.
3038 18. 82.
3039 18. 82.
3040 18. 82.
3041 18. 82.
3042 18. 82.
3043 18. 82.
3044 18. 82.
3045 18. 82.
3046 18. 82.
3047 19. 81.
3048 19. 81.
3049 19. 81.
3050 19. 81.
3051 19. 81.
3052 18. 82.
3053 18. 82.
3054 18. 82.
3055 18. 82.
3056 18. 82.
3057 18. 82.
3058 18. 82.
3059 18. 82.
3060 18. 82.
3061 18. 82.
3062 18. 82.
3063 18. 82.
3064 18. 82.
3065 18. 82.
3066 18. 82.
3067 18. 82.
3068 18. 82.
3069 18. 82.
3070 18. 82.
3071 18. 82.
3072 18. 82.
3073 18. 82.
3074 18. 82.
3075 18. 82.
3076 19. 81.
3077 19. 81.
3078 19. 81.
3079 18. 82.
3080 18. 82.
3081 18. 82.
3082 18. 82.
3083 18. 82.
3084 18. 82.
3085 18. 82.
3086 18. 82.
3087 19. 81.
3088 18. 82.
3089 18. 82.
3090 18. 82.
3091 18. 82.
3092 17. 83.
3093 17. 83.
3094 17. 83.
3095 17. 83.
3096 17. 83.
3097 17. 83.
3098 17. 83.
3099 17. 83.
3100 17. 83.
3101 17. 83.
3102 17. 83.
3103 17. 83.
3104 17. 83.
3105 16. 84.
3106 16. 84.
3107 16. 84.
3108 16. 84.
3109 16. 84.
3110 16. 84.
3111 16. 84.
3112 16. 84.
3113 16. 84.
3114 15. 85.
3115 15. 85.
3116 15. 85.
3117 14. 86.
3118 13. 87.
3119 13. 87.
3120 13. 87.
3121 13. 87.
3122 13. 87.
3123 14. 86.
3124 14. 86.
3125 14. 86.
3126 14. 86.
3127 14. 86.
3128 14. 86.
3129 14. 86.
3130 14. 86.
3131 14. 86.
3132 14. 86.
3133 14. 86.
3134 14. 86.
3135 14. 86.
3136 14. 86.
3137 14. 86.
3138 14. 86.
3139 13. 87.
3140 13. 87.
3141 13. 87.
3142 13. 87.
3143 13. 87.
3144 13. 87.
3145 13. 87.
3146 13. 87.
3147 14. 86.
3148 14. 86.
3149 14. 86.
3150 14. 86.
3151 13. 87.
3152 13. 87.
3153 13. 87.
3154 13. 87.
3155 13. 87.
3156 13. 87.
3157 13. 87.
3158 13. 87.
3159 13. 87.
3160 13. 87.
3161 13. 87.
3162 13. 87.
3163 13. 87.
3164 13. 87.
3165 13. 87.
3166 13. 87.
3167 13. 87.
3168 13. 87.
3169 13. 87.
3170 13. 87.
3171 13. 87.
3172 13. 87.
3173 13. 87.
3174 13. 87.
3175 13. 87.
3176 13. 87.
3177 13. 87.
3178 12. 88.
3179 12. 88.
3180 12. 88.
3181 12. 88.
3182 12. 88.
3183 12. 88.
3184 12. 88.
3185 12. 88.
3186 12. 88.
3187 12. 88.
3188 11. 89.
3189 11. 89.
3190 11. 89.
3191 11. 89.
3192 11. 89.
3193 11. 89.
3194 11. 89.
3195 11. 89.
3196 11. 89.
3197 12. 88.
3198 12. 88.
3199 12. 88.
3200 12. 88.
3201 12. 88.
3202 12. 88.
3203 11. 89.
3204 11. 89.
3205 10. 90.
3206 10. 90.
3207 10. 90.
3208 10. 90.
3209 10. 90.
3210 10. 90.
3211 10. 90.
3212 10. 90.
3213 10. 90.
3214 9. 91.
3215 8. 92.
3216 8. 92.
3217 8. 92.
3218 8. 92.
3219 8. 92.
3220 7. 93.
3221 7. 93.
3222 7. 93.
3223 7. 93.
3224 8. 92.
3225 8. 92.
3226 8. 92.
3227 8. 92.
3228 8. 92.
3229 8. 92.
3230 8. 92.
3231 8. 92.
3232 8. 92.
3233 8. 92.
3234 8. 92.
3235 8. 92.
3236 7. 93.
3237 7. 93.
3238 7. 93.
3239 7. 93.
3240 7. 93.
3241 6. 94.
3242 6. 94.
3243 6. 94.
3244 6. 94.
3245 7. 93.
3246 7. 93.
3247 7. 93.
3248 7. 93.
3249 7. 93.
3250 7. 93.
3251 7. 93.
3252 7. 93.
3253 7. 93.
3254 7. 93.
3255 7. 93.
3256 7. 93.
3257 7. 93.
3258 7. 93.
3259 7. 93.
3260 7. 93.
3261 7. 93.
3262 7. 93.
3263 7. 93.
3264 7. 93.
3265 7. 93.
3266 7. 93.
3267 7. 93.
3268 7. 93.
3269 7. 93.
3270 7. 93.
3271 7. 93.
3272 7. 93.
3273 6. 94.
3274 6. 94.
3275 6. 94.
3276 6. 94.
3277 6. 94.
3278 6. 94.
3279 6. 94.
3280 6. 94.
3281 6. 94.
3282 6. 94.
3283 6. 94.
3284 6. 94.
3285 6. 94.
3286 6. 94.
3287 7. 93.
3288 7. 93.
3289 7. 93.
3290 7. 93.
3291 7. 93.
3292 7. 93.
3293 7. 93.
3294 7. 93.
3295 7. 93.
3296 7. 93.
3297 7. 93.
3298 7. 93.
3299 7. 93.
3300 7. 93.
3301 7. 93.
3302 7. 93.
3303 7. 93.
3304 7. 93.
3305 7. 93.
3306 7. 93.
3307 7. 93.
3308 7. 93.
3309 7. 93.
3310 7. 93.
3311 7. 93.
3312 7. 93.
3313 7. 93.
3314 7. 93.
3315 7. 93.
3316 7. 93.
3317 7. 93.
3318 7. 93.
3319 7. 93.
3320 7. 93.
3321 8. 92.
3322 8. 92.
3323 9. 91.
3324 9. 91.
3325 9. 91.
3326 9. 91.
3327 9. 91.
3328 9. 91.
3329 9. 91.
3330 9. 91.
3331 10. 90.
3332 10. 90.
3333 10. 90.
3334 10. 90.
3335 10. 90.
3336 10. 90.
3337 10. 90.
3338 10. 90.
3339 10. 90.
3340 10. 90.
3341 10. 90.
3342 10. 90.
3343 9. 91.
3344 9. 91.
3345 9. 91.
3346 9. 91.
3347 9. 91.
3348 9. 91.
3349 9. 91.
3350 9. 91.
3351 9. 91.
3352 9. 91.
3353 9. 91.
3354 9. 91.
3355 9. 91.
3356 9. 91.
3357 9. 91.
3358 9. 91.
3359 9. 91.
3360 9. 91.
3361 9. 91.
3362 9. 91.
3363 9. 91.
3364 9. 91.
3365 9. 91.
3366 8. 92.
3367 8. 92.
3368 8. 92.
3369 8. 92.
3370 8. 92.
3371 8. 92.
3372 8. 92.
3373 9. 91.
3374 9. 91.
3375 9. 91.
3376 9. 91.
3377 9. 91.
3378 10. 90.
3379 10. 90.
3380 10. 90.
3381 10. 90.
3382 10. 90.
3383 10. 90.
3384 10. 90.
3385 10. 90.
3386 10. 90.
3387 9. 91.
3388 9. 91.
3389 9. 91.
3390 9. 91.
3391 9. 91.
3392 9. 91.
3393 9. 91.
3394 9. 91.
3395 9. 91.
3396 9. 91.
3397 9. 91.
3398 9. 91.
3399 9. 91.
3400 9. 91.
3401 9. 91.
3402 9. 91.
3403 9. 91.
3404 9. 91.
3405 9. 91.
3406 9. 91.
3407 9. 91.
3408 9. 91.
3409 9. 91.
3410 9. 91.
3411 9. 91.
3412 9. 91.
3413 10. 90.
3414 10. 90.
3415 10. 90.
3416 11. 89.
3417 11. 89.
3418 11. 89.
3419 11. 89.
3420 11. 89.
3421 11. 89.
3422 11. 89.
3423 11. 89.
3424 11. 89.
3425 11. 89.
3426 11. 89.
3427 11. 89.
3428 11. 89.
3429 11. 89.
3430 10. 90.
3431 10. 90.
3432 10. 90.
3433 10. 90.
3434 11. 89.
3435 11. 89.
3436 11. 89.
3437 10. 90.
3438 10. 90.
3439 10. 90.
3440 9. 91.
3441 9. 91.
3442 10. 90.
3443 10. 90.
3444 10. 90.
3445 10. 90.
3446 10. 90.
3447 10. 90.
3448 10. 90.
3449 10. 90.
3450 10. 90.
3451 10. 90.
3452 10. 90.
3453 11. 89.
3454 11. 89.
3455 11. 89.
3456 11. 89.
3457 11. 89.
3458 11. 89.
3459 11. 89.
3460 11. 89.
3461 11. 89.
3462 11. 89.
3463 11. 89.
3464 11. 89.
3465 11. 89.
3466 11. 89.
3467 11. 89.
3468 11. 89.
3469 11. 89.
3470 12. 88.
3471 12. 88.
3472 12. 88.
3473 12. 88.
3474 12. 88.
3475 12. 88.
3476 12. 88.
3477 12. 88.
3478 12. 88.
3479 12. 88.
3480 12. 88.
3481 12. 88.
3482 12. 88.
3483 12. 88.
3484 11. 89.
3485 10. 90.
3486 10. 90.
3487 10. 90.
3488 10. 90.
3489 10. 90.
3490 11. 89.
3491 11. 89.
3492 11. 89.
3493 11. 89.
3494 12. 88.
3495 11. 89.
3496 11. 89.
3497 12. 88.
3498 12. 88.
3499 12. 88.
3500 12. 88.
3501 12. 88.
3502 12. 88.
3503 12. 88.
3504 12. 88.
3505 12. 88.
3506 12. 88.
3507 11. 89.
3508 11. 89.
3509 10. 90.
3510 10. 90.
3511 9. 91.
3512 9. 91.
3513 9. 91.
3514 9. 91.
3515 9. 91.
3516 9. 91.
3517 9. 91.
3518 9. 91.
3519 9. 91.
3520 9. 91.
3521 9. 91.
3522 9. 91.
3523 9. 91.
3524 9. 91.
3525 9. 91.
3526 9. 91.
3527 9. 91.
3528 9. 91.
3529 9. 91.
3530 9. 91.
3531 8. 92.
3532 8. 92.
3533 8. 92.
3534 8. 92.
3535 8. 92.
3536 8. 92.
3537 8. 92.
3538 8. 92.
3539 8. 92.
3540 9. 91.
3541 9. 91.
3542 9. 91.
3543 9. 91.
3544 9. 91.
3545 9. 91.
3546 9. 91.
3547 9. 91.
3548 9. 91.
3549 9. 91.
3550 9. 91.
3551 9. 91.
3552 9. 91.
3553 9. 91.
3554 9. 91.
3555 9. 91.
3556 10. 90.
3557 10. 90.
3558 10. 90.
3559 10. 90.
3560 10. 90.
3561 10. 90.
3562 10. 90.
3563 10. 90.
3564 10. 90.
3565 10. 90.
3566 10. 90.
3567 9. 91.
3568 9. 91.
3569 9. 91.
3570 9. 91.
3571 9. 91.
3572 9. 91.
3573 9. 91.
3574 9. 91.
3575 9. 91.
3576 9. 91.
3577 9. 91.
3578 9. 91.
3579 9. 91.
3580 9. 91.
3581 9. 91.
3582 9. 91.
3583 9. 91.
3584 9. 91.
3585 9. 91.
3586 9. 91.
3587 9. 91.
3588 9. 91.
3589 8. 92.
3590 8. 92.
3591 8. 92.
3592 8. 92.
3593 8. 92.
3594 8. 92.
3595 8. 92.
3596 8. 92.
3597 8. 92.
3598 9. 91.
3599 9. 91.
3600 9. 91.
3601 9. 91.
3602 9. 91.
3603 9. 91.
3604 9. 91.
3605 9. 91.
3606 9. 91.
3607 9. 91.
3608 9. 91.
3609 9. 91.
3610 9. 91.
3611 10. 90.
3612 9. 91.
3613 9. 91.
3614 9. 91.
3615 9. 91.
3616 9. 91.
3617 9. 91.
3618 9. 91.
3619 9. 91.
3620 9. 91.
3621 10. 90.
3622 10. 90.
3623 10. 90.
3624 10. 90.
3625 10. 90.
3626 10. 90.
3627 11. 89.
3628 11. 89.
3629 11. 89.
3630 11. 89.
3631 11. 89.
3632 11. 89.
3633 11. 89.
3634 11. 89.
3635 11. 89.
3636 11. 89.
3637 11. 89.
3638 11. 89.
3639 11. 89.
3640 11. 89.
3641 10. 90.
3642 10. 90.
3643 10. 90.
3644 10. 90.
3645 10. 90.
3646 10. 90.
3647 10. 90.
3648 10. 90.
3649 10. 90.
3650 9. 91.
3651 9. 91.
3652 9. 91.
3653 9. 91.
3654 9. 91.
3655 9. 91.
3656 9. 91.
3657 9. 91.
3658 9. 91.
3659 9. 91.
3660 9. 91.
3661 9. 91.
3662 9. 91.
3663 9. 91.
3664 9. 91.
3665 9. 91.
3666 9. 91.
3667 9. 91.
3668 9. 91.
3669 9. 91.
3670 9. 91.
3671 9. 91.
3672 9. 91.
3673 9. 91.
3674 9. 91.
3675 8. 92.
3676 8. 92.
3677 8. 92.
3678 9. 91.
3679 9. 91.
3680 9. 91.
3681 9. 91.
3682 9. 91.
3683 9. 91.
3684 9. 91.
3685 9. 91.
3686 9. 91.
3687 9. 91.
3688 9. 91.
3689 8. 92.
3690 8. 92.
3691 8. 92.
3692 8. 92.
3693 8. 92.
3694 8. 92.
3695 8. 92.
3696 8. 92.
3697 8. 92.
3698 7. 93.
3699 7. 93.
3700 7. 93.
3701 7. 93.
3702 7. 93.
3703 7. 93.
3704 7. 93.
3705 7. 93.
3706 7. 93.
3707 7. 93.
3708 8. 92.
3709 8. 92.
3710 8. 92.
3711 7. 93.
3712 7. 93.
3713 7. 93.
3714 8. 92.
3715 8. 92.
3716 8. 92.
3717 8. 92.
3718 8. 92.
3719 8. 92.
3720 8. 92.
3721 8. 92.
3722 8. 92.
3723 8. 92.
3724 8. 92.
3725 8. 92.
3726 8. 92.
3727 8. 92.
3728 8. 92.
3729 8. 92.
3730 9. 91.
3731 9. 91.
3732 9. 91.
3733 8. 92.
3734 8. 92.
3735 8. 92.
3736 8. 92.
3737 8. 92.
3738 8. 92.
3739 8. 92.
3740 8. 92.
3741 9. 91.
3742 9. 91.
3743 9. 91.
3744 9. 91.
3745 9. 91.
3746 9. 91.
3747 9. 91.
3748 9. 91.
3749 9. 91.
3750 9. 91.
3751 9. 91.
3752 9. 91.
3753 9. 91.
3754 10. 90.
3755 9. 91.
3756 9. 91.
3757 9. 91.
3758 9. 91.
3759 9. 91.
3760 9. 91.
3761 9. 91.
3762 9. 91.
3763 10. 90.
3764 10. 90.
3765 10. 90.
3766 10. 90.
3767 10. 90.
3768 10. 90.
3769 11. 89.
3770 11. 89.
3771 11. 89.
3772 11. 89.
3773 11. 89.
3774 11. 89.
3775 12. 88.
3776 11. 89.
3777 11. 89.
3778 10. 90.
3779 10. 90.
3780 10. 90.
3781 10. 90.
3782 10. 90.
3783 10. 90.
3784 10. 90.
3785 10. 90.
3786 10. 90.
3787 10. 90.
3788 9. 91.
3789 10. 90.
3790 10. 90.
3791 10. 90.
3792 10. 90.
3793 10. 90.
3794 10. 90.
3795 10. 90.
3796 10. 90.
3797 10. 90.
3798 10. 90.
3799 10. 90.
3800 10. 90.
3801 10. 90.
3802 10. 90.
3803 10. 90.
3804 10. 90.
3805 10. 90.
3806 10. 90.
3807 10. 90.
3808 10. 90.
3809 10. 90.
3810 10. 90.
3811 10. 90.
3812 9. 91.
3813 9. 91.
3814 9. 91.
3815 9. 91.
3816 9. 91.
3817 9. 91.
3818 9. 91.
3819 10. 90.
3820 10. 90.
3821 10. 90.
3822 10. 90.
3823 10. 90.
3824 10. 90.
3825 10. 90.
3826 10. 90.
3827 10. 90.
3828 10. 90.
3829 10. 90.
3830 11. 89.
3831 11. 89.
3832 11. 89.
3833 11. 89.
3834 11. 89.
3835 11. 89.
3836 10. 90.
3837 10. 90.
3838 10. 90.
3839 10. 90.
3840 10. 90.
3841 10. 90.
3842 10. 90.
3843 10. 90.
3844 10. 90.
3845 10. 90.
3846 11. 89.
3847 11. 89.
3848 11. 89.
3849 11. 89.
3850 11. 89.
3851 11. 89.
3852 11. 89.
3853 11. 89.
3854 11. 89.
3855 11. 89.
3856 11. 89.
3857 11. 89.
3858 11. 89.
3859 11. 89.
3860 11. 89.
3861 11. 89.
3862 10. 90.
3863 9. 91.
3864 9. 91.
3865 9. 91.
3866 9. 91.
3867 10. 90.
3868 9. 91.
3869 9. 91.
3870 9. 91.
3871 9. 91.
3872 9. 91.
3873 9. 91.
3874 9. 91.
3875 9. 91.
3876 9. 91.
3877 9. 91.
3878 9. 91.
3879 9. 91.
3880 9. 91.
3881 9. 91.
3882 10. 90.
3883 10. 90.
3884 10. 90.
3885 10. 90.
3886 10. 90.
3887 10. 90.
3888 10. 90.
3889 10. 90.
3890 10. 90.
3891 10. 90.
3892 10. 90.
3893 10. 90.
3894 11. 89.
3895 11. 89.
3896 11. 89.
3897 11. 89.
3898 11. 89.
3899 12. 88.
3900 12. 88.
3901 12. 88.
3902 11. 89.
3903 11. 89.
3904 11. 89.
3905 11. 89.
3906 11. 89.
3907 11. 89.
3908 11. 89.
3909 11. 89.
3910 11. 89.
3911 11. 89.
3912 11. 89.
3913 11. 89.
3914 11. 89.
3915 11. 89.
3916 11. 89.
3917 11. 89.
3918 11. 89.
3919 11. 89.
3920 11. 89.
3921 11. 89.
3922 11. 89.
3923 11. 89.
3924 11. 89.
3925 11. 89.
3926 11. 89.
3927 11. 89.
3928 11. 89.
3929 11. 89.
3930 11. 89.
3931 11. 89.
3932 11. 89.
3933 11. 89.
3934 10. 90.
3935 10. 90.
3936 10. 90.
3937 9. 91.
3938 9. 91.
3939 9. 91.
3940 9. 91.
3941 9. 91.
3942 9. 91.
3943 9. 91.
3944 9. 91.
3945 9. 91.
3946 9. 91.
3947 9. 91.
3948 8. 92.
3949 8. 92.
3950 8. 92.
3951 8. 92.
3952 8. 92.
3953 8. 92.
3954 9. 91.
3955 9. 91.
3956 8. 92.
3957 8. 92.
3958 8. 92.
3959 8. 92.
3960 8. 92.
3961 8. 92.
3962 8. 92.
3963 8. 92.
3964 8. 92.
3965 8. 92.
3966 8. 92.
3967 8. 92.
3968 8. 92.
3969 8. 92.
3970 8. 92.
3971 8. 92.
3972 8. 92.
3973 9. 91.
3974 9. 91.
3975 9. 91.
3976 9. 91.
3977 9. 91.
3978 9. 91.
3979 10. 90.
3980 10. 90.
3981 11. 89.
3982 11. 89.
3983 11. 89.
3984 11. 89.
3985 11. 89.
3986 11. 89.
3987 11. 89.
3988 11. 89.
3989 11. 89.
3990 11. 89.
3991 11. 89.
3992 11. 89.
3993 10. 90.
3994 10. 90.
3995 10. 90.
3996 10. 90.
3997 10. 90.
3998 10. 90.
3999 10. 90.
4000 10. 90.
4001 10. 90.
4002 10. 90.
4003 10. 90.
4004 10. 90.
4005 10. 90.
4006 10. 90.
4007 11. 89.
4008 11. 89.
4009 11. 89.
4010 11. 89.
4011 11. 89.
4012 11. 89.
4013 11. 89.
4014 11. 89.
4015 11. 89.
4016 11. 89.
4017 11. 89.
4018 11. 89.
4019 11. 89.
4020 11. 89.
4021 11. 89.
4022 11. 89.
4023 11. 89.
4024 11. 89.
4025 11. 89.
4026 11. 89.
4027 11. 89.
4028 11. 89.
4029 11. 89.
4030 11. 89.
4031 11. 89.
4032 11. 89.
4033 11. 89.
4034 11. 89.
4035 11. 89.
4036 11. 89.
4037 11. 89.
4038 11. 89.
4039 11. 89.
4040 11. 89.
4041 11. 89.
4042 11. 89.
4043 11. 89.
4044 11. 89.
4045 11. 89.
4046 11. 89.
4047 11. 89.
4048 11. 89.
4049 11. 89.
4050 11. 89.
4051 11. 89.
4052 11. 89.
4053 11. 89.
4054 11. 89.
4055 11. 89.
4056 11. 89.
4057 11. 89.
4058 11. 89.
4059 11. 89.
4060 11. 89.
4061 11. 89.
4062 11. 89.
4063 11. 89.
4064 11. 89.
4065 11. 89.
4066 11. 89.
4067 11. 89.
4068 11. 89.
4069 11. 89.
4070 11. 89.
4071 11. 89.
4072 11. 89.
4073 12. 88.
4074 12. 88.
4075 12. 88.
4076 12. 88.
4077 12. 88.
4078 12. 88.
4079 11. 89.
4080 11. 89.
4081 11. 89.
4082 11. 89.
4083 11. 89.
4084 11. 89.
4085 11. 89.
4086 11. 89.
4087 11. 89.
4088 11. 89.
4089 11. 89.
4090 11. 89.
4091 11. 89.
4092 11. 89.
4093 11. 89.
4094 11. 89.
4095 11. 89.
4096 11. 89.
4097 11. 89.
4098 11. 89.
4099 11. 89.
4100 10. 90.
4101 10. 90.
4102 10. 90.
4103 10. 90.
4104 10. 90.
4105 10. 90.
4106 10. 90.
4107 10. 90.
4108 10. 90.
4109 11. 89.
4110 10. 90.
4111 10. 90.
4112 10. 90.
4113 10. 90.
4114 10. 90.
4115 10. 90.
4116 10. 90.
4117 10. 90.
4118 10. 90.
4119 10. 90.
4120 10. 90.
4121 10. 90.
4122 10. 90.
4123 10. 90.
4124 10. 90.
4125 10. 90.
4126 10. 90.
4127 10. 90.
4128 10. 90.
4129 10. 90.
4130 10. 90.
4131 10. 90.
4132 10. 90.
4133 10. 90.
4134 10. 90.
4135 10. 90.
4136 10. 90.
4137 10. 90.
4138 10. 90.
4139 10. 90.
4140 10. 90.
4141 10. 90.
4142 10. 90.
4143 10. 90.
4144 9. 91.
4145 8. 92.
4146 8. 92.
4147 8. 92.
4148 8. 92.
4149 8. 92.
4150 8. 92.
4151 8. 92.
4152 8. 92.
4153 8. 92.
4154 7. 93.
4155 7. 93.
4156 7. 93.
4157 7. 93.
4158 8. 92.
4159 9. 91.
4160 9. 91.
4161 9. 91.
4162 9. 91.
4163 9. 91.
4164 10. 90.
4165 10. 90.
4166 10. 90.
4167 10. 90.
4168 10. 90.
4169 10. 90.
4170 10. 90.
4171 10. 90.
4172 10. 90.
4173 9. 91.
4174 9. 91.
4175 10. 90.
4176 10. 90.
4177 10. 90.
4178 10. 90.
4179 9. 91.
4180 9. 91.
4181 9. 91.
4182 9. 91.
4183 8. 92.
4184 8. 92.
4185 8. 92.
4186 8. 92.
4187 8. 92.
4188 8. 92.
4189 8. 92.
4190 8. 92.
4191 8. 92.
4192 8. 92.
4193 7. 93.
4194 7. 93.
4195 7. 93.
4196 6. 94.
4197 7. 93.
4198 7. 93.
4199 7. 93.
4200 7. 93.
4201 7. 93.
4202 7. 93.
4203 7. 93.
4204 7. 93.
4205 7. 93.
4206 7. 93.
4207 7. 93.
4208 7. 93.
4209 7. 93.
4210 7. 93.
4211 7. 93.
4212 7. 93.
4213 7. 93.
4214 7. 93.
4215 7. 93.
4216 7. 93.
4217 7. 93.
4218 8. 92.
4219 8. 92.
4220 8. 92.
4221 8. 92.
4222 8. 92.
4223 8. 92.
4224 8. 92.
4225 8. 92.
4226 8. 92.
4227 8. 92.
4228 8. 92.
4229 8. 92.
4230 8. 92.
4231 8. 92.
4232 8. 92.
4233 8. 92.
4234 8. 92.
4235 8. 92.
4236 8. 92.
4237 8. 92.
4238 8. 92.
4239 8. 92.
4240 8. 92.
4241 8. 92.
4242 8. 92.
4243 8. 92.
4244 7. 93.
4245 7. 93.
4246 7. 93.
4247 7. 93.
4248 7. 93.
4249 7. 93.
4250 7. 93.
4251 7. 93.
4252 7. 93.
4253 7. 93.
4254 7. 93.
4255 7. 93.
4256 7. 93.
4257 7. 93.
4258 7. 93.
4259 7. 93.
4260 7. 93.
4261 7. 93.
4262 7. 93.
4263 7. 93.
4264 7. 93.
4265 7. 93.
4266 7. 93.
4267 7. 93.
4268 7. 93.
4269 7. 93.
4270 7. 93.
4271 7. 93.
4272 7. 93.
4273 7. 93.
4274 7. 93.
4275 7. 93.
4276 7. 93.
4277 7. 93.
4278 7. 93.
4279 7. 93.
4280 7. 93.
4281 6. 94.
4282 6. 94.
4283 7. 93.
4284 8. 92.
4285 8. 92.
4286 8. 92.
4287 8. 92.
4288 8. 92.
4289 8. 92.
4290 8. 92.
4291 8. 92.
4292 8. 92.
4293 8. 92.
4294 8. 92.
4295 8. 92.
4296 8. 92.
4297 8. 92.
4298 8. 92.
4299 8. 92.
4300 8. 92.
4301 8. 92.
4302 8. 92.
4303 8. 92.
4304 8. 92.
4305 8. 92.
4306 8. 92.
4307 8. 92.
4308 8. 92.
4309 8. 92.
4310 8. 92.
4311 8. 92.
4312 8. 92.
4313 8. 92.
4314 8. 92.
4315 8. 92.
4316 8. 92.
4317 8. 92.
4318 7. 93.
4319 7. 93.
4320 7. 93.
4321 7. 93.
4322 7. 93.
4323 7. 93.
4324 7. 93.
4325 7. 93.
4326 7. 93.
4327 7. 93.
4328 7. 93.
4329 7. 93.
4330 7. 93.
4331 8. 92.
4332 8. 92.
4333 8. 92.
4334 8. 92.
4335 8. 92.
4336 8. 92.
4337 8. 92.
4338 9. 91.
4339 9. 91.
4340 9. 91.
4341 9. 91.
4342 9. 91.
4343 9. 91.
4344 8. 92.
4345 8. 92.
4346 8. 92.
4347 8. 92.
4348 8. 92.
4349 8. 92.
4350 8. 92.
4351 8. 92.
4352 8. 92.
4353 8. 92.
4354 8. 92.
4355 8. 92.
4356 8. 92.
4357 8. 92.
4358 8. 92.
4359 8. 92.
4360 8. 92.
4361 8. 92.
4362 8. 92.
4363 8. 92.
4364 8. 92.
4365 8. 92.
4366 8. 92.
4367 8. 92.
4368 8. 92.
4369 8. 92.
4370 8. 92.
4371 8. 92.
4372 8. 92.
4373 8. 92.
4374 8. 92.
4375 8. 92.
4376 8. 92.
4377 8. 92.
4378 8. 92.
4379 8. 92.
4380 8. 92.
4381 8. 92.
4382 8. 92.
4383 8. 92.
4384 8. 92.
4385 8. 92.
4386 8. 92.
4387 8. 92.
4388 8. 92.
4389 8. 92.
4390 8. 92.
4391 8. 92.
4392 8. 92.
4393 7. 93.
4394 7. 93.
4395 7. 93.
4396 7. 93.
4397 7. 93.
4398 7. 93.
4399 7. 93.
4400 7. 93.
4401 7. 93.
4402 7. 93.
4403 7. 93.
4404 7. 93.
4405 7. 93.
4406 7. 93.
4407 7. 93.
4408 7. 93.
4409 8. 92.
4410 8. 92.
4411 8. 92.
4412 8. 92.
4413 8. 92.
4414 8. 92.
4415 8. 92.
4416 8. 92.
4417 8. 92.
4418 8. 92.
4419 8. 92.
4420 8. 92.
4421 8. 92.
4422 8. 92.
4423 8. 92.
4424 8. 92.
4425 8. 92.
4426 8. 92.
4427 8. 92.
4428 8. 92.
4429 8. 92.
4430 7. 93.
4431 7. 93.
4432 7. 93.
4433 7. 93.
4434 7. 93.
4435 7. 93.
4436 7. 93.
4437 7. 93.
4438 7. 93.
4439 7. 93.
4440 7. 93.
4441 7. 93.
4442 7. 93.
4443 7. 93.
4444 7. 93.
4445 7. 93.
4446 7. 93.
4447 8. 92.
4448 8. 92.
4449 8. 92.
4450 8. 92.
4451 8. 92.
4452 8. 92.
4453 8. 92.
4454 8. 92.
4455 8. 92.
4456 8. 92.
4457 8. 92.
4458 8. 92.
4459 8. 92.
4460 8. 92.
4461 8. 92.
4462 8. 92.
4463 8. 92.
4464 8. 92.
4465 8. 92.
4466 8. 92.
4467 8. 92.
4468 8. 92.
4469 8. 92.
4470 8. 92.
4471 8. 92.
4472 9. 91.
4473 9. 91.
4474 9. 91.
4475 9. 91.
4476 9. 91.
4477 9. 91.
4478 9. 91.
4479 9. 91.
4480 9. 91.
4481 9. 91.
4482 9. 91.
4483 9. 91.
4484 9. 91.
4485 9. 91.
4486 9. 91.
4487 8. 92.
4488 9. 91.
4489 9. 91.
4490 9. 91.
4491 9. 91.
4492 9. 91.
4493 9. 91.
4494 9. 91.
4495 9. 91.
4496 9. 91.
4497 9. 91.
4498 9. 91.
4499 9. 91.
4500 9. 91.
4501 9. 91.
4502 9. 91.
4503 9. 91.
4504 9. 91.
4505 9. 91.
4506 9. 91.
4507 9. 91.
4508 9. 91.
4509 9. 91.
4510 9. 91.
4511 9. 91.
4512 9. 91.
4513 9. 91.
4514 9. 91.
4515 9. 91.
4516 9. 91.
4517 9. 91.
4518 9. 91.
4519 8. 92.
4520 8. 92.
4521 8. 92.
4522 8. 92.
4523 8. 92.
4524 8. 92.
4525 8. 92.
4526 8. 92.
4527 8. 92.
4528 8. 92.
4529 8. 92.
4530 8. 92.
4531 8. 92.
4532 8. 92.
4533 8. 92.
4534 8. 92.
4535 8. 92.
4536 8. 92.
4537 8. 92.
4538 8. 92.
4539 8. 92.
4540 8. 92.
4541 8. 92.
4542 8. 92.
4543 8. 92.
4544 8. 92.
4545 9. 91.
4546 9. 91.
4547 9. 91.
4548 9. 91.
4549 9. 91.
4550 9. 91.
4551 9. 91.
4552 8. 92.
4553 8. 92.
4554 8. 92.
4555 8. 92.
4556 8. 92.
4557 8. 92.
4558 8. 92.
4559 8. 92.
4560 8. 92.
4561 8. 92.
4562 8. 92.
4563 8. 92.
4564 8. 92.
4565 8. 92.
4566 8. 92.
4567 8. 92.
4568 8. 92.
4569 8. 92.
4570 7. 93.
4571 7. 93.
4572 7. 93.
4573 7. 93.
4574 7. 93.
4575 7. 93.
4576 7. 93.
4577 7. 93.
4578 7. 93.
4579 6. 94.
4580 6. 94.
4581 6. 94.
4582 6. 94.
4583 6. 94.
4584 5. 95.
4585 5. 95.
4586 5. 95.
4587 5. 95.
4588 5. 95.
4589 5. 95.
4590 5. 95.
4591 5. 95.
4592 5. 95.
4593 5. 95.
4594 5. 95.
4595 5. 95.
4596 5. 95.
4597 5. 95.
4598 5. 95.
4599 5. 95.
4600 5. 95.
4601 5. 95.
4602 5. 95.
4603 5. 95.
4604 5. 95.
4605 5. 95.
4606 5. 95.
4607 5. 95.
4608 5. 95.
4609 5. 95.
4610 5. 95.
4611 5. 95.
4612 5. 95.
4613 5. 95.
4614 5. 95.
4615 5. 95.
4616 5. 95.
4617 5. 95.
4618 5. 95.
4619 5. 95.
4620 5. 95.
4621 5. 95.
4622 5. 95.
4623 5. 95.
4624 5. 95.
4625 5. 95.
4626 5. 95.
4627 5. 95.
4628 5. 95.
4629 5. 95.
4630 5. 95.
4631 5. 95.
4632 5. 95.
4633 5. 95.
4634 5. 95.
4635 5. 95.
4636 5. 95.
4637 5. 95.
4638 5. 95.
4639 5. 95.
4640 5. 95.
4641 4. 96.
4642 4. 96.
4643 4. 96.
4644 4. 96.
4645 4. 96.
4646 4. 96.
4647 4. 96.
4648 4. 96.
4649 4. 96.
4650 4. 96.
4651 4. 96.
4652 4. 96.
4653 4. 96.
4654 4. 96.
4655 4. 96.
4656 4. 96.
4657 4. 96.
4658 4. 96.
4659 4. 96.
4660 4. 96.
4661 4. 96.
4662 4. 96.
4663 4. 96.
4664 4. 96.
4665 4. 96.
4666 4. 96.
4667 4. 96.
4668 4. 96.
4669 4. 96.
4670 4. 96.
4671 4. 96.
4672 4. 96.
4673 4. 96.
4674 4. 96.
4675 4. 96.
4676 5. 95.
4677 5. 95.
4678 5. 95.
4679 5. 95.
4680 5. 95.
4681 5. 95.
4682 5. 95.
4683 5. 95.
4684 5. 95.
4685 5. 95.
4686 5. 95.
4687 5. 95.
4688 5. 95.
4689 5. 95.
4690 5. 95.
4691 5. 95.
4692 5. 95.
4693 5. 95.
4694 5. 95.
4695 5. 95.
4696 5. 95.
4697 6. 94.
4698 6. 94.
4699 6. 94.
4700 6. 94.
4701 6. 94.
4702 6. 94.
4703 6. 94.
4704 6. 94.
4705 6. 94.
4706 6. 94.
4707 6. 94.
4708 6. 94.
4709 6. 94.
4710 6. 94.
4711 6. 94.
4712 6. 94.
4713 6. 94.
4714 6. 94.
4715 6. 94.
4716 6. 94.
4717 6. 94.
4718 6. 94.
4719 6. 94.
4720 6. 94.
4721 6. 94.
4722 6. 94.
4723 6. 94.
4724 6. 94.
4725 6. 94.
4726 6. 94.
4727 6. 94.
4728 6. 94.
4729 6. 94.
4730 6. 94.
4731 6. 94.
4732 6. 94.
4733 6. 94.
4734 6. 94.
4735 6. 94.
4736 6. 94.
4737 6. 94.
4738 6. 94.
4739 6. 94.
4740 6. 94.
4741 6. 94.
4742 6. 94.
4743 6. 94.
4744 6. 94.
4745 6. 94.
4746 6. 94.
4747 6. 94.
4748 6. 94.
4749 6. 94.
4750 6. 94.
4751 6. 94.
4752 6. 94.
4753 6. 94.
4754 6. 94.
4755 6. 94.
4756 6. 94.
4757 6. 94.
4758 6. 94.
4759 6. 94.
4760 6. 94.
4761 6. 94.
4762 6. 94.
4763 6. 94.
4764 6. 94.
4765 6. 94.
4766 6. 94.
4767 6. 94.
4768 6. 94.
4769 6. 94.
4770 6. 94.
4771 6. 94.
4772 6. 94.
4773 6. 94.
4774 6. 94.
4775 6. 94.
4776 6. 94.
4777 6. 94.
4778 5. 95.
4779 5. 95.
4780 5. 95.
4781 5. 95.
4782 5. 95.
4783 5. 95.
4784 5. 95.
4785 5. 95.
4786 5. 95.
4787 5. 95.
4788 5. 95.
4789 5. 95.
4790 5. 95.
4791 5. 95.
4792 5. 95.
4793 5. 95.
4794 4. 96.
4795 4. 96.
4796 4. 96.
4797 4. 96.
4798 4. 96.
4799 4. 96.
4800 4. 96.
4801 4. 96.
4802 4. 96.
4803 4. 96.
4804 4. 96.
4805 4. 96.
4806 4. 96.
4807 4. 96.
4808 4. 96.
4809 4. 96.
4810 4. 96.
4811 4. 96.
4812 4. 96.
4813 4. 96.
4814 4. 96.
4815 4. 96.
4816 4. 96.
4817 4. 96.
4818 4. 96.
4819 4. 96.
4820 4. 96.
4821 4. 96.
4822 4. 96.
4823 4. 96.
4824 4. 96.
4825 4. 96.
4826 4. 96.
4827 4. 96.
4828 4. 96.
4829 4. 96.
4830 4. 96.
4831 4. 96.
4832 4. 96.
4833 4. 96.
4834 4. 96.
4835 4. 96.
4836 4. 96.
4837 4. 96.
4838 4. 96.
4839 4. 96.
4840 4. 96.
4841 3. 97.
4842 3. 97.
4843 4. 96.
4844 4. 96.
4845 4. 96.
4846 4. 96.
4847 4. 96.
4848 4. 96.
4849 4. 96.
4850 4. 96.
4851 4. 96.
4852 4. 96.
4853 4. 96.
4854 4. 96.
4855 4. 96.
4856 4. 96.
4857 4. 96.
4858 4. 96.
4859 4. 96.
4860 4. 96.
4861 4. 96.
4862 4. 96.
4863 3. 97.
4864 3. 97.
4865 3. 97.
4866 3. 97.
4867 3. 97.
4868 3. 97.
4869 3. 97.
4870 3. 97.
4871 3. 97.
4872 3. 97.
4873 3. 97.
4874 3. 97.
4875 3. 97.
4876 3. 97.
4877 3. 97.
4878 3. 97.
4879 3. 97.
4880 3. 97.
4881 3. 97.
4882 3. 97.
4883 3. 97.
4884 3. 97.
4885 3. 97.
4886 3. 97.
4887 3. 97.
4888 3. 97.
4889 3. 97.
4890 3. 97.
4891 3. 97.
4892 3. 97.
4893 3. 97.
4894 3. 97.
4895 3. 97.
4896 3. 97.
4897 3. 97.
4898 3. 97.
4899 3. 97.
4900 3. 97.
4901 3. 97.
4902 3. 97.
4903 3. 97.
4904 3. 97.
4905 3. 97.
4906 3. 97.
4907 3. 97.
4908 3. 97.
4909 3. 97.
4910 3. 97.
4911 3. 97.
4912 3. 97.
4913 3. 97.
4914 3. 97.
4915 3. 97.
4916 3. 97.
4917 3. 97.
4918 3. 97.
4919 3. 97.
4920 3. 97.
4921 3. 97.
4922 3. 97.
4923 3. 97.
4924 3. 97.
4925 3. 97.
4926 3. 97.
4927 3. 97.
4928 3. 97.
4929 3. 97.
4930 3. 97.
4931 3. 97.
4932 3. 97.
4933 3. 97.
4934 3. 97.
4935 3. 97.
4936 3. 97.
4937 3. 97.
4938 3. 97.
4939 4. 96.
4940 4. 96.
4941 4. 96.
4942 4. 96.
4943 4. 96.
4944 4. 96.
4945 4. 96.
4946 4. 96.
4947 4. 96.
4948 4. 96.
4949 4. 96.
4950 4. 96.
4951 4. 96.
4952 4. 96.
4953 4. 96.
4954 4. 96.
4955 4. 96.
4956 4. 96.
4957 4. 96.
4958 4. 96.
4959 4. 96.
4960 4. 96.
4961 4. 96.
4962 4. 96.
4963 4. 96.
4964 4. 96.
4965 4. 96.
4966 4. 96.
4967 4. 96.
4968 4. 96.
4969 4. 96.
4970 4. 96.
4971 4. 96.
4972 4. 96.
4973 4. 96.
4974 4. 96.
4975 4. 96.
4976 4. 96.
4977 4. 96.
4978 4. 96.
4979 4. 96.
4980 4. 96.
4981 4. 96.
4982 4. 96.
4983 4. 96.
4984 4. 96.
4985 4. 96.
4986 4. 96.
4987 4. 96.
4988 4. 96.
4989 5. 95.
4990 5. 95.
4991 5. 95.
4992 5. 95.
4993 5. 95.
4994 5. 95.
4995 5. 95.
4996 5. 95.
4997 5. 95.
4998 5. 95.
4999 5. 95.
5000 5. 95.
5001 5. 95.
5002 5. 95.
5003 5. 95.
5004 5. 95.
5005 5. 95.
5006 5. 95.
5007 5. 95.
5008 5. 95.
5009 6. 94.
5010 6. 94.
5011 6. 94.
5012 6. 94.
5013 6. 94.
5014 6. 94.
5015 6. 94.
5016 6. 94.
5017 6. 94.
5018 6. 94.
5019 6. 94.
5020 6. 94.
5021 6. 94.
5022 6. 94.
5023 6. 94.
5024 6. 94.
5025 6. 94.
5026 6. 94.
5027 6. 94.
5028 6. 94.
5029 6. 94.
5030 7. 93.
5031 7. 93.
5032 7. 93.
5033 7. 93.
5034 7. 93.
5035 7. 93.
5036 7. 93.
5037 7. 93.
5038 7. 93.
5039 7. 93.
5040 7. 93.
5041 7. 93.
5042 7. 93.
5043 7. 93.
5044 7. 93.
5045 7. 93.
5046 7. 93.
5047 7. 93.
5048 7. 93.
5049 7. 93.
5050 7. 93.
5051 7. 93.
5052 7. 93.
5053 7. 93.
5054 7. 93.
5055 7. 93.
5056 7. 93.
5057 7. 93.
5058 7. 93.
5059 7. 93.
5060 7. 93.
5061 7. 93.
5062 6. 94.
5063 6. 94.
5064 6. 94.
5065 6. 94.
5066 6. 94.
5067 6. 94.
5068 6. 94.
5069 6. 94.
5070 6. 94.
5071 6. 94.
5072 6. 94.
5073 6. 94.
5074 6. 94.
5075 6. 94.
5076 6. 94.
5077 6. 94.
5078 6. 94.
5079 6. 94.
5080 6. 94.
5081 6. 94.
5082 6. 94.
5083 6. 94.
5084 6. 94.
5085 6. 94.
5086 6. 94.
5087 6. 94.
5088 6. 94.
5089 6. 94.
5090 6. 94.
5091 6. 94.
5092 6. 94.
5093 6. 94.
5094 6. 94.
5095 6. 94.
5096 6. 94.
5097 6. 94.
5098 6. 94.
5099 6. 94.
5100 6. 94.
5101 6. 94.
5102 6. 94.
5103 6. 94.
5104 6. 94.
5105 6. 94.
5106 5. 95.
5107 5. 95.
5108 5. 95.
5109 4. 96.
5110 4. 96.
5111 4. 96.
5112 4. 96.
5113 4. 96.
5114 4. 96.
5115 4. 96.
5116 4. 96.
5117 4. 96.
5118 4. 96.
5119 4. 96.
5120 4. 96.
5121 4. 96.
5122 4. 96.
5123 4. 96.
5124 4. 96.
5125 4. 96.
5126 4. 96.
5127 4. 96.
5128 4. 96.
5129 4. 96.
5130 4. 96.
5131 4. 96.
5132 4. 96.
5133 4. 96.
5134 4. 96.
5135 4. 96.
5136 4. 96.
5137 4. 96.
5138 4. 96.
5139 4. 96.
5140 4. 96.
5141 4. 96.
5142 4. 96.
5143 4. 96.
5144 4. 96.
5145 4. 96.
5146 4. 96.
5147 4. 96.
5148 4. 96.
5149 4. 96.
5150 4. 96.
5151 4. 96.
5152 4. 96.
5153 4. 96.
5154 4. 96.
5155 4. 96.
5156 4. 96.
5157 4. 96.
5158 4. 96.
5159 4. 96.
5160 4. 96.
5161 4. 96.
5162 4. 96.
5163 4. 96.
5164 4. 96.
5165 4. 96.
5166 4. 96.
5167 4. 96.
5168 4. 96.
5169 4. 96.
5170 4. 96.
5171 4. 96.
5172 4. 96.
5173 4. 96.
5174 4. 96.
5175 4. 96.
5176 4. 96.
5177 4. 96.
5178 4. 96.
5179 4. 96.
5180 4. 96.
5181 4. 96.
5182 5. 95.
5183 5. 95.
5184 5. 95.
5185 5. 95.
5186 5. 95.
5187 5. 95.
5188 5. 95.
5189 5. 95.
5190 5. 95.
5191 5. 95.
5192 5. 95.
5193 5. 95.
5194 5. 95.
5195 5. 95.
5196 5. 95.
5197 5. 95.
5198 5. 95.
5199 4. 96.
5200 4. 96.
5201 4. 96.
5202 4. 96.
5203 4. 96.
5204 5. 95.
5205 5. 95.
5206 5. 95.
5207 5. 95.
5208 5. 95.
5209 6. 94.
5210 6. 94.
5211 6. 94.
5212 6. 94.
5213 6. 94.
5214 6. 94.
5215 6. 94.
5216 6. 94.
5217 6. 94.
5218 6. 94.
5219 6. 94.
5220 6. 94.
5221 6. 94.
5222 6. 94.
5223 6. 94.
5224 6. 94.
5225 6. 94.
5226 6. 94.
5227 6. 94.
5228 6. 94.
5229 6. 94.
5230 6. 94.
5231 6. 94.
5232 6. 94.
5233 6. 94.
5234 6. 94.
5235 6. 94.
5236 6. 94.
5237 5. 95.
5238 5. 95.
5239 5. 95.
5240 5. 95.
5241 5. 95.
5242 5. 95.
5243 5. 95.
5244 5. 95.
5245 5. 95.
5246 5. 95.
5247 5. 95.
5248 5. 95.
5249 5. 95.
5250 5. 95.
5251 5. 95.
5252 5. 95.
5253 5. 95.
5254 5. 95.
5255 5. 95.
5256 5. 95.
5257 5. 95.
5258 5. 95.
5259 5. 95.
5260 5. 95.
5261 5. 95.
5262 4. 96.
5263 4. 96.
5264 4. 96.
5265 4. 96.
5266 4. 96.
5267 4. 96.
5268 4. 96.
5269 4. 96.
5270 4. 96.
5271 4. 96.
5272 4. 96.
5273 4. 96.
5274 4. 96.
5275 4. 96.
5276 4. 96.
5277 4. 96.
5278 3. 97.
5279 3. 97.
5280 3. 97.
5281 3. 97.
5282 3. 97.
5283 3. 97.
5284 3. 97.
5285 3. 97.
5286 3. 97.
5287 3. 97.
5288 3. 97.
5289 3. 97.
5290 3. 97.
5291 3. 97.
5292 3. 97.
5293 3. 97.
5294 3. 97.
5295 3. 97.
5296 3. 97.
5297 3. 97.
5298 3. 97.
5299 3. 97.
5300 3. 97.
5301 3. 97.
5302 3. 97.
5303 3. 97.
5304 3. 97.
5305 3. 97.
5306 3. 97.
5307 3. 97.
5308 3. 97.
5309 3. 97.
5310 3. 97.
5311 3. 97.
5312 3. 97.
5313 3. 97.
5314 3. 97.
5315 3. 97.
5316 3. 97.
5317 3. 97.
5318 3. 97.
5319 4. 96.
5320 4. 96.
5321 4. 96.
5322 4. 96.
5323 4. 96.
5324 4. 96.
5325 4. 96.
5326 4. 96.
5327 4. 96.
5328 4. 96.
5329 4. 96.
5330 4. 96.
5331 4. 96.
5332 4. 96.
5333 4. 96.
5334 4. 96.
5335 4. 96.
5336 4. 96.
5337 4. 96.
5338 4. 96.
5339 4. 96.
5340 4. 96.
5341 4. 96.
5342 4. 96.
5343 4. 96.
5344 4. 96.
5345 4. 96.
5346 4. 96.
5347 4. 96.
5348 4. 96.
5349 4. 96.
5350 4. 96.
5351 4. 96.
5352 4. 96.
5353 3. 97.
5354 3. 97.
5355 3. 97.
5356 3. 97.
5357 3. 97.
5358 3. 97.
5359 3. 97.
5360 3. 97.
5361 3. 97.
5362 3. 97.
5363 3. 97.
5364 3. 97.
5365 3. 97.
5366 3. 97.
5367 3. 97.
5368 3. 97.
5369 3. 97.
5370 3. 97.
5371 3. 97.
5372 3. 97.
5373 3. 97.
5374 3. 97.
5375 3. 97.
5376 2. 98.
5377 2. 98.
5378 2. 98.
5379 2. 98.
5380 2. 98.
5381 2. 98.
5382 2. 98.
5383 2. 98.
5384 2. 98.
5385 2. 98.
5386 2. 98.
5387 2. 98.
5388 2. 98.
5389 2. 98.
5390 2. 98.
5391 2. 98.
5392 2. 98.
5393 2. 98.
5394 2. 98.
5395 2. 98.
5396 2. 98.
5397 2. 98.
5398 2. 98.
5399 2. 98.
5400 2. 98.
5401 2. 98.
5402 2. 98.
5403 2. 98.
5404 2. 98.
5405 2. 98.
5406 3. 97.
5407 3. 97.
5408 3. 97.
5409 4. 96.
5410 4. 96.
5411 4. 96.
5412 4. 96.
5413 4. 96.
5414 4. 96.
5415 4. 96.
5416 4. 96.
5417 4. 96.
5418 4. 96.
5419 4. 96.
5420 4. 96.
5421 4. 96.
5422 4. 96.
5423 4. 96.
5424 4. 96.
5425 4. 96.
5426 4. 96.
5427 4. 96.
5428 4. 96.
5429 4. 96.
5430 3. 97.
5431 3. 97.
5432 3. 97.
5433 3. 97.
5434 3. 97.
5435 3. 97.
5436 3. 97.
5437 3. 97.
5438 3. 97.
5439 3. 97.
5440 3. 97.
5441 3. 97.
5442 3. 97.
5443 3. 97.
5444 3. 97.
5445 3. 97.
5446 3. 97.
5447 3. 97.
5448 3. 97.
5449 3. 97.
5450 3. 97.
5451 3. 97.
5452 3. 97.
5453 3. 97.
5454 3. 97.
5455 3. 97.
5456 3. 97.
5457 3. 97.
5458 3. 97.
5459 3. 97.
5460 3. 97.
5461 3. 97.
5462 3. 97.
5463 3. 97.
5464 3. 97.
5465 3. 97.
5466 3. 97.
5467 3. 97.
5468 3. 97.
5469 3. 97.
5470 3. 97.
5471 3. 97.
5472 3. 97.
5473 3. 97.
5474 3. 97.
5475 3. 97.
5476 3. 97.
5477 3. 97.
5478 3. 97.
5479 3. 97.
5480 3. 97.
5481 3. 97.
5482 3. 97.
5483 3. 97.
5484 3. 97.
5485 3. 97.
5486 3. 97.
5487 3. 97.
5488 3. 97.
5489 3. 97.
5490 3. 97.
5491 3. 97.
5492 3. 97.
5493 3. 97.
5494 3. 97.
5495 3. 97.
5496 3. 97.
5497 3. 97.
5498 3. 97.
5499 3. 97.
5500 3. 97.
5501 3. 97.
5502 3. 97.
5503 3. 97.
5504 3. 97.
5505 3. 97.
5506 3. 97.
5507 3. 97.
5508 3. 97.
5509 3. 97.
5510 3. 97.
5511 3. 97.
5512 3. 97.
5513 3. 97.
5514 3. 97.
5515 3. 97.
5516 3. 97.
5517 3. 97.
5518 3. 97.
5519 3. 97.
5520 3. 97.
5521 3. 97.
5522 3. 97.
5523 3. 97.
5524 3. 97.
5525 3. 97.
5526 3. 97.
5527 3. 97.
5528 3. 97.
5529 3. 97.
5530 3. 97.
5531 4. 96.
5532 4. 96.
5533 4. 96.
5534 4. 96.
5535 4. 96.
5536 4. 96.
5537 4. 96.
5538 4. 96.
5539 4. 96.
5540 4. 96.
5541 4. 96.
5542 4. 96.
5543 4. 96.
5544 4. 96.
5545 4. 96.
5546 4. 96.
5547 4. 96.
5548 4. 96.
5549 4. 96.
5550 4. 96.
5551 4. 96.
5552 4. 96.
5553 4. 96.
5554 4. 96.
5555 4. 96.
5556 4. 96.
5557 4. 96.
5558 4. 96.
5559 4. 96.
5560 4. 96.
5561 4. 96.
5562 4. 96.
5563 3. 97.
5564 3. 97.
5565 3. 97.
5566 3. 97.
5567 3. 97.
5568 3. 97.
5569 3. 97.
5570 3. 97.
5571 3. 97.
5572 3. 97.
5573 3. 97.
5574 3. 97.
5575 3. 97.
5576 3. 97.
5577 3. 97.
5578 3. 97.
5579 3. 97.
5580 3. 97.
5581 3. 97.
5582 3. 97.
5583 3. 97.
5584 3. 97.
5585 3. 97.
5586 3. 97.
5587 3. 97.
5588 3. 97.
5589 3. 97.
5590 3. 97.
5591 3. 97.
5592 3. 97.
5593 3. 97.
5594 3. 97.
5595 3. 97.
5596 2. 98.
5597 2. 98.
5598 2. 98.
5599 2. 98.
5600 3. 97.
5601 3. 97.
5602 3. 97.
5603 3. 97.
5604 3. 97.
5605 3. 97.
5606 3. 97.
5607 3. 97.
5608 3. 97.
5609 3. 97.
5610 3. 97.
5611 3. 97.
5612 3. 97.
5613 3. 97.
5614 3. 97.
5615 3. 97.
5616 3. 97.
5617 3. 97.
5618 3. 97.
5619 3. 97.
5620 3. 97.
5621 3. 97.
5622 3. 97.
5623 3. 97.
5624 3. 97.
5625 3. 97.
5626 3. 97.
5627 3. 97.
5628 3. 97.
5629 3. 97.
5630 3. 97.
5631 3. 97.
5632 3. 97.
5633 3. 97.
5634 3. 97.
5635 3. 97.
5636 3. 97.
5637 3. 97.
5638 3. 97.
5639 3. 97.
5640 3. 97.
5641 3. 97.
5642 3. 97.
5643 3. 97.
5644 3. 97.
5645 3. 97.
5646 3. 97.
5647 3. 97.
5648 3. 97.
5649 3. 97.
5650 3. 97.
5651 3. 97.
5652 3. 97.
5653 3. 97.
5654 2. 98.
5655 2. 98.
5656 2. 98.
5657 2. 98.
5658 2. 98.
5659 2. 98.
5660 2. 98.
5661 2. 98.
5662 2. 98.
5663 2. 98.
5664 2. 98.
5665 2. 98.
5666 2. 98.
5667 2. 98.
5668 2. 98.
5669 2. 98.
5670 2. 98.
5671 2. 98.
5672 2. 98.
5673 2. 98.
5674 2. 98.
5675 2. 98.
5676 2. 98.
5677 2. 98.
5678 3. 97.
5679 3. 97.
5680 3. 97.
5681 3. 97.
5682 3. 97.
5683 2. 98.
5684 2. 98.
5685 2. 98.
5686 2. 98.
5687 2. 98.
5688 2. 98.
5689 2. 98.
5690 2. 98.
5691 2. 98.
5692 3. 97.
5693 3. 97.
5694 3. 97.
5695 3. 97.
5696 3. 97.
5697 3. 97.
5698 3. 97.
5699 3. 97.
5700 3. 97.
5701 3. 97.
5702 3. 97.
5703 3. 97.
5704 3. 97.
5705 3. 97.
5706 3. 97.
5707 3. 97.
5708 3. 97.
5709 3. 97.
5710 3. 97.
5711 3. 97.
5712 3. 97.
5713 3. 97.
5714 3. 97.
5715 3. 97.
5716 3. 97.
5717 3. 97.
5718 3. 97.
5719 3. 97.
5720 3. 97.
5721 3. 97.
5722 3. 97.
5723 3. 97.
5724 3. 97.
5725 2. 98.
5726 2. 98.
5727 2. 98.
5728 3. 97.
5729 3. 97.
5730 3. 97.
5731 3. 97.
5732 3. 97.
5733 3. 97.
5734 3. 97.
5735 3. 97.
5736 3. 97.
5737 3. 97.
5738 3. 97.
5739 3. 97.
5740 3. 97.
5741 3. 97.
5742 3. 97.
5743 3. 97.
5744 3. 97.
5745 3. 97.
5746 3. 97.
5747 3. 97.
5748 3. 97.
5749 3. 97.
5750 3. 97.
5751 3. 97.
5752 4. 96.
5753 4. 96.
5754 4. 96.
5755 4. 96.
5756 4. 96.
5757 4. 96.
5758 4. 96.
5759 4. 96.
5760 4. 96.
5761 5. 95.
5762 5. 95.
5763 5. 95.
5764 5. 95.
5765 5. 95.
5766 5. 95.
5767 5. 95.
5768 5. 95.
5769 5. 95.
5770 5. 95.
5771 5. 95.
5772 5. 95.
5773 5. 95.
5774 5. 95.
5775 5. 95.
5776 5. 95.
5777 5. 95.
5778 5. 95.
5779 5. 95.
5780 5. 95.
5781 5. 95.
5782 5. 95.
5783 5. 95.
5784 5. 95.
5785 5. 95.
5786 5. 95.
5787 5. 95.
5788 5. 95.
5789 4. 96.
5790 4. 96.
5791 4. 96.
5792 4. 96.
5793 4. 96.
5794 4. 96.
5795 4. 96.
5796 4. 96.
5797 4. 96.
5798 4. 96.
5799 4. 96.
5800 4. 96.
5801 4. 96.
5802 4. 96.
5803 4. 96.
5804 4. 96.
5805 4. 96.
5806 4. 96.
5807 4. 96.
5808 5. 95.
5809 5. 95.
5810 5. 95.
5811 5. 95.
5812 5. 95.
5813 5. 95.
5814 6. 94.
5815 6. 94.
5816 6. 94.
5817 6. 94.
5818 6. 94.
5819 6. 94.
5820 6. 94.
5821 6. 94.
5822 6. 94.
5823 6. 94.
5824 6. 94.
5825 5. 95.
5826 5. 95.
5827 5. 95.
5828 5. 95.
5829 5. 95.
5830 4. 96.
5831 4. 96.
5832 4. 96.
5833 5. 95.
5834 5. 95.
5835 5. 95.
5836 5. 95.
5837 5. 95.
5838 6. 94.
5839 6. 94.
5840 6. 94.
5841 6. 94.
5842 6. 94.
5843 6. 94.
5844 6. 94.
5845 6. 94.
5846 6. 94.
5847 6. 94.
5848 6. 94.
5849 6. 94.
5850 6. 94.
5851 6. 94.
5852 6. 94.
5853 6. 94.
5854 6. 94.
5855 6. 94.
5856 6. 94.
5857 6. 94.
5858 6. 94.
5859 6. 94.
5860 5. 95.
5861 5. 95.
5862 5. 95.
5863 5. 95.
5864 5. 95.
5865 5. 95.
5866 5. 95.
5867 5. 95.
5868 5. 95.
5869 5. 95.
5870 5. 95.
5871 5. 95.
5872 5. 95.
5873 5. 95.
5874 5. 95.
5875 5. 95.
5876 5. 95.
5877 5. 95.
5878 5. 95.
5879 5. 95.
5880 5. 95.
5881 5. 95.
5882 5. 95.
5883 5. 95.
5884 5. 95.
5885 5. 95.
5886 5. 95.
5887 4. 96.
5888 4. 96.
5889 4. 96.
5890 4. 96.
5891 4. 96.
5892 4. 96.
5893 4. 96.
5894 4. 96.
5895 4. 96.
5896 4. 96.
5897 4. 96.
5898 4. 96.
5899 3. 97.
5900 3. 97.
5901 3. 97.
5902 3. 97.
5903 3. 97.
5904 3. 97.
5905 3. 97.
5906 4. 96.
5907 4. 96.
5908 4. 96.
5909 4. 96.
5910 4. 96.
5911 4. 96.
5912 4. 96.
5913 4. 96.
5914 4. 96.
5915 4. 96.
5916 4. 96.
5917 4. 96.
5918 4. 96.
5919 4. 96.
5920 4. 96.
5921 4. 96.
5922 4. 96.
5923 4. 96.
5924 4. 96.
5925 4. 96.
5926 4. 96.
5927 4. 96.
5928 4. 96.
5929 4. 96.
5930 4. 96.
5931 4. 96.
5932 4. 96.
5933 4. 96.
5934 4. 96.
5935 4. 96.
5936 4. 96.
5937 4. 96.
5938 4. 96.
5939 4. 96.
5940 4. 96.
5941 4. 96.
5942 4. 96.
5943 4. 96.
5944 4. 96.
5945 4. 96.
5946 4. 96.
5947 4. 96.
5948 4. 96.
5949 4. 96.
5950 4. 96.
5951 4. 96.
5952 4. 96.
5953 4. 96.
5954 4. 96.
5955 4. 96.
5956 4. 96.
5957 4. 96.
5958 4. 96.
5959 4. 96.
5960 4. 96.
5961 4. 96.
5962 3. 97.
5963 3. 97.
5964 3. 97.
5965 3. 97.
5966 3. 97.
5967 3. 97.
5968 3. 97.
5969 3. 97.
5970 3. 97.
5971 3. 97.
5972 3. 97.
5973 3. 97.
5974 3. 97.
5975 3. 97.
5976 3. 97.
5977 3. 97.
5978 2. 98.
5979 2. 98.
5980 2. 98.
5981 2. 98.
5982 2. 98.
5983 2. 98.
5984 2. 98.
5985 2. 98.
5986 2. 98.
5987 2. 98.
5988 2. 98.
5989 2. 98.
5990 2. 98.
5991 2. 98.
5992 2. 98.
5993 2. 98.
5994 2. 98.
5995 2. 98.
5996 2. 98.
5997 2. 98.
5998 2. 98.
5999 2. 98.
6000 2. 98.
6001 2. 98.
6002 2. 98.
6003 2. 98.
6004 2. 98.
6005 2. 98.
6006 2. 98.
6007 2. 98.
6008 2. 98.
6009 2. 98.
6010 2. 98.
6011 2. 98.
6012 2. 98.
6013 2. 98.
6014 2. 98.
6015 2. 98.
6016 2. 98.
6017 2. 98.
6018 2. 98.
6019 2. 98.
6020 2. 98.
6021 2. 98.
6022 2. 98.
6023 2. 98.
6024 2. 98.
6025 2. 98.
6026 2. 98.
6027 2. 98.
6028 2. 98.
6029 2. 98.
6030 2. 98.
6031 2. 98.
6032 2. 98.
6033 2. 98.
6034 2. 98.
6035 2. 98.
6036 2. 98.
6037 2. 98.
6038 2. 98.
6039 2. 98.
6040 2. 98.
6041 2. 98.
6042 2. 98.
6043 2. 98.
6044 2. 98.
6045 2. 98.
6046 2. 98.
6047 2. 98.
6048 2. 98.
6049 2. 98.
6050 2. 98.
6051 2. 98.
6052 2. 98.
6053 2. 98.
6054 2. 98.
6055 2. 98.
6056 2. 98.
6057 2. 98.
6058 2. 98.
6059 2. 98.
6060 2. 98.
6061 2. 98.
6062 2. 98.
6063 2. 98.
6064 2. 98.
6065 2. 98.
6066 2. 98.
6067 2. 98.
6068 2. 98.
6069 2. 98.
6070 2. 98.
6071 2. 98.
6072 2. 98.
6073 2. 98.
6074 2. 98.
6075 2. 98.
6076 2. 98.
6077 2. 98.
6078 2. 98.
6079 2. 98.
6080 2. 98.
6081 2. 98.
6082 2. 98.
6083 2. 98.
6084 2. 98.
6085 2. 98.
6086 2. 98.
6087 2. 98.
6088 2. 98.
6089 2. 98.
6090 2. 98.
6091 2. 98.
6092 2. 98.
6093 2. 98.
6094 2. 98.
6095 2. 98.
6096 2. 98.
6097 2. 98.
6098 2. 98.
6099 2. 98.
6100 2. 98.
6101 2. 98.
6102 2. 98.
6103 2. 98.
6104 2. 98.
6105 2. 98.
6106 1. 99.
6107 1. 99.
6108 1. 99.
6109 1. 99.
6110 1. 99.
6111 1. 99.
6112 1. 99.
6113 1. 99.
6114 1. 99.
6115 1. 99.
6116 1. 99.
6117 1. 99.
6118 1. 99.
6119 1. 99.
6120 1. 99.
6121 1. 99.
6122 1. 99.
6123 1. 99.
6124 1. 99.
6125 1. 99.
6126 1. 99.
6127 1. 99.
6128 1. 99.
6129 1. 99.
6130 1. 99.
6131 1. 99.
6132 1. 99.
6133 1. 99.
6134 1. 99.
6135 1. 99.
6136 1. 99.
6137 1. 99.
6138 1. 99.
6139 1. 99.
6140 1. 99.
6141 1. 99.
6142 1. 99.
6143 1. 99.
6144 1. 99.
6145 1. 99.
6146 1. 99.
6147 1. 99.
6148 1. 99.
6149 1. 99.
6150 1. 99.
6151 1. 99.
6152 1. 99.
6153 1. 99.
6154 1. 99.
6155 1. 99.
6156 1. 99.
6157 2. 98.
6158 2. 98.
6159 2. 98.
6160 2. 98.
6161 2. 98.
6162 1. 99.
6163 1. 99.
6164 1. 99.
6165 1. 99.
6166 1. 99.
6167 1. 99.
6168 1. 99.
6169 1. 99.
6170 1. 99.
6171 1. 99.
6172 1. 99.
6173 1. 99.
6174 1. 99.
6175 1. 99.
6176 1. 99.
6177 1. 99.
6178 1. 99.
6179 1. 99.
6180 1. 99.
6181 1. 99.
6182 1. 99.
6183 1. 99.
6184 1. 99.
6185 1. 99.
6186 1. 99.
6187 1. 99.
6188 1. 99.
6189 1. 99.
6190 1. 99.
6191 1. 99.
6192 1. 99.
6193 1. 99.
6194 1. 99.
6195 1. 99.
6196 1. 99.
6197 1. 99.
6198 2. 98.
6199 2. 98.
6200 2. 98.
6201 2. 98.
6202 2. 98.
6203 2. 98.
6204 2. 98.
6205 2. 98.
6206 2. 98.
6207 2. 98.
6208 2. 98.
6209 2. 98.
6210 2. 98.
6211 2. 98.
6212 2. 98.
6213 2. 98.
6214 2. 98.
6215 2. 98.
6216 2. 98.
6217 2. 98.
6218 2. 98.
6219 2. 98.
6220 2. 98.
6221 2. 98.
6222 2. 98.
6223 2. 98.
6224 2. 98.
6225 2. 98.
6226 2. 98.
6227 2. 98.
6228 2. 98.
6229 2. 98.
6230 2. 98.
6231 2. 98.
6232 2. 98.
6233 2. 98.
6234 2. 98.
6235 2. 98.
6236 2. 98.
6237 2. 98.
6238 2. 98.
6239 2. 98.
6240 2. 98.
6241 2. 98.
6242 2. 98.
6243 2. 98.
6244 2. 98.
6245 2. 98.
6246 2. 98.
6247 2. 98.
6248 2. 98.
6249 2. 98.
6250 2. 98.
6251 1. 99.
6252 1. 99.
6253 1. 99.
6254 1. 99.
6255 1. 99.
6256 1. 99.
6257 1. 99.
6258 1. 99.
6259 1. 99.
6260 1. 99.
6261 1. 99.
6262 1. 99.
6263 1. 99.
6264 1. 99.
6265 1. 99.
6266 1. 99.
6267 1. 99.
6268 2. 98.
6269 2. 98.
6270 2. 98.
6271 2. 98.
6272 2. 98.
6273 2. 98.
6274 2. 98.
6275 2. 98.
6276 2. 98.
6277 2. 98.
6278 2. 98.
6279 2. 98.
6280 2. 98.
6281 2. 98.
6282 2. 98.
6283 2. 98.
6284 2. 98.
6285 2. 98.
6286 2. 98.
6287 2. 98.
6288 1. 99.
6289 1. 99.
6290 1. 99.
6291 1. 99.
6292 1. 99.
6293 1. 99.
6294 1. 99.
6295 1. 99.
6296 1. 99.
6297 1. 99.
6298 1. 99.
6299 1. 99.
6300 1. 99.
6301 1. 99.
6302 1. 99.
6303 1. 99.
6304 1. 99.
6305 1. 99.
6306 1. 99.
6307 1. 99.
6308 1. 99.
6309 1. 99.
6310 1. 99.
6311 1. 99.
6312 1. 99.
6313 1. 99.
6314 1. 99.
6315 1. 99.
6316 1. 99.
6317 1. 99.
6318 1. 99.
6319 1. 99.
6320 1. 99.
6321 1. 99.
6322 1. 99.
6323 1. 99.
6324 1. 99.
6325 1. 99.
6326 1. 99.
6327 1. 99.
6328 1. 99.
6329 1. 99.
6330 1. 99.
6331 1. 99.
6332 1. 99.
6333 1. 99.
