0 20. 80.
1 20. 80.
2 20. 80.
3 21. 79.
4 20. 80.
5 20. 80.
6 20. 80.
7 20. 80.
8 20. 80.
9 20. 80.
10 20. 80.
11 20. 80.
12 21. 79.
13 21. 79.
14 22. 78.
15 22. 78.
16 22. 78.
17 22. 78.
18 22. 78.
19 22. 78.
20 23. 77.
21 23. 77.
22 23. 77.
23 23. 77.
24 23. 77.
25 23. 77.
26 23. 77.
27 23. 77.
28 24. 76.
29 24. 76.
30 24. 76.
31 24. 76.
32 24. 76.
33 24. 76.
34 25. 75.
35 25. 75.
36 25. 75.
37 25. 75.
38 24. 76.
39 24. 76.
40 24. 76.
41 24. 76.
42 24. 76.
43 24. 76.
44 24. 76.
45 24. 76.
46 25. 75.
47 25. 75.
48 25. 75.
49 25. 75.
50 25. 75.
51 25. 75.
52 26. 74.
53 26. 74.
54 26. 74.
55 26. 74.
56 26. 74.
57 26. 74.
58 26. 74.
59 27. 73.
60 27. 73.
61 27. 73.
62 28. 72.
63 28. 72.
64 28. 72.
65 28. 72.
66 28. 72.
67 27. 73.
68 27. 73.
69 27. 73.
70 28. 72.
71 28. 72.
72 28. 72.
73 27. 73.
74 27. 73.
75 27. 73.
76 28. 72.
77 28. 72.
78 27. 73.
79 27. 73.
80 27. 73.
81 27. 73.
82 27. 73.
83 26. 74.
84 27. 73.
85 27. 73.
86 27. 73.
87 28. 72.
88 28. 72.
89 27. 73.
90 27. 73.
91 27. 73.
92 27. 73.
93 27. 73.
94 27. 73.
95 27. 73.
96 27. 73.
97 27. 73.
98 27. 73.
99 27. 73.
100 26. 74.
101 27. 73.
102 27. 73.
103 27. 73.
104 27. 73.
105 27. 73.
106 27. 73.
107 27. 73.
108 27. 73.
109 27. 73.
110 26. 74.
111 26. 74.
112 25. 75.
113 25. 75.
114 25. 75.
115 25. 75.
116 25. 75.
117 26. 74.
118 25. 75.
119 25. 75.
120 24. 76.
121 24. 76.
122 24. 76.
123 24. 76.
124 24. 76.
125 24. 76.
126 24. 76.
127 24. 76.
128 24. 76.
129 23. 77.
130 23. 77.
131 23. 77.
132 23. 77.
133 23. 77.
134 24. 76.
135 25. 75.
136 25. 75.
137 25. 75.
138 26. 74.
139 27. 73.
140 26. 74.
141 26. 74.
142 26. 74.
143 26. 74.
144 27. 73.
145 27. 73.
146 27. 73.
147 27. 73.
148 27. 73.
149 27. 73.
150 27. 73.
151 27. 73.
152 26. 74.
153 26. 74.
154 27. 73.
155 27. 73.
156 27. 73.
157 28. 72.
158 28. 72.
159 28. 72.
160 28. 72.
161 28. 72.
162 29. 71.
163 30. 70.
164 30. 70.
165 30. 70.
166 30. 70.
167 30. 70.
168 30. 70.
169 30. 70.
170 31. 69.
171 31. 69.
172 31. 69.
173 32. 68.
174 32. 68.
175 32. 68.
176 32. 68.
177 33. 67.
178 33. 67.
179 32. 68.
180 31. 69.
181 30. 70.
182 30. 70.
183 30. 70.
184 30. 70.
185 30. 70.
186 30. 70.
187 30. 70.
188 30. 70.
189 31. 69.
190 31. 69.
191 31. 69.
192 31. 69.
193 32. 68.
194 32. 68.
195 31. 69.
196 31. 69.
197 30. 70.
198 30. 70.
199 31. 69.
200 31. 69.
201 31. 69.
202 31. 69.
203 31. 69.
204 31. 69.
205 31. 69.
206 31. 69.
207 31. 69.
208 31. 69.
209 32. 68.
210 32. 68.
211 32. 68.
212 32. 68.
213 32. 68.
214 31. 69.
215 31. 69.
216 31. 69.
217 31. 69.
218 31. 69.
219 31. 69.
220 31. 69.
221 30. 70.
222 30. 70.
223 30. 70.
224 30. 70.
225 30. 70.
226 30. 70.
227 30. 70.
228 30. 70.
229 30. 70.
230 30. 70.
231 30. 70.
232 30. 70.
233 30. 70.
234 30. 70.
235 31. 69.
236 31. 69.
237 31. 69.
238 31. 69.
239 31. 69.
240 31. 69.
241 31. 69.
242 31. 69.
243 31. 69.
244 31. 69.
245 31. 69.
246 31. 69.
247 30. 70.
248 31. 69.
249 31. 69.
250 31. 69.
251 31. 69.
252 31. 69.
253 31. 69.
254 31. 69.
255 31. 69.
256 31. 69.
257 31. 69.
258 31. 69.
259 31. 69.
260 32. 68.
261 32. 68.
262 32. 68.
263 32. 68.
264 32. 68.
265 32. 68.
266 32. 68.
267 32. 68.
268 32. 68.
269 32. 68.
270 32. 68.
271 31. 69.
272 31. 69.
273 31. 69.
274 30. 70.
275 30. 70.
276 30. 70.
277 31. 69.
278 31. 69.
279 31. 69.
280 31. 69.
281 32. 68.
282 32. 68.
283 32. 68.
284 32. 68.
285 32. 68.
286 32. 68.
287 32. 68.
288 33. 67.
289 32. 68.
290 32. 68.
291 32. 68.
292 32. 68.
293 32. 68.
294 32. 68.
295 32. 68.
296 32. 68.
297 32. 68.
298 31. 69.
299 31. 69.
300 31. 69.
301 31. 69.
302 30. 70.
303 30. 70.
304 30. 70.
305 31. 69.
306 30. 70.
307 30. 70.
308 30. 70.
309 30. 70.
310 30. 70.
311 30. 70.
312 30. 70.
313 30. 70.
314 30. 70.
315 30. 70.
316 30. 70.
317 30. 70.
318 31. 69.
319 32. 68.
320 32. 68.
321 32. 68.
322 33. 67.
323 33. 67.
324 33. 67.
325 33. 67.
326 33. 67.
327 33. 67.
328 33. 67.
329 33. 67.
330 32. 68.
331 33. 67.
332 33. 67.
333 34. 66.
334 34. 66.
335 34. 66.
336 34. 66.
337 33. 67.
338 33. 67.
339 33. 67.
340 33. 67.
341 33. 67.
342 33. 67.
343 33. 67.
344 34. 66.
345 34. 66.
346 34. 66.
347 34. 66.
348 35. 65.
349 35. 65.
350 35. 65.
351 35. 65.
352 35. 65.
353 36. 64.
354 36. 64.
355 36. 64.
356 35. 65.
357 36. 64.
358 36. 64.
359 35. 65.
360 35. 65.
361 34. 66.
362 34. 66.
363 34. 66.
364 33. 67.
365 33. 67.
366 34. 66.
367 34. 66.
368 35. 65.
369 35. 65.
370 35. 65.
371 35. 65.
372 35. 65.
373 35. 65.
374 35. 65.
375 35. 65.
376 35. 65.
377 34. 66.
378 35. 65.
379 34. 66.
380 35. 65.
381 35. 65.
382 35. 65.
383 35. 65.
384 35. 65.
385 35. 65.
386 36. 64.
387 36. 64.
388 36. 64.
389 36. 64.
390 36. 64.
391 36. 64.
392 36. 64.
393 36. 64.
394 36. 64.
395 36. 64.
396 36. 64.
397 36. 64.
398 36. 64.
399 36. 64.
400 36. 64.
401 36. 64.
402 36. 64.
403 36. 64.
404 36. 64.
405 36. 64.
406 36. 64.
407 36. 64.
408 36. 64.
409 36. 64.
410 35. 65.
411 36. 64.
412 35. 65.
413 35. 65.
414 35. 65.
415 35. 65.
416 35. 65.
417 35. 65.
418 35. 65.
419 35. 65.
420 35. 65.
421 35. 65.
422 35. 65.
423 35. 65.
424 36. 64.
425 36. 64.
426 36. 64.
427 37. 63.
428 37. 63.
429 36. 64.
430 35. 65.
431 35. 65.
432 35. 65.
433 35. 65.
434 35. 65.
435 35. 65.
436 35. 65.
437 35. 65.
438 35. 65.
439 35. 65.
440 35. 65.
441 35. 65.
442 35. 65.
443 35. 65.
444 35. 65.
445 34. 66.
446 33. 67.
447 33. 67.
448 33. 67.
449 33. 67.
450 33. 67.
451 32. 68.
452 32. 68.
453 32. 68.
454 32. 68.
455 32. 68.
456 32. 68.
457 32. 68.
458 32. 68.
459 32. 68.
460 31. 69.
461 31. 69.
462 31. 69.
463 31. 69.
464 31. 69.
465 31. 69.
466 31. 69.
467 31. 69.
468 31. 69.
469 31. 69.
470 31. 69.
471 31. 69.
472 31. 69.
473 31. 69.
474 31. 69.
475 30. 70.
476 30. 70.
477 30. 70.
478 30. 70.
479 30. 70.
480 31. 69.
481 31. 69.
482 31. 69.
483 31. 69.
484 31. 69.
485 31. 69.
486 31. 69.
487 31. 69.
488 30. 70.
489 30. 70.
490 30. 70.
491 30. 70.
492 31. 69.
493 31. 69.
494 32. 68.
495 32. 68.
496 32. 68.
497 33. 67.
498 32. 68.
499 32. 68.
500 32. 68.
501 32. 68.
502 32. 68.
503 33. 67.
504 33. 67.
505 33. 67.
506 34. 66.
507 34. 66.
508 34. 66.
509 34. 66.
510 34. 66.
511 33. 67.
512 34. 66.
513 34. 66.
514 34. 66.
515 34. 66.
516 34. 66.
517 35. 65.
518 34. 66.
519 34. 66.
520 34. 66.
521 34. 66.
522 34. 66.
523 34. 66.
524 34. 66.
525 34. 66.
526 34. 66.
527 34. 66.
528 34. 66.
529 34. 66.
530 34. 66.
531 34. 66.
532 34. 66.
533 33. 67.
534 33. 67.
535 33. 67.
536 33. 67.
537 33. 67.
538 33. 67.
539 33. 67.
540 33. 67.
541 33. 67.
542 33. 67.
543 33. 67.
544 33. 67.
545 33. 67.
546 33. 67.
547 33. 67.
548 33. 67.
549 32. 68.
550 32. 68.
551 32. 68.
552 32. 68.
553 32. 68.
554 32. 68.
555 32. 68.
556 31. 69.
557 31. 69.
558 31. 69.
559 32. 68.
560 32. 68.
561 32. 68.
562 31. 69.
563 31. 69.
564 31. 69.
565 30. 70.
566 31. 69.
567 31. 69.
568 31. 69.
569 31. 69.
570 30. 70.
571 30. 70.
572 30. 70.
573 30. 70.
574 30. 70.
575 30. 70.
576 30. 70.
577 30. 70.
578 30. 70.
579 30. 70.
580 30. 70.
581 30. 70.
582 30. 70.
583 30. 70.
584 30. 70.
585 31. 69.
586 30. 70.
587 30. 70.
588 30. 70.
589 29. 71.
590 28. 72.
591 28. 72.
592 28. 72.
593 28. 72.
594 28. 72.
595 28. 72.
596 28. 72.
597 28. 72.
598 28. 72.
599 28. 72.
600 28. 72.
601 28. 72.
602 28. 72.
603 29. 71.
604 29. 71.
605 29. 71.
606 30. 70.
607 30. 70.
608 29. 71.
609 30. 70.
610 30. 70.
611 30. 70.
612 30. 70.
613 29. 71.
614 29. 71.
615 29. 71.
616 29. 71.
617 29. 71.
618 30. 70.
619 30. 70.
620 30. 70.
621 30. 70.
622 30. 70.
623 30. 70.
624 30. 70.
625 30. 70.
626 30. 70.
627 31. 69.
628 31. 69.
629 32. 68.
630 32. 68.
631 32. 68.
632 32. 68.
633 32. 68.
634 32. 68.
635 32. 68.
636 31. 69.
637 31. 69.
638 31. 69.
639 31. 69.
640 31. 69.
641 31. 69.
642 31. 69.
643 31. 69.
644 31. 69.
645 31. 69.
646 31. 69.
647 30. 70.
648 30. 70.
649 30. 70.
650 30. 70.
651 30. 70.
652 31. 69.
653 31. 69.
654 31. 69.
655 31. 69.
656 30. 70.
657 30. 70.
658 29. 71.
659 29. 71.
660 29. 71.
661 29. 71.
662 29. 71.
663 30. 70.
664 30. 70.
665 30. 70.
666 29. 71.
667 29. 71.
668 29. 71.
669 29. 71.
670 29. 71.
671 29. 71.
672 29. 71.
673 28. 72.
674 29. 71.
675 29. 71.
676 28. 72.
677 28. 72.
678 29. 71.
679 29. 71.
680 29. 71.
681 28. 72.
682 29. 71.
683 29. 71.
684 29. 71.
685 29. 71.
686 29. 71.
687 29. 71.
688 28. 72.
689 28. 72.
690 28. 72.
691 27. 73.
692 27. 73.
693 26. 74.
694 27. 73.
695 27. 73.
696 27. 73.
697 27. 73.
698 28. 72.
699 28. 72.
700 29. 71.
701 30. 70.
702 31. 69.
703 32. 68.
704 32. 68.
705 32. 68.
706 32. 68.
707 32. 68.
708 32. 68.
709 32. 68.
710 32. 68.
711 32. 68.
712 31. 69.
713 31. 69.
714 31. 69.
715 31. 69.
716 31. 69.
717 31. 69.
718 32. 68.
719 31. 69.
720 31. 69.
721 32. 68.
722 31. 69.
723 30. 70.
724 29. 71.
725 29. 71.
726 28. 72.
727 28. 72.
728 28. 72.
729 28. 72.
730 28. 72.
731 29. 71.
732 29. 71.
733 29. 71.
734 29. 71.
735 29. 71.
736 29. 71.
737 29. 71.
738 30. 70.
739 30. 70.
740 30. 70.
741 30. 70.
742 30. 70.
743 30. 70.
744 31. 69.
745 31. 69.
746 31. 69.
747 30. 70.
748 30. 70.
749 30. 70.
750 30. 70.
751 30. 70.
752 30. 70.
753 30. 70.
754 30. 70.
755 30. 70.
756 30. 70.
757 30. 70.
758 29. 71.
759 29. 71.
760 29. 71.
761 29. 71.
762 29. 71.
763 29. 71.
764 30. 70.
765 29. 71.
766 29. 71.
767 29. 71.
768 29. 71.
769 29. 71.
770 29. 71.
771 29. 71.
772 28. 72.
773 28. 72.
774 27. 73.
775 28. 72.
776 29. 71.
777 29. 71.
778 29. 71.
779 29. 71.
780 29. 71.
781 29. 71.
782 29. 71.
783 29. 71.
784 29. 71.
785 30. 70.
786 30. 70.
787 30. 70.
788 31. 69.
789 31. 69.
790 31. 69.
791 31. 69.
792 30. 70.
793 30. 70.
794 31. 69.
795 31. 69.
796 31. 69.
797 30. 70.
798 30. 70.
799 30. 70.
800 31. 69.
801 30. 70.
802 30. 70.
803 30. 70.
804 30. 70.
805 30. 70.
806 30. 70.
807 29. 71.
808 28. 72.
809 28. 72.
810 28. 72.
811 28. 72.
812 28. 72.
813 28. 72.
814 28. 72.
815 28. 72.
816 28. 72.
817 29. 71.
818 29. 71.
819 29. 71.
820 28. 72.
821 29. 71.
822 29. 71.
823 30. 70.
824 31. 69.
825 30. 70.
826 30. 70.
827 30. 70.
828 31. 69.
829 31. 69.
830 31. 69.
831 31. 69.
832 31. 69.
833 31. 69.
834 31. 69.
835 30. 70.
836 31. 69.
837 31. 69.
838 31. 69.
839 32. 68.
840 32. 68.
841 32. 68.
842 32. 68.
843 32. 68.
844 32. 68.
845 32. 68.
846 33. 67.
847 33. 67.
848 34. 66.
849 34. 66.
850 34. 66.
851 34. 66.
852 34. 66.
853 34. 66.
854 34. 66.
855 34. 66.
856 34. 66.
857 34. 66.
858 34. 66.
859 34. 66.
860 35. 65.
861 34. 66.
862 34. 66.
863 33. 67.
864 33. 67.
865 33. 67.
866 32. 68.
867 31. 69.
868 31. 69.
869 31. 69.
870 31. 69.
871 32. 68.
872 32. 68.
873 33. 67.
874 33. 67.
875 33. 67.
876 34. 66.
877 35. 65.
878 34. 66.
879 35. 65.
880 35. 65.
881 35. 65.
882 34. 66.
883 34. 66.
884 34. 66.
885 34. 66.
886 33. 67.
887 33. 67.
888 33. 67.
889 33. 67.
890 33. 67.
891 33. 67.
892 33. 67.
893 33. 67.
894 33. 67.
895 33. 67.
896 34. 66.
897 34. 66.
898 35. 65.
899 35. 65.
900 35. 65.
901 35. 65.
902 36. 64.
903 36. 64.
904 35. 65.
905 36. 64.
906 36. 64.
907 36. 64.
908 36. 64.
909 36. 64.
910 37. 63.
911 38. 62.
912 38. 62.
913 38. 62.
914 37. 63.
915 37. 63.
916 38. 62.
917 38. 62.
918 38. 62.
919 38. 62.
920 38. 62.
921 38. 62.
922 38. 62.
923 38. 62.
924 39. 61.
925 39. 61.
926 39. 61.
927 38. 62.
928 39. 61.
929 39. 61.
930 39. 61.
931 39. 61.
932 39. 61.
933 39. 61.
934 39. 61.
935 39. 61.
936 38. 62.
937 39. 61.
938 38. 62.
939 39. 61.
940 39. 61.
941 39. 61.
942 39. 61.
943 39. 61.
944 39. 61.
945 39. 61.
946 39. 61.
947 38. 62.
948 38. 62.
949 38. 62.
950 38. 62.
951 38. 62.
952 37. 63.
953 37. 63.
954 37. 63.
955 37. 63.
956 37. 63.
957 37. 63.
958 38. 62.
959 37. 63.
960 37. 63.
961 37. 63.
962 37. 63.
963 37. 63.
964 37. 63.
965 37. 63.
966 38. 62.
967 38. 62.
968 38. 62.
969 38. 62.
970 37. 63.
971 38. 62.
972 38. 62.
973 38. 62.
974 37. 63.
975 38. 62.
976 38. 62.
977 38. 62.
978 39. 61.
979 39. 61.
980 39. 61.
981 39. 61.
982 40. 60.
983 40. 60.
984 41. 59.
985 41. 59.
986 41. 59.
987 41. 59.
988 41. 59.
989 40. 60.
990 40. 60.
991 40. 60.
992 40. 60.
993 40. 60.
994 40. 60.
995 40. 60.
996 40. 60.
997 40. 60.
998 41. 59.
999 41. 59.
1000 41. 59.
1001 40. 60.
1002 40. 60.
1003 41. 59.
1004 42. 58.
1005 42. 58.
1006 42. 58.
1007 42. 58.
1008 41. 59.
1009 40. 60.
1010 39. 61.
1011 38. 62.
1012 39. 61.
1013 39. 61.
1014 39. 61.
1015 39. 61.
1016 39. 61.
1017 40. 60.
1018 40. 60.
1019 41. 59.
1020 42. 58.
1021 43. 57.
1022 43. 57.
1023 43. 57.
1024 43. 57.
1025 44. 56.
1026 44. 56.
1027 44. 56.
1028 44. 56.
1029 44. 56.
1030 44. 56.
1031 44. 56.
1032 44. 56.
1033 44. 56.
1034 43. 57.
1035 43. 57.
1036 42. 58.
1037 42. 58.
1038 43. 57.
1039 43. 57.
1040 43. 57.
1041 42. 58.
1042 42. 58.
1043 42. 58.
1044 41. 59.
1045 42. 58.
1046 42. 58.
1047 43. 57.
1048 43. 57.
1049 43. 57.
1050 44. 56.
1051 44. 56.
1052 44. 56.
1053 44. 56.
1054 44. 56.
1055 44. 56.
1056 44. 56.
1057 44. 56.
1058 44. 56.
1059 44. 56.
1060 44. 56.
1061 44. 56.
1062 44. 56.
1063 44. 56.
1064 45. 55.
1065 45. 55.
1066 45. 55.
1067 45. 55.
1068 44. 56.
1069 44. 56.
1070 45. 55.
1071 45. 55.
1072 46. 54.
1073 46. 54.
1074 46. 54.
1075 46. 54.
1076 46. 54.
1077 46. 54.
1078 46. 54.
1079 46. 54.
1080 46. 54.
1081 45. 55.
1082 45. 55.
1083 45. 55.
1084 45. 55.
1085 45. 55.
1086 46. 54.
1087 47. 53.
1088 47. 53.
1089 47. 53.
1090 47. 53.
1091 48. 52.
1092 48. 52.
1093 48. 52.
1094 48. 52.
1095 48. 52.
1096 48. 52.
1097 48. 52.
1098 48. 52.
1099 48. 52.
1100 48. 52.
1101 48. 52.
1102 48. 52.
1103 48. 52.
1104 48. 52.
1105 49. 51.
1106 48. 52.
1107 47. 53.
1108 46. 54.
1109 46. 54.
1110 46. 54.
1111 46. 54.
1112 46. 54.
1113 46. 54.
1114 46. 54.
1115 46. 54.
1116 47. 53.
1117 47. 53.
1118 47. 53.
1119 47. 53.
1120 47. 53.
1121 47. 53.
1122 48. 52.
1123 47. 53.
1124 48. 52.
1125 47. 53.
1126 47. 53.
1127 47. 53.
1128 47. 53.
1129 48. 52.
1130 48. 52.
1131 48. 52.
1132 47. 53.
1133 47. 53.
1134 47. 53.
1135 47. 53.
1136 47. 53.
1137 47. 53.
1138 47. 53.
1139 47. 53.
1140 47. 53.
1141 48. 52.
1142 48. 52.
1143 47. 53.
1144 47. 53.
1145 46. 54.
1146 46. 54.
1147 45. 55.
1148 45. 55.
1149 44. 56.
1150 44. 56.
1151 44. 56.
1152 43. 57.
1153 43. 57.
1154 43. 57.
1155 43. 57.
1156 43. 57.
1157 43. 57.
1158 43. 57.
1159 43. 57.
1160 44. 56.
1161 44. 56.
1162 43. 57.
1163 43. 57.
1164 42. 58.
1165 42. 58.
1166 42. 58.
1167 42. 58.
1168 41. 59.
1169 40. 60.
1170 40. 60.
1171 40. 60.
1172 39. 61.
1173 39. 61.
1174 38. 62.
1175 38. 62.
1176 38. 62.
1177 38. 62.
1178 38. 62.
1179 38. 62.
1180 38. 62.
1181 38. 62.
1182 39. 61.
1183 39. 61.
1184 38. 62.
1185 38. 62.
1186 38. 62.
1187 38. 62.
1188 38. 62.
1189 38. 62.
1190 38. 62.
1191 37. 63.
1192 37. 63.
1193 37. 63.
1194 37. 63.
1195 38. 62.
1196 38. 62.
1197 38. 62.
1198 38. 62.
1199 38. 62.
1200 38. 62.
1201 39. 61.
1202 39. 61.
1203 39. 61.
1204 39. 61.
1205 39. 61.
1206 39. 61.
1207 39. 61.
1208 40. 60.
1209 40. 60.
1210 41. 59.
1211 41. 59.
1212 40. 60.
1213 41. 59.
1214 41. 59.
1215 41. 59.
1216 41. 59.
1217 41. 59.
1218 41. 59.
1219 41. 59.
1220 42. 58.
1221 42. 58.
1222 42. 58.
1223 42. 58.
1224 42. 58.
1225 41. 59.
1226 41. 59.
1227 41. 59.
1228 40. 60.
1229 40. 60.
1230 41. 59.
1231 41. 59.
1232 41. 59.
1233 40. 60.
1234 40. 60.
1235 40. 60.
1236 40. 60.
1237 40. 60.
1238 40. 60.
1239 40. 60.
1240 39. 61.
1241 39. 61.
1242 39. 61.
1243 39. 61.
1244 39. 61.
1245 39. 61.
1246 39. 61.
1247 40. 60.
1248 40. 60.
1249 39. 61.
1250 39. 61.
1251 39. 61.
1252 39. 61.
1253 38. 62.
1254 38. 62.
1255 37. 63.
1256 37. 63.
1257 37. 63.
1258 38. 62.
1259 38. 62.
1260 39. 61.
1261 39. 61.
1262 38. 62.
1263 38. 62.
1264 38. 62.
1265 38. 62.
1266 38. 62.
1267 38. 62.
1268 38. 62.
1269 38. 62.
1270 38. 62.
1271 38. 62.
1272 38. 62.
1273 38. 62.
1274 39. 61.
1275 39. 61.
1276 39. 61.
1277 39. 61.
1278 39. 61.
1279 39. 61.
1280 39. 61.
1281 39. 61.
1282 39. 61.
1283 39. 61.
1284 39. 61.
1285 39. 61.
1286 39. 61.
1287 39. 61.
1288 39. 61.
1289 39. 61.
1290 40. 60.
1291 39. 61.
1292 38. 62.
1293 38. 62.
1294 38. 62.
1295 38. 62.
1296 38. 62.
1297 38. 62.
1298 38. 62.
1299 39. 61.
1300 39. 61.
1301 39. 61.
1302 39. 61.
1303 39. 61.
1304 38. 62.
1305 39. 61.
1306 39. 61.
1307 39. 61.
1308 39. 61.
1309 39. 61.
1310 39. 61.
1311 39. 61.
1312 40. 60.
1313 40. 60.
1314 40. 60.
1315 40. 60.
1316 40. 60.
1317 40. 60.
1318 40. 60.
1319 40. 60.
1320 41. 59.
1321 42. 58.
1322 42. 58.
1323 42. 58.
1324 42. 58.
1325 42. 58.
1326 42. 58.
1327 42. 58.
1328 42. 58.
1329 42. 58.
1330 42. 58.
1331 43. 57.
1332 43. 57.
1333 42. 58.
1334 42. 58.
1335 43. 57.
1336 43. 57.
1337 43. 57.
1338 43. 57.
1339 43. 57.
1340 44. 56.
1341 44. 56.
1342 44. 56.
1343 44. 56.
1344 44. 56.
1345 44. 56.
1346 45. 55.
1347 46. 54.
1348 46. 54.
1349 46. 54.
1350 47. 53.
1351 47. 53.
1352 46. 54.
1353 46. 54.
1354 47. 53.
1355 47. 53.
1356 47. 53.
1357 47. 53.
1358 47. 53.
1359 47. 53.
1360 47. 53.
1361 48. 52.
1362 48. 52.
1363 49. 51.
1364 49. 51.
1365 49. 51.
1366 49. 51.
1367 49. 51.
1368 49. 51.
1369 49. 51.
1370 49. 51.
1371 49. 51.
1372 49. 51.
1373 49. 51.
1374 49. 51.
1375 50. 50.
1376 50. 50.
1377 50. 50.
1378 50. 50.
1379 50. 50.
1380 50. 50.
1381 50. 50.
1382 50. 50.
1383 50. 50.
1384 51. 49.
1385 51. 49.
1386 51. 49.
1387 52. 48.
1388 52. 48.
1389 52. 48.
1390 53. 47.
1391 53. 47.
1392 53. 47.
1393 53. 47.
1394 53. 47.
1395 53. 47.
1396 52. 48.
1397 52. 48.
1398 52. 48.
1399 51. 49.
1400 51. 49.
1401 51. 49.
1402 51. 49.
1403 51. 49.
1404 51. 49.
1405 50. 50.
1406 49. 51.
1407 49. 51.
1408 49. 51.
1409 49. 51.
1410 49. 51.
1411 50. 50.
1412 50. 50.
1413 50. 50.
1414 50. 50.
1415 50. 50.
1416 50. 50.
1417 50. 50.
1418 50. 50.
1419 50. 50.
1420 49. 51.
1421 49. 51.
1422 49. 51.
1423 49. 51.
1424 49. 51.
1425 49. 51.
1426 49. 51.
1427 49. 51.
1428 48. 52.
1429 49. 51.
1430 49. 51.
1431 49. 51.
1432 49. 51.
1433 49. 51.
1434 49. 51.
1435 49. 51.
1436 49. 51.
1437 50. 50.
1438 50. 50.
1439 50. 50.
1440 50. 50.
1441 50. 50.
1442 50. 50.
1443 49. 51.
1444 50. 50.
1445 50. 50.
1446 50. 50.
1447 50. 50.
1448 49. 51.
1449 49. 51.
1450 50. 50.
1451 50. 50.
1452 50. 50.
1453 50. 50.
1454 50. 50.
1455 49. 51.
1456 49. 51.
1457 49. 51.
1458 49. 51.
1459 50. 50.
1460 50. 50.
1461 50. 50.
1462 50. 50.
1463 50. 50.
1464 50. 50.
1465 49. 51.
1466 49. 51.
1467 49. 51.
1468 49. 51.
1469 49. 51.
1470 50. 50.
1471 50. 50.
1472 50. 50.
1473 50. 50.
1474 50. 50.
1475 50. 50.
1476 50. 50.
1477 50. 50.
1478 50. 50.
1479 51. 49.
1480 50. 50.
1481 51. 49.
1482 50. 50.
1483 50. 50.
1484 50. 50.
1485 50. 50.
1486 50. 50.
1487 49. 51.
1488 49. 51.
1489 49. 51.
1490 50. 50.
1491 50. 50.
1492 50. 50.
1493 51. 49.
1494 51. 49.
1495 51. 49.
1496 51. 49.
1497 51. 49.
1498 50. 50.
1499 50. 50.
1500 50. 50.
1501 50. 50.
1502 50. 50.
1503 50. 50.
1504 50. 50.
1505 51. 49.
1506 51. 49.
1507 51. 49.
1508 51. 49.
1509 51. 49.
1510 51. 49.
1511 51. 49.
1512 51. 49.
1513 50. 50.
1514 50. 50.
1515 50. 50.
1516 50. 50.
1517 50. 50.
1518 49. 51.
1519 49. 51.
1520 49. 51.
1521 49. 51.
1522 49. 51.
1523 50. 50.
1524 50. 50.
1525 50. 50.
1526 50. 50.
1527 50. 50.
1528 51. 49.
1529 51. 49.
1530 51. 49.
1531 50. 50.
1532 50. 50.
1533 49. 51.
1534 49. 51.
1535 50. 50.
1536 50. 50.
1537 50. 50.
1538 49. 51.
1539 50. 50.
1540 51. 49.
1541 51. 49.
1542 51. 49.
1543 52. 48.
1544 52. 48.
1545 52. 48.
1546 52. 48.
1547 52. 48.
1548 53. 47.
1549 53. 47.
1550 53. 47.
1551 53. 47.
1552 53. 47.
1553 53. 47.
1554 53. 47.
1555 53. 47.
1556 53. 47.
1557 53. 47.
1558 53. 47.
1559 53. 47.
1560 53. 47.
1561 53. 47.
1562 52. 48.
1563 52. 48.
1564 52. 48.
1565 51. 49.
1566 52. 48.
1567 52. 48.
1568 52. 48.
1569 52. 48.
1570 53. 47.
1571 53. 47.
1572 52. 48.
1573 52. 48.
1574 52. 48.
1575 51. 49.
1576 51. 49.
1577 51. 49.
1578 51. 49.
1579 50. 50.
1580 50. 50.
1581 49. 51.
1582 49. 51.
1583 49. 51.
1584 49. 51.
1585 49. 51.
1586 49. 51.
1587 50. 50.
1588 50. 50.
1589 50. 50.
1590 50. 50.
1591 50. 50.
1592 50. 50.
1593 49. 51.
1594 48. 52.
1595 49. 51.
1596 49. 51.
1597 50. 50.
1598 50. 50.
1599 49. 51.
1600 49. 51.
1601 49. 51.
1602 49. 51.
1603 50. 50.
1604 50. 50.
1605 50. 50.
1606 50. 50.
1607 51. 49.
1608 51. 49.
1609 51. 49.
1610 51. 49.
1611 52. 48.
1612 52. 48.
1613 53. 47.
1614 53. 47.
1615 53. 47.
1616 53. 47.
1617 53. 47.
1618 53. 47.
1619 53. 47.
1620 54. 46.
1621 54. 46.
1622 55. 45.
1623 54. 46.
1624 53. 47.
1625 53. 47.
1626 53. 47.
1627 52. 48.
1628 51. 49.
1629 51. 49.
1630 51. 49.
1631 51. 49.
1632 52. 48.
1633 52. 48.
1634 52. 48.
1635 52. 48.
1636 52. 48.
1637 52. 48.
1638 51. 49.
1639 50. 50.
1640 51. 49.
1641 51. 49.
1642 51. 49.
1643 50. 50.
1644 50. 50.
1645 50. 50.
1646 50. 50.
1647 50. 50.
1648 50. 50.
1649 50. 50.
1650 50. 50.
1651 50. 50.
1652 49. 51.
1653 49. 51.
1654 50. 50.
1655 49. 51.
1656 50. 50.
1657 50. 50.
1658 50. 50.
1659 50. 50.
1660 50. 50.
1661 50. 50.
1662 50. 50.
1663 50. 50.
1664 50. 50.
1665 51. 49.
1666 51. 49.
1667 51. 49.
1668 51. 49.
1669 51. 49.
1670 51. 49.
1671 51. 49.
1672 51. 49.
1673 51. 49.
1674 51. 49.
1675 51. 49.
1676 51. 49.
1677 51. 49.
1678 51. 49.
1679 52. 48.
1680 53. 47.
1681 53. 47.
1682 53. 47.
1683 53. 47.
1684 53. 47.
1685 53. 47.
1686 52. 48.
1687 52. 48.
1688 52. 48.
1689 53. 47.
1690 53. 47.
1691 53. 47.
1692 53. 47.
1693 53. 47.
1694 54. 46.
1695 54. 46.
1696 54. 46.
1697 54. 46.
1698 54. 46.
1699 54. 46.
1700 54. 46.
1701 53. 47.
1702 53. 47.
1703 52. 48.
1704 52. 48.
1705 52. 48.
1706 52. 48.
1707 52. 48.
1708 52. 48.
1709 52. 48.
1710 51. 49.
1711 51. 49.
1712 51. 49.
1713 51. 49.
1714 51. 49.
1715 51. 49.
1716 50. 50.
1717 49. 51.
1718 49. 51.
1719 48. 52.
1720 48. 52.
1721 48. 52.
1722 48. 52.
1723 47. 53.
1724 46. 54.
1725 46. 54.
1726 47. 53.
1727 47. 53.
1728 47. 53.
1729 48. 52.
1730 48. 52.
1731 48. 52.
1732 49. 51.
1733 49. 51.
1734 49. 51.
1735 48. 52.
1736 48. 52.
1737 48. 52.
1738 47. 53.
1739 47. 53.
1740 47. 53.
1741 46. 54.
1742 46. 54.
1743 46. 54.
1744 47. 53.
1745 47. 53.
1746 47. 53.
1747 47. 53.
1748 47. 53.
1749 47. 53.
1750 47. 53.
1751 47. 53.
1752 47. 53.
1753 47. 53.
1754 47. 53.
1755 47. 53.
1756 48. 52.
1757 48. 52.
1758 47. 53.
1759 47. 53.
1760 47. 53.
1761 47. 53.
1762 47. 53.
1763 47. 53.
1764 47. 53.
1765 46. 54.
1766 47. 53.
1767 47. 53.
1768 47. 53.
1769 47. 53.
1770 47. 53.
1771 47. 53.
1772 47. 53.
1773 48. 52.
1774 49. 51.
1775 48. 52.
1776 48. 52.
1777 47. 53.
1778 46. 54.
1779 45. 55.
1780 46. 54.
1781 45. 55.
1782 45. 55.
1783 45. 55.
1784 45. 55.
1785 45. 55.
1786 46. 54.
1787 46. 54.
1788 47. 53.
1789 47. 53.
1790 47. 53.
1791 47. 53.
1792 48. 52.
1793 48. 52.
1794 48. 52.
1795 49. 51.
1796 48. 52.
1797 48. 52.
1798 48. 52.
1799 48. 52.
1800 48. 52.
1801 48. 52.
1802 48. 52.
1803 48. 52.
1804 48. 52.
1805 48. 52.
1806 48. 52.
1807 49. 51.
1808 50. 50.
1809 51. 49.
1810 51. 49.
1811 52. 48.
1812 52. 48.
1813 52. 48.
1814 53. 47.
1815 53. 47.
1816 53. 47.
1817 53. 47.
1818 53. 47.
1819 53. 47.
1820 54. 46.
1821 53. 47.
1822 54. 46.
1823 54. 46.
1824 54. 46.
1825 54. 46.
1826 53. 47.
1827 53. 47.
1828 53. 47.
1829 53. 47.
1830 54. 46.
1831 53. 47.
1832 52. 48.
1833 52. 48.
1834 52. 48.
1835 51. 49.
1836 51. 49.
1837 50. 50.
1838 50. 50.
1839 50. 50.
1840 50. 50.
1841 51. 49.
1842 51. 49.
1843 51. 49.
1844 52. 48.
1845 52. 48.
1846 53. 47.
1847 53. 47.
1848 53. 47.
1849 53. 47.
1850 53. 47.
1851 53. 47.
1852 52. 48.
1853 53. 47.
1854 53. 47.
1855 53. 47.
1856 54. 46.
1857 54. 46.
1858 54. 46.
1859 54. 46.
1860 55. 45.
1861 55. 45.
1862 54. 46.
1863 54. 46.
1864 55. 45.
1865 55. 45.
1866 56. 44.
1867 56. 44.
1868 56. 44.
1869 56. 44.
1870 56. 44.
1871 56. 44.
1872 56. 44.
1873 56. 44.
1874 57. 43.
1875 58. 42.
1876 58. 42.
1877 58. 42.
1878 58. 42.
1879 58. 42.
1880 58. 42.
1881 58. 42.
1882 58. 42.
1883 58. 42.
1884 57. 43.
1885 58. 42.
1886 58. 42.
1887 57. 43.
1888 58. 42.
1889 58. 42.
1890 58. 42.
1891 57. 43.
1892 57. 43.
1893 57. 43.
1894 57. 43.
1895 58. 42.
1896 58. 42.
1897 58. 42.
1898 58. 42.
1899 58. 42.
1900 58. 42.
1901 58. 42.
1902 58. 42.
1903 57. 43.
1904 57. 43.
1905 57. 43.
1906 57. 43.
1907 58. 42.
1908 58. 42.
1909 58. 42.
1910 58. 42.
1911 58. 42.
1912 57. 43.
1913 57. 43.
1914 57. 43.
1915 57. 43.
1916 57. 43.
1917 57. 43.
1918 57. 43.
1919 57. 43.
1920 57. 43.
1921 57. 43.
1922 57. 43.
1923 58. 42.
1924 58. 42.
1925 59. 41.
1926 60. 40.
1927 60. 40.
1928 60. 40.
1929 59. 41.
1930 58. 42.
1931 58. 42.
1932 58. 42.
1933 58. 42.
1934 58. 42.
1935 58. 42.
1936 57. 43.
1937 57. 43.
1938 57. 43.
1939 57. 43.
1940 57. 43.
1941 57. 43.
1942 57. 43.
1943 57. 43.
1944 57. 43.
1945 56. 44.
1946 56. 44.
1947 56. 44.
1948 56. 44.
1949 55. 45.
1950 55. 45.
1951 55. 45.
1952 54. 46.
1953 54. 46.
1954 55. 45.
1955 55. 45.
1956 55. 45.
1957 56. 44.
1958 56. 44.
1959 56. 44.
1960 56. 44.
1961 56. 44.
1962 55. 45.
1963 55. 45.
1964 55. 45.
1965 54. 46.
1966 55. 45.
1967 54. 46.
1968 54. 46.
1969 54. 46.
1970 54. 46.
1971 54. 46.
1972 54. 46.
1973 53. 47.
1974 53. 47.
1975 53. 47.
1976 53. 47.
1977 53. 47.
1978 53. 47.
1979 53. 47.
1980 52. 48.
1981 52. 48.
1982 52. 48.
1983 53. 47.
1984 52. 48.
1985 52. 48.
1986 52. 48.
1987 52. 48.
1988 51. 49.
1989 51. 49.
1990 51. 49.
1991 52. 48.
1992 51. 49.
1993 51. 49.
1994 52. 48.
1995 52. 48.
1996 52. 48.
1997 52. 48.
1998 51. 49.
1999 52. 48.
2000 52. 48.
2001 52. 48.
2002 52. 48.
2003 53. 47.
2004 53. 47.
2005 53. 47.
2006 53. 47.
2007 53. 47.
2008 53. 47.
2009 53. 47.
2010 53. 47.
2011 54. 46.
2012 54. 46.
2013 53. 47.
2014 52. 48.
2015 52. 48.
2016 52. 48.
2017 52. 48.
2018 53. 47.
2019 54. 46.
2020 54. 46.
2021 54. 46.
2022 54. 46.
2023 54. 46.
2024 54. 46.
2025 54. 46.
2026 54. 46.
2027 54. 46.
2028 54. 46.
2029 53. 47.
2030 53. 47.
2031 54. 46.
2032 54. 46.
2033 54. 46.
2034 54. 46.
2035 55. 45.
2036 55. 45.
2037 54. 46.
2038 54. 46.
2039 54. 46.
2040 54. 46.
2041 55. 45.
2042 56. 44.
2043 57. 43.
2044 57. 43.
2045 57. 43.
2046 57. 43.
2047 57. 43.
2048 57. 43.
2049 56. 44.
2050 56. 44.
2051 56. 44.
2052 57. 43.
2053 58. 42.
2054 59. 41.
2055 59. 41.
2056 60. 40.
2057 59. 41.
2058 59. 41.
2059 58. 42.
2060 58. 42.
2061 58. 42.
2062 58. 42.
2063 58. 42.
2064 58. 42.
2065 59. 41.
2066 59. 41.
2067 60. 40.
2068 60. 40.
2069 61. 39.
2070 61. 39.
2071 61. 39.
2072 61. 39.
2073 61. 39.
2074 61. 39.
2075 61. 39.
2076 61. 39.
2077 62. 38.
2078 62. 38.
2079 62. 38.
2080 62. 38.
2081 63. 37.
2082 64. 36.
2083 65. 35.
2084 65. 35.
2085 65. 35.
2086 66. 34.
2087 66. 34.
2088 66. 34.
2089 66. 34.
2090 66. 34.
2091 66. 34.
2092 66. 34.
2093 66. 34.
2094 65. 35.
2095 65. 35.
2096 65. 35.
2097 65. 35.
2098 65. 35.
2099 66. 34.
2100 66. 34.
2101 66. 34.
2102 66. 34.
2103 66. 34.
2104 66. 34.
2105 66. 34.
2106 67. 33.
2107 68. 32.
2108 68. 32.
2109 68. 32.
2110 68. 32.
2111 68. 32.
2112 68. 32.
2113 68. 32.
2114 67. 33.
2115 67. 33.
2116 67. 33.
2117 67. 33.
2118 68. 32.
2119 68. 32.
2120 68. 32.
2121 69. 31.
2122 69. 31.
2123 69. 31.
2124 69. 31.
2125 69. 31.
2126 68. 32.
2127 68. 32.
2128 68. 32.
2129 68. 32.
2130 68. 32.
2131 67. 33.
2132 67. 33.
2133 67. 33.
2134 67. 33.
2135 68. 32.
2136 69. 31.
2137 69. 31.
2138 69. 31.
2139 69. 31.
2140 70. 30.
2141 70. 30.
2142 70. 30.
2143 70. 30.
2144 70. 30.
2145 71. 29.
2146 72. 28.
2147 72. 28.
2148 72. 28.
2149 72. 28.
2150 72. 28.
2151 72. 28.
2152 72. 28.
2153 72. 28.
2154 72. 28.
2155 71. 29.
2156 71. 29.
2157 71. 29.
2158 71. 29.
2159 72. 28.
2160 73. 27.
2161 73. 27.
2162 73. 27.
2163 72. 28.
2164 73. 27.
2165 73. 27.
2166 73. 27.
2167 73. 27.
2168 73. 27.
2169 72. 28.
2170 73. 27.
2171 73. 27.
2172 73. 27.
2173 73. 27.
2174 73. 27.
2175 74. 26.
2176 73. 27.
2177 73. 27.
2178 73. 27.
2179 73. 27.
2180 73. 27.
2181 73. 27.
2182 73. 27.
2183 73. 27.
2184 74. 26.
2185 74. 26.
2186 74. 26.
2187 74. 26.
2188 74. 26.
2189 74. 26.
2190 74. 26.
2191 74. 26.
2192 75. 25.
2193 74. 26.
2194 74. 26.
2195 75. 25.
2196 75. 25.
2197 75. 25.
2198 75. 25.
2199 75. 25.
2200 75. 25.
2201 74. 26.
2202 74. 26.
2203 74. 26.
2204 74. 26.
2205 73. 27.
2206 73. 27.
2207 73. 27.
2208 73. 27.
2209 74. 26.
2210 73. 27.
2211 73. 27.
2212 72. 28.
2213 72. 28.
2214 72. 28.
2215 72. 28.
2216 71. 29.
2217 71. 29.
2218 71. 29.
2219 71. 29.
2220 71. 29.
2221 71. 29.
2222 71. 29.
2223 72. 28.
2224 72. 28.
2225 72. 28.
2226 73. 27.
2227 73. 27.
2228 72. 28.
2229 72. 28.
2230 72. 28.
2231 72. 28.
2232 72. 28.
2233 72. 28.
2234 72. 28.
2235 72. 28.
2236 73. 27.
2237 73. 27.
2238 73. 27.
2239 73. 27.
2240 73. 27.
2241 73. 27.
2242 73. 27.
2243 73. 27.
2244 73. 27.
2245 73. 27.
2246 73. 27.
2247 73. 27.
2248 73. 27.
2249 73. 27.
2250 73. 27.
2251 73. 27.
2252 73. 27.
2253 73. 27.
2254 73. 27.
2255 73. 27.
2256 73. 27.
2257 73. 27.
2258 72. 28.
2259 72. 28.
2260 72. 28.
2261 72. 28.
2262 72. 28.
2263 73. 27.
2264 73. 27.
2265 73. 27.
2266 73. 27.
2267 72. 28.
2268 72. 28.
2269 72. 28.
2270 72. 28.
2271 72. 28.
2272 72. 28.
2273 72. 28.
2274 72. 28.
2275 72. 28.
2276 72. 28.
2277 72. 28.
2278 72. 28.
2279 72. 28.
2280 72. 28.
2281 73. 27.
2282 73. 27.
2283 73. 27.
2284 74. 26.
2285 74. 26.
2286 74. 26.
2287 74. 26.
2288 74. 26.
2289 74. 26.
2290 73. 27.
2291 73. 27.
2292 73. 27.
2293 73. 27.
2294 74. 26.
2295 73. 27.
2296 73. 27.
2297 73. 27.
2298 73. 27.
2299 73. 27.
2300 74. 26.
2301 74. 26.
2302 74. 26.
2303 74. 26.
2304 74. 26.
2305 74. 26.
2306 75. 25.
2307 75. 25.
2308 75. 25.
2309 76. 24.
2310 77. 23.
2311 77. 23.
2312 78. 22.
2313 78. 22.
2314 78. 22.
2315 77. 23.
2316 77. 23.
2317 77. 23.
2318 77. 23.
2319 77. 23.
2320 78. 22.
2321 79. 21.
2322 78. 22.
2323 78. 22.
2324 77. 23.
2325 78. 22.
2326 78. 22.
2327 79. 21.
2328 79. 21.
2329 79. 21.
2330 78. 22.
2331 78. 22.
2332 79. 21.
2333 79. 21.
2334 79. 21.
2335 80. 20.
2336 79. 21.
2337 79. 21.
2338 79. 21.
2339 79. 21.
2340 79. 21.
2341 78. 22.
2342 79. 21.
2343 79. 21.
2344 79. 21.
2345 79. 21.
2346 79. 21.
2347 79. 21.
2348 78. 22.
2349 78. 22.
2350 77. 23.
2351 77. 23.
2352 77. 23.
2353 77. 23.
2354 77. 23.
2355 77. 23.
2356 77. 23.
2357 77. 23.
2358 76. 24.
2359 76. 24.
2360 76. 24.
2361 77. 23.
2362 77. 23.
2363 77. 23.
2364 78. 22.
2365 79. 21.
2366 79. 21.
2367 79. 21.
2368 79. 21.
2369 78. 22.
2370 77. 23.
2371 77. 23.
2372 77. 23.
2373 77. 23.
2374 78. 22.
2375 79. 21.
2376 79. 21.
2377 80. 20.
2378 80. 20.
2379 81. 19.
2380 82. 18.
2381 82. 18.
2382 82. 18.
2383 82. 18.
2384 83. 17.
2385 83. 17.
2386 83. 17.
2387 84. 16.
2388 84. 16.
2389 84. 16.
2390 85. 15.
2391 85. 15.
2392 85. 15.
2393 84. 16.
2394 84. 16.
2395 84. 16.
2396 84. 16.
2397 84. 16.
2398 83. 17.
2399 83. 17.
2400 83. 17.
2401 83. 17.
2402 83. 17.
2403 83. 17.
2404 83. 17.
2405 82. 18.
2406 83. 17.
2407 83. 17.
2408 83. 17.
2409 83. 17.
2410 83. 17.
2411 83. 17.
2412 83. 17.
2413 83. 17.
2414 82. 18.
2415 82. 18.
2416 82. 18.
2417 82. 18.
2418 82. 18.
2419 82. 18.
2420 82. 18.
2421 82. 18.
2422 81. 19.
2423 81. 19.
2424 81. 19.
2425 81. 19.
2426 81. 19.
2427 80. 20.
2428 80. 20.
2429 80. 20.
2430 80. 20.
2431 80. 20.
2432 80. 20.
2433 80. 20.
2434 80. 20.
2435 80. 20.
2436 80. 20.
2437 80. 20.
2438 80. 20.
2439 80. 20.
2440 80. 20.
2441 80. 20.
2442 80. 20.
2443 80. 20.
2444 80. 20.
2445 80. 20.
2446 81. 19.
2447 81. 19.
2448 80. 20.
2449 80. 20.
2450 80. 20.
2451 80. 20.
2452 80. 20.
2453 80. 20.
2454 80. 20.
2455 81. 19.
2456 81. 19.
2457 80. 20.
2458 81. 19.
2459 81. 19.
2460 81. 19.
2461 81. 19.
2462 81. 19.
2463 81. 19.
2464 81. 19.
2465 81. 19.
2466 81. 19.
2467 81. 19.
2468 81. 19.
2469 81. 19.
2470 81. 19.
2471 81. 19.
2472 81. 19.
2473 81. 19.
2474 81. 19.
2475 80. 20.
2476 80. 20.
2477 80. 20.
2478 80. 20.
2479 80. 20.
2480 80. 20.
2481 80. 20.
2482 80. 20.
2483 80. 20.
2484 80. 20.
2485 80. 20.
2486 80. 20.
2487 80. 20.
2488 80. 20.
2489 81. 19.
2490 81. 19.
2491 81. 19.
2492 81. 19.
2493 81. 19.
2494 81. 19.
2495 81. 19.
2496 81. 19.
2497 81. 19.
2498 81. 19.
2499 81. 19.
2500 81. 19.
2501 81. 19.
2502 81. 19.
2503 81. 19.
2504 82. 18.
2505 82. 18.
2506 82. 18.
2507 82. 18.
2508 81. 19.
2509 80. 20.
2510 80. 20.
2511 80. 20.
2512 80. 20.
2513 80. 20.
2514 80. 20.
2515 80. 20.
2516 80. 20.
2517 80. 20.
2518 80. 20.
2519 80. 20.
2520 80. 20.
2521 80. 20.
2522 80. 20.
2523 80. 20.
2524 80. 20.
2525 81. 19.
2526 81. 19.
2527 81. 19.
2528 81. 19.
2529 82. 18.
2530 82. 18.
2531 82. 18.
2532 82. 18.
2533 82. 18.
2534 81. 19.
2535 80. 20.
2536 81. 19.
2537 81. 19.
2538 81. 19.
2539 82. 18.
2540 82. 18.
2541 82. 18.
2542 81. 19.
2543 82. 18.
2544 82. 18.
2545 82. 18.
2546 82. 18.
2547 82. 18.
2548 82. 18.
2549 82. 18.
2550 82. 18.
2551 82. 18.
2552 82. 18.
2553 82. 18.
2554 82. 18.
2555 81. 19.
2556 81. 19.
2557 81. 19.
2558 81. 19.
2559 81. 19.
2560 81. 19.
2561 82. 18.
2562 82. 18.
2563 82. 18.
2564 83. 17.
2565 83. 17.
2566 83. 17.
2567 84. 16.
2568 84. 16.
2569 85. 15.
2570 85. 15.
2571 85. 15.
2572 85. 15.
2573 85. 15.
2574 85. 15.
2575 85. 15.
2576 85. 15.
2577 85. 15.
2578 85. 15.
2579 86. 14.
2580 86. 14.
2581 86. 14.
2582 86. 14.
2583 86. 14.
2584 86. 14.
2585 86. 14.
2586 86. 14.
2587 86. 14.
2588 86. 14.
2589 86. 14.
2590 86. 14.
2591 86. 14.
2592 86. 14.
2593 86. 14.
2594 85. 15.
2595 84. 16.
2596 84. 16.
2597 84. 16.
2598 84. 16.
2599 84. 16.
2600 84. 16.
2601 84. 16.
2602 84. 16.
2603 84. 16.
2604 84. 16.
2605 84. 16.
2606 84. 16.
2607 84. 16.
2608 84. 16.
2609 84. 16.
2610 85. 15.
2611 85. 15.
2612 85. 15.
2613 85. 15.
2614 85. 15.
2615 85. 15.
2616 85. 15.
2617 85. 15.
2618 85. 15.
2619 84. 16.
2620 84. 16.
2621 84. 16.
2622 85. 15.
2623 85. 15.
2624 85. 15.
2625 85. 15.
2626 85. 15.
2627 85. 15.
2628 85. 15.
2629 85. 15.
2630 85. 15.
2631 85. 15.
2632 86. 14.
2633 86. 14.
2634 86. 14.
2635 86. 14.
2636 85. 15.
2637 85. 15.
2638 85. 15.
2639 85. 15.
2640 85. 15.
2641 85. 15.
2642 85. 15.
2643 85. 15.
2644 85. 15.
2645 85. 15.
2646 85. 15.
2647 85. 15.
2648 85. 15.
2649 85. 15.
2650 85. 15.
2651 85. 15.
2652 84. 16.
2653 84. 16.
2654 84. 16.
2655 84. 16.
2656 84. 16.
2657 84. 16.
2658 83. 17.
2659 83. 17.
2660 83. 17.
2661 83. 17.
2662 83. 17.
2663 83. 17.
2664 83. 17.
2665 83. 17.
2666 83. 17.
2667 83. 17.
2668 83. 17.
2669 83. 17.
2670 83. 17.
2671 83. 17.
2672 83. 17.
2673 83. 17.
2674 83. 17.
2675 82. 18.
2676 83. 17.
2677 83. 17.
2678 83. 17.
2679 83. 17.
2680 83. 17.
2681 83. 17.
2682 83. 17.
2683 83. 17.
2684 83. 17.
2685 82. 18.
2686 82. 18.
2687 82. 18.
2688 82. 18.
2689 82. 18.
2690 82. 18.
2691 82. 18.
2692 82. 18.
2693 82. 18.
2694 82. 18.
2695 82. 18.
2696 82. 18.
2697 82. 18.
2698 83. 17.
2699 83. 17.
2700 83. 17.
2701 82. 18.
2702 82. 18.
2703 81. 19.
2704 81. 19.
2705 81. 19.
2706 81. 19.
2707 82. 18.
2708 82. 18.
2709 82. 18.
2710 82. 18.
2711 81. 19.
2712 82. 18.
2713 82. 18.
2714 82. 18.
2715 82. 18.
2716 82. 18.
2717 83. 17.
2718 82. 18.
2719 82. 18.
2720 82. 18.
2721 82. 18.
2722 82. 18.
2723 82. 18.
2724 82. 18.
2725 82. 18.
2726 82. 18.
2727 82. 18.
2728 82. 18.
2729 82. 18.
2730 82. 18.
2731 82. 18.
2732 82. 18.
2733 82. 18.
2734 82. 18.
2735 83. 17.
2736 83. 17.
2737 83. 17.
2738 83. 17.
2739 83. 17.
2740 83. 17.
2741 83. 17.
2742 84. 16.
2743 84. 16.
2744 83. 17.
2745 83. 17.
2746 83. 17.
2747 83. 17.
2748 83. 17.
2749 84. 16.
2750 84. 16.
2751 84. 16.
2752 84. 16.
2753 84. 16.
2754 84. 16.
2755 84. 16.
2756 84. 16.
2757 84. 16.
2758 84. 16.
2759 84. 16.
2760 84. 16.
2761 84. 16.
2762 84. 16.
2763 84. 16.
2764 83. 17.
2765 83. 17.
2766 84. 16.
2767 83. 17.
2768 84. 16.
2769 84. 16.
2770 84. 16.
2771 84. 16.
2772 84. 16.
2773 84. 16.
2774 84. 16.
2775 84. 16.
2776 84. 16.
2777 84. 16.
2778 84. 16.
2779 84. 16.
2780 83. 17.
2781 83. 17.
2782 83. 17.
2783 83. 17.
2784 83. 17.
2785 84. 16.
2786 84. 16.
2787 84. 16.
2788 84. 16.
2789 84. 16.
2790 84. 16.
2791 84. 16.
2792 85. 15.
2793 85. 15.
2794 85. 15.
2795 85. 15.
2796 85. 15.
2797 84. 16.
2798 84. 16.
2799 84. 16.
2800 84. 16.
2801 84. 16.
2802 84. 16.
2803 84. 16.
2804 83. 17.
2805 83. 17.
2806 83. 17.
2807 83. 17.
2808 83. 17.
2809 83. 17.
2810 83. 17.
2811 83. 17.
2812 83. 17.
2813 83. 17.
2814 82. 18.
2815 82. 18.
2816 82. 18.
2817 82. 18.
2818 82. 18.
2819 82. 18.
2820 83. 17.
2821 83. 17.
2822 84. 16.
2823 84. 16.
2824 84. 16.
2825 84. 16.
2826 84. 16.
2827 85. 15.
2828 85. 15.
2829 85. 15.
2830 85. 15.
2831 85. 15.
2832 86. 14.
2833 86. 14.
2834 86. 14.
2835 86. 14.
2836 86. 14.
2837 86. 14.
2838 86. 14.
2839 86. 14.
2840 87. 13.
2841 87. 13.
2842 87. 13.
2843 87. 13.
2844 87. 13.
2845 88. 12.
2846 88. 12.
2847 88. 12.
2848 88. 12.
2849 87. 13.
2850 87. 13.
2851 87. 13.
2852 87. 13.
2853 87. 13.
2854 87. 13.
2855 87. 13.
2856 87. 13.
2857 86. 14.
2858 86. 14.
2859 85. 15.
2860 85. 15.
2861 84. 16.
2862 84. 16.
2863 84. 16.
2864 83. 17.
2865 83. 17.
2866 82. 18.
2867 82. 18.
2868 82. 18.
2869 82. 18.
2870 82. 18.
2871 82. 18.
2872 82. 18.
2873 82. 18.
2874 82. 18.
2875 82. 18.
2876 81. 19.
2877 81. 19.
2878 82. 18.
2879 82. 18.
2880 81. 19.
2881 81. 19.
2882 81. 19.
2883 81. 19.
2884 81. 19.
2885 82. 18.
2886 82. 18.
2887 82. 18.
2888 83. 17.
2889 83. 17.
2890 83. 17.
2891 83. 17.
2892 83. 17.
2893 83. 17.
2894 83. 17.
2895 83. 17.
2896 84. 16.
2897 84. 16.
2898 84. 16.
2899 84. 16.
2900 84. 16.
2901 84. 16.
2902 83. 17.
2903 83. 17.
2904 82. 18.
2905 82. 18.
2906 82. 18.
2907 82. 18.
2908 82. 18.
2909 83. 17.
2910 83. 17.
2911 83. 17.
2912 83. 17.
2913 83. 17.
2914 83. 17.
2915 84. 16.
2916 84. 16.
2917 84. 16.
2918 84. 16.
2919 84. 16.
2920 83. 17.
2921 83. 17.
2922 83. 17.
2923 83. 17.
2924 82. 18.
2925 82. 18.
2926 82. 18.
2927 82. 18.
2928 82. 18.
2929 82. 18.
2930 83. 17.
2931 83. 17.
2932 83. 17.
2933 83. 17.
2934 83. 17.
2935 84. 16.
2936 84. 16.
2937 84. 16.
2938 84. 16.
2939 84. 16.
2940 84. 16.
2941 84. 16.
2942 84. 16.
2943 84. 16.
2944 84. 16.
2945 84. 16.
2946 85. 15.
2947 85. 15.
2948 85. 15.
2949 86. 14.
2950 86. 14.
2951 85. 15.
2952 85. 15.
2953 85. 15.
2954 84. 16.
2955 84. 16.
2956 84. 16.
2957 85. 15.
2958 85. 15.
2959 85. 15.
2960 86. 14.
2961 86. 14.
2962 86. 14.
2963 86. 14.
2964 86. 14.
2965 86. 14.
2966 86. 14.
2967 86. 14.
2968 86. 14.
2969 86. 14.
2970 86. 14.
2971 87. 13.
2972 87. 13.
2973 87. 13.
2974 87. 13.
2975 87. 13.
2976 87. 13.
2977 87. 13.
2978 86. 14.
2979 85. 15.
2980 85. 15.
2981 85. 15.
2982 85. 15.
2983 85. 15.
2984 85. 15.
2985 85. 15.
2986 85. 15.
2987 85. 15.
2988 85. 15.
2989 85. 15.
2990 85. 15.
2991 85. 15.
2992 84. 16.
2993 84. 16.
2994 84. 16.
2995 84. 16.
2996 84. 16.
2997 84. 16.
2998 85. 15.
2999 85. 15.
3000 85. 15.
3001 85. 15.
3002 85. 15.
3003 85. 15.
3004 85. 15.
3005 85. 15.
3006 85. 15.
3007 85. 15.
3008 85. 15.
3009 85. 15.
3010 86. 14.
3011 86. 14.
3012 86. 14.
3013 86. 14.
3014 86. 14.
3015 87. 13.
3016 87. 13.
3017 87. 13.
3018 87. 13.
3019 87. 13.
3020 87. 13.
3021 87. 13.
3022 88. 12.
3023 88. 12.
3024 88. 12.
3025 88. 12.
3026 88. 12.
3027 88. 12.
3028 88. 12.
3029 88. 12.
3030 88. 12.
3031 89. 11.
3032 89. 11.
3033 89. 11.
3034 89. 11.
3035 89. 11.
3036 89. 11.
3037 89. 11.
3038 89. 11.
3039 89. 11.
3040 89. 11.
3041 89. 11.
3042 89. 11.
3043 89. 11.
3044 89. 11.
3045 89. 11.
3046 89. 11.
3047 89. 11.
3048 89. 11.
3049 89. 11.
3050 89. 11.
3051 89. 11.
3052 89. 11.
3053 90. 10.
3054 90. 10.
3055 90. 10.
3056 90. 10.
3057 90. 10.
3058 90. 10.
3059 90. 10.
3060 90. 10.
3061 90. 10.
3062 90. 10.
3063 90. 10.
3064 90. 10.
3065 90. 10.
3066 90. 10.
3067 90. 10.
3068 90. 10.
3069 90. 10.
3070 90. 10.
3071 90. 10.
3072 90. 10.
3073 90. 10.
3074 90. 10.
3075 90. 10.
3076 90. 10.
3077 90. 10.
3078 90. 10.
3079 90. 10.
3080 90. 10.
3081 90. 10.
3082 89. 11.
3083 89. 11.
3084 89. 11.
3085 89. 11.
3086 89. 11.
3087 89. 11.
3088 89. 11.
3089 89. 11.
3090 89. 11.
3091 89. 11.
3092 89. 11.
3093 89. 11.
3094 88. 12.
3095 88. 12.
3096 88. 12.
3097 88. 12.
3098 88. 12.
3099 89. 11.
3100 89. 11.
3101 89. 11.
3102 89. 11.
3103 89. 11.
3104 89. 11.
3105 89. 11.
3106 89. 11.
3107 89. 11.
3108 89. 11.
3109 89. 11.
3110 89. 11.
3111 90. 10.
3112 90. 10.
3113 90. 10.
3114 90. 10.
3115 91. 9.
3116 91. 9.
3117 91. 9.
3118 91. 9.
3119 91. 9.
3120 91. 9.
3121 91. 9.
3122 91. 9.
3123 91. 9.
3124 91. 9.
3125 91. 9.
3126 91. 9.
3127 92. 8.
3128 93. 7.
3129 93. 7.
3130 93. 7.
3131 93. 7.
3132 93. 7.
3133 93. 7.
3134 93. 7.
3135 93. 7.
3136 93. 7.
3137 94. 6.
3138 94. 6.
3139 94. 6.
3140 94. 6.
3141 94. 6.
3142 94. 6.
3143 94. 6.
3144 94. 6.
3145 93. 7.
3146 93. 7.
3147 93. 7.
3148 93. 7.
3149 93. 7.
3150 93. 7.
3151 93. 7.
3152 93. 7.
3153 93. 7.
3154 93. 7.
3155 93. 7.
3156 93. 7.
3157 93. 7.
3158 93. 7.
3159 93. 7.
3160 93. 7.
3161 93. 7.
3162 93. 7.
3163 93. 7.
3164 93. 7.
3165 93. 7.
3166 93. 7.
3167 93. 7.
3168 93. 7.
3169 93. 7.
3170 93. 7.
3171 93. 7.
3172 93. 7.
3173 93. 7.
3174 93. 7.
3175 93. 7.
3176 94. 6.
3177 94. 6.
3178 94. 6.
3179 95. 5.
3180 95. 5.
3181 95. 5.
3182 95. 5.
3183 95. 5.
3184 95. 5.
3185 96. 4.
3186 96. 4.
3187 96. 4.
3188 96. 4.
3189 96. 4.
3190 96. 4.
3191 96. 4.
3192 96. 4.
3193 96. 4.
3194 96. 4.
3195 96. 4.
3196 96. 4.
3197 96. 4.
3198 96. 4.
3199 96. 4.
3200 96. 4.
3201 96. 4.
3202 96. 4.
3203 96. 4.
3204 96. 4.
3205 96. 4.
3206 96. 4.
3207 96. 4.
3208 96. 4.
3209 96. 4.
3210 96. 4.
3211 96. 4.
3212 96. 4.
3213 96. 4.
3214 96. 4.
3215 96. 4.
3216 96. 4.
3217 96. 4.
3218 96. 4.
3219 96. 4.
3220 96. 4.
3221 96. 4.
3222 96. 4.
3223 96. 4.
3224 96. 4.
3225 96. 4.
3226 96. 4.
3227 96. 4.
3228 96. 4.
3229 96. 4.
3230 96. 4.
3231 96. 4.
3232 96. 4.
3233 96. 4.
3234 96. 4.
3235 96. 4.
3236 96. 4.
3237 96. 4.
3238 96. 4.
3239 97. 3.
3240 97. 3.
3241 97. 3.
3242 97. 3.
3243 97. 3.
3244 97. 3.
3245 97. 3.
3246 96. 4.
3247 96. 4.
3248 95. 5.
3249 95. 5.
3250 95. 5.
3251 95. 5.
3252 95. 5.
3253 95. 5.
3254 95. 5.
3255 95. 5.
3256 95. 5.
3257 95. 5.
3258 95. 5.
3259 95. 5.
3260 95. 5.
3261 95. 5.
3262 95. 5.
3263 95. 5.
3264 95. 5.
3265 96. 4.
3266 96. 4.
3267 96. 4.
3268 96. 4.
3269 96. 4.
3270 96. 4.
3271 96. 4.
3272 96. 4.
3273 96. 4.
3274 96. 4.
3275 96. 4.
3276 96. 4.
3277 96. 4.
3278 96. 4.
3279 96. 4.
3280 96. 4.
3281 97. 3.
3282 97. 3.
3283 97. 3.
3284 97. 3.
3285 97. 3.
3286 97. 3.
3287 97. 3.
3288 97. 3.
3289 97. 3.
3290 97. 3.
3291 97. 3.
3292 97. 3.
3293 97. 3.
3294 97. 3.
3295 97. 3.
3296 97. 3.
3297 97. 3.
3298 97. 3.
3299 97. 3.
3300 97. 3.
3301 97. 3.
3302 97. 3.
3303 97. 3.
3304 97. 3.
3305 97. 3.
3306 97. 3.
3307 97. 3.
3308 97. 3.
3309 97. 3.
3310 97. 3.
3311 97. 3.
3312 97. 3.
3313 97. 3.
3314 97. 3.
3315 97. 3.
3316 97. 3.
3317 97. 3.
3318 97. 3.
3319 97. 3.
3320 97. 3.
3321 97. 3.
3322 97. 3.
3323 97. 3.
3324 97. 3.
3325 97. 3.
3326 97. 3.
3327 97. 3.
3328 97. 3.
3329 97. 3.
3330 97. 3.
3331 97. 3.
3332 97. 3.
3333 97. 3.
3334 97. 3.
3335 97. 3.
3336 97. 3.
3337 97. 3.
3338 97. 3.
3339 97. 3.
3340 97. 3.
3341 97. 3.
3342 97. 3.
3343 97. 3.
3344 97. 3.
3345 97. 3.
3346 97. 3.
3347 97. 3.
3348 97. 3.
3349 97. 3.
3350 97. 3.
3351 97. 3.
3352 97. 3.
3353 97. 3.
3354 97. 3.
3355 97. 3.
3356 97. 3.
3357 97. 3.
3358 97. 3.
3359 97. 3.
3360 97. 3.
3361 97. 3.
3362 97. 3.
3363 97. 3.
3364 97. 3.
3365 97. 3.
3366 97. 3.
3367 97. 3.
3368 97. 3.
3369 97. 3.
3370 97. 3.
3371 97. 3.
3372 98. 2.
3373 98. 2.
3374 98. 2.
3375 98. 2.
3376 98. 2.
3377 98. 2.
3378 98. 2.
3379 98. 2.
3380 98. 2.
3381 98. 2.
3382 98. 2.
3383 98. 2.
3384 98. 2.
3385 98. 2.
3386 98. 2.
3387 98. 2.
3388 98. 2.
3389 98. 2.
3390 98. 2.
3391 98. 2.
3392 98. 2.
3393 98. 2.
3394 98. 2.
3395 98. 2.
3396 98. 2.
3397 99. 1.
3398 99. 1.
3399 99. 1.
3400 99. 1.
3401 99. 1.
3402 99. 1.
3403 99. 1.
3404 99. 1.
3405 99. 1.
3406 99. 1.
3407 99. 1.
3408 99. 1.
3409 99. 1.
3410 99. 1.
3411 98. 2.
3412 98. 2.
3413 98. 2.
3414 98. 2.
3415 98. 2.
3416 97. 3.
3417 97. 3.
3418 97. 3.
3419 97. 3.
3420 97. 3.
3421 97. 3.
3422 97. 3.
3423 97. 3.
3424 97. 3.
3425 97. 3.
3426 97. 3.
3427 97. 3.
3428 97. 3.
3429 97. 3.
3430 97. 3.
3431 97. 3.
3432 97. 3.
3433 97. 3.
3434 97. 3.
3435 97. 3.
3436 97. 3.
3437 97. 3.
3438 97. 3.
3439 97. 3.
3440 97. 3.
3441 97. 3.
3442 97. 3.
3443 96. 4.
3444 97. 3.
3445 97. 3.
3446 97. 3.
3447 97. 3.
3448 97. 3.
3449 97. 3.
3450 97. 3.
3451 97. 3.
3452 97. 3.
3453 97. 3.
3454 97. 3.
3455 97. 3.
3456 97. 3.
3457 97. 3.
3458 97. 3.
3459 97. 3.
3460 97. 3.
3461 97. 3.
3462 97. 3.
3463 97. 3.
3464 97. 3.
3465 97. 3.
3466 97. 3.
3467 97. 3.
3468 97. 3.
3469 97. 3.
3470 97. 3.
3471 97. 3.
3472 97. 3.
3473 97. 3.
3474 97. 3.
3475 97. 3.
3476 97. 3.
3477 97. 3.
3478 97. 3.
3479 97. 3.
3480 97. 3.
3481 97. 3.
3482 97. 3.
3483 97. 3.
3484 97. 3.
3485 97. 3.
3486 97. 3.
3487 97. 3.
3488 97. 3.
3489 97. 3.
3490 97. 3.
3491 97. 3.
3492 97. 3.
3493 97. 3.
3494 97. 3.
3495 97. 3.
3496 97. 3.
3497 97. 3.
3498 97. 3.
3499 97. 3.
3500 97. 3.
3501 97. 3.
3502 97. 3.
3503 96. 4.
3504 96. 4.
3505 96. 4.
3506 96. 4.
3507 96. 4.
3508 96. 4.
3509 96. 4.
3510 96. 4.
3511 96. 4.
3512 96. 4.
3513 96. 4.
3514 96. 4.
3515 97. 3.
3516 97. 3.
3517 97. 3.
3518 97. 3.
3519 98. 2.
3520 98. 2.
3521 98. 2.
3522 98. 2.
3523 98. 2.
3524 98. 2.
3525 98. 2.
3526 98. 2.
3527 98. 2.
3528 98. 2.
3529 98. 2.
3530 98. 2.
3531 98. 2.
3532 98. 2.
3533 98. 2.
3534 98. 2.
3535 98. 2.
3536 98. 2.
3537 98. 2.
3538 98. 2.
3539 98. 2.
3540 98. 2.
3541 98. 2.
3542 98. 2.
3543 98. 2.
3544 98. 2.
3545 98. 2.
3546 98. 2.
3547 98. 2.
3548 98. 2.
3549 98. 2.
3550 98. 2.
3551 98. 2.
3552 98. 2.
3553 98. 2.
3554 98. 2.
3555 98. 2.
3556 98. 2.
3557 98. 2.
3558 98. 2.
3559 98. 2.
3560 98. 2.
3561 98. 2.
3562 98. 2.
3563 98. 2.
3564 98. 2.
3565 98. 2.
3566 98. 2.
3567 98. 2.
3568 98. 2.
3569 98. 2.
3570 98. 2.
3571 98. 2.
3572 98. 2.
3573 98. 2.
3574 98. 2.
3575 98. 2.
3576 98. 2.
3577 98. 2.
3578 98. 2.
3579 98. 2.
3580 98. 2.
3581 98. 2.
3582 98. 2.
3583 98. 2.
3584 98. 2.
3585 98. 2.
3586 98. 2.
3587 98. 2.
3588 98. 2.
3589 98. 2.
3590 98. 2.
3591 98. 2.
3592 98. 2.
3593 98. 2.
3594 98. 2.
3595 98. 2.
3596 98. 2.
3597 98. 2.
3598 98. 2.
3599 98. 2.
3600 99. 1.
3601 99. 1.
3602 99. 1.
3603 99. 1.
3604 99. 1.
3605 99. 1.
3606 99. 1.
3607 99. 1.
3608 99. 1.
3609 99. 1.
3610 99. 1.
3611 99. 1.
3612 99. 1.
3613 99. 1.
3614 99. 1.
3615 99. 1.
3616 99. 1.
3617 99. 1.
3618 99. 1.
3619 99. 1.
3620 99. 1.
3621 99. 1.
3622 99. 1.
3623 99. 1.
3624 99. 1.
3625 99. 1.
3626 99. 1.
3627 99. 1.
3628 99. 1.
3629 99. 1.
3630 99. 1.
3631 99. 1.
3632 99. 1.
3633 99. 1.
3634 99. 1.
3635 99. 1.
3636 99. 1.
3637 99. 1.
3638 99. 1.
3639 99. 1.
3640 99. 1.
3641 99. 1.
3642 99. 1.
3643 99. 1.
3644 99. 1.
3645 99. 1.
3646 99. 1.
3647 99. 1.
3648 99. 1.
3649 99. 1.
3650 99. 1.
3651 99. 1.
3652 99. 1.
3653 99. 1.
3654 99. 1.
3655 99. 1.
3656 99. 1.
3657 99. 1.
3658 99. 1.
3659 99. 1.
3660 99. 1.
3661 99. 1.
3662 99. 1.
3663 99. 1.
3664 99. 1.
3665 99. 1.
3666 99. 1.
3667 99. 1.
3668 99. 1.
3669 99. 1.
3670 99. 1.
3671 99. 1.
3672 99. 1.
3673 99. 1.
3674 99. 1.
3675 99. 1.
3676 99. 1.
3677 99. 1.
3678 99. 1.
3679 99. 1.
3680 99. 1.
3681 99. 1.
3682 99. 1.
3683 99. 1.
3684 99. 1.
3685 99. 1.
3686 99. 1.
3687 99. 1.
3688 99. 1.
3689 99. 1.
3690 99. 1.
3691 99. 1.
3692 99. 1.
3693 99. 1.
3694 99. 1.
3695 99. 1.
3696 99. 1.
3697 99. 1.
3698 99. 1.
3699 99. 1.
3700 99. 1.
3701 99. 1.
3702 99. 1.
3703 99. 1.
3704 99. 1.
3705 99. 1.
3706 99. 1.
3707 99. 1.
3708 99. 1.
3709 99. 1.
3710 99. 1.
3711 99. 1.
3712 99. 1.
3713 99. 1.
3714 99. 1.
3715 99. 1.
3716 99. 1.
3717 99. 1.
3718 99. 1.
3719 99. 1.
3720 99. 1.
3721 99. 1.
3722 99. 1.
