0 21. 79.
1 21. 79.
2 21. 79.
3 21. 79.
4 21. 79.
5 21. 79.
6 21. 79.
7 21. 79.
8 21. 79.
9 21. 79.
10 21. 79.
11 21. 79.
12 21. 79.
13 20. 80.
14 20. 80.
15 20. 80.
16 20. 80.
17 21. 79.
18 21. 79.
19 22. 78.
20 22. 78.
21 22. 78.
22 22. 78.
23 22. 78.
24 22. 78.
25 22. 78.
26 22. 78.
27 22. 78.
28 22. 78.
29 23. 77.
30 23. 77.
31 23. 77.
32 23. 77.
33 23. 77.
34 23. 77.
35 23. 77.
36 23. 77.
37 23. 77.
38 23. 77.
39 23. 77.
40 23. 77.
41 23. 77.
42 23. 77.
43 23. 77.
44 23. 77.
45 22. 78.
46 23. 77.
47 23. 77.
48 23. 77.
49 23. 77.
50 23. 77.
51 23. 77.
52 23. 77.
53 23. 77.
54 24. 76.
55 24. 76.
56 24. 76.
57 23. 77.
58 24. 76.
59 24. 76.
60 23. 77.
61 23. 77.
62 23. 77.
63 22. 78.
64 22. 78.
65 22. 78.
66 22. 78.
67 22. 78.
68 22. 78.
69 22. 78.
70 22. 78.
71 22. 78.
72 22. 78.
73 22. 78.
74 22. 78.
75 21. 79.
76 21. 79.
77 21. 79.
78 21. 79.
79 21. 79.
80 21. 79.
81 22. 78.
82 23. 77.
83 23. 77.
84 23. 77.
85 23. 77.
86 23. 77.
87 23. 77.
88 23. 77.
89 23. 77.
90 24. 76.
91 24. 76.
92 24. 76.
93 24. 76.
94 24. 76.
95 24. 76.
96 23. 77.
97 23. 77.
98 22. 78.
99 22. 78.
100 22. 78.
101 22. 78.
102 22. 78.
103 22. 78.
104 22. 78.
105 22. 78.
106 22. 78.
107 23. 77.
108 23. 77.
109 23. 77.
110 23. 77.
111 23. 77.
112 23. 77.
113 23. 77.
114 23. 77.
115 23. 77.
116 23. 77.
117 23. 77.
118 23. 77.
119 23. 77.
120 23. 77.
121 23. 77.
122 23. 77.
123 23. 77.
124 23. 77.
125 23. 77.
126 23. 77.
127 23. 77.
128 23. 77.
129 24. 76.
130 24. 76.
131 24. 76.
132 25. 75.
133 25. 75.
134 26. 74.
135 26. 74.
136 26. 74.
137 27. 73.
138 27. 73.
139 27. 73.
140 28. 72.
141 28. 72.
142 28. 72.
143 28. 72.
144 27. 73.
145 27. 73.
146 27. 73.
147 27. 73.
148 28. 72.
149 28. 72.
150 28. 72.
151 27. 73.
152 27. 73.
153 27. 73.
154 27. 73.
155 27. 73.
156 27. 73.
157 27. 73.
158 26. 74.
159 27. 73.
160 27. 73.
161 27. 73.
162 27. 73.
163 27. 73.
164 27. 73.
165 27. 73.
166 26. 74.
167 25. 75.
168 25. 75.
169 25. 75.
170 25. 75.
171 25. 75.
172 25. 75.
173 24. 76.
174 24. 76.
175 24. 76.
176 24. 76.
177 24. 76.
178 23. 77.
179 23. 77.
180 23. 77.
181 23. 77.
182 23. 77.
183 23. 77.
184 23. 77.
185 23. 77.
186 23. 77.
187 23. 77.
188 23. 77.
189 23. 77.
190 22. 78.
191 22. 78.
192 22. 78.
193 22. 78.
194 23. 77.
195 23. 77.
196 24. 76.
197 24. 76.
198 24. 76.
199 24. 76.
200 24. 76.
201 24. 76.
202 24. 76.
203 24. 76.
204 24. 76.
205 24. 76.
206 24. 76.
207 24. 76.
208 24. 76.
209 24. 76.
210 23. 77.
211 23. 77.
212 23. 77.
213 23. 77.
214 23. 77.
215 23. 77.
216 24. 76.
217 25. 75.
218 24. 76.
219 24. 76.
220 24. 76.
221 24. 76.
222 24. 76.
223 24. 76.
224 24. 76.
225 24. 76.
226 24. 76.
227 24. 76.
228 24. 76.
229 23. 77.
230 23. 77.
231 23. 77.
232 23. 77.
233 23. 77.
234 23. 77.
235 24. 76.
236 24. 76.
237 24. 76.
238 24. 76.
239 24. 76.
240 24. 76.
241 24. 76.
242 24. 76.
243 25. 75.
244 25. 75.
245 26. 74.
246 26. 74.
247 25. 75.
248 25. 75.
249 25. 75.
250 25. 75.
251 25. 75.
252 25. 75.
253 26. 74.
254 26. 74.
255 25. 75.
256 24. 76.
257 23. 77.
258 22. 78.
259 22. 78.
260 22. 78.
261 22. 78.
262 22. 78.
263 23. 77.
264 23. 77.
265 23. 77.
266 23. 77.
267 23. 77.
268 23. 77.
269 23. 77.
270 23. 77.
271 23. 77.
272 23. 77.
273 23. 77.
274 23. 77.
275 23. 77.
276 23. 77.
277 23. 77.
278 23. 77.
279 23. 77.
280 23. 77.
281 23. 77.
282 23. 77.
283 23. 77.
284 23. 77.
285 23. 77.
286 23. 77.
287 23. 77.
288 23. 77.
289 23. 77.
290 22. 78.
291 22. 78.
292 22. 78.
293 22. 78.
294 22. 78.
295 21. 79.
296 21. 79.
297 21. 79.
298 21. 79.
299 21. 79.
300 21. 79.
301 21. 79.
302 21. 79.
303 21. 79.
304 21. 79.
305 21. 79.
306 21. 79.
307 21. 79.
308 20. 80.
309 20. 80.
310 20. 80.
311 20. 80.
312 21. 79.
313 21. 79.
314 21. 79.
315 20. 80.
316 20. 80.
317 20. 80.
318 20. 80.
319 20. 80.
320 20. 80.
321 20. 80.
322 20. 80.
323 20. 80.
324 21. 79.
325 21. 79.
326 21. 79.
327 21. 79.
328 21. 79.
329 21. 79.
330 21. 79.
331 21. 79.
332 21. 79.
333 21. 79.
334 22. 78.
335 22. 78.
336 22. 78.
337 22. 78.
338 22. 78.
339 22. 78.
340 22. 78.
341 23. 77.
342 22. 78.
343 22. 78.
344 22. 78.
345 22. 78.
346 22. 78.
347 22. 78.
348 22. 78.
349 22. 78.
350 21. 79.
351 21. 79.
352 21. 79.
353 21. 79.
354 22. 78.
355 22. 78.
356 22. 78.
357 22. 78.
358 22. 78.
359 22. 78.
360 22. 78.
361 22. 78.
362 22. 78.
363 22. 78.
364 22. 78.
365 22. 78.
366 22. 78.
367 21. 79.
368 20. 80.
369 21. 79.
370 21. 79.
371 21. 79.
372 21. 79.
373 21. 79.
374 22. 78.
375 22. 78.
376 22. 78.
377 22. 78.
378 22. 78.
379 22. 78.
380 22. 78.
381 22. 78.
382 22. 78.
383 22. 78.
384 22. 78.
385 22. 78.
386 22. 78.
387 22. 78.
388 21. 79.
389 22. 78.
390 22. 78.
391 22. 78.
392 22. 78.
393 22. 78.
394 22. 78.
395 22. 78.
396 22. 78.
397 23. 77.
398 24. 76.
399 23. 77.
400 23. 77.
401 23. 77.
402 23. 77.
403 23. 77.
404 24. 76.
405 24. 76.
406 24. 76.
407 24. 76.
408 24. 76.
409 24. 76.
410 24. 76.
411 24. 76.
412 25. 75.
413 25. 75.
414 25. 75.
415 25. 75.
416 25. 75.
417 25. 75.
418 25. 75.
419 25. 75.
420 25. 75.
421 25. 75.
422 25. 75.
423 25. 75.
424 25. 75.
425 24. 76.
426 24. 76.
427 23. 77.
428 23. 77.
429 23. 77.
430 23. 77.
431 23. 77.
432 23. 77.
433 23. 77.
434 23. 77.
435 23. 77.
436 23. 77.
437 23. 77.
438 23. 77.
439 22. 78.
440 22. 78.
441 22. 78.
442 22. 78.
443 23. 77.
444 23. 77.
445 23. 77.
446 23. 77.
447 23. 77.
448 23. 77.
449 23. 77.
450 23. 77.
451 23. 77.
452 23. 77.
453 23. 77.
454 23. 77.
455 22. 78.
456 22. 78.
457 23. 77.
458 23. 77.
459 23. 77.
460 22. 78.
461 22. 78.
462 22. 78.
463 22. 78.
464 22. 78.
465 22. 78.
466 22. 78.
467 22. 78.
468 22. 78.
469 22. 78.
470 22. 78.
471 22. 78.
472 22. 78.
473 22. 78.
474 22. 78.
475 22. 78.
476 22. 78.
477 22. 78.
478 22. 78.
479 22. 78.
480 22. 78.
481 22. 78.
482 22. 78.
483 22. 78.
484 22. 78.
485 22. 78.
486 23. 77.
487 23. 77.
488 23. 77.
489 23. 77.
490 23. 77.
491 23. 77.
492 23. 77.
493 23. 77.
494 23. 77.
495 24. 76.
496 24. 76.
497 24. 76.
498 25. 75.
499 26. 74.
500 25. 75.
501 25. 75.
502 25. 75.
503 25. 75.
504 25. 75.
505 25. 75.
506 25. 75.
507 25. 75.
508 25. 75.
509 26. 74.
510 25. 75.
511 25. 75.
512 26. 74.
513 26. 74.
514 26. 74.
515 26. 74.
516 26. 74.
517 26. 74.
518 26. 74.
519 26. 74.
520 26. 74.
521 26. 74.
522 26. 74.
523 26. 74.
524 26. 74.
525 27. 73.
526 27. 73.
527 27. 73.
528 26. 74.
529 26. 74.
530 26. 74.
531 25. 75.
532 25. 75.
533 25. 75.
534 25. 75.
535 25. 75.
536 25. 75.
537 25. 75.
538 25. 75.
539 26. 74.
540 26. 74.
541 25. 75.
542 25. 75.
543 25. 75.
544 25. 75.
545 25. 75.
546 25. 75.
547 26. 74.
548 26. 74.
549 26. 74.
550 26. 74.
551 26. 74.
552 26. 74.
553 26. 74.
554 26. 74.
555 26. 74.
556 26. 74.
557 26. 74.
558 26. 74.
559 27. 73.
560 27. 73.
561 27. 73.
562 27. 73.
563 27. 73.
564 27. 73.
565 27. 73.
566 27. 73.
567 27. 73.
568 27. 73.
569 28. 72.
570 28. 72.
571 27. 73.
572 27. 73.
573 27. 73.
574 27. 73.
575 27. 73.
576 27. 73.
577 28. 72.
578 28. 72.
579 28. 72.
580 28. 72.
581 28. 72.
582 28. 72.
583 28. 72.
584 28. 72.
585 29. 71.
586 30. 70.
587 30. 70.
588 30. 70.
589 30. 70.
590 30. 70.
591 30. 70.
592 30. 70.
593 31. 69.
594 30. 70.
595 29. 71.
596 29. 71.
597 29. 71.
598 29. 71.
599 29. 71.
600 29. 71.
601 29. 71.
602 29. 71.
603 29. 71.
604 30. 70.
605 30. 70.
606 29. 71.
607 29. 71.
608 29. 71.
609 29. 71.
610 29. 71.
611 28. 72.
612 28. 72.
613 28. 72.
614 28. 72.
615 27. 73.
616 27. 73.
617 27. 73.
618 27. 73.
619 26. 74.
620 26. 74.
621 26. 74.
622 26. 74.
623 27. 73.
624 27. 73.
625 27. 73.
626 28. 72.
627 28. 72.
628 28. 72.
629 28. 72.
630 28. 72.
631 29. 71.
632 29. 71.
633 29. 71.
634 29. 71.
635 29. 71.
636 29. 71.
637 29. 71.
638 29. 71.
639 30. 70.
640 30. 70.
641 29. 71.
642 29. 71.
643 29. 71.
644 29. 71.
645 29. 71.
646 28. 72.
647 28. 72.
648 28. 72.
649 29. 71.
650 29. 71.
651 29. 71.
652 29. 71.
653 29. 71.
654 28. 72.
655 28. 72.
656 28. 72.
657 28. 72.
658 28. 72.
659 28. 72.
660 28. 72.
661 28. 72.
662 28. 72.
663 28. 72.
664 28. 72.
665 29. 71.
666 29. 71.
667 30. 70.
668 30. 70.
669 30. 70.
670 30. 70.
671 30. 70.
672 30. 70.
673 30. 70.
674 30. 70.
675 29. 71.
676 30. 70.
677 30. 70.
678 30. 70.
679 30. 70.
680 29. 71.
681 29. 71.
682 29. 71.
683 30. 70.
684 29. 71.
685 29. 71.
686 29. 71.
687 29. 71.
688 29. 71.
689 29. 71.
690 29. 71.
691 29. 71.
692 29. 71.
693 29. 71.
694 29. 71.
695 29. 71.
696 29. 71.
697 28. 72.
698 28. 72.
699 28. 72.
700 28. 72.
701 28. 72.
702 28. 72.
703 28. 72.
704 27. 73.
705 27. 73.
706 26. 74.
707 26. 74.
708 26. 74.
709 26. 74.
710 26. 74.
711 26. 74.
712 26. 74.
713 26. 74.
714 26. 74.
715 26. 74.
716 26. 74.
717 26. 74.
718 26. 74.
719 26. 74.
720 26. 74.
721 26. 74.
722 26. 74.
723 26. 74.
724 27. 73.
725 27. 73.
726 27. 73.
727 27. 73.
728 27. 73.
729 27. 73.
730 27. 73.
731 27. 73.
732 26. 74.
733 26. 74.
734 27. 73.
735 27. 73.
736 27. 73.
737 27. 73.
738 27. 73.
739 27. 73.
740 27. 73.
741 27. 73.
742 27. 73.
743 27. 73.
744 27. 73.
745 27. 73.
746 27. 73.
747 27. 73.
748 27. 73.
749 28. 72.
750 28. 72.
751 28. 72.
752 28. 72.
753 29. 71.
754 29. 71.
755 29. 71.
756 29. 71.
757 29. 71.
758 29. 71.
759 29. 71.
760 28. 72.
761 28. 72.
762 28. 72.
763 28. 72.
764 28. 72.
765 28. 72.
766 28. 72.
767 28. 72.
768 28. 72.
769 28. 72.
770 28. 72.
771 28. 72.
772 28. 72.
773 28. 72.
774 28. 72.
775 28. 72.
776 28. 72.
777 28. 72.
778 28. 72.
779 28. 72.
780 28. 72.
781 29. 71.
782 30. 70.
783 30. 70.
784 30. 70.
785 30. 70.
786 30. 70.
787 29. 71.
788 28. 72.
789 27. 73.
790 27. 73.
791 26. 74.
792 27. 73.
793 26. 74.
794 26. 74.
795 26. 74.
796 26. 74.
797 25. 75.
798 25. 75.
799 25. 75.
800 25. 75.
801 25. 75.
802 25. 75.
803 25. 75.
804 26. 74.
805 26. 74.
806 26. 74.
807 26. 74.
808 26. 74.
809 26. 74.
810 26. 74.
811 26. 74.
812 26. 74.
813 26. 74.
814 26. 74.
815 26. 74.
816 26. 74.
817 26. 74.
818 26. 74.
819 26. 74.
820 26. 74.
821 26. 74.
822 25. 75.
823 25. 75.
824 25. 75.
825 25. 75.
826 25. 75.
827 25. 75.
828 25. 75.
829 25. 75.
830 25. 75.
831 25. 75.
832 25. 75.
833 24. 76.
834 24. 76.
835 24. 76.
836 25. 75.
837 25. 75.
838 25. 75.
839 24. 76.
840 24. 76.
841 24. 76.
842 24. 76.
843 24. 76.
844 24. 76.
845 24. 76.
846 24. 76.
847 24. 76.
848 24. 76.
849 24. 76.
850 24. 76.
851 24. 76.
852 24. 76.
853 24. 76.
854 24. 76.
855 24. 76.
856 24. 76.
857 24. 76.
858 24. 76.
859 24. 76.
860 24. 76.
861 23. 77.
862 23. 77.
863 23. 77.
864 23. 77.
865 22. 78.
866 22. 78.
867 23. 77.
868 22. 78.
869 22. 78.
870 22. 78.
871 22. 78.
872 22. 78.
873 22. 78.
874 21. 79.
875 21. 79.
876 21. 79.
877 22. 78.
878 22. 78.
879 22. 78.
880 22. 78.
881 22. 78.
882 22. 78.
883 22. 78.
884 22. 78.
885 22. 78.
886 23. 77.
887 23. 77.
888 23. 77.
889 23. 77.
890 23. 77.
891 23. 77.
892 23. 77.
893 23. 77.
894 22. 78.
895 23. 77.
896 23. 77.
897 23. 77.
898 23. 77.
899 23. 77.
900 23. 77.
901 23. 77.
902 23. 77.
903 23. 77.
904 23. 77.
905 23. 77.
906 22. 78.
907 22. 78.
908 22. 78.
909 22. 78.
910 22. 78.
911 22. 78.
912 22. 78.
913 22. 78.
914 22. 78.
915 22. 78.
916 22. 78.
917 22. 78.
918 22. 78.
919 22. 78.
920 21. 79.
921 21. 79.
922 21. 79.
923 21. 79.
924 21. 79.
925 21. 79.
926 21. 79.
927 21. 79.
928 21. 79.
929 21. 79.
930 21. 79.
931 21. 79.
932 21. 79.
933 21. 79.
934 21. 79.
935 22. 78.
936 22. 78.
937 22. 78.
938 22. 78.
939 23. 77.
940 23. 77.
941 23. 77.
942 22. 78.
943 22. 78.
944 22. 78.
945 23. 77.
946 23. 77.
947 23. 77.
948 23. 77.
949 23. 77.
950 23. 77.
951 23. 77.
952 23. 77.
953 23. 77.
954 23. 77.
955 23. 77.
956 23. 77.
957 23. 77.
958 23. 77.
959 23. 77.
960 23. 77.
961 23. 77.
962 23. 77.
963 23. 77.
964 23. 77.
965 23. 77.
966 23. 77.
967 23. 77.
968 23. 77.
969 23. 77.
970 22. 78.
971 22. 78.
972 22. 78.
973 23. 77.
974 23. 77.
975 23. 77.
976 23. 77.
977 23. 77.
978 23. 77.
979 23. 77.
980 23. 77.
981 23. 77.
982 23. 77.
983 23. 77.
984 23. 77.
985 23. 77.
986 24. 76.
987 24. 76.
988 24. 76.
989 24. 76.
990 23. 77.
991 23. 77.
992 23. 77.
993 23. 77.
994 23. 77.
995 23. 77.
996 23. 77.
997 23. 77.
998 23. 77.
999 23. 77.
1000 23. 77.
1001 23. 77.
1002 22. 78.
1003 22. 78.
1004 22. 78.
1005 22. 78.
1006 21. 79.
1007 21. 79.
1008 20. 80.
1009 21. 79.
1010 21. 79.
1011 21. 79.
1012 21. 79.
1013 21. 79.
1014 20. 80.
1015 20. 80.
1016 20. 80.
1017 20. 80.
1018 20. 80.
1019 20. 80.
1020 21. 79.
1021 22. 78.
1022 22. 78.
1023 21. 79.
1024 21. 79.
1025 21. 79.
1026 21. 79.
1027 20. 80.
1028 20. 80.
1029 20. 80.
1030 20. 80.
1031 19. 81.
1032 19. 81.
1033 19. 81.
1034 19. 81.
1035 18. 82.
1036 19. 81.
1037 19. 81.
1038 19. 81.
1039 19. 81.
1040 20. 80.
1041 19. 81.
1042 19. 81.
1043 19. 81.
1044 19. 81.
1045 20. 80.
1046 20. 80.
1047 20. 80.
1048 20. 80.
1049 20. 80.
1050 20. 80.
1051 21. 79.
1052 21. 79.
1053 21. 79.
1054 21. 79.
1055 20. 80.
1056 20. 80.
1057 20. 80.
1058 20. 80.
1059 20. 80.
1060 20. 80.
1061 20. 80.
1062 20. 80.
1063 20. 80.
1064 20. 80.
1065 20. 80.
1066 20. 80.
1067 20. 80.
1068 20. 80.
1069 20. 80.
1070 20. 80.
1071 20. 80.
1072 20. 80.
1073 20. 80.
1074 20. 80.
1075 21. 79.
1076 21. 79.
1077 20. 80.
1078 20. 80.
1079 20. 80.
1080 20. 80.
1081 20. 80.
1082 19. 81.
1083 19. 81.
1084 20. 80.
1085 20. 80.
1086 20. 80.
1087 20. 80.
1088 20. 80.
1089 20. 80.
1090 20. 80.
1091 20. 80.
1092 20. 80.
1093 20. 80.
1094 19. 81.
1095 19. 81.
1096 19. 81.
1097 19. 81.
1098 20. 80.
1099 20. 80.
1100 20. 80.
1101 20. 80.
1102 20. 80.
1103 20. 80.
1104 20. 80.
1105 19. 81.
1106 20. 80.
1107 20. 80.
1108 20. 80.
1109 20. 80.
1110 20. 80.
1111 20. 80.
1112 21. 79.
1113 21. 79.
1114 21. 79.
1115 21. 79.
1116 21. 79.
1117 20. 80.
1118 20. 80.
1119 21. 79.
1120 21. 79.
1121 21. 79.
1122 21. 79.
1123 21. 79.
1124 21. 79.
1125 21. 79.
1126 21. 79.
1127 21. 79.
1128 21. 79.
1129 21. 79.
1130 21. 79.
1131 21. 79.
1132 21. 79.
1133 21. 79.
1134 20. 80.
1135 20. 80.
1136 20. 80.
1137 20. 80.
1138 20. 80.
1139 20. 80.
1140 20. 80.
1141 20. 80.
1142 21. 79.
1143 21. 79.
1144 21. 79.
1145 21. 79.
1146 22. 78.
1147 22. 78.
1148 22. 78.
1149 22. 78.
1150 22. 78.
1151 22. 78.
1152 21. 79.
1153 21. 79.
1154 20. 80.
1155 20. 80.
1156 19. 81.
1157 19. 81.
1158 19. 81.
1159 19. 81.
1160 19. 81.
1161 19. 81.
1162 18. 82.
1163 18. 82.
1164 18. 82.
1165 18. 82.
1166 18. 82.
1167 18. 82.
1168 18. 82.
1169 18. 82.
1170 18. 82.
1171 18. 82.
1172 18. 82.
1173 18. 82.
1174 18. 82.
1175 18. 82.
1176 18. 82.
1177 18. 82.
1178 18. 82.
1179 18. 82.
1180 18. 82.
1181 18. 82.
1182 18. 82.
1183 17. 83.
1184 17. 83.
1185 17. 83.
1186 18. 82.
1187 18. 82.
1188 18. 82.
1189 18. 82.
1190 18. 82.
1191 18. 82.
1192 17. 83.
1193 17. 83.
1194 17. 83.
1195 17. 83.
1196 17. 83.
1197 17. 83.
1198 17. 83.
1199 17. 83.
1200 16. 84.
1201 16. 84.
1202 16. 84.
1203 16. 84.
1204 15. 85.
1205 15. 85.
1206 15. 85.
1207 15. 85.
1208 15. 85.
1209 15. 85.
1210 15. 85.
1211 15. 85.
1212 15. 85.
1213 15. 85.
1214 15. 85.
1215 15. 85.
1216 15. 85.
1217 15. 85.
1218 15. 85.
1219 15. 85.
1220 14. 86.
1221 14. 86.
1222 14. 86.
1223 14. 86.
1224 14. 86.
1225 14. 86.
1226 14. 86.
1227 14. 86.
1228 14. 86.
1229 14. 86.
1230 13. 87.
1231 13. 87.
1232 13. 87.
1233 13. 87.
1234 13. 87.
1235 14. 86.
1236 13. 87.
1237 13. 87.
1238 13. 87.
1239 13. 87.
1240 13. 87.
1241 13. 87.
1242 13. 87.
1243 13. 87.
1244 13. 87.
1245 14. 86.
1246 14. 86.
1247 14. 86.
1248 14. 86.
1249 14. 86.
1250 14. 86.
1251 14. 86.
1252 13. 87.
1253 13. 87.
1254 13. 87.
1255 13. 87.
1256 13. 87.
1257 14. 86.
1258 14. 86.
1259 13. 87.
1260 13. 87.
1261 13. 87.
1262 13. 87.
1263 12. 88.
1264 12. 88.
1265 12. 88.
1266 12. 88.
1267 12. 88.
1268 12. 88.
1269 12. 88.
1270 12. 88.
1271 12. 88.
1272 12. 88.
1273 12. 88.
1274 12. 88.
1275 12. 88.
1276 12. 88.
1277 12. 88.
1278 12. 88.
1279 12. 88.
1280 12. 88.
1281 12. 88.
1282 12. 88.
1283 12. 88.
1284 12. 88.
1285 12. 88.
1286 12. 88.
1287 12. 88.
1288 13. 87.
1289 13. 87.
1290 13. 87.
1291 13. 87.
1292 13. 87.
1293 13. 87.
1294 13. 87.
1295 13. 87.
1296 13. 87.
1297 13. 87.
1298 12. 88.
1299 12. 88.
1300 12. 88.
1301 12. 88.
1302 12. 88.
1303 12. 88.
1304 12. 88.
1305 12. 88.
1306 12. 88.
1307 12. 88.
1308 12. 88.
1309 12. 88.
1310 12. 88.
1311 12. 88.
1312 12. 88.
1313 12. 88.
1314 12. 88.
1315 13. 87.
1316 13. 87.
1317 13. 87.
1318 13. 87.
1319 13. 87.
1320 13. 87.
1321 13. 87.
1322 13. 87.
1323 13. 87.
1324 13. 87.
1325 13. 87.
1326 13. 87.
1327 13. 87.
1328 13. 87.
1329 13. 87.
1330 13. 87.
1331 13. 87.
1332 13. 87.
1333 14. 86.
1334 14. 86.
1335 14. 86.
1336 14. 86.
1337 14. 86.
1338 14. 86.
1339 13. 87.
1340 13. 87.
1341 13. 87.
1342 13. 87.
1343 12. 88.
1344 12. 88.
1345 12. 88.
1346 12. 88.
1347 12. 88.
1348 12. 88.
1349 12. 88.
1350 12. 88.
1351 12. 88.
1352 12. 88.
1353 12. 88.
1354 13. 87.
1355 13. 87.
1356 14. 86.
1357 15. 85.
1358 15. 85.
1359 15. 85.
1360 15. 85.
1361 15. 85.
1362 15. 85.
1363 15. 85.
1364 15. 85.
1365 14. 86.
1366 14. 86.
1367 14. 86.
1368 14. 86.
1369 14. 86.
1370 14. 86.
1371 13. 87.
1372 13. 87.
1373 13. 87.
1374 13. 87.
1375 13. 87.
1376 14. 86.
1377 14. 86.
1378 14. 86.
1379 14. 86.
1380 14. 86.
1381 14. 86.
1382 14. 86.
1383 14. 86.
1384 14. 86.
1385 14. 86.
1386 14. 86.
1387 13. 87.
1388 13. 87.
1389 13. 87.
1390 13. 87.
1391 13. 87.
1392 13. 87.
1393 13. 87.
1394 13. 87.
1395 13. 87.
1396 13. 87.
1397 13. 87.
1398 13. 87.
1399 13. 87.
1400 13. 87.
1401 13. 87.
1402 14. 86.
1403 14. 86.
1404 14. 86.
1405 13. 87.
1406 13. 87.
1407 13. 87.
1408 13. 87.
1409 13. 87.
1410 13. 87.
1411 13. 87.
1412 13. 87.
1413 12. 88.
1414 11. 89.
1415 11. 89.
1416 11. 89.
1417 11. 89.
1418 11. 89.
1419 11. 89.
1420 11. 89.
1421 11. 89.
1422 11. 89.
1423 11. 89.
1424 11. 89.
1425 11. 89.
1426 11. 89.
1427 11. 89.
1428 11. 89.
1429 11. 89.
1430 11. 89.
1431 11. 89.
1432 11. 89.
1433 11. 89.
1434 11. 89.
1435 11. 89.
1436 11. 89.
1437 11. 89.
1438 11. 89.
1439 11. 89.
1440 12. 88.
1441 12. 88.
1442 11. 89.
1443 11. 89.
1444 11. 89.
1445 11. 89.
1446 11. 89.
1447 11. 89.
1448 11. 89.
1449 11. 89.
1450 11. 89.
1451 11. 89.
1452 11. 89.
1453 11. 89.
1454 11. 89.
1455 11. 89.
1456 11. 89.
1457 11. 89.
1458 12. 88.
1459 12. 88.
1460 12. 88.
1461 12. 88.
1462 12. 88.
1463 12. 88.
1464 12. 88.
1465 12. 88.
1466 12. 88.
1467 12. 88.
1468 12. 88.
1469 12. 88.
1470 12. 88.
1471 12. 88.
1472 12. 88.
1473 12. 88.
1474 12. 88.
1475 12. 88.
1476 12. 88.
1477 11. 89.
1478 11. 89.
1479 11. 89.
1480 11. 89.
1481 11. 89.
1482 11. 89.
1483 11. 89.
1484 11. 89.
1485 11. 89.
1486 11. 89.
1487 11. 89.
1488 11. 89.
1489 11. 89.
1490 12. 88.
1491 12. 88.
1492 12. 88.
1493 13. 87.
1494 13. 87.
1495 13. 87.
1496 12. 88.
1497 12. 88.
1498 12. 88.
1499 12. 88.
1500 12. 88.
1501 12. 88.
1502 12. 88.
1503 12. 88.
1504 12. 88.
1505 11. 89.
1506 11. 89.
1507 11. 89.
1508 11. 89.
1509 11. 89.
1510 11. 89.
1511 11. 89.
1512 10. 90.
1513 10. 90.
1514 9. 91.
1515 9. 91.
1516 9. 91.
1517 9. 91.
1518 9. 91.
1519 9. 91.
1520 8. 92.
1521 8. 92.
1522 8. 92.
1523 8. 92.
1524 8. 92.
1525 8. 92.
1526 9. 91.
1527 9. 91.
1528 9. 91.
1529 8. 92.
1530 8. 92.
1531 8. 92.
1532 8. 92.
1533 8. 92.
1534 8. 92.
1535 8. 92.
1536 8. 92.
1537 8. 92.
1538 8. 92.
1539 8. 92.
1540 8. 92.
1541 8. 92.
1542 8. 92.
1543 8. 92.
1544 8. 92.
1545 8. 92.
1546 8. 92.
1547 8. 92.
1548 8. 92.
1549 8. 92.
1550 8. 92.
1551 8. 92.
1552 8. 92.
1553 8. 92.
1554 8. 92.
1555 8. 92.
1556 8. 92.
1557 8. 92.
1558 8. 92.
1559 8. 92.
1560 8. 92.
1561 8. 92.
1562 9. 91.
1563 9. 91.
1564 9. 91.
1565 9. 91.
1566 9. 91.
1567 9. 91.
1568 9. 91.
1569 9. 91.
1570 9. 91.
1571 9. 91.
1572 9. 91.
1573 9. 91.
1574 9. 91.
1575 9. 91.
1576 9. 91.
1577 9. 91.
1578 9. 91.
1579 9. 91.
1580 9. 91.
1581 9. 91.
1582 9. 91.
1583 9. 91.
1584 9. 91.
1585 9. 91.
1586 9. 91.
1587 9. 91.
1588 9. 91.
1589 8. 92.
1590 8. 92.
1591 9. 91.
1592 8. 92.
1593 8. 92.
1594 8. 92.
1595 8. 92.
1596 8. 92.
1597 9. 91.
1598 9. 91.
1599 9. 91.
1600 9. 91.
1601 9. 91.
1602 9. 91.
1603 9. 91.
1604 9. 91.
1605 9. 91.
1606 9. 91.
1607 9. 91.
1608 9. 91.
1609 9. 91.
1610 9. 91.
1611 9. 91.
1612 9. 91.
1613 9. 91.
1614 9. 91.
1615 9. 91.
1616 9. 91.
1617 9. 91.
1618 9. 91.
1619 9. 91.
1620 9. 91.
1621 9. 91.
1622 9. 91.
1623 9. 91.
1624 9. 91.
1625 10. 90.
1626 10. 90.
1627 10. 90.
1628 10. 90.
1629 10. 90.
1630 10. 90.
1631 10. 90.
1632 10. 90.
1633 10. 90.
1634 10. 90.
1635 10. 90.
1636 10. 90.
1637 10. 90.
1638 9. 91.
1639 8. 92.
1640 9. 91.
1641 9. 91.
1642 9. 91.
1643 9. 91.
1644 9. 91.
1645 9. 91.
1646 9. 91.
1647 9. 91.
1648 9. 91.
1649 9. 91.
1650 9. 91.
1651 8. 92.
1652 8. 92.
1653 8. 92.
1654 8. 92.
1655 8. 92.
1656 8. 92.
1657 8. 92.
1658 8. 92.
1659 7. 93.
1660 7. 93.
1661 6. 94.
1662 6. 94.
1663 6. 94.
1664 6. 94.
1665 6. 94.
1666 6. 94.
1667 6. 94.
1668 6. 94.
1669 6. 94.
1670 6. 94.
1671 6. 94.
1672 6. 94.
1673 6. 94.
1674 6. 94.
1675 6. 94.
1676 6. 94.
1677 6. 94.
1678 6. 94.
1679 6. 94.
1680 6. 94.
1681 6. 94.
1682 6. 94.
1683 6. 94.
1684 6. 94.
1685 6. 94.
1686 6. 94.
1687 6. 94.
1688 6. 94.
1689 6. 94.
1690 6. 94.
1691 6. 94.
1692 6. 94.
1693 6. 94.
1694 6. 94.
1695 6. 94.
1696 6. 94.
1697 6. 94.
1698 6. 94.
1699 6. 94.
1700 6. 94.
1701 6. 94.
1702 6. 94.
1703 6. 94.
1704 6. 94.
1705 6. 94.
1706 6. 94.
1707 6. 94.
1708 6. 94.
1709 7. 93.
1710 7. 93.
1711 7. 93.
1712 7. 93.
1713 7. 93.
1714 7. 93.
1715 7. 93.
1716 7. 93.
1717 7. 93.
1718 7. 93.
1719 7. 93.
1720 7. 93.
1721 7. 93.
1722 7. 93.
1723 7. 93.
1724 7. 93.
1725 7. 93.
1726 7. 93.
1727 7. 93.
1728 7. 93.
1729 7. 93.
1730 7. 93.
1731 7. 93.
1732 7. 93.
1733 7. 93.
1734 7. 93.
1735 7. 93.
1736 7. 93.
1737 7. 93.
1738 7. 93.
1739 7. 93.
1740 7. 93.
1741 7. 93.
1742 7. 93.
1743 7. 93.
1744 7. 93.
1745 8. 92.
1746 8. 92.
1747 8. 92.
1748 8. 92.
1749 8. 92.
1750 7. 93.
1751 7. 93.
1752 7. 93.
1753 7. 93.
1754 7. 93.
1755 7. 93.
1756 7. 93.
1757 7. 93.
1758 7. 93.
1759 7. 93.
1760 7. 93.
1761 7. 93.
1762 7. 93.
1763 7. 93.
1764 7. 93.
1765 7. 93.
1766 7. 93.
1767 7. 93.
1768 7. 93.
1769 7. 93.
1770 7. 93.
1771 7. 93.
1772 7. 93.
1773 7. 93.
1774 7. 93.
1775 7. 93.
1776 7. 93.
1777 7. 93.
1778 7. 93.
1779 7. 93.
1780 7. 93.
1781 8. 92.
1782 8. 92.
1783 8. 92.
1784 8. 92.
1785 8. 92.
1786 8. 92.
1787 8. 92.
1788 8. 92.
1789 8. 92.
1790 8. 92.
1791 8. 92.
1792 8. 92.
1793 8. 92.
1794 8. 92.
1795 8. 92.
1796 8. 92.
1797 8. 92.
1798 8. 92.
1799 8. 92.
1800 8. 92.
1801 8. 92.
1802 8. 92.
1803 8. 92.
1804 8. 92.
1805 8. 92.
1806 8. 92.
1807 7. 93.
1808 7. 93.
1809 7. 93.
1810 7. 93.
1811 7. 93.
1812 7. 93.
1813 7. 93.
1814 7. 93.
1815 7. 93.
1816 7. 93.
1817 7. 93.
1818 7. 93.
1819 8. 92.
1820 8. 92.
1821 8. 92.
1822 8. 92.
1823 8. 92.
1824 8. 92.
1825 8. 92.
1826 9. 91.
1827 9. 91.
1828 9. 91.
1829 9. 91.
1830 9. 91.
1831 9. 91.
1832 9. 91.
1833 9. 91.
1834 9. 91.
1835 9. 91.
1836 9. 91.
1837 8. 92.
1838 8. 92.
1839 8. 92.
1840 8. 92.
1841 8. 92.
1842 8. 92.
1843 8. 92.
1844 8. 92.
1845 8. 92.
1846 8. 92.
1847 8. 92.
1848 8. 92.
1849 7. 93.
1850 7. 93.
1851 7. 93.
1852 7. 93.
1853 7. 93.
1854 7. 93.
1855 7. 93.
1856 7. 93.
1857 8. 92.
1858 8. 92.
1859 8. 92.
1860 8. 92.
1861 8. 92.
1862 8. 92.
1863 7. 93.
1864 7. 93.
1865 7. 93.
1866 7. 93.
1867 7. 93.
1868 7. 93.
1869 7. 93.
1870 7. 93.
1871 7. 93.
1872 7. 93.
1873 7. 93.
1874 7. 93.
1875 7. 93.
1876 7. 93.
1877 7. 93.
1878 7. 93.
1879 7. 93.
1880 7. 93.
1881 7. 93.
1882 7. 93.
1883 7. 93.
1884 7. 93.
1885 7. 93.
1886 7. 93.
1887 7. 93.
1888 7. 93.
1889 7. 93.
1890 7. 93.
1891 7. 93.
1892 7. 93.
1893 7. 93.
1894 7. 93.
1895 7. 93.
1896 7. 93.
1897 7. 93.
1898 7. 93.
1899 7. 93.
1900 7. 93.
1901 7. 93.
1902 7. 93.
1903 7. 93.
1904 7. 93.
1905 7. 93.
1906 7. 93.
1907 7. 93.
1908 7. 93.
1909 7. 93.
1910 7. 93.
1911 7. 93.
1912 7. 93.
1913 7. 93.
1914 7. 93.
1915 6. 94.
1916 6. 94.
1917 6. 94.
1918 6. 94.
1919 6. 94.
1920 6. 94.
1921 6. 94.
1922 7. 93.
1923 7. 93.
1924 8. 92.
1925 8. 92.
1926 8. 92.
1927 8. 92.
1928 8. 92.
1929 8. 92.
1930 8. 92.
1931 8. 92.
1932 8. 92.
1933 8. 92.
1934 8. 92.
1935 8. 92.
1936 8. 92.
1937 8. 92.
1938 8. 92.
1939 8. 92.
1940 8. 92.
1941 8. 92.
1942 8. 92.
1943 7. 93.
1944 7. 93.
1945 7. 93.
1946 7. 93.
1947 7. 93.
1948 7. 93.
1949 7. 93.
1950 7. 93.
1951 7. 93.
1952 7. 93.
1953 7. 93.
1954 7. 93.
1955 7. 93.
1956 7. 93.
1957 7. 93.
1958 7. 93.
1959 7. 93.
1960 7. 93.
1961 6. 94.
1962 6. 94.
1963 6. 94.
1964 6. 94.
1965 7. 93.
1966 7. 93.
1967 7. 93.
1968 7. 93.
1969 7. 93.
1970 7. 93.
1971 7. 93.
1972 7. 93.
1973 7. 93.
1974 7. 93.
1975 7. 93.
1976 7. 93.
1977 7. 93.
1978 8. 92.
1979 8. 92.
1980 8. 92.
1981 8. 92.
1982 8. 92.
1983 8. 92.
1984 8. 92.
1985 8. 92.
1986 8. 92.
1987 8. 92.
1988 8. 92.
1989 8. 92.
1990 8. 92.
1991 8. 92.
1992 8. 92.
1993 8. 92.
1994 8. 92.
1995 8. 92.
1996 8. 92.
1997 8. 92.
1998 8. 92.
1999 8. 92.
2000 8. 92.
2001 8. 92.
2002 9. 91.
2003 9. 91.
2004 9. 91.
2005 9. 91.
2006 9. 91.
2007 9. 91.
2008 9. 91.
2009 8. 92.
2010 8. 92.
2011 8. 92.
2012 8. 92.
2013 8. 92.
2014 8. 92.
2015 8. 92.
2016 8. 92.
2017 8. 92.
2018 8. 92.
2019 8. 92.
2020 8. 92.
2021 8. 92.
2022 9. 91.
2023 9. 91.
2024 9. 91.
2025 9. 91.
2026 9. 91.
2027 9. 91.
2028 9. 91.
2029 9. 91.
2030 9. 91.
2031 9. 91.
2032 9. 91.
2033 9. 91.
2034 9. 91.
2035 9. 91.
2036 9. 91.
2037 9. 91.
2038 9. 91.
2039 9. 91.
2040 9. 91.
2041 9. 91.
2042 9. 91.
2043 9. 91.
2044 9. 91.
2045 9. 91.
2046 9. 91.
2047 9. 91.
2048 9. 91.
2049 9. 91.
2050 9. 91.
2051 9. 91.
2052 9. 91.
2053 9. 91.
2054 9. 91.
2055 9. 91.
2056 9. 91.
2057 9. 91.
2058 9. 91.
2059 9. 91.
2060 9. 91.
2061 9. 91.
2062 9. 91.
2063 9. 91.
2064 9. 91.
2065 9. 91.
2066 8. 92.
2067 9. 91.
2068 9. 91.
2069 9. 91.
2070 9. 91.
2071 9. 91.
2072 9. 91.
2073 9. 91.
2074 9. 91.
2075 9. 91.
2076 9. 91.
2077 8. 92.
2078 8. 92.
2079 8. 92.
2080 8. 92.
2081 8. 92.
2082 8. 92.
2083 8. 92.
2084 8. 92.
2085 8. 92.
2086 8. 92.
2087 8. 92.
2088 8. 92.
2089 8. 92.
2090 8. 92.
2091 8. 92.
2092 8. 92.
2093 8. 92.
2094 8. 92.
2095 8. 92.
2096 8. 92.
2097 8. 92.
2098 8. 92.
2099 8. 92.
2100 8. 92.
2101 8. 92.
2102 8. 92.
2103 8. 92.
2104 8. 92.
2105 8. 92.
2106 8. 92.
2107 8. 92.
2108 8. 92.
2109 9. 91.
2110 9. 91.
2111 9. 91.
2112 9. 91.
2113 9. 91.
2114 9. 91.
2115 9. 91.
2116 9. 91.
2117 9. 91.
2118 9. 91.
2119 9. 91.
2120 9. 91.
2121 9. 91.
2122 9. 91.
2123 9. 91.
2124 9. 91.
2125 9. 91.
2126 9. 91.
2127 9. 91.
2128 9. 91.
2129 9. 91.
2130 9. 91.
2131 9. 91.
2132 8. 92.
2133 8. 92.
2134 8. 92.
2135 8. 92.
2136 8. 92.
2137 8. 92.
2138 8. 92.
2139 8. 92.
2140 7. 93.
2141 7. 93.
2142 7. 93.
2143 8. 92.
2144 8. 92.
2145 8. 92.
2146 8. 92.
2147 8. 92.
2148 8. 92.
2149 8. 92.
2150 8. 92.
2151 7. 93.
2152 7. 93.
2153 7. 93.
2154 7. 93.
2155 7. 93.
2156 7. 93.
2157 7. 93.
2158 7. 93.
2159 7. 93.
2160 7. 93.
2161 7. 93.
2162 8. 92.
2163 8. 92.
2164 8. 92.
2165 8. 92.
2166 8. 92.
2167 8. 92.
2168 8. 92.
2169 8. 92.
2170 8. 92.
2171 8. 92.
2172 8. 92.
2173 8. 92.
2174 8. 92.
2175 8. 92.
2176 8. 92.
2177 8. 92.
2178 8. 92.
2179 8. 92.
2180 8. 92.
2181 8. 92.
2182 8. 92.
2183 8. 92.
2184 8. 92.
2185 8. 92.
2186 8. 92.
2187 8. 92.
2188 7. 93.
2189 7. 93.
2190 7. 93.
2191 6. 94.
2192 6. 94.
2193 6. 94.
2194 6. 94.
2195 6. 94.
2196 6. 94.
2197 6. 94.
2198 6. 94.
2199 6. 94.
2200 6. 94.
2201 6. 94.
2202 6. 94.
2203 6. 94.
2204 6. 94.
2205 6. 94.
2206 6. 94.
2207 6. 94.
2208 6. 94.
2209 6. 94.
2210 6. 94.
2211 6. 94.
2212 6. 94.
2213 6. 94.
2214 6. 94.
2215 6. 94.
2216 6. 94.
2217 6. 94.
2218 6. 94.
2219 6. 94.
2220 6. 94.
2221 6. 94.
2222 6. 94.
2223 6. 94.
2224 6. 94.
2225 6. 94.
2226 6. 94.
2227 6. 94.
2228 6. 94.
2229 6. 94.
2230 6. 94.
2231 6. 94.
2232 6. 94.
2233 6. 94.
2234 6. 94.
2235 6. 94.
2236 6. 94.
2237 6. 94.
2238 6. 94.
2239 6. 94.
2240 6. 94.
2241 6. 94.
2242 6. 94.
2243 6. 94.
2244 7. 93.
2245 7. 93.
2246 7. 93.
2247 6. 94.
2248 6. 94.
2249 6. 94.
2250 6. 94.
2251 6. 94.
2252 6. 94.
2253 6. 94.
2254 7. 93.
2255 6. 94.
2256 6. 94.
2257 6. 94.
2258 6. 94.
2259 6. 94.
2260 6. 94.
2261 7. 93.
2262 7. 93.
2263 7. 93.
2264 7. 93.
2265 7. 93.
2266 7. 93.
2267 7. 93.
2268 7. 93.
2269 7. 93.
2270 7. 93.
2271 7. 93.
2272 7. 93.
2273 7. 93.
2274 7. 93.
2275 7. 93.
2276 7. 93.
2277 7. 93.
2278 7. 93.
2279 7. 93.
2280 7. 93.
2281 7. 93.
2282 7. 93.
2283 7. 93.
2284 8. 92.
2285 8. 92.
2286 8. 92.
2287 8. 92.
2288 8. 92.
2289 8. 92.
2290 8. 92.
2291 8. 92.
2292 8. 92.
2293 8. 92.
2294 8. 92.
2295 8. 92.
2296 8. 92.
2297 8. 92.
2298 9. 91.
2299 9. 91.
2300 9. 91.
2301 9. 91.
2302 9. 91.
2303 9. 91.
2304 9. 91.
2305 9. 91.
2306 9. 91.
2307 9. 91.
2308 9. 91.
2309 9. 91.
2310 9. 91.
2311 9. 91.
2312 9. 91.
2313 9. 91.
2314 9. 91.
2315 9. 91.
2316 9. 91.
2317 9. 91.
2318 9. 91.
2319 9. 91.
2320 9. 91.
2321 9. 91.
2322 9. 91.
2323 9. 91.
2324 9. 91.
2325 9. 91.
2326 9. 91.
2327 9. 91.
2328 9. 91.
2329 9. 91.
2330 9. 91.
2331 9. 91.
2332 9. 91.
2333 9. 91.
2334 9. 91.
2335 9. 91.
2336 9. 91.
2337 9. 91.
2338 9. 91.
2339 9. 91.
2340 9. 91.
2341 9. 91.
2342 9. 91.
2343 9. 91.
2344 9. 91.
2345 9. 91.
2346 9. 91.
2347 9. 91.
2348 9. 91.
2349 9. 91.
2350 9. 91.
2351 9. 91.
2352 9. 91.
2353 9. 91.
2354 9. 91.
2355 9. 91.
2356 9. 91.
2357 9. 91.
2358 9. 91.
2359 8. 92.
2360 8. 92.
2361 8. 92.
2362 8. 92.
2363 8. 92.
2364 8. 92.
2365 8. 92.
2366 8. 92.
2367 8. 92.
2368 8. 92.
2369 8. 92.
2370 8. 92.
2371 8. 92.
2372 8. 92.
2373 8. 92.
2374 8. 92.
2375 8. 92.
2376 8. 92.
2377 8. 92.
2378 8. 92.
2379 8. 92.
2380 8. 92.
2381 8. 92.
2382 8. 92.
2383 8. 92.
2384 8. 92.
2385 8. 92.
2386 8. 92.
2387 8. 92.
2388 7. 93.
2389 7. 93.
2390 7. 93.
2391 7. 93.
2392 7. 93.
2393 7. 93.
2394 7. 93.
2395 7. 93.
2396 7. 93.
2397 6. 94.
2398 6. 94.
2399 6. 94.
2400 6. 94.
2401 6. 94.
2402 6. 94.
2403 6. 94.
2404 6. 94.
2405 6. 94.
2406 5. 95.
2407 5. 95.
2408 5. 95.
2409 6. 94.
2410 6. 94.
2411 6. 94.
2412 6. 94.
2413 6. 94.
2414 6. 94.
2415 6. 94.
2416 6. 94.
2417 6. 94.
2418 6. 94.
2419 6. 94.
2420 6. 94.
2421 6. 94.
2422 6. 94.
2423 6. 94.
2424 6. 94.
2425 6. 94.
2426 6. 94.
2427 6. 94.
2428 6. 94.
2429 6. 94.
2430 6. 94.
2431 6. 94.
2432 6. 94.
2433 7. 93.
2434 7. 93.
2435 8. 92.
2436 8. 92.
2437 8. 92.
2438 8. 92.
2439 8. 92.
2440 8. 92.
2441 8. 92.
2442 8. 92.
2443 8. 92.
2444 8. 92.
2445 8. 92.
2446 8. 92.
2447 8. 92.
2448 8. 92.
2449 8. 92.
2450 8. 92.
2451 8. 92.
2452 8. 92.
2453 8. 92.
2454 8. 92.
2455 8. 92.
2456 8. 92.
2457 8. 92.
2458 8. 92.
2459 8. 92.
2460 8. 92.
2461 8. 92.
2462 8. 92.
2463 8. 92.
2464 8. 92.
2465 8. 92.
2466 8. 92.
2467 8. 92.
2468 8. 92.
2469 8. 92.
2470 8. 92.
2471 8. 92.
2472 8. 92.
2473 8. 92.
2474 8. 92.
2475 8. 92.
2476 8. 92.
2477 8. 92.
2478 7. 93.
2479 7. 93.
2480 7. 93.
2481 7. 93.
2482 7. 93.
2483 7. 93.
2484 7. 93.
2485 7. 93.
2486 7. 93.
2487 7. 93.
2488 7. 93.
2489 7. 93.
2490 7. 93.
2491 7. 93.
2492 7. 93.
2493 7. 93.
2494 6. 94.
2495 6. 94.
2496 6. 94.
2497 6. 94.
2498 6. 94.
2499 6. 94.
2500 6. 94.
2501 6. 94.
2502 6. 94.
2503 6. 94.
2504 6. 94.
2505 7. 93.
2506 6. 94.
2507 6. 94.
2508 6. 94.
2509 6. 94.
2510 6. 94.
2511 7. 93.
2512 7. 93.
2513 7. 93.
2514 7. 93.
2515 7. 93.
2516 7. 93.
2517 7. 93.
2518 7. 93.
2519 7. 93.
2520 7. 93.
2521 7. 93.
2522 6. 94.
2523 6. 94.
2524 5. 95.
2525 5. 95.
2526 5. 95.
2527 5. 95.
2528 5. 95.
2529 5. 95.
2530 5. 95.
2531 5. 95.
2532 5. 95.
2533 5. 95.
2534 5. 95.
2535 6. 94.
2536 6. 94.
2537 6. 94.
2538 7. 93.
2539 7. 93.
2540 7. 93.
2541 7. 93.
2542 7. 93.
2543 7. 93.
2544 7. 93.
2545 7. 93.
2546 7. 93.
2547 7. 93.
2548 7. 93.
2549 7. 93.
2550 7. 93.
2551 7. 93.
2552 7. 93.
2553 8. 92.
2554 8. 92.
2555 8. 92.
2556 8. 92.
2557 8. 92.
2558 8. 92.
2559 8. 92.
2560 9. 91.
2561 9. 91.
2562 9. 91.
2563 9. 91.
2564 9. 91.
2565 9. 91.
2566 9. 91.
2567 9. 91.
2568 8. 92.
2569 8. 92.
2570 8. 92.
2571 8. 92.
2572 8. 92.
2573 8. 92.
2574 8. 92.
2575 8. 92.
2576 8. 92.
2577 8. 92.
2578 7. 93.
2579 7. 93.
2580 7. 93.
2581 7. 93.
2582 7. 93.
2583 7. 93.
2584 7. 93.
2585 7. 93.
2586 7. 93.
2587 7. 93.
2588 7. 93.
2589 7. 93.
2590 7. 93.
2591 7. 93.
2592 7. 93.
2593 7. 93.
2594 7. 93.
2595 7. 93.
2596 7. 93.
2597 7. 93.
2598 7. 93.
2599 7. 93.
2600 7. 93.
2601 7. 93.
2602 7. 93.
2603 7. 93.
2604 7. 93.
2605 7. 93.
2606 7. 93.
2607 7. 93.
2608 7. 93.
2609 7. 93.
2610 7. 93.
2611 7. 93.
2612 7. 93.
2613 7. 93.
2614 7. 93.
2615 7. 93.
2616 7. 93.
2617 7. 93.
2618 7. 93.
2619 7. 93.
2620 7. 93.
2621 7. 93.
2622 7. 93.
2623 7. 93.
2624 7. 93.
2625 8. 92.
2626 8. 92.
2627 8. 92.
2628 8. 92.
2629 8. 92.
2630 8. 92.
2631 8. 92.
2632 8. 92.
2633 8. 92.
2634 8. 92.
2635 8. 92.
2636 8. 92.
2637 8. 92.
2638 8. 92.
2639 8. 92.
2640 8. 92.
2641 8. 92.
2642 8. 92.
2643 8. 92.
2644 8. 92.
2645 8. 92.
2646 8. 92.
2647 8. 92.
2648 8. 92.
2649 8. 92.
2650 8. 92.
2651 8. 92.
2652 8. 92.
2653 8. 92.
2654 8. 92.
2655 8. 92.
2656 8. 92.
2657 8. 92.
2658 8. 92.
2659 8. 92.
2660 7. 93.
2661 7. 93.
2662 7. 93.
2663 6. 94.
2664 5. 95.
2665 5. 95.
2666 5. 95.
2667 5. 95.
2668 5. 95.
2669 5. 95.
2670 5. 95.
2671 5. 95.
2672 5. 95.
2673 5. 95.
2674 5. 95.
2675 5. 95.
2676 5. 95.
2677 5. 95.
2678 5. 95.
2679 5. 95.
2680 5. 95.
2681 5. 95.
2682 5. 95.
2683 5. 95.
2684 5. 95.
2685 5. 95.
2686 5. 95.
2687 5. 95.
2688 5. 95.
2689 5. 95.
2690 5. 95.
2691 5. 95.
2692 5. 95.
2693 5. 95.
2694 5. 95.
2695 5. 95.
2696 5. 95.
2697 5. 95.
2698 5. 95.
2699 5. 95.
2700 5. 95.
2701 5. 95.
2702 5. 95.
2703 5. 95.
2704 5. 95.
2705 5. 95.
2706 5. 95.
2707 5. 95.
2708 5. 95.
2709 5. 95.
2710 5. 95.
2711 5. 95.
2712 5. 95.
2713 5. 95.
2714 6. 94.
2715 6. 94.
2716 6. 94.
2717 6. 94.
2718 6. 94.
2719 6. 94.
2720 5. 95.
2721 4. 96.
2722 4. 96.
2723 4. 96.
2724 4. 96.
2725 4. 96.
2726 4. 96.
2727 4. 96.
2728 4. 96.
2729 4. 96.
2730 4. 96.
2731 4. 96.
2732 4. 96.
2733 4. 96.
2734 4. 96.
2735 4. 96.
2736 4. 96.
2737 4. 96.
2738 4. 96.
2739 5. 95.
2740 5. 95.
2741 5. 95.
2742 5. 95.
2743 5. 95.
2744 5. 95.
2745 5. 95.
2746 5. 95.
2747 5. 95.
2748 5. 95.
2749 5. 95.
2750 5. 95.
2751 5. 95.
2752 5. 95.
2753 5. 95.
2754 5. 95.
2755 5. 95.
2756 5. 95.
2757 5. 95.
2758 5. 95.
2759 5. 95.
2760 5. 95.
2761 4. 96.
2762 4. 96.
2763 4. 96.
2764 4. 96.
2765 4. 96.
2766 5. 95.
2767 5. 95.
2768 5. 95.
2769 5. 95.
2770 5. 95.
2771 5. 95.
2772 5. 95.
2773 5. 95.
2774 5. 95.
2775 5. 95.
2776 5. 95.
2777 5. 95.
2778 5. 95.
2779 5. 95.
2780 5. 95.
2781 5. 95.
2782 5. 95.
2783 5. 95.
2784 5. 95.
2785 5. 95.
2786 5. 95.
2787 6. 94.
2788 6. 94.
2789 6. 94.
2790 6. 94.
2791 6. 94.
2792 6. 94.
2793 6. 94.
2794 6. 94.
2795 6. 94.
2796 6. 94.
2797 6. 94.
2798 6. 94.
2799 5. 95.
2800 5. 95.
2801 5. 95.
2802 5. 95.
2803 5. 95.
2804 5. 95.
2805 5. 95.
2806 5. 95.
2807 5. 95.
2808 5. 95.
2809 5. 95.
2810 5. 95.
2811 5. 95.
2812 5. 95.
2813 5. 95.
2814 5. 95.
2815 5. 95.
2816 5. 95.
2817 5. 95.
2818 5. 95.
2819 5. 95.
2820 5. 95.
2821 5. 95.
2822 5. 95.
2823 4. 96.
2824 4. 96.
2825 4. 96.
2826 4. 96.
2827 4. 96.
2828 4. 96.
2829 4. 96.
2830 4. 96.
2831 4. 96.
2832 4. 96.
2833 4. 96.
2834 4. 96.
2835 4. 96.
2836 4. 96.
2837 4. 96.
2838 4. 96.
2839 4. 96.
2840 4. 96.
2841 4. 96.
2842 4. 96.
2843 4. 96.
2844 4. 96.
2845 3. 97.
2846 3. 97.
2847 3. 97.
2848 3. 97.
2849 3. 97.
2850 3. 97.
2851 3. 97.
2852 3. 97.
2853 3. 97.
2854 3. 97.
2855 3. 97.
2856 3. 97.
2857 3. 97.
2858 3. 97.
2859 3. 97.
2860 3. 97.
2861 3. 97.
2862 3. 97.
2863 3. 97.
2864 3. 97.
2865 3. 97.
2866 3. 97.
2867 3. 97.
2868 3. 97.
2869 3. 97.
2870 3. 97.
2871 3. 97.
2872 3. 97.
2873 3. 97.
2874 3. 97.
2875 3. 97.
2876 3. 97.
2877 3. 97.
2878 3. 97.
2879 3. 97.
2880 3. 97.
2881 3. 97.
2882 3. 97.
2883 3. 97.
2884 4. 96.
2885 4. 96.
2886 4. 96.
2887 4. 96.
2888 4. 96.
2889 4. 96.
2890 4. 96.
2891 4. 96.
2892 4. 96.
2893 4. 96.
2894 4. 96.
2895 4. 96.
2896 4. 96.
2897 4. 96.
2898 4. 96.
2899 4. 96.
2900 4. 96.
2901 4. 96.
2902 4. 96.
2903 4. 96.
2904 4. 96.
2905 4. 96.
2906 4. 96.
2907 3. 97.
2908 3. 97.
2909 3. 97.
2910 3. 97.
2911 3. 97.
2912 3. 97.
2913 3. 97.
2914 3. 97.
2915 3. 97.
2916 3. 97.
2917 3. 97.
2918 3. 97.
2919 3. 97.
2920 3. 97.
2921 3. 97.
2922 3. 97.
2923 3. 97.
2924 3. 97.
2925 3. 97.
2926 3. 97.
2927 3. 97.
2928 3. 97.
2929 3. 97.
2930 3. 97.
2931 3. 97.
2932 3. 97.
2933 3. 97.
2934 3. 97.
2935 3. 97.
2936 3. 97.
2937 3. 97.
2938 3. 97.
2939 3. 97.
2940 4. 96.
2941 4. 96.
2942 4. 96.
2943 4. 96.
2944 4. 96.
2945 4. 96.
2946 4. 96.
2947 4. 96.
2948 4. 96.
2949 4. 96.
2950 4. 96.
2951 4. 96.
2952 4. 96.
2953 4. 96.
2954 4. 96.
2955 4. 96.
2956 4. 96.
2957 4. 96.
2958 4. 96.
2959 4. 96.
2960 4. 96.
2961 4. 96.
2962 4. 96.
2963 4. 96.
2964 4. 96.
2965 4. 96.
2966 4. 96.
2967 4. 96.
2968 4. 96.
2969 4. 96.
2970 4. 96.
2971 4. 96.
2972 4. 96.
2973 4. 96.
2974 4. 96.
2975 4. 96.
2976 4. 96.
2977 4. 96.
2978 5. 95.
2979 5. 95.
2980 5. 95.
2981 5. 95.
2982 5. 95.
2983 5. 95.
2984 5. 95.
2985 5. 95.
2986 5. 95.
2987 5. 95.
2988 5. 95.
2989 5. 95.
2990 5. 95.
2991 5. 95.
2992 5. 95.
2993 5. 95.
2994 5. 95.
2995 5. 95.
2996 5. 95.
2997 6. 94.
2998 6. 94.
2999 6. 94.
3000 6. 94.
3001 6. 94.
3002 6. 94.
3003 6. 94.
3004 6. 94.
3005 6. 94.
3006 6. 94.
3007 6. 94.
3008 6. 94.
3009 6. 94.
3010 6. 94.
3011 6. 94.
3012 6. 94.
3013 6. 94.
3014 6. 94.
3015 6. 94.
3016 6. 94.
3017 6. 94.
3018 6. 94.
3019 6. 94.
3020 6. 94.
3021 6. 94.
3022 6. 94.
3023 7. 93.
3024 7. 93.
3025 7. 93.
3026 7. 93.
3027 7. 93.
3028 7. 93.
3029 7. 93.
3030 7. 93.
3031 7. 93.
3032 7. 93.
3033 7. 93.
3034 7. 93.
3035 7. 93.
3036 7. 93.
3037 7. 93.
3038 7. 93.
3039 7. 93.
3040 7. 93.
3041 7. 93.
3042 7. 93.
3043 7. 93.
3044 7. 93.
3045 7. 93.
3046 7. 93.
3047 7. 93.
3048 7. 93.
3049 7. 93.
3050 7. 93.
3051 7. 93.
3052 7. 93.
3053 7. 93.
3054 7. 93.
3055 7. 93.
3056 8. 92.
3057 8. 92.
3058 8. 92.
3059 8. 92.
3060 8. 92.
3061 8. 92.
3062 8. 92.
3063 8. 92.
3064 8. 92.
3065 8. 92.
3066 8. 92.
3067 8. 92.
3068 8. 92.
3069 8. 92.
3070 8. 92.
3071 8. 92.
3072 8. 92.
3073 8. 92.
3074 8. 92.
3075 8. 92.
3076 9. 91.
3077 9. 91.
3078 9. 91.
3079 9. 91.
3080 9. 91.
3081 9. 91.
3082 9. 91.
3083 9. 91.
3084 9. 91.
3085 9. 91.
3086 9. 91.
3087 9. 91.
3088 9. 91.
3089 9. 91.
3090 9. 91.
3091 9. 91.
3092 9. 91.
3093 9. 91.
3094 9. 91.
3095 9. 91.
3096 9. 91.
3097 9. 91.
3098 9. 91.
3099 9. 91.
3100 9. 91.
3101 9. 91.
3102 9. 91.
3103 9. 91.
3104 9. 91.
3105 9. 91.
3106 9. 91.
3107 9. 91.
3108 9. 91.
3109 9. 91.
3110 9. 91.
3111 9. 91.
3112 9. 91.
3113 9. 91.
3114 9. 91.
3115 9. 91.
3116 9. 91.
3117 9. 91.
3118 9. 91.
3119 9. 91.
3120 9. 91.
3121 9. 91.
3122 9. 91.
3123 9. 91.
3124 9. 91.
3125 9. 91.
3126 9. 91.
3127 9. 91.
3128 9. 91.
3129 9. 91.
3130 9. 91.
3131 9. 91.
3132 9. 91.
3133 9. 91.
3134 9. 91.
3135 9. 91.
3136 9. 91.
3137 9. 91.
3138 9. 91.
3139 9. 91.
3140 9. 91.
3141 9. 91.
3142 9. 91.
3143 8. 92.
3144 8. 92.
3145 8. 92.
3146 8. 92.
3147 8. 92.
3148 8. 92.
3149 8. 92.
3150 8. 92.
3151 8. 92.
3152 7. 93.
3153 7. 93.
3154 7. 93.
3155 7. 93.
3156 7. 93.
3157 7. 93.
3158 7. 93.
3159 7. 93.
3160 7. 93.
3161 7. 93.
3162 7. 93.
3163 7. 93.
3164 7. 93.
3165 7. 93.
3166 7. 93.
3167 7. 93.
3168 6. 94.
3169 6. 94.
3170 6. 94.
3171 6. 94.
3172 6. 94.
3173 6. 94.
3174 6. 94.
3175 6. 94.
3176 6. 94.
3177 6. 94.
3178 6. 94.
3179 6. 94.
3180 6. 94.
3181 6. 94.
3182 7. 93.
3183 8. 92.
3184 8. 92.
3185 8. 92.
3186 8. 92.
3187 8. 92.
3188 8. 92.
3189 9. 91.
3190 9. 91.
3191 9. 91.
3192 9. 91.
3193 9. 91.
3194 9. 91.
3195 9. 91.
3196 9. 91.
3197 9. 91.
3198 9. 91.
3199 9. 91.
3200 9. 91.
3201 9. 91.
3202 9. 91.
3203 9. 91.
3204 9. 91.
3205 9. 91.
3206 9. 91.
3207 9. 91.
3208 9. 91.
3209 9. 91.
3210 9. 91.
3211 9. 91.
3212 9. 91.
3213 9. 91.
3214 8. 92.
3215 8. 92.
3216 9. 91.
3217 9. 91.
3218 9. 91.
3219 9. 91.
3220 9. 91.
3221 9. 91.
3222 8. 92.
3223 8. 92.
3224 8. 92.
3225 8. 92.
3226 8. 92.
3227 8. 92.
3228 7. 93.
3229 7. 93.
3230 7. 93.
3231 7. 93.
3232 7. 93.
3233 7. 93.
3234 7. 93.
3235 7. 93.
3236 7. 93.
3237 7. 93.
3238 7. 93.
3239 7. 93.
3240 7. 93.
3241 7. 93.
3242 7. 93.
3243 7. 93.
3244 7. 93.
3245 6. 94.
3246 7. 93.
3247 7. 93.
3248 7. 93.
3249 7. 93.
3250 7. 93.
3251 7. 93.
3252 7. 93.
3253 7. 93.
3254 7. 93.
3255 7. 93.
3256 7. 93.
3257 7. 93.
3258 7. 93.
3259 7. 93.
3260 7. 93.
3261 7. 93.
3262 7. 93.
3263 7. 93.
3264 7. 93.
3265 7. 93.
3266 7. 93.
3267 7. 93.
3268 7. 93.
3269 7. 93.
3270 7. 93.
3271 7. 93.
3272 7. 93.
3273 7. 93.
3274 7. 93.
3275 7. 93.
3276 7. 93.
3277 7. 93.
3278 7. 93.
3279 7. 93.
3280 7. 93.
3281 7. 93.
3282 7. 93.
3283 7. 93.
3284 7. 93.
3285 7. 93.
3286 7. 93.
3287 7. 93.
3288 7. 93.
3289 7. 93.
3290 7. 93.
3291 7. 93.
3292 7. 93.
3293 7. 93.
3294 7. 93.
3295 7. 93.
3296 7. 93.
3297 7. 93.
3298 7. 93.
3299 7. 93.
3300 7. 93.
3301 7. 93.
3302 7. 93.
3303 7. 93.
3304 7. 93.
3305 7. 93.
3306 7. 93.
3307 7. 93.
3308 7. 93.
3309 7. 93.
3310 7. 93.
3311 7. 93.
3312 7. 93.
3313 7. 93.
3314 7. 93.
3315 7. 93.
3316 7. 93.
3317 7. 93.
3318 7. 93.
3319 6. 94.
3320 6. 94.
3321 6. 94.
3322 5. 95.
3323 5. 95.
3324 5. 95.
3325 5. 95.
3326 5. 95.
3327 5. 95.
3328 5. 95.
3329 5. 95.
3330 5. 95.
3331 5. 95.
3332 5. 95.
3333 6. 94.
3334 6. 94.
3335 6. 94.
3336 6. 94.
3337 6. 94.
3338 6. 94.
3339 6. 94.
3340 6. 94.
3341 6. 94.
3342 6. 94.
3343 6. 94.
3344 6. 94.
3345 6. 94.
3346 6. 94.
3347 6. 94.
3348 6. 94.
3349 6. 94.
3350 6. 94.
3351 6. 94.
3352 6. 94.
3353 6. 94.
3354 6. 94.
3355 6. 94.
3356 6. 94.
3357 6. 94.
3358 6. 94.
3359 6. 94.
3360 5. 95.
3361 5. 95.
3362 5. 95.
3363 5. 95.
3364 5. 95.
3365 5. 95.
3366 5. 95.
3367 5. 95.
3368 5. 95.
3369 5. 95.
3370 5. 95.
3371 5. 95.
3372 5. 95.
3373 5. 95.
3374 4. 96.
3375 4. 96.
3376 4. 96.
3377 4. 96.
3378 4. 96.
3379 4. 96.
3380 4. 96.
3381 4. 96.
3382 4. 96.
3383 4. 96.
3384 4. 96.
3385 4. 96.
3386 4. 96.
3387 4. 96.
3388 4. 96.
3389 4. 96.
3390 4. 96.
3391 4. 96.
3392 4. 96.
3393 4. 96.
3394 4. 96.
3395 4. 96.
3396 4. 96.
3397 3. 97.
3398 3. 97.
3399 3. 97.
3400 3. 97.
3401 3. 97.
3402 3. 97.
3403 3. 97.
3404 3. 97.
3405 3. 97.
3406 3. 97.
3407 3. 97.
3408 3. 97.
3409 3. 97.
3410 3. 97.
3411 3. 97.
3412 3. 97.
3413 3. 97.
3414 3. 97.
3415 3. 97.
3416 3. 97.
3417 3. 97.
3418 3. 97.
3419 3. 97.
3420 3. 97.
3421 3. 97.
3422 3. 97.
3423 3. 97.
3424 3. 97.
3425 3. 97.
3426 3. 97.
3427 3. 97.
3428 3. 97.
3429 3. 97.
3430 3. 97.
3431 3. 97.
3432 3. 97.
3433 3. 97.
3434 3. 97.
3435 3. 97.
3436 3. 97.
3437 3. 97.
3438 3. 97.
3439 3. 97.
3440 3. 97.
3441 3. 97.
3442 3. 97.
3443 3. 97.
3444 3. 97.
3445 3. 97.
3446 3. 97.
3447 3. 97.
3448 3. 97.
3449 3. 97.
3450 3. 97.
3451 3. 97.
3452 3. 97.
3453 3. 97.
3454 3. 97.
3455 3. 97.
3456 3. 97.
3457 3. 97.
3458 3. 97.
3459 3. 97.
3460 2. 98.
3461 2. 98.
3462 2. 98.
3463 2. 98.
3464 2. 98.
3465 2. 98.
3466 2. 98.
3467 2. 98.
3468 2. 98.
3469 2. 98.
3470 2. 98.
3471 2. 98.
3472 2. 98.
3473 2. 98.
3474 2. 98.
3475 2. 98.
3476 2. 98.
3477 2. 98.
3478 2. 98.
3479 2. 98.
3480 2. 98.
3481 2. 98.
3482 2. 98.
3483 2. 98.
3484 2. 98.
3485 2. 98.
3486 2. 98.
3487 2. 98.
3488 2. 98.
3489 2. 98.
3490 2. 98.
3491 2. 98.
3492 2. 98.
3493 2. 98.
3494 2. 98.
3495 2. 98.
3496 2. 98.
3497 2. 98.
3498 2. 98.
3499 2. 98.
3500 2. 98.
3501 2. 98.
3502 2. 98.
3503 2. 98.
3504 2. 98.
3505 2. 98.
3506 2. 98.
3507 2. 98.
3508 2. 98.
3509 2. 98.
3510 2. 98.
3511 2. 98.
3512 2. 98.
3513 2. 98.
3514 2. 98.
3515 2. 98.
3516 2. 98.
3517 2. 98.
3518 2. 98.
3519 2. 98.
3520 2. 98.
3521 2. 98.
3522 2. 98.
3523 2. 98.
3524 2. 98.
3525 2. 98.
3526 2. 98.
3527 1. 99.
3528 1. 99.
3529 1. 99.
3530 1. 99.
3531 1. 99.
3532 1. 99.
3533 1. 99.
3534 1. 99.
3535 1. 99.
3536 1. 99.
3537 2. 98.
3538 2. 98.
3539 2. 98.
3540 2. 98.
3541 2. 98.
3542 2. 98.
3543 2. 98.
3544 2. 98.
3545 2. 98.
3546 2. 98.
3547 2. 98.
3548 2. 98.
3549 2. 98.
3550 2. 98.
3551 2. 98.
3552 2. 98.
3553 2. 98.
3554 2. 98.
3555 2. 98.
3556 2. 98.
3557 2. 98.
3558 2. 98.
3559 2. 98.
3560 2. 98.
3561 2. 98.
3562 2. 98.
3563 2. 98.
3564 2. 98.
3565 2. 98.
3566 2. 98.
3567 2. 98.
3568 2. 98.
3569 2. 98.
3570 2. 98.
3571 2. 98.
3572 2. 98.
3573 2. 98.
3574 2. 98.
3575 2. 98.
3576 2. 98.
3577 2. 98.
3578 2. 98.
3579 2. 98.
3580 2. 98.
3581 2. 98.
3582 2. 98.
3583 2. 98.
3584 2. 98.
3585 2. 98.
3586 2. 98.
3587 2. 98.
3588 2. 98.
3589 2. 98.
3590 2. 98.
3591 2. 98.
3592 2. 98.
3593 2. 98.
3594 2. 98.
3595 2. 98.
3596 2. 98.
3597 2. 98.
3598 2. 98.
3599 2. 98.
3600 2. 98.
3601 2. 98.
3602 2. 98.
3603 2. 98.
3604 2. 98.
3605 2. 98.
3606 2. 98.
3607 2. 98.
3608 2. 98.
3609 2. 98.
3610 2. 98.
3611 2. 98.
3612 2. 98.
3613 2. 98.
3614 2. 98.
3615 2. 98.
3616 2. 98.
3617 2. 98.
3618 2. 98.
3619 2. 98.
3620 2. 98.
3621 2. 98.
3622 2. 98.
3623 2. 98.
3624 2. 98.
3625 2. 98.
3626 2. 98.
3627 2. 98.
3628 2. 98.
3629 2. 98.
3630 2. 98.
3631 2. 98.
3632 2. 98.
3633 2. 98.
3634 2. 98.
3635 2. 98.
3636 2. 98.
3637 2. 98.
3638 2. 98.
3639 2. 98.
3640 2. 98.
3641 2. 98.
3642 2. 98.
3643 2. 98.
3644 2. 98.
3645 2. 98.
3646 2. 98.
3647 2. 98.
3648 2. 98.
3649 2. 98.
3650 2. 98.
3651 2. 98.
3652 2. 98.
3653 2. 98.
3654 2. 98.
3655 2. 98.
3656 2. 98.
3657 2. 98.
3658 2. 98.
3659 2. 98.
3660 2. 98.
3661 2. 98.
3662 2. 98.
3663 2. 98.
3664 2. 98.
3665 2. 98.
3666 2. 98.
3667 2. 98.
3668 2. 98.
3669 2. 98.
3670 2. 98.
3671 3. 97.
3672 3. 97.
3673 3. 97.
3674 3. 97.
3675 3. 97.
3676 3. 97.
3677 3. 97.
3678 3. 97.
3679 3. 97.
3680 3. 97.
3681 3. 97.
3682 3. 97.
3683 3. 97.
3684 3. 97.
3685 3. 97.
3686 3. 97.
3687 3. 97.
3688 3. 97.
3689 3. 97.
3690 3. 97.
3691 3. 97.
3692 3. 97.
3693 3. 97.
3694 3. 97.
3695 3. 97.
3696 3. 97.
3697 3. 97.
3698 3. 97.
3699 3. 97.
3700 3. 97.
3701 3. 97.
3702 3. 97.
3703 3. 97.
3704 3. 97.
3705 3. 97.
3706 3. 97.
3707 3. 97.
3708 3. 97.
3709 2. 98.
3710 2. 98.
3711 2. 98.
3712 2. 98.
3713 2. 98.
3714 2. 98.
3715 2. 98.
3716 2. 98.
3717 2. 98.
3718 2. 98.
3719 2. 98.
3720 2. 98.
3721 2. 98.
3722 2. 98.
3723 2. 98.
3724 2. 98.
3725 2. 98.
3726 2. 98.
3727 2. 98.
3728 2. 98.
3729 2. 98.
3730 2. 98.
3731 2. 98.
3732 2. 98.
3733 2. 98.
3734 2. 98.
3735 2. 98.
3736 2. 98.
3737 2. 98.
3738 2. 98.
3739 2. 98.
3740 2. 98.
3741 2. 98.
3742 2. 98.
3743 2. 98.
3744 2. 98.
3745 2. 98.
3746 2. 98.
3747 2. 98.
3748 2. 98.
3749 2. 98.
3750 2. 98.
3751 2. 98.
3752 2. 98.
3753 2. 98.
3754 2. 98.
3755 2. 98.
3756 2. 98.
3757 2. 98.
3758 2. 98.
3759 2. 98.
3760 2. 98.
3761 2. 98.
3762 2. 98.
3763 2. 98.
3764 2. 98.
3765 2. 98.
3766 2. 98.
3767 2. 98.
3768 2. 98.
3769 2. 98.
3770 2. 98.
3771 2. 98.
3772 2. 98.
3773 2. 98.
3774 2. 98.
3775 2. 98.
3776 2. 98.
3777 2. 98.
3778 2. 98.
3779 2. 98.
3780 2. 98.
3781 2. 98.
3782 2. 98.
3783 2. 98.
3784 2. 98.
3785 2. 98.
3786 2. 98.
3787 2. 98.
3788 2. 98.
3789 2. 98.
3790 2. 98.
3791 2. 98.
3792 3. 97.
3793 3. 97.
3794 3. 97.
3795 3. 97.
3796 3. 97.
3797 3. 97.
3798 3. 97.
3799 3. 97.
3800 3. 97.
3801 3. 97.
3802 2. 98.
3803 2. 98.
3804 2. 98.
3805 2. 98.
3806 2. 98.
3807 2. 98.
3808 2. 98.
3809 3. 97.
3810 3. 97.
3811 3. 97.
3812 3. 97.
3813 3. 97.
3814 3. 97.
3815 3. 97.
3816 3. 97.
3817 3. 97.
3818 3. 97.
3819 3. 97.
3820 3. 97.
3821 3. 97.
3822 3. 97.
3823 3. 97.
3824 3. 97.
3825 3. 97.
3826 3. 97.
3827 3. 97.
3828 3. 97.
3829 3. 97.
3830 3. 97.
3831 4. 96.
3832 4. 96.
3833 4. 96.
3834 4. 96.
3835 4. 96.
3836 4. 96.
3837 4. 96.
3838 4. 96.
3839 4. 96.
3840 4. 96.
3841 4. 96.
3842 4. 96.
3843 4. 96.
3844 4. 96.
3845 3. 97.
3846 3. 97.
3847 3. 97.
3848 3. 97.
3849 3. 97.
3850 3. 97.
3851 3. 97.
3852 3. 97.
3853 3. 97.
3854 3. 97.
3855 3. 97.
3856 3. 97.
3857 3. 97.
3858 2. 98.
3859 2. 98.
3860 2. 98.
3861 2. 98.
3862 2. 98.
3863 2. 98.
3864 2. 98.
3865 2. 98.
3866 3. 97.
3867 3. 97.
3868 3. 97.
3869 3. 97.
3870 3. 97.
3871 3. 97.
3872 3. 97.
3873 3. 97.
3874 3. 97.
3875 3. 97.
3876 3. 97.
3877 3. 97.
3878 3. 97.
3879 3. 97.
3880 3. 97.
3881 3. 97.
3882 4. 96.
3883 4. 96.
3884 4. 96.
3885 4. 96.
3886 4. 96.
3887 4. 96.
3888 4. 96.
3889 4. 96.
3890 4. 96.
3891 4. 96.
3892 4. 96.
3893 4. 96.
3894 4. 96.
3895 4. 96.
3896 4. 96.
3897 4. 96.
3898 4. 96.
3899 4. 96.
3900 4. 96.
3901 4. 96.
3902 4. 96.
3903 4. 96.
3904 4. 96.
3905 4. 96.
3906 4. 96.
3907 4. 96.
3908 4. 96.
3909 4. 96.
3910 4. 96.
3911 4. 96.
3912 4. 96.
3913 4. 96.
3914 4. 96.
3915 4. 96.
3916 4. 96.
3917 4. 96.
3918 4. 96.
3919 4. 96.
3920 4. 96.
3921 4. 96.
3922 4. 96.
3923 4. 96.
3924 4. 96.
3925 4. 96.
3926 4. 96.
3927 4. 96.
3928 4. 96.
3929 4. 96.
3930 4. 96.
3931 4. 96.
3932 4. 96.
3933 4. 96.
3934 4. 96.
3935 4. 96.
3936 4. 96.
3937 4. 96.
3938 4. 96.
3939 4. 96.
3940 4. 96.
3941 4. 96.
3942 4. 96.
3943 4. 96.
3944 4. 96.
3945 4. 96.
3946 4. 96.
3947 4. 96.
3948 4. 96.
3949 4. 96.
3950 4. 96.
3951 4. 96.
3952 4. 96.
3953 4. 96.
3954 4. 96.
3955 4. 96.
3956 5. 95.
3957 5. 95.
3958 5. 95.
3959 5. 95.
3960 5. 95.
3961 5. 95.
3962 5. 95.
3963 5. 95.
3964 5. 95.
3965 5. 95.
3966 5. 95.
3967 5. 95.
3968 5. 95.
3969 5. 95.
3970 5. 95.
3971 5. 95.
3972 5. 95.
3973 5. 95.
3974 5. 95.
3975 5. 95.
3976 5. 95.
3977 5. 95.
3978 5. 95.
3979 5. 95.
3980 5. 95.
3981 5. 95.
3982 5. 95.
3983 5. 95.
3984 5. 95.
3985 5. 95.
3986 5. 95.
3987 5. 95.
3988 5. 95.
3989 5. 95.
3990 5. 95.
3991 5. 95.
3992 5. 95.
3993 5. 95.
3994 5. 95.
3995 5. 95.
3996 5. 95.
3997 4. 96.
3998 4. 96.
3999 4. 96.
4000 4. 96.
4001 4. 96.
4002 4. 96.
4003 4. 96.
4004 4. 96.
4005 4. 96.
4006 4. 96.
4007 4. 96.
4008 4. 96.
4009 3. 97.
4010 3. 97.
4011 3. 97.
4012 3. 97.
4013 3. 97.
4014 3. 97.
4015 3. 97.
4016 3. 97.
4017 3. 97.
4018 3. 97.
4019 3. 97.
4020 3. 97.
4021 3. 97.
4022 3. 97.
4023 3. 97.
4024 3. 97.
4025 3. 97.
4026 3. 97.
4027 3. 97.
4028 3. 97.
4029 3. 97.
4030 3. 97.
4031 3. 97.
4032 3. 97.
4033 3. 97.
4034 3. 97.
4035 3. 97.
4036 3. 97.
4037 3. 97.
4038 3. 97.
4039 3. 97.
4040 3. 97.
4041 3. 97.
4042 3. 97.
4043 3. 97.
4044 3. 97.
4045 3. 97.
4046 3. 97.
4047 3. 97.
4048 3. 97.
4049 3. 97.
4050 3. 97.
4051 3. 97.
4052 3. 97.
4053 3. 97.
4054 3. 97.
4055 3. 97.
4056 3. 97.
4057 4. 96.
4058 4. 96.
4059 4. 96.
4060 4. 96.
4061 4. 96.
4062 4. 96.
4063 4. 96.
4064 4. 96.
4065 4. 96.
4066 4. 96.
4067 4. 96.
4068 4. 96.
4069 4. 96.
4070 4. 96.
4071 4. 96.
4072 4. 96.
4073 4. 96.
4074 4. 96.
4075 4. 96.
4076 4. 96.
4077 4. 96.
4078 4. 96.
4079 4. 96.
4080 4. 96.
4081 4. 96.
4082 4. 96.
4083 4. 96.
4084 4. 96.
4085 4. 96.
4086 4. 96.
4087 4. 96.
4088 4. 96.
4089 4. 96.
4090 4. 96.
4091 4. 96.
4092 4. 96.
4093 4. 96.
4094 4. 96.
4095 4. 96.
4096 4. 96.
4097 4. 96.
4098 4. 96.
4099 4. 96.
4100 4. 96.
4101 4. 96.
4102 4. 96.
4103 4. 96.
4104 4. 96.
4105 4. 96.
4106 4. 96.
4107 4. 96.
4108 4. 96.
4109 4. 96.
4110 4. 96.
4111 4. 96.
4112 4. 96.
4113 4. 96.
4114 4. 96.
4115 4. 96.
4116 4. 96.
4117 4. 96.
4118 4. 96.
4119 4. 96.
4120 4. 96.
4121 4. 96.
4122 4. 96.
4123 4. 96.
4124 4. 96.
4125 4. 96.
4126 4. 96.
4127 4. 96.
4128 4. 96.
4129 4. 96.
4130 4. 96.
4131 4. 96.
4132 4. 96.
4133 4. 96.
4134 4. 96.
4135 3. 97.
4136 3. 97.
4137 3. 97.
4138 3. 97.
4139 3. 97.
4140 3. 97.
4141 3. 97.
4142 3. 97.
4143 3. 97.
4144 3. 97.
4145 3. 97.
4146 3. 97.
4147 3. 97.
4148 3. 97.
4149 3. 97.
4150 3. 97.
4151 3. 97.
4152 3. 97.
4153 3. 97.
4154 3. 97.
4155 3. 97.
4156 3. 97.
4157 3. 97.
4158 3. 97.
4159 3. 97.
4160 3. 97.
4161 2. 98.
4162 2. 98.
4163 2. 98.
4164 2. 98.
4165 2. 98.
4166 2. 98.
4167 2. 98.
4168 2. 98.
4169 2. 98.
4170 2. 98.
4171 2. 98.
4172 2. 98.
4173 2. 98.
4174 2. 98.
4175 2. 98.
4176 2. 98.
4177 2. 98.
4178 2. 98.
4179 2. 98.
4180 2. 98.
4181 3. 97.
4182 3. 97.
4183 3. 97.
4184 3. 97.
4185 3. 97.
4186 3. 97.
4187 3. 97.
4188 3. 97.
4189 3. 97.
4190 3. 97.
4191 3. 97.
4192 3. 97.
4193 3. 97.
4194 3. 97.
4195 3. 97.
4196 3. 97.
4197 3. 97.
4198 3. 97.
4199 3. 97.
4200 3. 97.
4201 3. 97.
4202 3. 97.
4203 3. 97.
4204 3. 97.
4205 3. 97.
4206 3. 97.
4207 3. 97.
4208 3. 97.
4209 3. 97.
4210 3. 97.
4211 3. 97.
4212 3. 97.
4213 3. 97.
4214 3. 97.
4215 3. 97.
4216 3. 97.
4217 3. 97.
4218 3. 97.
4219 3. 97.
4220 3. 97.
4221 3. 97.
4222 3. 97.
4223 3. 97.
4224 3. 97.
4225 3. 97.
4226 3. 97.
4227 3. 97.
4228 3. 97.
4229 3. 97.
4230 3. 97.
4231 3. 97.
4232 3. 97.
4233 3. 97.
4234 3. 97.
4235 3. 97.
4236 3. 97.
4237 3. 97.
4238 3. 97.
4239 3. 97.
4240 3. 97.
4241 3. 97.
4242 4. 96.
4243 4. 96.
4244 4. 96.
4245 4. 96.
4246 4. 96.
4247 4. 96.
4248 4. 96.
4249 4. 96.
4250 3. 97.
4251 3. 97.
4252 3. 97.
4253 3. 97.
4254 3. 97.
4255 3. 97.
4256 3. 97.
4257 3. 97.
4258 3. 97.
4259 3. 97.
4260 3. 97.
4261 3. 97.
4262 3. 97.
4263 3. 97.
4264 3. 97.
4265 3. 97.
4266 2. 98.
4267 2. 98.
4268 2. 98.
4269 2. 98.
4270 2. 98.
4271 2. 98.
4272 2. 98.
4273 2. 98.
4274 2. 98.
4275 2. 98.
4276 2. 98.
4277 2. 98.
4278 2. 98.
4279 2. 98.
4280 2. 98.
4281 2. 98.
4282 2. 98.
4283 2. 98.
4284 2. 98.
4285 2. 98.
4286 2. 98.
4287 2. 98.
4288 2. 98.
4289 2. 98.
4290 2. 98.
4291 2. 98.
4292 2. 98.
4293 2. 98.
4294 2. 98.
4295 2. 98.
4296 2. 98.
4297 2. 98.
4298 2. 98.
4299 2. 98.
4300 2. 98.
4301 2. 98.
4302 2. 98.
4303 2. 98.
4304 2. 98.
4305 2. 98.
4306 2. 98.
4307 2. 98.
4308 2. 98.
4309 2. 98.
4310 2. 98.
4311 2. 98.
4312 2. 98.
4313 2. 98.
4314 2. 98.
4315 2. 98.
4316 2. 98.
4317 2. 98.
4318 2. 98.
4319 2. 98.
4320 2. 98.
4321 2. 98.
4322 2. 98.
4323 2. 98.
4324 2. 98.
4325 2. 98.
4326 2. 98.
4327 2. 98.
4328 1. 99.
4329 1. 99.
4330 1. 99.
4331 1. 99.
4332 1. 99.
4333 1. 99.
4334 1. 99.
4335 1. 99.
4336 1. 99.
4337 1. 99.
4338 1. 99.
4339 1. 99.
4340 1. 99.
4341 1. 99.
4342 1. 99.
4343 1. 99.
4344 1. 99.
4345 1. 99.
4346 1. 99.
4347 1. 99.
4348 1. 99.
4349 1. 99.
4350 1. 99.
4351 1. 99.
4352 1. 99.
4353 1. 99.
4354 1. 99.
4355 1. 99.
4356 1. 99.
4357 1. 99.
4358 1. 99.
4359 1. 99.
4360 1. 99.
4361 1. 99.
4362 1. 99.
4363 1. 99.
4364 1. 99.
4365 1. 99.
4366 1. 99.
4367 1. 99.
4368 1. 99.
4369 1. 99.
4370 1. 99.
4371 1. 99.
4372 1. 99.
4373 1. 99.
4374 1. 99.
4375 1. 99.
4376 1. 99.
4377 1. 99.
4378 1. 99.
4379 1. 99.
4380 1. 99.
4381 1. 99.
4382 1. 99.
4383 1. 99.
4384 1. 99.
4385 1. 99.
4386 1. 99.
4387 1. 99.
4388 1. 99.
4389 1. 99.
4390 1. 99.
4391 1. 99.
4392 1. 99.
4393 1. 99.
4394 1. 99.
4395 1. 99.
4396 1. 99.
4397 1. 99.
4398 1. 99.
4399 1. 99.
4400 1. 99.
4401 1. 99.
4402 1. 99.
4403 1. 99.
4404 1. 99.
4405 1. 99.
4406 1. 99.
4407 1. 99.
4408 1. 99.
4409 1. 99.
4410 1. 99.
4411 1. 99.
4412 1. 99.
4413 1. 99.
4414 1. 99.
4415 1. 99.
4416 1. 99.
4417 1. 99.
4418 1. 99.
4419 1. 99.
4420 1. 99.
4421 1. 99.
4422 1. 99.
4423 1. 99.
4424 1. 99.
4425 1. 99.
4426 1. 99.
4427 1. 99.
4428 1. 99.
4429 1. 99.
4430 1. 99.
4431 1. 99.
4432 1. 99.
4433 1. 99.
4434 1. 99.
4435 1. 99.
4436 1. 99.
4437 1. 99.
4438 1. 99.
4439 1. 99.
4440 1. 99.
4441 1. 99.
4442 1. 99.
4443 1. 99.
4444 1. 99.
4445 1. 99.
4446 1. 99.
4447 1. 99.
4448 1. 99.
4449 1. 99.
4450 1. 99.
4451 1. 99.
4452 1. 99.
4453 1. 99.
4454 1. 99.
4455 1. 99.
4456 1. 99.
4457 1. 99.
4458 1. 99.
4459 1. 99.
4460 1. 99.
4461 1. 99.
4462 1. 99.
4463 1. 99.
4464 1. 99.
4465 1. 99.
4466 1. 99.
4467 1. 99.
4468 1. 99.
4469 1. 99.
4470 1. 99.
4471 1. 99.
4472 1. 99.
4473 1. 99.
4474 1. 99.
4475 1. 99.
4476 1. 99.
4477 1. 99.
4478 1. 99.
4479 1. 99.
4480 1. 99.
4481 1. 99.
4482 1. 99.
4483 1. 99.
4484 1. 99.
4485 1. 99.
4486 1. 99.
4487 1. 99.
4488 1. 99.
4489 1. 99.
4490 1. 99.
4491 1. 99.
4492 1. 99.
4493 1. 99.
4494 1. 99.
4495 1. 99.
4496 1. 99.
4497 1. 99.
4498 1. 99.
4499 1. 99.
4500 1. 99.
4501 1. 99.
4502 1. 99.
4503 1. 99.
4504 1. 99.
4505 1. 99.
4506 1. 99.
4507 1. 99.
4508 1. 99.
4509 1. 99.
4510 1. 99.
4511 1. 99.
4512 1. 99.
4513 1. 99.
4514 1. 99.
4515 1. 99.
4516 1. 99.
4517 1. 99.
4518 1. 99.
4519 1. 99.
4520 1. 99.
4521 1. 99.
4522 1. 99.
4523 1. 99.
4524 1. 99.
4525 1. 99.
4526 1. 99.
4527 1. 99.
4528 1. 99.
4529 1. 99.
4530 1. 99.
4531 1. 99.
4532 1. 99.
4533 1. 99.
4534 1. 99.
4535 1. 99.
4536 1. 99.
4537 1. 99.
4538 1. 99.
4539 1. 99.
4540 1. 99.
4541 1. 99.
4542 1. 99.
4543 1. 99.
4544 1. 99.
4545 1. 99.
4546 1. 99.
4547 1. 99.
4548 1. 99.
4549 1. 99.
4550 1. 99.
4551 1. 99.
4552 1. 99.
4553 1. 99.
4554 1. 99.
