0 21. 79.
1 21. 79.
2 20. 80.
3 20. 80.
4 20. 80.
5 20. 80.
6 21. 79.
7 22. 78.
8 21. 79.
9 22. 78.
10 22. 78.
11 23. 77.
12 23. 77.
13 22. 78.
14 22. 78.
15 22. 78.
16 22. 78.
17 22. 78.
18 22. 78.
19 22. 78.
20 22. 78.
21 22. 78.
22 22. 78.
23 22. 78.
24 22. 78.
25 23. 77.
26 23. 77.
27 22. 78.
28 22. 78.
29 22. 78.
30 22. 78.
31 22. 78.
32 22. 78.
33 22. 78.
34 22. 78.
35 22. 78.
36 23. 77.
37 23. 77.
38 23. 77.
39 23. 77.
40 22. 78.
41 22. 78.
42 22. 78.
43 22. 78.
44 21. 79.
45 21. 79.
46 21. 79.
47 20. 80.
48 20. 80.
49 21. 79.
50 21. 79.
51 20. 80.
52 19. 81.
53 19. 81.
54 20. 80.
55 20. 80.
56 20. 80.
57 20. 80.
58 21. 79.
59 21. 79.
60 21. 79.
61 20. 80.
62 20. 80.
63 19. 81.
64 19. 81.
65 19. 81.
66 19. 81.
67 19. 81.
68 19. 81.
69 20. 80.
70 20. 80.
71 20. 80.
72 19. 81.
73 19. 81.
74 20. 80.
75 20. 80.
76 20. 80.
77 20. 80.
78 19. 81.
79 19. 81.
80 19. 81.
81 19. 81.
82 20. 80.
83 21. 79.
84 21. 79.
85 21. 79.
86 21. 79.
87 20. 80.
88 20. 80.
89 20. 80.
90 20. 80.
91 20. 80.
92 20. 80.
93 21. 79.
94 21. 79.
95 21. 79.
96 21. 79.
97 21. 79.
98 21. 79.
99 21. 79.
100 21. 79.
101 21. 79.
102 21. 79.
103 21. 79.
104 21. 79.
105 21. 79.
106 21. 79.
107 21. 79.
108 21. 79.
109 20. 80.
110 20. 80.
111 20. 80.
112 20. 80.
113 20. 80.
114 21. 79.
115 21. 79.
116 21. 79.
117 21. 79.
118 21. 79.
119 21. 79.
120 21. 79.
121 21. 79.
122 21. 79.
123 21. 79.
124 21. 79.
125 20. 80.
126 20. 80.
127 20. 80.
128 21. 79.
129 21. 79.
130 22. 78.
131 23. 77.
132 23. 77.
133 23. 77.
134 23. 77.
135 23. 77.
136 23. 77.
137 23. 77.
138 23. 77.
139 23. 77.
140 23. 77.
141 24. 76.
142 24. 76.
143 24. 76.
144 24. 76.
145 24. 76.
146 24. 76.
147 24. 76.
148 24. 76.
149 24. 76.
150 24. 76.
151 24. 76.
152 24. 76.
153 24. 76.
154 25. 75.
155 25. 75.
156 25. 75.
157 25. 75.
158 25. 75.
159 26. 74.
160 26. 74.
161 26. 74.
162 26. 74.
163 26. 74.
164 26. 74.
165 26. 74.
166 26. 74.
167 26. 74.
168 26. 74.
169 26. 74.
170 26. 74.
171 27. 73.
172 27. 73.
173 27. 73.
174 27. 73.
175 27. 73.
176 27. 73.
177 27. 73.
178 27. 73.
179 27. 73.
180 27. 73.
181 28. 72.
182 28. 72.
183 28. 72.
184 28. 72.
185 28. 72.
186 28. 72.
187 28. 72.
188 28. 72.
189 28. 72.
190 28. 72.
191 27. 73.
192 27. 73.
193 27. 73.
194 27. 73.
195 27. 73.
196 27. 73.
197 27. 73.
198 26. 74.
199 26. 74.
200 26. 74.
201 26. 74.
202 26. 74.
203 26. 74.
204 27. 73.
205 27. 73.
206 27. 73.
207 28. 72.
208 28. 72.
209 28. 72.
210 28. 72.
211 28. 72.
212 29. 71.
213 29. 71.
214 29. 71.
215 29. 71.
216 29. 71.
217 29. 71.
218 30. 70.
219 30. 70.
220 30. 70.
221 30. 70.
222 30. 70.
223 29. 71.
224 29. 71.
225 29. 71.
226 29. 71.
227 29. 71.
228 28. 72.
229 28. 72.
230 28. 72.
231 28. 72.
232 28. 72.
233 28. 72.
234 29. 71.
235 29. 71.
236 28. 72.
237 28. 72.
238 28. 72.
239 29. 71.
240 28. 72.
241 28. 72.
242 27. 73.
243 27. 73.
244 27. 73.
245 27. 73.
246 26. 74.
247 26. 74.
248 26. 74.
249 26. 74.
250 25. 75.
251 25. 75.
252 25. 75.
253 26. 74.
254 26. 74.
255 25. 75.
256 26. 74.
257 27. 73.
258 27. 73.
259 27. 73.
260 26. 74.
261 26. 74.
262 26. 74.
263 26. 74.
264 27. 73.
265 28. 72.
266 28. 72.
267 28. 72.
268 28. 72.
269 29. 71.
270 29. 71.
271 29. 71.
272 28. 72.
273 28. 72.
274 28. 72.
275 28. 72.
276 28. 72.
277 27. 73.
278 27. 73.
279 27. 73.
280 26. 74.
281 26. 74.
282 26. 74.
283 26. 74.
284 26. 74.
285 26. 74.
286 26. 74.
287 26. 74.
288 26. 74.
289 26. 74.
290 26. 74.
291 26. 74.
292 26. 74.
293 27. 73.
294 28. 72.
295 28. 72.
296 28. 72.
297 29. 71.
298 29. 71.
299 29. 71.
300 29. 71.
301 29. 71.
302 29. 71.
303 29. 71.
304 29. 71.
305 29. 71.
306 29. 71.
307 29. 71.
308 29. 71.
309 29. 71.
310 28. 72.
311 28. 72.
312 28. 72.
313 28. 72.
314 28. 72.
315 28. 72.
316 29. 71.
317 29. 71.
318 28. 72.
319 28. 72.
320 28. 72.
321 28. 72.
322 28. 72.
323 28. 72.
324 28. 72.
325 28. 72.
326 28. 72.
327 28. 72.
328 28. 72.
329 27. 73.
330 27. 73.
331 28. 72.
332 28. 72.
333 27. 73.
334 26. 74.
335 26. 74.
336 26. 74.
337 26. 74.
338 26. 74.
339 26. 74.
340 26. 74.
341 26. 74.
342 26. 74.
343 26. 74.
344 26. 74.
345 27. 73.
346 27. 73.
347 26. 74.
348 27. 73.
349 27. 73.
350 27. 73.
351 27. 73.
352 26. 74.
353 27. 73.
354 27. 73.
355 28. 72.
356 28. 72.
357 28. 72.
358 28. 72.
359 27. 73.
360 27. 73.
361 27. 73.
362 27. 73.
363 27. 73.
364 27. 73.
365 27. 73.
366 27. 73.
367 28. 72.
368 28. 72.
369 28. 72.
370 28. 72.
371 28. 72.
372 28. 72.
373 28. 72.
374 28. 72.
375 28. 72.
376 28. 72.
377 28. 72.
378 28. 72.
379 28. 72.
380 29. 71.
381 30. 70.
382 29. 71.
383 29. 71.
384 29. 71.
385 29. 71.
386 29. 71.
387 29. 71.
388 29. 71.
389 29. 71.
390 29. 71.
391 29. 71.
392 29. 71.
393 29. 71.
394 29. 71.
395 28. 72.
396 28. 72.
397 28. 72.
398 28. 72.
399 28. 72.
400 28. 72.
401 28. 72.
402 28. 72.
403 28. 72.
404 28. 72.
405 28. 72.
406 28. 72.
407 28. 72.
408 29. 71.
409 30. 70.
410 30. 70.
411 30. 70.
412 31. 69.
413 31. 69.
414 31. 69.
415 31. 69.
416 31. 69.
417 31. 69.
418 31. 69.
419 31. 69.
420 31. 69.
421 31. 69.
422 31. 69.
423 31. 69.
424 32. 68.
425 32. 68.
426 32. 68.
427 32. 68.
428 33. 67.
429 33. 67.
430 32. 68.
431 32. 68.
432 32. 68.
433 32. 68.
434 32. 68.
435 32. 68.
436 32. 68.
437 32. 68.
438 32. 68.
439 32. 68.
440 32. 68.
441 32. 68.
442 32. 68.
443 32. 68.
444 32. 68.
445 32. 68.
446 31. 69.
447 30. 70.
448 30. 70.
449 29. 71.
450 28. 72.
451 28. 72.
452 28. 72.
453 28. 72.
454 28. 72.
455 28. 72.
456 29. 71.
457 29. 71.
458 29. 71.
459 29. 71.
460 29. 71.
461 29. 71.
462 28. 72.
463 29. 71.
464 29. 71.
465 29. 71.
466 29. 71.
467 29. 71.
468 29. 71.
469 29. 71.
470 29. 71.
471 29. 71.
472 28. 72.
473 28. 72.
474 28. 72.
475 28. 72.
476 28. 72.
477 28. 72.
478 28. 72.
479 28. 72.
480 28. 72.
481 28. 72.
482 28. 72.
483 28. 72.
484 28. 72.
485 28. 72.
486 28. 72.
487 27. 73.
488 28. 72.
489 28. 72.
490 28. 72.
491 28. 72.
492 27. 73.
493 27. 73.
494 27. 73.
495 27. 73.
496 27. 73.
497 28. 72.
498 28. 72.
499 29. 71.
500 29. 71.
501 29. 71.
502 29. 71.
503 29. 71.
504 29. 71.
505 29. 71.
506 29. 71.
507 30. 70.
508 30. 70.
509 29. 71.
510 28. 72.
511 28. 72.
512 28. 72.
513 28. 72.
514 28. 72.
515 28. 72.
516 29. 71.
517 30. 70.
518 29. 71.
519 29. 71.
520 29. 71.
521 29. 71.
522 29. 71.
523 29. 71.
524 29. 71.
525 29. 71.
526 29. 71.
527 29. 71.
528 29. 71.
529 29. 71.
530 29. 71.
531 29. 71.
532 30. 70.
533 30. 70.
534 30. 70.
535 30. 70.
536 30. 70.
537 30. 70.
538 30. 70.
539 31. 69.
540 31. 69.
541 31. 69.
542 31. 69.
543 31. 69.
544 31. 69.
545 31. 69.
546 31. 69.
547 32. 68.
548 32. 68.
549 31. 69.
550 31. 69.
551 31. 69.
552 32. 68.
553 32. 68.
554 32. 68.
555 31. 69.
556 31. 69.
557 31. 69.
558 31. 69.
559 31. 69.
560 31. 69.
561 31. 69.
562 31. 69.
563 31. 69.
564 32. 68.
565 32. 68.
566 32. 68.
567 31. 69.
568 31. 69.
569 31. 69.
570 30. 70.
571 30. 70.
572 30. 70.
573 29. 71.
574 29. 71.
575 29. 71.
576 28. 72.
577 27. 73.
578 27. 73.
579 27. 73.
580 27. 73.
581 27. 73.
582 27. 73.
583 27. 73.
584 27. 73.
585 27. 73.
586 27. 73.
587 27. 73.
588 27. 73.
589 26. 74.
590 26. 74.
591 26. 74.
592 26. 74.
593 26. 74.
594 26. 74.
595 26. 74.
596 26. 74.
597 26. 74.
598 26. 74.
599 25. 75.
600 26. 74.
601 26. 74.
602 26. 74.
603 26. 74.
604 26. 74.
605 26. 74.
606 26. 74.
607 25. 75.
608 25. 75.
609 25. 75.
610 25. 75.
611 25. 75.
612 25. 75.
613 25. 75.
614 25. 75.
615 25. 75.
616 24. 76.
617 24. 76.
618 23. 77.
619 23. 77.
620 23. 77.
621 23. 77.
622 23. 77.
623 24. 76.
624 24. 76.
625 23. 77.
626 22. 78.
627 22. 78.
628 21. 79.
629 21. 79.
630 21. 79.
631 21. 79.
632 21. 79.
633 21. 79.
634 21. 79.
635 21. 79.
636 21. 79.
637 21. 79.
638 21. 79.
639 21. 79.
640 21. 79.
641 21. 79.
642 21. 79.
643 22. 78.
644 22. 78.
645 23. 77.
646 23. 77.
647 23. 77.
648 23. 77.
649 23. 77.
650 23. 77.
651 23. 77.
652 23. 77.
653 23. 77.
654 24. 76.
655 24. 76.
656 24. 76.
657 23. 77.
658 23. 77.
659 23. 77.
660 24. 76.
661 24. 76.
662 24. 76.
663 23. 77.
664 23. 77.
665 23. 77.
666 23. 77.
667 23. 77.
668 23. 77.
669 23. 77.
670 23. 77.
671 23. 77.
672 23. 77.
673 23. 77.
674 23. 77.
675 23. 77.
676 23. 77.
677 23. 77.
678 23. 77.
679 23. 77.
680 24. 76.
681 23. 77.
682 22. 78.
683 22. 78.
684 22. 78.
685 22. 78.
686 23. 77.
687 22. 78.
688 22. 78.
689 22. 78.
690 22. 78.
691 22. 78.
692 22. 78.
693 22. 78.
694 22. 78.
695 22. 78.
696 22. 78.
697 22. 78.
698 22. 78.
699 22. 78.
700 22. 78.
701 23. 77.
702 23. 77.
703 23. 77.
704 23. 77.
705 22. 78.
706 22. 78.
707 22. 78.
708 22. 78.
709 22. 78.
710 22. 78.
711 22. 78.
712 23. 77.
713 24. 76.
714 24. 76.
715 24. 76.
716 24. 76.
717 24. 76.
718 25. 75.
719 25. 75.
720 25. 75.
721 25. 75.
722 25. 75.
723 26. 74.
724 25. 75.
725 26. 74.
726 26. 74.
727 26. 74.
728 26. 74.
729 27. 73.
730 27. 73.
731 27. 73.
732 27. 73.
733 27. 73.
734 27. 73.
735 27. 73.
736 27. 73.
737 27. 73.
738 26. 74.
739 27. 73.
740 27. 73.
741 27. 73.
742 28. 72.
743 28. 72.
744 28. 72.
745 28. 72.
746 28. 72.
747 28. 72.
748 28. 72.
749 27. 73.
750 27. 73.
751 27. 73.
752 27. 73.
753 26. 74.
754 27. 73.
755 27. 73.
756 27. 73.
757 27. 73.
758 27. 73.
759 27. 73.
760 27. 73.
761 26. 74.
762 25. 75.
763 24. 76.
764 24. 76.
765 24. 76.
766 24. 76.
767 24. 76.
768 24. 76.
769 24. 76.
770 24. 76.
771 24. 76.
772 24. 76.
773 23. 77.
774 23. 77.
775 23. 77.
776 23. 77.
777 23. 77.
778 22. 78.
779 22. 78.
780 22. 78.
781 23. 77.
782 23. 77.
783 23. 77.
784 23. 77.
785 23. 77.
786 23. 77.
787 23. 77.
788 23. 77.
789 23. 77.
790 23. 77.
791 23. 77.
792 22. 78.
793 21. 79.
794 21. 79.
795 22. 78.
796 22. 78.
797 22. 78.
798 22. 78.
799 22. 78.
800 22. 78.
801 22. 78.
802 22. 78.
803 22. 78.
804 22. 78.
805 23. 77.
806 23. 77.
807 23. 77.
808 23. 77.
809 23. 77.
810 23. 77.
811 22. 78.
812 22. 78.
813 22. 78.
814 22. 78.
815 22. 78.
816 22. 78.
817 23. 77.
818 23. 77.
819 23. 77.
820 23. 77.
821 24. 76.
822 24. 76.
823 25. 75.
824 24. 76.
825 24. 76.
826 24. 76.
827 24. 76.
828 24. 76.
829 24. 76.
830 24. 76.
831 24. 76.
832 24. 76.
833 24. 76.
834 24. 76.
835 24. 76.
836 24. 76.
837 23. 77.
838 23. 77.
839 23. 77.
840 23. 77.
841 23. 77.
842 23. 77.
843 23. 77.
844 23. 77.
845 23. 77.
846 24. 76.
847 24. 76.
848 24. 76.
849 23. 77.
850 23. 77.
851 22. 78.
852 22. 78.
853 21. 79.
854 20. 80.
855 20. 80.
856 20. 80.
857 19. 81.
858 18. 82.
859 17. 83.
860 17. 83.
861 17. 83.
862 17. 83.
863 17. 83.
864 18. 82.
865 18. 82.
866 18. 82.
867 18. 82.
868 18. 82.
869 18. 82.
870 18. 82.
871 18. 82.
872 18. 82.
873 18. 82.
874 18. 82.
875 18. 82.
876 18. 82.
877 17. 83.
878 17. 83.
879 16. 84.
880 16. 84.
881 16. 84.
882 15. 85.
883 16. 84.
884 16. 84.
885 16. 84.
886 16. 84.
887 16. 84.
888 16. 84.
889 16. 84.
890 16. 84.
891 16. 84.
892 16. 84.
893 16. 84.
894 16. 84.
895 16. 84.
896 16. 84.
897 16. 84.
898 16. 84.
899 15. 85.
900 15. 85.
901 15. 85.
902 15. 85.
903 15. 85.
904 15. 85.
905 15. 85.
906 16. 84.
907 16. 84.
908 16. 84.
909 15. 85.
910 16. 84.
911 16. 84.
912 16. 84.
913 17. 83.
914 17. 83.
915 17. 83.
916 17. 83.
917 18. 82.
918 18. 82.
919 18. 82.
920 18. 82.
921 17. 83.
922 17. 83.
923 17. 83.
924 17. 83.
925 17. 83.
926 17. 83.
927 17. 83.
928 17. 83.
929 17. 83.
930 17. 83.
931 17. 83.
932 16. 84.
933 16. 84.
934 16. 84.
935 16. 84.
936 16. 84.
937 16. 84.
938 16. 84.
939 16. 84.
940 16. 84.
941 16. 84.
942 17. 83.
943 17. 83.
944 17. 83.
945 17. 83.
946 17. 83.
947 17. 83.
948 17. 83.
949 17. 83.
950 17. 83.
951 17. 83.
952 17. 83.
953 17. 83.
954 17. 83.
955 17. 83.
956 17. 83.
957 17. 83.
958 17. 83.
959 17. 83.
960 17. 83.
961 17. 83.
962 16. 84.
963 15. 85.
964 15. 85.
965 15. 85.
966 15. 85.
967 16. 84.
968 15. 85.
969 15. 85.
970 15. 85.
971 14. 86.
972 13. 87.
973 13. 87.
974 13. 87.
975 13. 87.
976 13. 87.
977 12. 88.
978 12. 88.
979 12. 88.
980 12. 88.
981 12. 88.
982 12. 88.
983 12. 88.
984 12. 88.
985 13. 87.
986 13. 87.
987 13. 87.
988 13. 87.
989 13. 87.
990 13. 87.
991 13. 87.
992 13. 87.
993 13. 87.
994 13. 87.
995 13. 87.
996 13. 87.
997 13. 87.
998 13. 87.
999 14. 86.
1000 14. 86.
1001 15. 85.
1002 15. 85.
1003 15. 85.
1004 15. 85.
1005 15. 85.
1006 15. 85.
1007 15. 85.
1008 15. 85.
1009 15. 85.
1010 15. 85.
1011 15. 85.
1012 15. 85.
1013 15. 85.
1014 14. 86.
1015 14. 86.
1016 14. 86.
1017 15. 85.
1018 14. 86.
1019 14. 86.
1020 14. 86.
1021 14. 86.
1022 14. 86.
1023 14. 86.
1024 13. 87.
1025 13. 87.
1026 13. 87.
1027 13. 87.
1028 13. 87.
1029 13. 87.
1030 13. 87.
1031 13. 87.
1032 12. 88.
1033 12. 88.
1034 12. 88.
1035 12. 88.
1036 12. 88.
1037 12. 88.
1038 12. 88.
1039 12. 88.
1040 12. 88.
1041 11. 89.
1042 11. 89.
1043 11. 89.
1044 11. 89.
1045 11. 89.
1046 11. 89.
1047 11. 89.
1048 10. 90.
1049 10. 90.
1050 10. 90.
1051 10. 90.
1052 10. 90.
1053 10. 90.
1054 10. 90.
1055 9. 91.
1056 9. 91.
1057 9. 91.
1058 9. 91.
1059 9. 91.
1060 10. 90.
1061 10. 90.
1062 10. 90.
1063 10. 90.
1064 10. 90.
1065 10. 90.
1066 10. 90.
1067 10. 90.
1068 10. 90.
1069 10. 90.
1070 11. 89.
1071 11. 89.
1072 11. 89.
1073 11. 89.
1074 11. 89.
1075 11. 89.
1076 11. 89.
1077 10. 90.
1078 10. 90.
1079 10. 90.
1080 10. 90.
1081 10. 90.
1082 10. 90.
1083 10. 90.
1084 10. 90.
1085 10. 90.
1086 10. 90.
1087 10. 90.
1088 9. 91.
1089 9. 91.
1090 9. 91.
1091 9. 91.
1092 10. 90.
1093 10. 90.
1094 10. 90.
1095 10. 90.
1096 10. 90.
1097 10. 90.
1098 10. 90.
1099 9. 91.
1100 9. 91.
1101 9. 91.
1102 9. 91.
1103 9. 91.
1104 9. 91.
1105 9. 91.
1106 9. 91.
1107 9. 91.
1108 9. 91.
1109 9. 91.
1110 9. 91.
1111 8. 92.
1112 9. 91.
1113 9. 91.
1114 9. 91.
1115 9. 91.
1116 9. 91.
1117 9. 91.
1118 9. 91.
1119 9. 91.
1120 9. 91.
1121 9. 91.
1122 9. 91.
1123 10. 90.
1124 10. 90.
1125 10. 90.
1126 10. 90.
1127 10. 90.
1128 10. 90.
1129 10. 90.
1130 10. 90.
1131 10. 90.
1132 10. 90.
1133 10. 90.
1134 9. 91.
1135 9. 91.
1136 9. 91.
1137 8. 92.
1138 8. 92.
1139 8. 92.
1140 8. 92.
1141 8. 92.
1142 8. 92.
1143 8. 92.
1144 8. 92.
1145 8. 92.
1146 8. 92.
1147 8. 92.
1148 8. 92.
1149 8. 92.
1150 8. 92.
1151 8. 92.
1152 8. 92.
1153 8. 92.
1154 8. 92.
1155 8. 92.
1156 8. 92.
1157 8. 92.
1158 8. 92.
1159 8. 92.
1160 8. 92.
1161 8. 92.
1162 8. 92.
1163 8. 92.
1164 8. 92.
1165 8. 92.
1166 8. 92.
1167 8. 92.
1168 8. 92.
1169 8. 92.
1170 8. 92.
1171 8. 92.
1172 8. 92.
1173 8. 92.
1174 8. 92.
1175 8. 92.
1176 8. 92.
1177 8. 92.
1178 8. 92.
1179 8. 92.
1180 8. 92.
1181 8. 92.
1182 8. 92.
1183 8. 92.
1184 8. 92.
1185 8. 92.
1186 7. 93.
1187 7. 93.
1188 7. 93.
1189 7. 93.
1190 7. 93.
1191 7. 93.
1192 7. 93.
1193 7. 93.
1194 7. 93.
1195 7. 93.
1196 7. 93.
1197 7. 93.
1198 8. 92.
1199 8. 92.
1200 8. 92.
1201 8. 92.
1202 8. 92.
1203 8. 92.
1204 8. 92.
1205 8. 92.
1206 8. 92.
1207 8. 92.
1208 8. 92.
1209 8. 92.
1210 8. 92.
1211 8. 92.
1212 8. 92.
1213 8. 92.
1214 8. 92.
1215 8. 92.
1216 8. 92.
1217 8. 92.
1218 8. 92.
1219 8. 92.
1220 8. 92.
1221 8. 92.
1222 8. 92.
1223 8. 92.
1224 8. 92.
1225 8. 92.
1226 8. 92.
1227 8. 92.
1228 8. 92.
1229 8. 92.
1230 8. 92.
1231 8. 92.
1232 8. 92.
1233 7. 93.
1234 7. 93.
1235 7. 93.
1236 7. 93.
1237 7. 93.
1238 7. 93.
1239 7. 93.
1240 7. 93.
1241 7. 93.
1242 7. 93.
1243 7. 93.
1244 7. 93.
1245 7. 93.
1246 7. 93.
1247 7. 93.
1248 7. 93.
1249 7. 93.
1250 7. 93.
1251 7. 93.
1252 7. 93.
1253 7. 93.
1254 7. 93.
1255 7. 93.
1256 7. 93.
1257 7. 93.
1258 7. 93.
1259 7. 93.
1260 7. 93.
1261 7. 93.
1262 7. 93.
1263 8. 92.
1264 8. 92.
1265 8. 92.
1266 8. 92.
1267 8. 92.
1268 8. 92.
1269 8. 92.
1270 8. 92.
1271 8. 92.
1272 8. 92.
1273 8. 92.
1274 8. 92.
1275 8. 92.
1276 8. 92.
1277 8. 92.
1278 8. 92.
1279 9. 91.
1280 9. 91.
1281 9. 91.
1282 9. 91.
1283 9. 91.
1284 9. 91.
1285 9. 91.
1286 8. 92.
1287 8. 92.
1288 8. 92.
1289 8. 92.
1290 8. 92.
1291 8. 92.
1292 8. 92.
1293 8. 92.
1294 8. 92.
1295 8. 92.
1296 8. 92.
1297 8. 92.
1298 8. 92.
1299 8. 92.
1300 8. 92.
1301 8. 92.
1302 8. 92.
1303 8. 92.
1304 8. 92.
1305 8. 92.
1306 7. 93.
1307 7. 93.
1308 7. 93.
1309 7. 93.
1310 7. 93.
1311 7. 93.
1312 7. 93.
1313 7. 93.
1314 8. 92.
1315 8. 92.
1316 7. 93.
1317 7. 93.
1318 7. 93.
1319 7. 93.
1320 7. 93.
1321 7. 93.
1322 7. 93.
1323 7. 93.
1324 7. 93.
1325 7. 93.
1326 7. 93.
1327 7. 93.
1328 7. 93.
1329 7. 93.
1330 7. 93.
1331 7. 93.
1332 7. 93.
1333 7. 93.
1334 7. 93.
1335 7. 93.
1336 7. 93.
1337 7. 93.
1338 7. 93.
1339 7. 93.
1340 7. 93.
1341 7. 93.
1342 7. 93.
1343 7. 93.
1344 7. 93.
1345 7. 93.
1346 7. 93.
1347 7. 93.
1348 7. 93.
1349 7. 93.
1350 7. 93.
1351 7. 93.
1352 7. 93.
1353 7. 93.
1354 7. 93.
1355 7. 93.
1356 7. 93.
1357 6. 94.
1358 6. 94.
1359 6. 94.
1360 6. 94.
1361 6. 94.
1362 6. 94.
1363 6. 94.
1364 6. 94.
1365 7. 93.
1366 7. 93.
1367 7. 93.
1368 7. 93.
1369 7. 93.
1370 7. 93.
1371 7. 93.
1372 7. 93.
1373 7. 93.
1374 7. 93.
1375 7. 93.
1376 7. 93.
1377 7. 93.
1378 7. 93.
1379 8. 92.
1380 8. 92.
1381 8. 92.
1382 7. 93.
1383 7. 93.
1384 7. 93.
1385 8. 92.
1386 8. 92.
1387 8. 92.
1388 8. 92.
1389 8. 92.
1390 8. 92.
1391 8. 92.
1392 9. 91.
1393 9. 91.
1394 9. 91.
1395 9. 91.
1396 9. 91.
1397 9. 91.
1398 9. 91.
1399 9. 91.
1400 9. 91.
1401 9. 91.
1402 9. 91.
1403 9. 91.
1404 9. 91.
1405 9. 91.
1406 9. 91.
1407 9. 91.
1408 9. 91.
1409 9. 91.
1410 9. 91.
1411 9. 91.
1412 10. 90.
1413 10. 90.
1414 10. 90.
1415 10. 90.
1416 10. 90.
1417 10. 90.
1418 10. 90.
1419 10. 90.
1420 10. 90.
1421 10. 90.
1422 10. 90.
1423 10. 90.
1424 10. 90.
1425 9. 91.
1426 9. 91.
1427 9. 91.
1428 10. 90.
1429 10. 90.
1430 10. 90.
1431 10. 90.
1432 10. 90.
1433 10. 90.
1434 10. 90.
1435 10. 90.
1436 10. 90.
1437 10. 90.
1438 10. 90.
1439 10. 90.
1440 10. 90.
1441 10. 90.
1442 10. 90.
1443 10. 90.
1444 10. 90.
1445 10. 90.
1446 10. 90.
1447 10. 90.
1448 10. 90.
1449 10. 90.
1450 10. 90.
1451 10. 90.
1452 10. 90.
1453 10. 90.
1454 10. 90.
1455 10. 90.
1456 10. 90.
1457 10. 90.
1458 10. 90.
1459 10. 90.
1460 10. 90.
1461 10. 90.
1462 10. 90.
1463 10. 90.
1464 10. 90.
1465 9. 91.
1466 8. 92.
1467 8. 92.
1468 8. 92.
1469 8. 92.
1470 8. 92.
1471 8. 92.
1472 8. 92.
1473 8. 92.
1474 7. 93.
1475 7. 93.
1476 7. 93.
1477 7. 93.
1478 7. 93.
1479 7. 93.
1480 7. 93.
1481 7. 93.
1482 7. 93.
1483 7. 93.
1484 7. 93.
1485 7. 93.
1486 7. 93.
1487 7. 93.
1488 7. 93.
1489 7. 93.
1490 8. 92.
1491 8. 92.
1492 8. 92.
1493 8. 92.
1494 8. 92.
1495 8. 92.
1496 8. 92.
1497 7. 93.
1498 7. 93.
1499 7. 93.
1500 7. 93.
1501 7. 93.
1502 7. 93.
1503 7. 93.
1504 7. 93.
1505 7. 93.
1506 7. 93.
1507 6. 94.
1508 6. 94.
1509 6. 94.
1510 6. 94.
1511 5. 95.
1512 5. 95.
1513 5. 95.
1514 5. 95.
1515 5. 95.
1516 6. 94.
1517 7. 93.
1518 7. 93.
1519 7. 93.
1520 7. 93.
1521 7. 93.
1522 7. 93.
1523 7. 93.
1524 7. 93.
1525 7. 93.
1526 7. 93.
1527 7. 93.
1528 7. 93.
1529 7. 93.
1530 7. 93.
1531 7. 93.
1532 7. 93.
1533 7. 93.
1534 7. 93.
1535 7. 93.
1536 7. 93.
1537 7. 93.
1538 7. 93.
1539 7. 93.
1540 7. 93.
1541 7. 93.
1542 7. 93.
1543 7. 93.
1544 7. 93.
1545 7. 93.
1546 7. 93.
1547 7. 93.
1548 8. 92.
1549 8. 92.
1550 8. 92.
1551 8. 92.
1552 8. 92.
1553 8. 92.
1554 8. 92.
1555 8. 92.
1556 8. 92.
1557 8. 92.
1558 8. 92.
1559 8. 92.
1560 8. 92.
1561 8. 92.
1562 8. 92.
1563 8. 92.
1564 8. 92.
1565 8. 92.
1566 8. 92.
1567 8. 92.
1568 8. 92.
1569 8. 92.
1570 8. 92.
1571 8. 92.
1572 8. 92.
1573 8. 92.
1574 8. 92.
1575 8. 92.
1576 8. 92.
1577 7. 93.
1578 7. 93.
1579 7. 93.
1580 7. 93.
1581 7. 93.
1582 7. 93.
1583 7. 93.
1584 7. 93.
1585 7. 93.
1586 7. 93.
1587 7. 93.
1588 7. 93.
1589 6. 94.
1590 6. 94.
1591 5. 95.
1592 5. 95.
1593 6. 94.
1594 6. 94.
1595 6. 94.
1596 6. 94.
1597 6. 94.
1598 6. 94.
1599 6. 94.
1600 6. 94.
1601 6. 94.
1602 6. 94.
1603 6. 94.
1604 6. 94.
1605 6. 94.
1606 6. 94.
1607 6. 94.
1608 6. 94.
1609 6. 94.
1610 6. 94.
1611 6. 94.
1612 6. 94.
1613 6. 94.
1614 6. 94.
1615 6. 94.
1616 6. 94.
1617 6. 94.
1618 6. 94.
1619 6. 94.
1620 7. 93.
1621 7. 93.
1622 7. 93.
1623 7. 93.
1624 7. 93.
1625 7. 93.
1626 7. 93.
1627 7. 93.
1628 7. 93.
1629 7. 93.
1630 7. 93.
1631 7. 93.
1632 7. 93.
1633 7. 93.
1634 7. 93.
1635 7. 93.
1636 7. 93.
1637 7. 93.
1638 6. 94.
1639 6. 94.
1640 6. 94.
1641 6. 94.
1642 6. 94.
1643 6. 94.
1644 6. 94.
1645 6. 94.
1646 6. 94.
1647 6. 94.
1648 6. 94.
1649 6. 94.
1650 6. 94.
1651 6. 94.
1652 6. 94.
1653 6. 94.
1654 6. 94.
1655 6. 94.
1656 6. 94.
1657 6. 94.
1658 6. 94.
1659 6. 94.
1660 6. 94.
1661 6. 94.
1662 6. 94.
1663 6. 94.
1664 6. 94.
1665 6. 94.
1666 7. 93.
1667 7. 93.
1668 7. 93.
1669 7. 93.
1670 7. 93.
1671 7. 93.
1672 7. 93.
1673 7. 93.
1674 7. 93.
1675 7. 93.
1676 7. 93.
1677 6. 94.
1678 6. 94.
1679 6. 94.
1680 6. 94.
1681 5. 95.
1682 5. 95.
1683 5. 95.
1684 6. 94.
1685 6. 94.
1686 6. 94.
1687 6. 94.
1688 6. 94.
1689 6. 94.
1690 6. 94.
1691 6. 94.
1692 6. 94.
1693 6. 94.
1694 6. 94.
1695 6. 94.
1696 6. 94.
1697 6. 94.
1698 6. 94.
1699 6. 94.
1700 6. 94.
1701 6. 94.
1702 6. 94.
1703 6. 94.
1704 6. 94.
1705 6. 94.
1706 6. 94.
1707 6. 94.
1708 6. 94.
1709 6. 94.
1710 6. 94.
1711 6. 94.
1712 7. 93.
1713 7. 93.
1714 7. 93.
1715 7. 93.
1716 7. 93.
1717 7. 93.
1718 7. 93.
1719 7. 93.
1720 7. 93.
1721 7. 93.
1722 7. 93.
1723 7. 93.
1724 7. 93.
1725 7. 93.
1726 7. 93.
1727 7. 93.
1728 7. 93.
1729 6. 94.
1730 6. 94.
1731 6. 94.
1732 6. 94.
1733 6. 94.
1734 6. 94.
1735 6. 94.
1736 6. 94.
1737 6. 94.
1738 6. 94.
1739 6. 94.
1740 6. 94.
1741 6. 94.
1742 6. 94.
1743 6. 94.
1744 6. 94.
1745 6. 94.
1746 6. 94.
1747 6. 94.
1748 6. 94.
1749 6. 94.
1750 6. 94.
1751 6. 94.
1752 6. 94.
1753 6. 94.
1754 6. 94.
1755 6. 94.
1756 5. 95.
1757 5. 95.
1758 5. 95.
1759 5. 95.
1760 5. 95.
1761 5. 95.
1762 5. 95.
1763 5. 95.
1764 5. 95.
1765 5. 95.
1766 5. 95.
1767 5. 95.
1768 5. 95.
1769 4. 96.
1770 4. 96.
1771 4. 96.
1772 4. 96.
1773 4. 96.
1774 4. 96.
1775 4. 96.
1776 4. 96.
1777 4. 96.
1778 4. 96.
1779 4. 96.
1780 4. 96.
1781 4. 96.
1782 4. 96.
1783 4. 96.
1784 4. 96.
1785 4. 96.
1786 4. 96.
1787 4. 96.
1788 5. 95.
1789 5. 95.
1790 5. 95.
1791 5. 95.
1792 4. 96.
1793 4. 96.
1794 4. 96.
1795 4. 96.
1796 4. 96.
1797 4. 96.
1798 4. 96.
1799 4. 96.
1800 4. 96.
1801 5. 95.
1802 5. 95.
1803 5. 95.
1804 5. 95.
1805 5. 95.
1806 6. 94.
1807 6. 94.
1808 6. 94.
1809 6. 94.
1810 6. 94.
1811 6. 94.
1812 6. 94.
1813 6. 94.
1814 6. 94.
1815 6. 94.
1816 6. 94.
1817 6. 94.
1818 6. 94.
1819 6. 94.
1820 6. 94.
1821 6. 94.
1822 6. 94.
1823 6. 94.
1824 6. 94.
1825 6. 94.
1826 6. 94.
1827 6. 94.
1828 6. 94.
1829 6. 94.
1830 6. 94.
1831 6. 94.
1832 6. 94.
1833 6. 94.
1834 6. 94.
1835 6. 94.
1836 6. 94.
1837 6. 94.
1838 6. 94.
1839 6. 94.
1840 6. 94.
1841 6. 94.
1842 6. 94.
1843 6. 94.
1844 6. 94.
1845 6. 94.
1846 6. 94.
1847 6. 94.
1848 6. 94.
1849 6. 94.
1850 6. 94.
1851 7. 93.
1852 7. 93.
1853 7. 93.
1854 7. 93.
1855 7. 93.
1856 7. 93.
1857 7. 93.
1858 7. 93.
1859 7. 93.
1860 7. 93.
1861 7. 93.
1862 7. 93.
1863 7. 93.
1864 7. 93.
1865 7. 93.
1866 7. 93.
1867 7. 93.
1868 7. 93.
1869 7. 93.
1870 7. 93.
1871 7. 93.
1872 7. 93.
1873 7. 93.
1874 7. 93.
1875 7. 93.
1876 7. 93.
1877 8. 92.
1878 8. 92.
1879 8. 92.
1880 8. 92.
1881 8. 92.
1882 8. 92.
1883 8. 92.
1884 8. 92.
1885 8. 92.
1886 8. 92.
1887 8. 92.
1888 8. 92.
1889 8. 92.
1890 8. 92.
1891 8. 92.
1892 8. 92.
1893 8. 92.
1894 8. 92.
1895 8. 92.
1896 8. 92.
1897 8. 92.
1898 8. 92.
1899 8. 92.
1900 8. 92.
1901 8. 92.
1902 8. 92.
1903 8. 92.
1904 8. 92.
1905 8. 92.
1906 9. 91.
1907 9. 91.
1908 9. 91.
1909 9. 91.
1910 9. 91.
1911 9. 91.
1912 9. 91.
1913 9. 91.
1914 9. 91.
1915 9. 91.
1916 9. 91.
1917 9. 91.
1918 9. 91.
1919 9. 91.
1920 10. 90.
1921 10. 90.
1922 10. 90.
1923 10. 90.
1924 10. 90.
1925 10. 90.
1926 10. 90.
1927 10. 90.
1928 10. 90.
1929 10. 90.
1930 10. 90.
1931 10. 90.
1932 10. 90.
1933 10. 90.
1934 10. 90.
1935 10. 90.
1936 10. 90.
1937 10. 90.
1938 10. 90.
1939 10. 90.
1940 10. 90.
1941 10. 90.
1942 10. 90.
1943 10. 90.
1944 10. 90.
1945 9. 91.
1946 9. 91.
1947 9. 91.
1948 9. 91.
1949 9. 91.
1950 9. 91.
1951 9. 91.
1952 9. 91.
1953 9. 91.
1954 9. 91.
1955 9. 91.
1956 9. 91.
1957 9. 91.
1958 9. 91.
1959 9. 91.
1960 9. 91.
1961 9. 91.
1962 8. 92.
1963 8. 92.
1964 8. 92.
1965 8. 92.
1966 8. 92.
1967 8. 92.
1968 8. 92.
1969 8. 92.
1970 9. 91.
1971 9. 91.
1972 9. 91.
1973 9. 91.
1974 9. 91.
1975 9. 91.
1976 9. 91.
1977 9. 91.
1978 9. 91.
1979 9. 91.
1980 9. 91.
1981 9. 91.
1982 9. 91.
1983 10. 90.
1984 9. 91.
1985 9. 91.
1986 9. 91.
1987 8. 92.
1988 8. 92.
1989 8. 92.
1990 8. 92.
1991 8. 92.
1992 8. 92.
1993 8. 92.
1994 8. 92.
1995 8. 92.
1996 8. 92.
1997 8. 92.
1998 8. 92.
1999 8. 92.
2000 8. 92.
2001 8. 92.
2002 8. 92.
2003 8. 92.
2004 8. 92.
2005 8. 92.
2006 8. 92.
2007 8. 92.
2008 9. 91.
2009 9. 91.
2010 9. 91.
2011 9. 91.
2012 9. 91.
2013 9. 91.
2014 9. 91.
2015 9. 91.
2016 9. 91.
2017 9. 91.
2018 10. 90.
2019 9. 91.
2020 9. 91.
2021 9. 91.
2022 9. 91.
2023 9. 91.
2024 10. 90.
2025 10. 90.
2026 10. 90.
2027 10. 90.
2028 10. 90.
2029 9. 91.
2030 9. 91.
2031 9. 91.
2032 9. 91.
2033 9. 91.
2034 9. 91.
2035 9. 91.
2036 9. 91.
2037 9. 91.
2038 8. 92.
2039 8. 92.
2040 8. 92.
2041 8. 92.
2042 8. 92.
2043 8. 92.
2044 8. 92.
2045 8. 92.
2046 8. 92.
2047 8. 92.
2048 8. 92.
2049 8. 92.
2050 8. 92.
2051 8. 92.
2052 8. 92.
2053 8. 92.
2054 8. 92.
2055 8. 92.
2056 8. 92.
2057 8. 92.
2058 8. 92.
2059 8. 92.
2060 8. 92.
2061 8. 92.
2062 9. 91.
2063 9. 91.
2064 9. 91.
2065 9. 91.
2066 10. 90.
2067 10. 90.
2068 10. 90.
2069 10. 90.
2070 11. 89.
2071 11. 89.
2072 11. 89.
2073 11. 89.
2074 11. 89.
2075 11. 89.
2076 11. 89.
2077 11. 89.
2078 11. 89.
2079 11. 89.
2080 11. 89.
2081 10. 90.
2082 10. 90.
2083 10. 90.
2084 10. 90.
2085 10. 90.
2086 10. 90.
2087 10. 90.
2088 10. 90.
2089 10. 90.
2090 10. 90.
2091 10. 90.
2092 10. 90.
2093 10. 90.
2094 11. 89.
2095 11. 89.
2096 11. 89.
2097 11. 89.
2098 11. 89.
2099 11. 89.
2100 11. 89.
2101 11. 89.
2102 11. 89.
2103 11. 89.
2104 11. 89.
2105 10. 90.
2106 10. 90.
2107 10. 90.
2108 10. 90.
2109 10. 90.
2110 10. 90.
2111 10. 90.
2112 10. 90.
2113 10. 90.
2114 9. 91.
2115 9. 91.
2116 10. 90.
2117 10. 90.
2118 10. 90.
2119 10. 90.
2120 10. 90.
2121 10. 90.
2122 10. 90.
2123 10. 90.
2124 9. 91.
2125 8. 92.
2126 8. 92.
2127 8. 92.
2128 8. 92.
2129 8. 92.
2130 8. 92.
2131 8. 92.
2132 8. 92.
2133 8. 92.
2134 8. 92.
2135 7. 93.
2136 6. 94.
2137 6. 94.
2138 6. 94.
2139 6. 94.
2140 6. 94.
2141 7. 93.
2142 7. 93.
2143 7. 93.
2144 7. 93.
2145 7. 93.
2146 7. 93.
2147 7. 93.
2148 7. 93.
2149 7. 93.
2150 7. 93.
2151 7. 93.
2152 7. 93.
2153 7. 93.
2154 7. 93.
2155 7. 93.
2156 7. 93.
2157 7. 93.
2158 7. 93.
2159 7. 93.
2160 7. 93.
2161 7. 93.
2162 7. 93.
2163 7. 93.
2164 7. 93.
2165 7. 93.
2166 7. 93.
2167 7. 93.
2168 7. 93.
2169 7. 93.
2170 7. 93.
2171 7. 93.
2172 7. 93.
2173 7. 93.
2174 7. 93.
2175 7. 93.
2176 7. 93.
2177 7. 93.
2178 7. 93.
2179 7. 93.
2180 7. 93.
2181 7. 93.
2182 7. 93.
2183 6. 94.
2184 6. 94.
2185 6. 94.
2186 6. 94.
2187 6. 94.
2188 6. 94.
2189 6. 94.
2190 6. 94.
2191 6. 94.
2192 6. 94.
2193 6. 94.
2194 6. 94.
2195 6. 94.
2196 6. 94.
2197 6. 94.
2198 6. 94.
2199 6. 94.
2200 6. 94.
2201 6. 94.
2202 6. 94.
2203 5. 95.
2204 5. 95.
2205 5. 95.
2206 5. 95.
2207 5. 95.
2208 5. 95.
2209 5. 95.
2210 5. 95.
2211 5. 95.
2212 5. 95.
2213 5. 95.
2214 5. 95.
2215 5. 95.
2216 5. 95.
2217 5. 95.
2218 5. 95.
2219 5. 95.
2220 5. 95.
2221 5. 95.
2222 5. 95.
2223 4. 96.
2224 4. 96.
2225 4. 96.
2226 4. 96.
2227 4. 96.
2228 4. 96.
2229 4. 96.
2230 4. 96.
2231 4. 96.
2232 4. 96.
2233 4. 96.
2234 4. 96.
2235 4. 96.
2236 4. 96.
2237 4. 96.
2238 4. 96.
2239 4. 96.
2240 4. 96.
2241 4. 96.
2242 4. 96.
2243 4. 96.
2244 4. 96.
2245 4. 96.
2246 4. 96.
2247 4. 96.
2248 4. 96.
2249 4. 96.
2250 4. 96.
2251 4. 96.
2252 4. 96.
2253 4. 96.
2254 4. 96.
2255 4. 96.
2256 4. 96.
2257 4. 96.
2258 4. 96.
2259 4. 96.
2260 4. 96.
2261 4. 96.
2262 4. 96.
2263 4. 96.
2264 4. 96.
2265 4. 96.
2266 4. 96.
2267 4. 96.
2268 4. 96.
2269 4. 96.
2270 4. 96.
2271 4. 96.
2272 4. 96.
2273 4. 96.
2274 4. 96.
2275 4. 96.
2276 4. 96.
2277 4. 96.
2278 4. 96.
2279 4. 96.
2280 4. 96.
2281 4. 96.
2282 4. 96.
2283 4. 96.
2284 4. 96.
2285 4. 96.
2286 4. 96.
2287 4. 96.
2288 4. 96.
2289 4. 96.
2290 4. 96.
2291 4. 96.
2292 4. 96.
2293 4. 96.
2294 4. 96.
2295 3. 97.
2296 3. 97.
2297 3. 97.
2298 3. 97.
2299 3. 97.
2300 3. 97.
2301 3. 97.
2302 3. 97.
2303 3. 97.
2304 3. 97.
2305 3. 97.
2306 3. 97.
2307 3. 97.
2308 3. 97.
2309 3. 97.
2310 3. 97.
2311 3. 97.
2312 3. 97.
2313 3. 97.
2314 3. 97.
2315 3. 97.
2316 3. 97.
2317 3. 97.
2318 3. 97.
2319 3. 97.
2320 3. 97.
2321 4. 96.
2322 4. 96.
2323 4. 96.
2324 4. 96.
2325 4. 96.
2326 4. 96.
2327 4. 96.
2328 4. 96.
2329 4. 96.
2330 4. 96.
2331 4. 96.
2332 4. 96.
2333 4. 96.
2334 4. 96.
2335 4. 96.
2336 4. 96.
2337 4. 96.
2338 4. 96.
2339 4. 96.
2340 4. 96.
2341 3. 97.
2342 3. 97.
2343 3. 97.
2344 3. 97.
2345 3. 97.
2346 3. 97.
2347 3. 97.
2348 3. 97.
2349 3. 97.
2350 3. 97.
2351 3. 97.
2352 3. 97.
2353 3. 97.
2354 3. 97.
2355 3. 97.
2356 3. 97.
2357 3. 97.
2358 3. 97.
2359 3. 97.
2360 3. 97.
2361 3. 97.
2362 3. 97.
2363 3. 97.
2364 3. 97.
2365 3. 97.
2366 3. 97.
2367 3. 97.
2368 3. 97.
2369 3. 97.
2370 3. 97.
2371 3. 97.
2372 3. 97.
2373 3. 97.
2374 3. 97.
2375 3. 97.
2376 3. 97.
2377 3. 97.
2378 3. 97.
2379 3. 97.
2380 3. 97.
2381 3. 97.
2382 3. 97.
2383 3. 97.
2384 3. 97.
2385 3. 97.
2386 3. 97.
2387 3. 97.
2388 3. 97.
2389 3. 97.
2390 3. 97.
2391 3. 97.
2392 3. 97.
2393 3. 97.
2394 3. 97.
2395 3. 97.
2396 3. 97.
2397 3. 97.
2398 3. 97.
2399 3. 97.
2400 3. 97.
2401 3. 97.
2402 3. 97.
2403 3. 97.
2404 3. 97.
2405 3. 97.
2406 3. 97.
2407 4. 96.
2408 4. 96.
2409 4. 96.
2410 4. 96.
2411 4. 96.
2412 4. 96.
2413 4. 96.
2414 4. 96.
2415 4. 96.
2416 4. 96.
2417 4. 96.
2418 3. 97.
2419 3. 97.
2420 3. 97.
2421 3. 97.
2422 3. 97.
2423 3. 97.
2424 3. 97.
2425 3. 97.
2426 3. 97.
2427 3. 97.
2428 4. 96.
2429 4. 96.
2430 4. 96.
2431 4. 96.
2432 4. 96.
2433 4. 96.
2434 4. 96.
2435 4. 96.
2436 4. 96.
2437 4. 96.
2438 4. 96.
2439 4. 96.
2440 4. 96.
2441 4. 96.
2442 4. 96.
2443 4. 96.
2444 4. 96.
2445 4. 96.
2446 5. 95.
2447 5. 95.
2448 5. 95.
2449 5. 95.
2450 5. 95.
2451 5. 95.
2452 5. 95.
2453 5. 95.
2454 5. 95.
2455 5. 95.
2456 5. 95.
2457 5. 95.
2458 5. 95.
2459 5. 95.
2460 5. 95.
2461 5. 95.
2462 5. 95.
2463 5. 95.
2464 5. 95.
2465 5. 95.
2466 5. 95.
2467 5. 95.
2468 5. 95.
2469 5. 95.
2470 5. 95.
2471 5. 95.
2472 5. 95.
2473 5. 95.
2474 5. 95.
2475 5. 95.
2476 5. 95.
2477 5. 95.
2478 5. 95.
2479 5. 95.
2480 5. 95.
2481 5. 95.
2482 5. 95.
2483 5. 95.
2484 5. 95.
2485 5. 95.
2486 5. 95.
2487 5. 95.
2488 4. 96.
2489 4. 96.
2490 4. 96.
2491 4. 96.
2492 4. 96.
2493 4. 96.
2494 4. 96.
2495 4. 96.
2496 4. 96.
2497 4. 96.
2498 4. 96.
2499 4. 96.
2500 4. 96.
2501 4. 96.
2502 4. 96.
2503 4. 96.
2504 4. 96.
2505 4. 96.
2506 4. 96.
2507 4. 96.
2508 5. 95.
2509 5. 95.
2510 5. 95.
2511 5. 95.
2512 5. 95.
2513 5. 95.
2514 6. 94.
2515 6. 94.
2516 6. 94.
2517 6. 94.
2518 6. 94.
2519 6. 94.
2520 6. 94.
2521 6. 94.
2522 6. 94.
2523 6. 94.
2524 6. 94.
2525 6. 94.
2526 6. 94.
2527 6. 94.
2528 6. 94.
2529 6. 94.
2530 6. 94.
2531 6. 94.
2532 6. 94.
2533 6. 94.
2534 6. 94.
2535 6. 94.
2536 6. 94.
2537 6. 94.
2538 6. 94.
2539 6. 94.
2540 6. 94.
2541 6. 94.
2542 6. 94.
2543 6. 94.
2544 6. 94.
2545 6. 94.
2546 6. 94.
2547 6. 94.
2548 6. 94.
2549 6. 94.
2550 6. 94.
2551 6. 94.
2552 6. 94.
2553 6. 94.
2554 6. 94.
2555 6. 94.
2556 6. 94.
2557 6. 94.
2558 6. 94.
2559 6. 94.
2560 6. 94.
2561 6. 94.
2562 6. 94.
2563 6. 94.
2564 6. 94.
2565 6. 94.
2566 6. 94.
2567 6. 94.
2568 6. 94.
2569 6. 94.
2570 6. 94.
2571 6. 94.
2572 6. 94.
2573 5. 95.
2574 5. 95.
2575 5. 95.
2576 5. 95.
2577 5. 95.
2578 5. 95.
2579 5. 95.
2580 5. 95.
2581 5. 95.
2582 5. 95.
2583 5. 95.
2584 5. 95.
2585 5. 95.
2586 5. 95.
2587 5. 95.
2588 5. 95.
2589 5. 95.
2590 5. 95.
2591 5. 95.
2592 5. 95.
2593 4. 96.
2594 4. 96.
2595 4. 96.
2596 4. 96.
2597 4. 96.
2598 4. 96.
2599 4. 96.
2600 4. 96.
2601 4. 96.
2602 4. 96.
2603 4. 96.
2604 4. 96.
2605 4. 96.
2606 4. 96.
2607 4. 96.
2608 4. 96.
2609 4. 96.
2610 4. 96.
2611 4. 96.
2612 4. 96.
2613 4. 96.
2614 4. 96.
2615 4. 96.
2616 4. 96.
2617 4. 96.
2618 4. 96.
2619 4. 96.
2620 4. 96.
2621 4. 96.
2622 4. 96.
2623 4. 96.
2624 4. 96.
2625 4. 96.
2626 4. 96.
2627 4. 96.
2628 4. 96.
2629 4. 96.
2630 4. 96.
2631 4. 96.
2632 4. 96.
2633 4. 96.
2634 4. 96.
2635 4. 96.
2636 4. 96.
2637 4. 96.
2638 4. 96.
2639 4. 96.
2640 4. 96.
2641 4. 96.
2642 4. 96.
2643 4. 96.
2644 4. 96.
2645 4. 96.
2646 4. 96.
2647 4. 96.
2648 4. 96.
2649 4. 96.
2650 4. 96.
2651 4. 96.
2652 4. 96.
2653 4. 96.
2654 4. 96.
2655 4. 96.
2656 4. 96.
2657 4. 96.
2658 4. 96.
2659 4. 96.
2660 4. 96.
2661 4. 96.
2662 4. 96.
2663 4. 96.
2664 4. 96.
2665 4. 96.
2666 4. 96.
2667 4. 96.
2668 4. 96.
2669 4. 96.
2670 4. 96.
2671 4. 96.
2672 4. 96.
2673 4. 96.
2674 4. 96.
2675 4. 96.
2676 4. 96.
2677 4. 96.
2678 4. 96.
2679 4. 96.
2680 4. 96.
2681 4. 96.
2682 4. 96.
2683 4. 96.
2684 4. 96.
2685 4. 96.
2686 4. 96.
2687 4. 96.
2688 4. 96.
2689 4. 96.
2690 4. 96.
2691 4. 96.
2692 4. 96.
2693 4. 96.
2694 4. 96.
2695 4. 96.
2696 5. 95.
2697 5. 95.
2698 5. 95.
2699 5. 95.
2700 5. 95.
2701 5. 95.
2702 5. 95.
2703 5. 95.
2704 5. 95.
2705 5. 95.
2706 5. 95.
2707 5. 95.
2708 5. 95.
2709 5. 95.
2710 5. 95.
2711 5. 95.
2712 4. 96.
2713 4. 96.
2714 4. 96.
2715 4. 96.
2716 3. 97.
2717 3. 97.
2718 3. 97.
2719 3. 97.
2720 3. 97.
2721 3. 97.
2722 3. 97.
2723 3. 97.
2724 3. 97.
2725 3. 97.
2726 3. 97.
2727 3. 97.
2728 3. 97.
2729 3. 97.
2730 3. 97.
2731 3. 97.
2732 3. 97.
2733 3. 97.
2734 3. 97.
2735 3. 97.
2736 3. 97.
2737 3. 97.
2738 3. 97.
2739 3. 97.
2740 3. 97.
2741 3. 97.
2742 3. 97.
2743 3. 97.
2744 3. 97.
2745 3. 97.
2746 3. 97.
2747 3. 97.
2748 3. 97.
2749 3. 97.
2750 3. 97.
2751 3. 97.
2752 3. 97.
2753 3. 97.
2754 3. 97.
2755 2. 98.
2756 2. 98.
2757 2. 98.
2758 2. 98.
2759 2. 98.
2760 2. 98.
2761 2. 98.
2762 2. 98.
2763 2. 98.
2764 2. 98.
2765 2. 98.
2766 2. 98.
2767 2. 98.
2768 2. 98.
2769 2. 98.
2770 2. 98.
2771 2. 98.
2772 2. 98.
2773 2. 98.
2774 2. 98.
2775 2. 98.
2776 2. 98.
2777 2. 98.
2778 2. 98.
2779 2. 98.
2780 2. 98.
2781 2. 98.
2782 2. 98.
2783 2. 98.
2784 2. 98.
2785 2. 98.
2786 2. 98.
2787 2. 98.
2788 2. 98.
2789 2. 98.
2790 2. 98.
2791 2. 98.
2792 2. 98.
2793 3. 97.
2794 3. 97.
2795 3. 97.
2796 4. 96.
2797 4. 96.
2798 4. 96.
2799 4. 96.
2800 4. 96.
2801 4. 96.
2802 4. 96.
2803 4. 96.
2804 4. 96.
2805 4. 96.
2806 4. 96.
2807 4. 96.
2808 4. 96.
2809 4. 96.
2810 4. 96.
2811 4. 96.
2812 4. 96.
2813 4. 96.
2814 4. 96.
2815 4. 96.
2816 4. 96.
2817 4. 96.
2818 4. 96.
2819 4. 96.
2820 4. 96.
2821 4. 96.
2822 4. 96.
2823 4. 96.
2824 4. 96.
2825 4. 96.
2826 4. 96.
2827 4. 96.
2828 4. 96.
2829 4. 96.
2830 4. 96.
2831 3. 97.
2832 3. 97.
2833 3. 97.
2834 3. 97.
2835 3. 97.
2836 3. 97.
2837 3. 97.
2838 3. 97.
2839 3. 97.
2840 3. 97.
2841 3. 97.
2842 3. 97.
2843 3. 97.
2844 3. 97.
2845 3. 97.
2846 3. 97.
2847 3. 97.
2848 3. 97.
2849 3. 97.
2850 3. 97.
2851 3. 97.
2852 3. 97.
2853 3. 97.
2854 3. 97.
2855 3. 97.
2856 3. 97.
2857 3. 97.
2858 3. 97.
2859 3. 97.
2860 3. 97.
2861 3. 97.
2862 3. 97.
2863 4. 96.
2864 4. 96.
2865 4. 96.
2866 4. 96.
2867 4. 96.
2868 4. 96.
2869 4. 96.
2870 4. 96.
2871 4. 96.
2872 4. 96.
2873 4. 96.
2874 4. 96.
2875 4. 96.
2876 4. 96.
2877 4. 96.
2878 4. 96.
2879 4. 96.
2880 4. 96.
2881 4. 96.
2882 4. 96.
2883 4. 96.
2884 4. 96.
2885 4. 96.
2886 4. 96.
2887 4. 96.
2888 4. 96.
2889 4. 96.
2890 4. 96.
2891 4. 96.
2892 4. 96.
2893 3. 97.
2894 3. 97.
2895 3. 97.
2896 3. 97.
2897 3. 97.
2898 3. 97.
2899 3. 97.
2900 3. 97.
2901 3. 97.
2902 3. 97.
2903 3. 97.
2904 3. 97.
2905 3. 97.
2906 3. 97.
2907 3. 97.
2908 3. 97.
2909 3. 97.
2910 3. 97.
2911 3. 97.
2912 3. 97.
2913 3. 97.
2914 3. 97.
2915 3. 97.
2916 3. 97.
2917 3. 97.
2918 3. 97.
2919 3. 97.
2920 3. 97.
2921 3. 97.
2922 3. 97.
2923 3. 97.
2924 3. 97.
2925 3. 97.
2926 3. 97.
2927 3. 97.
2928 3. 97.
2929 3. 97.
2930 3. 97.
2931 3. 97.
2932 3. 97.
2933 3. 97.
2934 3. 97.
2935 3. 97.
2936 3. 97.
2937 3. 97.
2938 3. 97.
2939 3. 97.
2940 3. 97.
2941 3. 97.
2942 3. 97.
2943 3. 97.
2944 3. 97.
2945 3. 97.
2946 3. 97.
2947 3. 97.
2948 3. 97.
2949 3. 97.
2950 3. 97.
2951 3. 97.
2952 3. 97.
2953 3. 97.
2954 3. 97.
2955 3. 97.
2956 3. 97.
2957 3. 97.
2958 3. 97.
2959 3. 97.
2960 3. 97.
2961 2. 98.
2962 2. 98.
2963 2. 98.
2964 2. 98.
2965 2. 98.
2966 2. 98.
2967 2. 98.
2968 2. 98.
2969 2. 98.
2970 2. 98.
2971 2. 98.
2972 2. 98.
2973 2. 98.
2974 2. 98.
2975 2. 98.
2976 2. 98.
2977 2. 98.
2978 2. 98.
2979 2. 98.
2980 2. 98.
2981 2. 98.
2982 2. 98.
2983 2. 98.
2984 2. 98.
2985 2. 98.
2986 2. 98.
2987 2. 98.
2988 2. 98.
2989 2. 98.
2990 2. 98.
2991 2. 98.
2992 2. 98.
2993 2. 98.
2994 2. 98.
2995 2. 98.
2996 2. 98.
2997 2. 98.
2998 3. 97.
2999 3. 97.
3000 3. 97.
3001 3. 97.
3002 3. 97.
3003 3. 97.
3004 3. 97.
3005 3. 97.
3006 4. 96.
3007 4. 96.
3008 4. 96.
3009 4. 96.
3010 4. 96.
3011 4. 96.
3012 4. 96.
3013 4. 96.
3014 4. 96.
3015 4. 96.
3016 4. 96.
3017 4. 96.
3018 4. 96.
3019 4. 96.
3020 4. 96.
3021 4. 96.
3022 4. 96.
3023 4. 96.
3024 4. 96.
3025 4. 96.
3026 3. 97.
3027 3. 97.
3028 3. 97.
3029 3. 97.
3030 3. 97.
3031 3. 97.
3032 3. 97.
3033 3. 97.
3034 3. 97.
3035 3. 97.
3036 3. 97.
3037 3. 97.
3038 3. 97.
3039 3. 97.
3040 3. 97.
3041 3. 97.
3042 3. 97.
3043 3. 97.
3044 3. 97.
3045 3. 97.
3046 3. 97.
3047 3. 97.
3048 3. 97.
3049 3. 97.
3050 3. 97.
3051 4. 96.
3052 4. 96.
3053 4. 96.
3054 4. 96.
3055 4. 96.
3056 4. 96.
3057 4. 96.
3058 4. 96.
3059 4. 96.
3060 4. 96.
3061 4. 96.
3062 4. 96.
3063 4. 96.
3064 4. 96.
3065 4. 96.
3066 4. 96.
3067 4. 96.
3068 4. 96.
3069 4. 96.
3070 4. 96.
3071 4. 96.
3072 4. 96.
3073 4. 96.
3074 4. 96.
3075 4. 96.
3076 4. 96.
3077 4. 96.
3078 4. 96.
3079 4. 96.
3080 4. 96.
3081 4. 96.
3082 4. 96.
3083 4. 96.
3084 4. 96.
3085 4. 96.
3086 4. 96.
3087 4. 96.
3088 4. 96.
3089 4. 96.
3090 4. 96.
3091 4. 96.
3092 4. 96.
3093 4. 96.
3094 4. 96.
3095 4. 96.
3096 4. 96.
3097 4. 96.
3098 4. 96.
3099 4. 96.
3100 4. 96.
3101 4. 96.
3102 4. 96.
3103 4. 96.
3104 4. 96.
3105 4. 96.
3106 4. 96.
3107 4. 96.
3108 4. 96.
3109 4. 96.
3110 4. 96.
3111 4. 96.
3112 4. 96.
3113 4. 96.
3114 4. 96.
3115 4. 96.
3116 4. 96.
3117 4. 96.
3118 4. 96.
3119 4. 96.
3120 4. 96.
3121 4. 96.
3122 4. 96.
3123 4. 96.
3124 4. 96.
3125 4. 96.
3126 4. 96.
3127 4. 96.
3128 4. 96.
3129 4. 96.
3130 5. 95.
3131 5. 95.
3132 5. 95.
3133 5. 95.
3134 5. 95.
3135 5. 95.
3136 5. 95.
3137 5. 95.
3138 4. 96.
3139 4. 96.
3140 4. 96.
3141 4. 96.
3142 4. 96.
3143 4. 96.
3144 4. 96.
3145 4. 96.
3146 4. 96.
3147 4. 96.
3148 4. 96.
3149 4. 96.
3150 4. 96.
3151 4. 96.
3152 4. 96.
3153 4. 96.
3154 4. 96.
3155 4. 96.
3156 4. 96.
3157 4. 96.
3158 4. 96.
3159 4. 96.
3160 4. 96.
3161 4. 96.
3162 4. 96.
3163 4. 96.
3164 4. 96.
3165 4. 96.
3166 4. 96.
3167 4. 96.
3168 4. 96.
3169 4. 96.
3170 4. 96.
3171 4. 96.
3172 4. 96.
3173 4. 96.
3174 4. 96.
3175 4. 96.
3176 4. 96.
3177 4. 96.
3178 4. 96.
3179 4. 96.
3180 4. 96.
3181 3. 97.
3182 3. 97.
3183 3. 97.
3184 3. 97.
3185 3. 97.
3186 3. 97.
3187 3. 97.
3188 3. 97.
3189 3. 97.
3190 3. 97.
3191 3. 97.
3192 3. 97.
3193 3. 97.
3194 3. 97.
3195 3. 97.
3196 3. 97.
3197 3. 97.
3198 3. 97.
3199 3. 97.
3200 3. 97.
3201 3. 97.
3202 3. 97.
3203 3. 97.
3204 3. 97.
3205 2. 98.
3206 2. 98.
3207 2. 98.
3208 2. 98.
3209 2. 98.
3210 2. 98.
3211 2. 98.
3212 2. 98.
3213 2. 98.
3214 2. 98.
3215 2. 98.
3216 2. 98.
3217 2. 98.
3218 2. 98.
3219 2. 98.
3220 2. 98.
3221 2. 98.
3222 2. 98.
3223 3. 97.
3224 3. 97.
3225 3. 97.
3226 3. 97.
3227 3. 97.
3228 3. 97.
3229 3. 97.
3230 3. 97.
3231 3. 97.
3232 3. 97.
3233 3. 97.
3234 3. 97.
3235 3. 97.
3236 3. 97.
3237 3. 97.
3238 3. 97.
3239 3. 97.
3240 3. 97.
3241 3. 97.
3242 3. 97.
3243 3. 97.
3244 3. 97.
3245 3. 97.
3246 3. 97.
3247 3. 97.
3248 3. 97.
3249 3. 97.
3250 3. 97.
3251 3. 97.
3252 3. 97.
3253 3. 97.
3254 3. 97.
3255 3. 97.
3256 3. 97.
3257 3. 97.
3258 3. 97.
3259 3. 97.
3260 3. 97.
3261 3. 97.
3262 3. 97.
3263 3. 97.
3264 3. 97.
3265 3. 97.
3266 3. 97.
3267 3. 97.
3268 3. 97.
3269 3. 97.
3270 3. 97.
3271 3. 97.
3272 3. 97.
3273 3. 97.
3274 3. 97.
3275 3. 97.
3276 3. 97.
3277 3. 97.
3278 3. 97.
3279 3. 97.
3280 3. 97.
3281 3. 97.
3282 3. 97.
3283 3. 97.
3284 3. 97.
3285 3. 97.
3286 3. 97.
3287 3. 97.
3288 3. 97.
3289 3. 97.
3290 4. 96.
3291 4. 96.
3292 4. 96.
3293 4. 96.
3294 4. 96.
3295 4. 96.
3296 4. 96.
3297 4. 96.
3298 4. 96.
3299 4. 96.
3300 4. 96.
3301 4. 96.
3302 4. 96.
3303 4. 96.
3304 4. 96.
3305 4. 96.
3306 4. 96.
3307 4. 96.
3308 4. 96.
3309 4. 96.
3310 4. 96.
3311 4. 96.
3312 4. 96.
3313 4. 96.
3314 4. 96.
3315 4. 96.
3316 5. 95.
3317 5. 95.
3318 5. 95.
3319 5. 95.
3320 5. 95.
3321 5. 95.
3322 5. 95.
3323 5. 95.
3324 5. 95.
3325 5. 95.
3326 5. 95.
3327 5. 95.
3328 5. 95.
3329 5. 95.
3330 5. 95.
3331 5. 95.
3332 5. 95.
3333 5. 95.
3334 5. 95.
3335 5. 95.
3336 5. 95.
3337 5. 95.
3338 5. 95.
3339 5. 95.
3340 5. 95.
3341 5. 95.
3342 5. 95.
3343 5. 95.
3344 5. 95.
3345 5. 95.
3346 5. 95.
3347 5. 95.
3348 5. 95.
3349 5. 95.
3350 5. 95.
3351 5. 95.
3352 5. 95.
3353 5. 95.
3354 5. 95.
3355 5. 95.
3356 5. 95.
3357 5. 95.
3358 5. 95.
3359 5. 95.
3360 5. 95.
3361 5. 95.
3362 5. 95.
3363 5. 95.
3364 5. 95.
3365 5. 95.
3366 5. 95.
3367 5. 95.
3368 5. 95.
3369 5. 95.
3370 5. 95.
3371 5. 95.
3372 5. 95.
3373 5. 95.
3374 5. 95.
3375 5. 95.
3376 5. 95.
3377 5. 95.
3378 5. 95.
3379 5. 95.
3380 5. 95.
3381 5. 95.
3382 5. 95.
3383 5. 95.
3384 5. 95.
3385 5. 95.
3386 5. 95.
3387 5. 95.
3388 5. 95.
3389 5. 95.
3390 5. 95.
3391 5. 95.
3392 5. 95.
3393 5. 95.
3394 5. 95.
3395 5. 95.
3396 5. 95.
3397 5. 95.
3398 5. 95.
3399 5. 95.
3400 5. 95.
3401 5. 95.
3402 5. 95.
3403 5. 95.
3404 5. 95.
3405 5. 95.
3406 4. 96.
3407 4. 96.
3408 4. 96.
3409 4. 96.
3410 5. 95.
3411 5. 95.
3412 5. 95.
3413 5. 95.
3414 4. 96.
3415 4. 96.
3416 4. 96.
3417 4. 96.
3418 4. 96.
3419 4. 96.
3420 4. 96.
3421 4. 96.
3422 4. 96.
3423 4. 96.
3424 4. 96.
3425 4. 96.
3426 4. 96.
3427 4. 96.
3428 4. 96.
3429 4. 96.
3430 4. 96.
3431 4. 96.
3432 4. 96.
3433 4. 96.
3434 4. 96.
3435 4. 96.
3436 4. 96.
3437 4. 96.
3438 4. 96.
3439 4. 96.
3440 4. 96.
3441 4. 96.
3442 4. 96.
3443 4. 96.
3444 4. 96.
3445 4. 96.
3446 4. 96.
3447 5. 95.
3448 5. 95.
3449 5. 95.
3450 5. 95.
3451 5. 95.
3452 5. 95.
3453 5. 95.
3454 5. 95.
3455 5. 95.
3456 5. 95.
3457 5. 95.
3458 5. 95.
3459 5. 95.
3460 5. 95.
3461 5. 95.
3462 5. 95.
3463 5. 95.
3464 5. 95.
3465 5. 95.
3466 5. 95.
3467 5. 95.
3468 5. 95.
3469 5. 95.
3470 6. 94.
3471 6. 94.
3472 5. 95.
3473 4. 96.
3474 4. 96.
3475 4. 96.
3476 4. 96.
3477 4. 96.
3478 4. 96.
3479 4. 96.
3480 4. 96.
3481 4. 96.
3482 4. 96.
3483 4. 96.
3484 4. 96.
3485 4. 96.
3486 4. 96.
3487 4. 96.
3488 4. 96.
3489 4. 96.
3490 3. 97.
3491 3. 97.
3492 3. 97.
3493 3. 97.
3494 3. 97.
3495 3. 97.
3496 3. 97.
3497 3. 97.
3498 3. 97.
3499 3. 97.
3500 3. 97.
3501 3. 97.
3502 3. 97.
3503 3. 97.
3504 3. 97.
3505 3. 97.
3506 3. 97.
3507 3. 97.
3508 3. 97.
3509 3. 97.
3510 3. 97.
3511 3. 97.
3512 3. 97.
3513 3. 97.
3514 3. 97.
3515 3. 97.
3516 3. 97.
3517 3. 97.
3518 3. 97.
3519 3. 97.
3520 3. 97.
3521 3. 97.
3522 3. 97.
3523 3. 97.
3524 3. 97.
3525 3. 97.
3526 3. 97.
3527 3. 97.
3528 3. 97.
3529 3. 97.
3530 3. 97.
3531 3. 97.
3532 4. 96.
3533 4. 96.
3534 4. 96.
3535 4. 96.
3536 4. 96.
3537 4. 96.
3538 4. 96.
3539 4. 96.
3540 4. 96.
3541 4. 96.
3542 4. 96.
3543 4. 96.
3544 4. 96.
3545 4. 96.
3546 4. 96.
3547 4. 96.
3548 4. 96.
3549 4. 96.
3550 4. 96.
3551 4. 96.
3552 4. 96.
3553 4. 96.
3554 4. 96.
3555 3. 97.
3556 3. 97.
3557 3. 97.
3558 3. 97.
3559 3. 97.
3560 3. 97.
3561 3. 97.
3562 3. 97.
3563 3. 97.
3564 3. 97.
3565 3. 97.
3566 3. 97.
3567 3. 97.
3568 3. 97.
3569 3. 97.
3570 3. 97.
3571 3. 97.
3572 3. 97.
3573 3. 97.
3574 3. 97.
3575 3. 97.
3576 3. 97.
3577 3. 97.
3578 3. 97.
3579 3. 97.
3580 3. 97.
3581 3. 97.
3582 3. 97.
3583 3. 97.
3584 3. 97.
3585 3. 97.
3586 3. 97.
3587 3. 97.
3588 3. 97.
3589 3. 97.
3590 4. 96.
3591 4. 96.
3592 4. 96.
3593 4. 96.
3594 4. 96.
3595 4. 96.
3596 4. 96.
3597 4. 96.
3598 4. 96.
3599 4. 96.
3600 4. 96.
3601 3. 97.
3602 3. 97.
3603 3. 97.
3604 3. 97.
3605 3. 97.
3606 3. 97.
3607 3. 97.
3608 3. 97.
3609 3. 97.
3610 3. 97.
3611 3. 97.
3612 3. 97.
3613 3. 97.
3614 4. 96.
3615 4. 96.
3616 4. 96.
3617 4. 96.
3618 4. 96.
3619 4. 96.
3620 4. 96.
3621 5. 95.
3622 5. 95.
3623 5. 95.
3624 5. 95.
3625 5. 95.
3626 5. 95.
3627 5. 95.
3628 5. 95.
3629 5. 95.
3630 5. 95.
3631 5. 95.
3632 5. 95.
3633 5. 95.
3634 5. 95.
3635 5. 95.
3636 5. 95.
3637 5. 95.
3638 5. 95.
3639 5. 95.
3640 5. 95.
3641 5. 95.
3642 5. 95.
3643 6. 94.
3644 6. 94.
3645 6. 94.
3646 6. 94.
3647 6. 94.
3648 6. 94.
3649 6. 94.
3650 6. 94.
3651 6. 94.
3652 6. 94.
3653 6. 94.
3654 6. 94.
3655 6. 94.
3656 6. 94.
3657 6. 94.
3658 6. 94.
3659 6. 94.
3660 6. 94.
3661 6. 94.
3662 6. 94.
3663 6. 94.
3664 6. 94.
3665 7. 93.
3666 7. 93.
3667 7. 93.
3668 7. 93.
3669 7. 93.
3670 7. 93.
3671 7. 93.
3672 7. 93.
3673 7. 93.
3674 7. 93.
3675 8. 92.
3676 8. 92.
3677 8. 92.
3678 8. 92.
3679 8. 92.
3680 8. 92.
3681 8. 92.
3682 8. 92.
3683 8. 92.
3684 8. 92.
3685 8. 92.
3686 8. 92.
3687 7. 93.
3688 7. 93.
3689 7. 93.
3690 7. 93.
3691 7. 93.
3692 7. 93.
3693 7. 93.
3694 7. 93.
3695 7. 93.
3696 7. 93.
3697 7. 93.
3698 7. 93.
3699 7. 93.
3700 7. 93.
3701 6. 94.
3702 6. 94.
3703 6. 94.
3704 6. 94.
3705 6. 94.
3706 6. 94.
3707 6. 94.
3708 6. 94.
3709 6. 94.
3710 6. 94.
3711 6. 94.
3712 6. 94.
3713 6. 94.
3714 6. 94.
3715 6. 94.
3716 6. 94.
3717 6. 94.
3718 6. 94.
3719 6. 94.
3720 6. 94.
3721 6. 94.
3722 6. 94.
3723 6. 94.
3724 6. 94.
3725 6. 94.
3726 6. 94.
3727 6. 94.
3728 6. 94.
3729 6. 94.
3730 6. 94.
3731 6. 94.
3732 6. 94.
3733 6. 94.
3734 6. 94.
3735 6. 94.
3736 6. 94.
3737 6. 94.
3738 6. 94.
3739 6. 94.
3740 6. 94.
3741 6. 94.
3742 6. 94.
3743 6. 94.
3744 6. 94.
3745 6. 94.
3746 6. 94.
3747 6. 94.
3748 6. 94.
3749 6. 94.
3750 6. 94.
3751 6. 94.
3752 6. 94.
3753 6. 94.
3754 6. 94.
3755 6. 94.
3756 6. 94.
3757 6. 94.
3758 6. 94.
3759 6. 94.
3760 7. 93.
3761 7. 93.
3762 7. 93.
3763 7. 93.
3764 7. 93.
3765 7. 93.
3766 7. 93.
3767 7. 93.
3768 7. 93.
3769 7. 93.
3770 7. 93.
3771 7. 93.
3772 7. 93.
3773 7. 93.
3774 7. 93.
3775 7. 93.
3776 7. 93.
3777 7. 93.
3778 7. 93.
3779 7. 93.
3780 7. 93.
3781 7. 93.
3782 7. 93.
3783 7. 93.
3784 8. 92.
3785 8. 92.
3786 8. 92.
3787 8. 92.
3788 8. 92.
3789 8. 92.
3790 8. 92.
3791 8. 92.
3792 8. 92.
3793 8. 92.
3794 8. 92.
3795 8. 92.
3796 8. 92.
3797 8. 92.
3798 8. 92.
3799 8. 92.
3800 8. 92.
3801 8. 92.
3802 8. 92.
3803 8. 92.
3804 8. 92.
3805 7. 93.
3806 7. 93.
3807 7. 93.
3808 7. 93.
3809 7. 93.
3810 7. 93.
3811 7. 93.
3812 7. 93.
3813 7. 93.
3814 7. 93.
3815 7. 93.
3816 6. 94.
3817 6. 94.
3818 6. 94.
3819 6. 94.
3820 6. 94.
3821 6. 94.
3822 6. 94.
3823 6. 94.
3824 6. 94.
3825 6. 94.
3826 6. 94.
3827 6. 94.
3828 6. 94.
3829 6. 94.
3830 6. 94.
3831 6. 94.
3832 6. 94.
3833 6. 94.
3834 6. 94.
3835 6. 94.
3836 6. 94.
3837 6. 94.
3838 6. 94.
3839 6. 94.
3840 6. 94.
3841 5. 95.
3842 5. 95.
3843 5. 95.
3844 5. 95.
3845 4. 96.
3846 4. 96.
3847 4. 96.
3848 4. 96.
3849 4. 96.
3850 4. 96.
3851 4. 96.
3852 4. 96.
3853 4. 96.
3854 4. 96.
3855 4. 96.
3856 4. 96.
3857 4. 96.
3858 4. 96.
3859 4. 96.
3860 4. 96.
3861 4. 96.
3862 4. 96.
3863 4. 96.
3864 4. 96.
3865 4. 96.
3866 3. 97.
3867 3. 97.
3868 3. 97.
3869 3. 97.
3870 3. 97.
3871 3. 97.
3872 3. 97.
3873 3. 97.
3874 3. 97.
3875 3. 97.
3876 3. 97.
3877 3. 97.
3878 2. 98.
3879 2. 98.
3880 2. 98.
3881 2. 98.
3882 2. 98.
3883 2. 98.
3884 2. 98.
3885 2. 98.
3886 2. 98.
3887 2. 98.
3888 2. 98.
3889 1. 99.
3890 1. 99.
3891 1. 99.
3892 1. 99.
3893 1. 99.
3894 1. 99.
3895 1. 99.
3896 1. 99.
3897 1. 99.
3898 1. 99.
3899 1. 99.
3900 1. 99.
3901 1. 99.
3902 1. 99.
3903 1. 99.
3904 1. 99.
3905 2. 98.
3906 2. 98.
3907 3. 97.
3908 3. 97.
3909 3. 97.
3910 3. 97.
3911 3. 97.
3912 3. 97.
3913 3. 97.
3914 3. 97.
3915 3. 97.
3916 3. 97.
3917 3. 97.
3918 3. 97.
3919 3. 97.
3920 3. 97.
3921 3. 97.
3922 3. 97.
3923 3. 97.
3924 3. 97.
3925 3. 97.
3926 3. 97.
3927 3. 97.
3928 3. 97.
3929 3. 97.
3930 3. 97.
3931 3. 97.
3932 3. 97.
3933 3. 97.
3934 3. 97.
3935 3. 97.
3936 3. 97.
3937 3. 97.
3938 3. 97.
3939 3. 97.
3940 3. 97.
3941 3. 97.
3942 3. 97.
3943 3. 97.
3944 3. 97.
3945 3. 97.
3946 3. 97.
3947 3. 97.
3948 3. 97.
3949 3. 97.
3950 3. 97.
3951 3. 97.
3952 3. 97.
3953 3. 97.
3954 3. 97.
3955 3. 97.
3956 3. 97.
3957 3. 97.
3958 3. 97.
3959 3. 97.
3960 3. 97.
3961 3. 97.
3962 3. 97.
3963 3. 97.
3964 3. 97.
3965 3. 97.
3966 3. 97.
3967 3. 97.
3968 3. 97.
3969 3. 97.
3970 3. 97.
3971 3. 97.
3972 3. 97.
3973 3. 97.
3974 3. 97.
3975 3. 97.
3976 3. 97.
3977 3. 97.
3978 3. 97.
3979 3. 97.
3980 3. 97.
3981 3. 97.
3982 3. 97.
3983 3. 97.
3984 3. 97.
3985 3. 97.
3986 3. 97.
3987 3. 97.
3988 3. 97.
3989 3. 97.
3990 3. 97.
3991 3. 97.
3992 3. 97.
3993 3. 97.
3994 3. 97.
3995 3. 97.
3996 3. 97.
3997 3. 97.
3998 3. 97.
3999 3. 97.
4000 3. 97.
4001 4. 96.
4002 4. 96.
4003 4. 96.
4004 4. 96.
4005 4. 96.
4006 4. 96.
4007 4. 96.
4008 4. 96.
4009 4. 96.
4010 4. 96.
4011 4. 96.
4012 4. 96.
4013 4. 96.
4014 4. 96.
4015 4. 96.
4016 4. 96.
4017 4. 96.
4018 4. 96.
4019 4. 96.
4020 4. 96.
4021 4. 96.
4022 4. 96.
4023 4. 96.
4024 4. 96.
4025 4. 96.
4026 4. 96.
4027 4. 96.
4028 4. 96.
4029 4. 96.
4030 4. 96.
4031 4. 96.
4032 5. 95.
4033 5. 95.
4034 5. 95.
4035 5. 95.
4036 5. 95.
4037 5. 95.
4038 5. 95.
4039 5. 95.
4040 5. 95.
4041 5. 95.
4042 5. 95.
4043 5. 95.
4044 5. 95.
4045 5. 95.
4046 5. 95.
4047 5. 95.
4048 5. 95.
4049 5. 95.
4050 5. 95.
4051 5. 95.
4052 5. 95.
4053 5. 95.
4054 5. 95.
4055 5. 95.
4056 5. 95.
4057 5. 95.
4058 5. 95.
4059 5. 95.
4060 5. 95.
4061 5. 95.
4062 5. 95.
4063 5. 95.
4064 5. 95.
4065 5. 95.
4066 5. 95.
4067 5. 95.
4068 5. 95.
4069 5. 95.
4070 5. 95.
4071 5. 95.
4072 5. 95.
4073 5. 95.
4074 5. 95.
4075 5. 95.
4076 5. 95.
4077 6. 94.
4078 5. 95.
4079 5. 95.
4080 6. 94.
4081 6. 94.
4082 6. 94.
4083 6. 94.
4084 6. 94.
4085 6. 94.
4086 6. 94.
4087 6. 94.
4088 6. 94.
4089 6. 94.
4090 6. 94.
4091 6. 94.
4092 6. 94.
4093 6. 94.
4094 6. 94.
4095 6. 94.
4096 6. 94.
4097 6. 94.
4098 6. 94.
4099 6. 94.
4100 6. 94.
4101 6. 94.
4102 6. 94.
4103 6. 94.
4104 6. 94.
4105 6. 94.
4106 6. 94.
4107 6. 94.
4108 6. 94.
4109 6. 94.
4110 6. 94.
4111 6. 94.
4112 6. 94.
4113 6. 94.
4114 6. 94.
4115 6. 94.
4116 6. 94.
4117 6. 94.
4118 5. 95.
4119 5. 95.
4120 5. 95.
4121 5. 95.
4122 5. 95.
4123 6. 94.
4124 6. 94.
4125 6. 94.
4126 6. 94.
4127 7. 93.
4128 7. 93.
4129 7. 93.
4130 7. 93.
4131 7. 93.
4132 7. 93.
4133 7. 93.
4134 7. 93.
4135 7. 93.
4136 7. 93.
4137 7. 93.
4138 7. 93.
4139 7. 93.
4140 7. 93.
4141 7. 93.
4142 7. 93.
4143 7. 93.
4144 7. 93.
4145 7. 93.
4146 6. 94.
4147 6. 94.
4148 6. 94.
4149 6. 94.
4150 6. 94.
4151 6. 94.
4152 6. 94.
4153 6. 94.
4154 6. 94.
4155 6. 94.
4156 6. 94.
4157 6. 94.
4158 6. 94.
4159 6. 94.
4160 6. 94.
4161 6. 94.
4162 6. 94.
4163 6. 94.
4164 6. 94.
4165 6. 94.
4166 6. 94.
4167 6. 94.
4168 6. 94.
4169 6. 94.
4170 6. 94.
4171 6. 94.
4172 6. 94.
4173 6. 94.
4174 6. 94.
4175 6. 94.
4176 6. 94.
4177 6. 94.
4178 6. 94.
4179 6. 94.
4180 6. 94.
4181 6. 94.
4182 6. 94.
4183 6. 94.
4184 6. 94.
4185 6. 94.
4186 6. 94.
4187 6. 94.
4188 6. 94.
4189 6. 94.
4190 6. 94.
4191 6. 94.
4192 6. 94.
4193 6. 94.
4194 6. 94.
4195 6. 94.
4196 6. 94.
4197 6. 94.
4198 6. 94.
4199 6. 94.
4200 6. 94.
4201 6. 94.
4202 6. 94.
4203 6. 94.
4204 6. 94.
4205 6. 94.
4206 6. 94.
4207 7. 93.
4208 7. 93.
4209 7. 93.
4210 7. 93.
4211 7. 93.
4212 7. 93.
4213 7. 93.
4214 7. 93.
4215 7. 93.
4216 6. 94.
4217 6. 94.
4218 6. 94.
4219 6. 94.
4220 6. 94.
4221 6. 94.
4222 6. 94.
4223 6. 94.
4224 6. 94.
4225 6. 94.
4226 6. 94.
4227 6. 94.
4228 6. 94.
4229 6. 94.
4230 6. 94.
4231 6. 94.
4232 6. 94.
4233 6. 94.
4234 6. 94.
4235 6. 94.
4236 5. 95.
4237 5. 95.
4238 5. 95.
4239 5. 95.
4240 5. 95.
4241 5. 95.
4242 5. 95.
4243 5. 95.
4244 5. 95.
4245 5. 95.
4246 5. 95.
4247 5. 95.
4248 5. 95.
4249 5. 95.
4250 5. 95.
4251 5. 95.
4252 5. 95.
4253 5. 95.
4254 5. 95.
4255 5. 95.
4256 5. 95.
4257 5. 95.
4258 5. 95.
4259 4. 96.
4260 4. 96.
4261 4. 96.
4262 4. 96.
4263 4. 96.
4264 4. 96.
4265 4. 96.
4266 4. 96.
4267 4. 96.
4268 5. 95.
4269 5. 95.
4270 5. 95.
4271 5. 95.
4272 5. 95.
4273 5. 95.
4274 6. 94.
4275 6. 94.
4276 6. 94.
4277 6. 94.
4278 6. 94.
4279 6. 94.
4280 6. 94.
4281 6. 94.
4282 6. 94.
4283 6. 94.
4284 6. 94.
4285 7. 93.
4286 7. 93.
4287 7. 93.
4288 6. 94.
4289 6. 94.
4290 6. 94.
4291 6. 94.
4292 6. 94.
4293 6. 94.
4294 6. 94.
4295 6. 94.
4296 6. 94.
4297 6. 94.
4298 6. 94.
4299 6. 94.
4300 6. 94.
4301 6. 94.
4302 6. 94.
4303 6. 94.
4304 6. 94.
4305 6. 94.
4306 6. 94.
4307 6. 94.
4308 6. 94.
4309 6. 94.
4310 6. 94.
4311 6. 94.
4312 6. 94.
4313 6. 94.
4314 6. 94.
4315 6. 94.
4316 6. 94.
4317 6. 94.
4318 6. 94.
4319 6. 94.
4320 6. 94.
4321 6. 94.
4322 6. 94.
4323 5. 95.
4324 5. 95.
4325 5. 95.
4326 5. 95.
4327 5. 95.
4328 5. 95.
4329 5. 95.
4330 4. 96.
4331 4. 96.
4332 4. 96.
4333 4. 96.
4334 4. 96.
4335 4. 96.
4336 4. 96.
4337 4. 96.
4338 4. 96.
4339 4. 96.
4340 4. 96.
4341 4. 96.
4342 3. 97.
4343 3. 97.
4344 3. 97.
4345 3. 97.
4346 3. 97.
4347 3. 97.
4348 3. 97.
4349 3. 97.
4350 3. 97.
4351 3. 97.
4352 3. 97.
4353 3. 97.
4354 3. 97.
4355 3. 97.
4356 3. 97.
4357 3. 97.
4358 3. 97.
4359 3. 97.
4360 3. 97.
4361 3. 97.
4362 3. 97.
4363 3. 97.
4364 4. 96.
4365 4. 96.
4366 4. 96.
4367 4. 96.
4368 4. 96.
4369 4. 96.
4370 4. 96.
4371 5. 95.
4372 5. 95.
4373 5. 95.
4374 5. 95.
4375 5. 95.
4376 5. 95.
4377 4. 96.
4378 4. 96.
4379 4. 96.
4380 4. 96.
4381 4. 96.
4382 4. 96.
4383 4. 96.
4384 4. 96.
4385 4. 96.
4386 4. 96.
4387 4. 96.
4388 4. 96.
4389 4. 96.
4390 4. 96.
4391 4. 96.
4392 4. 96.
4393 4. 96.
4394 4. 96.
4395 4. 96.
4396 4. 96.
4397 4. 96.
4398 4. 96.
4399 4. 96.
4400 4. 96.
4401 4. 96.
4402 4. 96.
4403 4. 96.
4404 4. 96.
4405 4. 96.
4406 4. 96.
4407 4. 96.
4408 4. 96.
4409 3. 97.
4410 3. 97.
4411 3. 97.
4412 3. 97.
4413 3. 97.
4414 3. 97.
4415 3. 97.
4416 3. 97.
4417 3. 97.
4418 3. 97.
4419 3. 97.
4420 3. 97.
4421 3. 97.
4422 3. 97.
4423 3. 97.
4424 3. 97.
4425 3. 97.
4426 3. 97.
4427 3. 97.
4428 3. 97.
4429 3. 97.
4430 3. 97.
4431 3. 97.
4432 3. 97.
4433 3. 97.
4434 3. 97.
4435 3. 97.
4436 3. 97.
4437 3. 97.
4438 3. 97.
4439 3. 97.
4440 3. 97.
4441 3. 97.
4442 3. 97.
4443 3. 97.
4444 3. 97.
4445 3. 97.
4446 3. 97.
4447 3. 97.
4448 3. 97.
4449 3. 97.
4450 3. 97.
4451 3. 97.
4452 3. 97.
4453 3. 97.
4454 3. 97.
4455 3. 97.
4456 3. 97.
4457 3. 97.
4458 3. 97.
4459 3. 97.
4460 3. 97.
4461 3. 97.
4462 3. 97.
4463 3. 97.
4464 3. 97.
4465 3. 97.
4466 3. 97.
4467 3. 97.
4468 3. 97.
4469 3. 97.
4470 3. 97.
4471 3. 97.
4472 3. 97.
4473 3. 97.
4474 3. 97.
4475 3. 97.
4476 3. 97.
4477 3. 97.
4478 3. 97.
4479 3. 97.
4480 3. 97.
4481 3. 97.
4482 3. 97.
4483 3. 97.
4484 3. 97.
4485 3. 97.
4486 3. 97.
4487 3. 97.
4488 3. 97.
4489 3. 97.
4490 3. 97.
4491 3. 97.
4492 3. 97.
4493 3. 97.
4494 3. 97.
4495 3. 97.
4496 3. 97.
4497 3. 97.
4498 3. 97.
4499 4. 96.
4500 4. 96.
4501 4. 96.
4502 4. 96.
4503 4. 96.
4504 4. 96.
4505 4. 96.
4506 4. 96.
4507 4. 96.
4508 4. 96.
4509 4. 96.
4510 4. 96.
4511 4. 96.
4512 4. 96.
4513 4. 96.
4514 4. 96.
4515 4. 96.
4516 4. 96.
4517 3. 97.
4518 3. 97.
4519 3. 97.
4520 3. 97.
4521 3. 97.
4522 3. 97.
4523 3. 97.
4524 3. 97.
4525 3. 97.
4526 3. 97.
4527 3. 97.
4528 2. 98.
4529 2. 98.
4530 2. 98.
4531 2. 98.
4532 2. 98.
4533 2. 98.
4534 2. 98.
4535 2. 98.
4536 2. 98.
4537 2. 98.
4538 2. 98.
4539 2. 98.
4540 2. 98.
4541 2. 98.
4542 2. 98.
4543 2. 98.
4544 2. 98.
4545 2. 98.
4546 2. 98.
4547 2. 98.
4548 2. 98.
4549 2. 98.
4550 2. 98.
4551 2. 98.
4552 2. 98.
4553 2. 98.
4554 2. 98.
4555 2. 98.
4556 2. 98.
4557 2. 98.
4558 2. 98.
4559 2. 98.
4560 2. 98.
4561 2. 98.
4562 2. 98.
4563 2. 98.
4564 2. 98.
4565 2. 98.
4566 2. 98.
4567 2. 98.
4568 2. 98.
4569 2. 98.
4570 2. 98.
4571 2. 98.
4572 2. 98.
4573 2. 98.
4574 2. 98.
4575 2. 98.
4576 2. 98.
4577 2. 98.
4578 2. 98.
4579 2. 98.
4580 2. 98.
4581 2. 98.
4582 2. 98.
4583 2. 98.
4584 2. 98.
4585 2. 98.
4586 2. 98.
4587 2. 98.
4588 2. 98.
4589 2. 98.
4590 2. 98.
4591 2. 98.
4592 2. 98.
4593 2. 98.
4594 2. 98.
4595 2. 98.
4596 2. 98.
4597 2. 98.
4598 2. 98.
4599 2. 98.
4600 2. 98.
4601 2. 98.
4602 2. 98.
4603 2. 98.
4604 2. 98.
4605 2. 98.
4606 2. 98.
4607 2. 98.
4608 2. 98.
4609 2. 98.
4610 2. 98.
4611 2. 98.
4612 2. 98.
4613 2. 98.
4614 2. 98.
4615 2. 98.
4616 2. 98.
4617 2. 98.
4618 2. 98.
4619 2. 98.
4620 2. 98.
4621 2. 98.
4622 2. 98.
4623 2. 98.
4624 2. 98.
4625 3. 97.
4626 3. 97.
4627 3. 97.
4628 3. 97.
4629 3. 97.
4630 3. 97.
4631 3. 97.
4632 3. 97.
4633 3. 97.
4634 3. 97.
4635 3. 97.
4636 3. 97.
4637 3. 97.
4638 3. 97.
4639 3. 97.
4640 3. 97.
4641 3. 97.
4642 3. 97.
4643 3. 97.
4644 3. 97.
4645 3. 97.
4646 3. 97.
4647 4. 96.
4648 4. 96.
4649 4. 96.
4650 4. 96.
4651 4. 96.
4652 4. 96.
4653 4. 96.
4654 4. 96.
4655 4. 96.
4656 4. 96.
4657 4. 96.
4658 4. 96.
4659 4. 96.
4660 4. 96.
4661 4. 96.
4662 4. 96.
4663 4. 96.
4664 4. 96.
4665 4. 96.
4666 4. 96.
4667 4. 96.
4668 4. 96.
4669 4. 96.
4670 4. 96.
4671 4. 96.
4672 4. 96.
4673 4. 96.
4674 4. 96.
4675 4. 96.
4676 4. 96.
4677 4. 96.
4678 4. 96.
4679 4. 96.
4680 4. 96.
4681 4. 96.
4682 4. 96.
4683 4. 96.
4684 4. 96.
4685 3. 97.
4686 3. 97.
4687 3. 97.
4688 3. 97.
4689 3. 97.
4690 3. 97.
4691 3. 97.
4692 3. 97.
4693 3. 97.
4694 3. 97.
4695 3. 97.
4696 3. 97.
4697 3. 97.
4698 3. 97.
4699 3. 97.
4700 3. 97.
4701 3. 97.
4702 3. 97.
4703 3. 97.
4704 3. 97.
4705 3. 97.
4706 3. 97.
4707 3. 97.
4708 3. 97.
4709 3. 97.
4710 3. 97.
4711 3. 97.
4712 3. 97.
4713 3. 97.
4714 3. 97.
4715 3. 97.
4716 3. 97.
4717 3. 97.
4718 3. 97.
4719 3. 97.
4720 3. 97.
4721 3. 97.
4722 3. 97.
4723 3. 97.
4724 3. 97.
4725 3. 97.
4726 3. 97.
4727 3. 97.
4728 3. 97.
4729 3. 97.
4730 3. 97.
4731 3. 97.
4732 3. 97.
4733 3. 97.
4734 3. 97.
4735 3. 97.
4736 3. 97.
4737 3. 97.
4738 3. 97.
4739 3. 97.
4740 3. 97.
4741 3. 97.
4742 3. 97.
4743 3. 97.
4744 3. 97.
4745 3. 97.
4746 3. 97.
4747 3. 97.
4748 3. 97.
4749 3. 97.
4750 3. 97.
4751 3. 97.
4752 3. 97.
4753 3. 97.
4754 3. 97.
4755 3. 97.
4756 3. 97.
4757 3. 97.
4758 3. 97.
4759 4. 96.
4760 4. 96.
4761 4. 96.
4762 4. 96.
4763 4. 96.
4764 4. 96.
4765 4. 96.
4766 4. 96.
4767 4. 96.
4768 4. 96.
4769 4. 96.
4770 4. 96.
4771 4. 96.
4772 4. 96.
4773 4. 96.
4774 4. 96.
4775 4. 96.
4776 4. 96.
4777 4. 96.
4778 4. 96.
4779 4. 96.
4780 4. 96.
4781 4. 96.
4782 4. 96.
4783 4. 96.
4784 4. 96.
4785 4. 96.
4786 4. 96.
4787 4. 96.
4788 4. 96.
4789 4. 96.
4790 4. 96.
4791 4. 96.
4792 4. 96.
4793 4. 96.
4794 4. 96.
4795 4. 96.
4796 4. 96.
4797 4. 96.
4798 4. 96.
4799 4. 96.
4800 4. 96.
4801 4. 96.
4802 4. 96.
4803 4. 96.
4804 4. 96.
4805 4. 96.
4806 4. 96.
4807 4. 96.
4808 4. 96.
4809 4. 96.
4810 4. 96.
4811 4. 96.
4812 4. 96.
4813 4. 96.
4814 4. 96.
4815 4. 96.
4816 4. 96.
4817 4. 96.
4818 4. 96.
4819 4. 96.
4820 4. 96.
4821 4. 96.
4822 4. 96.
4823 4. 96.
4824 4. 96.
4825 4. 96.
4826 4. 96.
4827 4. 96.
4828 4. 96.
4829 4. 96.
4830 4. 96.
4831 4. 96.
4832 4. 96.
4833 4. 96.
4834 4. 96.
4835 4. 96.
4836 4. 96.
4837 4. 96.
4838 4. 96.
4839 5. 95.
4840 5. 95.
4841 5. 95.
4842 5. 95.
4843 5. 95.
4844 6. 94.
4845 7. 93.
4846 7. 93.
4847 7. 93.
4848 7. 93.
4849 7. 93.
4850 7. 93.
4851 7. 93.
4852 7. 93.
4853 7. 93.
4854 7. 93.
4855 7. 93.
4856 7. 93.
4857 7. 93.
4858 7. 93.
4859 7. 93.
4860 6. 94.
4861 6. 94.
4862 6. 94.
4863 6. 94.
4864 6. 94.
4865 6. 94.
4866 6. 94.
4867 6. 94.
4868 6. 94.
4869 6. 94.
4870 6. 94.
4871 6. 94.
4872 6. 94.
4873 6. 94.
4874 6. 94.
4875 6. 94.
4876 6. 94.
4877 6. 94.
4878 6. 94.
4879 6. 94.
4880 7. 93.
4881 7. 93.
4882 7. 93.
4883 7. 93.
4884 7. 93.
4885 7. 93.
4886 7. 93.
4887 7. 93.
4888 7. 93.
4889 7. 93.
4890 7. 93.
4891 7. 93.
4892 8. 92.
4893 8. 92.
4894 7. 93.
4895 7. 93.
4896 7. 93.
4897 7. 93.
4898 7. 93.
4899 7. 93.
4900 7. 93.
4901 7. 93.
4902 7. 93.
4903 7. 93.
4904 8. 92.
4905 8. 92.
4906 8. 92.
4907 8. 92.
4908 8. 92.
4909 7. 93.
4910 7. 93.
4911 7. 93.
4912 7. 93.
4913 7. 93.
4914 8. 92.
4915 8. 92.
4916 8. 92.
4917 8. 92.
4918 8. 92.
4919 8. 92.
4920 8. 92.
4921 8. 92.
4922 8. 92.
4923 8. 92.
4924 8. 92.
4925 8. 92.
4926 8. 92.
4927 8. 92.
4928 8. 92.
4929 8. 92.
4930 8. 92.
4931 8. 92.
4932 8. 92.
4933 8. 92.
4934 8. 92.
4935 8. 92.
4936 8. 92.
4937 7. 93.
4938 7. 93.
4939 7. 93.
4940 7. 93.
4941 7. 93.
4942 7. 93.
4943 7. 93.
4944 7. 93.
4945 7. 93.
4946 7. 93.
4947 7. 93.
4948 7. 93.
4949 7. 93.
4950 7. 93.
4951 7. 93.
4952 7. 93.
4953 7. 93.
4954 7. 93.
4955 7. 93.
4956 7. 93.
4957 7. 93.
4958 7. 93.
4959 7. 93.
4960 7. 93.
4961 7. 93.
4962 7. 93.
4963 7. 93.
4964 7. 93.
4965 7. 93.
4966 7. 93.
4967 7. 93.
4968 7. 93.
4969 7. 93.
4970 7. 93.
4971 7. 93.
4972 7. 93.
4973 7. 93.
4974 7. 93.
4975 7. 93.
4976 7. 93.
4977 7. 93.
4978 6. 94.
4979 6. 94.
4980 6. 94.
4981 6. 94.
4982 6. 94.
4983 5. 95.
4984 5. 95.
4985 5. 95.
4986 5. 95.
4987 5. 95.
4988 5. 95.
4989 5. 95.
4990 5. 95.
4991 5. 95.
4992 5. 95.
4993 5. 95.
4994 5. 95.
4995 5. 95.
4996 5. 95.
4997 5. 95.
4998 5. 95.
4999 5. 95.
5000 5. 95.
5001 5. 95.
5002 5. 95.
5003 5. 95.
5004 5. 95.
5005 5. 95.
5006 5. 95.
5007 5. 95.
5008 5. 95.
5009 5. 95.
5010 5. 95.
5011 5. 95.
5012 5. 95.
5013 6. 94.
5014 6. 94.
5015 6. 94.
5016 6. 94.
5017 6. 94.
5018 6. 94.
5019 6. 94.
5020 6. 94.
5021 6. 94.
5022 6. 94.
5023 6. 94.
5024 6. 94.
5025 7. 93.
5026 7. 93.
5027 7. 93.
5028 7. 93.
5029 6. 94.
5030 6. 94.
5031 6. 94.
5032 6. 94.
5033 6. 94.
5034 6. 94.
5035 6. 94.
5036 6. 94.
5037 6. 94.
5038 6. 94.
5039 6. 94.
5040 6. 94.
5041 6. 94.
5042 6. 94.
5043 6. 94.
5044 6. 94.
5045 6. 94.
5046 6. 94.
5047 6. 94.
5048 6. 94.
5049 6. 94.
5050 6. 94.
5051 6. 94.
5052 6. 94.
5053 6. 94.
5054 6. 94.
5055 6. 94.
5056 6. 94.
5057 6. 94.
5058 6. 94.
5059 6. 94.
5060 6. 94.
5061 6. 94.
5062 6. 94.
5063 6. 94.
5064 6. 94.
5065 6. 94.
5066 6. 94.
5067 6. 94.
5068 6. 94.
5069 6. 94.
5070 6. 94.
5071 6. 94.
5072 6. 94.
5073 6. 94.
5074 7. 93.
5075 7. 93.
5076 7. 93.
5077 7. 93.
5078 7. 93.
5079 7. 93.
5080 7. 93.
5081 7. 93.
5082 7. 93.
5083 7. 93.
5084 7. 93.
5085 7. 93.
5086 7. 93.
5087 7. 93.
5088 7. 93.
5089 7. 93.
5090 7. 93.
5091 7. 93.
5092 7. 93.
5093 7. 93.
5094 8. 92.
5095 8. 92.
5096 8. 92.
5097 9. 91.
5098 8. 92.
5099 8. 92.
5100 8. 92.
5101 8. 92.
5102 8. 92.
5103 8. 92.
5104 7. 93.
5105 7. 93.
5106 7. 93.
5107 7. 93.
5108 7. 93.
5109 7. 93.
5110 7. 93.
5111 7. 93.
5112 7. 93.
5113 7. 93.
5114 7. 93.
5115 6. 94.
5116 6. 94.
5117 6. 94.
5118 6. 94.
5119 6. 94.
5120 6. 94.
5121 6. 94.
5122 6. 94.
5123 6. 94.
5124 6. 94.
5125 5. 95.
5126 5. 95.
5127 5. 95.
5128 5. 95.
5129 5. 95.
5130 5. 95.
5131 5. 95.
5132 5. 95.
5133 5. 95.
5134 5. 95.
5135 5. 95.
5136 5. 95.
5137 5. 95.
5138 5. 95.
5139 5. 95.
5140 5. 95.
5141 5. 95.
5142 5. 95.
5143 5. 95.
5144 5. 95.
5145 5. 95.
5146 5. 95.
5147 5. 95.
5148 5. 95.
5149 5. 95.
5150 5. 95.
5151 5. 95.
5152 5. 95.
5153 5. 95.
5154 5. 95.
5155 5. 95.
5156 5. 95.
5157 5. 95.
5158 5. 95.
5159 6. 94.
5160 6. 94.
5161 6. 94.
5162 6. 94.
5163 6. 94.
5164 6. 94.
5165 6. 94.
5166 6. 94.
5167 6. 94.
5168 6. 94.
5169 6. 94.
5170 6. 94.
5171 6. 94.
5172 5. 95.
5173 5. 95.
5174 5. 95.
5175 5. 95.
5176 5. 95.
5177 5. 95.
5178 5. 95.
5179 5. 95.
5180 5. 95.
5181 5. 95.
5182 5. 95.
5183 5. 95.
5184 5. 95.
5185 5. 95.
5186 6. 94.
5187 6. 94.
5188 6. 94.
5189 6. 94.
5190 6. 94.
5191 6. 94.
5192 6. 94.
5193 6. 94.
5194 6. 94.
5195 6. 94.
5196 6. 94.
5197 6. 94.
5198 6. 94.
5199 7. 93.
5200 7. 93.
5201 7. 93.
5202 7. 93.
5203 7. 93.
5204 7. 93.
5205 7. 93.
5206 7. 93.
5207 7. 93.
5208 7. 93.
5209 7. 93.
5210 7. 93.
5211 7. 93.
5212 7. 93.
5213 7. 93.
5214 7. 93.
5215 6. 94.
5216 6. 94.
5217 6. 94.
5218 6. 94.
5219 6. 94.
5220 6. 94.
5221 6. 94.
5222 6. 94.
5223 6. 94.
5224 6. 94.
5225 6. 94.
5226 6. 94.
5227 6. 94.
5228 6. 94.
5229 6. 94.
5230 6. 94.
5231 6. 94.
5232 6. 94.
5233 6. 94.
5234 6. 94.
5235 6. 94.
5236 6. 94.
5237 6. 94.
5238 6. 94.
5239 6. 94.
5240 6. 94.
5241 6. 94.
5242 6. 94.
5243 6. 94.
5244 6. 94.
5245 6. 94.
5246 6. 94.
5247 6. 94.
5248 6. 94.
5249 6. 94.
5250 6. 94.
5251 5. 95.
5252 5. 95.
5253 5. 95.
5254 5. 95.
5255 5. 95.
5256 5. 95.
5257 5. 95.
5258 5. 95.
5259 5. 95.
5260 5. 95.
5261 5. 95.
5262 5. 95.
5263 5. 95.
5264 5. 95.
5265 5. 95.
5266 5. 95.
5267 5. 95.
5268 5. 95.
5269 5. 95.
5270 5. 95.
5271 6. 94.
5272 6. 94.
5273 6. 94.
5274 6. 94.
5275 6. 94.
5276 6. 94.
5277 6. 94.
5278 6. 94.
5279 6. 94.
5280 6. 94.
5281 6. 94.
5282 7. 93.
5283 7. 93.
5284 7. 93.
5285 7. 93.
5286 7. 93.
5287 7. 93.
5288 7. 93.
5289 7. 93.
5290 7. 93.
5291 7. 93.
5292 7. 93.
5293 7. 93.
5294 7. 93.
5295 7. 93.
5296 7. 93.
5297 7. 93.
5298 7. 93.
5299 7. 93.
5300 7. 93.
5301 7. 93.
5302 7. 93.
5303 7. 93.
5304 8. 92.
5305 8. 92.
5306 8. 92.
5307 8. 92.
5308 8. 92.
5309 8. 92.
5310 8. 92.
5311 8. 92.
5312 7. 93.
5313 7. 93.
5314 7. 93.
5315 7. 93.
5316 7. 93.
5317 8. 92.
5318 8. 92.
5319 8. 92.
5320 8. 92.
5321 8. 92.
5322 8. 92.
5323 8. 92.
5324 8. 92.
5325 8. 92.
5326 8. 92.
5327 8. 92.
5328 8. 92.
5329 8. 92.
5330 8. 92.
5331 8. 92.
5332 8. 92.
5333 8. 92.
5334 8. 92.
5335 8. 92.
5336 8. 92.
5337 8. 92.
5338 8. 92.
5339 8. 92.
5340 8. 92.
5341 8. 92.
5342 8. 92.
5343 8. 92.
5344 8. 92.
5345 8. 92.
5346 8. 92.
5347 8. 92.
5348 8. 92.
5349 8. 92.
5350 8. 92.
5351 8. 92.
5352 8. 92.
5353 8. 92.
5354 9. 91.
5355 9. 91.
5356 9. 91.
5357 9. 91.
5358 9. 91.
5359 9. 91.
5360 9. 91.
5361 9. 91.
5362 9. 91.
5363 9. 91.
5364 9. 91.
5365 9. 91.
5366 9. 91.
5367 8. 92.
5368 8. 92.
5369 8. 92.
5370 8. 92.
5371 8. 92.
5372 9. 91.
5373 9. 91.
5374 9. 91.
5375 10. 90.
5376 10. 90.
5377 10. 90.
5378 10. 90.
5379 10. 90.
5380 10. 90.
5381 10. 90.
5382 11. 89.
5383 11. 89.
5384 11. 89.
5385 11. 89.
5386 11. 89.
5387 11. 89.
5388 12. 88.
5389 12. 88.
5390 12. 88.
5391 12. 88.
5392 12. 88.
5393 12. 88.
5394 12. 88.
5395 12. 88.
5396 12. 88.
5397 12. 88.
5398 12. 88.
5399 12. 88.
5400 12. 88.
5401 11. 89.
5402 11. 89.
5403 11. 89.
5404 11. 89.
5405 11. 89.
5406 11. 89.
5407 10. 90.
5408 10. 90.
5409 10. 90.
5410 10. 90.
5411 10. 90.
5412 10. 90.
5413 10. 90.
5414 10. 90.
5415 10. 90.
5416 10. 90.
5417 10. 90.
5418 10. 90.
5419 9. 91.
5420 9. 91.
5421 8. 92.
5422 8. 92.
5423 8. 92.
5424 8. 92.
5425 8. 92.
5426 8. 92.
5427 8. 92.
5428 7. 93.
5429 7. 93.
5430 7. 93.
5431 7. 93.
5432 7. 93.
5433 7. 93.
5434 7. 93.
5435 7. 93.
5436 7. 93.
5437 7. 93.
5438 7. 93.
5439 7. 93.
5440 8. 92.
5441 8. 92.
5442 8. 92.
5443 8. 92.
5444 8. 92.
5445 8. 92.
5446 8. 92.
5447 8. 92.
5448 8. 92.
5449 9. 91.
5450 9. 91.
5451 9. 91.
5452 9. 91.
5453 9. 91.
5454 9. 91.
5455 9. 91.
5456 9. 91.
5457 9. 91.
5458 9. 91.
5459 9. 91.
5460 9. 91.
5461 9. 91.
5462 9. 91.
5463 9. 91.
5464 9. 91.
5465 9. 91.
5466 9. 91.
5467 9. 91.
5468 9. 91.
5469 9. 91.
5470 9. 91.
5471 9. 91.
5472 9. 91.
5473 9. 91.
5474 9. 91.
5475 9. 91.
5476 9. 91.
5477 9. 91.
5478 9. 91.
5479 9. 91.
5480 9. 91.
5481 9. 91.
5482 9. 91.
5483 8. 92.
5484 7. 93.
5485 7. 93.
5486 7. 93.
5487 8. 92.
5488 8. 92.
5489 8. 92.
5490 8. 92.
5491 8. 92.
5492 8. 92.
5493 8. 92.
5494 8. 92.
5495 8. 92.
5496 8. 92.
5497 8. 92.
5498 8. 92.
5499 8. 92.
5500 8. 92.
5501 8. 92.
5502 8. 92.
5503 8. 92.
5504 8. 92.
5505 8. 92.
5506 8. 92.
5507 8. 92.
5508 8. 92.
5509 8. 92.
5510 9. 91.
5511 9. 91.
5512 9. 91.
5513 9. 91.
5514 9. 91.
5515 9. 91.
5516 9. 91.
5517 9. 91.
5518 9. 91.
5519 9. 91.
5520 9. 91.
5521 9. 91.
5522 9. 91.
5523 9. 91.
5524 9. 91.
5525 9. 91.
5526 9. 91.
5527 9. 91.
5528 9. 91.
5529 9. 91.
5530 9. 91.
5531 9. 91.
5532 9. 91.
5533 9. 91.
5534 9. 91.
5535 9. 91.
5536 9. 91.
5537 9. 91.
5538 9. 91.
5539 9. 91.
5540 9. 91.
5541 8. 92.
5542 8. 92.
5543 9. 91.
5544 9. 91.
5545 9. 91.
5546 9. 91.
5547 9. 91.
5548 9. 91.
5549 10. 90.
5550 9. 91.
5551 9. 91.
5552 9. 91.
5553 9. 91.
5554 9. 91.
5555 9. 91.
5556 9. 91.
5557 9. 91.
5558 9. 91.
5559 8. 92.
5560 8. 92.
5561 8. 92.
5562 8. 92.
5563 8. 92.
5564 8. 92.
5565 8. 92.
5566 8. 92.
5567 8. 92.
5568 8. 92.
5569 8. 92.
5570 8. 92.
5571 8. 92.
5572 8. 92.
5573 8. 92.
5574 9. 91.
5575 9. 91.
5576 9. 91.
5577 9. 91.
5578 10. 90.
5579 10. 90.
5580 10. 90.
5581 10. 90.
5582 10. 90.
5583 10. 90.
5584 10. 90.
5585 10. 90.
5586 9. 91.
5587 9. 91.
5588 9. 91.
5589 9. 91.
5590 9. 91.
5591 9. 91.
5592 9. 91.
5593 9. 91.
5594 9. 91.
5595 9. 91.
5596 9. 91.
5597 9. 91.
5598 9. 91.
5599 9. 91.
5600 9. 91.
5601 9. 91.
5602 8. 92.
5603 8. 92.
5604 8. 92.
5605 8. 92.
5606 8. 92.
5607 8. 92.
5608 8. 92.
5609 8. 92.
5610 8. 92.
5611 8. 92.
5612 8. 92.
5613 8. 92.
5614 8. 92.
5615 8. 92.
5616 8. 92.
5617 8. 92.
5618 8. 92.
5619 8. 92.
5620 8. 92.
5621 8. 92.
5622 8. 92.
5623 8. 92.
5624 8. 92.
5625 8. 92.
5626 8. 92.
5627 8. 92.
5628 8. 92.
5629 8. 92.
5630 8. 92.
5631 7. 93.
5632 7. 93.
5633 7. 93.
5634 7. 93.
5635 7. 93.
5636 7. 93.
5637 7. 93.
5638 7. 93.
5639 7. 93.
5640 7. 93.
5641 7. 93.
5642 7. 93.
5643 7. 93.
5644 7. 93.
5645 7. 93.
5646 7. 93.
5647 7. 93.
5648 7. 93.
5649 7. 93.
5650 7. 93.
5651 7. 93.
5652 7. 93.
5653 7. 93.
5654 7. 93.
5655 7. 93.
5656 7. 93.
5657 7. 93.
5658 7. 93.
5659 7. 93.
5660 7. 93.
5661 7. 93.
5662 7. 93.
5663 7. 93.
5664 7. 93.
5665 7. 93.
5666 8. 92.
5667 8. 92.
5668 8. 92.
5669 8. 92.
5670 8. 92.
5671 8. 92.
5672 8. 92.
5673 8. 92.
5674 8. 92.
5675 8. 92.
5676 8. 92.
5677 8. 92.
5678 8. 92.
5679 8. 92.
5680 8. 92.
5681 8. 92.
5682 8. 92.
5683 8. 92.
5684 8. 92.
5685 8. 92.
5686 8. 92.
5687 8. 92.
5688 8. 92.
5689 8. 92.
5690 8. 92.
5691 7. 93.
5692 7. 93.
5693 7. 93.
5694 7. 93.
5695 7. 93.
5696 8. 92.
5697 8. 92.
5698 8. 92.
5699 8. 92.
5700 8. 92.
5701 8. 92.
5702 8. 92.
5703 8. 92.
5704 8. 92.
5705 8. 92.
5706 8. 92.
5707 8. 92.
5708 8. 92.
5709 8. 92.
5710 8. 92.
5711 8. 92.
5712 8. 92.
5713 8. 92.
5714 8. 92.
5715 8. 92.
5716 8. 92.
5717 8. 92.
5718 8. 92.
5719 8. 92.
5720 8. 92.
5721 8. 92.
5722 8. 92.
5723 8. 92.
5724 7. 93.
5725 7. 93.
5726 7. 93.
5727 7. 93.
5728 7. 93.
5729 7. 93.
5730 6. 94.
5731 6. 94.
5732 6. 94.
5733 6. 94.
5734 6. 94.
5735 6. 94.
5736 6. 94.
5737 6. 94.
5738 6. 94.
5739 6. 94.
5740 6. 94.
5741 6. 94.
5742 6. 94.
5743 6. 94.
5744 6. 94.
5745 6. 94.
5746 6. 94.
5747 6. 94.
5748 6. 94.
5749 6. 94.
5750 6. 94.
5751 6. 94.
5752 6. 94.
5753 6. 94.
5754 6. 94.
5755 6. 94.
5756 6. 94.
5757 6. 94.
5758 6. 94.
5759 5. 95.
5760 5. 95.
5761 5. 95.
5762 5. 95.
5763 5. 95.
5764 5. 95.
5765 5. 95.
5766 5. 95.
5767 5. 95.
5768 5. 95.
5769 5. 95.
5770 5. 95.
5771 5. 95.
5772 5. 95.
5773 5. 95.
5774 5. 95.
5775 5. 95.
5776 5. 95.
5777 5. 95.
5778 5. 95.
5779 5. 95.
5780 5. 95.
5781 5. 95.
5782 5. 95.
5783 5. 95.
5784 5. 95.
5785 5. 95.
5786 5. 95.
5787 5. 95.
5788 5. 95.
5789 5. 95.
5790 5. 95.
5791 5. 95.
5792 5. 95.
5793 5. 95.
5794 5. 95.
5795 5. 95.
5796 5. 95.
5797 5. 95.
5798 5. 95.
5799 5. 95.
5800 5. 95.
5801 5. 95.
5802 5. 95.
5803 5. 95.
5804 5. 95.
5805 5. 95.
5806 6. 94.
5807 7. 93.
5808 6. 94.
5809 6. 94.
5810 6. 94.
5811 6. 94.
5812 6. 94.
5813 7. 93.
5814 7. 93.
5815 7. 93.
5816 7. 93.
5817 7. 93.
5818 7. 93.
5819 7. 93.
5820 7. 93.
5821 7. 93.
5822 7. 93.
5823 7. 93.
5824 7. 93.
5825 7. 93.
5826 7. 93.
5827 7. 93.
5828 7. 93.
5829 7. 93.
5830 7. 93.
5831 6. 94.
5832 6. 94.
5833 6. 94.
5834 6. 94.
5835 6. 94.
5836 6. 94.
5837 6. 94.
5838 6. 94.
5839 6. 94.
5840 6. 94.
5841 6. 94.
5842 6. 94.
5843 6. 94.
5844 6. 94.
5845 6. 94.
5846 6. 94.
5847 6. 94.
5848 6. 94.
5849 6. 94.
5850 6. 94.
5851 6. 94.
5852 6. 94.
5853 6. 94.
5854 6. 94.
5855 6. 94.
5856 6. 94.
5857 6. 94.
5858 6. 94.
5859 6. 94.
5860 6. 94.
5861 6. 94.
5862 7. 93.
5863 7. 93.
5864 7. 93.
5865 7. 93.
5866 7. 93.
5867 7. 93.
5868 7. 93.
5869 7. 93.
5870 7. 93.
5871 7. 93.
5872 7. 93.
5873 7. 93.
5874 7. 93.
5875 7. 93.
5876 7. 93.
5877 7. 93.
5878 7. 93.
5879 7. 93.
5880 7. 93.
5881 7. 93.
5882 7. 93.
5883 7. 93.
5884 7. 93.
5885 8. 92.
5886 8. 92.
5887 8. 92.
5888 8. 92.
5889 8. 92.
5890 8. 92.
5891 8. 92.
5892 8. 92.
5893 8. 92.
5894 8. 92.
5895 8. 92.
5896 8. 92.
5897 8. 92.
5898 8. 92.
5899 8. 92.
5900 8. 92.
5901 8. 92.
5902 8. 92.
5903 8. 92.
5904 8. 92.
5905 8. 92.
5906 8. 92.
5907 8. 92.
5908 8. 92.
5909 8. 92.
5910 8. 92.
5911 8. 92.
5912 8. 92.
5913 8. 92.
5914 8. 92.
5915 8. 92.
5916 8. 92.
5917 8. 92.
5918 8. 92.
5919 8. 92.
5920 8. 92.
5921 8. 92.
5922 8. 92.
5923 8. 92.
5924 8. 92.
5925 8. 92.
5926 7. 93.
5927 7. 93.
5928 7. 93.
5929 7. 93.
5930 7. 93.
5931 7. 93.
5932 7. 93.
5933 7. 93.
5934 7. 93.
5935 8. 92.
5936 8. 92.
5937 8. 92.
5938 8. 92.
5939 8. 92.
5940 8. 92.
5941 8. 92.
5942 8. 92.
5943 8. 92.
5944 8. 92.
5945 8. 92.
5946 8. 92.
5947 8. 92.
5948 8. 92.
5949 8. 92.
5950 8. 92.
5951 8. 92.
5952 8. 92.
5953 8. 92.
5954 8. 92.
5955 8. 92.
5956 8. 92.
5957 8. 92.
5958 8. 92.
5959 8. 92.
5960 8. 92.
5961 7. 93.
5962 7. 93.
5963 7. 93.
5964 7. 93.
5965 7. 93.
5966 7. 93.
5967 7. 93.
5968 7. 93.
5969 7. 93.
5970 7. 93.
5971 7. 93.
5972 7. 93.
5973 7. 93.
5974 7. 93.
5975 7. 93.
5976 7. 93.
5977 7. 93.
5978 7. 93.
5979 7. 93.
5980 7. 93.
5981 7. 93.
5982 7. 93.
5983 7. 93.
5984 7. 93.
5985 7. 93.
5986 7. 93.
5987 7. 93.
5988 7. 93.
5989 8. 92.
5990 8. 92.
5991 9. 91.
5992 9. 91.
5993 9. 91.
5994 9. 91.
5995 9. 91.
5996 9. 91.
5997 8. 92.
5998 8. 92.
5999 8. 92.
6000 8. 92.
6001 8. 92.
6002 8. 92.
6003 8. 92.
6004 8. 92.
6005 8. 92.
6006 8. 92.
6007 8. 92.
6008 8. 92.
6009 8. 92.
6010 8. 92.
6011 8. 92.
6012 9. 91.
6013 9. 91.
6014 9. 91.
6015 9. 91.
6016 9. 91.
6017 9. 91.
6018 9. 91.
6019 9. 91.
6020 9. 91.
6021 9. 91.
6022 9. 91.
6023 9. 91.
6024 9. 91.
6025 9. 91.
6026 9. 91.
6027 9. 91.
6028 9. 91.
6029 9. 91.
6030 9. 91.
6031 9. 91.
6032 9. 91.
6033 9. 91.
6034 9. 91.
6035 9. 91.
6036 9. 91.
6037 9. 91.
6038 9. 91.
6039 9. 91.
6040 9. 91.
6041 9. 91.
6042 9. 91.
6043 9. 91.
6044 9. 91.
6045 9. 91.
6046 9. 91.
6047 9. 91.
6048 9. 91.
6049 9. 91.
6050 9. 91.
6051 9. 91.
6052 9. 91.
6053 9. 91.
6054 9. 91.
6055 9. 91.
6056 9. 91.
6057 9. 91.
6058 9. 91.
6059 9. 91.
6060 9. 91.
6061 9. 91.
6062 9. 91.
6063 9. 91.
6064 9. 91.
6065 9. 91.
6066 8. 92.
6067 8. 92.
6068 7. 93.
6069 7. 93.
6070 7. 93.
6071 7. 93.
6072 7. 93.
6073 7. 93.
6074 6. 94.
6075 6. 94.
6076 6. 94.
6077 6. 94.
6078 6. 94.
6079 6. 94.
6080 6. 94.
6081 7. 93.
6082 7. 93.
6083 7. 93.
6084 8. 92.
6085 8. 92.
6086 8. 92.
6087 8. 92.
6088 8. 92.
6089 8. 92.
6090 8. 92.
6091 8. 92.
6092 8. 92.
6093 8. 92.
6094 8. 92.
6095 8. 92.
6096 8. 92.
6097 8. 92.
6098 8. 92.
6099 8. 92.
6100 8. 92.
6101 8. 92.
6102 8. 92.
6103 8. 92.
6104 8. 92.
6105 8. 92.
6106 8. 92.
6107 9. 91.
6108 8. 92.
6109 8. 92.
6110 8. 92.
6111 8. 92.
6112 8. 92.
6113 8. 92.
6114 8. 92.
6115 8. 92.
6116 8. 92.
6117 8. 92.
6118 8. 92.
6119 8. 92.
6120 8. 92.
6121 8. 92.
6122 8. 92.
6123 8. 92.
6124 8. 92.
6125 8. 92.
6126 8. 92.
6127 8. 92.
6128 8. 92.
6129 8. 92.
6130 8. 92.
6131 8. 92.
6132 8. 92.
6133 8. 92.
6134 8. 92.
6135 8. 92.
6136 8. 92.
6137 8. 92.
6138 8. 92.
6139 8. 92.
6140 7. 93.
6141 7. 93.
6142 7. 93.
6143 7. 93.
6144 7. 93.
6145 7. 93.
6146 8. 92.
6147 8. 92.
6148 8. 92.
6149 8. 92.
6150 8. 92.
6151 8. 92.
6152 8. 92.
6153 8. 92.
6154 8. 92.
6155 8. 92.
6156 8. 92.
6157 8. 92.
6158 8. 92.
6159 8. 92.
6160 8. 92.
6161 8. 92.
6162 8. 92.
6163 8. 92.
6164 8. 92.
6165 8. 92.
6166 8. 92.
6167 8. 92.
6168 8. 92.
6169 8. 92.
6170 8. 92.
6171 8. 92.
6172 8. 92.
6173 8. 92.
6174 8. 92.
6175 8. 92.
6176 8. 92.
6177 8. 92.
6178 8. 92.
6179 8. 92.
6180 8. 92.
6181 8. 92.
6182 8. 92.
6183 8. 92.
6184 8. 92.
6185 8. 92.
6186 8. 92.
6187 8. 92.
6188 8. 92.
6189 8. 92.
6190 8. 92.
6191 8. 92.
6192 8. 92.
6193 8. 92.
6194 8. 92.
6195 8. 92.
6196 8. 92.
6197 8. 92.
6198 9. 91.
6199 9. 91.
6200 8. 92.
6201 8. 92.
6202 8. 92.
6203 8. 92.
6204 8. 92.
6205 8. 92.
6206 8. 92.
6207 8. 92.
6208 8. 92.
6209 8. 92.
6210 8. 92.
6211 8. 92.
6212 8. 92.
6213 8. 92.
6214 8. 92.
6215 8. 92.
6216 8. 92.
6217 8. 92.
6218 7. 93.
6219 7. 93.
6220 7. 93.
6221 7. 93.
6222 7. 93.
6223 7. 93.
6224 7. 93.
6225 7. 93.
6226 7. 93.
6227 7. 93.
6228 7. 93.
6229 7. 93.
6230 7. 93.
6231 7. 93.
6232 7. 93.
6233 7. 93.
6234 7. 93.
6235 7. 93.
6236 7. 93.
6237 7. 93.
6238 7. 93.
6239 7. 93.
6240 7. 93.
6241 7. 93.
6242 7. 93.
6243 7. 93.
6244 7. 93.
6245 7. 93.
6246 7. 93.
6247 7. 93.
6248 7. 93.
6249 7. 93.
6250 7. 93.
6251 7. 93.
6252 7. 93.
6253 7. 93.
6254 6. 94.
6255 6. 94.
6256 6. 94.
6257 6. 94.
6258 6. 94.
6259 6. 94.
6260 6. 94.
6261 6. 94.
6262 6. 94.
6263 6. 94.
6264 6. 94.
6265 6. 94.
6266 6. 94.
6267 6. 94.
6268 6. 94.
6269 6. 94.
6270 6. 94.
6271 6. 94.
6272 6. 94.
6273 6. 94.
6274 6. 94.
6275 5. 95.
6276 5. 95.
6277 5. 95.
6278 5. 95.
6279 5. 95.
6280 5. 95.
6281 6. 94.
6282 6. 94.
6283 6. 94.
6284 6. 94.
6285 6. 94.
6286 6. 94.
6287 6. 94.
6288 6. 94.
6289 6. 94.
6290 6. 94.
6291 6. 94.
6292 6. 94.
6293 5. 95.
6294 5. 95.
6295 5. 95.
6296 5. 95.
6297 5. 95.
6298 5. 95.
6299 5. 95.
6300 5. 95.
6301 5. 95.
6302 5. 95.
6303 5. 95.
6304 5. 95.
6305 5. 95.
6306 5. 95.
6307 5. 95.
6308 5. 95.
6309 5. 95.
6310 5. 95.
6311 5. 95.
6312 5. 95.
6313 5. 95.
6314 5. 95.
6315 5. 95.
6316 5. 95.
6317 5. 95.
6318 5. 95.
6319 5. 95.
6320 5. 95.
6321 5. 95.
6322 5. 95.
6323 5. 95.
6324 5. 95.
6325 5. 95.
6326 5. 95.
6327 5. 95.
6328 5. 95.
6329 5. 95.
6330 5. 95.
6331 5. 95.
6332 5. 95.
6333 5. 95.
6334 5. 95.
6335 5. 95.
6336 5. 95.
6337 5. 95.
6338 5. 95.
6339 5. 95.
6340 5. 95.
6341 5. 95.
6342 5. 95.
6343 5. 95.
6344 5. 95.
6345 5. 95.
6346 5. 95.
6347 6. 94.
6348 6. 94.
6349 6. 94.
6350 6. 94.
6351 6. 94.
6352 6. 94.
6353 6. 94.
6354 6. 94.
6355 6. 94.
6356 6. 94.
6357 6. 94.
6358 6. 94.
6359 7. 93.
6360 7. 93.
6361 7. 93.
6362 7. 93.
6363 7. 93.
6364 6. 94.
6365 6. 94.
6366 6. 94.
6367 6. 94.
6368 6. 94.
6369 6. 94.
6370 6. 94.
6371 6. 94.
6372 6. 94.
6373 6. 94.
6374 6. 94.
6375 6. 94.
6376 6. 94.
6377 6. 94.
6378 6. 94.
6379 6. 94.
6380 6. 94.
6381 6. 94.
6382 6. 94.
6383 6. 94.
6384 6. 94.
6385 6. 94.
6386 6. 94.
6387 6. 94.
6388 6. 94.
6389 6. 94.
6390 6. 94.
6391 6. 94.
6392 5. 95.
6393 5. 95.
6394 5. 95.
6395 5. 95.
6396 5. 95.
6397 5. 95.
6398 5. 95.
6399 5. 95.
6400 5. 95.
6401 5. 95.
6402 5. 95.
6403 5. 95.
6404 5. 95.
6405 5. 95.
6406 5. 95.
6407 5. 95.
6408 5. 95.
6409 5. 95.
6410 5. 95.
6411 5. 95.
6412 5. 95.
6413 5. 95.
6414 5. 95.
6415 5. 95.
6416 5. 95.
6417 5. 95.
6418 5. 95.
6419 5. 95.
6420 5. 95.
6421 5. 95.
6422 4. 96.
6423 4. 96.
6424 4. 96.
6425 4. 96.
6426 4. 96.
6427 4. 96.
6428 4. 96.
6429 4. 96.
6430 4. 96.
6431 4. 96.
6432 4. 96.
6433 4. 96.
6434 3. 97.
6435 3. 97.
6436 3. 97.
6437 3. 97.
6438 3. 97.
6439 3. 97.
6440 3. 97.
6441 3. 97.
6442 3. 97.
6443 3. 97.
6444 3. 97.
6445 3. 97.
6446 3. 97.
6447 3. 97.
6448 3. 97.
6449 3. 97.
6450 3. 97.
6451 3. 97.
6452 3. 97.
6453 2. 98.
6454 2. 98.
6455 2. 98.
6456 2. 98.
6457 2. 98.
6458 2. 98.
6459 2. 98.
6460 1. 99.
6461 1. 99.
