0 22. 78.
1 22. 78.
2 22. 78.
3 23. 77.
4 23. 77.
5 24. 76.
6 25. 75.
7 26. 74.
8 26. 74.
9 26. 74.
10 26. 74.
11 26. 74.
12 26. 74.
13 26. 74.
14 25. 75.
15 25. 75.
16 25. 75.
17 25. 75.
18 25. 75.
19 24. 76.
20 24. 76.
21 24. 76.
22 24. 76.
23 25. 75.
24 25. 75.
25 24. 76.
26 23. 77.
27 23. 77.
28 24. 76.
29 24. 76.
30 25. 75.
31 25. 75.
32 25. 75.
33 25. 75.
34 26. 74.
35 25. 75.
36 25. 75.
37 25. 75.
38 25. 75.
39 25. 75.
40 25. 75.
41 25. 75.
42 24. 76.
43 24. 76.
44 23. 77.
45 23. 77.
46 23. 77.
47 23. 77.
48 23. 77.
49 23. 77.
50 23. 77.
51 23. 77.
52 23. 77.
53 23. 77.
54 23. 77.
55 23. 77.
56 23. 77.
57 23. 77.
58 23. 77.
59 23. 77.
60 23. 77.
61 24. 76.
62 24. 76.
63 25. 75.
64 25. 75.
65 25. 75.
66 24. 76.
67 23. 77.
68 24. 76.
69 24. 76.
70 24. 76.
71 24. 76.
72 24. 76.
73 24. 76.
74 24. 76.
75 24. 76.
76 24. 76.
77 24. 76.
78 24. 76.
79 24. 76.
80 25. 75.
81 25. 75.
82 25. 75.
83 25. 75.
84 24. 76.
85 24. 76.
86 24. 76.
87 24. 76.
88 24. 76.
89 23. 77.
90 24. 76.
91 23. 77.
92 23. 77.
93 23. 77.
94 23. 77.
95 22. 78.
96 22. 78.
97 22. 78.
98 22. 78.
99 22. 78.
100 22. 78.
101 22. 78.
102 22. 78.
103 22. 78.
104 22. 78.
105 23. 77.
106 24. 76.
107 24. 76.
108 24. 76.
109 24. 76.
110 24. 76.
111 24. 76.
112 24. 76.
113 25. 75.
114 25. 75.
115 25. 75.
116 25. 75.
117 25. 75.
118 25. 75.
119 25. 75.
120 25. 75.
121 26. 74.
122 25. 75.
123 26. 74.
124 26. 74.
125 26. 74.
126 26. 74.
127 25. 75.
128 25. 75.
129 26. 74.
130 26. 74.
131 26. 74.
132 26. 74.
133 25. 75.
134 25. 75.
135 25. 75.
136 25. 75.
137 25. 75.
138 24. 76.
139 24. 76.
140 25. 75.
141 25. 75.
142 25. 75.
143 25. 75.
144 25. 75.
145 25. 75.
146 25. 75.
147 25. 75.
148 26. 74.
149 26. 74.
150 26. 74.
151 26. 74.
152 26. 74.
153 26. 74.
154 26. 74.
155 26. 74.
156 26. 74.
157 26. 74.
158 26. 74.
159 26. 74.
160 26. 74.
161 26. 74.
162 27. 73.
163 27. 73.
164 27. 73.
165 27. 73.
166 27. 73.
167 27. 73.
168 27. 73.
169 27. 73.
170 27. 73.
171 27. 73.
172 27. 73.
173 27. 73.
174 27. 73.
175 27. 73.
176 27. 73.
177 27. 73.
178 27. 73.
179 27. 73.
180 27. 73.
181 27. 73.
182 27. 73.
183 27. 73.
184 27. 73.
185 27. 73.
186 27. 73.
187 27. 73.
188 27. 73.
189 27. 73.
190 27. 73.
191 27. 73.
192 27. 73.
193 27. 73.
194 27. 73.
195 27. 73.
196 27. 73.
197 27. 73.
198 28. 72.
199 28. 72.
200 28. 72.
201 28. 72.
202 28. 72.
203 29. 71.
204 29. 71.
205 29. 71.
206 29. 71.
207 29. 71.
208 29. 71.
209 28. 72.
210 28. 72.
211 28. 72.
212 28. 72.
213 28. 72.
214 28. 72.
215 29. 71.
216 28. 72.
217 29. 71.
218 29. 71.
219 29. 71.
220 29. 71.
221 29. 71.
222 29. 71.
223 29. 71.
224 29. 71.
225 29. 71.
226 29. 71.
227 29. 71.
228 29. 71.
229 29. 71.
230 30. 70.
231 30. 70.
232 29. 71.
233 29. 71.
234 29. 71.
235 29. 71.
236 29. 71.
237 29. 71.
238 29. 71.
239 28. 72.
240 28. 72.
241 27. 73.
242 27. 73.
243 28. 72.
244 28. 72.
245 28. 72.
246 27. 73.
247 28. 72.
248 28. 72.
249 28. 72.
250 28. 72.
251 28. 72.
252 28. 72.
253 28. 72.
254 27. 73.
255 27. 73.
256 27. 73.
257 27. 73.
258 28. 72.
259 27. 73.
260 26. 74.
261 26. 74.
262 26. 74.
263 27. 73.
264 27. 73.
265 27. 73.
266 26. 74.
267 26. 74.
268 26. 74.
269 26. 74.
270 26. 74.
271 26. 74.
272 26. 74.
273 25. 75.
274 26. 74.
275 27. 73.
276 27. 73.
277 27. 73.
278 27. 73.
279 27. 73.
280 27. 73.
281 27. 73.
282 27. 73.
283 27. 73.
284 27. 73.
285 27. 73.
286 27. 73.
287 27. 73.
288 27. 73.
289 27. 73.
290 27. 73.
291 27. 73.
292 27. 73.
293 27. 73.
294 27. 73.
295 27. 73.
296 27. 73.
297 28. 72.
298 28. 72.
299 28. 72.
300 29. 71.
301 29. 71.
302 29. 71.
303 29. 71.
304 29. 71.
305 29. 71.
306 28. 72.
307 28. 72.
308 28. 72.
309 28. 72.
310 27. 73.
311 28. 72.
312 29. 71.
313 29. 71.
314 30. 70.
315 30. 70.
316 30. 70.
317 30. 70.
318 30. 70.
319 29. 71.
320 29. 71.
321 30. 70.
322 30. 70.
323 30. 70.
324 30. 70.
325 30. 70.
326 30. 70.
327 31. 69.
328 31. 69.
329 31. 69.
330 31. 69.
331 31. 69.
332 31. 69.
333 31. 69.
334 31. 69.
335 31. 69.
336 31. 69.
337 31. 69.
338 31. 69.
339 31. 69.
340 31. 69.
341 31. 69.
342 31. 69.
343 31. 69.
344 30. 70.
345 30. 70.
346 30. 70.
347 30. 70.
348 30. 70.
349 30. 70.
350 30. 70.
351 29. 71.
352 29. 71.
353 29. 71.
354 29. 71.
355 29. 71.
356 29. 71.
357 28. 72.
358 28. 72.
359 28. 72.
360 28. 72.
361 27. 73.
362 27. 73.
363 26. 74.
364 25. 75.
365 25. 75.
366 25. 75.
367 25. 75.
368 25. 75.
369 25. 75.
370 25. 75.
371 26. 74.
372 26. 74.
373 26. 74.
374 26. 74.
375 27. 73.
376 27. 73.
377 27. 73.
378 27. 73.
379 27. 73.
380 27. 73.
381 27. 73.
382 27. 73.
383 28. 72.
384 28. 72.
385 28. 72.
386 28. 72.
387 29. 71.
388 29. 71.
389 29. 71.
390 29. 71.
391 28. 72.
392 28. 72.
393 28. 72.
394 28. 72.
395 28. 72.
396 27. 73.
397 27. 73.
398 27. 73.
399 27. 73.
400 27. 73.
401 27. 73.
402 27. 73.
403 27. 73.
404 27. 73.
405 28. 72.
406 27. 73.
407 27. 73.
408 27. 73.
409 27. 73.
410 27. 73.
411 27. 73.
412 27. 73.
413 27. 73.
414 27. 73.
415 27. 73.
416 26. 74.
417 26. 74.
418 26. 74.
419 26. 74.
420 27. 73.
421 26. 74.
422 26. 74.
423 26. 74.
424 26. 74.
425 26. 74.
426 25. 75.
427 25. 75.
428 25. 75.
429 25. 75.
430 25. 75.
431 26. 74.
432 26. 74.
433 25. 75.
434 26. 74.
435 26. 74.
436 26. 74.
437 26. 74.
438 27. 73.
439 27. 73.
440 27. 73.
441 27. 73.
442 27. 73.
443 27. 73.
444 27. 73.
445 27. 73.
446 27. 73.
447 26. 74.
448 26. 74.
449 26. 74.
450 26. 74.
451 27. 73.
452 27. 73.
453 27. 73.
454 27. 73.
455 27. 73.
456 27. 73.
457 27. 73.
458 27. 73.
459 27. 73.
460 27. 73.
461 27. 73.
462 27. 73.
463 27. 73.
464 27. 73.
465 27. 73.
466 27. 73.
467 27. 73.
468 27. 73.
469 27. 73.
470 27. 73.
471 27. 73.
472 27. 73.
473 28. 72.
474 27. 73.
475 27. 73.
476 27. 73.
477 27. 73.
478 27. 73.
479 27. 73.
480 27. 73.
481 27. 73.
482 28. 72.
483 28. 72.
484 28. 72.
485 28. 72.
486 28. 72.
487 29. 71.
488 29. 71.
489 29. 71.
490 30. 70.
491 31. 69.
492 31. 69.
493 31. 69.
494 31. 69.
495 30. 70.
496 30. 70.
497 30. 70.
498 30. 70.
499 30. 70.
500 30. 70.
501 30. 70.
502 30. 70.
503 30. 70.
504 30. 70.
505 30. 70.
506 30. 70.
507 29. 71.
508 29. 71.
509 29. 71.
510 29. 71.
511 29. 71.
512 29. 71.
513 29. 71.
514 28. 72.
515 28. 72.
516 28. 72.
517 28. 72.
518 28. 72.
519 27. 73.
520 27. 73.
521 27. 73.
522 26. 74.
523 26. 74.
524 26. 74.
525 26. 74.
526 27. 73.
527 27. 73.
528 27. 73.
529 28. 72.
530 28. 72.
531 28. 72.
532 28. 72.
533 28. 72.
534 28. 72.
535 28. 72.
536 28. 72.
537 28. 72.
538 28. 72.
539 28. 72.
540 28. 72.
541 28. 72.
542 28. 72.
543 27. 73.
544 26. 74.
545 26. 74.
546 25. 75.
547 25. 75.
548 25. 75.
549 25. 75.
550 25. 75.
551 26. 74.
552 26. 74.
553 26. 74.
554 26. 74.
555 26. 74.
556 26. 74.
557 26. 74.
558 26. 74.
559 26. 74.
560 26. 74.
561 26. 74.
562 26. 74.
563 26. 74.
564 26. 74.
565 26. 74.
566 26. 74.
567 26. 74.
568 26. 74.
569 26. 74.
570 26. 74.
571 26. 74.
572 26. 74.
573 27. 73.
574 27. 73.
575 27. 73.
576 27. 73.
577 27. 73.
578 28. 72.
579 28. 72.
580 29. 71.
581 29. 71.
582 29. 71.
583 30. 70.
584 30. 70.
585 30. 70.
586 29. 71.
587 29. 71.
588 29. 71.
589 29. 71.
590 29. 71.
591 29. 71.
592 29. 71.
593 29. 71.
594 28. 72.
595 28. 72.
596 28. 72.
597 29. 71.
598 29. 71.
599 30. 70.
600 30. 70.
601 30. 70.
602 30. 70.
603 30. 70.
604 31. 69.
605 31. 69.
606 30. 70.
607 30. 70.
608 31. 69.
609 31. 69.
610 31. 69.
611 31. 69.
612 31. 69.
613 31. 69.
614 31. 69.
615 31. 69.
616 30. 70.
617 30. 70.
618 29. 71.
619 29. 71.
620 29. 71.
621 28. 72.
622 28. 72.
623 28. 72.
624 28. 72.
625 28. 72.
626 28. 72.
627 29. 71.
628 29. 71.
629 29. 71.
630 29. 71.
631 29. 71.
632 29. 71.
633 29. 71.
634 30. 70.
635 30. 70.
636 29. 71.
637 29. 71.
638 29. 71.
639 30. 70.
640 31. 69.
641 30. 70.
642 30. 70.
643 30. 70.
644 30. 70.
645 30. 70.
646 30. 70.
647 30. 70.
648 30. 70.
649 29. 71.
650 30. 70.
651 31. 69.
652 31. 69.
653 31. 69.
654 30. 70.
655 30. 70.
656 30. 70.
657 30. 70.
658 30. 70.
659 30. 70.
660 29. 71.
661 29. 71.
662 29. 71.
663 29. 71.
664 29. 71.
665 29. 71.
666 29. 71.
667 28. 72.
668 28. 72.
669 28. 72.
670 28. 72.
671 28. 72.
672 29. 71.
673 28. 72.
674 28. 72.
675 28. 72.
676 28. 72.
677 28. 72.
678 28. 72.
679 28. 72.
680 28. 72.
681 29. 71.
682 29. 71.
683 29. 71.
684 29. 71.
685 29. 71.
686 29. 71.
687 29. 71.
688 28. 72.
689 28. 72.
690 28. 72.
691 28. 72.
692 28. 72.
693 28. 72.
694 28. 72.
695 28. 72.
696 28. 72.
697 28. 72.
698 29. 71.
699 29. 71.
700 29. 71.
701 29. 71.
702 28. 72.
703 28. 72.
704 28. 72.
705 28. 72.
706 29. 71.
707 29. 71.
708 29. 71.
709 28. 72.
710 28. 72.
711 28. 72.
712 27. 73.
713 26. 74.
714 26. 74.
715 26. 74.
716 26. 74.
717 25. 75.
718 25. 75.
719 26. 74.
720 27. 73.
721 27. 73.
722 27. 73.
723 27. 73.
724 27. 73.
725 27. 73.
726 27. 73.
727 27. 73.
728 27. 73.
729 27. 73.
730 27. 73.
731 27. 73.
732 28. 72.
733 27. 73.
734 27. 73.
735 27. 73.
736 27. 73.
737 27. 73.
738 27. 73.
739 28. 72.
740 28. 72.
741 28. 72.
742 29. 71.
743 30. 70.
744 30. 70.
745 30. 70.
746 30. 70.
747 29. 71.
748 28. 72.
749 27. 73.
750 27. 73.
751 27. 73.
752 27. 73.
753 27. 73.
754 26. 74.
755 26. 74.
756 26. 74.
757 27. 73.
758 27. 73.
759 26. 74.
760 26. 74.
761 26. 74.
762 26. 74.
763 26. 74.
764 26. 74.
765 26. 74.
766 26. 74.
767 26. 74.
768 26. 74.
769 27. 73.
770 26. 74.
771 25. 75.
772 25. 75.
773 24. 76.
774 24. 76.
775 24. 76.
776 24. 76.
777 24. 76.
778 24. 76.
779 25. 75.
780 25. 75.
781 25. 75.
782 25. 75.
783 25. 75.
784 25. 75.
785 25. 75.
786 25. 75.
787 24. 76.
788 24. 76.
789 24. 76.
790 24. 76.
791 25. 75.
792 25. 75.
793 25. 75.
794 24. 76.
795 24. 76.
796 23. 77.
797 23. 77.
798 22. 78.
799 22. 78.
800 22. 78.
801 23. 77.
802 22. 78.
803 21. 79.
804 21. 79.
805 21. 79.
806 21. 79.
807 21. 79.
808 21. 79.
809 21. 79.
810 21. 79.
811 21. 79.
812 20. 80.
813 20. 80.
814 20. 80.
815 20. 80.
816 20. 80.
817 20. 80.
818 19. 81.
819 19. 81.
820 20. 80.
821 20. 80.
822 20. 80.
823 20. 80.
824 19. 81.
825 19. 81.
826 19. 81.
827 19. 81.
828 19. 81.
829 19. 81.
830 18. 82.
831 18. 82.
832 18. 82.
833 18. 82.
834 18. 82.
835 18. 82.
836 17. 83.
837 17. 83.
838 18. 82.
839 18. 82.
840 18. 82.
841 18. 82.
842 18. 82.
843 18. 82.
844 19. 81.
845 19. 81.
846 19. 81.
847 19. 81.
848 19. 81.
849 19. 81.
850 19. 81.
851 19. 81.
852 20. 80.
853 20. 80.
854 20. 80.
855 19. 81.
856 19. 81.
857 20. 80.
858 20. 80.
859 20. 80.
860 19. 81.
861 19. 81.
862 19. 81.
863 19. 81.
864 19. 81.
865 19. 81.
866 19. 81.
867 18. 82.
868 18. 82.
869 18. 82.
870 18. 82.
871 18. 82.
872 18. 82.
873 19. 81.
874 19. 81.
875 19. 81.
876 19. 81.
877 19. 81.
878 19. 81.
879 19. 81.
880 20. 80.
881 20. 80.
882 20. 80.
883 20. 80.
884 19. 81.
885 19. 81.
886 19. 81.
887 19. 81.
888 19. 81.
889 19. 81.
890 18. 82.
891 18. 82.
892 18. 82.
893 18. 82.
894 18. 82.
895 18. 82.
896 18. 82.
897 19. 81.
898 19. 81.
899 19. 81.
900 19. 81.
901 19. 81.
902 19. 81.
903 19. 81.
904 19. 81.
905 19. 81.
906 19. 81.
907 19. 81.
908 19. 81.
909 19. 81.
910 19. 81.
911 19. 81.
912 20. 80.
913 21. 79.
914 21. 79.
915 22. 78.
916 22. 78.
917 22. 78.
918 22. 78.
919 22. 78.
920 22. 78.
921 22. 78.
922 22. 78.
923 22. 78.
924 22. 78.
925 22. 78.
926 22. 78.
927 22. 78.
928 22. 78.
929 22. 78.
930 21. 79.
931 21. 79.
932 21. 79.
933 22. 78.
934 22. 78.
935 22. 78.
936 22. 78.
937 22. 78.
938 22. 78.
939 22. 78.
940 22. 78.
941 21. 79.
942 21. 79.
943 21. 79.
944 21. 79.
945 21. 79.
946 21. 79.
947 21. 79.
948 20. 80.
949 20. 80.
950 19. 81.
951 19. 81.
952 19. 81.
953 19. 81.
954 20. 80.
955 20. 80.
956 20. 80.
957 20. 80.
958 19. 81.
959 19. 81.
960 19. 81.
961 20. 80.
962 20. 80.
963 20. 80.
964 20. 80.
965 20. 80.
966 20. 80.
967 20. 80.
968 20. 80.
969 20. 80.
970 20. 80.
971 19. 81.
972 19. 81.
973 19. 81.
974 19. 81.
975 18. 82.
976 18. 82.
977 18. 82.
978 18. 82.
979 18. 82.
980 18. 82.
981 18. 82.
982 18. 82.
983 18. 82.
984 18. 82.
985 19. 81.
986 19. 81.
987 20. 80.
988 20. 80.
989 20. 80.
990 20. 80.
991 20. 80.
992 20. 80.
993 20. 80.
994 19. 81.
995 20. 80.
996 20. 80.
997 20. 80.
998 21. 79.
999 21. 79.
1000 21. 79.
1001 21. 79.
1002 21. 79.
1003 21. 79.
1004 21. 79.
1005 21. 79.
1006 21. 79.
1007 20. 80.
1008 20. 80.
1009 19. 81.
1010 19. 81.
1011 19. 81.
1012 19. 81.
1013 19. 81.
1014 19. 81.
1015 19. 81.
1016 19. 81.
1017 18. 82.
1018 18. 82.
1019 19. 81.
1020 19. 81.
1021 19. 81.
1022 19. 81.
1023 19. 81.
1024 19. 81.
1025 20. 80.
1026 20. 80.
1027 20. 80.
1028 19. 81.
1029 19. 81.
1030 19. 81.
1031 19. 81.
1032 18. 82.
1033 18. 82.
1034 18. 82.
1035 18. 82.
1036 18. 82.
1037 18. 82.
1038 18. 82.
1039 18. 82.
1040 18. 82.
1041 18. 82.
1042 18. 82.
1043 18. 82.
1044 18. 82.
1045 18. 82.
1046 18. 82.
1047 19. 81.
1048 19. 81.
1049 19. 81.
1050 19. 81.
1051 19. 81.
1052 19. 81.
1053 19. 81.
1054 19. 81.
1055 19. 81.
1056 19. 81.
1057 19. 81.
1058 19. 81.
1059 19. 81.
1060 19. 81.
1061 19. 81.
1062 19. 81.
1063 19. 81.
1064 19. 81.
1065 19. 81.
1066 19. 81.
1067 18. 82.
1068 18. 82.
1069 19. 81.
1070 19. 81.
1071 19. 81.
1072 19. 81.
1073 19. 81.
1074 18. 82.
1075 18. 82.
1076 18. 82.
1077 18. 82.
1078 18. 82.
1079 18. 82.
1080 18. 82.
1081 18. 82.
1082 18. 82.
1083 17. 83.
1084 17. 83.
1085 17. 83.
1086 17. 83.
1087 17. 83.
1088 17. 83.
1089 17. 83.
1090 17. 83.
1091 17. 83.
1092 16. 84.
1093 16. 84.
1094 16. 84.
1095 16. 84.
1096 16. 84.
1097 16. 84.
1098 16. 84.
1099 16. 84.
1100 16. 84.
1101 16. 84.
1102 15. 85.
1103 15. 85.
1104 15. 85.
1105 15. 85.
1106 15. 85.
1107 15. 85.
1108 15. 85.
1109 15. 85.
1110 15. 85.
1111 15. 85.
1112 15. 85.
1113 14. 86.
1114 14. 86.
1115 14. 86.
1116 13. 87.
1117 13. 87.
1118 13. 87.
1119 13. 87.
1120 13. 87.
1121 13. 87.
1122 12. 88.
1123 12. 88.
1124 12. 88.
1125 12. 88.
1126 12. 88.
1127 12. 88.
1128 12. 88.
1129 13. 87.
1130 13. 87.
1131 13. 87.
1132 13. 87.
1133 13. 87.
1134 13. 87.
1135 13. 87.
1136 13. 87.
1137 14. 86.
1138 14. 86.
1139 14. 86.
1140 14. 86.
1141 14. 86.
1142 14. 86.
1143 14. 86.
1144 14. 86.
1145 14. 86.
1146 14. 86.
1147 14. 86.
1148 15. 85.
1149 15. 85.
1150 15. 85.
1151 15. 85.
1152 15. 85.
1153 15. 85.
1154 15. 85.
1155 15. 85.
1156 15. 85.
1157 15. 85.
1158 15. 85.
1159 15. 85.
1160 15. 85.
1161 14. 86.
1162 15. 85.
1163 16. 84.
1164 16. 84.
1165 16. 84.
1166 16. 84.
1167 16. 84.
1168 16. 84.
1169 15. 85.
1170 15. 85.
1171 14. 86.
1172 14. 86.
1173 14. 86.
1174 14. 86.
1175 14. 86.
1176 14. 86.
1177 13. 87.
1178 13. 87.
1179 13. 87.
1180 13. 87.
1181 13. 87.
1182 13. 87.
1183 14. 86.
1184 13. 87.
1185 13. 87.
1186 13. 87.
1187 13. 87.
1188 13. 87.
1189 13. 87.
1190 14. 86.
1191 14. 86.
1192 14. 86.
1193 14. 86.
1194 14. 86.
1195 14. 86.
1196 14. 86.
1197 14. 86.
1198 15. 85.
1199 15. 85.
1200 15. 85.
1201 15. 85.
1202 15. 85.
1203 15. 85.
1204 15. 85.
1205 15. 85.
1206 15. 85.
1207 15. 85.
1208 15. 85.
1209 15. 85.
1210 14. 86.
1211 14. 86.
1212 14. 86.
1213 14. 86.
1214 14. 86.
1215 14. 86.
1216 14. 86.
1217 14. 86.
1218 14. 86.
1219 14. 86.
1220 14. 86.
1221 14. 86.
1222 14. 86.
1223 14. 86.
1224 14. 86.
1225 14. 86.
1226 14. 86.
1227 14. 86.
1228 14. 86.
1229 14. 86.
1230 14. 86.
1231 14. 86.
1232 14. 86.
1233 14. 86.
1234 14. 86.
1235 14. 86.
1236 14. 86.
1237 14. 86.
1238 14. 86.
1239 14. 86.
1240 14. 86.
1241 14. 86.
1242 14. 86.
1243 14. 86.
1244 14. 86.
1245 14. 86.
1246 14. 86.
1247 13. 87.
1248 13. 87.
1249 13. 87.
1250 13. 87.
1251 13. 87.
1252 13. 87.
1253 12. 88.
1254 12. 88.
1255 12. 88.
1256 11. 89.
1257 11. 89.
1258 11. 89.
1259 11. 89.
1260 11. 89.
1261 11. 89.
1262 11. 89.
1263 11. 89.
1264 11. 89.
1265 11. 89.
1266 11. 89.
1267 11. 89.
1268 11. 89.
1269 10. 90.
1270 10. 90.
1271 10. 90.
1272 10. 90.
1273 10. 90.
1274 10. 90.
1275 10. 90.
1276 11. 89.
1277 11. 89.
1278 11. 89.
1279 11. 89.
1280 11. 89.
1281 11. 89.
1282 11. 89.
1283 11. 89.
1284 11. 89.
1285 11. 89.
1286 11. 89.
1287 11. 89.
1288 11. 89.
1289 11. 89.
1290 10. 90.
1291 10. 90.
1292 10. 90.
1293 10. 90.
1294 10. 90.
1295 10. 90.
1296 10. 90.
1297 10. 90.
1298 10. 90.
1299 10. 90.
1300 10. 90.
1301 10. 90.
1302 10. 90.
1303 10. 90.
1304 11. 89.
1305 11. 89.
1306 11. 89.
1307 11. 89.
1308 11. 89.
1309 11. 89.
1310 11. 89.
1311 11. 89.
1312 11. 89.
1313 11. 89.
1314 11. 89.
1315 11. 89.
1316 11. 89.
1317 11. 89.
1318 11. 89.
1319 11. 89.
1320 11. 89.
1321 11. 89.
1322 11. 89.
1323 11. 89.
1324 12. 88.
1325 12. 88.
1326 12. 88.
1327 12. 88.
1328 12. 88.
1329 12. 88.
1330 12. 88.
1331 12. 88.
1332 12. 88.
1333 12. 88.
1334 12. 88.
1335 12. 88.
1336 12. 88.
1337 12. 88.
1338 12. 88.
1339 12. 88.
1340 12. 88.
1341 12. 88.
1342 12. 88.
1343 12. 88.
1344 12. 88.
1345 12. 88.
1346 12. 88.
1347 12. 88.
1348 12. 88.
1349 12. 88.
1350 12. 88.
1351 12. 88.
1352 12. 88.
1353 12. 88.
1354 12. 88.
1355 13. 87.
1356 14. 86.
1357 14. 86.
1358 14. 86.
1359 14. 86.
1360 14. 86.
1361 14. 86.
1362 14. 86.
1363 14. 86.
1364 14. 86.
1365 14. 86.
1366 14. 86.
1367 14. 86.
1368 14. 86.
1369 14. 86.
1370 14. 86.
1371 14. 86.
1372 14. 86.
1373 14. 86.
1374 14. 86.
1375 14. 86.
1376 14. 86.
1377 14. 86.
1378 14. 86.
1379 14. 86.
1380 14. 86.
1381 14. 86.
1382 14. 86.
1383 14. 86.
1384 14. 86.
1385 14. 86.
1386 13. 87.
1387 13. 87.
1388 13. 87.
1389 13. 87.
1390 13. 87.
1391 12. 88.
1392 12. 88.
1393 12. 88.
1394 12. 88.
1395 12. 88.
1396 12. 88.
1397 12. 88.
1398 12. 88.
1399 13. 87.
1400 13. 87.
1401 13. 87.
1402 13. 87.
1403 13. 87.
1404 13. 87.
1405 13. 87.
1406 13. 87.
1407 13. 87.
1408 12. 88.
1409 12. 88.
1410 12. 88.
1411 12. 88.
1412 12. 88.
1413 12. 88.
1414 12. 88.
1415 12. 88.
1416 12. 88.
1417 12. 88.
1418 12. 88.
1419 12. 88.
1420 12. 88.
1421 12. 88.
1422 13. 87.
1423 13. 87.
1424 13. 87.
1425 13. 87.
1426 13. 87.
1427 13. 87.
1428 12. 88.
1429 12. 88.
1430 12. 88.
1431 13. 87.
1432 13. 87.
1433 13. 87.
1434 13. 87.
1435 13. 87.
1436 13. 87.
1437 13. 87.
1438 13. 87.
1439 12. 88.
1440 12. 88.
1441 13. 87.
1442 13. 87.
1443 13. 87.
1444 13. 87.
1445 13. 87.
1446 14. 86.
1447 14. 86.
1448 14. 86.
1449 14. 86.
1450 14. 86.
1451 14. 86.
1452 14. 86.
1453 14. 86.
1454 14. 86.
1455 14. 86.
1456 14. 86.
1457 14. 86.
1458 14. 86.
1459 14. 86.
1460 14. 86.
1461 14. 86.
1462 14. 86.
1463 14. 86.
1464 14. 86.
1465 14. 86.
1466 14. 86.
1467 14. 86.
1468 14. 86.
1469 14. 86.
1470 14. 86.
1471 14. 86.
1472 14. 86.
1473 14. 86.
1474 14. 86.
1475 14. 86.
1476 14. 86.
1477 14. 86.
1478 14. 86.
1479 14. 86.
1480 14. 86.
1481 14. 86.
1482 13. 87.
1483 13. 87.
1484 14. 86.
1485 14. 86.
1486 14. 86.
1487 14. 86.
1488 14. 86.
1489 14. 86.
1490 14. 86.
1491 14. 86.
1492 13. 87.
1493 13. 87.
1494 13. 87.
1495 13. 87.
1496 14. 86.
1497 14. 86.
1498 15. 85.
1499 15. 85.
1500 15. 85.
1501 15. 85.
1502 15. 85.
1503 15. 85.
1504 15. 85.
1505 15. 85.
1506 15. 85.
1507 14. 86.
1508 14. 86.
1509 14. 86.
1510 14. 86.
1511 15. 85.
1512 15. 85.
1513 15. 85.
1514 15. 85.
1515 15. 85.
1516 15. 85.
1517 15. 85.
1518 15. 85.
1519 15. 85.
1520 15. 85.
1521 16. 84.
1522 16. 84.
1523 16. 84.
1524 16. 84.
1525 16. 84.
1526 16. 84.
1527 16. 84.
1528 16. 84.
1529 16. 84.
1530 16. 84.
1531 15. 85.
1532 15. 85.
1533 15. 85.
1534 16. 84.
1535 16. 84.
1536 16. 84.
1537 15. 85.
1538 15. 85.
1539 15. 85.
1540 16. 84.
1541 16. 84.
1542 17. 83.
1543 17. 83.
1544 16. 84.
1545 16. 84.
1546 16. 84.
1547 16. 84.
1548 16. 84.
1549 15. 85.
1550 15. 85.
1551 15. 85.
1552 15. 85.
1553 15. 85.
1554 14. 86.
1555 14. 86.
1556 14. 86.
1557 15. 85.
1558 15. 85.
1559 15. 85.
1560 15. 85.
1561 16. 84.
1562 16. 84.
1563 16. 84.
1564 16. 84.
1565 16. 84.
1566 16. 84.
1567 16. 84.
1568 16. 84.
1569 16. 84.
1570 16. 84.
1571 16. 84.
1572 16. 84.
1573 16. 84.
1574 16. 84.
1575 16. 84.
1576 16. 84.
1577 16. 84.
1578 16. 84.
1579 16. 84.
1580 17. 83.
1581 17. 83.
1582 17. 83.
1583 17. 83.
1584 18. 82.
1585 18. 82.
1586 18. 82.
1587 18. 82.
1588 18. 82.
1589 18. 82.
1590 18. 82.
1591 18. 82.
1592 18. 82.
1593 18. 82.
1594 18. 82.
1595 18. 82.
1596 18. 82.
1597 18. 82.
1598 18. 82.
1599 18. 82.
1600 18. 82.
1601 18. 82.
1602 18. 82.
1603 18. 82.
1604 18. 82.
1605 18. 82.
1606 18. 82.
1607 19. 81.
1608 19. 81.
1609 18. 82.
1610 18. 82.
1611 18. 82.
1612 18. 82.
1613 18. 82.
1614 17. 83.
1615 17. 83.
1616 17. 83.
1617 17. 83.
1618 17. 83.
1619 17. 83.
1620 17. 83.
1621 17. 83.
1622 17. 83.
1623 17. 83.
1624 17. 83.
1625 17. 83.
1626 16. 84.
1627 15. 85.
1628 15. 85.
1629 15. 85.
1630 15. 85.
1631 14. 86.
1632 14. 86.
1633 14. 86.
1634 14. 86.
1635 13. 87.
1636 14. 86.
1637 14. 86.
1638 13. 87.
1639 13. 87.
1640 13. 87.
1641 13. 87.
1642 13. 87.
1643 13. 87.
1644 13. 87.
1645 13. 87.
1646 13. 87.
1647 14. 86.
1648 14. 86.
1649 14. 86.
1650 14. 86.
1651 14. 86.
1652 14. 86.
1653 14. 86.
1654 14. 86.
1655 15. 85.
1656 15. 85.
1657 15. 85.
1658 15. 85.
1659 15. 85.
1660 15. 85.
1661 15. 85.
1662 15. 85.
1663 15. 85.
1664 15. 85.
1665 15. 85.
1666 15. 85.
1667 15. 85.
1668 15. 85.
1669 15. 85.
1670 15. 85.
1671 15. 85.
1672 15. 85.
1673 15. 85.
1674 15. 85.
1675 16. 84.
1676 16. 84.
1677 16. 84.
1678 16. 84.
1679 16. 84.
1680 16. 84.
1681 16. 84.
1682 16. 84.
1683 16. 84.
1684 16. 84.
1685 16. 84.
1686 16. 84.
1687 16. 84.
1688 16. 84.
1689 16. 84.
1690 16. 84.
1691 16. 84.
1692 16. 84.
1693 16. 84.
1694 16. 84.
1695 16. 84.
1696 16. 84.
1697 16. 84.
1698 16. 84.
1699 16. 84.
1700 16. 84.
1701 16. 84.
1702 15. 85.
1703 15. 85.
1704 15. 85.
1705 15. 85.
1706 15. 85.
1707 15. 85.
1708 15. 85.
1709 15. 85.
1710 15. 85.
1711 15. 85.
1712 15. 85.
1713 15. 85.
1714 14. 86.
1715 14. 86.
1716 14. 86.
1717 13. 87.
1718 13. 87.
1719 13. 87.
1720 13. 87.
1721 13. 87.
1722 13. 87.
1723 13. 87.
1724 12. 88.
1725 12. 88.
1726 12. 88.
1727 12. 88.
1728 13. 87.
1729 13. 87.
1730 13. 87.
1731 13. 87.
1732 13. 87.
1733 13. 87.
1734 13. 87.
1735 13. 87.
1736 13. 87.
1737 13. 87.
1738 13. 87.
1739 14. 86.
1740 14. 86.
1741 14. 86.
1742 14. 86.
1743 14. 86.
1744 13. 87.
1745 13. 87.
1746 13. 87.
1747 13. 87.
1748 13. 87.
1749 13. 87.
1750 13. 87.
1751 13. 87.
1752 13. 87.
1753 13. 87.
1754 14. 86.
1755 14. 86.
1756 14. 86.
1757 14. 86.
1758 14. 86.
1759 14. 86.
1760 14. 86.
1761 14. 86.
1762 14. 86.
1763 14. 86.
1764 14. 86.
1765 14. 86.
1766 14. 86.
1767 14. 86.
1768 14. 86.
1769 14. 86.
1770 14. 86.
1771 14. 86.
1772 15. 85.
1773 15. 85.
1774 15. 85.
1775 15. 85.
1776 15. 85.
1777 16. 84.
1778 16. 84.
1779 16. 84.
1780 16. 84.
1781 16. 84.
1782 15. 85.
1783 15. 85.
1784 15. 85.
1785 15. 85.
1786 15. 85.
1787 15. 85.
1788 15. 85.
1789 15. 85.
1790 15. 85.
1791 15. 85.
1792 14. 86.
1793 13. 87.
1794 13. 87.
1795 13. 87.
1796 13. 87.
1797 13. 87.
1798 13. 87.
1799 14. 86.
1800 14. 86.
1801 13. 87.
1802 13. 87.
1803 13. 87.
1804 14. 86.
1805 14. 86.
1806 14. 86.
1807 14. 86.
1808 14. 86.
1809 14. 86.
1810 14. 86.
1811 14. 86.
1812 15. 85.
1813 15. 85.
1814 14. 86.
1815 13. 87.
1816 13. 87.
1817 14. 86.
1818 14. 86.
1819 14. 86.
1820 14. 86.
1821 14. 86.
1822 14. 86.
1823 14. 86.
1824 14. 86.
1825 14. 86.
1826 14. 86.
1827 14. 86.
1828 14. 86.
1829 14. 86.
1830 13. 87.
1831 14. 86.
1832 14. 86.
1833 13. 87.
1834 13. 87.
1835 13. 87.
1836 13. 87.
1837 13. 87.
1838 14. 86.
1839 14. 86.
1840 14. 86.
1841 14. 86.
1842 14. 86.
1843 13. 87.
1844 13. 87.
1845 13. 87.
1846 13. 87.
1847 12. 88.
1848 12. 88.
1849 12. 88.
1850 12. 88.
1851 12. 88.
1852 12. 88.
1853 12. 88.
1854 12. 88.
1855 12. 88.
1856 12. 88.
1857 12. 88.
1858 12. 88.
1859 12. 88.
1860 12. 88.
1861 11. 89.
1862 11. 89.
1863 11. 89.
1864 11. 89.
1865 11. 89.
1866 11. 89.
1867 11. 89.
1868 11. 89.
1869 11. 89.
1870 11. 89.
1871 11. 89.
1872 11. 89.
1873 11. 89.
1874 11. 89.
1875 11. 89.
1876 11. 89.
1877 11. 89.
1878 11. 89.
1879 11. 89.
1880 11. 89.
1881 11. 89.
1882 11. 89.
1883 11. 89.
1884 11. 89.
1885 11. 89.
1886 11. 89.
1887 11. 89.
1888 11. 89.
1889 11. 89.
1890 11. 89.
1891 11. 89.
1892 11. 89.
1893 11. 89.
1894 11. 89.
1895 10. 90.
1896 10. 90.
1897 10. 90.
1898 10. 90.
1899 10. 90.
1900 10. 90.
1901 10. 90.
1902 10. 90.
1903 10. 90.
1904 10. 90.
1905 10. 90.
1906 10. 90.
1907 10. 90.
1908 10. 90.
1909 10. 90.
1910 10. 90.
1911 10. 90.
1912 10. 90.
1913 10. 90.
1914 10. 90.
1915 10. 90.
1916 10. 90.
1917 10. 90.
1918 10. 90.
1919 10. 90.
1920 10. 90.
1921 10. 90.
1922 10. 90.
1923 9. 91.
1924 10. 90.
1925 9. 91.
1926 9. 91.
1927 9. 91.
1928 9. 91.
1929 9. 91.
1930 9. 91.
1931 9. 91.
1932 9. 91.
1933 9. 91.
1934 9. 91.
1935 9. 91.
1936 9. 91.
1937 9. 91.
1938 9. 91.
1939 9. 91.
1940 9. 91.
1941 9. 91.
1942 9. 91.
1943 9. 91.
1944 9. 91.
1945 9. 91.
1946 9. 91.
1947 9. 91.
1948 9. 91.
1949 9. 91.
1950 9. 91.
1951 9. 91.
1952 9. 91.
1953 9. 91.
1954 9. 91.
1955 9. 91.
1956 8. 92.
1957 8. 92.
1958 8. 92.
1959 8. 92.
1960 8. 92.
1961 8. 92.
1962 8. 92.
1963 8. 92.
1964 8. 92.
1965 8. 92.
1966 8. 92.
1967 8. 92.
1968 8. 92.
1969 8. 92.
1970 8. 92.
1971 8. 92.
1972 8. 92.
1973 8. 92.
1974 8. 92.
1975 8. 92.
1976 8. 92.
1977 8. 92.
1978 8. 92.
1979 8. 92.
1980 8. 92.
1981 8. 92.
1982 8. 92.
1983 8. 92.
1984 8. 92.
1985 8. 92.
1986 8. 92.
1987 8. 92.
1988 8. 92.
1989 8. 92.
1990 8. 92.
1991 8. 92.
1992 8. 92.
1993 8. 92.
1994 8. 92.
1995 8. 92.
1996 8. 92.
1997 8. 92.
1998 8. 92.
1999 8. 92.
2000 8. 92.
2001 8. 92.
2002 8. 92.
2003 8. 92.
2004 8. 92.
2005 8. 92.
2006 8. 92.
2007 8. 92.
2008 8. 92.
2009 8. 92.
2010 8. 92.
2011 8. 92.
2012 8. 92.
2013 8. 92.
2014 8. 92.
2015 8. 92.
2016 8. 92.
2017 8. 92.
2018 8. 92.
2019 8. 92.
2020 8. 92.
2021 8. 92.
2022 8. 92.
2023 8. 92.
2024 8. 92.
2025 8. 92.
2026 8. 92.
2027 8. 92.
2028 8. 92.
2029 8. 92.
2030 8. 92.
2031 8. 92.
2032 8. 92.
2033 8. 92.
2034 8. 92.
2035 8. 92.
2036 8. 92.
2037 9. 91.
2038 9. 91.
2039 9. 91.
2040 9. 91.
2041 9. 91.
2042 9. 91.
2043 9. 91.
2044 9. 91.
2045 9. 91.
2046 9. 91.
2047 9. 91.
2048 9. 91.
2049 9. 91.
2050 8. 92.
2051 9. 91.
2052 9. 91.
2053 9. 91.
2054 9. 91.
2055 9. 91.
2056 9. 91.
2057 8. 92.
2058 8. 92.
2059 8. 92.
2060 8. 92.
2061 8. 92.
2062 8. 92.
2063 8. 92.
2064 8. 92.
2065 8. 92.
2066 8. 92.
2067 8. 92.
2068 8. 92.
2069 8. 92.
2070 8. 92.
2071 8. 92.
2072 8. 92.
2073 8. 92.
2074 8. 92.
2075 8. 92.
2076 8. 92.
2077 8. 92.
2078 8. 92.
2079 8. 92.
2080 8. 92.
2081 8. 92.
2082 8. 92.
2083 8. 92.
2084 8. 92.
2085 8. 92.
2086 8. 92.
2087 8. 92.
2088 7. 93.
2089 7. 93.
2090 7. 93.
2091 7. 93.
2092 7. 93.
2093 7. 93.
2094 7. 93.
2095 7. 93.
2096 7. 93.
2097 7. 93.
2098 7. 93.
2099 7. 93.
2100 7. 93.
2101 8. 92.
2102 8. 92.
2103 8. 92.
2104 9. 91.
2105 9. 91.
2106 9. 91.
2107 9. 91.
2108 9. 91.
2109 9. 91.
2110 9. 91.
2111 9. 91.
2112 9. 91.
2113 9. 91.
2114 9. 91.
2115 8. 92.
2116 8. 92.
2117 8. 92.
2118 8. 92.
2119 8. 92.
2120 8. 92.
2121 8. 92.
2122 9. 91.
2123 9. 91.
2124 8. 92.
2125 8. 92.
2126 8. 92.
2127 8. 92.
2128 8. 92.
2129 8. 92.
2130 8. 92.
2131 8. 92.
2132 8. 92.
2133 8. 92.
2134 8. 92.
2135 8. 92.
2136 8. 92.
2137 8. 92.
2138 8. 92.
2139 8. 92.
2140 8. 92.
2141 8. 92.
2142 8. 92.
2143 8. 92.
2144 8. 92.
2145 8. 92.
2146 8. 92.
2147 8. 92.
2148 8. 92.
2149 8. 92.
2150 8. 92.
2151 8. 92.
2152 8. 92.
2153 8. 92.
2154 8. 92.
2155 8. 92.
2156 8. 92.
2157 8. 92.
2158 8. 92.
2159 8. 92.
2160 8. 92.
2161 8. 92.
2162 7. 93.
2163 7. 93.
2164 7. 93.
2165 7. 93.
2166 7. 93.
2167 7. 93.
2168 7. 93.
2169 7. 93.
2170 7. 93.
2171 7. 93.
2172 6. 94.
2173 6. 94.
2174 6. 94.
2175 6. 94.
2176 6. 94.
2177 6. 94.
2178 6. 94.
2179 6. 94.
2180 6. 94.
2181 6. 94.
2182 6. 94.
2183 6. 94.
2184 6. 94.
2185 6. 94.
2186 6. 94.
2187 6. 94.
2188 6. 94.
2189 6. 94.
2190 6. 94.
2191 6. 94.
2192 6. 94.
2193 6. 94.
2194 6. 94.
2195 6. 94.
2196 6. 94.
2197 6. 94.
2198 6. 94.
2199 6. 94.
2200 6. 94.
2201 6. 94.
2202 6. 94.
2203 6. 94.
2204 6. 94.
2205 6. 94.
2206 6. 94.
2207 6. 94.
2208 5. 95.
2209 5. 95.
2210 5. 95.
2211 5. 95.
2212 5. 95.
2213 6. 94.
2214 6. 94.
2215 6. 94.
2216 6. 94.
2217 6. 94.
2218 7. 93.
2219 7. 93.
2220 7. 93.
2221 7. 93.
2222 7. 93.
2223 8. 92.
2224 8. 92.
2225 8. 92.
2226 8. 92.
2227 8. 92.
2228 8. 92.
2229 8. 92.
2230 8. 92.
2231 8. 92.
2232 8. 92.
2233 8. 92.
2234 8. 92.
2235 8. 92.
2236 8. 92.
2237 8. 92.
2238 8. 92.
2239 8. 92.
2240 8. 92.
2241 8. 92.
2242 8. 92.
2243 8. 92.
2244 8. 92.
2245 8. 92.
2246 8. 92.
2247 8. 92.
2248 8. 92.
2249 8. 92.
2250 8. 92.
2251 8. 92.
2252 8. 92.
2253 8. 92.
2254 8. 92.
2255 8. 92.
2256 8. 92.
2257 8. 92.
2258 8. 92.
2259 8. 92.
2260 8. 92.
2261 8. 92.
2262 8. 92.
2263 8. 92.
2264 8. 92.
2265 8. 92.
2266 8. 92.
2267 8. 92.
2268 8. 92.
2269 8. 92.
2270 8. 92.
2271 8. 92.
2272 8. 92.
2273 8. 92.
2274 8. 92.
2275 8. 92.
2276 9. 91.
2277 9. 91.
2278 9. 91.
2279 9. 91.
2280 9. 91.
2281 9. 91.
2282 9. 91.
2283 9. 91.
2284 9. 91.
2285 9. 91.
2286 9. 91.
2287 9. 91.
2288 8. 92.
2289 8. 92.
2290 8. 92.
2291 8. 92.
2292 8. 92.
2293 8. 92.
2294 8. 92.
2295 8. 92.
2296 8. 92.
2297 8. 92.
2298 8. 92.
2299 8. 92.
2300 8. 92.
2301 8. 92.
2302 8. 92.
2303 8. 92.
2304 8. 92.
2305 8. 92.
2306 8. 92.
2307 7. 93.
2308 7. 93.
2309 7. 93.
2310 7. 93.
2311 7. 93.
2312 7. 93.
2313 7. 93.
2314 7. 93.
2315 7. 93.
2316 7. 93.
2317 8. 92.
2318 8. 92.
2319 8. 92.
2320 8. 92.
2321 8. 92.
2322 8. 92.
2323 8. 92.
2324 8. 92.
2325 8. 92.
2326 8. 92.
2327 8. 92.
2328 8. 92.
2329 8. 92.
2330 8. 92.
2331 8. 92.
2332 8. 92.
2333 8. 92.
2334 8. 92.
2335 8. 92.
2336 8. 92.
2337 8. 92.
2338 8. 92.
2339 8. 92.
2340 8. 92.
2341 8. 92.
2342 8. 92.
2343 8. 92.
2344 7. 93.
2345 7. 93.
2346 7. 93.
2347 7. 93.
2348 8. 92.
2349 8. 92.
2350 8. 92.
2351 8. 92.
2352 8. 92.
2353 8. 92.
2354 8. 92.
2355 8. 92.
2356 8. 92.
2357 8. 92.
2358 8. 92.
2359 7. 93.
2360 7. 93.
2361 7. 93.
2362 7. 93.
2363 7. 93.
2364 7. 93.
2365 7. 93.
2366 7. 93.
2367 7. 93.
2368 7. 93.
2369 7. 93.
2370 7. 93.
2371 7. 93.
2372 8. 92.
2373 8. 92.
2374 8. 92.
2375 8. 92.
2376 8. 92.
2377 8. 92.
2378 8. 92.
2379 8. 92.
2380 8. 92.
2381 8. 92.
2382 8. 92.
2383 8. 92.
2384 8. 92.
2385 8. 92.
2386 8. 92.
2387 8. 92.
2388 8. 92.
2389 8. 92.
2390 8. 92.
2391 8. 92.
2392 8. 92.
2393 8. 92.
2394 8. 92.
2395 8. 92.
2396 7. 93.
2397 7. 93.
2398 7. 93.
2399 7. 93.
2400 7. 93.
2401 7. 93.
2402 7. 93.
2403 7. 93.
2404 7. 93.
2405 7. 93.
2406 7. 93.
2407 7. 93.
2408 7. 93.
2409 7. 93.
2410 7. 93.
2411 8. 92.
2412 8. 92.
2413 8. 92.
2414 8. 92.
2415 8. 92.
2416 8. 92.
2417 8. 92.
2418 8. 92.
2419 8. 92.
2420 8. 92.
2421 8. 92.
2422 8. 92.
2423 8. 92.
2424 8. 92.
2425 9. 91.
2426 9. 91.
2427 9. 91.
2428 9. 91.
2429 9. 91.
2430 9. 91.
2431 9. 91.
2432 9. 91.
2433 9. 91.
2434 9. 91.
2435 9. 91.
2436 9. 91.
2437 9. 91.
2438 9. 91.
2439 10. 90.
2440 10. 90.
2441 10. 90.
2442 10. 90.
2443 10. 90.
2444 10. 90.
2445 11. 89.
2446 11. 89.
2447 11. 89.
2448 11. 89.
2449 11. 89.
2450 11. 89.
2451 11. 89.
2452 11. 89.
2453 10. 90.
2454 10. 90.
2455 10. 90.
2456 10. 90.
2457 11. 89.
2458 11. 89.
2459 11. 89.
2460 11. 89.
2461 11. 89.
2462 11. 89.
2463 11. 89.
2464 11. 89.
2465 11. 89.
2466 11. 89.
2467 11. 89.
2468 11. 89.
2469 11. 89.
2470 11. 89.
2471 11. 89.
2472 11. 89.
2473 11. 89.
2474 11. 89.
2475 11. 89.
2476 10. 90.
2477 10. 90.
2478 10. 90.
2479 10. 90.
2480 10. 90.
2481 11. 89.
2482 11. 89.
2483 11. 89.
2484 11. 89.
2485 11. 89.
2486 11. 89.
2487 12. 88.
2488 12. 88.
2489 12. 88.
2490 12. 88.
2491 13. 87.
2492 13. 87.
2493 13. 87.
2494 13. 87.
2495 13. 87.
2496 13. 87.
2497 14. 86.
2498 14. 86.
2499 14. 86.
2500 14. 86.
2501 14. 86.
2502 14. 86.
2503 15. 85.
2504 15. 85.
2505 15. 85.
2506 15. 85.
2507 15. 85.
2508 15. 85.
2509 15. 85.
2510 15. 85.
2511 15. 85.
2512 15. 85.
2513 15. 85.
2514 15. 85.
2515 15. 85.
2516 16. 84.
2517 17. 83.
2518 17. 83.
2519 17. 83.
2520 17. 83.
2521 17. 83.
2522 17. 83.
2523 17. 83.
2524 17. 83.
2525 17. 83.
2526 17. 83.
2527 17. 83.
2528 17. 83.
2529 17. 83.
2530 17. 83.
2531 17. 83.
2532 17. 83.
2533 18. 82.
2534 18. 82.
2535 18. 82.
2536 18. 82.
2537 18. 82.
2538 18. 82.
2539 18. 82.
2540 18. 82.
2541 17. 83.
2542 17. 83.
2543 17. 83.
2544 17. 83.
2545 18. 82.
2546 18. 82.
2547 18. 82.
2548 18. 82.
2549 18. 82.
2550 19. 81.
2551 19. 81.
2552 19. 81.
2553 19. 81.
2554 20. 80.
2555 20. 80.
2556 20. 80.
2557 20. 80.
2558 20. 80.
2559 20. 80.
2560 20. 80.
2561 20. 80.
2562 20. 80.
2563 20. 80.
2564 20. 80.
2565 20. 80.
2566 19. 81.
2567 20. 80.
2568 20. 80.
2569 21. 79.
2570 21. 79.
2571 21. 79.
2572 21. 79.
2573 21. 79.
2574 21. 79.
2575 21. 79.
2576 21. 79.
2577 21. 79.
2578 21. 79.
2579 21. 79.
2580 21. 79.
2581 21. 79.
2582 21. 79.
2583 21. 79.
2584 21. 79.
2585 21. 79.
2586 21. 79.
2587 21. 79.
2588 21. 79.
2589 21. 79.
2590 21. 79.
2591 21. 79.
2592 21. 79.
2593 21. 79.
2594 22. 78.
2595 22. 78.
2596 22. 78.
2597 22. 78.
2598 22. 78.
2599 22. 78.
2600 22. 78.
2601 21. 79.
2602 21. 79.
2603 21. 79.
2604 21. 79.
2605 21. 79.
2606 21. 79.
2607 21. 79.
2608 21. 79.
2609 21. 79.
2610 21. 79.
2611 21. 79.
2612 21. 79.
2613 21. 79.
2614 21. 79.
2615 20. 80.
2616 20. 80.
2617 20. 80.
2618 21. 79.
2619 21. 79.
2620 21. 79.
2621 21. 79.
2622 21. 79.
2623 21. 79.
2624 21. 79.
2625 21. 79.
2626 21. 79.
2627 21. 79.
2628 21. 79.
2629 21. 79.
2630 21. 79.
2631 21. 79.
2632 21. 79.
2633 21. 79.
2634 21. 79.
2635 22. 78.
2636 22. 78.
2637 22. 78.
2638 22. 78.
2639 22. 78.
2640 22. 78.
2641 22. 78.
2642 22. 78.
2643 22. 78.
2644 22. 78.
2645 22. 78.
2646 22. 78.
2647 21. 79.
2648 21. 79.
2649 21. 79.
2650 21. 79.
2651 21. 79.
2652 21. 79.
2653 21. 79.
2654 21. 79.
2655 21. 79.
2656 21. 79.
2657 21. 79.
2658 21. 79.
2659 21. 79.
2660 21. 79.
2661 21. 79.
2662 21. 79.
2663 21. 79.
2664 21. 79.
2665 21. 79.
2666 20. 80.
2667 20. 80.
2668 20. 80.
2669 20. 80.
2670 20. 80.
2671 20. 80.
2672 20. 80.
2673 20. 80.
2674 20. 80.
2675 19. 81.
2676 19. 81.
2677 19. 81.
2678 20. 80.
2679 20. 80.
2680 20. 80.
2681 20. 80.
2682 20. 80.
2683 20. 80.
2684 20. 80.
2685 20. 80.
2686 20. 80.
2687 20. 80.
2688 20. 80.
2689 20. 80.
2690 20. 80.
2691 21. 79.
2692 21. 79.
2693 21. 79.
2694 21. 79.
2695 21. 79.
2696 20. 80.
2697 20. 80.
2698 20. 80.
2699 20. 80.
2700 20. 80.
2701 20. 80.
2702 19. 81.
2703 19. 81.
2704 19. 81.
2705 19. 81.
2706 19. 81.
2707 19. 81.
2708 19. 81.
2709 18. 82.
2710 18. 82.
2711 18. 82.
2712 18. 82.
2713 17. 83.
2714 17. 83.
2715 17. 83.
2716 17. 83.
2717 17. 83.
2718 17. 83.
2719 17. 83.
2720 18. 82.
2721 18. 82.
2722 18. 82.
2723 18. 82.
2724 19. 81.
2725 19. 81.
2726 19. 81.
2727 18. 82.
2728 18. 82.
2729 18. 82.
2730 18. 82.
2731 18. 82.
2732 18. 82.
2733 18. 82.
2734 18. 82.
2735 18. 82.
2736 18. 82.
2737 18. 82.
2738 18. 82.
2739 18. 82.
2740 18. 82.
2741 18. 82.
2742 18. 82.
2743 18. 82.
2744 18. 82.
2745 18. 82.
2746 18. 82.
2747 18. 82.
2748 17. 83.
2749 17. 83.
2750 17. 83.
2751 17. 83.
2752 17. 83.
2753 18. 82.
2754 18. 82.
2755 18. 82.
2756 18. 82.
2757 18. 82.
2758 18. 82.
2759 18. 82.
2760 19. 81.
2761 19. 81.
2762 18. 82.
2763 18. 82.
2764 19. 81.
2765 19. 81.
2766 19. 81.
2767 19. 81.
2768 19. 81.
2769 19. 81.
2770 19. 81.
2771 19. 81.
2772 19. 81.
2773 19. 81.
2774 19. 81.
2775 19. 81.
2776 19. 81.
2777 20. 80.
2778 20. 80.
2779 20. 80.
2780 20. 80.
2781 20. 80.
2782 20. 80.
2783 20. 80.
2784 20. 80.
2785 20. 80.
2786 20. 80.
2787 20. 80.
2788 19. 81.
2789 19. 81.
2790 18. 82.
2791 18. 82.
2792 18. 82.
2793 18. 82.
2794 18. 82.
2795 18. 82.
2796 18. 82.
2797 18. 82.
2798 18. 82.
2799 18. 82.
2800 18. 82.
2801 18. 82.
2802 18. 82.
2803 18. 82.
2804 18. 82.
2805 18. 82.
2806 19. 81.
2807 19. 81.
2808 19. 81.
2809 19. 81.
2810 19. 81.
2811 19. 81.
2812 18. 82.
2813 17. 83.
2814 17. 83.
2815 17. 83.
2816 17. 83.
2817 17. 83.
2818 17. 83.
2819 18. 82.
2820 18. 82.
2821 18. 82.
2822 18. 82.
2823 18. 82.
2824 18. 82.
2825 18. 82.
2826 18. 82.
2827 18. 82.
2828 18. 82.
2829 18. 82.
2830 18. 82.
2831 18. 82.
2832 18. 82.
2833 18. 82.
2834 18. 82.
2835 18. 82.
2836 18. 82.
2837 18. 82.
2838 18. 82.
2839 18. 82.
2840 18. 82.
2841 18. 82.
2842 18. 82.
2843 18. 82.
2844 18. 82.
2845 18. 82.
2846 18. 82.
2847 18. 82.
2848 19. 81.
2849 19. 81.
2850 19. 81.
2851 18. 82.
2852 18. 82.
2853 18. 82.
2854 18. 82.
2855 19. 81.
2856 19. 81.
2857 19. 81.
2858 19. 81.
2859 19. 81.
2860 19. 81.
2861 19. 81.
2862 19. 81.
2863 19. 81.
2864 19. 81.
2865 19. 81.
2866 19. 81.
2867 19. 81.
2868 19. 81.
2869 19. 81.
2870 20. 80.
2871 20. 80.
2872 20. 80.
2873 19. 81.
2874 19. 81.
2875 20. 80.
2876 21. 79.
2877 21. 79.
2878 21. 79.
2879 21. 79.
2880 21. 79.
2881 21. 79.
2882 21. 79.
2883 21. 79.
2884 21. 79.
2885 21. 79.
2886 20. 80.
2887 20. 80.
2888 19. 81.
2889 19. 81.
2890 19. 81.
2891 19. 81.
2892 19. 81.
2893 19. 81.
2894 20. 80.
2895 20. 80.
2896 20. 80.
2897 20. 80.
2898 20. 80.
2899 19. 81.
2900 19. 81.
2901 19. 81.
2902 19. 81.
2903 19. 81.
2904 19. 81.
2905 19. 81.
2906 19. 81.
2907 19. 81.
2908 19. 81.
2909 19. 81.
2910 19. 81.
2911 19. 81.
2912 19. 81.
2913 19. 81.
2914 19. 81.
2915 19. 81.
2916 18. 82.
2917 17. 83.
2918 18. 82.
2919 18. 82.
2920 18. 82.
2921 18. 82.
2922 18. 82.
2923 18. 82.
2924 18. 82.
2925 19. 81.
2926 19. 81.
2927 19. 81.
2928 19. 81.
2929 19. 81.
2930 20. 80.
2931 20. 80.
2932 20. 80.
2933 20. 80.
2934 20. 80.
2935 20. 80.
2936 20. 80.
2937 20. 80.
2938 20. 80.
2939 19. 81.
2940 19. 81.
2941 19. 81.
2942 19. 81.
2943 19. 81.
2944 20. 80.
2945 20. 80.
2946 20. 80.
2947 20. 80.
2948 20. 80.
2949 21. 79.
2950 21. 79.
2951 21. 79.
2952 21. 79.
2953 21. 79.
2954 21. 79.
2955 21. 79.
2956 21. 79.
2957 20. 80.
2958 20. 80.
2959 20. 80.
2960 20. 80.
2961 20. 80.
2962 20. 80.
2963 20. 80.
2964 20. 80.
2965 19. 81.
2966 19. 81.
2967 19. 81.
2968 19. 81.
2969 19. 81.
2970 19. 81.
2971 19. 81.
2972 19. 81.
2973 19. 81.
2974 19. 81.
2975 19. 81.
2976 19. 81.
2977 19. 81.
2978 19. 81.
2979 19. 81.
2980 19. 81.
2981 19. 81.
2982 19. 81.
2983 19. 81.
2984 19. 81.
2985 19. 81.
2986 19. 81.
2987 19. 81.
2988 20. 80.
2989 19. 81.
2990 19. 81.
2991 19. 81.
2992 19. 81.
2993 19. 81.
2994 19. 81.
2995 19. 81.
2996 19. 81.
2997 19. 81.
2998 19. 81.
2999 19. 81.
3000 18. 82.
3001 18. 82.
3002 18. 82.
3003 18. 82.
3004 18. 82.
3005 18. 82.
3006 18. 82.
3007 18. 82.
3008 18. 82.
3009 18. 82.
3010 17. 83.
3011 17. 83.
3012 17. 83.
3013 17. 83.
3014 17. 83.
3015 17. 83.
3016 17. 83.
3017 17. 83.
3018 17. 83.
3019 17. 83.
3020 17. 83.
3021 17. 83.
3022 17. 83.
3023 17. 83.
3024 17. 83.
3025 17. 83.
3026 17. 83.
3027 17. 83.
3028 17. 83.
3029 17. 83.
3030 17. 83.
3031 17. 83.
3032 17. 83.
3033 17. 83.
3034 17. 83.
3035 17. 83.
3036 17. 83.
3037 17. 83.
3038 17. 83.
3039 17. 83.
3040 17. 83.
3041 17. 83.
3042 17. 83.
3043 17. 83.
3044 17. 83.
3045 17. 83.
3046 16. 84.
3047 16. 84.
3048 16. 84.
3049 16. 84.
3050 16. 84.
3051 16. 84.
3052 16. 84.
3053 16. 84.
3054 16. 84.
3055 16. 84.
3056 16. 84.
3057 16. 84.
3058 16. 84.
3059 16. 84.
3060 16. 84.
3061 16. 84.
3062 16. 84.
3063 16. 84.
3064 16. 84.
3065 16. 84.
3066 15. 85.
3067 15. 85.
3068 15. 85.
3069 15. 85.
3070 15. 85.
3071 15. 85.
3072 15. 85.
3073 15. 85.
3074 15. 85.
3075 15. 85.
3076 15. 85.
3077 15. 85.
3078 15. 85.
3079 15. 85.
3080 15. 85.
3081 15. 85.
3082 15. 85.
3083 15. 85.
3084 15. 85.
3085 15. 85.
3086 15. 85.
3087 15. 85.
3088 15. 85.
3089 15. 85.
3090 15. 85.
3091 14. 86.
3092 14. 86.
3093 14. 86.
3094 14. 86.
3095 13. 87.
3096 13. 87.
3097 13. 87.
3098 13. 87.
3099 13. 87.
3100 13. 87.
3101 13. 87.
3102 13. 87.
3103 14. 86.
3104 14. 86.
3105 14. 86.
3106 14. 86.
3107 13. 87.
3108 13. 87.
3109 14. 86.
3110 15. 85.
3111 16. 84.
3112 16. 84.
3113 16. 84.
3114 16. 84.
3115 16. 84.
3116 16. 84.
3117 16. 84.
3118 16. 84.
3119 16. 84.
3120 16. 84.
3121 16. 84.
3122 16. 84.
3123 16. 84.
3124 16. 84.
3125 16. 84.
3126 16. 84.
3127 16. 84.
3128 15. 85.
3129 14. 86.
3130 14. 86.
3131 14. 86.
3132 15. 85.
3133 15. 85.
3134 15. 85.
3135 15. 85.
3136 16. 84.
3137 16. 84.
3138 16. 84.
3139 16. 84.
3140 16. 84.
3141 16. 84.
3142 16. 84.
3143 16. 84.
3144 16. 84.
3145 16. 84.
3146 16. 84.
3147 15. 85.
3148 15. 85.
3149 15. 85.
3150 15. 85.
3151 15. 85.
3152 15. 85.
3153 15. 85.
3154 14. 86.
3155 14. 86.
3156 14. 86.
3157 14. 86.
3158 14. 86.
3159 13. 87.
3160 13. 87.
3161 13. 87.
3162 13. 87.
3163 13. 87.
3164 13. 87.
3165 13. 87.
3166 13. 87.
3167 13. 87.
3168 13. 87.
3169 13. 87.
3170 13. 87.
3171 13. 87.
3172 13. 87.
3173 13. 87.
3174 13. 87.
3175 13. 87.
3176 13. 87.
3177 13. 87.
3178 13. 87.
3179 12. 88.
3180 12. 88.
3181 13. 87.
3182 13. 87.
3183 13. 87.
3184 13. 87.
3185 13. 87.
3186 13. 87.
3187 14. 86.
3188 14. 86.
3189 14. 86.
3190 14. 86.
3191 14. 86.
3192 14. 86.
3193 14. 86.
3194 14. 86.
3195 14. 86.
3196 14. 86.
3197 13. 87.
3198 13. 87.
3199 13. 87.
3200 13. 87.
3201 13. 87.
3202 13. 87.
3203 13. 87.
3204 13. 87.
3205 13. 87.
3206 12. 88.
3207 12. 88.
3208 12. 88.
3209 13. 87.
3210 13. 87.
3211 13. 87.
3212 12. 88.
3213 12. 88.
3214 12. 88.
3215 12. 88.
3216 12. 88.
3217 12. 88.
3218 11. 89.
3219 11. 89.
3220 11. 89.
3221 12. 88.
3222 12. 88.
3223 12. 88.
3224 13. 87.
3225 13. 87.
3226 13. 87.
3227 12. 88.
3228 12. 88.
3229 12. 88.
3230 12. 88.
3231 12. 88.
3232 12. 88.
3233 12. 88.
3234 13. 87.
3235 13. 87.
3236 13. 87.
3237 13. 87.
3238 13. 87.
3239 13. 87.
3240 13. 87.
3241 14. 86.
3242 14. 86.
3243 13. 87.
3244 13. 87.
3245 13. 87.
3246 13. 87.
3247 13. 87.
3248 13. 87.
3249 13. 87.
3250 12. 88.
3251 12. 88.
3252 12. 88.
3253 12. 88.
3254 12. 88.
3255 12. 88.
3256 12. 88.
3257 12. 88.
3258 12. 88.
3259 12. 88.
3260 12. 88.
3261 12. 88.
3262 12. 88.
3263 12. 88.
3264 12. 88.
3265 11. 89.
3266 11. 89.
3267 11. 89.
3268 11. 89.
3269 12. 88.
3270 13. 87.
3271 13. 87.
3272 13. 87.
3273 13. 87.
3274 13. 87.
3275 13. 87.
3276 13. 87.
3277 13. 87.
3278 13. 87.
3279 13. 87.
3280 13. 87.
3281 13. 87.
3282 13. 87.
3283 13. 87.
3284 13. 87.
3285 13. 87.
3286 13. 87.
3287 13. 87.
3288 13. 87.
3289 13. 87.
3290 13. 87.
3291 13. 87.
3292 14. 86.
3293 13. 87.
3294 13. 87.
3295 13. 87.
3296 13. 87.
3297 13. 87.
3298 13. 87.
3299 13. 87.
3300 12. 88.
3301 12. 88.
3302 12. 88.
3303 12. 88.
3304 12. 88.
3305 12. 88.
3306 12. 88.
3307 12. 88.
3308 12. 88.
3309 12. 88.
3310 12. 88.
3311 12. 88.
3312 12. 88.
3313 12. 88.
3314 12. 88.
3315 12. 88.
3316 12. 88.
3317 13. 87.
3318 13. 87.
3319 13. 87.
3320 13. 87.
3321 13. 87.
3322 13. 87.
3323 13. 87.
3324 13. 87.
3325 13. 87.
3326 13. 87.
3327 13. 87.
3328 13. 87.
3329 13. 87.
3330 13. 87.
3331 13. 87.
3332 13. 87.
3333 13. 87.
3334 13. 87.
3335 13. 87.
3336 13. 87.
3337 13. 87.
3338 13. 87.
3339 12. 88.
3340 12. 88.
3341 12. 88.
3342 12. 88.
3343 12. 88.
3344 12. 88.
3345 12. 88.
3346 12. 88.
3347 12. 88.
3348 12. 88.
3349 12. 88.
3350 12. 88.
3351 12. 88.
3352 12. 88.
3353 12. 88.
3354 12. 88.
3355 12. 88.
3356 12. 88.
3357 12. 88.
3358 12. 88.
3359 12. 88.
3360 12. 88.
3361 12. 88.
3362 12. 88.
3363 12. 88.
3364 12. 88.
3365 12. 88.
3366 12. 88.
3367 13. 87.
3368 13. 87.
3369 13. 87.
3370 13. 87.
3371 13. 87.
3372 13. 87.
3373 13. 87.
3374 13. 87.
3375 13. 87.
3376 12. 88.
3377 12. 88.
3378 12. 88.
3379 12. 88.
3380 12. 88.
3381 12. 88.
3382 12. 88.
3383 12. 88.
3384 12. 88.
3385 12. 88.
3386 12. 88.
3387 12. 88.
3388 12. 88.
3389 12. 88.
3390 12. 88.
3391 12. 88.
3392 12. 88.
3393 12. 88.
3394 12. 88.
3395 12. 88.
3396 12. 88.
3397 12. 88.
3398 12. 88.
3399 12. 88.
3400 12. 88.
3401 12. 88.
3402 12. 88.
3403 12. 88.
3404 12. 88.
3405 12. 88.
3406 12. 88.
3407 12. 88.
3408 12. 88.
3409 12. 88.
3410 12. 88.
3411 12. 88.
3412 12. 88.
3413 12. 88.
3414 12. 88.
3415 12. 88.
3416 12. 88.
3417 12. 88.
3418 12. 88.
3419 12. 88.
3420 12. 88.
3421 12. 88.
3422 12. 88.
3423 12. 88.
3424 12. 88.
3425 12. 88.
3426 12. 88.
3427 12. 88.
3428 12. 88.
3429 12. 88.
3430 12. 88.
3431 12. 88.
3432 11. 89.
3433 11. 89.
3434 12. 88.
3435 12. 88.
3436 12. 88.
3437 12. 88.
3438 12. 88.
3439 12. 88.
3440 12. 88.
3441 12. 88.
3442 12. 88.
3443 12. 88.
3444 12. 88.
3445 11. 89.
3446 11. 89.
3447 11. 89.
3448 11. 89.
3449 11. 89.
3450 11. 89.
3451 11. 89.
3452 11. 89.
3453 11. 89.
3454 11. 89.
3455 11. 89.
3456 11. 89.
3457 11. 89.
3458 11. 89.
3459 11. 89.
3460 11. 89.
3461 11. 89.
3462 11. 89.
3463 11. 89.
3464 11. 89.
3465 11. 89.
3466 11. 89.
3467 11. 89.
3468 11. 89.
3469 11. 89.
3470 11. 89.
3471 12. 88.
3472 13. 87.
3473 13. 87.
3474 13. 87.
3475 13. 87.
3476 13. 87.
3477 13. 87.
3478 13. 87.
3479 13. 87.
3480 12. 88.
3481 12. 88.
3482 12. 88.
3483 12. 88.
3484 12. 88.
3485 12. 88.
3486 11. 89.
3487 11. 89.
3488 11. 89.
3489 11. 89.
3490 11. 89.
3491 11. 89.
3492 11. 89.
3493 11. 89.
3494 11. 89.
3495 11. 89.
3496 11. 89.
3497 11. 89.
3498 11. 89.
3499 11. 89.
3500 11. 89.
3501 11. 89.
3502 11. 89.
3503 11. 89.
3504 11. 89.
3505 11. 89.
3506 11. 89.
3507 11. 89.
3508 11. 89.
3509 11. 89.
3510 11. 89.
3511 11. 89.
3512 11. 89.
3513 11. 89.
3514 11. 89.
3515 11. 89.
3516 11. 89.
3517 11. 89.
3518 11. 89.
3519 11. 89.
3520 12. 88.
3521 12. 88.
3522 12. 88.
3523 12. 88.
3524 12. 88.
3525 12. 88.
3526 12. 88.
3527 13. 87.
3528 13. 87.
3529 13. 87.
3530 13. 87.
3531 13. 87.
3532 13. 87.
3533 13. 87.
3534 13. 87.
3535 13. 87.
3536 13. 87.
3537 13. 87.
3538 13. 87.
3539 13. 87.
3540 13. 87.
3541 13. 87.
3542 12. 88.
3543 12. 88.
3544 12. 88.
3545 12. 88.
3546 12. 88.
3547 11. 89.
3548 11. 89.
3549 11. 89.
3550 11. 89.
3551 11. 89.
3552 12. 88.
3553 12. 88.
3554 12. 88.
3555 12. 88.
3556 12. 88.
3557 12. 88.
3558 12. 88.
3559 12. 88.
3560 11. 89.
3561 11. 89.
3562 11. 89.
3563 11. 89.
3564 11. 89.
3565 11. 89.
3566 11. 89.
3567 11. 89.
3568 11. 89.
3569 11. 89.
3570 11. 89.
3571 11. 89.
3572 11. 89.
3573 11. 89.
3574 11. 89.
3575 11. 89.
3576 11. 89.
3577 11. 89.
3578 11. 89.
3579 11. 89.
3580 11. 89.
3581 11. 89.
3582 11. 89.
3583 11. 89.
3584 10. 90.
3585 10. 90.
3586 10. 90.
3587 10. 90.
3588 9. 91.
3589 9. 91.
3590 9. 91.
3591 9. 91.
3592 9. 91.
3593 9. 91.
3594 9. 91.
3595 9. 91.
3596 9. 91.
3597 9. 91.
3598 9. 91.
3599 9. 91.
3600 9. 91.
3601 9. 91.
3602 9. 91.
3603 9. 91.
3604 9. 91.
3605 9. 91.
3606 9. 91.
3607 9. 91.
3608 9. 91.
3609 9. 91.
3610 9. 91.
3611 9. 91.
3612 9. 91.
3613 9. 91.
3614 9. 91.
3615 8. 92.
3616 9. 91.
3617 9. 91.
3618 8. 92.
3619 8. 92.
3620 8. 92.
3621 8. 92.
3622 8. 92.
3623 8. 92.
3624 8. 92.
3625 8. 92.
3626 8. 92.
3627 8. 92.
3628 8. 92.
3629 8. 92.
3630 8. 92.
3631 9. 91.
3632 9. 91.
3633 9. 91.
3634 9. 91.
3635 9. 91.
3636 9. 91.
3637 9. 91.
3638 10. 90.
3639 10. 90.
3640 10. 90.
3641 10. 90.
3642 10. 90.
3643 10. 90.
3644 11. 89.
3645 11. 89.
3646 11. 89.
3647 10. 90.
3648 10. 90.
3649 10. 90.
3650 10. 90.
3651 10. 90.
3652 10. 90.
3653 10. 90.
3654 10. 90.
3655 10. 90.
3656 10. 90.
3657 11. 89.
3658 11. 89.
3659 11. 89.
3660 11. 89.
3661 11. 89.
3662 11. 89.
3663 11. 89.
3664 11. 89.
3665 11. 89.
3666 11. 89.
3667 12. 88.
3668 12. 88.
3669 12. 88.
3670 12. 88.
3671 12. 88.
3672 12. 88.
3673 12. 88.
3674 12. 88.
3675 12. 88.
3676 12. 88.
3677 12. 88.
3678 12. 88.
3679 12. 88.
3680 12. 88.
3681 12. 88.
3682 12. 88.
3683 12. 88.
3684 12. 88.
3685 12. 88.
3686 12. 88.
3687 12. 88.
3688 12. 88.
3689 12. 88.
3690 12. 88.
3691 12. 88.
3692 12. 88.
3693 12. 88.
3694 12. 88.
3695 12. 88.
3696 12. 88.
3697 12. 88.
3698 12. 88.
3699 11. 89.
3700 11. 89.
3701 11. 89.
3702 11. 89.
3703 11. 89.
3704 11. 89.
3705 11. 89.
3706 11. 89.
3707 11. 89.
3708 11. 89.
3709 11. 89.
3710 11. 89.
3711 11. 89.
3712 11. 89.
3713 11. 89.
3714 11. 89.
3715 11. 89.
3716 12. 88.
3717 11. 89.
3718 12. 88.
3719 12. 88.
3720 12. 88.
3721 12. 88.
3722 12. 88.
3723 12. 88.
3724 13. 87.
3725 12. 88.
3726 12. 88.
3727 12. 88.
3728 12. 88.
3729 12. 88.
3730 12. 88.
3731 12. 88.
3732 12. 88.
3733 12. 88.
3734 13. 87.
3735 13. 87.
3736 13. 87.
3737 13. 87.
3738 13. 87.
3739 13. 87.
3740 13. 87.
3741 14. 86.
3742 14. 86.
3743 14. 86.
3744 14. 86.
3745 13. 87.
3746 13. 87.
3747 14. 86.
3748 15. 85.
3749 15. 85.
3750 15. 85.
3751 15. 85.
3752 15. 85.
3753 15. 85.
3754 15. 85.
3755 15. 85.
3756 15. 85.
3757 15. 85.
3758 15. 85.
3759 15. 85.
3760 15. 85.
3761 15. 85.
3762 15. 85.
3763 15. 85.
3764 15. 85.
3765 15. 85.
3766 15. 85.
3767 15. 85.
3768 15. 85.
3769 15. 85.
3770 15. 85.
3771 15. 85.
3772 15. 85.
3773 15. 85.
3774 15. 85.
3775 15. 85.
3776 15. 85.
3777 15. 85.
3778 15. 85.
3779 15. 85.
3780 15. 85.
3781 15. 85.
3782 15. 85.
3783 15. 85.
3784 15. 85.
3785 15. 85.
3786 15. 85.
3787 15. 85.
3788 16. 84.
3789 16. 84.
3790 15. 85.
3791 15. 85.
3792 15. 85.
3793 14. 86.
3794 14. 86.
3795 14. 86.
3796 14. 86.
3797 14. 86.
3798 14. 86.
3799 14. 86.
3800 13. 87.
3801 13. 87.
3802 12. 88.
3803 12. 88.
3804 12. 88.
3805 12. 88.
3806 12. 88.
3807 12. 88.
3808 12. 88.
3809 11. 89.
3810 11. 89.
3811 11. 89.
3812 11. 89.
3813 11. 89.
3814 11. 89.
3815 11. 89.
3816 11. 89.
3817 11. 89.
3818 11. 89.
3819 10. 90.
3820 10. 90.
3821 10. 90.
3822 10. 90.
3823 10. 90.
3824 10. 90.
3825 10. 90.
3826 10. 90.
3827 10. 90.
3828 10. 90.
3829 10. 90.
3830 10. 90.
3831 10. 90.
3832 10. 90.
3833 10. 90.
3834 10. 90.
3835 10. 90.
3836 9. 91.
3837 9. 91.
3838 9. 91.
3839 9. 91.
3840 9. 91.
3841 9. 91.
3842 10. 90.
3843 10. 90.
3844 10. 90.
3845 11. 89.
3846 11. 89.
3847 11. 89.
3848 11. 89.
3849 11. 89.
3850 11. 89.
3851 11. 89.
3852 12. 88.
3853 12. 88.
3854 12. 88.
3855 12. 88.
3856 12. 88.
3857 12. 88.
3858 13. 87.
3859 13. 87.
3860 13. 87.
3861 13. 87.
3862 13. 87.
3863 13. 87.
3864 13. 87.
3865 13. 87.
3866 13. 87.
3867 13. 87.
3868 13. 87.
3869 13. 87.
3870 13. 87.
3871 13. 87.
3872 13. 87.
3873 13. 87.
3874 13. 87.
3875 13. 87.
3876 13. 87.
3877 13. 87.
3878 13. 87.
3879 13. 87.
3880 13. 87.
3881 13. 87.
3882 13. 87.
3883 13. 87.
3884 13. 87.
3885 13. 87.
3886 13. 87.
3887 13. 87.
3888 13. 87.
3889 13. 87.
3890 13. 87.
3891 13. 87.
3892 13. 87.
3893 12. 88.
3894 12. 88.
3895 12. 88.
3896 12. 88.
3897 12. 88.
3898 12. 88.
3899 11. 89.
3900 11. 89.
3901 11. 89.
3902 11. 89.
3903 11. 89.
3904 11. 89.
3905 11. 89.
3906 11. 89.
3907 11. 89.
3908 11. 89.
3909 11. 89.
3910 10. 90.
3911 10. 90.
3912 10. 90.
3913 10. 90.
3914 10. 90.
3915 10. 90.
3916 10. 90.
3917 10. 90.
3918 10. 90.
3919 10. 90.
3920 10. 90.
3921 10. 90.
3922 10. 90.
3923 10. 90.
3924 10. 90.
3925 10. 90.
3926 10. 90.
3927 11. 89.
3928 11. 89.
3929 11. 89.
3930 11. 89.
3931 11. 89.
3932 11. 89.
3933 11. 89.
3934 11. 89.
3935 11. 89.
3936 11. 89.
3937 11. 89.
3938 11. 89.
3939 11. 89.
3940 11. 89.
3941 11. 89.
3942 11. 89.
3943 11. 89.
3944 11. 89.
3945 11. 89.
3946 11. 89.
3947 11. 89.
3948 11. 89.
3949 11. 89.
3950 11. 89.
3951 11. 89.
3952 11. 89.
3953 11. 89.
3954 11. 89.
3955 11. 89.
3956 11. 89.
3957 11. 89.
3958 11. 89.
3959 11. 89.
3960 12. 88.
3961 12. 88.
3962 12. 88.
3963 12. 88.
3964 11. 89.
3965 12. 88.
3966 11. 89.
3967 11. 89.
3968 11. 89.
3969 11. 89.
3970 11. 89.
3971 11. 89.
3972 11. 89.
3973 11. 89.
3974 12. 88.
3975 12. 88.
3976 12. 88.
3977 12. 88.
3978 13. 87.
3979 13. 87.
3980 13. 87.
3981 13. 87.
3982 13. 87.
3983 13. 87.
3984 13. 87.
3985 13. 87.
3986 13. 87.
3987 13. 87.
3988 13. 87.
3989 13. 87.
3990 13. 87.
3991 13. 87.
3992 13. 87.
3993 13. 87.
3994 13. 87.
3995 13. 87.
3996 13. 87.
3997 13. 87.
3998 13. 87.
3999 13. 87.
4000 12. 88.
4001 12. 88.
4002 12. 88.
4003 12. 88.
4004 11. 89.
4005 11. 89.
4006 11. 89.
4007 10. 90.
4008 10. 90.
4009 10. 90.
4010 11. 89.
4011 11. 89.
4012 11. 89.
4013 11. 89.
4014 11. 89.
4015 11. 89.
4016 11. 89.
4017 11. 89.
4018 11. 89.
4019 10. 90.
4020 10. 90.
4021 10. 90.
4022 10. 90.
4023 10. 90.
4024 10. 90.
4025 10. 90.
4026 10. 90.
4027 10. 90.
4028 10. 90.
4029 10. 90.
4030 10. 90.
4031 10. 90.
4032 10. 90.
4033 10. 90.
4034 10. 90.
4035 10. 90.
4036 10. 90.
4037 10. 90.
4038 10. 90.
4039 10. 90.
4040 10. 90.
4041 10. 90.
4042 10. 90.
4043 10. 90.
4044 10. 90.
4045 10. 90.
4046 10. 90.
4047 11. 89.
4048 11. 89.
4049 11. 89.
4050 11. 89.
4051 11. 89.
4052 11. 89.
4053 11. 89.
4054 11. 89.
4055 11. 89.
4056 11. 89.
4057 11. 89.
4058 11. 89.
4059 11. 89.
4060 10. 90.
4061 10. 90.
4062 10. 90.
4063 10. 90.
4064 10. 90.
4065 10. 90.
4066 10. 90.
4067 10. 90.
4068 10. 90.
4069 10. 90.
4070 10. 90.
4071 10. 90.
4072 10. 90.
4073 10. 90.
4074 10. 90.
4075 10. 90.
4076 10. 90.
4077 10. 90.
4078 10. 90.
4079 10. 90.
4080 10. 90.
4081 10. 90.
4082 10. 90.
4083 10. 90.
4084 10. 90.
4085 10. 90.
4086 10. 90.
4087 10. 90.
4088 10. 90.
4089 10. 90.
4090 10. 90.
4091 10. 90.
4092 10. 90.
4093 10. 90.
4094 10. 90.
4095 10. 90.
4096 10. 90.
4097 10. 90.
4098 9. 91.
4099 9. 91.
4100 9. 91.
4101 9. 91.
4102 9. 91.
4103 8. 92.
4104 8. 92.
4105 8. 92.
4106 8. 92.
4107 8. 92.
4108 8. 92.
4109 8. 92.
4110 8. 92.
4111 8. 92.
4112 8. 92.
4113 8. 92.
4114 8. 92.
4115 8. 92.
4116 8. 92.
4117 8. 92.
4118 8. 92.
4119 8. 92.
4120 8. 92.
4121 8. 92.
4122 8. 92.
4123 8. 92.
4124 9. 91.
4125 9. 91.
4126 9. 91.
4127 9. 91.
4128 10. 90.
4129 10. 90.
4130 10. 90.
4131 10. 90.
4132 10. 90.
4133 10. 90.
4134 10. 90.
4135 10. 90.
4136 10. 90.
4137 10. 90.
4138 10. 90.
4139 10. 90.
4140 10. 90.
4141 10. 90.
4142 9. 91.
4143 9. 91.
4144 9. 91.
4145 9. 91.
4146 9. 91.
4147 9. 91.
4148 9. 91.
4149 9. 91.
4150 9. 91.
4151 9. 91.
4152 9. 91.
4153 9. 91.
4154 9. 91.
4155 9. 91.
4156 10. 90.
4157 10. 90.
4158 10. 90.
4159 10. 90.
4160 10. 90.
4161 10. 90.
4162 10. 90.
4163 10. 90.
4164 10. 90.
4165 10. 90.
4166 10. 90.
4167 10. 90.
4168 10. 90.
4169 10. 90.
4170 10. 90.
4171 10. 90.
4172 10. 90.
4173 10. 90.
4174 10. 90.
4175 10. 90.
4176 10. 90.
4177 10. 90.
4178 10. 90.
4179 10. 90.
4180 10. 90.
4181 10. 90.
4182 10. 90.
4183 10. 90.
4184 10. 90.
4185 10. 90.
4186 10. 90.
4187 10. 90.
4188 9. 91.
4189 9. 91.
4190 9. 91.
4191 9. 91.
4192 9. 91.
4193 10. 90.
4194 10. 90.
4195 10. 90.
4196 10. 90.
4197 10. 90.
4198 10. 90.
4199 10. 90.
4200 10. 90.
4201 10. 90.
4202 10. 90.
4203 10. 90.
4204 10. 90.
4205 10. 90.
4206 10. 90.
4207 10. 90.
4208 10. 90.
4209 10. 90.
4210 11. 89.
4211 11. 89.
4212 11. 89.
4213 11. 89.
4214 11. 89.
4215 11. 89.
4216 11. 89.
4217 10. 90.
4218 10. 90.
4219 10. 90.
4220 10. 90.
4221 10. 90.
4222 10. 90.
4223 10. 90.
4224 10. 90.
4225 10. 90.
4226 10. 90.
4227 10. 90.
4228 10. 90.
4229 10. 90.
4230 10. 90.
4231 10. 90.
4232 9. 91.
4233 9. 91.
4234 9. 91.
4235 9. 91.
4236 9. 91.
4237 9. 91.
4238 9. 91.
4239 9. 91.
4240 9. 91.
4241 9. 91.
4242 9. 91.
4243 9. 91.
4244 9. 91.
4245 9. 91.
4246 9. 91.
4247 9. 91.
4248 9. 91.
4249 9. 91.
4250 9. 91.
4251 9. 91.
4252 9. 91.
4253 9. 91.
4254 9. 91.
4255 8. 92.
4256 8. 92.
4257 8. 92.
4258 8. 92.
4259 8. 92.
4260 8. 92.
4261 8. 92.
4262 8. 92.
4263 9. 91.
4264 10. 90.
4265 10. 90.
4266 10. 90.
4267 10. 90.
4268 10. 90.
4269 10. 90.
4270 9. 91.
4271 9. 91.
4272 9. 91.
4273 9. 91.
4274 9. 91.
4275 9. 91.
4276 9. 91.
4277 9. 91.
4278 9. 91.
4279 9. 91.
4280 9. 91.
4281 9. 91.
4282 9. 91.
4283 9. 91.
4284 9. 91.
4285 9. 91.
4286 9. 91.
4287 9. 91.
4288 9. 91.
4289 9. 91.
4290 9. 91.
4291 9. 91.
4292 9. 91.
4293 9. 91.
4294 9. 91.
4295 9. 91.
4296 9. 91.
4297 9. 91.
4298 9. 91.
4299 9. 91.
4300 9. 91.
4301 9. 91.
4302 9. 91.
4303 9. 91.
4304 9. 91.
4305 9. 91.
4306 9. 91.
4307 9. 91.
4308 10. 90.
4309 10. 90.
4310 10. 90.
4311 10. 90.
4312 10. 90.
4313 10. 90.
4314 10. 90.
4315 10. 90.
4316 10. 90.
4317 10. 90.
4318 10. 90.
4319 10. 90.
4320 10. 90.
4321 10. 90.
4322 10. 90.
4323 10. 90.
4324 10. 90.
4325 10. 90.
4326 10. 90.
4327 10. 90.
4328 10. 90.
4329 10. 90.
4330 10. 90.
4331 10. 90.
4332 10. 90.
4333 10. 90.
4334 10. 90.
4335 10. 90.
4336 9. 91.
4337 9. 91.
4338 9. 91.
4339 9. 91.
4340 9. 91.
4341 9. 91.
4342 10. 90.
4343 10. 90.
4344 10. 90.
4345 10. 90.
4346 10. 90.
4347 10. 90.
4348 9. 91.
4349 9. 91.
4350 9. 91.
4351 9. 91.
4352 9. 91.
4353 10. 90.
4354 10. 90.
4355 10. 90.
4356 10. 90.
4357 9. 91.
4358 10. 90.
4359 10. 90.
4360 10. 90.
4361 10. 90.
4362 10. 90.
4363 11. 89.
4364 11. 89.
4365 11. 89.
4366 11. 89.
4367 11. 89.
4368 12. 88.
4369 12. 88.
4370 12. 88.
4371 12. 88.
4372 12. 88.
4373 12. 88.
4374 12. 88.
4375 12. 88.
4376 12. 88.
4377 12. 88.
4378 12. 88.
4379 12. 88.
4380 12. 88.
4381 12. 88.
4382 12. 88.
4383 11. 89.
4384 11. 89.
4385 11. 89.
4386 12. 88.
4387 12. 88.
4388 12. 88.
4389 12. 88.
4390 12. 88.
4391 12. 88.
4392 12. 88.
4393 12. 88.
4394 12. 88.
4395 12. 88.
4396 12. 88.
4397 12. 88.
4398 12. 88.
4399 12. 88.
4400 12. 88.
4401 12. 88.
4402 12. 88.
4403 12. 88.
4404 12. 88.
4405 12. 88.
4406 12. 88.
4407 12. 88.
4408 12. 88.
4409 11. 89.
4410 11. 89.
4411 11. 89.
4412 12. 88.
4413 12. 88.
4414 12. 88.
4415 12. 88.
4416 12. 88.
4417 12. 88.
4418 12. 88.
4419 12. 88.
4420 12. 88.
4421 12. 88.
4422 12. 88.
4423 12. 88.
4424 12. 88.
4425 12. 88.
4426 12. 88.
4427 11. 89.
4428 11. 89.
4429 11. 89.
4430 11. 89.
4431 11. 89.
4432 11. 89.
4433 10. 90.
4434 10. 90.
4435 10. 90.
4436 10. 90.
4437 10. 90.
4438 10. 90.
4439 10. 90.
4440 10. 90.
4441 10. 90.
4442 10. 90.
4443 10. 90.
4444 11. 89.
4445 11. 89.
4446 11. 89.
4447 11. 89.
4448 10. 90.
4449 10. 90.
4450 10. 90.
4451 10. 90.
4452 10. 90.
4453 10. 90.
4454 10. 90.
4455 10. 90.
4456 10. 90.
4457 10. 90.
4458 10. 90.
4459 10. 90.
4460 10. 90.
4461 9. 91.
4462 9. 91.
4463 9. 91.
4464 9. 91.
4465 8. 92.
4466 8. 92.
4467 8. 92.
4468 8. 92.
4469 8. 92.
4470 9. 91.
4471 9. 91.
4472 9. 91.
4473 9. 91.
4474 9. 91.
4475 9. 91.
4476 9. 91.
4477 9. 91.
4478 9. 91.
4479 9. 91.
4480 9. 91.
4481 9. 91.
4482 9. 91.
4483 9. 91.
4484 9. 91.
4485 9. 91.
4486 9. 91.
4487 9. 91.
4488 9. 91.
4489 10. 90.
4490 10. 90.
4491 10. 90.
4492 10. 90.
4493 10. 90.
4494 10. 90.
4495 11. 89.
4496 11. 89.
4497 12. 88.
4498 12. 88.
4499 12. 88.
4500 12. 88.
4501 13. 87.
4502 13. 87.
4503 13. 87.
4504 13. 87.
4505 13. 87.
4506 13. 87.
4507 13. 87.
4508 13. 87.
4509 13. 87.
4510 13. 87.
4511 13. 87.
4512 13. 87.
4513 13. 87.
4514 13. 87.
4515 13. 87.
4516 13. 87.
4517 13. 87.
4518 13. 87.
4519 13. 87.
4520 14. 86.
4521 14. 86.
4522 14. 86.
4523 14. 86.
4524 14. 86.
4525 13. 87.
4526 13. 87.
4527 13. 87.
4528 13. 87.
4529 13. 87.
4530 13. 87.
4531 13. 87.
4532 13. 87.
4533 14. 86.
4534 15. 85.
4535 15. 85.
4536 16. 84.
4537 16. 84.
4538 16. 84.
4539 16. 84.
4540 16. 84.
4541 16. 84.
4542 16. 84.
4543 16. 84.
4544 16. 84.
4545 16. 84.
4546 16. 84.
4547 16. 84.
4548 16. 84.
4549 16. 84.
4550 16. 84.
4551 16. 84.
4552 16. 84.
4553 16. 84.
4554 16. 84.
4555 16. 84.
4556 16. 84.
4557 16. 84.
4558 16. 84.
4559 16. 84.
4560 16. 84.
4561 16. 84.
4562 16. 84.
4563 16. 84.
4564 16. 84.
4565 16. 84.
4566 16. 84.
4567 16. 84.
4568 16. 84.
4569 16. 84.
4570 16. 84.
4571 16. 84.
4572 16. 84.
4573 16. 84.
4574 16. 84.
4575 16. 84.
4576 16. 84.
4577 16. 84.
4578 16. 84.
4579 16. 84.
4580 16. 84.
4581 16. 84.
4582 16. 84.
4583 16. 84.
4584 16. 84.
4585 16. 84.
4586 16. 84.
4587 15. 85.
4588 16. 84.
4589 16. 84.
4590 16. 84.
4591 16. 84.
4592 16. 84.
4593 16. 84.
4594 16. 84.
4595 16. 84.
4596 16. 84.
4597 16. 84.
4598 16. 84.
4599 16. 84.
4600 16. 84.
4601 16. 84.
4602 16. 84.
4603 16. 84.
4604 16. 84.
4605 16. 84.
4606 16. 84.
4607 16. 84.
4608 16. 84.
4609 16. 84.
4610 16. 84.
4611 16. 84.
4612 16. 84.
4613 16. 84.
4614 16. 84.
4615 16. 84.
4616 16. 84.
4617 16. 84.
4618 16. 84.
4619 16. 84.
4620 16. 84.
4621 16. 84.
4622 15. 85.
4623 15. 85.
4624 15. 85.
4625 15. 85.
4626 15. 85.
4627 15. 85.
4628 15. 85.
4629 15. 85.
4630 14. 86.
4631 14. 86.
4632 14. 86.
4633 14. 86.
4634 14. 86.
4635 14. 86.
4636 14. 86.
4637 14. 86.
4638 14. 86.
4639 13. 87.
4640 13. 87.
4641 13. 87.
4642 13. 87.
4643 13. 87.
4644 13. 87.
4645 13. 87.
4646 13. 87.
4647 13. 87.
4648 13. 87.
4649 13. 87.
4650 13. 87.
4651 13. 87.
4652 13. 87.
4653 13. 87.
4654 12. 88.
4655 11. 89.
4656 11. 89.
4657 11. 89.
4658 11. 89.
4659 11. 89.
4660 11. 89.
4661 11. 89.
4662 11. 89.
4663 11. 89.
4664 12. 88.
4665 12. 88.
4666 12. 88.
4667 12. 88.
4668 12. 88.
4669 12. 88.
4670 12. 88.
4671 12. 88.
4672 12. 88.
4673 12. 88.
4674 12. 88.
4675 11. 89.
4676 11. 89.
4677 11. 89.
4678 10. 90.
4679 10. 90.
4680 10. 90.
4681 10. 90.
4682 10. 90.
4683 10. 90.
4684 10. 90.
4685 10. 90.
4686 10. 90.
4687 10. 90.
4688 10. 90.
4689 10. 90.
4690 10. 90.
4691 10. 90.
4692 10. 90.
4693 10. 90.
4694 10. 90.
4695 10. 90.
4696 10. 90.
4697 10. 90.
4698 9. 91.
4699 9. 91.
4700 9. 91.
4701 9. 91.
4702 9. 91.
4703 9. 91.
4704 9. 91.
4705 8. 92.
4706 8. 92.
4707 8. 92.
4708 8. 92.
4709 8. 92.
4710 8. 92.
4711 8. 92.
4712 8. 92.
4713 8. 92.
4714 8. 92.
4715 8. 92.
4716 8. 92.
4717 8. 92.
4718 8. 92.
4719 8. 92.
4720 8. 92.
4721 8. 92.
4722 8. 92.
4723 8. 92.
4724 9. 91.
4725 9. 91.
4726 9. 91.
4727 9. 91.
4728 9. 91.
4729 9. 91.
4730 10. 90.
4731 10. 90.
4732 10. 90.
4733 10. 90.
4734 10. 90.
4735 10. 90.
4736 10. 90.
4737 10. 90.
4738 10. 90.
4739 11. 89.
4740 11. 89.
4741 12. 88.
4742 12. 88.
4743 12. 88.
4744 12. 88.
4745 12. 88.
4746 12. 88.
4747 12. 88.
4748 12. 88.
4749 12. 88.
4750 12. 88.
4751 11. 89.
4752 11. 89.
4753 11. 89.
4754 11. 89.
4755 11. 89.
4756 11. 89.
4757 11. 89.
4758 11. 89.
4759 11. 89.
4760 11. 89.
4761 11. 89.
4762 11. 89.
4763 11. 89.
4764 11. 89.
4765 11. 89.
4766 11. 89.
4767 11. 89.
4768 12. 88.
4769 12. 88.
4770 12. 88.
4771 12. 88.
4772 12. 88.
4773 12. 88.
4774 12. 88.
4775 12. 88.
4776 12. 88.
4777 12. 88.
4778 12. 88.
4779 12. 88.
4780 12. 88.
4781 12. 88.
4782 12. 88.
4783 12. 88.
4784 12. 88.
4785 12. 88.
4786 12. 88.
4787 12. 88.
4788 12. 88.
4789 11. 89.
4790 11. 89.
4791 11. 89.
4792 11. 89.
4793 11. 89.
4794 11. 89.
4795 11. 89.
4796 11. 89.
4797 11. 89.
4798 11. 89.
4799 11. 89.
4800 11. 89.
4801 11. 89.
4802 11. 89.
4803 11. 89.
4804 10. 90.
4805 11. 89.
4806 11. 89.
4807 11. 89.
4808 11. 89.
4809 11. 89.
4810 11. 89.
4811 11. 89.
4812 11. 89.
4813 11. 89.
4814 10. 90.
4815 10. 90.
4816 10. 90.
4817 11. 89.
4818 11. 89.
4819 11. 89.
4820 11. 89.
4821 11. 89.
4822 11. 89.
4823 11. 89.
4824 12. 88.
4825 12. 88.
4826 12. 88.
4827 12. 88.
4828 12. 88.
4829 12. 88.
4830 12. 88.
4831 12. 88.
4832 12. 88.
4833 12. 88.
4834 12. 88.
4835 12. 88.
4836 12. 88.
4837 12. 88.
4838 12. 88.
4839 12. 88.
4840 12. 88.
4841 12. 88.
4842 12. 88.
4843 12. 88.
4844 13. 87.
4845 13. 87.
4846 13. 87.
4847 13. 87.
4848 12. 88.
4849 12. 88.
4850 12. 88.
4851 12. 88.
4852 12. 88.
4853 12. 88.
4854 12. 88.
4855 11. 89.
4856 11. 89.
4857 11. 89.
4858 11. 89.
4859 10. 90.
4860 9. 91.
4861 9. 91.
4862 9. 91.
4863 10. 90.
4864 11. 89.
4865 11. 89.
4866 11. 89.
4867 11. 89.
4868 11. 89.
4869 10. 90.
4870 10. 90.
4871 10. 90.
4872 10. 90.
4873 10. 90.
4874 11. 89.
4875 11. 89.
4876 11. 89.
4877 11. 89.
4878 11. 89.
4879 11. 89.
4880 11. 89.
4881 11. 89.
4882 10. 90.
4883 11. 89.
4884 11. 89.
4885 11. 89.
4886 11. 89.
4887 11. 89.
4888 11. 89.
4889 11. 89.
4890 11. 89.
4891 11. 89.
4892 11. 89.
4893 11. 89.
4894 11. 89.
4895 11. 89.
4896 10. 90.
4897 10. 90.
4898 10. 90.
4899 10. 90.
4900 10. 90.
4901 10. 90.
4902 10. 90.
4903 10. 90.
4904 10. 90.
4905 10. 90.
4906 10. 90.
4907 10. 90.
4908 10. 90.
4909 11. 89.
4910 11. 89.
4911 11. 89.
4912 11. 89.
4913 11. 89.
4914 10. 90.
4915 10. 90.
4916 10. 90.
4917 10. 90.
4918 10. 90.
4919 10. 90.
4920 10. 90.
4921 10. 90.
4922 10. 90.
4923 10. 90.
4924 10. 90.
4925 10. 90.
4926 10. 90.
4927 10. 90.
4928 10. 90.
4929 10. 90.
4930 10. 90.
4931 10. 90.
4932 10. 90.
4933 10. 90.
4934 10. 90.
4935 11. 89.
4936 11. 89.
4937 11. 89.
4938 11. 89.
4939 11. 89.
4940 11. 89.
4941 11. 89.
4942 11. 89.
4943 11. 89.
4944 11. 89.
4945 11. 89.
4946 11. 89.
4947 11. 89.
4948 10. 90.
4949 10. 90.
4950 10. 90.
4951 10. 90.
4952 10. 90.
4953 10. 90.
4954 10. 90.
4955 10. 90.
4956 10. 90.
4957 10. 90.
4958 10. 90.
4959 10. 90.
4960 10. 90.
4961 10. 90.
4962 11. 89.
4963 11. 89.
4964 11. 89.
4965 11. 89.
4966 12. 88.
4967 12. 88.
4968 12. 88.
4969 12. 88.
4970 12. 88.
4971 12. 88.
4972 12. 88.
4973 12. 88.
4974 12. 88.
4975 12. 88.
4976 12. 88.
4977 12. 88.
4978 12. 88.
4979 12. 88.
4980 12. 88.
4981 12. 88.
4982 12. 88.
4983 12. 88.
4984 12. 88.
4985 12. 88.
4986 12. 88.
4987 12. 88.
4988 12. 88.
4989 12. 88.
4990 12. 88.
4991 12. 88.
4992 12. 88.
4993 12. 88.
4994 12. 88.
4995 12. 88.
4996 12. 88.
4997 12. 88.
4998 12. 88.
4999 11. 89.
5000 11. 89.
5001 11. 89.
5002 12. 88.
5003 12. 88.
5004 13. 87.
5005 13. 87.
5006 13. 87.
5007 13. 87.
5008 12. 88.
5009 12. 88.
5010 13. 87.
5011 13. 87.
5012 13. 87.
5013 13. 87.
5014 12. 88.
5015 12. 88.
5016 12. 88.
5017 13. 87.
5018 13. 87.
5019 13. 87.
5020 13. 87.
5021 13. 87.
5022 13. 87.
5023 13. 87.
5024 13. 87.
5025 13. 87.
5026 13. 87.
5027 13. 87.
5028 12. 88.
5029 12. 88.
5030 12. 88.
5031 12. 88.
5032 12. 88.
5033 12. 88.
5034 12. 88.
5035 12. 88.
5036 12. 88.
5037 12. 88.
5038 12. 88.
5039 12. 88.
5040 13. 87.
5041 13. 87.
5042 13. 87.
5043 13. 87.
5044 13. 87.
5045 13. 87.
5046 13. 87.
5047 13. 87.
5048 13. 87.
5049 13. 87.
5050 12. 88.
5051 12. 88.
5052 12. 88.
5053 12. 88.
5054 12. 88.
5055 12. 88.
5056 12. 88.
5057 12. 88.
5058 11. 89.
5059 11. 89.
5060 11. 89.
5061 11. 89.
5062 11. 89.
5063 11. 89.
5064 11. 89.
5065 11. 89.
5066 11. 89.
5067 11. 89.
5068 11. 89.
5069 11. 89.
5070 11. 89.
5071 11. 89.
5072 11. 89.
5073 11. 89.
5074 11. 89.
5075 11. 89.
5076 11. 89.
5077 11. 89.
5078 11. 89.
5079 11. 89.
5080 11. 89.
5081 11. 89.
5082 11. 89.
5083 11. 89.
5084 11. 89.
5085 11. 89.
5086 11. 89.
5087 11. 89.
5088 11. 89.
5089 11. 89.
5090 11. 89.
5091 11. 89.
5092 11. 89.
5093 11. 89.
5094 11. 89.
5095 11. 89.
5096 11. 89.
5097 11. 89.
5098 12. 88.
5099 12. 88.
5100 12. 88.
5101 11. 89.
5102 11. 89.
5103 11. 89.
5104 11. 89.
5105 11. 89.
5106 11. 89.
5107 11. 89.
5108 11. 89.
5109 11. 89.
5110 11. 89.
5111 11. 89.
5112 11. 89.
5113 11. 89.
5114 11. 89.
5115 10. 90.
5116 10. 90.
5117 10. 90.
5118 10. 90.
5119 10. 90.
5120 10. 90.
5121 10. 90.
5122 10. 90.
5123 10. 90.
5124 10. 90.
5125 10. 90.
5126 10. 90.
5127 10. 90.
5128 10. 90.
5129 10. 90.
5130 10. 90.
5131 10. 90.
5132 10. 90.
5133 10. 90.
5134 10. 90.
5135 10. 90.
5136 11. 89.
5137 11. 89.
5138 11. 89.
5139 11. 89.
5140 11. 89.
5141 11. 89.
5142 11. 89.
5143 11. 89.
5144 11. 89.
5145 11. 89.
5146 11. 89.
5147 11. 89.
5148 11. 89.
5149 11. 89.
5150 11. 89.
5151 11. 89.
5152 11. 89.
5153 11. 89.
5154 11. 89.
5155 11. 89.
5156 12. 88.
5157 12. 88.
5158 12. 88.
5159 12. 88.
5160 12. 88.
5161 13. 87.
5162 13. 87.
5163 13. 87.
5164 13. 87.
5165 13. 87.
5166 13. 87.
5167 13. 87.
5168 13. 87.
5169 13. 87.
5170 13. 87.
5171 13. 87.
5172 13. 87.
5173 12. 88.
5174 12. 88.
5175 12. 88.
5176 12. 88.
5177 12. 88.
5178 12. 88.
5179 11. 89.
5180 11. 89.
5181 11. 89.
5182 11. 89.
5183 11. 89.
5184 10. 90.
5185 10. 90.
5186 10. 90.
5187 10. 90.
5188 10. 90.
5189 10. 90.
5190 9. 91.
5191 9. 91.
5192 9. 91.
5193 9. 91.
5194 9. 91.
5195 9. 91.
5196 9. 91.
5197 9. 91.
5198 9. 91.
5199 9. 91.
5200 9. 91.
5201 9. 91.
5202 9. 91.
5203 9. 91.
5204 9. 91.
5205 9. 91.
5206 9. 91.
5207 9. 91.
5208 9. 91.
5209 8. 92.
5210 7. 93.
5211 7. 93.
5212 7. 93.
5213 8. 92.
5214 8. 92.
5215 8. 92.
5216 8. 92.
5217 8. 92.
5218 8. 92.
5219 8. 92.
5220 8. 92.
5221 7. 93.
5222 7. 93.
5223 7. 93.
5224 7. 93.
5225 7. 93.
5226 7. 93.
5227 7. 93.
5228 7. 93.
5229 7. 93.
5230 7. 93.
5231 7. 93.
5232 7. 93.
5233 7. 93.
5234 7. 93.
5235 7. 93.
5236 7. 93.
5237 7. 93.
5238 7. 93.
5239 7. 93.
5240 7. 93.
5241 6. 94.
5242 6. 94.
5243 6. 94.
5244 6. 94.
5245 6. 94.
5246 6. 94.
5247 6. 94.
5248 6. 94.
5249 6. 94.
5250 6. 94.
5251 6. 94.
5252 6. 94.
5253 6. 94.
5254 6. 94.
5255 6. 94.
5256 6. 94.
5257 6. 94.
5258 6. 94.
5259 6. 94.
5260 6. 94.
5261 6. 94.
5262 6. 94.
5263 6. 94.
5264 7. 93.
5265 7. 93.
5266 7. 93.
5267 7. 93.
5268 7. 93.
5269 7. 93.
5270 7. 93.
5271 8. 92.
5272 8. 92.
5273 8. 92.
5274 8. 92.
5275 8. 92.
5276 9. 91.
5277 9. 91.
5278 9. 91.
5279 9. 91.
5280 9. 91.
5281 9. 91.
5282 9. 91.
5283 9. 91.
5284 9. 91.
5285 9. 91.
5286 9. 91.
5287 9. 91.
5288 9. 91.
5289 9. 91.
5290 9. 91.
5291 10. 90.
5292 10. 90.
5293 10. 90.
5294 10. 90.
5295 10. 90.
5296 10. 90.
5297 10. 90.
5298 10. 90.
5299 10. 90.
5300 10. 90.
5301 10. 90.
5302 10. 90.
5303 10. 90.
5304 11. 89.
5305 11. 89.
5306 11. 89.
5307 11. 89.
5308 12. 88.
5309 12. 88.
5310 12. 88.
5311 12. 88.
5312 12. 88.
5313 11. 89.
5314 12. 88.
5315 12. 88.
5316 12. 88.
5317 12. 88.
5318 12. 88.
5319 12. 88.
5320 12. 88.
5321 12. 88.
5322 12. 88.
5323 12. 88.
5324 12. 88.
5325 12. 88.
5326 12. 88.
5327 12. 88.
5328 12. 88.
5329 12. 88.
5330 12. 88.
5331 12. 88.
5332 12. 88.
5333 12. 88.
5334 12. 88.
5335 12. 88.
5336 12. 88.
5337 11. 89.
5338 11. 89.
5339 11. 89.
5340 11. 89.
5341 11. 89.
5342 11. 89.
5343 11. 89.
5344 11. 89.
5345 11. 89.
5346 11. 89.
5347 11. 89.
5348 11. 89.
5349 11. 89.
5350 11. 89.
5351 12. 88.
5352 11. 89.
5353 11. 89.
5354 12. 88.
5355 12. 88.
5356 12. 88.
5357 12. 88.
5358 12. 88.
5359 12. 88.
5360 12. 88.
5361 12. 88.
5362 12. 88.
5363 12. 88.
5364 12. 88.
5365 12. 88.
5366 11. 89.
5367 11. 89.
5368 11. 89.
5369 11. 89.
5370 11. 89.
5371 11. 89.
5372 11. 89.
5373 11. 89.
5374 11. 89.
5375 11. 89.
5376 11. 89.
5377 11. 89.
5378 11. 89.
5379 11. 89.
5380 11. 89.
5381 11. 89.
5382 11. 89.
5383 11. 89.
5384 11. 89.
5385 11. 89.
5386 11. 89.
5387 11. 89.
5388 11. 89.
5389 11. 89.
5390 11. 89.
5391 11. 89.
5392 10. 90.
5393 10. 90.
5394 10. 90.
5395 11. 89.
5396 11. 89.
5397 11. 89.
5398 11. 89.
5399 11. 89.
5400 11. 89.
5401 11. 89.
5402 11. 89.
5403 10. 90.
5404 10. 90.
5405 10. 90.
5406 10. 90.
5407 10. 90.
5408 10. 90.
5409 10. 90.
5410 10. 90.
5411 10. 90.
5412 10. 90.
5413 10. 90.
5414 10. 90.
5415 10. 90.
5416 10. 90.
5417 10. 90.
5418 10. 90.
5419 10. 90.
5420 11. 89.
5421 11. 89.
5422 11. 89.
5423 11. 89.
5424 11. 89.
5425 11. 89.
5426 11. 89.
5427 11. 89.
5428 11. 89.
5429 11. 89.
5430 11. 89.
5431 11. 89.
5432 11. 89.
5433 11. 89.
5434 12. 88.
5435 11. 89.
5436 11. 89.
5437 11. 89.
5438 11. 89.
5439 10. 90.
5440 9. 91.
5441 9. 91.
5442 9. 91.
5443 9. 91.
5444 9. 91.
5445 9. 91.
5446 9. 91.
5447 9. 91.
5448 8. 92.
5449 8. 92.
5450 8. 92.
5451 8. 92.
5452 8. 92.
5453 9. 91.
5454 9. 91.
5455 9. 91.
5456 9. 91.
5457 9. 91.
5458 9. 91.
5459 10. 90.
5460 10. 90.
5461 10. 90.
5462 10. 90.
5463 10. 90.
5464 10. 90.
5465 10. 90.
5466 10. 90.
5467 10. 90.
5468 10. 90.
5469 10. 90.
5470 10. 90.
5471 10. 90.
5472 10. 90.
5473 10. 90.
5474 10. 90.
5475 10. 90.
5476 10. 90.
5477 10. 90.
5478 10. 90.
5479 10. 90.
5480 10. 90.
5481 10. 90.
5482 10. 90.
5483 10. 90.
5484 10. 90.
5485 10. 90.
5486 10. 90.
5487 11. 89.
5488 11. 89.
5489 11. 89.
5490 11. 89.
5491 11. 89.
5492 11. 89.
5493 11. 89.
5494 11. 89.
5495 11. 89.
5496 11. 89.
5497 11. 89.
5498 11. 89.
5499 11. 89.
5500 11. 89.
5501 11. 89.
5502 11. 89.
5503 11. 89.
5504 11. 89.
5505 11. 89.
5506 11. 89.
5507 11. 89.
5508 11. 89.
5509 11. 89.
5510 11. 89.
5511 11. 89.
5512 11. 89.
5513 11. 89.
5514 11. 89.
5515 11. 89.
5516 11. 89.
5517 11. 89.
5518 11. 89.
5519 11. 89.
5520 11. 89.
5521 11. 89.
5522 11. 89.
5523 11. 89.
5524 11. 89.
5525 12. 88.
5526 12. 88.
5527 12. 88.
5528 12. 88.
5529 12. 88.
5530 11. 89.
5531 11. 89.
5532 11. 89.
5533 11. 89.
5534 11. 89.
5535 11. 89.
5536 11. 89.
5537 11. 89.
5538 12. 88.
5539 12. 88.
5540 11. 89.
5541 11. 89.
5542 11. 89.
5543 11. 89.
5544 11. 89.
5545 11. 89.
5546 10. 90.
5547 10. 90.
5548 10. 90.
5549 10. 90.
5550 9. 91.
5551 9. 91.
5552 9. 91.
5553 9. 91.
5554 9. 91.
5555 9. 91.
5556 10. 90.
5557 10. 90.
5558 10. 90.
5559 10. 90.
5560 10. 90.
5561 10. 90.
5562 10. 90.
5563 10. 90.
5564 10. 90.
5565 10. 90.
5566 10. 90.
5567 10. 90.
5568 9. 91.
5569 9. 91.
5570 9. 91.
5571 9. 91.
5572 9. 91.
5573 9. 91.
5574 9. 91.
5575 9. 91.
5576 9. 91.
5577 9. 91.
5578 9. 91.
5579 9. 91.
5580 9. 91.
5581 9. 91.
5582 9. 91.
5583 9. 91.
5584 9. 91.
5585 9. 91.
5586 9. 91.
5587 9. 91.
5588 9. 91.
5589 9. 91.
5590 9. 91.
5591 9. 91.
5592 9. 91.
5593 10. 90.
5594 10. 90.
5595 10. 90.
5596 10. 90.
5597 10. 90.
5598 10. 90.
5599 10. 90.
5600 10. 90.
5601 10. 90.
5602 10. 90.
5603 10. 90.
5604 10. 90.
5605 9. 91.
5606 9. 91.
5607 9. 91.
5608 9. 91.
5609 9. 91.
5610 9. 91.
5611 9. 91.
5612 9. 91.
5613 9. 91.
5614 9. 91.
5615 9. 91.
5616 9. 91.
5617 9. 91.
5618 9. 91.
5619 9. 91.
5620 9. 91.
5621 9. 91.
5622 9. 91.
5623 8. 92.
5624 8. 92.
5625 8. 92.
5626 8. 92.
5627 8. 92.
5628 8. 92.
5629 8. 92.
5630 7. 93.
5631 7. 93.
5632 7. 93.
5633 7. 93.
5634 6. 94.
5635 6. 94.
5636 6. 94.
5637 6. 94.
5638 6. 94.
5639 6. 94.
5640 6. 94.
5641 6. 94.
5642 6. 94.
5643 6. 94.
5644 6. 94.
5645 6. 94.
5646 6. 94.
5647 6. 94.
5648 6. 94.
5649 6. 94.
5650 6. 94.
5651 6. 94.
5652 6. 94.
5653 6. 94.
5654 6. 94.
5655 6. 94.
5656 6. 94.
5657 6. 94.
5658 6. 94.
5659 6. 94.
5660 6. 94.
5661 6. 94.
5662 6. 94.
5663 6. 94.
5664 6. 94.
5665 7. 93.
5666 7. 93.
5667 7. 93.
5668 7. 93.
5669 7. 93.
5670 7. 93.
5671 7. 93.
5672 7. 93.
5673 7. 93.
5674 7. 93.
5675 7. 93.
5676 7. 93.
5677 7. 93.
5678 7. 93.
5679 7. 93.
5680 7. 93.
5681 7. 93.
5682 7. 93.
5683 7. 93.
5684 7. 93.
5685 7. 93.
5686 7. 93.
5687 7. 93.
5688 7. 93.
5689 7. 93.
5690 7. 93.
5691 7. 93.
5692 7. 93.
5693 7. 93.
5694 7. 93.
5695 7. 93.
5696 8. 92.
5697 8. 92.
5698 8. 92.
5699 8. 92.
5700 8. 92.
5701 8. 92.
5702 8. 92.
5703 7. 93.
5704 8. 92.
5705 8. 92.
5706 8. 92.
5707 8. 92.
5708 8. 92.
5709 8. 92.
5710 8. 92.
5711 8. 92.
5712 8. 92.
5713 8. 92.
5714 8. 92.
5715 8. 92.
5716 8. 92.
5717 8. 92.
5718 8. 92.
5719 8. 92.
5720 8. 92.
5721 8. 92.
5722 8. 92.
5723 8. 92.
5724 8. 92.
5725 8. 92.
5726 8. 92.
5727 8. 92.
5728 8. 92.
5729 8. 92.
5730 8. 92.
5731 8. 92.
5732 8. 92.
5733 8. 92.
5734 8. 92.
5735 8. 92.
5736 8. 92.
5737 8. 92.
5738 8. 92.
5739 8. 92.
5740 8. 92.
5741 8. 92.
5742 8. 92.
5743 8. 92.
5744 8. 92.
5745 8. 92.
5746 8. 92.
5747 8. 92.
5748 8. 92.
5749 8. 92.
5750 8. 92.
5751 8. 92.
5752 8. 92.
5753 8. 92.
5754 9. 91.
5755 9. 91.
5756 9. 91.
5757 9. 91.
5758 9. 91.
5759 9. 91.
5760 9. 91.
5761 9. 91.
5762 9. 91.
5763 9. 91.
5764 9. 91.
5765 8. 92.
5766 8. 92.
5767 8. 92.
5768 8. 92.
5769 8. 92.
5770 8. 92.
5771 8. 92.
5772 8. 92.
5773 8. 92.
5774 8. 92.
5775 8. 92.
5776 8. 92.
5777 8. 92.
5778 8. 92.
5779 8. 92.
5780 9. 91.
5781 9. 91.
5782 9. 91.
5783 9. 91.
5784 9. 91.
5785 9. 91.
5786 9. 91.
5787 9. 91.
5788 9. 91.
5789 9. 91.
5790 9. 91.
5791 9. 91.
5792 9. 91.
5793 9. 91.
5794 9. 91.
5795 9. 91.
5796 9. 91.
5797 9. 91.
5798 9. 91.
5799 9. 91.
5800 8. 92.
5801 8. 92.
5802 8. 92.
5803 8. 92.
5804 8. 92.
5805 8. 92.
5806 8. 92.
5807 8. 92.
5808 7. 93.
5809 7. 93.
5810 7. 93.
5811 7. 93.
5812 7. 93.
5813 7. 93.
5814 7. 93.
5815 7. 93.
5816 8. 92.
5817 8. 92.
5818 8. 92.
5819 8. 92.
5820 8. 92.
5821 8. 92.
5822 8. 92.
5823 8. 92.
5824 8. 92.
5825 8. 92.
5826 8. 92.
5827 8. 92.
5828 8. 92.
5829 8. 92.
5830 8. 92.
5831 8. 92.
5832 8. 92.
5833 8. 92.
5834 8. 92.
5835 8. 92.
5836 8. 92.
5837 8. 92.
5838 8. 92.
5839 8. 92.
5840 8. 92.
5841 8. 92.
5842 8. 92.
5843 8. 92.
5844 8. 92.
5845 8. 92.
5846 8. 92.
5847 8. 92.
5848 8. 92.
5849 8. 92.
5850 8. 92.
5851 8. 92.
5852 8. 92.
5853 8. 92.
5854 8. 92.
5855 8. 92.
5856 8. 92.
5857 8. 92.
5858 8. 92.
5859 8. 92.
5860 8. 92.
5861 8. 92.
5862 8. 92.
5863 8. 92.
5864 8. 92.
5865 8. 92.
5866 8. 92.
5867 8. 92.
5868 8. 92.
5869 8. 92.
5870 8. 92.
5871 8. 92.
5872 8. 92.
5873 8. 92.
5874 8. 92.
5875 8. 92.
5876 8. 92.
5877 8. 92.
5878 8. 92.
5879 8. 92.
5880 8. 92.
5881 7. 93.
5882 7. 93.
5883 7. 93.
5884 7. 93.
5885 7. 93.
5886 7. 93.
5887 7. 93.
5888 7. 93.
5889 7. 93.
5890 7. 93.
5891 7. 93.
5892 7. 93.
5893 7. 93.
5894 7. 93.
5895 7. 93.
5896 7. 93.
5897 7. 93.
5898 7. 93.
5899 7. 93.
5900 7. 93.
5901 7. 93.
5902 7. 93.
5903 7. 93.
5904 7. 93.
5905 7. 93.
5906 7. 93.
5907 7. 93.
5908 7. 93.
5909 7. 93.
5910 7. 93.
5911 7. 93.
5912 7. 93.
5913 7. 93.
5914 7. 93.
5915 7. 93.
5916 7. 93.
5917 7. 93.
5918 7. 93.
5919 7. 93.
5920 7. 93.
5921 7. 93.
5922 7. 93.
5923 7. 93.
5924 7. 93.
5925 7. 93.
5926 7. 93.
5927 7. 93.
5928 7. 93.
5929 7. 93.
5930 7. 93.
5931 7. 93.
5932 7. 93.
5933 7. 93.
5934 7. 93.
5935 7. 93.
5936 7. 93.
5937 8. 92.
5938 8. 92.
5939 8. 92.
5940 8. 92.
5941 8. 92.
5942 8. 92.
5943 8. 92.
5944 9. 91.
5945 9. 91.
5946 9. 91.
5947 9. 91.
5948 9. 91.
5949 9. 91.
5950 9. 91.
5951 9. 91.
5952 9. 91.
5953 8. 92.
5954 8. 92.
5955 8. 92.
5956 8. 92.
5957 8. 92.
5958 8. 92.
5959 8. 92.
5960 8. 92.
5961 8. 92.
5962 8. 92.
5963 8. 92.
5964 8. 92.
5965 7. 93.
5966 7. 93.
5967 7. 93.
5968 7. 93.
5969 7. 93.
5970 7. 93.
5971 8. 92.
5972 8. 92.
5973 8. 92.
5974 8. 92.
5975 8. 92.
5976 8. 92.
5977 8. 92.
5978 8. 92.
5979 8. 92.
5980 8. 92.
5981 8. 92.
5982 8. 92.
5983 8. 92.
5984 8. 92.
5985 8. 92.
5986 8. 92.
5987 8. 92.
5988 8. 92.
5989 8. 92.
5990 8. 92.
5991 8. 92.
5992 8. 92.
5993 8. 92.
5994 8. 92.
5995 7. 93.
5996 7. 93.
5997 7. 93.
5998 6. 94.
5999 6. 94.
6000 6. 94.
6001 6. 94.
6002 6. 94.
6003 6. 94.
6004 6. 94.
6005 6. 94.
6006 6. 94.
6007 6. 94.
6008 6. 94.
6009 6. 94.
6010 6. 94.
6011 6. 94.
6012 6. 94.
6013 7. 93.
6014 7. 93.
6015 7. 93.
6016 7. 93.
6017 7. 93.
6018 7. 93.
6019 7. 93.
6020 7. 93.
6021 6. 94.
6022 6. 94.
6023 6. 94.
6024 6. 94.
6025 6. 94.
6026 6. 94.
6027 6. 94.
6028 6. 94.
6029 6. 94.
6030 6. 94.
6031 6. 94.
6032 6. 94.
6033 5. 95.
6034 5. 95.
6035 5. 95.
6036 5. 95.
6037 5. 95.
6038 5. 95.
6039 5. 95.
6040 6. 94.
6041 6. 94.
6042 6. 94.
6043 6. 94.
6044 6. 94.
6045 6. 94.
6046 6. 94.
6047 6. 94.
6048 6. 94.
6049 6. 94.
6050 5. 95.
6051 5. 95.
6052 5. 95.
6053 5. 95.
6054 5. 95.
6055 5. 95.
6056 5. 95.
6057 5. 95.
6058 5. 95.
6059 5. 95.
6060 5. 95.
6061 5. 95.
6062 5. 95.
6063 5. 95.
6064 5. 95.
6065 5. 95.
6066 5. 95.
6067 5. 95.
6068 5. 95.
6069 5. 95.
6070 5. 95.
6071 6. 94.
6072 6. 94.
6073 6. 94.
6074 6. 94.
6075 5. 95.
6076 5. 95.
6077 5. 95.
6078 5. 95.
6079 5. 95.
6080 5. 95.
6081 5. 95.
6082 5. 95.
6083 5. 95.
6084 5. 95.
6085 5. 95.
6086 5. 95.
6087 5. 95.
6088 5. 95.
6089 5. 95.
6090 5. 95.
6091 5. 95.
6092 5. 95.
6093 5. 95.
6094 5. 95.
6095 5. 95.
6096 5. 95.
6097 5. 95.
6098 5. 95.
6099 5. 95.
6100 5. 95.
6101 5. 95.
6102 5. 95.
6103 5. 95.
6104 5. 95.
6105 5. 95.
6106 5. 95.
6107 5. 95.
6108 5. 95.
6109 5. 95.
6110 4. 96.
6111 4. 96.
6112 4. 96.
6113 4. 96.
6114 4. 96.
6115 4. 96.
6116 4. 96.
6117 4. 96.
6118 4. 96.
6119 4. 96.
6120 4. 96.
6121 4. 96.
6122 4. 96.
6123 4. 96.
6124 4. 96.
6125 4. 96.
6126 4. 96.
6127 4. 96.
6128 3. 97.
6129 3. 97.
6130 3. 97.
6131 3. 97.
6132 3. 97.
6133 3. 97.
6134 3. 97.
6135 3. 97.
6136 3. 97.
6137 3. 97.
6138 3. 97.
6139 3. 97.
6140 3. 97.
6141 3. 97.
6142 3. 97.
6143 3. 97.
6144 3. 97.
6145 3. 97.
6146 3. 97.
6147 3. 97.
6148 3. 97.
6149 3. 97.
6150 3. 97.
6151 3. 97.
6152 3. 97.
6153 3. 97.
6154 3. 97.
6155 3. 97.
6156 3. 97.
6157 3. 97.
6158 3. 97.
6159 3. 97.
6160 3. 97.
6161 3. 97.
6162 3. 97.
6163 3. 97.
6164 3. 97.
6165 3. 97.
6166 3. 97.
6167 3. 97.
6168 3. 97.
6169 3. 97.
6170 3. 97.
6171 3. 97.
6172 3. 97.
6173 3. 97.
6174 3. 97.
6175 3. 97.
6176 3. 97.
6177 4. 96.
6178 4. 96.
6179 4. 96.
6180 4. 96.
6181 4. 96.
6182 4. 96.
6183 4. 96.
6184 4. 96.
6185 4. 96.
6186 5. 95.
6187 5. 95.
6188 5. 95.
6189 5. 95.
6190 5. 95.
6191 5. 95.
6192 5. 95.
6193 5. 95.
6194 5. 95.
6195 6. 94.
6196 6. 94.
6197 6. 94.
6198 6. 94.
6199 6. 94.
6200 6. 94.
6201 6. 94.
6202 6. 94.
6203 6. 94.
6204 6. 94.
6205 6. 94.
6206 6. 94.
6207 6. 94.
6208 6. 94.
6209 6. 94.
6210 6. 94.
6211 6. 94.
6212 6. 94.
6213 6. 94.
6214 6. 94.
6215 6. 94.
6216 6. 94.
6217 6. 94.
6218 6. 94.
6219 6. 94.
6220 6. 94.
6221 6. 94.
6222 6. 94.
6223 6. 94.
6224 6. 94.
6225 6. 94.
6226 6. 94.
6227 6. 94.
6228 6. 94.
6229 6. 94.
6230 6. 94.
6231 6. 94.
6232 6. 94.
6233 6. 94.
6234 6. 94.
6235 6. 94.
6236 6. 94.
6237 6. 94.
6238 6. 94.
6239 6. 94.
6240 6. 94.
6241 6. 94.
6242 6. 94.
6243 7. 93.
6244 7. 93.
6245 7. 93.
6246 7. 93.
6247 7. 93.
6248 7. 93.
6249 7. 93.
6250 7. 93.
6251 7. 93.
6252 7. 93.
6253 7. 93.
6254 7. 93.
6255 7. 93.
6256 8. 92.
6257 8. 92.
6258 8. 92.
6259 8. 92.
6260 8. 92.
6261 8. 92.
6262 8. 92.
6263 8. 92.
6264 8. 92.
6265 7. 93.
6266 7. 93.
6267 7. 93.
6268 6. 94.
6269 6. 94.
6270 6. 94.
6271 6. 94.
6272 6. 94.
6273 7. 93.
6274 7. 93.
6275 7. 93.
6276 7. 93.
6277 7. 93.
6278 7. 93.
6279 7. 93.
6280 7. 93.
6281 7. 93.
6282 7. 93.
6283 7. 93.
6284 7. 93.
6285 7. 93.
6286 7. 93.
6287 7. 93.
6288 7. 93.
6289 7. 93.
6290 7. 93.
6291 7. 93.
6292 7. 93.
6293 7. 93.
6294 7. 93.
6295 7. 93.
6296 7. 93.
6297 7. 93.
6298 7. 93.
6299 7. 93.
6300 7. 93.
6301 7. 93.
6302 7. 93.
6303 7. 93.
6304 7. 93.
6305 7. 93.
6306 7. 93.
6307 7. 93.
6308 7. 93.
6309 7. 93.
6310 7. 93.
6311 7. 93.
6312 7. 93.
6313 7. 93.
6314 7. 93.
6315 7. 93.
6316 7. 93.
6317 7. 93.
6318 7. 93.
6319 7. 93.
6320 7. 93.
6321 7. 93.
6322 7. 93.
6323 7. 93.
6324 7. 93.
6325 7. 93.
6326 7. 93.
6327 7. 93.
6328 7. 93.
6329 7. 93.
6330 7. 93.
6331 7. 93.
6332 7. 93.
6333 6. 94.
6334 6. 94.
6335 6. 94.
6336 6. 94.
6337 6. 94.
6338 6. 94.
6339 6. 94.
6340 6. 94.
6341 6. 94.
6342 6. 94.
6343 6. 94.
6344 6. 94.
6345 6. 94.
6346 6. 94.
6347 6. 94.
6348 6. 94.
6349 6. 94.
6350 6. 94.
6351 6. 94.
6352 6. 94.
6353 6. 94.
6354 6. 94.
6355 6. 94.
6356 6. 94.
6357 6. 94.
6358 6. 94.
6359 6. 94.
6360 6. 94.
6361 6. 94.
6362 6. 94.
6363 6. 94.
6364 6. 94.
6365 6. 94.
6366 6. 94.
6367 6. 94.
6368 6. 94.
6369 6. 94.
6370 6. 94.
6371 6. 94.
6372 6. 94.
6373 6. 94.
6374 6. 94.
6375 6. 94.
6376 6. 94.
6377 6. 94.
6378 6. 94.
6379 5. 95.
6380 5. 95.
6381 5. 95.
6382 5. 95.
6383 5. 95.
6384 5. 95.
6385 5. 95.
6386 5. 95.
6387 5. 95.
6388 5. 95.
6389 5. 95.
6390 5. 95.
6391 5. 95.
6392 5. 95.
6393 5. 95.
6394 5. 95.
6395 5. 95.
6396 5. 95.
6397 5. 95.
6398 5. 95.
6399 5. 95.
6400 5. 95.
6401 5. 95.
6402 5. 95.
6403 5. 95.
6404 5. 95.
6405 5. 95.
6406 5. 95.
6407 6. 94.
6408 6. 94.
6409 6. 94.
6410 6. 94.
6411 6. 94.
6412 6. 94.
6413 6. 94.
6414 6. 94.
6415 6. 94.
6416 6. 94.
6417 6. 94.
6418 6. 94.
6419 6. 94.
6420 6. 94.
6421 6. 94.
6422 6. 94.
6423 6. 94.
6424 6. 94.
6425 6. 94.
6426 6. 94.
6427 6. 94.
6428 6. 94.
6429 6. 94.
6430 6. 94.
6431 6. 94.
6432 6. 94.
6433 6. 94.
6434 6. 94.
6435 6. 94.
6436 6. 94.
6437 6. 94.
6438 6. 94.
6439 6. 94.
6440 6. 94.
6441 6. 94.
6442 6. 94.
6443 6. 94.
6444 6. 94.
6445 6. 94.
6446 6. 94.
6447 7. 93.
6448 7. 93.
6449 7. 93.
6450 7. 93.
6451 7. 93.
6452 7. 93.
6453 7. 93.
6454 7. 93.
6455 7. 93.
6456 7. 93.
6457 7. 93.
6458 7. 93.
6459 7. 93.
6460 7. 93.
6461 7. 93.
6462 7. 93.
6463 6. 94.
6464 6. 94.
6465 5. 95.
6466 5. 95.
6467 5. 95.
6468 5. 95.
6469 5. 95.
6470 5. 95.
6471 5. 95.
6472 5. 95.
6473 5. 95.
6474 5. 95.
6475 5. 95.
6476 5. 95.
6477 5. 95.
6478 5. 95.
6479 5. 95.
6480 5. 95.
6481 5. 95.
6482 5. 95.
6483 5. 95.
6484 5. 95.
6485 5. 95.
6486 5. 95.
6487 5. 95.
6488 5. 95.
6489 5. 95.
6490 5. 95.
6491 5. 95.
6492 5. 95.
6493 5. 95.
6494 5. 95.
6495 6. 94.
6496 6. 94.
6497 7. 93.
6498 7. 93.
6499 7. 93.
6500 7. 93.
6501 7. 93.
6502 7. 93.
6503 7. 93.
6504 7. 93.
6505 7. 93.
6506 7. 93.
6507 7. 93.
6508 7. 93.
6509 7. 93.
6510 7. 93.
6511 7. 93.
6512 7. 93.
6513 7. 93.
6514 7. 93.
6515 7. 93.
6516 7. 93.
6517 7. 93.
6518 7. 93.
6519 7. 93.
6520 7. 93.
6521 7. 93.
6522 7. 93.
6523 7. 93.
6524 7. 93.
6525 7. 93.
6526 7. 93.
6527 7. 93.
6528 7. 93.
6529 7. 93.
6530 7. 93.
6531 7. 93.
6532 7. 93.
6533 7. 93.
6534 7. 93.
6535 7. 93.
6536 7. 93.
6537 7. 93.
6538 7. 93.
6539 7. 93.
6540 7. 93.
6541 7. 93.
6542 7. 93.
6543 7. 93.
6544 7. 93.
6545 7. 93.
6546 6. 94.
6547 6. 94.
6548 6. 94.
6549 6. 94.
6550 6. 94.
6551 6. 94.
6552 6. 94.
6553 6. 94.
6554 6. 94.
6555 6. 94.
6556 6. 94.
6557 6. 94.
6558 6. 94.
6559 6. 94.
6560 7. 93.
6561 7. 93.
6562 7. 93.
6563 7. 93.
6564 7. 93.
6565 7. 93.
6566 7. 93.
6567 7. 93.
6568 7. 93.
6569 7. 93.
6570 7. 93.
6571 7. 93.
6572 7. 93.
6573 7. 93.
6574 7. 93.
6575 7. 93.
6576 7. 93.
6577 7. 93.
6578 7. 93.
6579 7. 93.
6580 6. 94.
6581 6. 94.
6582 6. 94.
6583 6. 94.
6584 6. 94.
6585 6. 94.
6586 6. 94.
6587 6. 94.
6588 6. 94.
6589 7. 93.
6590 7. 93.
6591 7. 93.
6592 7. 93.
6593 7. 93.
6594 7. 93.
6595 6. 94.
6596 6. 94.
6597 6. 94.
6598 6. 94.
6599 6. 94.
6600 6. 94.
6601 6. 94.
6602 6. 94.
6603 6. 94.
6604 6. 94.
6605 6. 94.
6606 6. 94.
6607 6. 94.
6608 6. 94.
6609 6. 94.
6610 6. 94.
6611 6. 94.
6612 6. 94.
6613 6. 94.
6614 6. 94.
6615 6. 94.
6616 6. 94.
6617 6. 94.
6618 6. 94.
6619 6. 94.
6620 6. 94.
6621 6. 94.
6622 5. 95.
6623 5. 95.
6624 5. 95.
6625 5. 95.
6626 5. 95.
6627 5. 95.
6628 5. 95.
6629 5. 95.
6630 5. 95.
6631 6. 94.
6632 6. 94.
6633 6. 94.
6634 6. 94.
6635 6. 94.
6636 6. 94.
6637 6. 94.
6638 6. 94.
6639 6. 94.
6640 6. 94.
6641 6. 94.
6642 6. 94.
6643 7. 93.
6644 7. 93.
6645 7. 93.
6646 7. 93.
6647 7. 93.
6648 7. 93.
6649 7. 93.
6650 7. 93.
6651 7. 93.
6652 7. 93.
6653 6. 94.
6654 6. 94.
6655 6. 94.
6656 6. 94.
6657 6. 94.
6658 6. 94.
6659 7. 93.
6660 7. 93.
6661 7. 93.
6662 7. 93.
6663 7. 93.
6664 7. 93.
6665 7. 93.
6666 7. 93.
6667 7. 93.
6668 7. 93.
6669 7. 93.
6670 7. 93.
6671 7. 93.
6672 7. 93.
6673 7. 93.
6674 6. 94.
6675 6. 94.
6676 6. 94.
6677 6. 94.
6678 6. 94.
6679 6. 94.
6680 6. 94.
6681 6. 94.
6682 6. 94.
6683 6. 94.
6684 6. 94.
6685 6. 94.
6686 6. 94.
6687 6. 94.
6688 6. 94.
6689 6. 94.
6690 6. 94.
6691 6. 94.
6692 6. 94.
6693 6. 94.
6694 6. 94.
6695 7. 93.
6696 7. 93.
6697 7. 93.
6698 7. 93.
6699 7. 93.
6700 7. 93.
6701 7. 93.
6702 7. 93.
6703 7. 93.
6704 7. 93.
6705 7. 93.
6706 7. 93.
6707 7. 93.
6708 7. 93.
6709 7. 93.
6710 7. 93.
6711 7. 93.
6712 7. 93.
6713 7. 93.
6714 7. 93.
6715 7. 93.
6716 7. 93.
6717 7. 93.
6718 7. 93.
6719 7. 93.
6720 7. 93.
6721 6. 94.
6722 6. 94.
6723 6. 94.
6724 6. 94.
6725 6. 94.
6726 6. 94.
6727 6. 94.
6728 6. 94.
6729 6. 94.
6730 6. 94.
6731 7. 93.
6732 7. 93.
6733 7. 93.
6734 7. 93.
6735 7. 93.
6736 7. 93.
6737 8. 92.
6738 8. 92.
6739 8. 92.
6740 8. 92.
6741 8. 92.
6742 8. 92.
6743 8. 92.
6744 8. 92.
6745 8. 92.
6746 8. 92.
6747 8. 92.
6748 8. 92.
6749 8. 92.
6750 8. 92.
6751 8. 92.
6752 7. 93.
6753 7. 93.
6754 7. 93.
6755 7. 93.
6756 7. 93.
6757 7. 93.
6758 7. 93.
6759 7. 93.
6760 7. 93.
6761 7. 93.
6762 7. 93.
6763 7. 93.
6764 7. 93.
6765 7. 93.
6766 7. 93.
6767 7. 93.
6768 7. 93.
6769 7. 93.
6770 6. 94.
6771 6. 94.
6772 6. 94.
6773 6. 94.
6774 6. 94.
6775 7. 93.
6776 7. 93.
6777 7. 93.
6778 7. 93.
6779 7. 93.
6780 7. 93.
6781 7. 93.
6782 7. 93.
6783 7. 93.
6784 7. 93.
6785 7. 93.
6786 7. 93.
6787 6. 94.
6788 6. 94.
6789 6. 94.
6790 6. 94.
6791 6. 94.
6792 6. 94.
6793 6. 94.
6794 6. 94.
6795 6. 94.
6796 6. 94.
6797 6. 94.
6798 6. 94.
6799 6. 94.
6800 6. 94.
6801 6. 94.
6802 6. 94.
6803 6. 94.
6804 6. 94.
6805 6. 94.
6806 6. 94.
6807 6. 94.
6808 6. 94.
6809 6. 94.
6810 6. 94.
6811 6. 94.
6812 6. 94.
6813 6. 94.
6814 6. 94.
6815 6. 94.
6816 6. 94.
6817 6. 94.
6818 6. 94.
6819 6. 94.
6820 7. 93.
6821 7. 93.
6822 7. 93.
6823 7. 93.
6824 6. 94.
6825 6. 94.
6826 6. 94.
6827 6. 94.
6828 6. 94.
6829 6. 94.
6830 6. 94.
6831 6. 94.
6832 6. 94.
6833 6. 94.
6834 6. 94.
6835 6. 94.
6836 6. 94.
6837 6. 94.
6838 6. 94.
6839 6. 94.
6840 6. 94.
6841 5. 95.
6842 5. 95.
6843 5. 95.
6844 5. 95.
6845 5. 95.
6846 5. 95.
6847 5. 95.
6848 5. 95.
6849 5. 95.
6850 5. 95.
6851 5. 95.
6852 5. 95.
6853 5. 95.
6854 5. 95.
6855 4. 96.
6856 4. 96.
6857 4. 96.
6858 4. 96.
6859 4. 96.
6860 4. 96.
6861 4. 96.
6862 4. 96.
6863 4. 96.
6864 4. 96.
6865 4. 96.
6866 4. 96.
6867 4. 96.
6868 4. 96.
6869 4. 96.
6870 4. 96.
6871 4. 96.
6872 4. 96.
6873 4. 96.
6874 4. 96.
6875 4. 96.
6876 4. 96.
6877 4. 96.
6878 4. 96.
6879 5. 95.
6880 5. 95.
6881 5. 95.
6882 5. 95.
6883 5. 95.
6884 5. 95.
6885 5. 95.
6886 5. 95.
6887 5. 95.
6888 5. 95.
6889 5. 95.
6890 6. 94.
6891 6. 94.
6892 6. 94.
6893 6. 94.
6894 6. 94.
6895 6. 94.
6896 6. 94.
6897 6. 94.
6898 6. 94.
6899 6. 94.
6900 6. 94.
6901 6. 94.
6902 7. 93.
6903 7. 93.
6904 7. 93.
6905 7. 93.
6906 7. 93.
6907 7. 93.
6908 7. 93.
6909 7. 93.
6910 7. 93.
6911 7. 93.
6912 7. 93.
6913 7. 93.
6914 7. 93.
6915 7. 93.
6916 7. 93.
6917 7. 93.
6918 7. 93.
6919 7. 93.
6920 7. 93.
6921 7. 93.
6922 7. 93.
6923 7. 93.
6924 7. 93.
6925 7. 93.
6926 7. 93.
6927 7. 93.
6928 7. 93.
6929 7. 93.
6930 7. 93.
6931 7. 93.
6932 7. 93.
6933 7. 93.
6934 7. 93.
6935 7. 93.
6936 6. 94.
6937 6. 94.
6938 6. 94.
6939 6. 94.
6940 6. 94.
6941 6. 94.
6942 6. 94.
6943 6. 94.
6944 6. 94.
6945 6. 94.
6946 6. 94.
6947 6. 94.
6948 6. 94.
6949 6. 94.
6950 6. 94.
6951 6. 94.
6952 6. 94.
6953 6. 94.
6954 6. 94.
6955 6. 94.
6956 6. 94.
6957 6. 94.
6958 6. 94.
6959 6. 94.
6960 7. 93.
6961 7. 93.
6962 7. 93.
6963 7. 93.
6964 7. 93.
6965 7. 93.
6966 7. 93.
6967 7. 93.
6968 7. 93.
6969 7. 93.
6970 7. 93.
6971 7. 93.
6972 7. 93.
6973 7. 93.
6974 6. 94.
6975 6. 94.
6976 6. 94.
6977 6. 94.
6978 6. 94.
6979 6. 94.
6980 6. 94.
6981 6. 94.
6982 6. 94.
6983 6. 94.
6984 6. 94.
6985 6. 94.
6986 6. 94.
6987 6. 94.
6988 6. 94.
6989 6. 94.
6990 6. 94.
6991 7. 93.
6992 7. 93.
6993 7. 93.
6994 7. 93.
6995 7. 93.
6996 7. 93.
6997 7. 93.
6998 7. 93.
6999 7. 93.
7000 7. 93.
7001 7. 93.
7002 7. 93.
7003 7. 93.
7004 7. 93.
7005 7. 93.
7006 7. 93.
7007 7. 93.
7008 7. 93.
7009 7. 93.
7010 7. 93.
7011 7. 93.
7012 7. 93.
7013 7. 93.
7014 7. 93.
7015 7. 93.
7016 7. 93.
7017 7. 93.
7018 7. 93.
7019 7. 93.
7020 7. 93.
7021 7. 93.
7022 7. 93.
7023 7. 93.
7024 7. 93.
7025 7. 93.
7026 7. 93.
7027 7. 93.
7028 7. 93.
7029 7. 93.
7030 7. 93.
7031 7. 93.
7032 7. 93.
7033 7. 93.
7034 7. 93.
7035 7. 93.
7036 7. 93.
7037 7. 93.
7038 7. 93.
7039 7. 93.
7040 7. 93.
7041 7. 93.
7042 7. 93.
7043 7. 93.
7044 7. 93.
7045 7. 93.
7046 7. 93.
7047 7. 93.
7048 7. 93.
7049 7. 93.
7050 7. 93.
7051 7. 93.
7052 7. 93.
7053 7. 93.
7054 6. 94.
7055 6. 94.
7056 6. 94.
7057 6. 94.
7058 6. 94.
7059 6. 94.
7060 6. 94.
7061 6. 94.
7062 6. 94.
7063 6. 94.
7064 6. 94.
7065 6. 94.
7066 6. 94.
7067 6. 94.
7068 6. 94.
7069 6. 94.
7070 6. 94.
7071 7. 93.
7072 7. 93.
7073 7. 93.
7074 7. 93.
7075 7. 93.
7076 7. 93.
7077 7. 93.
7078 7. 93.
7079 7. 93.
7080 7. 93.
7081 7. 93.
7082 7. 93.
7083 7. 93.
7084 7. 93.
7085 7. 93.
7086 7. 93.
7087 7. 93.
7088 7. 93.
7089 7. 93.
7090 7. 93.
7091 7. 93.
7092 7. 93.
7093 7. 93.
7094 7. 93.
7095 7. 93.
7096 7. 93.
7097 7. 93.
7098 7. 93.
7099 7. 93.
7100 7. 93.
7101 7. 93.
7102 7. 93.
7103 7. 93.
7104 7. 93.
7105 7. 93.
7106 7. 93.
7107 7. 93.
7108 7. 93.
7109 7. 93.
7110 7. 93.
7111 7. 93.
7112 7. 93.
7113 7. 93.
7114 7. 93.
7115 7. 93.
7116 7. 93.
7117 7. 93.
7118 7. 93.
7119 7. 93.
7120 7. 93.
7121 7. 93.
7122 7. 93.
7123 8. 92.
7124 8. 92.
7125 8. 92.
7126 8. 92.
7127 8. 92.
7128 8. 92.
7129 8. 92.
7130 8. 92.
7131 8. 92.
7132 8. 92.
7133 8. 92.
7134 8. 92.
7135 8. 92.
7136 8. 92.
7137 8. 92.
7138 8. 92.
7139 8. 92.
7140 8. 92.
7141 8. 92.
7142 8. 92.
7143 8. 92.
7144 8. 92.
7145 8. 92.
7146 8. 92.
7147 8. 92.
7148 8. 92.
7149 8. 92.
7150 8. 92.
7151 8. 92.
7152 8. 92.
7153 8. 92.
7154 8. 92.
7155 8. 92.
7156 8. 92.
7157 8. 92.
7158 8. 92.
7159 8. 92.
7160 8. 92.
7161 7. 93.
7162 7. 93.
7163 7. 93.
7164 7. 93.
7165 7. 93.
7166 7. 93.
7167 7. 93.
7168 7. 93.
7169 7. 93.
7170 7. 93.
7171 7. 93.
7172 7. 93.
7173 7. 93.
7174 7. 93.
7175 7. 93.
7176 7. 93.
7177 6. 94.
7178 6. 94.
7179 7. 93.
7180 7. 93.
7181 7. 93.
7182 7. 93.
7183 7. 93.
7184 7. 93.
7185 7. 93.
7186 7. 93.
7187 7. 93.
7188 7. 93.
7189 7. 93.
7190 7. 93.
7191 7. 93.
7192 7. 93.
7193 8. 92.
7194 7. 93.
7195 7. 93.
7196 7. 93.
7197 8. 92.
7198 8. 92.
7199 8. 92.
7200 8. 92.
7201 8. 92.
7202 8. 92.
7203 8. 92.
7204 8. 92.
7205 8. 92.
7206 8. 92.
7207 8. 92.
7208 8. 92.
7209 8. 92.
7210 8. 92.
7211 8. 92.
7212 8. 92.
7213 8. 92.
7214 8. 92.
7215 8. 92.
7216 8. 92.
7217 8. 92.
7218 8. 92.
7219 8. 92.
7220 8. 92.
7221 8. 92.
7222 8. 92.
7223 8. 92.
7224 8. 92.
7225 8. 92.
7226 8. 92.
7227 8. 92.
7228 8. 92.
7229 8. 92.
7230 8. 92.
7231 8. 92.
7232 8. 92.
7233 8. 92.
7234 8. 92.
7235 8. 92.
7236 8. 92.
7237 8. 92.
7238 8. 92.
7239 8. 92.
7240 8. 92.
7241 8. 92.
7242 9. 91.
7243 9. 91.
7244 9. 91.
7245 9. 91.
7246 9. 91.
7247 9. 91.
7248 9. 91.
7249 9. 91.
7250 9. 91.
7251 9. 91.
7252 9. 91.
7253 9. 91.
7254 9. 91.
7255 9. 91.
7256 9. 91.
7257 9. 91.
7258 9. 91.
7259 9. 91.
7260 9. 91.
7261 9. 91.
7262 9. 91.
7263 10. 90.
7264 11. 89.
7265 11. 89.
7266 11. 89.
7267 11. 89.
7268 11. 89.
7269 11. 89.
7270 11. 89.
7271 11. 89.
7272 11. 89.
7273 11. 89.
7274 11. 89.
7275 11. 89.
7276 11. 89.
7277 11. 89.
7278 11. 89.
7279 11. 89.
7280 11. 89.
7281 10. 90.
7282 10. 90.
7283 10. 90.
7284 10. 90.
7285 10. 90.
7286 10. 90.
7287 10. 90.
7288 10. 90.
7289 9. 91.
7290 9. 91.
7291 9. 91.
7292 9. 91.
7293 9. 91.
7294 9. 91.
7295 9. 91.
7296 9. 91.
7297 9. 91.
7298 9. 91.
7299 9. 91.
7300 9. 91.
7301 9. 91.
7302 9. 91.
7303 9. 91.
7304 9. 91.
7305 9. 91.
7306 9. 91.
7307 9. 91.
7308 9. 91.
7309 9. 91.
7310 9. 91.
7311 9. 91.
7312 9. 91.
7313 9. 91.
7314 8. 92.
7315 8. 92.
7316 8. 92.
7317 8. 92.
7318 8. 92.
7319 8. 92.
7320 8. 92.
7321 9. 91.
7322 9. 91.
7323 9. 91.
7324 9. 91.
7325 9. 91.
7326 9. 91.
7327 9. 91.
7328 9. 91.
7329 9. 91.
7330 8. 92.
7331 8. 92.
7332 8. 92.
7333 8. 92.
7334 8. 92.
7335 8. 92.
7336 8. 92.
7337 8. 92.
7338 8. 92.
7339 8. 92.
7340 8. 92.
7341 8. 92.
7342 8. 92.
7343 8. 92.
7344 8. 92.
7345 8. 92.
7346 7. 93.
7347 7. 93.
7348 7. 93.
7349 7. 93.
7350 7. 93.
7351 6. 94.
7352 6. 94.
7353 6. 94.
7354 6. 94.
7355 6. 94.
7356 6. 94.
7357 6. 94.
7358 6. 94.
7359 6. 94.
7360 6. 94.
7361 6. 94.
7362 6. 94.
7363 6. 94.
7364 6. 94.
7365 6. 94.
7366 6. 94.
7367 6. 94.
7368 6. 94.
7369 6. 94.
7370 6. 94.
7371 6. 94.
7372 6. 94.
7373 6. 94.
7374 6. 94.
7375 6. 94.
7376 6. 94.
7377 6. 94.
7378 6. 94.
7379 6. 94.
7380 6. 94.
7381 6. 94.
7382 6. 94.
7383 6. 94.
7384 6. 94.
7385 6. 94.
7386 6. 94.
7387 6. 94.
7388 6. 94.
7389 6. 94.
7390 6. 94.
7391 6. 94.
7392 6. 94.
7393 6. 94.
7394 6. 94.
7395 6. 94.
7396 6. 94.
7397 6. 94.
7398 6. 94.
7399 6. 94.
7400 6. 94.
7401 6. 94.
7402 6. 94.
7403 6. 94.
7404 6. 94.
7405 6. 94.
7406 6. 94.
7407 6. 94.
7408 5. 95.
7409 5. 95.
7410 5. 95.
7411 5. 95.
7412 5. 95.
7413 5. 95.
7414 5. 95.
7415 5. 95.
7416 5. 95.
7417 5. 95.
7418 5. 95.
7419 5. 95.
7420 4. 96.
7421 4. 96.
7422 4. 96.
7423 4. 96.
7424 4. 96.
7425 4. 96.
7426 4. 96.
7427 4. 96.
7428 4. 96.
7429 4. 96.
7430 4. 96.
7431 4. 96.
7432 4. 96.
7433 4. 96.
7434 4. 96.
7435 4. 96.
7436 4. 96.
7437 4. 96.
7438 4. 96.
7439 4. 96.
7440 3. 97.
7441 2. 98.
7442 2. 98.
7443 2. 98.
7444 2. 98.
7445 2. 98.
7446 2. 98.
7447 2. 98.
7448 2. 98.
7449 2. 98.
7450 2. 98.
7451 2. 98.
7452 2. 98.
7453 2. 98.
7454 2. 98.
7455 2. 98.
7456 2. 98.
7457 2. 98.
7458 2. 98.
7459 2. 98.
7460 2. 98.
7461 2. 98.
7462 2. 98.
7463 2. 98.
7464 2. 98.
7465 2. 98.
7466 2. 98.
7467 2. 98.
7468 2. 98.
7469 2. 98.
7470 2. 98.
7471 2. 98.
7472 2. 98.
7473 2. 98.
7474 2. 98.
7475 2. 98.
7476 2. 98.
7477 2. 98.
7478 2. 98.
7479 2. 98.
7480 2. 98.
7481 2. 98.
7482 2. 98.
7483 2. 98.
7484 2. 98.
7485 2. 98.
7486 2. 98.
7487 2. 98.
7488 2. 98.
7489 2. 98.
7490 2. 98.
7491 2. 98.
7492 2. 98.
7493 2. 98.
7494 2. 98.
7495 2. 98.
7496 2. 98.
7497 2. 98.
7498 2. 98.
7499 2. 98.
7500 1. 99.
7501 1. 99.
7502 1. 99.
7503 1. 99.
7504 1. 99.
7505 1. 99.
7506 1. 99.
7507 1. 99.
7508 1. 99.
7509 1. 99.
7510 1. 99.
7511 1. 99.
7512 1. 99.
7513 1. 99.
7514 1. 99.
7515 1. 99.
7516 1. 99.
7517 1. 99.
7518 1. 99.
7519 1. 99.
7520 1. 99.
7521 1. 99.
7522 1. 99.
7523 1. 99.
7524 1. 99.
7525 1. 99.
7526 1. 99.
7527 1. 99.
7528 1. 99.
7529 1. 99.
7530 1. 99.
7531 1. 99.
7532 1. 99.
7533 1. 99.
7534 1. 99.
7535 1. 99.
7536 1. 99.
7537 1. 99.
7538 1. 99.
7539 1. 99.
7540 1. 99.
7541 1. 99.
7542 1. 99.
7543 1. 99.
7544 1. 99.
7545 1. 99.
7546 1. 99.
7547 1. 99.
7548 1. 99.
7549 1. 99.
7550 1. 99.
7551 1. 99.
7552 1. 99.
7553 1. 99.
7554 1. 99.
7555 1. 99.
7556 1. 99.
7557 1. 99.
7558 1. 99.
7559 1. 99.
7560 1. 99.
7561 1. 99.
7562 1. 99.
7563 1. 99.
7564 1. 99.
7565 1. 99.
7566 1. 99.
7567 1. 99.
7568 1. 99.
7569 1. 99.
7570 1. 99.
7571 1. 99.
7572 1. 99.
7573 1. 99.
7574 1. 99.
7575 1. 99.
7576 1. 99.
7577 1. 99.
7578 1. 99.
7579 1. 99.
7580 1. 99.
7581 1. 99.
7582 1. 99.
7583 1. 99.
7584 1. 99.
7585 1. 99.
7586 1. 99.
7587 1. 99.
7588 1. 99.
7589 1. 99.
7590 1. 99.
7591 1. 99.
