0 28. 72.
1 28. 72.
2 28. 72.
3 28. 72.
4 27. 73.
5 27. 73.
6 28. 72.
7 28. 72.
8 28. 72.
9 29. 71.
10 29. 71.
11 30. 70.
12 30. 70.
13 29. 71.
14 29. 71.
15 29. 71.
16 29. 71.
17 29. 71.
18 28. 72.
19 28. 72.
20 28. 72.
21 29. 71.
22 29. 71.
23 29. 71.
24 29. 71.
25 29. 71.
26 29. 71.
27 29. 71.
28 30. 70.
29 30. 70.
30 30. 70.
31 30. 70.
32 30. 70.
33 30. 70.
34 30. 70.
35 30. 70.
36 29. 71.
37 30. 70.
38 30. 70.
39 30. 70.
40 30. 70.
41 30. 70.
42 30. 70.
43 30. 70.
44 30. 70.
45 30. 70.
46 30. 70.
47 30. 70.
48 30. 70.
49 30. 70.
50 30. 70.
51 29. 71.
52 29. 71.
53 29. 71.
54 30. 70.
55 30. 70.
56 29. 71.
57 29. 71.
58 30. 70.
59 30. 70.
60 30. 70.
61 30. 70.
62 30. 70.
63 30. 70.
64 30. 70.
65 30. 70.
66 30. 70.
67 30. 70.
68 29. 71.
69 29. 71.
70 29. 71.
71 29. 71.
72 29. 71.
73 29. 71.
74 29. 71.
75 29. 71.
76 28. 72.
77 28. 72.
78 28. 72.
79 28. 72.
80 28. 72.
81 29. 71.
82 29. 71.
83 29. 71.
84 29. 71.
85 29. 71.
86 29. 71.
87 30. 70.
88 31. 69.
89 31. 69.
90 31. 69.
91 31. 69.
92 31. 69.
93 31. 69.
94 30. 70.
95 30. 70.
96 31. 69.
97 31. 69.
98 31. 69.
99 32. 68.
100 33. 67.
101 34. 66.
102 34. 66.
103 34. 66.
104 34. 66.
105 33. 67.
106 34. 66.
107 34. 66.
108 34. 66.
109 34. 66.
110 34. 66.
111 34. 66.
112 33. 67.
113 33. 67.
114 33. 67.
115 33. 67.
116 33. 67.
117 33. 67.
118 33. 67.
119 33. 67.
120 33. 67.
121 32. 68.
122 33. 67.
123 34. 66.
124 34. 66.
125 34. 66.
126 34. 66.
127 34. 66.
128 33. 67.
129 33. 67.
130 33. 67.
131 33. 67.
132 33. 67.
133 33. 67.
134 33. 67.
135 33. 67.
136 32. 68.
137 32. 68.
138 32. 68.
139 32. 68.
140 32. 68.
141 32. 68.
142 32. 68.
143 32. 68.
144 32. 68.
145 32. 68.
146 32. 68.
147 31. 69.
148 31. 69.
149 31. 69.
150 31. 69.
151 32. 68.
152 33. 67.
153 33. 67.
154 33. 67.
155 33. 67.
156 34. 66.
157 33. 67.
158 33. 67.
159 33. 67.
160 33. 67.
161 33. 67.
162 32. 68.
163 32. 68.
164 32. 68.
165 32. 68.
166 32. 68.
167 32. 68.
168 32. 68.
169 33. 67.
170 33. 67.
171 32. 68.
172 31. 69.
173 31. 69.
174 31. 69.
175 31. 69.
176 31. 69.
177 31. 69.
178 31. 69.
179 31. 69.
180 31. 69.
181 31. 69.
182 32. 68.
183 33. 67.
184 33. 67.
185 33. 67.
186 33. 67.
187 33. 67.
188 33. 67.
189 33. 67.
190 33. 67.
191 33. 67.
192 33. 67.
193 32. 68.
194 32. 68.
195 33. 67.
196 33. 67.
197 32. 68.
198 32. 68.
199 32. 68.
200 32. 68.
201 33. 67.
202 33. 67.
203 33. 67.
204 33. 67.
205 34. 66.
206 34. 66.
207 34. 66.
208 34. 66.
209 33. 67.
210 33. 67.
211 33. 67.
212 33. 67.
213 33. 67.
214 33. 67.
215 33. 67.
216 33. 67.
217 33. 67.
218 33. 67.
219 33. 67.
220 34. 66.
221 33. 67.
222 33. 67.
223 33. 67.
224 33. 67.
225 34. 66.
226 34. 66.
227 35. 65.
228 35. 65.
229 34. 66.
230 34. 66.
231 34. 66.
232 34. 66.
233 35. 65.
234 34. 66.
235 34. 66.
236 34. 66.
237 35. 65.
238 34. 66.
239 34. 66.
240 34. 66.
241 34. 66.
242 34. 66.
243 34. 66.
244 34. 66.
245 34. 66.
246 34. 66.
247 34. 66.
248 34. 66.
249 34. 66.
250 34. 66.
251 33. 67.
252 34. 66.
253 33. 67.
254 33. 67.
255 33. 67.
256 34. 66.
257 33. 67.
258 33. 67.
259 32. 68.
260 32. 68.
261 33. 67.
262 33. 67.
263 34. 66.
264 33. 67.
265 33. 67.
266 33. 67.
267 33. 67.
268 33. 67.
269 33. 67.
270 33. 67.
271 33. 67.
272 33. 67.
273 33. 67.
274 34. 66.
275 34. 66.
276 33. 67.
277 33. 67.
278 33. 67.
279 33. 67.
280 33. 67.
281 33. 67.
282 33. 67.
283 33. 67.
284 33. 67.
285 33. 67.
286 33. 67.
287 32. 68.
288 32. 68.
289 32. 68.
290 32. 68.
291 32. 68.
292 32. 68.
293 33. 67.
294 33. 67.
295 33. 67.
296 33. 67.
297 32. 68.
298 32. 68.
299 32. 68.
300 32. 68.
301 32. 68.
302 32. 68.
303 32. 68.
304 32. 68.
305 32. 68.
306 32. 68.
307 33. 67.
308 33. 67.
309 32. 68.
310 32. 68.
311 32. 68.
312 33. 67.
313 33. 67.
314 32. 68.
315 32. 68.
316 32. 68.
317 32. 68.
318 32. 68.
319 32. 68.
320 32. 68.
321 32. 68.
322 32. 68.
323 32. 68.
324 33. 67.
325 33. 67.
326 33. 67.
327 33. 67.
328 33. 67.
329 34. 66.
330 33. 67.
331 34. 66.
332 35. 65.
333 35. 65.
334 35. 65.
335 35. 65.
336 35. 65.
337 35. 65.
338 35. 65.
339 35. 65.
340 35. 65.
341 36. 64.
342 35. 65.
343 35. 65.
344 35. 65.
345 35. 65.
346 35. 65.
347 36. 64.
348 36. 64.
349 36. 64.
350 36. 64.
351 35. 65.
352 35. 65.
353 35. 65.
354 35. 65.
355 35. 65.
356 35. 65.
357 35. 65.
358 35. 65.
359 35. 65.
360 35. 65.
361 35. 65.
362 35. 65.
363 35. 65.
364 34. 66.
365 34. 66.
366 34. 66.
367 35. 65.
368 35. 65.
369 34. 66.
370 34. 66.
371 34. 66.
372 34. 66.
373 34. 66.
374 34. 66.
375 34. 66.
376 35. 65.
377 35. 65.
378 35. 65.
379 35. 65.
380 35. 65.
381 36. 64.
382 35. 65.
383 36. 64.
384 36. 64.
385 35. 65.
386 35. 65.
387 35. 65.
388 35. 65.
389 35. 65.
390 34. 66.
391 34. 66.
392 33. 67.
393 33. 67.
394 33. 67.
395 33. 67.
396 33. 67.
397 33. 67.
398 33. 67.
399 33. 67.
400 33. 67.
401 33. 67.
402 32. 68.
403 32. 68.
404 32. 68.
405 32. 68.
406 31. 69.
407 32. 68.
408 32. 68.
409 33. 67.
410 33. 67.
411 33. 67.
412 34. 66.
413 35. 65.
414 35. 65.
415 35. 65.
416 35. 65.
417 35. 65.
418 35. 65.
419 36. 64.
420 36. 64.
421 36. 64.
422 36. 64.
423 35. 65.
424 35. 65.
425 35. 65.
426 35. 65.
427 35. 65.
428 35. 65.
429 35. 65.
430 35. 65.
431 34. 66.
432 34. 66.
433 34. 66.
434 34. 66.
435 34. 66.
436 34. 66.
437 34. 66.
438 35. 65.
439 35. 65.
440 35. 65.
441 36. 64.
442 36. 64.
443 36. 64.
444 36. 64.
445 36. 64.
446 36. 64.
447 36. 64.
448 36. 64.
449 36. 64.
450 36. 64.
451 36. 64.
452 36. 64.
453 36. 64.
454 36. 64.
455 36. 64.
456 37. 63.
457 37. 63.
458 37. 63.
459 37. 63.
460 37. 63.
461 37. 63.
462 37. 63.
463 37. 63.
464 37. 63.
465 37. 63.
466 36. 64.
467 36. 64.
468 36. 64.
469 36. 64.
470 36. 64.
471 36. 64.
472 36. 64.
473 36. 64.
474 36. 64.
475 36. 64.
476 35. 65.
477 36. 64.
478 36. 64.
479 36. 64.
480 36. 64.
481 35. 65.
482 35. 65.
483 35. 65.
484 35. 65.
485 35. 65.
486 35. 65.
487 35. 65.
488 35. 65.
489 35. 65.
490 35. 65.
491 35. 65.
492 34. 66.
493 35. 65.
494 35. 65.
495 35. 65.
496 35. 65.
497 35. 65.
498 35. 65.
499 36. 64.
500 36. 64.
501 35. 65.
502 35. 65.
503 35. 65.
504 35. 65.
505 35. 65.
506 36. 64.
507 36. 64.
508 37. 63.
509 37. 63.
510 37. 63.
511 37. 63.
512 37. 63.
513 38. 62.
514 38. 62.
515 38. 62.
516 39. 61.
517 39. 61.
518 39. 61.
519 39. 61.
520 39. 61.
521 39. 61.
522 39. 61.
523 39. 61.
524 39. 61.
525 38. 62.
526 38. 62.
527 38. 62.
528 38. 62.
529 38. 62.
530 38. 62.
531 37. 63.
532 37. 63.
533 37. 63.
534 37. 63.
535 37. 63.
536 37. 63.
537 37. 63.
538 37. 63.
539 37. 63.
540 38. 62.
541 38. 62.
542 38. 62.
543 39. 61.
544 40. 60.
545 40. 60.
546 40. 60.
547 40. 60.
548 39. 61.
549 39. 61.
550 39. 61.
551 39. 61.
552 39. 61.
553 39. 61.
554 39. 61.
555 39. 61.
556 39. 61.
557 39. 61.
558 38. 62.
559 38. 62.
560 38. 62.
561 38. 62.
562 38. 62.
563 38. 62.
564 38. 62.
565 38. 62.
566 38. 62.
567 39. 61.
568 39. 61.
569 38. 62.
570 38. 62.
571 38. 62.
572 38. 62.
573 38. 62.
574 38. 62.
575 38. 62.
576 38. 62.
577 38. 62.
578 38. 62.
579 38. 62.
580 37. 63.
581 37. 63.
582 37. 63.
583 37. 63.
584 37. 63.
585 37. 63.
586 38. 62.
587 38. 62.
588 38. 62.
589 38. 62.
590 38. 62.
591 38. 62.
592 38. 62.
593 37. 63.
594 36. 64.
595 36. 64.
596 36. 64.
597 36. 64.
598 36. 64.
599 35. 65.
600 35. 65.
601 35. 65.
602 34. 66.
603 34. 66.
604 33. 67.
605 33. 67.
606 33. 67.
607 33. 67.
608 33. 67.
609 32. 68.
610 33. 67.
611 33. 67.
612 34. 66.
613 34. 66.
614 34. 66.
615 33. 67.
616 32. 68.
617 32. 68.
618 32. 68.
619 33. 67.
620 34. 66.
621 34. 66.
622 34. 66.
623 34. 66.
624 33. 67.
625 33. 67.
626 33. 67.
627 34. 66.
628 34. 66.
629 34. 66.
630 34. 66.
631 34. 66.
632 34. 66.
633 34. 66.
634 34. 66.
635 34. 66.
636 34. 66.
637 34. 66.
638 34. 66.
639 34. 66.
640 34. 66.
641 34. 66.
642 35. 65.
643 35. 65.
644 35. 65.
645 35. 65.
646 36. 64.
647 36. 64.
648 36. 64.
649 36. 64.
650 37. 63.
651 37. 63.
652 37. 63.
653 37. 63.
654 37. 63.
655 37. 63.
656 37. 63.
657 37. 63.
658 37. 63.
659 37. 63.
660 37. 63.
661 37. 63.
662 37. 63.
663 37. 63.
664 37. 63.
665 37. 63.
666 37. 63.
667 37. 63.
668 37. 63.
669 37. 63.
670 37. 63.
671 37. 63.
672 37. 63.
673 36. 64.
674 35. 65.
675 35. 65.
676 34. 66.
677 33. 67.
678 33. 67.
679 33. 67.
680 32. 68.
681 32. 68.
682 31. 69.
683 32. 68.
684 32. 68.
685 32. 68.
686 32. 68.
687 31. 69.
688 31. 69.
689 31. 69.
690 31. 69.
691 31. 69.
692 31. 69.
693 31. 69.
694 31. 69.
695 31. 69.
696 31. 69.
697 31. 69.
698 31. 69.
699 31. 69.
700 31. 69.
701 31. 69.
702 31. 69.
703 31. 69.
704 31. 69.
705 31. 69.
706 31. 69.
707 31. 69.
708 31. 69.
709 31. 69.
710 31. 69.
711 31. 69.
712 31. 69.
713 31. 69.
714 31. 69.
715 31. 69.
716 32. 68.
717 32. 68.
718 33. 67.
719 33. 67.
720 33. 67.
721 33. 67.
722 32. 68.
723 32. 68.
724 32. 68.
725 32. 68.
726 32. 68.
727 32. 68.
728 32. 68.
729 31. 69.
730 31. 69.
731 31. 69.
732 31. 69.
733 30. 70.
734 30. 70.
735 30. 70.
736 29. 71.
737 29. 71.
738 30. 70.
739 30. 70.
740 30. 70.
741 30. 70.
742 30. 70.
743 30. 70.
744 30. 70.
745 30. 70.
746 31. 69.
747 30. 70.
748 29. 71.
749 29. 71.
750 29. 71.
751 30. 70.
752 31. 69.
753 30. 70.
754 30. 70.
755 30. 70.
756 31. 69.
757 31. 69.
758 32. 68.
759 32. 68.
760 32. 68.
761 32. 68.
762 33. 67.
763 34. 66.
764 34. 66.
765 34. 66.
766 34. 66.
767 34. 66.
768 35. 65.
769 35. 65.
770 35. 65.
771 35. 65.
772 35. 65.
773 35. 65.
774 35. 65.
775 35. 65.
776 35. 65.
777 34. 66.
778 34. 66.
779 34. 66.
780 34. 66.
781 34. 66.
782 33. 67.
783 33. 67.
784 33. 67.
785 32. 68.
786 32. 68.
787 32. 68.
788 32. 68.
789 33. 67.
790 33. 67.
791 33. 67.
792 33. 67.
793 33. 67.
794 33. 67.
795 33. 67.
796 34. 66.
797 33. 67.
798 33. 67.
799 32. 68.
800 32. 68.
801 33. 67.
802 33. 67.
803 33. 67.
804 33. 67.
805 33. 67.
806 33. 67.
807 33. 67.
808 33. 67.
809 33. 67.
810 34. 66.
811 34. 66.
812 34. 66.
813 34. 66.
814 34. 66.
815 34. 66.
816 34. 66.
817 34. 66.
818 34. 66.
819 35. 65.
820 35. 65.
821 35. 65.
822 35. 65.
823 34. 66.
824 33. 67.
825 33. 67.
826 32. 68.
827 32. 68.
828 32. 68.
829 32. 68.
830 32. 68.
831 32. 68.
832 32. 68.
833 31. 69.
834 31. 69.
835 30. 70.
836 30. 70.
837 30. 70.
838 31. 69.
839 31. 69.
840 31. 69.
841 31. 69.
842 31. 69.
843 30. 70.
844 30. 70.
845 30. 70.
846 30. 70.
847 31. 69.
848 31. 69.
849 30. 70.
850 30. 70.
851 31. 69.
852 30. 70.
853 30. 70.
854 30. 70.
855 29. 71.
856 29. 71.
857 29. 71.
858 29. 71.
859 29. 71.
860 29. 71.
861 29. 71.
862 29. 71.
863 30. 70.
864 30. 70.
865 30. 70.
866 30. 70.
867 29. 71.
868 30. 70.
869 30. 70.
870 30. 70.
871 30. 70.
872 30. 70.
873 30. 70.
874 31. 69.
875 31. 69.
876 31. 69.
877 31. 69.
878 31. 69.
879 31. 69.
880 30. 70.
881 30. 70.
882 30. 70.
883 30. 70.
884 30. 70.
885 31. 69.
886 31. 69.
887 31. 69.
888 30. 70.
889 30. 70.
890 30. 70.
891 29. 71.
892 29. 71.
893 28. 72.
894 28. 72.
895 28. 72.
896 28. 72.
897 28. 72.
898 27. 73.
899 28. 72.
900 28. 72.
901 29. 71.
902 29. 71.
903 29. 71.
904 29. 71.
905 29. 71.
906 29. 71.
907 29. 71.
908 29. 71.
909 29. 71.
910 29. 71.
911 29. 71.
912 29. 71.
913 29. 71.
914 29. 71.
915 29. 71.
916 29. 71.
917 29. 71.
918 29. 71.
919 30. 70.
920 31. 69.
921 31. 69.
922 31. 69.
923 31. 69.
924 31. 69.
925 31. 69.
926 32. 68.
927 31. 69.
928 31. 69.
929 30. 70.
930 30. 70.
931 31. 69.
932 31. 69.
933 32. 68.
934 31. 69.
935 31. 69.
936 32. 68.
937 32. 68.
938 33. 67.
939 33. 67.
940 32. 68.
941 32. 68.
942 32. 68.
943 32. 68.
944 32. 68.
945 32. 68.
946 32. 68.
947 33. 67.
948 33. 67.
949 33. 67.
950 32. 68.
951 32. 68.
952 32. 68.
953 32. 68.
954 32. 68.
955 32. 68.
956 31. 69.
957 30. 70.
958 31. 69.
959 31. 69.
960 31. 69.
961 31. 69.
962 31. 69.
963 31. 69.
964 31. 69.
965 31. 69.
966 32. 68.
967 32. 68.
968 31. 69.
969 31. 69.
970 31. 69.
971 30. 70.
972 30. 70.
973 31. 69.
974 31. 69.
975 31. 69.
976 32. 68.
977 33. 67.
978 33. 67.
979 33. 67.
980 33. 67.
981 33. 67.
982 32. 68.
983 31. 69.
984 31. 69.
985 32. 68.
986 31. 69.
987 31. 69.
988 31. 69.
989 31. 69.
990 31. 69.
991 31. 69.
992 31. 69.
993 31. 69.
994 31. 69.
995 31. 69.
996 31. 69.
997 31. 69.
998 31. 69.
999 31. 69.
1000 31. 69.
1001 31. 69.
1002 31. 69.
1003 31. 69.
1004 31. 69.
1005 31. 69.
1006 31. 69.
1007 32. 68.
1008 32. 68.
1009 32. 68.
1010 32. 68.
1011 32. 68.
1012 32. 68.
1013 32. 68.
1014 33. 67.
1015 34. 66.
1016 34. 66.
1017 34. 66.
1018 34. 66.
1019 34. 66.
1020 34. 66.
1021 34. 66.
1022 34. 66.
1023 34. 66.
1024 34. 66.
1025 33. 67.
1026 33. 67.
1027 33. 67.
1028 33. 67.
1029 32. 68.
1030 32. 68.
1031 32. 68.
1032 32. 68.
1033 32. 68.
1034 32. 68.
1035 32. 68.
1036 31. 69.
1037 31. 69.
1038 31. 69.
1039 31. 69.
1040 31. 69.
1041 31. 69.
1042 31. 69.
1043 31. 69.
1044 31. 69.
1045 31. 69.
1046 32. 68.
1047 32. 68.
1048 32. 68.
1049 32. 68.
1050 32. 68.
1051 33. 67.
1052 34. 66.
1053 34. 66.
1054 34. 66.
1055 34. 66.
1056 34. 66.
1057 34. 66.
1058 34. 66.
1059 34. 66.
1060 34. 66.
1061 34. 66.
1062 34. 66.
1063 35. 65.
1064 35. 65.
1065 35. 65.
1066 35. 65.
1067 35. 65.
1068 35. 65.
1069 35. 65.
1070 36. 64.
1071 36. 64.
1072 36. 64.
1073 37. 63.
1074 37. 63.
1075 37. 63.
1076 37. 63.
1077 38. 62.
1078 38. 62.
1079 38. 62.
1080 38. 62.
1081 37. 63.
1082 37. 63.
1083 37. 63.
1084 37. 63.
1085 37. 63.
1086 38. 62.
1087 38. 62.
1088 38. 62.
1089 37. 63.
1090 37. 63.
1091 37. 63.
1092 37. 63.
1093 36. 64.
1094 36. 64.
1095 36. 64.
1096 36. 64.
1097 36. 64.
1098 36. 64.
1099 36. 64.
1100 37. 63.
1101 37. 63.
1102 37. 63.
1103 38. 62.
1104 38. 62.
1105 38. 62.
1106 38. 62.
1107 38. 62.
1108 38. 62.
1109 38. 62.
1110 38. 62.
1111 38. 62.
1112 38. 62.
1113 38. 62.
1114 38. 62.
1115 38. 62.
1116 38. 62.
1117 38. 62.
1118 38. 62.
1119 38. 62.
1120 38. 62.
1121 38. 62.
1122 38. 62.
1123 38. 62.
1124 38. 62.
1125 38. 62.
1126 39. 61.
1127 39. 61.
1128 39. 61.
1129 39. 61.
1130 39. 61.
1131 39. 61.
1132 39. 61.
1133 39. 61.
1134 38. 62.
1135 38. 62.
1136 38. 62.
1137 39. 61.
1138 39. 61.
1139 39. 61.
1140 39. 61.
1141 39. 61.
1142 39. 61.
1143 39. 61.
1144 39. 61.
1145 39. 61.
1146 39. 61.
1147 39. 61.
1148 38. 62.
1149 38. 62.
1150 37. 63.
1151 36. 64.
1152 36. 64.
1153 36. 64.
1154 36. 64.
1155 36. 64.
1156 36. 64.
1157 37. 63.
1158 37. 63.
1159 38. 62.
1160 38. 62.
1161 37. 63.
1162 37. 63.
1163 37. 63.
1164 37. 63.
1165 38. 62.
1166 38. 62.
1167 38. 62.
1168 38. 62.
1169 38. 62.
1170 38. 62.
1171 38. 62.
1172 39. 61.
1173 39. 61.
1174 40. 60.
1175 40. 60.
1176 40. 60.
1177 40. 60.
1178 40. 60.
1179 40. 60.
1180 40. 60.
1181 40. 60.
1182 40. 60.
1183 40. 60.
1184 39. 61.
1185 39. 61.
1186 39. 61.
1187 39. 61.
1188 39. 61.
1189 39. 61.
1190 38. 62.
1191 38. 62.
1192 38. 62.
1193 38. 62.
1194 38. 62.
1195 37. 63.
1196 37. 63.
1197 38. 62.
1198 38. 62.
1199 38. 62.
1200 38. 62.
1201 38. 62.
1202 38. 62.
1203 38. 62.
1204 37. 63.
1205 38. 62.
1206 39. 61.
1207 38. 62.
1208 38. 62.
1209 38. 62.
1210 39. 61.
1211 39. 61.
1212 40. 60.
1213 40. 60.
1214 40. 60.
1215 41. 59.
1216 41. 59.
1217 41. 59.
1218 41. 59.
1219 41. 59.
1220 41. 59.
1221 41. 59.
1222 41. 59.
1223 41. 59.
1224 41. 59.
1225 41. 59.
1226 41. 59.
1227 41. 59.
1228 41. 59.
1229 41. 59.
1230 41. 59.
1231 41. 59.
1232 42. 58.
1233 42. 58.
1234 42. 58.
1235 41. 59.
1236 42. 58.
1237 42. 58.
1238 42. 58.
1239 42. 58.
1240 42. 58.
1241 42. 58.
1242 42. 58.
1243 42. 58.
1244 42. 58.
1245 42. 58.
1246 42. 58.
1247 42. 58.
1248 42. 58.
1249 42. 58.
1250 42. 58.
1251 42. 58.
1252 42. 58.
1253 42. 58.
1254 42. 58.
1255 42. 58.
1256 41. 59.
1257 41. 59.
1258 41. 59.
1259 41. 59.
1260 40. 60.
1261 40. 60.
1262 41. 59.
1263 41. 59.
1264 41. 59.
1265 41. 59.
1266 41. 59.
1267 41. 59.
1268 41. 59.
1269 41. 59.
1270 41. 59.
1271 41. 59.
1272 42. 58.
1273 41. 59.
1274 41. 59.
1275 41. 59.
1276 42. 58.
1277 42. 58.
1278 42. 58.
1279 42. 58.
1280 42. 58.
1281 42. 58.
1282 42. 58.
1283 42. 58.
1284 42. 58.
1285 42. 58.
1286 42. 58.
1287 43. 57.
1288 43. 57.
1289 43. 57.
1290 42. 58.
1291 42. 58.
1292 42. 58.
1293 42. 58.
1294 42. 58.
1295 42. 58.
1296 42. 58.
1297 42. 58.
1298 42. 58.
1299 42. 58.
1300 42. 58.
1301 42. 58.
1302 42. 58.
1303 41. 59.
1304 41. 59.
1305 41. 59.
1306 41. 59.
1307 41. 59.
1308 41. 59.
1309 41. 59.
1310 41. 59.
1311 40. 60.
1312 39. 61.
1313 38. 62.
1314 38. 62.
1315 38. 62.
1316 38. 62.
1317 38. 62.
1318 37. 63.
1319 37. 63.
1320 36. 64.
1321 36. 64.
1322 36. 64.
1323 36. 64.
1324 36. 64.
1325 36. 64.
1326 36. 64.
1327 36. 64.
1328 36. 64.
1329 36. 64.
1330 36. 64.
1331 36. 64.
1332 36. 64.
1333 36. 64.
1334 36. 64.
1335 35. 65.
1336 36. 64.
1337 36. 64.
1338 36. 64.
1339 36. 64.
1340 36. 64.
1341 36. 64.
1342 36. 64.
1343 36. 64.
1344 36. 64.
1345 36. 64.
1346 36. 64.
1347 36. 64.
1348 37. 63.
1349 38. 62.
1350 37. 63.
1351 37. 63.
1352 37. 63.
1353 36. 64.
1354 36. 64.
1355 36. 64.
1356 36. 64.
1357 36. 64.
1358 36. 64.
1359 35. 65.
1360 35. 65.
1361 35. 65.
1362 36. 64.
1363 36. 64.
1364 36. 64.
1365 37. 63.
1366 38. 62.
1367 37. 63.
1368 37. 63.
1369 37. 63.
1370 37. 63.
1371 36. 64.
1372 36. 64.
1373 35. 65.
1374 35. 65.
1375 35. 65.
1376 35. 65.
1377 35. 65.
1378 35. 65.
1379 36. 64.
1380 36. 64.
1381 36. 64.
1382 35. 65.
1383 35. 65.
1384 35. 65.
1385 35. 65.
1386 34. 66.
1387 34. 66.
1388 34. 66.
1389 35. 65.
1390 35. 65.
1391 35. 65.
1392 35. 65.
1393 35. 65.
1394 35. 65.
1395 35. 65.
1396 35. 65.
1397 35. 65.
1398 35. 65.
1399 35. 65.
1400 34. 66.
1401 33. 67.
1402 33. 67.
1403 33. 67.
1404 33. 67.
1405 33. 67.
1406 34. 66.
1407 34. 66.
1408 34. 66.
1409 34. 66.
1410 34. 66.
1411 34. 66.
1412 34. 66.
1413 35. 65.
1414 35. 65.
1415 35. 65.
1416 35. 65.
1417 35. 65.
1418 35. 65.
1419 35. 65.
1420 35. 65.
1421 35. 65.
1422 35. 65.
1423 35. 65.
1424 35. 65.
1425 34. 66.
1426 34. 66.
1427 33. 67.
1428 33. 67.
1429 33. 67.
1430 33. 67.
1431 33. 67.
1432 33. 67.
1433 33. 67.
1434 33. 67.
1435 33. 67.
1436 33. 67.
1437 33. 67.
1438 33. 67.
1439 33. 67.
1440 33. 67.
1441 32. 68.
1442 31. 69.
1443 31. 69.
1444 31. 69.
1445 30. 70.
1446 30. 70.
1447 30. 70.
1448 30. 70.
1449 30. 70.
1450 30. 70.
1451 30. 70.
1452 30. 70.
1453 30. 70.
1454 30. 70.
1455 29. 71.
1456 29. 71.
1457 30. 70.
1458 30. 70.
1459 31. 69.
1460 30. 70.
1461 30. 70.
1462 30. 70.
1463 30. 70.
1464 30. 70.
1465 30. 70.
1466 30. 70.
1467 30. 70.
1468 30. 70.
1469 30. 70.
1470 30. 70.
1471 30. 70.
1472 30. 70.
1473 30. 70.
1474 29. 71.
1475 29. 71.
1476 30. 70.
1477 30. 70.
1478 30. 70.
1479 30. 70.
1480 29. 71.
1481 29. 71.
1482 29. 71.
1483 28. 72.
1484 28. 72.
1485 28. 72.
1486 27. 73.
1487 27. 73.
1488 27. 73.
1489 27. 73.
1490 27. 73.
1491 27. 73.
1492 27. 73.
1493 27. 73.
1494 28. 72.
1495 28. 72.
1496 27. 73.
1497 27. 73.
1498 27. 73.
1499 27. 73.
1500 27. 73.
1501 27. 73.
1502 27. 73.
1503 27. 73.
1504 27. 73.
1505 27. 73.
1506 27. 73.
1507 28. 72.
1508 29. 71.
1509 29. 71.
1510 30. 70.
1511 30. 70.
1512 30. 70.
1513 31. 69.
1514 31. 69.
1515 31. 69.
1516 31. 69.
1517 30. 70.
1518 30. 70.
1519 29. 71.
1520 29. 71.
1521 29. 71.
1522 29. 71.
1523 29. 71.
1524 29. 71.
1525 29. 71.
1526 29. 71.
1527 29. 71.
1528 29. 71.
1529 29. 71.
1530 29. 71.
1531 29. 71.
1532 29. 71.
1533 29. 71.
1534 30. 70.
1535 30. 70.
1536 30. 70.
1537 30. 70.
1538 30. 70.
1539 29. 71.
1540 29. 71.
1541 29. 71.
1542 30. 70.
1543 30. 70.
1544 30. 70.
1545 30. 70.
1546 30. 70.
1547 30. 70.
1548 29. 71.
1549 29. 71.
1550 29. 71.
1551 29. 71.
1552 29. 71.
1553 28. 72.
1554 28. 72.
1555 28. 72.
1556 29. 71.
1557 28. 72.
1558 28. 72.
1559 28. 72.
1560 27. 73.
1561 27. 73.
1562 27. 73.
1563 27. 73.
1564 27. 73.
1565 27. 73.
1566 27. 73.
1567 27. 73.
1568 27. 73.
1569 26. 74.
1570 26. 74.
1571 26. 74.
1572 26. 74.
1573 25. 75.
1574 25. 75.
1575 25. 75.
1576 25. 75.
1577 24. 76.
1578 24. 76.
1579 24. 76.
1580 23. 77.
1581 23. 77.
1582 24. 76.
1583 25. 75.
1584 24. 76.
1585 24. 76.
1586 24. 76.
1587 24. 76.
1588 24. 76.
1589 24. 76.
1590 24. 76.
1591 24. 76.
1592 24. 76.
1593 23. 77.
1594 22. 78.
1595 21. 79.
1596 21. 79.
1597 21. 79.
1598 21. 79.
1599 20. 80.
1600 20. 80.
1601 20. 80.
1602 20. 80.
1603 20. 80.
1604 19. 81.
1605 19. 81.
1606 19. 81.
1607 20. 80.
1608 20. 80.
1609 20. 80.
1610 20. 80.
1611 20. 80.
1612 20. 80.
1613 21. 79.
1614 21. 79.
1615 21. 79.
1616 21. 79.
1617 20. 80.
1618 19. 81.
1619 19. 81.
1620 19. 81.
1621 19. 81.
1622 19. 81.
1623 20. 80.
1624 20. 80.
1625 20. 80.
1626 20. 80.
1627 19. 81.
1628 19. 81.
1629 19. 81.
1630 19. 81.
1631 19. 81.
1632 19. 81.
1633 19. 81.
1634 19. 81.
1635 19. 81.
1636 19. 81.
1637 19. 81.
1638 18. 82.
1639 18. 82.
1640 19. 81.
1641 19. 81.
1642 19. 81.
1643 19. 81.
1644 20. 80.
1645 20. 80.
1646 20. 80.
1647 20. 80.
1648 21. 79.
1649 21. 79.
1650 21. 79.
1651 21. 79.
1652 21. 79.
1653 21. 79.
1654 21. 79.
1655 21. 79.
1656 21. 79.
1657 22. 78.
1658 22. 78.
1659 22. 78.
1660 22. 78.
1661 23. 77.
1662 23. 77.
1663 23. 77.
1664 23. 77.
1665 24. 76.
1666 24. 76.
1667 24. 76.
1668 23. 77.
1669 23. 77.
1670 24. 76.
1671 25. 75.
1672 25. 75.
1673 25. 75.
1674 25. 75.
1675 25. 75.
1676 25. 75.
1677 24. 76.
1678 24. 76.
1679 24. 76.
1680 24. 76.
1681 23. 77.
1682 23. 77.
1683 23. 77.
1684 23. 77.
1685 23. 77.
1686 23. 77.
1687 23. 77.
1688 23. 77.
1689 23. 77.
1690 22. 78.
1691 22. 78.
1692 22. 78.
1693 21. 79.
1694 21. 79.
1695 21. 79.
1696 21. 79.
1697 21. 79.
1698 21. 79.
1699 21. 79.
1700 21. 79.
1701 22. 78.
1702 22. 78.
1703 22. 78.
1704 22. 78.
1705 22. 78.
1706 23. 77.
1707 23. 77.
1708 23. 77.
1709 23. 77.
1710 23. 77.
1711 23. 77.
1712 23. 77.
1713 23. 77.
1714 23. 77.
1715 23. 77.
1716 23. 77.
1717 23. 77.
1718 23. 77.
1719 23. 77.
1720 23. 77.
1721 23. 77.
1722 23. 77.
1723 23. 77.
1724 23. 77.
1725 23. 77.
1726 23. 77.
1727 23. 77.
1728 23. 77.
1729 23. 77.
1730 24. 76.
1731 24. 76.
1732 24. 76.
1733 24. 76.
1734 24. 76.
1735 24. 76.
1736 24. 76.
1737 24. 76.
1738 24. 76.
1739 24. 76.
1740 24. 76.
1741 24. 76.
1742 24. 76.
1743 24. 76.
1744 24. 76.
1745 24. 76.
1746 25. 75.
1747 26. 74.
1748 27. 73.
1749 27. 73.
1750 27. 73.
1751 28. 72.
1752 28. 72.
1753 27. 73.
1754 27. 73.
1755 27. 73.
1756 27. 73.
1757 28. 72.
1758 28. 72.
1759 28. 72.
1760 28. 72.
1761 28. 72.
1762 28. 72.
1763 28. 72.
1764 28. 72.
1765 28. 72.
1766 28. 72.
1767 28. 72.
1768 28. 72.
1769 28. 72.
1770 28. 72.
1771 27. 73.
1772 27. 73.
1773 27. 73.
1774 26. 74.
1775 27. 73.
1776 27. 73.
1777 27. 73.
1778 27. 73.
1779 27. 73.
1780 27. 73.
1781 27. 73.
1782 27. 73.
1783 27. 73.
1784 27. 73.
1785 27. 73.
1786 27. 73.
1787 27. 73.
1788 27. 73.
1789 27. 73.
1790 27. 73.
1791 27. 73.
1792 27. 73.
1793 27. 73.
1794 27. 73.
1795 27. 73.
1796 27. 73.
1797 27. 73.
1798 28. 72.
1799 28. 72.
1800 27. 73.
1801 27. 73.
1802 27. 73.
1803 27. 73.
1804 26. 74.
1805 26. 74.
1806 26. 74.
1807 26. 74.
1808 26. 74.
1809 25. 75.
1810 25. 75.
1811 25. 75.
1812 25. 75.
1813 25. 75.
1814 25. 75.
1815 26. 74.
1816 26. 74.
1817 26. 74.
1818 26. 74.
1819 26. 74.
1820 27. 73.
1821 27. 73.
1822 27. 73.
1823 27. 73.
1824 27. 73.
1825 27. 73.
1826 27. 73.
1827 27. 73.
1828 27. 73.
1829 27. 73.
1830 28. 72.
1831 28. 72.
1832 28. 72.
1833 29. 71.
1834 29. 71.
1835 29. 71.
1836 29. 71.
1837 29. 71.
1838 29. 71.
1839 28. 72.
1840 28. 72.
1841 28. 72.
1842 28. 72.
1843 28. 72.
1844 28. 72.
1845 28. 72.
1846 29. 71.
1847 29. 71.
1848 29. 71.
1849 29. 71.
1850 29. 71.
1851 29. 71.
1852 30. 70.
1853 30. 70.
1854 30. 70.
1855 31. 69.
1856 31. 69.
1857 31. 69.
1858 32. 68.
1859 32. 68.
1860 32. 68.
1861 32. 68.
1862 32. 68.
1863 32. 68.
1864 32. 68.
1865 32. 68.
1866 32. 68.
1867 31. 69.
1868 31. 69.
1869 31. 69.
1870 30. 70.
1871 31. 69.
1872 30. 70.
1873 31. 69.
1874 31. 69.
1875 31. 69.
1876 31. 69.
1877 31. 69.
1878 31. 69.
1879 31. 69.
1880 32. 68.
1881 32. 68.
1882 32. 68.
1883 32. 68.
1884 32. 68.
1885 32. 68.
1886 33. 67.
1887 33. 67.
1888 32. 68.
1889 32. 68.
1890 32. 68.
1891 32. 68.
1892 32. 68.
1893 32. 68.
1894 31. 69.
1895 30. 70.
1896 30. 70.
1897 31. 69.
1898 31. 69.
1899 31. 69.
1900 31. 69.
1901 31. 69.
1902 31. 69.
1903 31. 69.
1904 31. 69.
1905 31. 69.
1906 30. 70.
1907 30. 70.
1908 30. 70.
1909 30. 70.
1910 30. 70.
1911 30. 70.
1912 30. 70.
1913 29. 71.
1914 30. 70.
1915 30. 70.
1916 31. 69.
1917 31. 69.
1918 30. 70.
1919 30. 70.
1920 30. 70.
1921 30. 70.
1922 30. 70.
1923 30. 70.
1924 30. 70.
1925 30. 70.
1926 30. 70.
1927 30. 70.
1928 30. 70.
1929 29. 71.
1930 29. 71.
1931 28. 72.
1932 27. 73.
1933 27. 73.
1934 27. 73.
1935 28. 72.
1936 28. 72.
1937 28. 72.
1938 28. 72.
1939 28. 72.
1940 28. 72.
1941 28. 72.
1942 29. 71.
1943 29. 71.
1944 29. 71.
1945 29. 71.
1946 29. 71.
1947 29. 71.
1948 29. 71.
1949 29. 71.
1950 29. 71.
1951 29. 71.
1952 28. 72.
1953 28. 72.
1954 29. 71.
1955 29. 71.
1956 29. 71.
1957 28. 72.
1958 28. 72.
1959 28. 72.
1960 28. 72.
1961 29. 71.
1962 30. 70.
1963 30. 70.
1964 30. 70.
1965 30. 70.
1966 30. 70.
1967 30. 70.
1968 30. 70.
1969 30. 70.
1970 30. 70.
1971 30. 70.
1972 30. 70.
1973 30. 70.
1974 30. 70.
1975 31. 69.
1976 31. 69.
1977 31. 69.
1978 30. 70.
1979 30. 70.
1980 30. 70.
1981 30. 70.
1982 29. 71.
1983 29. 71.
1984 29. 71.
1985 29. 71.
1986 29. 71.
1987 29. 71.
1988 30. 70.
1989 30. 70.
1990 30. 70.
1991 30. 70.
1992 31. 69.
1993 31. 69.
1994 31. 69.
1995 30. 70.
1996 30. 70.
1997 31. 69.
1998 31. 69.
1999 31. 69.
2000 32. 68.
2001 32. 68.
2002 32. 68.
2003 32. 68.
2004 32. 68.
2005 31. 69.
2006 30. 70.
2007 30. 70.
2008 30. 70.
2009 30. 70.
2010 31. 69.
2011 31. 69.
2012 31. 69.
2013 32. 68.
2014 32. 68.
2015 32. 68.
2016 31. 69.
2017 30. 70.
2018 31. 69.
2019 31. 69.
2020 32. 68.
2021 33. 67.
2022 33. 67.
2023 33. 67.
2024 33. 67.
2025 33. 67.
2026 32. 68.
2027 32. 68.
2028 32. 68.
2029 32. 68.
2030 32. 68.
2031 32. 68.
2032 32. 68.
2033 31. 69.
2034 31. 69.
2035 31. 69.
2036 31. 69.
2037 31. 69.
2038 31. 69.
2039 31. 69.
2040 32. 68.
2041 32. 68.
2042 32. 68.
2043 32. 68.
2044 32. 68.
2045 32. 68.
2046 31. 69.
2047 31. 69.
2048 30. 70.
2049 30. 70.
2050 30. 70.
2051 30. 70.
2052 30. 70.
2053 30. 70.
2054 30. 70.
2055 30. 70.
2056 30. 70.
2057 30. 70.
2058 30. 70.
2059 30. 70.
2060 29. 71.
2061 29. 71.
2062 29. 71.
2063 28. 72.
2064 28. 72.
2065 28. 72.
2066 28. 72.
2067 28. 72.
2068 28. 72.
2069 28. 72.
2070 29. 71.
2071 29. 71.
2072 29. 71.
2073 29. 71.
2074 29. 71.
2075 29. 71.
2076 29. 71.
2077 29. 71.
2078 30. 70.
2079 29. 71.
2080 29. 71.
2081 29. 71.
2082 28. 72.
2083 28. 72.
2084 28. 72.
2085 27. 73.
2086 28. 72.
2087 28. 72.
2088 28. 72.
2089 28. 72.
2090 28. 72.
2091 28. 72.
2092 28. 72.
2093 27. 73.
2094 26. 74.
2095 26. 74.
2096 26. 74.
2097 26. 74.
2098 26. 74.
2099 27. 73.
2100 27. 73.
2101 27. 73.
2102 27. 73.
2103 28. 72.
2104 28. 72.
2105 28. 72.
2106 29. 71.
2107 29. 71.
2108 29. 71.
2109 29. 71.
2110 29. 71.
2111 29. 71.
2112 30. 70.
2113 29. 71.
2114 28. 72.
2115 28. 72.
2116 28. 72.
2117 28. 72.
2118 28. 72.
2119 28. 72.
2120 28. 72.
2121 28. 72.
2122 28. 72.
2123 28. 72.
2124 28. 72.
2125 27. 73.
2126 27. 73.
2127 27. 73.
2128 27. 73.
2129 27. 73.
2130 27. 73.
2131 27. 73.
2132 28. 72.
2133 28. 72.
2134 28. 72.
2135 28. 72.
2136 28. 72.
2137 28. 72.
2138 29. 71.
2139 30. 70.
2140 31. 69.
2141 31. 69.
2142 31. 69.
2143 31. 69.
2144 30. 70.
2145 31. 69.
2146 31. 69.
2147 31. 69.
2148 31. 69.
2149 31. 69.
2150 31. 69.
2151 31. 69.
2152 31. 69.
2153 31. 69.
2154 30. 70.
2155 29. 71.
2156 29. 71.
2157 29. 71.
2158 29. 71.
2159 29. 71.
2160 29. 71.
2161 29. 71.
2162 29. 71.
2163 28. 72.
2164 28. 72.
2165 28. 72.
2166 28. 72.
2167 28. 72.
2168 28. 72.
2169 28. 72.
2170 28. 72.
2171 27. 73.
2172 27. 73.
2173 27. 73.
2174 27. 73.
2175 27. 73.
2176 27. 73.
2177 26. 74.
2178 26. 74.
2179 26. 74.
2180 26. 74.
2181 26. 74.
2182 26. 74.
2183 26. 74.
2184 26. 74.
2185 26. 74.
2186 26. 74.
2187 25. 75.
2188 25. 75.
2189 25. 75.
2190 25. 75.
2191 24. 76.
2192 24. 76.
2193 24. 76.
2194 24. 76.
2195 23. 77.
2196 23. 77.
2197 23. 77.
2198 23. 77.
2199 23. 77.
2200 23. 77.
2201 23. 77.
2202 23. 77.
2203 23. 77.
2204 23. 77.
2205 23. 77.
2206 23. 77.
2207 23. 77.
2208 23. 77.
2209 23. 77.
2210 23. 77.
2211 23. 77.
2212 23. 77.
2213 23. 77.
2214 23. 77.
2215 24. 76.
2216 24. 76.
2217 24. 76.
2218 25. 75.
2219 25. 75.
2220 25. 75.
2221 25. 75.
2222 25. 75.
2223 25. 75.
2224 25. 75.
2225 26. 74.
2226 26. 74.
2227 26. 74.
2228 26. 74.
2229 26. 74.
2230 26. 74.
2231 26. 74.
2232 26. 74.
2233 26. 74.
2234 26. 74.
2235 26. 74.
2236 27. 73.
2237 27. 73.
2238 27. 73.
2239 27. 73.
2240 27. 73.
2241 27. 73.
2242 28. 72.
2243 28. 72.
2244 27. 73.
2245 27. 73.
2246 26. 74.
2247 26. 74.
2248 26. 74.
2249 26. 74.
2250 26. 74.
2251 26. 74.
2252 26. 74.
2253 26. 74.
2254 26. 74.
2255 26. 74.
2256 26. 74.
2257 27. 73.
2258 26. 74.
2259 26. 74.
2260 27. 73.
2261 28. 72.
2262 27. 73.
2263 27. 73.
2264 27. 73.
2265 26. 74.
2266 27. 73.
2267 27. 73.
2268 27. 73.
2269 27. 73.
2270 27. 73.
2271 27. 73.
2272 27. 73.
2273 27. 73.
2274 27. 73.
2275 28. 72.
2276 28. 72.
2277 28. 72.
2278 28. 72.
2279 28. 72.
2280 28. 72.
2281 29. 71.
2282 29. 71.
2283 30. 70.
2284 30. 70.
2285 29. 71.
2286 28. 72.
2287 28. 72.
2288 28. 72.
2289 28. 72.
2290 28. 72.
2291 28. 72.
2292 28. 72.
2293 28. 72.
2294 28. 72.
2295 28. 72.
2296 28. 72.
2297 28. 72.
2298 28. 72.
2299 28. 72.
2300 28. 72.
2301 29. 71.
2302 29. 71.
2303 29. 71.
2304 28. 72.
2305 28. 72.
2306 28. 72.
2307 28. 72.
2308 27. 73.
2309 26. 74.
2310 26. 74.
2311 26. 74.
2312 26. 74.
2313 26. 74.
2314 26. 74.
2315 26. 74.
2316 26. 74.
2317 26. 74.
2318 26. 74.
2319 26. 74.
2320 26. 74.
2321 26. 74.
2322 26. 74.
2323 25. 75.
2324 25. 75.
2325 26. 74.
2326 26. 74.
2327 26. 74.
2328 26. 74.
2329 26. 74.
2330 26. 74.
2331 26. 74.
2332 26. 74.
2333 26. 74.
2334 25. 75.
2335 25. 75.
2336 25. 75.
2337 25. 75.
2338 25. 75.
2339 25. 75.
2340 25. 75.
2341 25. 75.
2342 25. 75.
2343 25. 75.
2344 25. 75.
2345 25. 75.
2346 24. 76.
2347 23. 77.
2348 23. 77.
2349 22. 78.
2350 22. 78.
2351 22. 78.
2352 22. 78.
2353 22. 78.
2354 22. 78.
2355 22. 78.
2356 21. 79.
2357 22. 78.
2358 22. 78.
2359 22. 78.
2360 22. 78.
2361 22. 78.
2362 22. 78.
2363 23. 77.
2364 23. 77.
2365 23. 77.
2366 23. 77.
2367 23. 77.
2368 23. 77.
2369 23. 77.
2370 23. 77.
2371 22. 78.
2372 22. 78.
2373 22. 78.
2374 23. 77.
2375 23. 77.
2376 23. 77.
2377 23. 77.
2378 23. 77.
2379 24. 76.
2380 24. 76.
2381 24. 76.
2382 24. 76.
2383 25. 75.
2384 25. 75.
2385 25. 75.
2386 25. 75.
2387 24. 76.
2388 24. 76.
2389 24. 76.
2390 24. 76.
2391 24. 76.
2392 25. 75.
2393 25. 75.
2394 25. 75.
2395 25. 75.
2396 25. 75.
2397 25. 75.
2398 25. 75.
2399 25. 75.
2400 25. 75.
2401 26. 74.
2402 26. 74.
2403 27. 73.
2404 27. 73.
2405 27. 73.
2406 27. 73.
2407 27. 73.
2408 27. 73.
2409 27. 73.
2410 27. 73.
2411 27. 73.
2412 26. 74.
2413 26. 74.
2414 26. 74.
2415 27. 73.
2416 27. 73.
2417 27. 73.
2418 27. 73.
2419 27. 73.
2420 27. 73.
2421 27. 73.
2422 27. 73.
2423 27. 73.
2424 27. 73.
2425 28. 72.
2426 29. 71.
2427 29. 71.
2428 29. 71.
2429 29. 71.
2430 29. 71.
2431 30. 70.
2432 30. 70.
2433 30. 70.
2434 30. 70.
2435 30. 70.
2436 30. 70.
2437 29. 71.
2438 29. 71.
2439 29. 71.
2440 29. 71.
2441 30. 70.
2442 30. 70.
2443 30. 70.
2444 30. 70.
2445 30. 70.
2446 30. 70.
2447 30. 70.
2448 30. 70.
2449 31. 69.
2450 30. 70.
2451 29. 71.
2452 29. 71.
2453 29. 71.
2454 29. 71.
2455 30. 70.
2456 30. 70.
2457 30. 70.
2458 29. 71.
2459 29. 71.
2460 28. 72.
2461 28. 72.
2462 28. 72.
2463 27. 73.
2464 27. 73.
2465 27. 73.
2466 27. 73.
2467 27. 73.
2468 27. 73.
2469 26. 74.
2470 26. 74.
2471 26. 74.
2472 26. 74.
2473 26. 74.
2474 26. 74.
2475 26. 74.
2476 27. 73.
2477 27. 73.
2478 27. 73.
2479 27. 73.
2480 27. 73.
2481 27. 73.
2482 27. 73.
2483 27. 73.
2484 27. 73.
2485 27. 73.
2486 28. 72.
2487 28. 72.
2488 28. 72.
2489 27. 73.
2490 27. 73.
2491 27. 73.
2492 27. 73.
2493 26. 74.
2494 27. 73.
2495 27. 73.
2496 27. 73.
2497 28. 72.
2498 28. 72.
2499 27. 73.
2500 27. 73.
2501 27. 73.
2502 27. 73.
2503 27. 73.
2504 27. 73.
2505 27. 73.
2506 27. 73.
2507 28. 72.
2508 28. 72.
2509 28. 72.
2510 28. 72.
2511 28. 72.
2512 28. 72.
2513 28. 72.
2514 28. 72.
2515 28. 72.
2516 28. 72.
2517 28. 72.
2518 28. 72.
2519 27. 73.
2520 27. 73.
2521 27. 73.
2522 27. 73.
2523 27. 73.
2524 27. 73.
2525 27. 73.
2526 28. 72.
2527 28. 72.
2528 29. 71.
2529 29. 71.
2530 29. 71.
2531 29. 71.
2532 29. 71.
2533 29. 71.
2534 29. 71.
2535 30. 70.
2536 30. 70.
2537 30. 70.
2538 30. 70.
2539 31. 69.
2540 31. 69.
2541 31. 69.
2542 31. 69.
2543 31. 69.
2544 31. 69.
2545 32. 68.
2546 32. 68.
2547 31. 69.
2548 31. 69.
2549 31. 69.
2550 31. 69.
2551 31. 69.
2552 31. 69.
2553 31. 69.
2554 31. 69.
2555 31. 69.
2556 31. 69.
2557 31. 69.
2558 31. 69.
2559 31. 69.
2560 31. 69.
2561 32. 68.
2562 33. 67.
2563 33. 67.
2564 33. 67.
2565 33. 67.
2566 33. 67.
2567 32. 68.
2568 31. 69.
2569 31. 69.
2570 31. 69.
2571 31. 69.
2572 31. 69.
2573 30. 70.
2574 29. 71.
2575 29. 71.
2576 30. 70.
2577 30. 70.
2578 30. 70.
2579 30. 70.
2580 31. 69.
2581 31. 69.
2582 31. 69.
2583 30. 70.
2584 30. 70.
2585 30. 70.
2586 30. 70.
2587 30. 70.
2588 30. 70.
2589 30. 70.
2590 30. 70.
2591 30. 70.
2592 30. 70.
2593 31. 69.
2594 32. 68.
2595 32. 68.
2596 32. 68.
2597 32. 68.
2598 31. 69.
2599 31. 69.
2600 31. 69.
2601 31. 69.
2602 31. 69.
2603 31. 69.
2604 31. 69.
2605 31. 69.
2606 32. 68.
2607 32. 68.
2608 31. 69.
2609 31. 69.
2610 31. 69.
2611 31. 69.
2612 31. 69.
2613 31. 69.
2614 31. 69.
2615 31. 69.
2616 31. 69.
2617 30. 70.
2618 30. 70.
2619 30. 70.
2620 30. 70.
2621 29. 71.
2622 29. 71.
2623 29. 71.
2624 29. 71.
2625 29. 71.
2626 29. 71.
2627 29. 71.
2628 29. 71.
2629 29. 71.
2630 29. 71.
2631 29. 71.
2632 29. 71.
2633 29. 71.
2634 29. 71.
2635 29. 71.
2636 29. 71.
2637 29. 71.
2638 29. 71.
2639 30. 70.
2640 30. 70.
2641 30. 70.
2642 29. 71.
2643 29. 71.
2644 29. 71.
2645 30. 70.
2646 29. 71.
2647 29. 71.
2648 29. 71.
2649 29. 71.
2650 29. 71.
2651 29. 71.
2652 29. 71.
2653 30. 70.
2654 30. 70.
2655 31. 69.
2656 31. 69.
2657 31. 69.
2658 31. 69.
2659 31. 69.
2660 30. 70.
2661 30. 70.
2662 30. 70.
2663 30. 70.
2664 30. 70.
2665 29. 71.
2666 29. 71.
2667 29. 71.
2668 29. 71.
2669 29. 71.
2670 29. 71.
2671 29. 71.
2672 30. 70.
2673 30. 70.
2674 30. 70.
2675 29. 71.
2676 29. 71.
2677 30. 70.
2678 30. 70.
2679 30. 70.
2680 30. 70.
2681 30. 70.
2682 30. 70.
2683 30. 70.
2684 30. 70.
2685 30. 70.
2686 30. 70.
2687 30. 70.
2688 30. 70.
2689 30. 70.
2690 30. 70.
2691 30. 70.
2692 29. 71.
2693 29. 71.
2694 30. 70.
2695 30. 70.
2696 30. 70.
2697 30. 70.
2698 31. 69.
2699 32. 68.
2700 32. 68.
2701 32. 68.
2702 33. 67.
2703 33. 67.
2704 33. 67.
2705 32. 68.
2706 33. 67.
2707 33. 67.
2708 33. 67.
2709 33. 67.
2710 33. 67.
2711 34. 66.
2712 34. 66.
2713 34. 66.
2714 34. 66.
2715 34. 66.
2716 34. 66.
2717 34. 66.
2718 34. 66.
2719 35. 65.
2720 35. 65.
2721 35. 65.
2722 35. 65.
2723 35. 65.
2724 35. 65.
2725 35. 65.
2726 35. 65.
2727 35. 65.
2728 35. 65.
2729 34. 66.
2730 35. 65.
2731 35. 65.
2732 35. 65.
2733 35. 65.
2734 35. 65.
2735 35. 65.
2736 35. 65.
2737 35. 65.
2738 35. 65.
2739 35. 65.
2740 36. 64.
2741 36. 64.
2742 36. 64.
2743 36. 64.
2744 36. 64.
2745 36. 64.
2746 35. 65.
2747 35. 65.
2748 35. 65.
2749 36. 64.
2750 36. 64.
2751 36. 64.
2752 36. 64.
2753 36. 64.
2754 36. 64.
2755 36. 64.
2756 36. 64.
2757 36. 64.
2758 36. 64.
2759 36. 64.
2760 36. 64.
2761 36. 64.
2762 36. 64.
2763 36. 64.
2764 36. 64.
2765 36. 64.
2766 35. 65.
2767 35. 65.
2768 35. 65.
2769 35. 65.
2770 35. 65.
2771 35. 65.
2772 35. 65.
2773 35. 65.
2774 35. 65.
2775 35. 65.
2776 35. 65.
2777 35. 65.
2778 35. 65.
2779 35. 65.
2780 35. 65.
2781 34. 66.
2782 34. 66.
2783 34. 66.
2784 33. 67.
2785 32. 68.
2786 32. 68.
2787 32. 68.
2788 32. 68.
2789 32. 68.
2790 32. 68.
2791 31. 69.
2792 30. 70.
2793 30. 70.
2794 30. 70.
2795 30. 70.
2796 30. 70.
2797 29. 71.
2798 29. 71.
2799 29. 71.
2800 29. 71.
2801 30. 70.
2802 29. 71.
2803 29. 71.
2804 28. 72.
2805 28. 72.
2806 28. 72.
2807 28. 72.
2808 27. 73.
2809 26. 74.
2810 26. 74.
2811 26. 74.
2812 26. 74.
2813 27. 73.
2814 27. 73.
2815 27. 73.
2816 27. 73.
2817 27. 73.
2818 27. 73.
2819 27. 73.
2820 27. 73.
2821 28. 72.
2822 28. 72.
2823 29. 71.
2824 29. 71.
2825 29. 71.
2826 29. 71.
2827 29. 71.
2828 28. 72.
2829 28. 72.
2830 28. 72.
2831 28. 72.
2832 28. 72.
2833 28. 72.
2834 29. 71.
2835 29. 71.
2836 30. 70.
2837 29. 71.
2838 29. 71.
2839 29. 71.
2840 30. 70.
2841 30. 70.
2842 30. 70.
2843 29. 71.
2844 29. 71.
2845 29. 71.
2846 29. 71.
2847 29. 71.
2848 29. 71.
2849 29. 71.
2850 29. 71.
2851 29. 71.
2852 29. 71.
2853 29. 71.
2854 28. 72.
2855 28. 72.
2856 28. 72.
2857 28. 72.
2858 27. 73.
2859 28. 72.
2860 28. 72.
2861 29. 71.
2862 29. 71.
2863 30. 70.
2864 30. 70.
2865 30. 70.
2866 29. 71.
2867 30. 70.
2868 30. 70.
2869 29. 71.
2870 30. 70.
2871 30. 70.
2872 30. 70.
2873 30. 70.
2874 30. 70.
2875 30. 70.
2876 30. 70.
2877 30. 70.
2878 30. 70.
2879 30. 70.
2880 30. 70.
2881 30. 70.
2882 30. 70.
2883 30. 70.
2884 30. 70.
2885 29. 71.
2886 29. 71.
2887 30. 70.
2888 30. 70.
2889 30. 70.
2890 30. 70.
2891 29. 71.
2892 29. 71.
2893 29. 71.
2894 29. 71.
2895 29. 71.
2896 29. 71.
2897 29. 71.
2898 29. 71.
2899 29. 71.
2900 30. 70.
2901 29. 71.
2902 29. 71.
2903 29. 71.
2904 29. 71.
2905 29. 71.
2906 29. 71.
2907 29. 71.
2908 29. 71.
2909 29. 71.
2910 29. 71.
2911 29. 71.
2912 29. 71.
2913 29. 71.
2914 29. 71.
2915 29. 71.
2916 29. 71.
2917 30. 70.
2918 30. 70.
2919 30. 70.
2920 30. 70.
2921 30. 70.
2922 29. 71.
2923 29. 71.
2924 29. 71.
2925 29. 71.
2926 29. 71.
2927 29. 71.
2928 29. 71.
2929 29. 71.
2930 29. 71.
2931 29. 71.
2932 28. 72.
2933 28. 72.
2934 28. 72.
2935 28. 72.
2936 28. 72.
2937 28. 72.
2938 28. 72.
2939 28. 72.
2940 28. 72.
2941 29. 71.
2942 29. 71.
2943 30. 70.
2944 30. 70.
2945 30. 70.
2946 30. 70.
2947 30. 70.
2948 30. 70.
2949 31. 69.
2950 31. 69.
2951 31. 69.
2952 31. 69.
2953 31. 69.
2954 31. 69.
2955 30. 70.
2956 30. 70.
2957 30. 70.
2958 30. 70.
2959 31. 69.
2960 31. 69.
2961 31. 69.
2962 31. 69.
2963 31. 69.
2964 32. 68.
2965 32. 68.
2966 31. 69.
2967 31. 69.
2968 31. 69.
2969 31. 69.
2970 31. 69.
2971 31. 69.
2972 31. 69.
2973 31. 69.
2974 31. 69.
2975 31. 69.
2976 31. 69.
2977 31. 69.
2978 31. 69.
2979 32. 68.
2980 32. 68.
2981 32. 68.
2982 32. 68.
2983 32. 68.
2984 32. 68.
2985 33. 67.
2986 33. 67.
2987 33. 67.
2988 33. 67.
2989 33. 67.
2990 34. 66.
2991 33. 67.
2992 33. 67.
2993 33. 67.
2994 33. 67.
2995 33. 67.
2996 33. 67.
2997 33. 67.
2998 33. 67.
2999 32. 68.
3000 32. 68.
3001 32. 68.
3002 32. 68.
3003 33. 67.
3004 34. 66.
3005 34. 66.
3006 34. 66.
3007 33. 67.
3008 33. 67.
3009 32. 68.
3010 32. 68.
3011 32. 68.
3012 31. 69.
3013 31. 69.
3014 31. 69.
3015 31. 69.
3016 31. 69.
3017 31. 69.
3018 30. 70.
3019 30. 70.
3020 30. 70.
3021 30. 70.
3022 30. 70.
3023 31. 69.
3024 31. 69.
3025 31. 69.
3026 31. 69.
3027 31. 69.
3028 31. 69.
3029 31. 69.
3030 31. 69.
3031 31. 69.
3032 31. 69.
3033 32. 68.
3034 32. 68.
3035 32. 68.
3036 32. 68.
3037 32. 68.
3038 32. 68.
3039 32. 68.
3040 32. 68.
3041 31. 69.
3042 32. 68.
3043 32. 68.
3044 32. 68.
3045 32. 68.
3046 32. 68.
3047 32. 68.
3048 32. 68.
3049 32. 68.
3050 32. 68.
3051 32. 68.
3052 32. 68.
3053 32. 68.
3054 31. 69.
3055 31. 69.
3056 31. 69.
3057 31. 69.
3058 31. 69.
3059 31. 69.
3060 31. 69.
3061 31. 69.
3062 31. 69.
3063 31. 69.
3064 32. 68.
3065 32. 68.
3066 32. 68.
3067 31. 69.
3068 31. 69.
3069 31. 69.
3070 31. 69.
3071 31. 69.
3072 31. 69.
3073 32. 68.
3074 32. 68.
3075 31. 69.
3076 31. 69.
3077 31. 69.
3078 31. 69.
3079 31. 69.
3080 31. 69.
3081 31. 69.
3082 31. 69.
3083 31. 69.
3084 31. 69.
3085 31. 69.
3086 31. 69.
3087 31. 69.
3088 32. 68.
3089 32. 68.
3090 32. 68.
3091 33. 67.
3092 33. 67.
3093 33. 67.
3094 33. 67.
3095 33. 67.
3096 32. 68.
3097 31. 69.
3098 31. 69.
3099 31. 69.
3100 31. 69.
3101 31. 69.
3102 31. 69.
3103 31. 69.
3104 32. 68.
3105 32. 68.
3106 32. 68.
3107 32. 68.
3108 33. 67.
3109 33. 67.
3110 32. 68.
3111 32. 68.
3112 32. 68.
3113 32. 68.
3114 32. 68.
3115 32. 68.
3116 32. 68.
3117 32. 68.
3118 32. 68.
3119 32. 68.
3120 32. 68.
3121 32. 68.
3122 32. 68.
3123 32. 68.
3124 32. 68.
3125 32. 68.
3126 32. 68.
3127 32. 68.
3128 32. 68.
3129 33. 67.
3130 33. 67.
3131 33. 67.
3132 33. 67.
3133 33. 67.
3134 33. 67.
3135 34. 66.
3136 34. 66.
3137 34. 66.
3138 34. 66.
3139 34. 66.
3140 34. 66.
3141 34. 66.
3142 34. 66.
3143 34. 66.
3144 34. 66.
3145 34. 66.
3146 33. 67.
3147 33. 67.
3148 32. 68.
3149 32. 68.
3150 32. 68.
3151 32. 68.
3152 32. 68.
3153 32. 68.
3154 32. 68.
3155 32. 68.
3156 32. 68.
3157 32. 68.
3158 32. 68.
3159 32. 68.
3160 32. 68.
3161 32. 68.
3162 32. 68.
3163 32. 68.
3164 32. 68.
3165 31. 69.
3166 32. 68.
3167 33. 67.
3168 34. 66.
3169 34. 66.
3170 34. 66.
3171 33. 67.
3172 32. 68.
3173 32. 68.
3174 32. 68.
3175 32. 68.
3176 32. 68.
3177 32. 68.
3178 32. 68.
3179 32. 68.
3180 32. 68.
3181 32. 68.
3182 33. 67.
3183 33. 67.
3184 33. 67.
3185 33. 67.
3186 33. 67.
3187 33. 67.
3188 32. 68.
3189 32. 68.
3190 32. 68.
3191 32. 68.
3192 32. 68.
3193 33. 67.
3194 33. 67.
3195 34. 66.
3196 34. 66.
3197 34. 66.
3198 34. 66.
3199 34. 66.
3200 33. 67.
3201 32. 68.
3202 32. 68.
3203 32. 68.
3204 32. 68.
3205 32. 68.
3206 31. 69.
3207 31. 69.
3208 32. 68.
3209 32. 68.
3210 32. 68.
3211 32. 68.
3212 33. 67.
3213 33. 67.
3214 33. 67.
3215 32. 68.
3216 32. 68.
3217 32. 68.
3218 32. 68.
3219 32. 68.
3220 32. 68.
3221 32. 68.
3222 32. 68.
3223 32. 68.
3224 32. 68.
3225 32. 68.
3226 32. 68.
3227 32. 68.
3228 32. 68.
3229 33. 67.
3230 32. 68.
3231 32. 68.
3232 31. 69.
3233 31. 69.
3234 32. 68.
3235 32. 68.
3236 32. 68.
3237 31. 69.
3238 31. 69.
3239 31. 69.
3240 32. 68.
3241 33. 67.
3242 33. 67.
3243 34. 66.
3244 33. 67.
3245 34. 66.
3246 33. 67.
3247 34. 66.
3248 34. 66.
3249 34. 66.
3250 33. 67.
3251 32. 68.
3252 31. 69.
3253 31. 69.
3254 31. 69.
3255 31. 69.
3256 30. 70.
3257 30. 70.
3258 30. 70.
3259 30. 70.
3260 30. 70.
3261 30. 70.
3262 30. 70.
3263 30. 70.
3264 30. 70.
3265 30. 70.
3266 30. 70.
3267 30. 70.
3268 30. 70.
3269 30. 70.
3270 30. 70.
3271 30. 70.
3272 30. 70.
3273 30. 70.
3274 30. 70.
3275 31. 69.
3276 31. 69.
3277 31. 69.
3278 31. 69.
3279 31. 69.
3280 31. 69.
3281 31. 69.
3282 31. 69.
3283 31. 69.
3284 31. 69.
3285 31. 69.
3286 31. 69.
3287 30. 70.
3288 30. 70.
3289 29. 71.
3290 29. 71.
3291 29. 71.
3292 29. 71.
3293 29. 71.
3294 30. 70.
3295 29. 71.
3296 30. 70.
3297 31. 69.
3298 32. 68.
3299 32. 68.
3300 32. 68.
3301 33. 67.
3302 33. 67.
3303 33. 67.
3304 33. 67.
3305 33. 67.
3306 33. 67.
3307 33. 67.
3308 33. 67.
3309 32. 68.
3310 32. 68.
3311 32. 68.
3312 32. 68.
3313 31. 69.
3314 31. 69.
3315 30. 70.
3316 31. 69.
3317 32. 68.
3318 32. 68.
3319 31. 69.
3320 31. 69.
3321 31. 69.
3322 31. 69.
3323 31. 69.
3324 31. 69.
3325 31. 69.
3326 30. 70.
3327 30. 70.
3328 30. 70.
3329 30. 70.
3330 31. 69.
3331 31. 69.
3332 32. 68.
3333 32. 68.
3334 32. 68.
3335 32. 68.
3336 32. 68.
3337 33. 67.
3338 33. 67.
3339 33. 67.
3340 33. 67.
3341 33. 67.
3342 34. 66.
3343 34. 66.
3344 34. 66.
3345 34. 66.
3346 35. 65.
3347 35. 65.
3348 35. 65.
3349 35. 65.
3350 35. 65.
3351 35. 65.
3352 35. 65.
3353 34. 66.
3354 34. 66.
3355 34. 66.
3356 34. 66.
3357 34. 66.
3358 35. 65.
3359 36. 64.
3360 36. 64.
3361 35. 65.
3362 35. 65.
3363 35. 65.
3364 35. 65.
3365 35. 65.
3366 35. 65.
3367 35. 65.
3368 35. 65.
3369 35. 65.
3370 35. 65.
3371 35. 65.
3372 36. 64.
3373 36. 64.
3374 36. 64.
3375 36. 64.
3376 36. 64.
3377 36. 64.
3378 35. 65.
3379 35. 65.
3380 35. 65.
3381 35. 65.
3382 35. 65.
3383 35. 65.
3384 35. 65.
3385 35. 65.
3386 36. 64.
3387 37. 63.
3388 37. 63.
3389 38. 62.
3390 38. 62.
3391 38. 62.
3392 38. 62.
3393 38. 62.
3394 38. 62.
3395 38. 62.
3396 39. 61.
3397 38. 62.
3398 38. 62.
3399 38. 62.
3400 37. 63.
3401 36. 64.
3402 36. 64.
3403 36. 64.
3404 36. 64.
3405 36. 64.
3406 36. 64.
3407 36. 64.
3408 36. 64.
3409 36. 64.
3410 36. 64.
3411 36. 64.
3412 36. 64.
3413 36. 64.
3414 36. 64.
3415 36. 64.
3416 37. 63.
3417 37. 63.
3418 36. 64.
3419 36. 64.
3420 37. 63.
3421 37. 63.
3422 37. 63.
3423 37. 63.
3424 37. 63.
3425 37. 63.
3426 37. 63.
3427 36. 64.
3428 36. 64.
3429 36. 64.
3430 36. 64.
3431 36. 64.
3432 36. 64.
3433 35. 65.
3434 35. 65.
3435 35. 65.
3436 35. 65.
3437 35. 65.
3438 35. 65.
3439 35. 65.
3440 35. 65.
3441 35. 65.
3442 35. 65.
3443 35. 65.
3444 34. 66.
3445 34. 66.
3446 34. 66.
3447 35. 65.
3448 36. 64.
3449 36. 64.
3450 35. 65.
3451 34. 66.
3452 34. 66.
3453 34. 66.
3454 34. 66.
3455 34. 66.
3456 34. 66.
3457 34. 66.
3458 34. 66.
3459 34. 66.
3460 35. 65.
3461 35. 65.
3462 35. 65.
3463 35. 65.
3464 36. 64.
3465 36. 64.
3466 37. 63.
3467 37. 63.
3468 37. 63.
3469 37. 63.
3470 37. 63.
3471 37. 63.
3472 37. 63.
3473 37. 63.
3474 37. 63.
3475 37. 63.
3476 36. 64.
3477 37. 63.
3478 37. 63.
3479 37. 63.
3480 36. 64.
3481 36. 64.
3482 35. 65.
3483 35. 65.
3484 34. 66.
3485 34. 66.
3486 34. 66.
3487 34. 66.
3488 34. 66.
3489 33. 67.
3490 32. 68.
3491 33. 67.
3492 33. 67.
3493 33. 67.
3494 34. 66.
3495 34. 66.
3496 34. 66.
3497 34. 66.
3498 34. 66.
3499 34. 66.
3500 34. 66.
3501 34. 66.
3502 34. 66.
3503 33. 67.
3504 33. 67.
3505 33. 67.
3506 34. 66.
3507 34. 66.
3508 34. 66.
3509 34. 66.
3510 33. 67.
3511 33. 67.
3512 33. 67.
3513 33. 67.
3514 33. 67.
3515 33. 67.
3516 33. 67.
3517 33. 67.
3518 32. 68.
3519 31. 69.
3520 30. 70.
3521 29. 71.
3522 29. 71.
3523 29. 71.
3524 29. 71.
3525 29. 71.
3526 30. 70.
3527 31. 69.
3528 31. 69.
3529 31. 69.
3530 31. 69.
3531 31. 69.
3532 30. 70.
3533 30. 70.
3534 30. 70.
3535 30. 70.
3536 30. 70.
3537 31. 69.
3538 31. 69.
3539 31. 69.
3540 31. 69.
3541 31. 69.
3542 31. 69.
3543 31. 69.
3544 31. 69.
3545 31. 69.
3546 31. 69.
3547 31. 69.
3548 31. 69.
3549 32. 68.
3550 32. 68.
3551 33. 67.
3552 33. 67.
3553 33. 67.
3554 33. 67.
3555 33. 67.
3556 33. 67.
3557 33. 67.
3558 34. 66.
3559 34. 66.
3560 34. 66.
3561 35. 65.
3562 36. 64.
3563 36. 64.
3564 36. 64.
3565 37. 63.
3566 37. 63.
3567 37. 63.
3568 37. 63.
3569 37. 63.
3570 37. 63.
3571 37. 63.
3572 37. 63.
3573 36. 64.
3574 36. 64.
3575 37. 63.
3576 38. 62.
3577 39. 61.
3578 39. 61.
3579 39. 61.
3580 39. 61.
3581 39. 61.
3582 38. 62.
3583 37. 63.
3584 37. 63.
3585 37. 63.
3586 37. 63.
3587 37. 63.
3588 37. 63.
3589 38. 62.
3590 38. 62.
3591 38. 62.
3592 38. 62.
3593 38. 62.
3594 38. 62.
3595 38. 62.
3596 38. 62.
3597 38. 62.
3598 38. 62.
3599 38. 62.
3600 38. 62.
3601 38. 62.
3602 38. 62.
3603 39. 61.
3604 38. 62.
3605 38. 62.
3606 38. 62.
3607 37. 63.
3608 37. 63.
3609 38. 62.
3610 39. 61.
3611 38. 62.
3612 38. 62.
3613 38. 62.
3614 38. 62.
3615 38. 62.
3616 38. 62.
3617 38. 62.
3618 38. 62.
3619 38. 62.
3620 38. 62.
3621 38. 62.
3622 39. 61.
3623 38. 62.
3624 38. 62.
3625 38. 62.
3626 37. 63.
3627 36. 64.
3628 36. 64.
3629 35. 65.
3630 34. 66.
3631 33. 67.
3632 33. 67.
3633 32. 68.
3634 31. 69.
3635 31. 69.
3636 31. 69.
3637 31. 69.
3638 31. 69.
3639 31. 69.
3640 31. 69.
3641 31. 69.
3642 31. 69.
3643 31. 69.
3644 31. 69.
3645 32. 68.
3646 33. 67.
3647 33. 67.
3648 33. 67.
3649 33. 67.
3650 33. 67.
3651 34. 66.
3652 34. 66.
3653 34. 66.
3654 35. 65.
3655 35. 65.
3656 35. 65.
3657 35. 65.
3658 34. 66.
3659 35. 65.
3660 35. 65.
3661 34. 66.
3662 35. 65.
3663 34. 66.
3664 35. 65.
3665 34. 66.
3666 35. 65.
3667 35. 65.
3668 36. 64.
3669 36. 64.
3670 36. 64.
3671 36. 64.
3672 37. 63.
3673 37. 63.
3674 37. 63.
3675 37. 63.
3676 37. 63.
3677 38. 62.
3678 38. 62.
3679 38. 62.
3680 38. 62.
3681 37. 63.
3682 37. 63.
3683 37. 63.
3684 37. 63.
3685 37. 63.
3686 37. 63.
3687 36. 64.
3688 36. 64.
3689 36. 64.
3690 35. 65.
3691 36. 64.
3692 36. 64.
3693 37. 63.
3694 37. 63.
3695 37. 63.
3696 38. 62.
3697 39. 61.
3698 39. 61.
3699 39. 61.
3700 39. 61.
3701 39. 61.
3702 39. 61.
3703 39. 61.
3704 40. 60.
3705 40. 60.
3706 40. 60.
3707 39. 61.
3708 40. 60.
3709 40. 60.
3710 40. 60.
3711 40. 60.
3712 40. 60.
3713 40. 60.
3714 40. 60.
3715 40. 60.
3716 41. 59.
3717 41. 59.
3718 41. 59.
3719 41. 59.
3720 41. 59.
3721 41. 59.
3722 41. 59.
3723 41. 59.
3724 41. 59.
3725 41. 59.
3726 41. 59.
3727 41. 59.
3728 41. 59.
3729 41. 59.
3730 41. 59.
3731 41. 59.
3732 41. 59.
3733 42. 58.
3734 42. 58.
3735 42. 58.
3736 42. 58.
3737 42. 58.
3738 42. 58.
3739 42. 58.
3740 42. 58.
3741 42. 58.
3742 42. 58.
3743 42. 58.
3744 42. 58.
3745 42. 58.
3746 41. 59.
3747 41. 59.
3748 41. 59.
3749 41. 59.
3750 41. 59.
3751 41. 59.
3752 41. 59.
3753 42. 58.
3754 41. 59.
3755 40. 60.
3756 40. 60.
3757 40. 60.
3758 40. 60.
3759 40. 60.
3760 40. 60.
3761 40. 60.
3762 41. 59.
3763 41. 59.
3764 41. 59.
3765 41. 59.
3766 41. 59.
3767 41. 59.
3768 40. 60.
3769 40. 60.
3770 40. 60.
3771 41. 59.
3772 41. 59.
3773 41. 59.
3774 41. 59.
3775 41. 59.
3776 42. 58.
3777 42. 58.
3778 41. 59.
3779 41. 59.
3780 41. 59.
3781 41. 59.
3782 40. 60.
3783 40. 60.
3784 40. 60.
3785 40. 60.
3786 40. 60.
3787 40. 60.
3788 39. 61.
3789 39. 61.
3790 39. 61.
3791 38. 62.
3792 38. 62.
3793 38. 62.
3794 37. 63.
3795 37. 63.
3796 37. 63.
3797 37. 63.
3798 37. 63.
3799 37. 63.
3800 37. 63.
3801 37. 63.
3802 37. 63.
3803 37. 63.
3804 36. 64.
3805 35. 65.
3806 35. 65.
3807 34. 66.
3808 33. 67.
3809 33. 67.
3810 34. 66.
3811 34. 66.
3812 34. 66.
3813 34. 66.
3814 34. 66.
3815 34. 66.
3816 34. 66.
3817 34. 66.
3818 34. 66.
3819 33. 67.
3820 33. 67.
3821 33. 67.
3822 33. 67.
3823 33. 67.
3824 33. 67.
3825 33. 67.
3826 33. 67.
3827 33. 67.
3828 33. 67.
3829 33. 67.
3830 34. 66.
3831 34. 66.
3832 34. 66.
3833 34. 66.
3834 35. 65.
3835 35. 65.
3836 35. 65.
3837 34. 66.
3838 34. 66.
3839 34. 66.
3840 34. 66.
3841 34. 66.
3842 34. 66.
3843 34. 66.
3844 33. 67.
3845 33. 67.
3846 33. 67.
3847 32. 68.
3848 32. 68.
3849 32. 68.
3850 32. 68.
3851 32. 68.
3852 32. 68.
3853 32. 68.
3854 32. 68.
3855 32. 68.
3856 32. 68.
3857 32. 68.
3858 32. 68.
3859 33. 67.
3860 32. 68.
3861 32. 68.
3862 32. 68.
3863 31. 69.
3864 32. 68.
3865 33. 67.
3866 34. 66.
3867 35. 65.
3868 35. 65.
3869 35. 65.
3870 35. 65.
3871 35. 65.
3872 35. 65.
3873 34. 66.
3874 34. 66.
3875 34. 66.
3876 35. 65.
3877 35. 65.
3878 35. 65.
3879 35. 65.
3880 35. 65.
3881 35. 65.
3882 35. 65.
3883 35. 65.
3884 35. 65.
3885 35. 65.
3886 35. 65.
3887 35. 65.
3888 35. 65.
3889 36. 64.
3890 36. 64.
3891 36. 64.
3892 36. 64.
3893 36. 64.
3894 36. 64.
3895 36. 64.
3896 36. 64.
3897 36. 64.
3898 36. 64.
3899 36. 64.
3900 36. 64.
3901 36. 64.
3902 35. 65.
3903 35. 65.
3904 35. 65.
3905 35. 65.
3906 35. 65.
3907 35. 65.
3908 35. 65.
3909 35. 65.
3910 35. 65.
3911 35. 65.
3912 35. 65.
3913 36. 64.
3914 36. 64.
3915 36. 64.
3916 36. 64.
3917 36. 64.
3918 36. 64.
3919 36. 64.
3920 36. 64.
3921 36. 64.
3922 36. 64.
3923 37. 63.
3924 36. 64.
3925 36. 64.
3926 36. 64.
3927 37. 63.
3928 38. 62.
3929 39. 61.
3930 38. 62.
3931 38. 62.
3932 38. 62.
3933 38. 62.
3934 37. 63.
3935 37. 63.
3936 37. 63.
3937 38. 62.
3938 38. 62.
3939 39. 61.
3940 39. 61.
3941 39. 61.
3942 39. 61.
3943 39. 61.
3944 40. 60.
3945 41. 59.
3946 42. 58.
3947 42. 58.
3948 42. 58.
3949 42. 58.
3950 41. 59.
3951 42. 58.
3952 42. 58.
3953 42. 58.
3954 42. 58.
3955 43. 57.
3956 43. 57.
3957 43. 57.
3958 43. 57.
3959 43. 57.
3960 43. 57.
3961 43. 57.
3962 43. 57.
3963 43. 57.
3964 42. 58.
3965 42. 58.
3966 42. 58.
3967 42. 58.
3968 42. 58.
3969 42. 58.
3970 41. 59.
3971 42. 58.
3972 41. 59.
3973 41. 59.
3974 41. 59.
3975 40. 60.
3976 41. 59.
3977 41. 59.
3978 42. 58.
3979 41. 59.
3980 41. 59.
3981 41. 59.
3982 41. 59.
3983 41. 59.
3984 41. 59.
3985 41. 59.
3986 41. 59.
3987 41. 59.
3988 41. 59.
3989 42. 58.
3990 42. 58.
3991 42. 58.
3992 42. 58.
3993 42. 58.
3994 42. 58.
3995 42. 58.
3996 41. 59.
3997 41. 59.
3998 41. 59.
3999 42. 58.
4000 42. 58.
4001 42. 58.
4002 42. 58.
4003 42. 58.
4004 42. 58.
4005 42. 58.
4006 42. 58.
4007 42. 58.
4008 42. 58.
4009 42. 58.
4010 42. 58.
4011 42. 58.
4012 42. 58.
4013 42. 58.
4014 42. 58.
4015 42. 58.
4016 42. 58.
4017 42. 58.
4018 41. 59.
4019 41. 59.
4020 41. 59.
4021 41. 59.
4022 40. 60.
4023 40. 60.
4024 40. 60.
4025 40. 60.
4026 40. 60.
4027 40. 60.
4028 40. 60.
4029 40. 60.
4030 40. 60.
4031 40. 60.
4032 40. 60.
4033 39. 61.
4034 38. 62.
4035 38. 62.
4036 39. 61.
4037 39. 61.
4038 40. 60.
4039 40. 60.
4040 40. 60.
4041 40. 60.
4042 40. 60.
4043 40. 60.
4044 40. 60.
4045 40. 60.
4046 39. 61.
4047 39. 61.
4048 40. 60.
4049 40. 60.
4050 39. 61.
4051 38. 62.
4052 38. 62.
4053 38. 62.
4054 38. 62.
4055 38. 62.
4056 38. 62.
4057 38. 62.
4058 39. 61.
4059 38. 62.
4060 38. 62.
4061 38. 62.
4062 38. 62.
4063 38. 62.
4064 37. 63.
4065 37. 63.
4066 37. 63.
4067 37. 63.
4068 38. 62.
4069 38. 62.
4070 38. 62.
4071 39. 61.
4072 38. 62.
4073 38. 62.
4074 37. 63.
4075 37. 63.
4076 37. 63.
4077 37. 63.
4078 36. 64.
4079 36. 64.
4080 36. 64.
4081 36. 64.
4082 36. 64.
4083 37. 63.
4084 37. 63.
4085 37. 63.
4086 37. 63.
4087 36. 64.
4088 36. 64.
4089 36. 64.
4090 36. 64.
4091 37. 63.
4092 37. 63.
4093 37. 63.
4094 37. 63.
4095 37. 63.
4096 37. 63.
4097 37. 63.
4098 37. 63.
4099 37. 63.
4100 37. 63.
4101 37. 63.
4102 37. 63.
4103 37. 63.
4104 37. 63.
4105 36. 64.
4106 36. 64.
4107 36. 64.
4108 36. 64.
4109 36. 64.
4110 36. 64.
4111 36. 64.
4112 36. 64.
4113 36. 64.
4114 36. 64.
4115 35. 65.
4116 36. 64.
4117 36. 64.
4118 36. 64.
4119 36. 64.
4120 35. 65.
4121 34. 66.
4122 34. 66.
4123 35. 65.
4124 35. 65.
4125 35. 65.
4126 36. 64.
4127 36. 64.
4128 36. 64.
4129 36. 64.
4130 36. 64.
4131 35. 65.
4132 36. 64.
4133 37. 63.
4134 38. 62.
4135 38. 62.
4136 38. 62.
4137 38. 62.
4138 38. 62.
4139 38. 62.
4140 38. 62.
4141 38. 62.
4142 38. 62.
4143 38. 62.
4144 38. 62.
4145 38. 62.
4146 38. 62.
4147 38. 62.
4148 38. 62.
4149 38. 62.
4150 38. 62.
4151 38. 62.
4152 37. 63.
4153 36. 64.
4154 36. 64.
4155 36. 64.
4156 36. 64.
4157 36. 64.
4158 36. 64.
4159 36. 64.
4160 36. 64.
4161 36. 64.
4162 36. 64.
4163 36. 64.
4164 36. 64.
4165 36. 64.
4166 36. 64.
4167 36. 64.
4168 36. 64.
4169 36. 64.
4170 37. 63.
4171 37. 63.
4172 37. 63.
4173 37. 63.
4174 37. 63.
4175 36. 64.
4176 36. 64.
4177 36. 64.
4178 36. 64.
4179 37. 63.
4180 37. 63.
4181 37. 63.
4182 37. 63.
4183 37. 63.
4184 37. 63.
4185 38. 62.
4186 38. 62.
4187 38. 62.
4188 38. 62.
4189 38. 62.
4190 38. 62.
4191 38. 62.
4192 38. 62.
4193 38. 62.
4194 38. 62.
4195 38. 62.
4196 39. 61.
4197 39. 61.
4198 39. 61.
4199 39. 61.
4200 39. 61.
4201 39. 61.
4202 39. 61.
4203 39. 61.
4204 39. 61.
4205 39. 61.
4206 39. 61.
4207 39. 61.
4208 40. 60.
4209 40. 60.
4210 40. 60.
4211 39. 61.
4212 39. 61.
4213 39. 61.
4214 40. 60.
4215 40. 60.
4216 40. 60.
4217 40. 60.
4218 40. 60.
4219 40. 60.
4220 40. 60.
4221 40. 60.
4222 41. 59.
4223 41. 59.
4224 41. 59.
4225 41. 59.
4226 41. 59.
4227 40. 60.
4228 41. 59.
4229 40. 60.
4230 40. 60.
4231 40. 60.
4232 40. 60.
4233 40. 60.
4234 40. 60.
4235 40. 60.
4236 40. 60.
4237 40. 60.
4238 40. 60.
4239 40. 60.
4240 40. 60.
4241 40. 60.
4242 41. 59.
4243 41. 59.
4244 41. 59.
4245 41. 59.
4246 40. 60.
4247 40. 60.
4248 40. 60.
4249 40. 60.
4250 40. 60.
4251 40. 60.
4252 40. 60.
4253 40. 60.
4254 41. 59.
4255 41. 59.
4256 41. 59.
4257 41. 59.
4258 42. 58.
4259 41. 59.
4260 41. 59.
4261 41. 59.
4262 41. 59.
4263 42. 58.
4264 41. 59.
4265 42. 58.
4266 42. 58.
4267 42. 58.
4268 42. 58.
4269 42. 58.
4270 42. 58.
4271 42. 58.
4272 42. 58.
4273 42. 58.
4274 42. 58.
4275 42. 58.
4276 41. 59.
4277 41. 59.
4278 41. 59.
4279 40. 60.
4280 40. 60.
4281 39. 61.
4282 39. 61.
4283 39. 61.
4284 39. 61.
4285 40. 60.
4286 39. 61.
4287 39. 61.
4288 39. 61.
4289 39. 61.
4290 39. 61.
4291 39. 61.
4292 39. 61.
4293 39. 61.
4294 40. 60.
4295 40. 60.
4296 40. 60.
4297 40. 60.
4298 40. 60.
4299 41. 59.
4300 41. 59.
4301 41. 59.
4302 42. 58.
4303 42. 58.
4304 42. 58.
4305 42. 58.
4306 42. 58.
4307 42. 58.
4308 43. 57.
4309 44. 56.
4310 43. 57.
4311 43. 57.
4312 43. 57.
4313 43. 57.
4314 44. 56.
4315 43. 57.
4316 43. 57.
4317 43. 57.
4318 44. 56.
4319 44. 56.
4320 44. 56.
4321 44. 56.
4322 44. 56.
4323 44. 56.
4324 45. 55.
4325 45. 55.
4326 45. 55.
4327 45. 55.
4328 45. 55.
4329 45. 55.
4330 45. 55.
4331 46. 54.
4332 46. 54.
4333 46. 54.
4334 47. 53.
4335 48. 52.
4336 48. 52.
4337 48. 52.
4338 48. 52.
4339 48. 52.
4340 48. 52.
4341 48. 52.
4342 48. 52.
4343 48. 52.
4344 48. 52.
4345 48. 52.
4346 48. 52.
4347 48. 52.
4348 48. 52.
4349 48. 52.
4350 48. 52.
4351 47. 53.
4352 46. 54.
4353 45. 55.
4354 45. 55.
4355 44. 56.
4356 44. 56.
4357 44. 56.
4358 44. 56.
4359 44. 56.
4360 45. 55.
4361 44. 56.
4362 44. 56.
4363 44. 56.
4364 44. 56.
4365 44. 56.
4366 44. 56.
4367 44. 56.
4368 44. 56.
4369 44. 56.
4370 45. 55.
4371 45. 55.
4372 45. 55.
4373 45. 55.
4374 46. 54.
4375 47. 53.
4376 47. 53.
4377 47. 53.
4378 48. 52.
4379 48. 52.
4380 48. 52.
4381 48. 52.
4382 48. 52.
4383 48. 52.
4384 48. 52.
4385 47. 53.
4386 47. 53.
4387 47. 53.
4388 47. 53.
4389 48. 52.
4390 48. 52.
4391 47. 53.
4392 47. 53.
4393 47. 53.
4394 48. 52.
4395 49. 51.
4396 50. 50.
4397 50. 50.
4398 50. 50.
4399 50. 50.
4400 51. 49.
4401 51. 49.
4402 51. 49.
4403 51. 49.
4404 51. 49.
4405 52. 48.
4406 51. 49.
4407 51. 49.
4408 51. 49.
4409 51. 49.
4410 51. 49.
4411 50. 50.
4412 50. 50.
4413 49. 51.
4414 50. 50.
4415 50. 50.
4416 50. 50.
4417 49. 51.
4418 49. 51.
4419 50. 50.
4420 50. 50.
4421 50. 50.
4422 50. 50.
4423 51. 49.
4424 51. 49.
4425 52. 48.
4426 51. 49.
4427 51. 49.
4428 52. 48.
4429 52. 48.
4430 52. 48.
4431 53. 47.
4432 53. 47.
4433 54. 46.
4434 54. 46.
4435 54. 46.
4436 54. 46.
4437 54. 46.
4438 54. 46.
4439 54. 46.
4440 54. 46.
4441 54. 46.
4442 54. 46.
4443 55. 45.
4444 55. 45.
4445 55. 45.
4446 55. 45.
4447 55. 45.
4448 55. 45.
4449 55. 45.
4450 55. 45.
4451 55. 45.
4452 55. 45.
4453 55. 45.
4454 55. 45.
4455 55. 45.
4456 56. 44.
4457 56. 44.
4458 57. 43.
4459 57. 43.
4460 57. 43.
4461 57. 43.
4462 57. 43.
4463 56. 44.
4464 57. 43.
4465 57. 43.
4466 57. 43.
4467 56. 44.
4468 56. 44.
4469 57. 43.
4470 56. 44.
4471 56. 44.
4472 56. 44.
4473 56. 44.
4474 56. 44.
4475 56. 44.
4476 55. 45.
4477 55. 45.
4478 55. 45.
4479 55. 45.
4480 54. 46.
4481 54. 46.
4482 54. 46.
4483 54. 46.
4484 54. 46.
4485 54. 46.
4486 53. 47.
4487 53. 47.
4488 53. 47.
4489 53. 47.
4490 53. 47.
4491 53. 47.
4492 53. 47.
4493 53. 47.
4494 53. 47.
4495 53. 47.
4496 53. 47.
4497 53. 47.
4498 53. 47.
4499 53. 47.
4500 53. 47.
4501 53. 47.
4502 53. 47.
4503 53. 47.
4504 54. 46.
4505 55. 45.
4506 55. 45.
4507 55. 45.
4508 55. 45.
4509 55. 45.
4510 55. 45.
4511 55. 45.
4512 55. 45.
4513 55. 45.
4514 55. 45.
4515 55. 45.
4516 55. 45.
4517 55. 45.
4518 55. 45.
4519 55. 45.
4520 55. 45.
4521 55. 45.
4522 54. 46.
4523 55. 45.
4524 55. 45.
4525 55. 45.
4526 55. 45.
4527 55. 45.
4528 55. 45.
4529 55. 45.
4530 55. 45.
4531 55. 45.
4532 55. 45.
4533 55. 45.
4534 55. 45.
4535 55. 45.
4536 54. 46.
4537 54. 46.
4538 54. 46.
4539 55. 45.
4540 55. 45.
4541 55. 45.
4542 55. 45.
4543 54. 46.
4544 54. 46.
4545 54. 46.
4546 54. 46.
4547 54. 46.
4548 53. 47.
4549 54. 46.
4550 53. 47.
4551 53. 47.
4552 53. 47.
4553 53. 47.
4554 53. 47.
4555 52. 48.
4556 52. 48.
4557 52. 48.
4558 52. 48.
4559 52. 48.
4560 52. 48.
4561 51. 49.
4562 51. 49.
4563 51. 49.
4564 51. 49.
4565 51. 49.
4566 51. 49.
4567 52. 48.
4568 53. 47.
4569 52. 48.
4570 51. 49.
4571 50. 50.
4572 49. 51.
4573 49. 51.
4574 49. 51.
4575 49. 51.
4576 48. 52.
4577 48. 52.
4578 48. 52.
4579 48. 52.
4580 48. 52.
4581 48. 52.
4582 49. 51.
4583 50. 50.
4584 50. 50.
4585 50. 50.
4586 50. 50.
4587 49. 51.
4588 48. 52.
4589 49. 51.
4590 49. 51.
4591 49. 51.
4592 49. 51.
4593 49. 51.
4594 49. 51.
4595 49. 51.
4596 49. 51.
4597 49. 51.
4598 48. 52.
4599 48. 52.
4600 48. 52.
4601 48. 52.
4602 48. 52.
4603 49. 51.
4604 48. 52.
4605 48. 52.
4606 47. 53.
4607 48. 52.
4608 48. 52.
4609 48. 52.
4610 48. 52.
4611 47. 53.
4612 47. 53.
4613 47. 53.
4614 47. 53.
4615 47. 53.
4616 46. 54.
4617 46. 54.
4618 46. 54.
4619 46. 54.
4620 46. 54.
4621 46. 54.
4622 46. 54.
4623 45. 55.
4624 46. 54.
4625 47. 53.
4626 47. 53.
4627 47. 53.
4628 47. 53.
4629 46. 54.
4630 46. 54.
4631 46. 54.
4632 46. 54.
4633 46. 54.
4634 46. 54.
4635 46. 54.
4636 46. 54.
4637 46. 54.
4638 47. 53.
4639 48. 52.
4640 48. 52.
4641 48. 52.
4642 49. 51.
4643 49. 51.
4644 49. 51.
4645 50. 50.
4646 50. 50.
4647 50. 50.
4648 51. 49.
4649 51. 49.
4650 51. 49.
4651 51. 49.
4652 51. 49.
4653 51. 49.
4654 52. 48.
4655 52. 48.
4656 52. 48.
4657 52. 48.
4658 51. 49.
4659 51. 49.
4660 51. 49.
4661 51. 49.
4662 50. 50.
4663 51. 49.
4664 51. 49.
4665 50. 50.
4666 50. 50.
4667 50. 50.
4668 50. 50.
4669 50. 50.
4670 50. 50.
4671 50. 50.
4672 51. 49.
4673 51. 49.
4674 51. 49.
4675 52. 48.
4676 52. 48.
4677 52. 48.
4678 51. 49.
4679 51. 49.
4680 51. 49.
4681 51. 49.
4682 51. 49.
4683 51. 49.
4684 51. 49.
4685 51. 49.
4686 52. 48.
4687 51. 49.
4688 51. 49.
4689 51. 49.
4690 51. 49.
4691 51. 49.
4692 52. 48.
4693 52. 48.
4694 52. 48.
4695 52. 48.
4696 52. 48.
4697 52. 48.
4698 52. 48.
4699 52. 48.
4700 52. 48.
4701 52. 48.
4702 52. 48.
4703 51. 49.
4704 50. 50.
4705 50. 50.
4706 51. 49.
4707 51. 49.
4708 51. 49.
4709 51. 49.
4710 50. 50.
4711 50. 50.
4712 51. 49.
4713 52. 48.
4714 52. 48.
4715 52. 48.
4716 52. 48.
4717 52. 48.
4718 52. 48.
4719 52. 48.
4720 52. 48.
4721 52. 48.
4722 53. 47.
4723 53. 47.
4724 53. 47.
4725 53. 47.
4726 53. 47.
4727 52. 48.
4728 53. 47.
4729 52. 48.
4730 52. 48.
4731 52. 48.
4732 52. 48.
4733 52. 48.
4734 52. 48.
4735 52. 48.
4736 52. 48.
4737 52. 48.
4738 53. 47.
4739 53. 47.
4740 52. 48.
4741 52. 48.
4742 52. 48.
4743 52. 48.
4744 52. 48.
4745 52. 48.
4746 51. 49.
4747 51. 49.
4748 51. 49.
4749 51. 49.
4750 51. 49.
4751 52. 48.
4752 52. 48.
4753 53. 47.
4754 54. 46.
4755 54. 46.
4756 54. 46.
4757 55. 45.
4758 55. 45.
4759 55. 45.
4760 56. 44.
4761 56. 44.
4762 57. 43.
4763 57. 43.
4764 58. 42.
4765 58. 42.
4766 57. 43.
4767 57. 43.
4768 57. 43.
4769 58. 42.
4770 58. 42.
4771 58. 42.
4772 58. 42.
4773 57. 43.
4774 57. 43.
4775 57. 43.
4776 57. 43.
4777 57. 43.
4778 57. 43.
4779 57. 43.
4780 57. 43.
4781 57. 43.
4782 57. 43.
4783 57. 43.
4784 57. 43.
4785 57. 43.
4786 58. 42.
4787 58. 42.
4788 58. 42.
4789 58. 42.
4790 58. 42.
4791 58. 42.
4792 57. 43.
4793 57. 43.
4794 56. 44.
4795 56. 44.
4796 56. 44.
4797 55. 45.
4798 55. 45.
4799 55. 45.
4800 55. 45.
4801 55. 45.
4802 55. 45.
4803 55. 45.
4804 55. 45.
4805 55. 45.
4806 55. 45.
4807 54. 46.
4808 53. 47.
4809 54. 46.
4810 54. 46.
4811 54. 46.
4812 55. 45.
4813 55. 45.
4814 55. 45.
4815 56. 44.
4816 55. 45.
4817 55. 45.
4818 55. 45.
4819 56. 44.
4820 56. 44.
4821 56. 44.
4822 55. 45.
4823 55. 45.
4824 55. 45.
4825 55. 45.
4826 55. 45.
4827 56. 44.
4828 56. 44.
4829 57. 43.
4830 57. 43.
4831 57. 43.
4832 57. 43.
4833 57. 43.
4834 56. 44.
4835 56. 44.
4836 56. 44.
4837 56. 44.
4838 56. 44.
4839 56. 44.
4840 56. 44.
4841 56. 44.
4842 57. 43.
4843 57. 43.
4844 57. 43.
4845 57. 43.
4846 57. 43.
4847 58. 42.
4848 58. 42.
4849 59. 41.
4850 59. 41.
4851 60. 40.
4852 61. 39.
4853 60. 40.
4854 61. 39.
4855 61. 39.
4856 61. 39.
4857 61. 39.
4858 61. 39.
4859 61. 39.
4860 61. 39.
4861 61. 39.
4862 62. 38.
4863 62. 38.
4864 62. 38.
4865 62. 38.
4866 62. 38.
4867 62. 38.
4868 62. 38.
4869 61. 39.
4870 61. 39.
4871 61. 39.
4872 60. 40.
4873 60. 40.
4874 59. 41.
4875 59. 41.
4876 59. 41.
4877 59. 41.
4878 59. 41.
4879 58. 42.
4880 58. 42.
4881 58. 42.
4882 58. 42.
4883 58. 42.
4884 58. 42.
4885 59. 41.
4886 59. 41.
4887 59. 41.
4888 59. 41.
4889 59. 41.
4890 59. 41.
4891 59. 41.
4892 59. 41.
4893 59. 41.
4894 59. 41.
4895 59. 41.
4896 59. 41.
4897 59. 41.
4898 59. 41.
4899 59. 41.
4900 58. 42.
4901 58. 42.
4902 58. 42.
4903 59. 41.
4904 59. 41.
4905 59. 41.
4906 59. 41.
4907 59. 41.
4908 59. 41.
4909 59. 41.
4910 59. 41.
4911 59. 41.
4912 60. 40.
4913 60. 40.
4914 60. 40.
4915 60. 40.
4916 60. 40.
4917 60. 40.
4918 60. 40.
4919 60. 40.
4920 60. 40.
4921 61. 39.
4922 61. 39.
4923 61. 39.
4924 61. 39.
4925 61. 39.
4926 62. 38.
4927 62. 38.
4928 63. 37.
4929 63. 37.
4930 62. 38.
4931 62. 38.
4932 62. 38.
4933 62. 38.
4934 62. 38.
4935 62. 38.
4936 62. 38.
4937 62. 38.
4938 61. 39.
4939 62. 38.
4940 62. 38.
4941 63. 37.
4942 64. 36.
4943 64. 36.
4944 65. 35.
4945 65. 35.
4946 65. 35.
4947 65. 35.
4948 65. 35.
4949 65. 35.
4950 65. 35.
4951 65. 35.
4952 65. 35.
4953 66. 34.
4954 66. 34.
4955 66. 34.
4956 66. 34.
4957 66. 34.
4958 66. 34.
4959 66. 34.
4960 66. 34.
4961 66. 34.
4962 67. 33.
4963 67. 33.
4964 67. 33.
4965 67. 33.
4966 67. 33.
4967 67. 33.
4968 67. 33.
4969 66. 34.
4970 66. 34.
4971 66. 34.
4972 66. 34.
4973 67. 33.
4974 67. 33.
4975 67. 33.
4976 67. 33.
4977 67. 33.
4978 67. 33.
4979 68. 32.
4980 68. 32.
4981 68. 32.
4982 69. 31.
4983 69. 31.
4984 69. 31.
4985 69. 31.
4986 69. 31.
4987 69. 31.
4988 70. 30.
4989 70. 30.
4990 70. 30.
4991 70. 30.
4992 71. 29.
4993 71. 29.
4994 70. 30.
4995 70. 30.
4996 71. 29.
4997 71. 29.
4998 71. 29.
4999 70. 30.
5000 70. 30.
5001 70. 30.
5002 70. 30.
5003 70. 30.
5004 70. 30.
5005 70. 30.
5006 70. 30.
5007 70. 30.
5008 70. 30.
5009 70. 30.
5010 69. 31.
5011 69. 31.
5012 69. 31.
5013 69. 31.
5014 70. 30.
5015 70. 30.
5016 70. 30.
5017 70. 30.
5018 70. 30.
5019 70. 30.
5020 70. 30.
5021 70. 30.
5022 71. 29.
5023 71. 29.
5024 71. 29.
5025 71. 29.
5026 71. 29.
5027 71. 29.
5028 71. 29.
5029 72. 28.
5030 72. 28.
5031 72. 28.
5032 72. 28.
5033 72. 28.
5034 72. 28.
5035 72. 28.
5036 72. 28.
5037 72. 28.
5038 72. 28.
5039 72. 28.
5040 72. 28.
5041 72. 28.
5042 72. 28.
5043 72. 28.
5044 72. 28.
5045 72. 28.
5046 72. 28.
5047 71. 29.
5048 71. 29.
5049 72. 28.
5050 72. 28.
5051 72. 28.
5052 72. 28.
5053 73. 27.
5054 73. 27.
5055 73. 27.
5056 73. 27.
5057 73. 27.
5058 73. 27.
5059 73. 27.
5060 73. 27.
5061 73. 27.
5062 72. 28.
5063 72. 28.
5064 71. 29.
5065 71. 29.
5066 71. 29.
5067 71. 29.
5068 72. 28.
5069 72. 28.
5070 72. 28.
5071 73. 27.
5072 73. 27.
5073 73. 27.
5074 73. 27.
5075 72. 28.
5076 72. 28.
5077 72. 28.
5078 72. 28.
5079 72. 28.
5080 72. 28.
5081 72. 28.
5082 72. 28.
5083 72. 28.
5084 72. 28.
5085 72. 28.
5086 72. 28.
5087 72. 28.
5088 72. 28.
5089 72. 28.
5090 71. 29.
5091 71. 29.
5092 71. 29.
5093 71. 29.
5094 71. 29.
5095 71. 29.
5096 71. 29.
5097 71. 29.
5098 71. 29.
5099 72. 28.
5100 72. 28.
5101 73. 27.
5102 73. 27.
5103 73. 27.
5104 73. 27.
5105 73. 27.
5106 73. 27.
5107 73. 27.
5108 73. 27.
5109 73. 27.
5110 73. 27.
5111 73. 27.
5112 73. 27.
5113 73. 27.
5114 73. 27.
5115 73. 27.
5116 73. 27.
5117 72. 28.
5118 72. 28.
5119 72. 28.
5120 72. 28.
5121 72. 28.
5122 72. 28.
5123 72. 28.
5124 71. 29.
5125 71. 29.
5126 72. 28.
5127 71. 29.
5128 72. 28.
5129 72. 28.
5130 72. 28.
5131 72. 28.
5132 72. 28.
5133 72. 28.
5134 72. 28.
5135 72. 28.
5136 72. 28.
5137 72. 28.
5138 73. 27.
5139 73. 27.
5140 73. 27.
5141 73. 27.
5142 73. 27.
5143 73. 27.
5144 72. 28.
5145 72. 28.
5146 73. 27.
5147 73. 27.
5148 73. 27.
5149 73. 27.
5150 72. 28.
5151 72. 28.
5152 72. 28.
5153 72. 28.
5154 72. 28.
5155 73. 27.
5156 73. 27.
5157 73. 27.
5158 73. 27.
5159 73. 27.
5160 73. 27.
5161 73. 27.
5162 73. 27.
5163 73. 27.
5164 73. 27.
5165 73. 27.
5166 73. 27.
5167 73. 27.
5168 73. 27.
5169 73. 27.
5170 73. 27.
5171 73. 27.
5172 73. 27.
5173 74. 26.
5174 74. 26.
5175 74. 26.
5176 74. 26.
5177 74. 26.
5178 74. 26.
5179 74. 26.
5180 74. 26.
5181 74. 26.
5182 74. 26.
5183 74. 26.
5184 74. 26.
5185 74. 26.
5186 74. 26.
5187 74. 26.
5188 74. 26.
5189 74. 26.
5190 74. 26.
5191 74. 26.
5192 74. 26.
5193 74. 26.
5194 74. 26.
5195 74. 26.
5196 74. 26.
5197 74. 26.
5198 74. 26.
5199 74. 26.
5200 75. 25.
5201 76. 24.
5202 76. 24.
5203 76. 24.
5204 76. 24.
5205 76. 24.
5206 76. 24.
5207 76. 24.
5208 76. 24.
5209 75. 25.
5210 76. 24.
5211 76. 24.
5212 76. 24.
5213 76. 24.
5214 75. 25.
5215 75. 25.
5216 75. 25.
5217 75. 25.
5218 75. 25.
5219 74. 26.
5220 74. 26.
5221 74. 26.
5222 74. 26.
5223 74. 26.
5224 74. 26.
5225 74. 26.
5226 74. 26.
5227 74. 26.
5228 74. 26.
5229 74. 26.
5230 74. 26.
5231 75. 25.
5232 75. 25.
5233 75. 25.
5234 75. 25.
5235 76. 24.
5236 76. 24.
5237 76. 24.
5238 77. 23.
5239 77. 23.
5240 77. 23.
5241 77. 23.
5242 77. 23.
5243 78. 22.
5244 78. 22.
5245 78. 22.
5246 78. 22.
5247 78. 22.
5248 78. 22.
5249 78. 22.
5250 78. 22.
5251 78. 22.
5252 78. 22.
5253 78. 22.
5254 78. 22.
5255 78. 22.
5256 78. 22.
5257 78. 22.
5258 78. 22.
5259 78. 22.
5260 78. 22.
5261 78. 22.
5262 78. 22.
5263 78. 22.
5264 78. 22.
5265 78. 22.
5266 78. 22.
5267 78. 22.
5268 78. 22.
5269 78. 22.
5270 78. 22.
5271 78. 22.
5272 78. 22.
5273 78. 22.
5274 78. 22.
5275 78. 22.
5276 78. 22.
5277 78. 22.
5278 78. 22.
5279 78. 22.
5280 78. 22.
5281 78. 22.
5282 78. 22.
5283 78. 22.
5284 78. 22.
5285 78. 22.
5286 78. 22.
5287 78. 22.
5288 78. 22.
5289 78. 22.
5290 78. 22.
5291 78. 22.
5292 78. 22.
5293 78. 22.
5294 78. 22.
5295 78. 22.
5296 78. 22.
5297 78. 22.
5298 78. 22.
5299 77. 23.
5300 77. 23.
5301 77. 23.
5302 77. 23.
5303 77. 23.
5304 77. 23.
5305 77. 23.
5306 76. 24.
5307 75. 25.
5308 75. 25.
5309 75. 25.
5310 75. 25.
5311 75. 25.
5312 75. 25.
5313 75. 25.
5314 75. 25.
5315 75. 25.
5316 74. 26.
5317 74. 26.
5318 74. 26.
5319 73. 27.
5320 73. 27.
5321 73. 27.
5322 73. 27.
5323 73. 27.
5324 73. 27.
5325 73. 27.
5326 74. 26.
5327 73. 27.
5328 74. 26.
5329 74. 26.
5330 74. 26.
5331 74. 26.
5332 74. 26.
5333 74. 26.
5334 74. 26.
5335 75. 25.
5336 75. 25.
5337 75. 25.
5338 75. 25.
5339 76. 24.
5340 77. 23.
5341 77. 23.
5342 77. 23.
5343 78. 22.
5344 77. 23.
5345 77. 23.
5346 77. 23.
5347 77. 23.
5348 77. 23.
5349 77. 23.
5350 77. 23.
5351 77. 23.
5352 78. 22.
5353 78. 22.
5354 78. 22.
5355 78. 22.
5356 78. 22.
5357 78. 22.
5358 78. 22.
5359 78. 22.
5360 78. 22.
5361 78. 22.
5362 78. 22.
5363 78. 22.
5364 78. 22.
5365 78. 22.
5366 78. 22.
5367 78. 22.
5368 78. 22.
5369 79. 21.
5370 79. 21.
5371 79. 21.
5372 79. 21.
5373 79. 21.
5374 79. 21.
5375 79. 21.
5376 79. 21.
5377 79. 21.
5378 79. 21.
5379 79. 21.
5380 79. 21.
5381 79. 21.
5382 80. 20.
5383 80. 20.
5384 80. 20.
5385 80. 20.
5386 80. 20.
5387 80. 20.
5388 80. 20.
5389 80. 20.
5390 80. 20.
5391 80. 20.
5392 80. 20.
5393 81. 19.
5394 81. 19.
5395 81. 19.
5396 81. 19.
5397 81. 19.
5398 81. 19.
5399 81. 19.
5400 81. 19.
5401 81. 19.
5402 81. 19.
5403 81. 19.
5404 81. 19.
5405 81. 19.
5406 81. 19.
5407 81. 19.
5408 81. 19.
5409 82. 18.
5410 82. 18.
5411 82. 18.
5412 81. 19.
5413 81. 19.
5414 81. 19.
5415 81. 19.
5416 81. 19.
5417 81. 19.
5418 81. 19.
5419 81. 19.
5420 81. 19.
5421 81. 19.
5422 82. 18.
5423 82. 18.
5424 82. 18.
5425 82. 18.
5426 82. 18.
5427 82. 18.
5428 82. 18.
5429 82. 18.
5430 82. 18.
5431 82. 18.
5432 83. 17.
5433 83. 17.
5434 83. 17.
5435 82. 18.
5436 82. 18.
5437 82. 18.
5438 83. 17.
5439 83. 17.
5440 83. 17.
5441 83. 17.
5442 84. 16.
5443 84. 16.
5444 84. 16.
5445 84. 16.
5446 84. 16.
5447 84. 16.
5448 84. 16.
5449 84. 16.
5450 84. 16.
5451 84. 16.
5452 84. 16.
5453 84. 16.
5454 84. 16.
5455 84. 16.
5456 84. 16.
5457 84. 16.
5458 84. 16.
5459 84. 16.
5460 84. 16.
5461 84. 16.
5462 84. 16.
5463 84. 16.
5464 84. 16.
5465 84. 16.
5466 84. 16.
5467 84. 16.
5468 85. 15.
5469 85. 15.
5470 85. 15.
5471 85. 15.
5472 85. 15.
5473 85. 15.
5474 85. 15.
5475 85. 15.
5476 85. 15.
5477 84. 16.
5478 84. 16.
5479 84. 16.
5480 84. 16.
5481 83. 17.
5482 83. 17.
5483 83. 17.
5484 83. 17.
5485 83. 17.
5486 84. 16.
5487 84. 16.
5488 84. 16.
5489 84. 16.
5490 84. 16.
5491 84. 16.
5492 84. 16.
5493 84. 16.
5494 85. 15.
5495 85. 15.
5496 85. 15.
5497 84. 16.
5498 83. 17.
5499 83. 17.
5500 83. 17.
5501 83. 17.
5502 83. 17.
5503 83. 17.
5504 83. 17.
5505 83. 17.
5506 83. 17.
5507 83. 17.
5508 84. 16.
5509 84. 16.
5510 84. 16.
5511 84. 16.
5512 84. 16.
5513 84. 16.
5514 83. 17.
5515 83. 17.
5516 83. 17.
5517 83. 17.
5518 84. 16.
5519 84. 16.
5520 84. 16.
5521 84. 16.
5522 84. 16.
5523 84. 16.
5524 84. 16.
5525 84. 16.
5526 84. 16.
5527 83. 17.
5528 83. 17.
5529 83. 17.
5530 83. 17.
5531 83. 17.
5532 83. 17.
5533 83. 17.
5534 83. 17.
5535 83. 17.
5536 83. 17.
5537 83. 17.
5538 83. 17.
5539 84. 16.
5540 84. 16.
5541 84. 16.
5542 84. 16.
5543 84. 16.
5544 84. 16.
5545 84. 16.
5546 84. 16.
5547 84. 16.
5548 84. 16.
5549 84. 16.
5550 83. 17.
5551 83. 17.
5552 84. 16.
5553 84. 16.
5554 84. 16.
5555 84. 16.
5556 84. 16.
5557 84. 16.
5558 84. 16.
5559 84. 16.
5560 84. 16.
5561 84. 16.
5562 84. 16.
5563 84. 16.
5564 84. 16.
5565 84. 16.
5566 84. 16.
5567 84. 16.
5568 83. 17.
5569 83. 17.
5570 83. 17.
5571 82. 18.
5572 82. 18.
5573 82. 18.
5574 82. 18.
5575 82. 18.
5576 81. 19.
5577 81. 19.
5578 81. 19.
5579 81. 19.
5580 80. 20.
5581 80. 20.
5582 81. 19.
5583 81. 19.
5584 81. 19.
5585 81. 19.
5586 81. 19.
5587 81. 19.
5588 81. 19.
5589 80. 20.
5590 80. 20.
5591 80. 20.
5592 80. 20.
5593 81. 19.
5594 81. 19.
5595 81. 19.
5596 81. 19.
5597 81. 19.
5598 81. 19.
5599 81. 19.
5600 81. 19.
5601 81. 19.
5602 81. 19.
5603 81. 19.
5604 81. 19.
5605 82. 18.
5606 81. 19.
5607 82. 18.
5608 82. 18.
5609 82. 18.
5610 82. 18.
5611 82. 18.
5612 82. 18.
5613 82. 18.
5614 82. 18.
5615 82. 18.
5616 82. 18.
5617 81. 19.
5618 81. 19.
5619 81. 19.
5620 81. 19.
5621 81. 19.
5622 81. 19.
5623 81. 19.
5624 81. 19.
5625 81. 19.
5626 81. 19.
5627 81. 19.
5628 81. 19.
5629 80. 20.
5630 80. 20.
5631 79. 21.
5632 79. 21.
5633 79. 21.
5634 78. 22.
5635 78. 22.
5636 77. 23.
5637 77. 23.
5638 77. 23.
5639 78. 22.
5640 78. 22.
5641 78. 22.
5642 79. 21.
5643 79. 21.
5644 79. 21.
5645 79. 21.
5646 80. 20.
5647 81. 19.
5648 81. 19.
5649 81. 19.
5650 81. 19.
5651 82. 18.
5652 83. 17.
5653 83. 17.
5654 83. 17.
5655 83. 17.
5656 83. 17.
5657 83. 17.
5658 83. 17.
5659 83. 17.
5660 83. 17.
5661 82. 18.
5662 82. 18.
5663 82. 18.
5664 82. 18.
5665 82. 18.
5666 82. 18.
5667 81. 19.
5668 81. 19.
5669 81. 19.
5670 81. 19.
5671 81. 19.
5672 81. 19.
5673 81. 19.
5674 81. 19.
5675 81. 19.
5676 81. 19.
5677 81. 19.
5678 80. 20.
5679 80. 20.
5680 80. 20.
5681 81. 19.
5682 81. 19.
5683 81. 19.
5684 81. 19.
5685 81. 19.
5686 81. 19.
5687 81. 19.
5688 80. 20.
5689 81. 19.
5690 80. 20.
5691 80. 20.
5692 80. 20.
5693 80. 20.
5694 79. 21.
5695 79. 21.
5696 80. 20.
5697 80. 20.
5698 81. 19.
5699 82. 18.
5700 82. 18.
5701 81. 19.
5702 81. 19.
5703 81. 19.
5704 82. 18.
5705 82. 18.
5706 82. 18.
5707 82. 18.
5708 82. 18.
5709 82. 18.
5710 83. 17.
5711 84. 16.
5712 84. 16.
5713 84. 16.
5714 83. 17.
5715 83. 17.
5716 82. 18.
5717 82. 18.
5718 82. 18.
5719 83. 17.
5720 83. 17.
5721 83. 17.
5722 83. 17.
5723 83. 17.
5724 83. 17.
5725 83. 17.
5726 83. 17.
5727 83. 17.
5728 84. 16.
5729 84. 16.
5730 84. 16.
5731 84. 16.
5732 84. 16.
5733 84. 16.
5734 84. 16.
5735 84. 16.
5736 84. 16.
5737 85. 15.
5738 85. 15.
5739 85. 15.
5740 85. 15.
5741 85. 15.
5742 85. 15.
5743 85. 15.
5744 85. 15.
5745 85. 15.
5746 85. 15.
5747 85. 15.
5748 85. 15.
5749 86. 14.
5750 86. 14.
5751 86. 14.
5752 86. 14.
5753 87. 13.
5754 87. 13.
5755 87. 13.
5756 87. 13.
5757 87. 13.
5758 87. 13.
5759 87. 13.
5760 87. 13.
5761 87. 13.
5762 87. 13.
5763 87. 13.
5764 87. 13.
5765 87. 13.
5766 87. 13.
5767 86. 14.
5768 86. 14.
5769 86. 14.
5770 86. 14.
5771 86. 14.
5772 85. 15.
5773 84. 16.
5774 84. 16.
5775 85. 15.
5776 85. 15.
5777 85. 15.
5778 85. 15.
5779 85. 15.
5780 85. 15.
5781 86. 14.
5782 86. 14.
5783 85. 15.
5784 85. 15.
5785 85. 15.
5786 84. 16.
5787 84. 16.
5788 85. 15.
5789 85. 15.
5790 85. 15.
5791 85. 15.
5792 85. 15.
5793 85. 15.
5794 85. 15.
5795 85. 15.
5796 86. 14.
5797 86. 14.
5798 86. 14.
5799 87. 13.
5800 87. 13.
5801 87. 13.
5802 88. 12.
5803 88. 12.
5804 88. 12.
5805 88. 12.
5806 89. 11.
5807 89. 11.
5808 89. 11.
5809 89. 11.
5810 89. 11.
5811 89. 11.
5812 89. 11.
5813 89. 11.
5814 89. 11.
5815 89. 11.
5816 89. 11.
5817 88. 12.
5818 88. 12.
5819 88. 12.
5820 87. 13.
5821 87. 13.
5822 87. 13.
5823 87. 13.
5824 87. 13.
5825 87. 13.
5826 87. 13.
5827 87. 13.
5828 86. 14.
5829 86. 14.
5830 86. 14.
5831 86. 14.
5832 86. 14.
5833 86. 14.
5834 86. 14.
5835 86. 14.
5836 86. 14.
5837 86. 14.
5838 86. 14.
5839 86. 14.
5840 86. 14.
5841 86. 14.
5842 85. 15.
5843 86. 14.
5844 86. 14.
5845 86. 14.
5846 86. 14.
5847 86. 14.
5848 87. 13.
5849 87. 13.
5850 87. 13.
5851 87. 13.
5852 87. 13.
5853 87. 13.
5854 87. 13.
5855 87. 13.
5856 87. 13.
5857 87. 13.
5858 87. 13.
5859 86. 14.
5860 86. 14.
5861 86. 14.
5862 86. 14.
5863 86. 14.
5864 86. 14.
5865 85. 15.
5866 85. 15.
5867 85. 15.
5868 84. 16.
5869 84. 16.
5870 85. 15.
5871 85. 15.
5872 84. 16.
5873 84. 16.
5874 84. 16.
5875 84. 16.
5876 84. 16.
5877 84. 16.
5878 84. 16.
5879 84. 16.
5880 83. 17.
5881 83. 17.
5882 83. 17.
5883 83. 17.
5884 83. 17.
5885 83. 17.
5886 84. 16.
5887 84. 16.
5888 83. 17.
5889 83. 17.
5890 83. 17.
5891 84. 16.
5892 84. 16.
5893 83. 17.
5894 83. 17.
5895 83. 17.
5896 84. 16.
5897 84. 16.
5898 84. 16.
5899 84. 16.
5900 84. 16.
5901 84. 16.
5902 84. 16.
5903 84. 16.
5904 84. 16.
5905 84. 16.
5906 85. 15.
5907 85. 15.
5908 85. 15.
5909 85. 15.
5910 84. 16.
5911 85. 15.
5912 86. 14.
5913 86. 14.
5914 86. 14.
5915 86. 14.
5916 86. 14.
5917 86. 14.
5918 86. 14.
5919 86. 14.
5920 86. 14.
5921 87. 13.
5922 87. 13.
5923 87. 13.
5924 87. 13.
5925 86. 14.
5926 86. 14.
5927 87. 13.
5928 87. 13.
5929 87. 13.
5930 87. 13.
5931 87. 13.
5932 87. 13.
5933 87. 13.
5934 87. 13.
5935 87. 13.
5936 87. 13.
5937 87. 13.
5938 87. 13.
5939 87. 13.
5940 87. 13.
5941 87. 13.
5942 87. 13.
5943 88. 12.
5944 88. 12.
5945 88. 12.
5946 88. 12.
5947 88. 12.
5948 88. 12.
5949 88. 12.
5950 88. 12.
5951 88. 12.
5952 88. 12.
5953 88. 12.
5954 88. 12.
5955 88. 12.
5956 88. 12.
5957 88. 12.
5958 88. 12.
5959 88. 12.
5960 88. 12.
5961 89. 11.
5962 90. 10.
5963 90. 10.
5964 90. 10.
5965 90. 10.
5966 90. 10.
5967 90. 10.
5968 91. 9.
5969 91. 9.
5970 91. 9.
5971 91. 9.
5972 91. 9.
5973 91. 9.
5974 91. 9.
5975 90. 10.
5976 90. 10.
5977 90. 10.
5978 90. 10.
5979 90. 10.
5980 90. 10.
5981 90. 10.
5982 90. 10.
5983 90. 10.
5984 90. 10.
5985 90. 10.
5986 90. 10.
5987 90. 10.
5988 90. 10.
5989 90. 10.
5990 90. 10.
5991 90. 10.
5992 90. 10.
5993 90. 10.
5994 90. 10.
5995 90. 10.
5996 90. 10.
5997 90. 10.
5998 90. 10.
5999 90. 10.
6000 90. 10.
6001 90. 10.
6002 89. 11.
6003 88. 12.
6004 88. 12.
6005 88. 12.
6006 88. 12.
6007 88. 12.
6008 88. 12.
6009 88. 12.
6010 88. 12.
6011 88. 12.
6012 88. 12.
6013 88. 12.
6014 88. 12.
6015 88. 12.
6016 88. 12.
6017 89. 11.
6018 89. 11.
6019 89. 11.
6020 89. 11.
6021 89. 11.
6022 89. 11.
6023 89. 11.
6024 89. 11.
6025 89. 11.
6026 89. 11.
6027 89. 11.
6028 89. 11.
6029 89. 11.
6030 89. 11.
6031 90. 10.
6032 91. 9.
6033 92. 8.
6034 92. 8.
6035 92. 8.
6036 92. 8.
6037 92. 8.
6038 92. 8.
6039 92. 8.
6040 92. 8.
6041 93. 7.
6042 93. 7.
6043 93. 7.
6044 93. 7.
6045 93. 7.
6046 93. 7.
6047 93. 7.
6048 93. 7.
6049 94. 6.
6050 94. 6.
6051 94. 6.
6052 94. 6.
6053 94. 6.
6054 95. 5.
6055 95. 5.
6056 95. 5.
6057 95. 5.
6058 95. 5.
6059 95. 5.
6060 95. 5.
6061 95. 5.
6062 95. 5.
6063 95. 5.
6064 95. 5.
6065 95. 5.
6066 95. 5.
6067 95. 5.
6068 95. 5.
6069 95. 5.
6070 95. 5.
6071 95. 5.
6072 95. 5.
6073 95. 5.
6074 95. 5.
6075 95. 5.
6076 95. 5.
6077 95. 5.
6078 95. 5.
6079 95. 5.
6080 95. 5.
6081 96. 4.
6082 96. 4.
6083 96. 4.
6084 96. 4.
6085 96. 4.
6086 96. 4.
6087 96. 4.
6088 96. 4.
6089 96. 4.
6090 96. 4.
6091 96. 4.
6092 96. 4.
6093 96. 4.
6094 97. 3.
6095 97. 3.
6096 97. 3.
6097 97. 3.
6098 97. 3.
6099 97. 3.
6100 97. 3.
6101 97. 3.
6102 97. 3.
6103 97. 3.
6104 97. 3.
6105 97. 3.
6106 97. 3.
6107 97. 3.
6108 97. 3.
6109 97. 3.
6110 98. 2.
6111 98. 2.
6112 98. 2.
6113 98. 2.
6114 98. 2.
6115 98. 2.
6116 98. 2.
6117 98. 2.
6118 98. 2.
6119 98. 2.
6120 98. 2.
6121 98. 2.
6122 98. 2.
6123 98. 2.
6124 98. 2.
6125 98. 2.
6126 98. 2.
6127 98. 2.
6128 98. 2.
6129 98. 2.
6130 98. 2.
6131 98. 2.
6132 98. 2.
6133 98. 2.
6134 98. 2.
6135 98. 2.
6136 98. 2.
6137 98. 2.
6138 98. 2.
6139 98. 2.
6140 98. 2.
6141 98. 2.
6142 98. 2.
6143 98. 2.
6144 98. 2.
6145 98. 2.
6146 98. 2.
6147 98. 2.
6148 98. 2.
6149 98. 2.
6150 98. 2.
6151 98. 2.
6152 98. 2.
6153 98. 2.
6154 98. 2.
6155 98. 2.
6156 98. 2.
6157 98. 2.
6158 98. 2.
6159 98. 2.
6160 98. 2.
6161 98. 2.
6162 98. 2.
6163 98. 2.
6164 98. 2.
6165 98. 2.
6166 98. 2.
6167 98. 2.
6168 98. 2.
6169 98. 2.
6170 98. 2.
6171 98. 2.
6172 98. 2.
6173 98. 2.
6174 98. 2.
6175 98. 2.
6176 98. 2.
6177 98. 2.
6178 98. 2.
6179 99. 1.
6180 99. 1.
6181 99. 1.
6182 99. 1.
6183 99. 1.
6184 99. 1.
6185 99. 1.
6186 99. 1.
6187 99. 1.
6188 99. 1.
6189 99. 1.
6190 99. 1.
6191 99. 1.
6192 99. 1.
6193 99. 1.
6194 99. 1.
6195 99. 1.
6196 99. 1.
6197 99. 1.
6198 99. 1.
6199 99. 1.
6200 99. 1.
6201 99. 1.
6202 99. 1.
6203 99. 1.
6204 99. 1.
6205 99. 1.
6206 99. 1.
6207 99. 1.
6208 99. 1.
6209 99. 1.
