0 25. 75.
1 25. 75.
2 25. 75.
3 24. 76.
4 25. 75.
5 26. 74.
6 26. 74.
7 26. 74.
8 25. 75.
9 25. 75.
10 25. 75.
11 26. 74.
12 27. 73.
13 27. 73.
14 27. 73.
15 27. 73.
16 27. 73.
17 27. 73.
18 28. 72.
19 28. 72.
20 28. 72.
21 28. 72.
22 28. 72.
23 28. 72.
24 28. 72.
25 27. 73.
26 28. 72.
27 28. 72.
28 28. 72.
29 28. 72.
30 28. 72.
31 28. 72.
32 28. 72.
33 28. 72.
34 28. 72.
35 27. 73.
36 27. 73.
37 27. 73.
38 27. 73.
39 26. 74.
40 27. 73.
41 27. 73.
42 27. 73.
43 28. 72.
44 29. 71.
45 30. 70.
46 30. 70.
47 30. 70.
48 29. 71.
49 29. 71.
50 30. 70.
51 30. 70.
52 30. 70.
53 30. 70.
54 30. 70.
55 30. 70.
56 30. 70.
57 31. 69.
58 31. 69.
59 30. 70.
60 30. 70.
61 31. 69.
62 30. 70.
63 31. 69.
64 31. 69.
65 31. 69.
66 31. 69.
67 32. 68.
68 31. 69.
69 31. 69.
70 31. 69.
71 31. 69.
72 31. 69.
73 31. 69.
74 31. 69.
75 32. 68.
76 32. 68.
77 32. 68.
78 31. 69.
79 32. 68.
80 32. 68.
81 32. 68.
82 32. 68.
83 32. 68.
84 32. 68.
85 32. 68.
86 32. 68.
87 32. 68.
88 32. 68.
89 32. 68.
90 31. 69.
91 32. 68.
92 32. 68.
93 32. 68.
94 32. 68.
95 32. 68.
96 32. 68.
97 32. 68.
98 32. 68.
99 32. 68.
100 32. 68.
101 32. 68.
102 32. 68.
103 32. 68.
104 31. 69.
105 31. 69.
106 31. 69.
107 30. 70.
108 30. 70.
109 30. 70.
110 30. 70.
111 30. 70.
112 31. 69.
113 31. 69.
114 31. 69.
115 32. 68.
116 33. 67.
117 33. 67.
118 33. 67.
119 33. 67.
120 34. 66.
121 34. 66.
122 34. 66.
123 34. 66.
124 35. 65.
125 35. 65.
126 36. 64.
127 36. 64.
128 37. 63.
129 37. 63.
130 37. 63.
131 37. 63.
132 37. 63.
133 38. 62.
134 38. 62.
135 38. 62.
136 37. 63.
137 37. 63.
138 37. 63.
139 37. 63.
140 37. 63.
141 37. 63.
142 37. 63.
143 36. 64.
144 36. 64.
145 36. 64.
146 37. 63.
147 37. 63.
148 37. 63.
149 37. 63.
150 37. 63.
151 36. 64.
152 36. 64.
153 36. 64.
154 36. 64.
155 36. 64.
156 36. 64.
157 35. 65.
158 35. 65.
159 35. 65.
160 35. 65.
161 35. 65.
162 35. 65.
163 35. 65.
164 35. 65.
165 36. 64.
166 36. 64.
167 36. 64.
168 36. 64.
169 36. 64.
170 36. 64.
171 36. 64.
172 37. 63.
173 37. 63.
174 37. 63.
175 37. 63.
176 38. 62.
177 39. 61.
178 38. 62.
179 38. 62.
180 38. 62.
181 38. 62.
182 38. 62.
183 38. 62.
184 38. 62.
185 38. 62.
186 38. 62.
187 38. 62.
188 38. 62.
189 38. 62.
190 39. 61.
191 39. 61.
192 40. 60.
193 40. 60.
194 40. 60.
195 40. 60.
196 40. 60.
197 40. 60.
198 40. 60.
199 40. 60.
200 39. 61.
201 39. 61.
202 38. 62.
203 38. 62.
204 38. 62.
205 38. 62.
206 39. 61.
207 40. 60.
208 40. 60.
209 40. 60.
210 40. 60.
211 40. 60.
212 40. 60.
213 40. 60.
214 41. 59.
215 41. 59.
216 41. 59.
217 41. 59.
218 41. 59.
219 41. 59.
220 42. 58.
221 42. 58.
222 42. 58.
223 42. 58.
224 42. 58.
225 41. 59.
226 41. 59.
227 42. 58.
228 42. 58.
229 43. 57.
230 43. 57.
231 43. 57.
232 42. 58.
233 42. 58.
234 41. 59.
235 41. 59.
236 40. 60.
237 39. 61.
238 39. 61.
239 40. 60.
240 40. 60.
241 40. 60.
242 40. 60.
243 41. 59.
244 41. 59.
245 41. 59.
246 41. 59.
247 40. 60.
248 39. 61.
249 40. 60.
250 40. 60.
251 41. 59.
252 41. 59.
253 41. 59.
254 41. 59.
255 40. 60.
256 40. 60.
257 40. 60.
258 40. 60.
259 40. 60.
260 41. 59.
261 40. 60.
262 39. 61.
263 39. 61.
264 39. 61.
265 39. 61.
266 39. 61.
267 39. 61.
268 38. 62.
269 38. 62.
270 38. 62.
271 38. 62.
272 37. 63.
273 37. 63.
274 38. 62.
275 39. 61.
276 39. 61.
277 40. 60.
278 39. 61.
279 38. 62.
280 38. 62.
281 38. 62.
282 39. 61.
283 39. 61.
284 38. 62.
285 38. 62.
286 37. 63.
287 36. 64.
288 36. 64.
289 36. 64.
290 37. 63.
291 37. 63.
292 36. 64.
293 36. 64.
294 36. 64.
295 37. 63.
296 37. 63.
297 37. 63.
298 37. 63.
299 37. 63.
300 37. 63.
301 37. 63.
302 37. 63.
303 37. 63.
304 37. 63.
305 36. 64.
306 36. 64.
307 35. 65.
308 35. 65.
309 34. 66.
310 35. 65.
311 35. 65.
312 35. 65.
313 35. 65.
314 35. 65.
315 35. 65.
316 35. 65.
317 35. 65.
318 35. 65.
319 35. 65.
320 35. 65.
321 36. 64.
322 36. 64.
323 36. 64.
324 36. 64.
325 36. 64.
326 36. 64.
327 37. 63.
328 37. 63.
329 36. 64.
330 35. 65.
331 35. 65.
332 35. 65.
333 34. 66.
334 34. 66.
335 34. 66.
336 33. 67.
337 33. 67.
338 32. 68.
339 32. 68.
340 32. 68.
341 33. 67.
342 33. 67.
343 33. 67.
344 33. 67.
345 34. 66.
346 34. 66.
347 33. 67.
348 33. 67.
349 33. 67.
350 33. 67.
351 33. 67.
352 33. 67.
353 33. 67.
354 33. 67.
355 32. 68.
356 32. 68.
357 32. 68.
358 32. 68.
359 32. 68.
360 31. 69.
361 31. 69.
362 31. 69.
363 32. 68.
364 31. 69.
365 31. 69.
366 32. 68.
367 32. 68.
368 33. 67.
369 32. 68.
370 33. 67.
371 33. 67.
372 33. 67.
373 34. 66.
374 34. 66.
375 35. 65.
376 34. 66.
377 33. 67.
378 33. 67.
379 33. 67.
380 33. 67.
381 33. 67.
382 33. 67.
383 33. 67.
384 33. 67.
385 33. 67.
386 33. 67.
387 33. 67.
388 33. 67.
389 33. 67.
390 33. 67.
391 32. 68.
392 32. 68.
393 32. 68.
394 32. 68.
395 32. 68.
396 32. 68.
397 31. 69.
398 31. 69.
399 31. 69.
400 31. 69.
401 31. 69.
402 30. 70.
403 30. 70.
404 30. 70.
405 30. 70.
406 30. 70.
407 30. 70.
408 30. 70.
409 30. 70.
410 30. 70.
411 30. 70.
412 30. 70.
413 30. 70.
414 30. 70.
415 30. 70.
416 30. 70.
417 30. 70.
418 30. 70.
419 30. 70.
420 30. 70.
421 30. 70.
422 31. 69.
423 31. 69.
424 31. 69.
425 31. 69.
426 31. 69.
427 31. 69.
428 31. 69.
429 32. 68.
430 31. 69.
431 32. 68.
432 32. 68.
433 32. 68.
434 32. 68.
435 32. 68.
436 31. 69.
437 31. 69.
438 31. 69.
439 31. 69.
440 31. 69.
441 31. 69.
442 31. 69.
443 32. 68.
444 32. 68.
445 32. 68.
446 31. 69.
447 31. 69.
448 31. 69.
449 31. 69.
450 32. 68.
451 33. 67.
452 34. 66.
453 34. 66.
454 34. 66.
455 35. 65.
456 35. 65.
457 34. 66.
458 34. 66.
459 33. 67.
460 32. 68.
461 32. 68.
462 32. 68.
463 32. 68.
464 31. 69.
465 31. 69.
466 31. 69.
467 30. 70.
468 30. 70.
469 30. 70.
470 29. 71.
471 29. 71.
472 30. 70.
473 31. 69.
474 31. 69.
475 31. 69.
476 31. 69.
477 30. 70.
478 31. 69.
479 32. 68.
480 32. 68.
481 32. 68.
482 32. 68.
483 32. 68.
484 31. 69.
485 31. 69.
486 32. 68.
487 32. 68.
488 33. 67.
489 33. 67.
490 33. 67.
491 33. 67.
492 33. 67.
493 33. 67.
494 33. 67.
495 33. 67.
496 33. 67.
497 33. 67.
498 34. 66.
499 33. 67.
500 34. 66.
501 33. 67.
502 33. 67.
503 33. 67.
504 33. 67.
505 32. 68.
506 31. 69.
507 32. 68.
508 31. 69.
509 31. 69.
510 31. 69.
511 31. 69.
512 32. 68.
513 32. 68.
514 32. 68.
515 32. 68.
516 32. 68.
517 32. 68.
518 32. 68.
519 32. 68.
520 32. 68.
521 32. 68.
522 32. 68.
523 32. 68.
524 32. 68.
525 32. 68.
526 32. 68.
527 32. 68.
528 32. 68.
529 32. 68.
530 32. 68.
531 32. 68.
532 31. 69.
533 31. 69.
534 31. 69.
535 32. 68.
536 31. 69.
537 30. 70.
538 30. 70.
539 30. 70.
540 30. 70.
541 30. 70.
542 30. 70.
543 30. 70.
544 30. 70.
545 30. 70.
546 29. 71.
547 29. 71.
548 29. 71.
549 29. 71.
550 30. 70.
551 30. 70.
552 30. 70.
553 31. 69.
554 31. 69.
555 31. 69.
556 31. 69.
557 31. 69.
558 32. 68.
559 31. 69.
560 31. 69.
561 31. 69.
562 31. 69.
563 32. 68.
564 32. 68.
565 33. 67.
566 33. 67.
567 32. 68.
568 33. 67.
569 33. 67.
570 33. 67.
571 33. 67.
572 32. 68.
573 32. 68.
574 32. 68.
575 32. 68.
576 32. 68.
577 31. 69.
578 31. 69.
579 31. 69.
580 31. 69.
581 31. 69.
582 30. 70.
583 29. 71.
584 28. 72.
585 29. 71.
586 29. 71.
587 29. 71.
588 29. 71.
589 29. 71.
590 30. 70.
591 31. 69.
592 31. 69.
593 30. 70.
594 30. 70.
595 31. 69.
596 30. 70.
597 31. 69.
598 31. 69.
599 31. 69.
600 32. 68.
601 32. 68.
602 32. 68.
603 32. 68.
604 32. 68.
605 33. 67.
606 33. 67.
607 33. 67.
608 33. 67.
609 34. 66.
610 35. 65.
611 34. 66.
612 34. 66.
613 34. 66.
614 34. 66.
615 34. 66.
616 34. 66.
617 34. 66.
618 34. 66.
619 34. 66.
620 33. 67.
621 33. 67.
622 33. 67.
623 33. 67.
624 33. 67.
625 33. 67.
626 34. 66.
627 34. 66.
628 35. 65.
629 35. 65.
630 36. 64.
631 36. 64.
632 36. 64.
633 36. 64.
634 36. 64.
635 36. 64.
636 36. 64.
637 36. 64.
638 36. 64.
639 36. 64.
640 36. 64.
641 36. 64.
642 36. 64.
643 36. 64.
644 36. 64.
645 36. 64.
646 36. 64.
647 37. 63.
648 36. 64.
649 36. 64.
650 36. 64.
651 36. 64.
652 36. 64.
653 36. 64.
654 37. 63.
655 37. 63.
656 37. 63.
657 38. 62.
658 38. 62.
659 38. 62.
660 38. 62.
661 38. 62.
662 38. 62.
663 38. 62.
664 38. 62.
665 38. 62.
666 39. 61.
667 39. 61.
668 40. 60.
669 40. 60.
670 40. 60.
671 40. 60.
672 40. 60.
673 40. 60.
674 40. 60.
675 39. 61.
676 40. 60.
677 40. 60.
678 40. 60.
679 40. 60.
680 41. 59.
681 41. 59.
682 41. 59.
683 41. 59.
684 42. 58.
685 42. 58.
686 42. 58.
687 42. 58.
688 43. 57.
689 44. 56.
690 44. 56.
691 43. 57.
692 42. 58.
693 42. 58.
694 42. 58.
695 42. 58.
696 42. 58.
697 42. 58.
698 42. 58.
699 42. 58.
700 42. 58.
701 43. 57.
702 43. 57.
703 43. 57.
704 43. 57.
705 43. 57.
706 43. 57.
707 43. 57.
708 43. 57.
709 43. 57.
710 43. 57.
711 43. 57.
712 43. 57.
713 43. 57.
714 43. 57.
715 43. 57.
716 42. 58.
717 43. 57.
718 43. 57.
719 43. 57.
720 43. 57.
721 43. 57.
722 43. 57.
723 43. 57.
724 42. 58.
725 42. 58.
726 42. 58.
727 42. 58.
728 42. 58.
729 42. 58.
730 42. 58.
731 43. 57.
732 43. 57.
733 44. 56.
734 44. 56.
735 44. 56.
736 44. 56.
737 44. 56.
738 44. 56.
739 44. 56.
740 44. 56.
741 43. 57.
742 43. 57.
743 42. 58.
744 42. 58.
745 42. 58.
746 43. 57.
747 43. 57.
748 43. 57.
749 43. 57.
750 43. 57.
751 43. 57.
752 42. 58.
753 42. 58.
754 42. 58.
755 42. 58.
756 43. 57.
757 42. 58.
758 42. 58.
759 42. 58.
760 43. 57.
761 43. 57.
762 43. 57.
763 43. 57.
764 42. 58.
765 42. 58.
766 42. 58.
767 43. 57.
768 43. 57.
769 42. 58.
770 43. 57.
771 43. 57.
772 43. 57.
773 43. 57.
774 42. 58.
775 41. 59.
776 41. 59.
777 41. 59.
778 41. 59.
779 41. 59.
780 41. 59.
781 41. 59.
782 41. 59.
783 41. 59.
784 42. 58.
785 41. 59.
786 41. 59.
787 41. 59.
788 41. 59.
789 40. 60.
790 40. 60.
791 40. 60.
792 40. 60.
793 40. 60.
794 40. 60.
795 40. 60.
796 40. 60.
797 40. 60.
798 40. 60.
799 40. 60.
800 40. 60.
801 39. 61.
802 40. 60.
803 41. 59.
804 41. 59.
805 41. 59.
806 41. 59.
807 41. 59.
808 42. 58.
809 42. 58.
810 42. 58.
811 42. 58.
812 42. 58.
813 42. 58.
814 42. 58.
815 42. 58.
816 43. 57.
817 43. 57.
818 42. 58.
819 42. 58.
820 42. 58.
821 42. 58.
822 42. 58.
823 42. 58.
824 42. 58.
825 42. 58.
826 42. 58.
827 42. 58.
828 41. 59.
829 41. 59.
830 41. 59.
831 40. 60.
832 40. 60.
833 39. 61.
834 40. 60.
835 40. 60.
836 39. 61.
837 39. 61.
838 39. 61.
839 38. 62.
840 38. 62.
841 38. 62.
842 37. 63.
843 37. 63.
844 37. 63.
845 37. 63.
846 37. 63.
847 36. 64.
848 36. 64.
849 36. 64.
850 36. 64.
851 37. 63.
852 37. 63.
853 36. 64.
854 35. 65.
855 36. 64.
856 35. 65.
857 35. 65.
858 35. 65.
859 35. 65.
860 35. 65.
861 35. 65.
862 35. 65.
863 36. 64.
864 36. 64.
865 36. 64.
866 36. 64.
867 35. 65.
868 36. 64.
869 36. 64.
870 36. 64.
871 36. 64.
872 37. 63.
873 37. 63.
874 37. 63.
875 37. 63.
876 37. 63.
877 38. 62.
878 38. 62.
879 39. 61.
880 38. 62.
881 38. 62.
882 38. 62.
883 38. 62.
884 37. 63.
885 37. 63.
886 37. 63.
887 37. 63.
888 36. 64.
889 36. 64.
890 36. 64.
891 37. 63.
892 37. 63.
893 36. 64.
894 36. 64.
895 36. 64.
896 37. 63.
897 36. 64.
898 35. 65.
899 35. 65.
900 35. 65.
901 35. 65.
902 35. 65.
903 35. 65.
904 35. 65.
905 35. 65.
906 35. 65.
907 34. 66.
908 34. 66.
909 34. 66.
910 34. 66.
911 34. 66.
912 34. 66.
913 35. 65.
914 34. 66.
915 34. 66.
916 34. 66.
917 33. 67.
918 33. 67.
919 33. 67.
920 32. 68.
921 32. 68.
922 32. 68.
923 32. 68.
924 33. 67.
925 33. 67.
926 33. 67.
927 34. 66.
928 34. 66.
929 34. 66.
930 35. 65.
931 36. 64.
932 36. 64.
933 36. 64.
934 36. 64.
935 36. 64.
936 36. 64.
937 36. 64.
938 37. 63.
939 36. 64.
940 36. 64.
941 35. 65.
942 35. 65.
943 35. 65.
944 35. 65.
945 36. 64.
946 36. 64.
947 36. 64.
948 36. 64.
949 36. 64.
950 36. 64.
951 36. 64.
952 36. 64.
953 36. 64.
954 36. 64.
955 36. 64.
956 35. 65.
957 36. 64.
958 36. 64.
959 36. 64.
960 35. 65.
961 35. 65.
962 34. 66.
963 34. 66.
964 34. 66.
965 34. 66.
966 34. 66.
967 34. 66.
968 34. 66.
969 34. 66.
970 34. 66.
971 33. 67.
972 33. 67.
973 33. 67.
974 33. 67.
975 33. 67.
976 33. 67.
977 34. 66.
978 35. 65.
979 35. 65.
980 34. 66.
981 34. 66.
982 34. 66.
983 34. 66.
984 33. 67.
985 33. 67.
986 33. 67.
987 33. 67.
988 34. 66.
989 34. 66.
990 34. 66.
991 34. 66.
992 34. 66.
993 35. 65.
994 34. 66.
995 35. 65.
996 35. 65.
997 36. 64.
998 36. 64.
999 36. 64.
1000 36. 64.
1001 36. 64.
1002 36. 64.
1003 36. 64.
1004 36. 64.
1005 36. 64.
1006 35. 65.
1007 35. 65.
1008 35. 65.
1009 35. 65.
1010 35. 65.
1011 35. 65.
1012 35. 65.
1013 34. 66.
1014 34. 66.
1015 34. 66.
1016 34. 66.
1017 35. 65.
1018 35. 65.
1019 35. 65.
1020 34. 66.
1021 34. 66.
1022 34. 66.
1023 34. 66.
1024 35. 65.
1025 35. 65.
1026 36. 64.
1027 36. 64.
1028 36. 64.
1029 36. 64.
1030 36. 64.
1031 35. 65.
1032 35. 65.
1033 35. 65.
1034 35. 65.
1035 34. 66.
1036 34. 66.
1037 35. 65.
1038 35. 65.
1039 35. 65.
1040 35. 65.
1041 35. 65.
1042 35. 65.
1043 35. 65.
1044 35. 65.
1045 35. 65.
1046 35. 65.
1047 35. 65.
1048 36. 64.
1049 36. 64.
1050 36. 64.
1051 36. 64.
1052 36. 64.
1053 36. 64.
1054 36. 64.
1055 37. 63.
1056 38. 62.
1057 38. 62.
1058 38. 62.
1059 39. 61.
1060 39. 61.
1061 38. 62.
1062 38. 62.
1063 38. 62.
1064 39. 61.
1065 39. 61.
1066 39. 61.
1067 39. 61.
1068 40. 60.
1069 39. 61.
1070 39. 61.
1071 39. 61.
1072 39. 61.
1073 39. 61.
1074 38. 62.
1075 37. 63.
1076 38. 62.
1077 38. 62.
1078 39. 61.
1079 40. 60.
1080 41. 59.
1081 42. 58.
1082 42. 58.
1083 42. 58.
1084 42. 58.
1085 42. 58.
1086 42. 58.
1087 42. 58.
1088 43. 57.
1089 43. 57.
1090 44. 56.
1091 44. 56.
1092 44. 56.
1093 44. 56.
1094 44. 56.
1095 44. 56.
1096 44. 56.
1097 43. 57.
1098 43. 57.
1099 43. 57.
1100 43. 57.
1101 44. 56.
1102 44. 56.
1103 44. 56.
1104 45. 55.
1105 46. 54.
1106 47. 53.
1107 46. 54.
1108 46. 54.
1109 46. 54.
1110 46. 54.
1111 46. 54.
1112 46. 54.
1113 45. 55.
1114 44. 56.
1115 44. 56.
1116 44. 56.
1117 43. 57.
1118 43. 57.
1119 43. 57.
1120 43. 57.
1121 42. 58.
1122 42. 58.
1123 42. 58.
1124 42. 58.
1125 42. 58.
1126 42. 58.
1127 42. 58.
1128 42. 58.
1129 42. 58.
1130 42. 58.
1131 43. 57.
1132 43. 57.
1133 43. 57.
1134 43. 57.
1135 44. 56.
1136 44. 56.
1137 44. 56.
1138 44. 56.
1139 44. 56.
1140 44. 56.
1141 44. 56.
1142 44. 56.
1143 44. 56.
1144 43. 57.
1145 43. 57.
1146 42. 58.
1147 42. 58.
1148 43. 57.
1149 43. 57.
1150 44. 56.
1151 45. 55.
1152 45. 55.
1153 45. 55.
1154 45. 55.
1155 45. 55.
1156 45. 55.
1157 45. 55.
1158 44. 56.
1159 45. 55.
1160 46. 54.
1161 46. 54.
1162 46. 54.
1163 46. 54.
1164 46. 54.
1165 47. 53.
1166 47. 53.
1167 46. 54.
1168 46. 54.
1169 46. 54.
1170 47. 53.
1171 46. 54.
1172 46. 54.
1173 46. 54.
1174 46. 54.
1175 46. 54.
1176 47. 53.
1177 47. 53.
1178 46. 54.
1179 46. 54.
1180 46. 54.
1181 45. 55.
1182 45. 55.
1183 45. 55.
1184 45. 55.
1185 45. 55.
1186 45. 55.
1187 45. 55.
1188 45. 55.
1189 46. 54.
1190 46. 54.
1191 46. 54.
1192 47. 53.
1193 47. 53.
1194 47. 53.
1195 46. 54.
1196 46. 54.
1197 46. 54.
1198 46. 54.
1199 46. 54.
1200 47. 53.
1201 47. 53.
1202 47. 53.
1203 47. 53.
1204 47. 53.
1205 47. 53.
1206 47. 53.
1207 47. 53.
1208 46. 54.
1209 47. 53.
1210 47. 53.
1211 48. 52.
1212 47. 53.
1213 47. 53.
1214 47. 53.
1215 48. 52.
1216 48. 52.
1217 47. 53.
1218 47. 53.
1219 47. 53.
1220 47. 53.
1221 46. 54.
1222 46. 54.
1223 46. 54.
1224 45. 55.
1225 45. 55.
1226 44. 56.
1227 44. 56.
1228 44. 56.
1229 44. 56.
1230 44. 56.
1231 44. 56.
1232 44. 56.
1233 43. 57.
1234 43. 57.
1235 44. 56.
1236 44. 56.
1237 44. 56.
1238 44. 56.
1239 45. 55.
1240 46. 54.
1241 46. 54.
1242 46. 54.
1243 46. 54.
1244 46. 54.
1245 46. 54.
1246 47. 53.
1247 48. 52.
1248 48. 52.
1249 48. 52.
1250 47. 53.
1251 47. 53.
1252 47. 53.
1253 47. 53.
1254 47. 53.
1255 47. 53.
1256 47. 53.
1257 47. 53.
1258 46. 54.
1259 46. 54.
1260 46. 54.
1261 45. 55.
1262 45. 55.
1263 46. 54.
1264 46. 54.
1265 45. 55.
1266 45. 55.
1267 45. 55.
1268 44. 56.
1269 44. 56.
1270 45. 55.
1271 45. 55.
1272 45. 55.
1273 45. 55.
1274 45. 55.
1275 44. 56.
1276 45. 55.
1277 46. 54.
1278 47. 53.
1279 47. 53.
1280 47. 53.
1281 47. 53.
1282 48. 52.
1283 48. 52.
1284 48. 52.
1285 49. 51.
1286 49. 51.
1287 49. 51.
1288 49. 51.
1289 48. 52.
1290 49. 51.
1291 49. 51.
1292 49. 51.
1293 48. 52.
1294 47. 53.
1295 47. 53.
1296 47. 53.
1297 48. 52.
1298 48. 52.
1299 48. 52.
1300 49. 51.
1301 49. 51.
1302 50. 50.
1303 51. 49.
1304 51. 49.
1305 51. 49.
1306 51. 49.
1307 51. 49.
1308 51. 49.
1309 51. 49.
1310 52. 48.
1311 52. 48.
1312 52. 48.
1313 52. 48.
1314 52. 48.
1315 52. 48.
1316 52. 48.
1317 52. 48.
1318 52. 48.
1319 52. 48.
1320 51. 49.
1321 51. 49.
1322 51. 49.
1323 51. 49.
1324 51. 49.
1325 51. 49.
1326 51. 49.
1327 50. 50.
1328 50. 50.
1329 51. 49.
1330 50. 50.
1331 50. 50.
1332 50. 50.
1333 51. 49.
1334 51. 49.
1335 50. 50.
1336 50. 50.
1337 51. 49.
1338 51. 49.
1339 52. 48.
1340 51. 49.
1341 51. 49.
1342 51. 49.
1343 51. 49.
1344 51. 49.
1345 52. 48.
1346 52. 48.
1347 53. 47.
1348 52. 48.
1349 52. 48.
1350 52. 48.
1351 52. 48.
1352 51. 49.
1353 51. 49.
1354 52. 48.
1355 53. 47.
1356 53. 47.
1357 53. 47.
1358 53. 47.
1359 53. 47.
1360 53. 47.
1361 53. 47.
1362 53. 47.
1363 53. 47.
1364 53. 47.
1365 53. 47.
1366 52. 48.
1367 52. 48.
1368 53. 47.
1369 54. 46.
1370 54. 46.
1371 54. 46.
1372 55. 45.
1373 54. 46.
1374 54. 46.
1375 54. 46.
1376 54. 46.
1377 54. 46.
1378 54. 46.
1379 54. 46.
1380 54. 46.
1381 54. 46.
1382 54. 46.
1383 55. 45.
1384 54. 46.
1385 54. 46.
1386 54. 46.
1387 54. 46.
1388 54. 46.
1389 54. 46.
1390 55. 45.
1391 55. 45.
1392 56. 44.
1393 56. 44.
1394 56. 44.
1395 56. 44.
1396 56. 44.
1397 56. 44.
1398 57. 43.
1399 57. 43.
1400 57. 43.
1401 57. 43.
1402 57. 43.
1403 57. 43.
1404 57. 43.
1405 57. 43.
1406 57. 43.
1407 57. 43.
1408 57. 43.
1409 57. 43.
1410 58. 42.
1411 58. 42.
1412 58. 42.
1413 58. 42.
1414 58. 42.
1415 58. 42.
1416 58. 42.
1417 58. 42.
1418 58. 42.
1419 58. 42.
1420 59. 41.
1421 58. 42.
1422 58. 42.
1423 58. 42.
1424 58. 42.
1425 58. 42.
1426 57. 43.
1427 57. 43.
1428 57. 43.
1429 57. 43.
1430 57. 43.
1431 57. 43.
1432 56. 44.
1433 56. 44.
1434 56. 44.
1435 56. 44.
1436 56. 44.
1437 56. 44.
1438 56. 44.
1439 56. 44.
1440 55. 45.
1441 54. 46.
1442 54. 46.
1443 54. 46.
1444 54. 46.
1445 55. 45.
1446 55. 45.
1447 55. 45.
1448 54. 46.
1449 54. 46.
1450 54. 46.
1451 54. 46.
1452 54. 46.
1453 54. 46.
1454 55. 45.
1455 55. 45.
1456 54. 46.
1457 54. 46.
1458 55. 45.
1459 55. 45.
1460 54. 46.
1461 54. 46.
1462 54. 46.
1463 54. 46.
1464 54. 46.
1465 54. 46.
1466 54. 46.
1467 53. 47.
1468 53. 47.
1469 53. 47.
1470 53. 47.
1471 54. 46.
1472 54. 46.
1473 54. 46.
1474 54. 46.
1475 55. 45.
1476 56. 44.
1477 56. 44.
1478 56. 44.
1479 56. 44.
1480 55. 45.
1481 55. 45.
1482 55. 45.
1483 55. 45.
1484 55. 45.
1485 55. 45.
1486 54. 46.
1487 54. 46.
1488 54. 46.
1489 54. 46.
1490 54. 46.
1491 53. 47.
1492 53. 47.
1493 53. 47.
1494 52. 48.
1495 52. 48.
1496 52. 48.
1497 52. 48.
1498 52. 48.
1499 53. 47.
1500 53. 47.
1501 53. 47.
1502 53. 47.
1503 53. 47.
1504 53. 47.
1505 52. 48.
1506 52. 48.
1507 52. 48.
1508 52. 48.
1509 52. 48.
1510 52. 48.
1511 52. 48.
1512 52. 48.
1513 52. 48.
1514 52. 48.
1515 52. 48.
1516 53. 47.
1517 52. 48.
1518 52. 48.
1519 52. 48.
1520 52. 48.
1521 52. 48.
1522 52. 48.
1523 52. 48.
1524 52. 48.
1525 51. 49.
1526 51. 49.
1527 51. 49.
1528 51. 49.
1529 51. 49.
1530 51. 49.
1531 51. 49.
1532 51. 49.
1533 52. 48.
1534 52. 48.
1535 52. 48.
1536 52. 48.
1537 52. 48.
1538 52. 48.
1539 52. 48.
1540 53. 47.
1541 53. 47.
1542 52. 48.
1543 52. 48.
1544 52. 48.
1545 51. 49.
1546 52. 48.
1547 52. 48.
1548 52. 48.
1549 52. 48.
1550 53. 47.
1551 53. 47.
1552 53. 47.
1553 54. 46.
1554 54. 46.
1555 54. 46.
1556 54. 46.
1557 54. 46.
1558 53. 47.
1559 53. 47.
1560 53. 47.
1561 53. 47.
1562 53. 47.
1563 53. 47.
1564 53. 47.
1565 53. 47.
1566 53. 47.
1567 53. 47.
1568 53. 47.
1569 53. 47.
1570 53. 47.
1571 53. 47.
1572 52. 48.
1573 52. 48.
1574 52. 48.
1575 53. 47.
1576 52. 48.
1577 52. 48.
1578 52. 48.
1579 52. 48.
1580 52. 48.
1581 52. 48.
1582 52. 48.
1583 52. 48.
1584 52. 48.
1585 52. 48.
1586 52. 48.
1587 52. 48.
1588 52. 48.
1589 52. 48.
1590 51. 49.
1591 51. 49.
1592 52. 48.
1593 52. 48.
1594 52. 48.
1595 52. 48.
1596 52. 48.
1597 51. 49.
1598 51. 49.
1599 52. 48.
1600 52. 48.
1601 52. 48.
1602 52. 48.
1603 52. 48.
1604 52. 48.
1605 52. 48.
1606 52. 48.
1607 53. 47.
1608 53. 47.
1609 53. 47.
1610 53. 47.
1611 52. 48.
1612 53. 47.
1613 53. 47.
1614 53. 47.
1615 53. 47.
1616 53. 47.
1617 54. 46.
1618 54. 46.
1619 54. 46.
1620 53. 47.
1621 52. 48.
1622 52. 48.
1623 51. 49.
1624 51. 49.
1625 51. 49.
1626 50. 50.
1627 50. 50.
1628 49. 51.
1629 49. 51.
1630 49. 51.
1631 50. 50.
1632 50. 50.
1633 50. 50.
1634 50. 50.
1635 50. 50.
1636 50. 50.
1637 49. 51.
1638 48. 52.
1639 47. 53.
1640 48. 52.
1641 48. 52.
1642 49. 51.
1643 49. 51.
1644 49. 51.
1645 49. 51.
1646 48. 52.
1647 48. 52.
1648 48. 52.
1649 48. 52.
1650 48. 52.
1651 48. 52.
1652 48. 52.
1653 48. 52.
1654 48. 52.
1655 48. 52.
1656 48. 52.
1657 48. 52.
1658 49. 51.
1659 49. 51.
1660 49. 51.
1661 49. 51.
1662 49. 51.
1663 49. 51.
1664 49. 51.
1665 49. 51.
1666 48. 52.
1667 48. 52.
1668 47. 53.
1669 48. 52.
1670 48. 52.
1671 48. 52.
1672 48. 52.
1673 47. 53.
1674 47. 53.
1675 47. 53.
1676 48. 52.
1677 47. 53.
1678 47. 53.
1679 48. 52.
1680 48. 52.
1681 48. 52.
1682 48. 52.
1683 48. 52.
1684 48. 52.
1685 48. 52.
1686 48. 52.
1687 48. 52.
1688 48. 52.
1689 47. 53.
1690 47. 53.
1691 47. 53.
1692 47. 53.
1693 47. 53.
1694 48. 52.
1695 49. 51.
1696 49. 51.
1697 50. 50.
1698 49. 51.
1699 49. 51.
1700 49. 51.
1701 49. 51.
1702 50. 50.
1703 50. 50.
1704 50. 50.
1705 50. 50.
1706 50. 50.
1707 50. 50.
1708 50. 50.
1709 50. 50.
1710 49. 51.
1711 50. 50.
1712 50. 50.
1713 50. 50.
1714 50. 50.
1715 51. 49.
1716 51. 49.
1717 52. 48.
1718 52. 48.
1719 51. 49.
1720 51. 49.
1721 51. 49.
1722 52. 48.
1723 51. 49.
1724 51. 49.
1725 50. 50.
1726 49. 51.
1727 49. 51.
1728 49. 51.
1729 49. 51.
1730 48. 52.
1731 48. 52.
1732 48. 52.
1733 48. 52.
1734 48. 52.
1735 48. 52.
1736 48. 52.
1737 48. 52.
1738 48. 52.
1739 48. 52.
1740 48. 52.
1741 48. 52.
1742 48. 52.
1743 48. 52.
1744 49. 51.
1745 50. 50.
1746 50. 50.
1747 50. 50.
1748 49. 51.
1749 49. 51.
1750 48. 52.
1751 48. 52.
1752 48. 52.
1753 48. 52.
1754 47. 53.
1755 47. 53.
1756 47. 53.
1757 47. 53.
1758 47. 53.
1759 48. 52.
1760 48. 52.
1761 48. 52.
1762 49. 51.
1763 49. 51.
1764 48. 52.
1765 48. 52.
1766 49. 51.
1767 49. 51.
1768 49. 51.
1769 49. 51.
1770 50. 50.
1771 51. 49.
1772 51. 49.
1773 51. 49.
1774 50. 50.
1775 49. 51.
1776 48. 52.
1777 48. 52.
1778 49. 51.
1779 49. 51.
1780 49. 51.
1781 49. 51.
1782 50. 50.
1783 49. 51.
1784 49. 51.
1785 49. 51.
1786 49. 51.
1787 49. 51.
1788 48. 52.
1789 48. 52.
1790 48. 52.
1791 48. 52.
1792 48. 52.
1793 48. 52.
1794 48. 52.
1795 48. 52.
1796 49. 51.
1797 49. 51.
1798 49. 51.
1799 48. 52.
1800 48. 52.
1801 48. 52.
1802 48. 52.
1803 48. 52.
1804 48. 52.
1805 47. 53.
1806 47. 53.
1807 47. 53.
1808 47. 53.
1809 46. 54.
1810 46. 54.
1811 46. 54.
1812 47. 53.
1813 47. 53.
1814 46. 54.
1815 47. 53.
1816 47. 53.
1817 47. 53.
1818 47. 53.
1819 47. 53.
1820 48. 52.
1821 48. 52.
1822 48. 52.
1823 48. 52.
1824 49. 51.
1825 49. 51.
1826 50. 50.
1827 50. 50.
1828 50. 50.
1829 49. 51.
1830 50. 50.
1831 50. 50.
1832 50. 50.
1833 50. 50.
1834 50. 50.
1835 50. 50.
1836 50. 50.
1837 50. 50.
1838 50. 50.
1839 50. 50.
1840 50. 50.
1841 49. 51.
1842 50. 50.
1843 50. 50.
1844 49. 51.
1845 49. 51.
1846 48. 52.
1847 48. 52.
1848 49. 51.
1849 48. 52.
1850 48. 52.
1851 48. 52.
1852 48. 52.
1853 48. 52.
1854 48. 52.
1855 48. 52.
1856 48. 52.
1857 48. 52.
1858 48. 52.
1859 48. 52.
1860 47. 53.
1861 46. 54.
1862 46. 54.
1863 46. 54.
1864 46. 54.
1865 46. 54.
1866 46. 54.
1867 47. 53.
1868 47. 53.
1869 48. 52.
1870 48. 52.
1871 47. 53.
1872 46. 54.
1873 47. 53.
1874 47. 53.
1875 47. 53.
1876 47. 53.
1877 46. 54.
1878 46. 54.
1879 47. 53.
1880 48. 52.
1881 47. 53.
1882 47. 53.
1883 47. 53.
1884 46. 54.
1885 45. 55.
1886 45. 55.
1887 45. 55.
1888 44. 56.
1889 44. 56.
1890 43. 57.
1891 43. 57.
1892 43. 57.
1893 44. 56.
1894 44. 56.
1895 44. 56.
1896 44. 56.
1897 43. 57.
1898 43. 57.
1899 43. 57.
1900 43. 57.
1901 43. 57.
1902 43. 57.
1903 43. 57.
1904 43. 57.
1905 43. 57.
1906 43. 57.
1907 43. 57.
1908 43. 57.
1909 42. 58.
1910 42. 58.
1911 42. 58.
1912 42. 58.
1913 42. 58.
1914 42. 58.
1915 43. 57.
1916 42. 58.
1917 42. 58.
1918 41. 59.
1919 42. 58.
1920 43. 57.
1921 43. 57.
1922 42. 58.
1923 42. 58.
1924 42. 58.
1925 42. 58.
1926 42. 58.
1927 42. 58.
1928 42. 58.
1929 42. 58.
1930 42. 58.
1931 42. 58.
1932 42. 58.
1933 42. 58.
1934 42. 58.
1935 43. 57.
1936 43. 57.
1937 43. 57.
1938 43. 57.
1939 43. 57.
1940 43. 57.
1941 43. 57.
1942 43. 57.
1943 44. 56.
1944 44. 56.
1945 44. 56.
1946 44. 56.
1947 45. 55.
1948 45. 55.
1949 45. 55.
1950 45. 55.
1951 46. 54.
1952 46. 54.
1953 46. 54.
1954 45. 55.
1955 45. 55.
1956 45. 55.
1957 45. 55.
1958 45. 55.
1959 45. 55.
1960 44. 56.
1961 44. 56.
1962 44. 56.
1963 43. 57.
1964 43. 57.
1965 43. 57.
1966 43. 57.
1967 43. 57.
1968 43. 57.
1969 43. 57.
1970 43. 57.
1971 43. 57.
1972 43. 57.
1973 43. 57.
1974 43. 57.
1975 44. 56.
1976 44. 56.
1977 44. 56.
1978 44. 56.
1979 44. 56.
1980 44. 56.
1981 44. 56.
1982 44. 56.
1983 44. 56.
1984 44. 56.
1985 44. 56.
1986 44. 56.
1987 43. 57.
1988 43. 57.
1989 43. 57.
1990 43. 57.
1991 43. 57.
1992 43. 57.
1993 44. 56.
1994 44. 56.
1995 44. 56.
1996 44. 56.
1997 44. 56.
1998 44. 56.
1999 45. 55.
2000 45. 55.
2001 45. 55.
2002 46. 54.
2003 46. 54.
2004 46. 54.
2005 46. 54.
2006 46. 54.
2007 46. 54.
2008 46. 54.
2009 46. 54.
2010 46. 54.
2011 46. 54.
2012 46. 54.
2013 46. 54.
2014 46. 54.
2015 47. 53.
2016 47. 53.
2017 48. 52.
2018 48. 52.
2019 48. 52.
2020 48. 52.
2021 48. 52.
2022 48. 52.
2023 47. 53.
2024 47. 53.
2025 48. 52.
2026 47. 53.
2027 47. 53.
2028 46. 54.
2029 46. 54.
2030 46. 54.
2031 46. 54.
2032 46. 54.
2033 46. 54.
2034 46. 54.
2035 46. 54.
2036 46. 54.
2037 46. 54.
2038 46. 54.
2039 47. 53.
2040 47. 53.
2041 47. 53.
2042 46. 54.
2043 46. 54.
2044 46. 54.
2045 46. 54.
2046 46. 54.
2047 45. 55.
2048 45. 55.
2049 44. 56.
2050 44. 56.
2051 45. 55.
2052 45. 55.
2053 45. 55.
2054 45. 55.
2055 45. 55.
2056 45. 55.
2057 46. 54.
2058 47. 53.
2059 48. 52.
2060 48. 52.
2061 48. 52.
2062 48. 52.
2063 49. 51.
2064 50. 50.
2065 49. 51.
2066 49. 51.
2067 49. 51.
2068 50. 50.
2069 50. 50.
2070 50. 50.
2071 50. 50.
2072 50. 50.
2073 50. 50.
2074 50. 50.
2075 50. 50.
2076 50. 50.
2077 50. 50.
2078 50. 50.
2079 50. 50.
2080 51. 49.
2081 51. 49.
2082 51. 49.
2083 51. 49.
2084 51. 49.
2085 51. 49.
2086 51. 49.
2087 51. 49.
2088 51. 49.
2089 51. 49.
2090 52. 48.
2091 53. 47.
2092 54. 46.
2093 54. 46.
2094 55. 45.
2095 55. 45.
2096 55. 45.
2097 56. 44.
2098 56. 44.
2099 56. 44.
2100 56. 44.
2101 56. 44.
2102 56. 44.
2103 56. 44.
2104 56. 44.
2105 56. 44.
2106 57. 43.
2107 56. 44.
2108 56. 44.
2109 56. 44.
2110 56. 44.
2111 56. 44.
2112 56. 44.
2113 56. 44.
2114 56. 44.
2115 55. 45.
2116 55. 45.
2117 56. 44.
2118 56. 44.
2119 56. 44.
2120 55. 45.
2121 55. 45.
2122 55. 45.
2123 56. 44.
2124 56. 44.
2125 57. 43.
2126 57. 43.
2127 56. 44.
2128 56. 44.
2129 56. 44.
2130 56. 44.
2131 56. 44.
2132 55. 45.
2133 55. 45.
2134 55. 45.
2135 55. 45.
2136 55. 45.
2137 55. 45.
2138 54. 46.
2139 54. 46.
2140 54. 46.
2141 54. 46.
2142 53. 47.
2143 52. 48.
2144 53. 47.
2145 53. 47.
2146 53. 47.
2147 52. 48.
2148 51. 49.
2149 52. 48.
2150 52. 48.
2151 52. 48.
2152 52. 48.
2153 52. 48.
2154 51. 49.
2155 51. 49.
2156 51. 49.
2157 51. 49.
2158 51. 49.
2159 52. 48.
2160 53. 47.
2161 52. 48.
2162 52. 48.
2163 52. 48.
2164 52. 48.
2165 53. 47.
2166 54. 46.
2167 54. 46.
2168 55. 45.
2169 55. 45.
2170 56. 44.
2171 56. 44.
2172 56. 44.
2173 56. 44.
2174 56. 44.
2175 56. 44.
2176 56. 44.
2177 56. 44.
2178 56. 44.
2179 56. 44.
2180 56. 44.
2181 56. 44.
2182 56. 44.
2183 56. 44.
2184 56. 44.
2185 56. 44.
2186 55. 45.
2187 54. 46.
2188 54. 46.
2189 54. 46.
2190 54. 46.
2191 54. 46.
2192 55. 45.
2193 54. 46.
2194 53. 47.
2195 54. 46.
2196 54. 46.
2197 54. 46.
2198 54. 46.
2199 54. 46.
2200 54. 46.
2201 54. 46.
2202 54. 46.
2203 55. 45.
2204 55. 45.
2205 55. 45.
2206 55. 45.
2207 56. 44.
2208 56. 44.
2209 56. 44.
2210 56. 44.
2211 56. 44.
2212 57. 43.
2213 58. 42.
2214 58. 42.
2215 58. 42.
2216 57. 43.
2217 56. 44.
2218 56. 44.
2219 55. 45.
2220 55. 45.
2221 55. 45.
2222 55. 45.
2223 55. 45.
2224 55. 45.
2225 56. 44.
2226 56. 44.
2227 56. 44.
2228 55. 45.
2229 55. 45.
2230 56. 44.
2231 56. 44.
2232 56. 44.
2233 56. 44.
2234 56. 44.
2235 56. 44.
2236 56. 44.
2237 56. 44.
2238 56. 44.
2239 56. 44.
2240 56. 44.
2241 56. 44.
2242 57. 43.
2243 56. 44.
2244 56. 44.
2245 55. 45.
2246 55. 45.
2247 55. 45.
2248 55. 45.
2249 55. 45.
2250 56. 44.
2251 56. 44.
2252 57. 43.
2253 57. 43.
2254 57. 43.
2255 57. 43.
2256 58. 42.
2257 58. 42.
2258 58. 42.
2259 57. 43.
2260 57. 43.
2261 56. 44.
2262 56. 44.
2263 55. 45.
2264 55. 45.
2265 55. 45.
2266 56. 44.
2267 56. 44.
2268 55. 45.
2269 55. 45.
2270 56. 44.
2271 56. 44.
2272 56. 44.
2273 57. 43.
2274 56. 44.
2275 56. 44.
2276 56. 44.
2277 57. 43.
2278 58. 42.
2279 58. 42.
2280 58. 42.
2281 58. 42.
2282 58. 42.
2283 58. 42.
2284 58. 42.
2285 57. 43.
2286 58. 42.
2287 58. 42.
2288 59. 41.
2289 59. 41.
2290 59. 41.
2291 59. 41.
2292 59. 41.
2293 58. 42.
2294 58. 42.
2295 58. 42.
2296 57. 43.
2297 57. 43.
2298 57. 43.
2299 58. 42.
2300 59. 41.
2301 59. 41.
2302 59. 41.
2303 59. 41.
2304 59. 41.
2305 59. 41.
2306 59. 41.
2307 59. 41.
2308 59. 41.
2309 59. 41.
2310 59. 41.
2311 59. 41.
2312 59. 41.
2313 58. 42.
2314 58. 42.
2315 58. 42.
2316 59. 41.
2317 59. 41.
2318 59. 41.
2319 59. 41.
2320 59. 41.
2321 59. 41.
2322 59. 41.
2323 59. 41.
2324 59. 41.
2325 60. 40.
2326 60. 40.
2327 60. 40.
2328 60. 40.
2329 61. 39.
2330 61. 39.
2331 61. 39.
2332 61. 39.
2333 61. 39.
2334 61. 39.
2335 61. 39.
2336 61. 39.
2337 62. 38.
2338 62. 38.
2339 62. 38.
2340 62. 38.
2341 61. 39.
2342 61. 39.
2343 61. 39.
2344 60. 40.
2345 60. 40.
2346 60. 40.
2347 59. 41.
2348 60. 40.
2349 60. 40.
2350 60. 40.
2351 60. 40.
2352 60. 40.
2353 60. 40.
2354 60. 40.
2355 60. 40.
2356 60. 40.
2357 60. 40.
2358 60. 40.
2359 60. 40.
2360 60. 40.
2361 60. 40.
2362 61. 39.
2363 62. 38.
2364 62. 38.
2365 61. 39.
2366 61. 39.
2367 61. 39.
2368 60. 40.
2369 60. 40.
2370 60. 40.
2371 60. 40.
2372 60. 40.
2373 60. 40.
2374 60. 40.
2375 60. 40.
2376 60. 40.
2377 60. 40.
2378 60. 40.
2379 60. 40.
2380 60. 40.
2381 60. 40.
2382 59. 41.
2383 59. 41.
2384 59. 41.
2385 59. 41.
2386 60. 40.
2387 60. 40.
2388 59. 41.
2389 58. 42.
2390 58. 42.
2391 58. 42.
2392 58. 42.
2393 58. 42.
2394 58. 42.
2395 59. 41.
2396 59. 41.
2397 59. 41.
2398 59. 41.
2399 59. 41.
2400 59. 41.
2401 59. 41.
2402 59. 41.
2403 58. 42.
2404 58. 42.
2405 58. 42.
2406 58. 42.
2407 58. 42.
2408 58. 42.
2409 58. 42.
2410 58. 42.
2411 58. 42.
2412 58. 42.
2413 58. 42.
2414 58. 42.
2415 58. 42.
2416 58. 42.
2417 58. 42.
2418 58. 42.
2419 58. 42.
2420 58. 42.
2421 58. 42.
2422 58. 42.
2423 58. 42.
2424 58. 42.
2425 58. 42.
2426 58. 42.
2427 58. 42.
2428 58. 42.
2429 58. 42.
2430 57. 43.
2431 56. 44.
2432 56. 44.
2433 56. 44.
2434 55. 45.
2435 55. 45.
2436 54. 46.
2437 55. 45.
2438 55. 45.
2439 56. 44.
2440 56. 44.
2441 55. 45.
2442 55. 45.
2443 55. 45.
2444 55. 45.
2445 55. 45.
2446 54. 46.
2447 54. 46.
2448 54. 46.
2449 54. 46.
2450 54. 46.
2451 54. 46.
2452 54. 46.
2453 54. 46.
2454 54. 46.
2455 55. 45.
2456 55. 45.
2457 55. 45.
2458 55. 45.
2459 55. 45.
2460 56. 44.
2461 57. 43.
2462 57. 43.
2463 56. 44.
2464 56. 44.
2465 56. 44.
2466 56. 44.
2467 56. 44.
2468 57. 43.
2469 56. 44.
2470 55. 45.
2471 55. 45.
2472 54. 46.
2473 54. 46.
2474 53. 47.
2475 53. 47.
2476 54. 46.
2477 53. 47.
2478 52. 48.
2479 52. 48.
2480 52. 48.
2481 52. 48.
2482 52. 48.
2483 52. 48.
2484 52. 48.
2485 52. 48.
2486 51. 49.
2487 50. 50.
2488 49. 51.
2489 49. 51.
2490 50. 50.
2491 50. 50.
2492 50. 50.
2493 50. 50.
2494 50. 50.
2495 49. 51.
2496 49. 51.
2497 49. 51.
2498 49. 51.
2499 48. 52.
2500 48. 52.
2501 48. 52.
2502 48. 52.
2503 47. 53.
2504 48. 52.
2505 49. 51.
2506 49. 51.
2507 49. 51.
2508 50. 50.
2509 51. 49.
2510 50. 50.
2511 50. 50.
2512 50. 50.
2513 50. 50.
2514 50. 50.
2515 51. 49.
2516 50. 50.
2517 50. 50.
2518 50. 50.
2519 50. 50.
2520 51. 49.
2521 51. 49.
2522 52. 48.
2523 52. 48.
2524 51. 49.
2525 50. 50.
2526 50. 50.
2527 50. 50.
2528 50. 50.
2529 51. 49.
2530 51. 49.
2531 51. 49.
2532 51. 49.
2533 51. 49.
2534 50. 50.
2535 50. 50.
2536 50. 50.
2537 50. 50.
2538 50. 50.
2539 51. 49.
2540 51. 49.
2541 51. 49.
2542 51. 49.
2543 51. 49.
2544 51. 49.
2545 51. 49.
2546 51. 49.
2547 51. 49.
2548 51. 49.
2549 52. 48.
2550 52. 48.
2551 52. 48.
2552 52. 48.
2553 53. 47.
2554 53. 47.
2555 53. 47.
2556 52. 48.
2557 53. 47.
2558 53. 47.
2559 53. 47.
2560 53. 47.
2561 52. 48.
2562 52. 48.
2563 53. 47.
2564 53. 47.
2565 53. 47.
2566 54. 46.
2567 54. 46.
2568 54. 46.
2569 55. 45.
2570 55. 45.
2571 54. 46.
2572 54. 46.
2573 54. 46.
2574 53. 47.
2575 52. 48.
2576 51. 49.
2577 51. 49.
2578 51. 49.
2579 51. 49.
2580 51. 49.
2581 51. 49.
2582 52. 48.
2583 52. 48.
2584 52. 48.
2585 52. 48.
2586 52. 48.
2587 52. 48.
2588 52. 48.
2589 51. 49.
2590 51. 49.
2591 51. 49.
2592 51. 49.
2593 51. 49.
2594 51. 49.
2595 51. 49.
2596 51. 49.
2597 51. 49.
2598 51. 49.
2599 51. 49.
2600 52. 48.
2601 52. 48.
2602 52. 48.
2603 53. 47.
2604 53. 47.
2605 53. 47.
2606 53. 47.
2607 53. 47.
2608 53. 47.
2609 52. 48.
2610 51. 49.
2611 51. 49.
2612 52. 48.
2613 52. 48.
2614 53. 47.
2615 53. 47.
2616 53. 47.
2617 53. 47.
2618 53. 47.
2619 52. 48.
2620 52. 48.
2621 53. 47.
2622 53. 47.
2623 53. 47.
2624 53. 47.
2625 53. 47.
2626 53. 47.
2627 53. 47.
2628 53. 47.
2629 53. 47.
2630 53. 47.
2631 54. 46.
2632 54. 46.
2633 55. 45.
2634 55. 45.
2635 55. 45.
2636 56. 44.
2637 56. 44.
2638 56. 44.
2639 56. 44.
2640 56. 44.
2641 55. 45.
2642 55. 45.
2643 54. 46.
2644 54. 46.
2645 55. 45.
2646 55. 45.
2647 54. 46.
2648 54. 46.
2649 54. 46.
2650 54. 46.
2651 53. 47.
2652 53. 47.
2653 53. 47.
2654 53. 47.
2655 53. 47.
2656 53. 47.
2657 53. 47.
2658 54. 46.
2659 53. 47.
2660 53. 47.
2661 53. 47.
2662 54. 46.
2663 54. 46.
2664 54. 46.
2665 54. 46.
2666 54. 46.
2667 54. 46.
2668 54. 46.
2669 54. 46.
2670 55. 45.
2671 55. 45.
2672 55. 45.
2673 55. 45.
2674 56. 44.
2675 56. 44.
2676 56. 44.
2677 56. 44.
2678 57. 43.
2679 57. 43.
2680 57. 43.
2681 57. 43.
2682 57. 43.
2683 57. 43.
2684 57. 43.
2685 58. 42.
2686 58. 42.
2687 58. 42.
2688 58. 42.
2689 57. 43.
2690 57. 43.
2691 57. 43.
2692 57. 43.
2693 57. 43.
2694 57. 43.
2695 56. 44.
2696 57. 43.
2697 57. 43.
2698 57. 43.
2699 56. 44.
2700 55. 45.
2701 54. 46.
2702 54. 46.
2703 54. 46.
2704 54. 46.
2705 54. 46.
2706 55. 45.
2707 55. 45.
2708 55. 45.
2709 55. 45.
2710 55. 45.
2711 56. 44.
2712 56. 44.
2713 56. 44.
2714 56. 44.
2715 56. 44.
2716 57. 43.
2717 57. 43.
2718 56. 44.
2719 55. 45.
2720 54. 46.
2721 54. 46.
2722 54. 46.
2723 54. 46.
2724 54. 46.
2725 53. 47.
2726 53. 47.
2727 53. 47.
2728 53. 47.
2729 53. 47.
2730 53. 47.
2731 53. 47.
2732 54. 46.
2733 54. 46.
2734 54. 46.
2735 54. 46.
2736 55. 45.
2737 55. 45.
2738 54. 46.
2739 54. 46.
2740 54. 46.
2741 55. 45.
2742 56. 44.
2743 56. 44.
2744 56. 44.
2745 56. 44.
2746 56. 44.
2747 56. 44.
2748 56. 44.
2749 56. 44.
2750 56. 44.
2751 55. 45.
2752 54. 46.
2753 54. 46.
2754 54. 46.
2755 55. 45.
2756 56. 44.
2757 56. 44.
2758 55. 45.
2759 54. 46.
2760 53. 47.
2761 53. 47.
2762 54. 46.
2763 54. 46.
2764 54. 46.
2765 55. 45.
2766 55. 45.
2767 55. 45.
2768 55. 45.
2769 55. 45.
2770 55. 45.
2771 55. 45.
2772 55. 45.
2773 55. 45.
2774 55. 45.
2775 55. 45.
2776 55. 45.
2777 55. 45.
2778 55. 45.
2779 55. 45.
2780 55. 45.
2781 55. 45.
2782 54. 46.
2783 54. 46.
2784 54. 46.
2785 54. 46.
2786 54. 46.
2787 55. 45.
2788 55. 45.
2789 56. 44.
2790 57. 43.
2791 57. 43.
2792 57. 43.
2793 57. 43.
2794 58. 42.
2795 58. 42.
2796 58. 42.
2797 58. 42.
2798 58. 42.
2799 58. 42.
2800 58. 42.
2801 58. 42.
2802 58. 42.
2803 58. 42.
2804 58. 42.
2805 58. 42.
2806 58. 42.
2807 58. 42.
2808 58. 42.
2809 58. 42.
2810 58. 42.
2811 57. 43.
2812 58. 42.
2813 58. 42.
2814 59. 41.
2815 59. 41.
2816 60. 40.
2817 60. 40.
2818 60. 40.
2819 60. 40.
2820 60. 40.
2821 60. 40.
2822 60. 40.
2823 61. 39.
2824 61. 39.
2825 62. 38.
2826 62. 38.
2827 62. 38.
2828 62. 38.
2829 62. 38.
2830 61. 39.
2831 61. 39.
2832 61. 39.
2833 61. 39.
2834 61. 39.
2835 61. 39.
2836 60. 40.
2837 60. 40.
2838 61. 39.
2839 61. 39.
2840 61. 39.
2841 62. 38.
2842 62. 38.
2843 62. 38.
2844 63. 37.
2845 64. 36.
2846 63. 37.
2847 63. 37.
2848 63. 37.
2849 63. 37.
2850 63. 37.
2851 62. 38.
2852 62. 38.
2853 63. 37.
2854 64. 36.
2855 64. 36.
2856 64. 36.
2857 64. 36.
2858 64. 36.
2859 64. 36.
2860 64. 36.
2861 63. 37.
2862 63. 37.
2863 62. 38.
2864 61. 39.
2865 61. 39.
2866 61. 39.
2867 61. 39.
2868 62. 38.
2869 62. 38.
2870 62. 38.
2871 61. 39.
2872 62. 38.
2873 62. 38.
2874 62. 38.
2875 62. 38.
2876 62. 38.
2877 62. 38.
2878 62. 38.
2879 62. 38.
2880 61. 39.
2881 61. 39.
2882 61. 39.
2883 61. 39.
2884 61. 39.
2885 61. 39.
2886 61. 39.
2887 60. 40.
2888 61. 39.
2889 62. 38.
2890 62. 38.
2891 63. 37.
2892 63. 37.
2893 63. 37.
2894 63. 37.
2895 63. 37.
2896 62. 38.
2897 62. 38.
2898 62. 38.
2899 62. 38.
2900 63. 37.
2901 62. 38.
2902 61. 39.
2903 62. 38.
2904 61. 39.
2905 61. 39.
2906 61. 39.
2907 61. 39.
2908 61. 39.
2909 60. 40.
2910 60. 40.
2911 60. 40.
2912 60. 40.
2913 60. 40.
2914 60. 40.
2915 60. 40.
2916 60. 40.
2917 60. 40.
2918 60. 40.
2919 60. 40.
2920 60. 40.
2921 61. 39.
2922 61. 39.
2923 61. 39.
2924 61. 39.
2925 62. 38.
2926 63. 37.
2927 62. 38.
2928 62. 38.
2929 62. 38.
2930 62. 38.
2931 62. 38.
2932 63. 37.
2933 63. 37.
2934 63. 37.
2935 63. 37.
2936 62. 38.
2937 62. 38.
2938 62. 38.
2939 61. 39.
2940 61. 39.
2941 60. 40.
2942 60. 40.
2943 60. 40.
2944 60. 40.
2945 60. 40.
2946 60. 40.
2947 61. 39.
2948 61. 39.
2949 62. 38.
2950 62. 38.
2951 62. 38.
2952 61. 39.
2953 61. 39.
2954 62. 38.
2955 62. 38.
2956 62. 38.
2957 62. 38.
2958 62. 38.
2959 61. 39.
2960 61. 39.
2961 61. 39.
2962 60. 40.
2963 60. 40.
2964 60. 40.
2965 60. 40.
2966 60. 40.
2967 60. 40.
2968 59. 41.
2969 59. 41.
2970 59. 41.
2971 59. 41.
2972 59. 41.
2973 59. 41.
2974 59. 41.
2975 59. 41.
2976 59. 41.
2977 59. 41.
2978 59. 41.
2979 59. 41.
2980 58. 42.
2981 57. 43.
2982 57. 43.
2983 57. 43.
2984 57. 43.
2985 58. 42.
2986 58. 42.
2987 58. 42.
2988 58. 42.
2989 58. 42.
2990 59. 41.
2991 59. 41.
2992 59. 41.
2993 59. 41.
2994 59. 41.
2995 59. 41.
2996 60. 40.
2997 60. 40.
2998 60. 40.
2999 60. 40.
3000 61. 39.
3001 61. 39.
3002 61. 39.
3003 61. 39.
3004 61. 39.
3005 61. 39.
3006 61. 39.
3007 60. 40.
3008 60. 40.
3009 60. 40.
3010 60. 40.
3011 60. 40.
3012 61. 39.
3013 62. 38.
3014 62. 38.
3015 62. 38.
3016 61. 39.
3017 61. 39.
3018 61. 39.
3019 61. 39.
3020 61. 39.
3021 61. 39.
3022 62. 38.
3023 62. 38.
3024 62. 38.
3025 61. 39.
3026 61. 39.
3027 61. 39.
3028 61. 39.
3029 61. 39.
3030 61. 39.
3031 61. 39.
3032 61. 39.
3033 61. 39.
3034 61. 39.
3035 61. 39.
3036 60. 40.
3037 60. 40.
3038 60. 40.
3039 60. 40.
3040 60. 40.
3041 60. 40.
3042 59. 41.
3043 59. 41.
3044 59. 41.
3045 59. 41.
3046 59. 41.
3047 59. 41.
3048 60. 40.
3049 60. 40.
3050 61. 39.
3051 61. 39.
3052 61. 39.
3053 61. 39.
3054 61. 39.
3055 61. 39.
3056 61. 39.
3057 61. 39.
3058 61. 39.
3059 61. 39.
3060 61. 39.
3061 61. 39.
3062 61. 39.
3063 61. 39.
3064 60. 40.
3065 59. 41.
3066 59. 41.
3067 59. 41.
3068 59. 41.
3069 59. 41.
3070 59. 41.
3071 60. 40.
3072 59. 41.
3073 59. 41.
3074 59. 41.
3075 59. 41.
3076 60. 40.
3077 61. 39.
3078 61. 39.
3079 61. 39.
3080 61. 39.
3081 61. 39.
3082 61. 39.
3083 61. 39.
3084 62. 38.
3085 62. 38.
3086 61. 39.
3087 61. 39.
3088 60. 40.
3089 60. 40.
3090 60. 40.
3091 60. 40.
3092 61. 39.
3093 61. 39.
3094 61. 39.
3095 61. 39.
3096 62. 38.
3097 62. 38.
3098 61. 39.
3099 61. 39.
3100 61. 39.
3101 61. 39.
3102 61. 39.
3103 61. 39.
3104 60. 40.
3105 60. 40.
3106 59. 41.
3107 59. 41.
3108 58. 42.
3109 59. 41.
3110 60. 40.
3111 60. 40.
3112 60. 40.
3113 61. 39.
3114 61. 39.
3115 60. 40.
3116 60. 40.
3117 61. 39.
3118 61. 39.
3119 61. 39.
3120 61. 39.
3121 60. 40.
3122 60. 40.
3123 60. 40.
3124 60. 40.
3125 60. 40.
3126 59. 41.
3127 59. 41.
3128 59. 41.
3129 58. 42.
3130 58. 42.
3131 58. 42.
3132 58. 42.
3133 58. 42.
3134 58. 42.
3135 58. 42.
3136 58. 42.
3137 59. 41.
3138 59. 41.
3139 59. 41.
3140 60. 40.
3141 60. 40.
3142 60. 40.
3143 59. 41.
3144 60. 40.
3145 61. 39.
3146 61. 39.
3147 62. 38.
3148 63. 37.
3149 63. 37.
3150 63. 37.
3151 63. 37.
3152 63. 37.
3153 63. 37.
3154 63. 37.
3155 63. 37.
3156 63. 37.
3157 63. 37.
3158 63. 37.
3159 63. 37.
3160 63. 37.
3161 63. 37.
3162 63. 37.
3163 62. 38.
3164 62. 38.
3165 62. 38.
3166 62. 38.
3167 63. 37.
3168 63. 37.
3169 63. 37.
3170 63. 37.
3171 64. 36.
3172 63. 37.
3173 63. 37.
3174 64. 36.
3175 65. 35.
3176 65. 35.
3177 64. 36.
3178 64. 36.
3179 64. 36.
3180 64. 36.
3181 64. 36.
3182 63. 37.
3183 63. 37.
3184 63. 37.
3185 64. 36.
3186 64. 36.
3187 64. 36.
3188 63. 37.
3189 63. 37.
3190 64. 36.
3191 64. 36.
3192 64. 36.
3193 65. 35.
3194 64. 36.
3195 64. 36.
3196 64. 36.
3197 64. 36.
3198 64. 36.
3199 63. 37.
3200 63. 37.
3201 63. 37.
3202 63. 37.
3203 64. 36.
3204 64. 36.
3205 64. 36.
3206 64. 36.
3207 64. 36.
3208 64. 36.
3209 64. 36.
3210 64. 36.
3211 64. 36.
3212 65. 35.
3213 66. 34.
3214 66. 34.
3215 67. 33.
3216 67. 33.
3217 67. 33.
3218 67. 33.
3219 67. 33.
3220 67. 33.
3221 67. 33.
3222 66. 34.
3223 66. 34.
3224 66. 34.
3225 66. 34.
3226 66. 34.
3227 66. 34.
3228 66. 34.
3229 66. 34.
3230 66. 34.
3231 66. 34.
3232 67. 33.
3233 67. 33.
3234 68. 32.
3235 68. 32.
3236 68. 32.
3237 68. 32.
3238 68. 32.
3239 68. 32.
3240 68. 32.
3241 68. 32.
3242 69. 31.
3243 69. 31.
3244 69. 31.
3245 69. 31.
3246 69. 31.
3247 69. 31.
3248 69. 31.
3249 68. 32.
3250 68. 32.
3251 68. 32.
3252 68. 32.
3253 68. 32.
3254 69. 31.
3255 69. 31.
3256 69. 31.
3257 68. 32.
3258 68. 32.
3259 67. 33.
3260 67. 33.
3261 67. 33.
3262 67. 33.
3263 68. 32.
3264 68. 32.
3265 69. 31.
3266 68. 32.
3267 69. 31.
3268 69. 31.
3269 69. 31.
3270 69. 31.
3271 69. 31.
3272 69. 31.
3273 69. 31.
3274 69. 31.
3275 69. 31.
3276 69. 31.
3277 69. 31.
3278 68. 32.
3279 67. 33.
3280 68. 32.
3281 68. 32.
3282 67. 33.
3283 67. 33.
3284 67. 33.
3285 68. 32.
3286 69. 31.
3287 69. 31.
3288 70. 30.
3289 70. 30.
3290 70. 30.
3291 70. 30.
3292 70. 30.
3293 70. 30.
3294 70. 30.
3295 70. 30.
3296 70. 30.
3297 71. 29.
3298 71. 29.
3299 71. 29.
3300 71. 29.
3301 70. 30.
3302 70. 30.
3303 70. 30.
3304 70. 30.
3305 70. 30.
3306 70. 30.
3307 70. 30.
3308 69. 31.
3309 69. 31.
3310 69. 31.
3311 69. 31.
3312 69. 31.
3313 69. 31.
3314 69. 31.
3315 69. 31.
3316 68. 32.
3317 68. 32.
3318 68. 32.
3319 69. 31.
3320 69. 31.
3321 69. 31.
3322 68. 32.
3323 69. 31.
3324 69. 31.
3325 69. 31.
3326 69. 31.
3327 69. 31.
3328 69. 31.
3329 69. 31.
3330 69. 31.
3331 69. 31.
3332 69. 31.
3333 69. 31.
3334 69. 31.
3335 69. 31.
3336 69. 31.
3337 69. 31.
3338 69. 31.
3339 68. 32.
3340 68. 32.
3341 68. 32.
3342 68. 32.
3343 68. 32.
3344 69. 31.
3345 69. 31.
3346 69. 31.
3347 68. 32.
3348 69. 31.
3349 69. 31.
3350 69. 31.
3351 69. 31.
3352 69. 31.
3353 69. 31.
3354 69. 31.
3355 69. 31.
3356 69. 31.
3357 68. 32.
3358 68. 32.
3359 67. 33.
3360 67. 33.
3361 67. 33.
3362 66. 34.
3363 66. 34.
3364 65. 35.
3365 64. 36.
3366 64. 36.
3367 65. 35.
3368 66. 34.
3369 67. 33.
3370 67. 33.
3371 67. 33.
3372 67. 33.
3373 67. 33.
3374 67. 33.
3375 66. 34.
3376 66. 34.
3377 66. 34.
3378 66. 34.
3379 66. 34.
3380 65. 35.
3381 65. 35.
3382 65. 35.
3383 65. 35.
3384 66. 34.
3385 67. 33.
3386 67. 33.
3387 67. 33.
3388 67. 33.
3389 67. 33.
3390 68. 32.
3391 68. 32.
3392 68. 32.
3393 68. 32.
3394 68. 32.
3395 68. 32.
3396 69. 31.
3397 68. 32.
3398 67. 33.
3399 66. 34.
3400 66. 34.
3401 66. 34.
3402 66. 34.
3403 66. 34.
3404 66. 34.
3405 66. 34.
3406 66. 34.
3407 67. 33.
3408 67. 33.
3409 67. 33.
3410 67. 33.
3411 67. 33.
3412 67. 33.
3413 67. 33.
3414 67. 33.
3415 67. 33.
3416 67. 33.
3417 67. 33.
3418 66. 34.
3419 66. 34.
3420 66. 34.
3421 66. 34.
3422 66. 34.
3423 66. 34.
3424 67. 33.
3425 67. 33.
3426 67. 33.
3427 68. 32.
3428 69. 31.
3429 68. 32.
3430 68. 32.
3431 68. 32.
3432 68. 32.
3433 68. 32.
3434 68. 32.
3435 68. 32.
3436 68. 32.
3437 67. 33.
3438 67. 33.
3439 67. 33.
3440 67. 33.
3441 67. 33.
3442 66. 34.
3443 66. 34.
3444 66. 34.
3445 66. 34.
3446 66. 34.
3447 65. 35.
3448 65. 35.
3449 66. 34.
3450 65. 35.
3451 65. 35.
3452 66. 34.
3453 66. 34.
3454 67. 33.
3455 67. 33.
3456 66. 34.
3457 66. 34.
3458 66. 34.
3459 66. 34.
3460 66. 34.
3461 67. 33.
3462 66. 34.
3463 66. 34.
3464 66. 34.
3465 66. 34.
3466 66. 34.
3467 66. 34.
3468 66. 34.
3469 66. 34.
3470 65. 35.
3471 65. 35.
3472 65. 35.
3473 65. 35.
3474 65. 35.
3475 65. 35.
3476 65. 35.
3477 65. 35.
3478 65. 35.
3479 65. 35.
3480 65. 35.
3481 65. 35.
3482 64. 36.
3483 65. 35.
3484 64. 36.
3485 64. 36.
3486 64. 36.
3487 64. 36.
3488 63. 37.
3489 62. 38.
3490 63. 37.
3491 63. 37.
3492 62. 38.
3493 62. 38.
3494 62. 38.
3495 62. 38.
3496 62. 38.
3497 61. 39.
3498 61. 39.
3499 61. 39.
3500 61. 39.
3501 61. 39.
3502 61. 39.
3503 62. 38.
3504 62. 38.
3505 62. 38.
3506 62. 38.
3507 62. 38.
3508 62. 38.
3509 63. 37.
3510 63. 37.
3511 64. 36.
3512 63. 37.
3513 63. 37.
3514 63. 37.
3515 63. 37.
3516 64. 36.
3517 64. 36.
3518 64. 36.
3519 64. 36.
3520 64. 36.
3521 65. 35.
3522 65. 35.
3523 65. 35.
3524 66. 34.
3525 66. 34.
3526 66. 34.
3527 66. 34.
3528 66. 34.
3529 66. 34.
3530 65. 35.
3531 66. 34.
3532 66. 34.
3533 65. 35.
3534 65. 35.
3535 66. 34.
3536 66. 34.
3537 66. 34.
3538 65. 35.
3539 65. 35.
3540 65. 35.
3541 65. 35.
3542 66. 34.
3543 66. 34.
3544 66. 34.
3545 66. 34.
3546 66. 34.
3547 67. 33.
3548 67. 33.
3549 66. 34.
3550 66. 34.
3551 67. 33.
3552 67. 33.
3553 68. 32.
3554 67. 33.
3555 68. 32.
3556 68. 32.
3557 68. 32.
3558 68. 32.
3559 68. 32.
3560 68. 32.
3561 68. 32.
3562 68. 32.
3563 68. 32.
3564 68. 32.
3565 68. 32.
3566 68. 32.
3567 69. 31.
3568 69. 31.
3569 69. 31.
3570 69. 31.
3571 69. 31.
3572 68. 32.
3573 68. 32.
3574 69. 31.
3575 69. 31.
3576 69. 31.
3577 69. 31.
3578 69. 31.
3579 69. 31.
3580 69. 31.
3581 69. 31.
3582 70. 30.
3583 71. 29.
3584 71. 29.
3585 72. 28.
3586 72. 28.
3587 72. 28.
3588 73. 27.
3589 73. 27.
3590 73. 27.
3591 73. 27.
3592 73. 27.
3593 72. 28.
3594 72. 28.
3595 72. 28.
3596 72. 28.
3597 72. 28.
3598 72. 28.
3599 73. 27.
3600 73. 27.
3601 73. 27.
3602 73. 27.
3603 74. 26.
3604 74. 26.
3605 74. 26.
3606 74. 26.
3607 74. 26.
3608 74. 26.
3609 74. 26.
3610 74. 26.
3611 74. 26.
3612 74. 26.
3613 74. 26.
3614 74. 26.
3615 74. 26.
3616 74. 26.
3617 74. 26.
3618 74. 26.
3619 75. 25.
3620 75. 25.
3621 75. 25.
3622 75. 25.
3623 75. 25.
3624 75. 25.
3625 74. 26.
3626 75. 25.
3627 75. 25.
3628 75. 25.
3629 75. 25.
3630 76. 24.
3631 76. 24.
3632 76. 24.
3633 76. 24.
3634 76. 24.
3635 76. 24.
3636 76. 24.
3637 76. 24.
3638 76. 24.
3639 75. 25.
3640 76. 24.
3641 76. 24.
3642 77. 23.
3643 77. 23.
3644 77. 23.
3645 78. 22.
3646 78. 22.
3647 78. 22.
3648 78. 22.
3649 77. 23.
3650 77. 23.
3651 77. 23.
3652 77. 23.
3653 77. 23.
3654 77. 23.
3655 77. 23.
3656 77. 23.
3657 77. 23.
3658 77. 23.
3659 77. 23.
3660 77. 23.
3661 77. 23.
3662 76. 24.
3663 76. 24.
3664 76. 24.
3665 77. 23.
3666 77. 23.
3667 77. 23.
3668 77. 23.
3669 77. 23.
3670 77. 23.
3671 77. 23.
3672 77. 23.
3673 76. 24.
3674 76. 24.
3675 75. 25.
3676 75. 25.
3677 75. 25.
3678 75. 25.
3679 74. 26.
3680 74. 26.
3681 74. 26.
3682 75. 25.
3683 74. 26.
3684 74. 26.
3685 74. 26.
3686 74. 26.
3687 74. 26.
3688 74. 26.
3689 74. 26.
3690 75. 25.
3691 75. 25.
3692 75. 25.
3693 75. 25.
3694 75. 25.
3695 75. 25.
3696 75. 25.
3697 74. 26.
3698 74. 26.
3699 74. 26.
3700 74. 26.
3701 74. 26.
3702 74. 26.
3703 75. 25.
3704 75. 25.
3705 75. 25.
3706 75. 25.
3707 75. 25.
3708 75. 25.
3709 75. 25.
3710 75. 25.
3711 74. 26.
3712 74. 26.
3713 73. 27.
3714 73. 27.
3715 73. 27.
3716 72. 28.
3717 72. 28.
3718 72. 28.
3719 73. 27.
3720 73. 27.
3721 73. 27.
3722 72. 28.
3723 72. 28.
3724 72. 28.
3725 72. 28.
3726 73. 27.
3727 73. 27.
3728 73. 27.
3729 73. 27.
3730 73. 27.
3731 73. 27.
3732 73. 27.
3733 73. 27.
3734 74. 26.
3735 74. 26.
3736 74. 26.
3737 74. 26.
3738 75. 25.
3739 75. 25.
3740 75. 25.
3741 74. 26.
3742 75. 25.
3743 75. 25.
3744 75. 25.
3745 75. 25.
3746 75. 25.
3747 75. 25.
3748 75. 25.
3749 75. 25.
3750 76. 24.
3751 77. 23.
3752 78. 22.
3753 79. 21.
3754 79. 21.
3755 79. 21.
3756 79. 21.
3757 79. 21.
3758 79. 21.
3759 79. 21.
3760 79. 21.
3761 79. 21.
3762 79. 21.
3763 79. 21.
3764 79. 21.
3765 79. 21.
3766 78. 22.
3767 79. 21.
3768 79. 21.
3769 80. 20.
3770 80. 20.
3771 80. 20.
3772 80. 20.
3773 81. 19.
3774 81. 19.
3775 81. 19.
3776 81. 19.
3777 81. 19.
3778 80. 20.
3779 81. 19.
3780 81. 19.
3781 81. 19.
3782 81. 19.
3783 81. 19.
3784 81. 19.
3785 81. 19.
3786 81. 19.
3787 81. 19.
3788 81. 19.
3789 81. 19.
3790 81. 19.
3791 81. 19.
3792 81. 19.
3793 81. 19.
3794 81. 19.
3795 81. 19.
3796 81. 19.
3797 81. 19.
3798 81. 19.
3799 81. 19.
3800 81. 19.
3801 81. 19.
3802 81. 19.
3803 81. 19.
3804 81. 19.
3805 81. 19.
3806 81. 19.
3807 81. 19.
3808 81. 19.
3809 81. 19.
3810 81. 19.
3811 81. 19.
3812 81. 19.
3813 81. 19.
3814 81. 19.
3815 81. 19.
3816 81. 19.
3817 81. 19.
3818 81. 19.
3819 81. 19.
3820 81. 19.
3821 81. 19.
3822 80. 20.
3823 80. 20.
3824 80. 20.
3825 80. 20.
3826 80. 20.
3827 80. 20.
3828 80. 20.
3829 81. 19.
3830 80. 20.
3831 80. 20.
3832 80. 20.
3833 80. 20.
3834 80. 20.
3835 80. 20.
3836 80. 20.
3837 80. 20.
3838 80. 20.
3839 80. 20.
3840 80. 20.
3841 80. 20.
3842 80. 20.
3843 80. 20.
3844 80. 20.
3845 80. 20.
3846 80. 20.
3847 80. 20.
3848 80. 20.
3849 80. 20.
3850 80. 20.
3851 80. 20.
3852 80. 20.
3853 80. 20.
3854 80. 20.
3855 80. 20.
3856 81. 19.
3857 81. 19.
3858 81. 19.
3859 81. 19.
3860 80. 20.
3861 80. 20.
3862 80. 20.
3863 80. 20.
3864 80. 20.
3865 80. 20.
3866 80. 20.
3867 80. 20.
3868 80. 20.
3869 79. 21.
3870 79. 21.
3871 79. 21.
3872 78. 22.
3873 78. 22.
3874 78. 22.
3875 78. 22.
3876 78. 22.
3877 78. 22.
3878 79. 21.
3879 80. 20.
3880 79. 21.
3881 79. 21.
3882 79. 21.
3883 79. 21.
3884 79. 21.
3885 78. 22.
3886 78. 22.
3887 78. 22.
3888 78. 22.
3889 78. 22.
3890 78. 22.
3891 78. 22.
3892 78. 22.
3893 78. 22.
3894 78. 22.
3895 78. 22.
3896 78. 22.
3897 78. 22.
3898 78. 22.
3899 78. 22.
3900 78. 22.
3901 78. 22.
3902 78. 22.
3903 78. 22.
3904 78. 22.
3905 78. 22.
3906 77. 23.
3907 78. 22.
3908 77. 23.
3909 76. 24.
3910 76. 24.
3911 75. 25.
3912 75. 25.
3913 75. 25.
3914 75. 25.
3915 75. 25.
3916 75. 25.
3917 75. 25.
3918 75. 25.
3919 75. 25.
3920 75. 25.
3921 75. 25.
3922 76. 24.
3923 76. 24.
3924 77. 23.
3925 77. 23.
3926 77. 23.
3927 78. 22.
3928 78. 22.
3929 77. 23.
3930 78. 22.
3931 78. 22.
3932 78. 22.
3933 78. 22.
3934 78. 22.
3935 78. 22.
3936 78. 22.
3937 78. 22.
3938 78. 22.
3939 78. 22.
3940 78. 22.
3941 78. 22.
3942 78. 22.
3943 78. 22.
3944 78. 22.
3945 78. 22.
3946 78. 22.
3947 78. 22.
3948 78. 22.
3949 78. 22.
3950 78. 22.
3951 78. 22.
3952 77. 23.
3953 77. 23.
3954 78. 22.
3955 77. 23.
3956 78. 22.
3957 78. 22.
3958 78. 22.
3959 78. 22.
3960 78. 22.
3961 78. 22.
3962 79. 21.
3963 79. 21.
3964 78. 22.
3965 78. 22.
3966 77. 23.
3967 77. 23.
3968 78. 22.
3969 78. 22.
3970 78. 22.
3971 78. 22.
3972 77. 23.
3973 77. 23.
3974 77. 23.
3975 77. 23.
3976 76. 24.
3977 77. 23.
3978 77. 23.
3979 77. 23.
3980 77. 23.
3981 78. 22.
3982 78. 22.
3983 78. 22.
3984 79. 21.
3985 79. 21.
3986 78. 22.
3987 78. 22.
3988 78. 22.
3989 78. 22.
3990 78. 22.
3991 78. 22.
3992 78. 22.
3993 78. 22.
3994 78. 22.
3995 79. 21.
3996 79. 21.
3997 79. 21.
3998 79. 21.
3999 79. 21.
4000 79. 21.
4001 79. 21.
4002 79. 21.
4003 79. 21.
4004 79. 21.
4005 79. 21.
4006 79. 21.
4007 79. 21.
4008 79. 21.
4009 80. 20.
4010 80. 20.
4011 81. 19.
4012 81. 19.
4013 81. 19.
4014 81. 19.
4015 82. 18.
4016 82. 18.
4017 82. 18.
4018 82. 18.
4019 82. 18.
4020 82. 18.
4021 82. 18.
4022 82. 18.
4023 82. 18.
4024 82. 18.
4025 82. 18.
4026 82. 18.
4027 82. 18.
4028 82. 18.
4029 81. 19.
4030 81. 19.
4031 81. 19.
4032 81. 19.
4033 81. 19.
4034 82. 18.
4035 82. 18.
4036 82. 18.
4037 82. 18.
4038 82. 18.
4039 81. 19.
4040 81. 19.
4041 81. 19.
4042 81. 19.
4043 81. 19.
4044 81. 19.
4045 81. 19.
4046 81. 19.
4047 81. 19.
4048 81. 19.
4049 81. 19.
4050 81. 19.
4051 81. 19.
4052 81. 19.
4053 81. 19.
4054 82. 18.
4055 82. 18.
4056 82. 18.
4057 82. 18.
4058 82. 18.
4059 82. 18.
4060 82. 18.
4061 82. 18.
4062 82. 18.
4063 82. 18.
4064 82. 18.
4065 82. 18.
4066 82. 18.
4067 82. 18.
4068 82. 18.
4069 82. 18.
4070 81. 19.
4071 82. 18.
4072 82. 18.
4073 82. 18.
4074 82. 18.
4075 83. 17.
4076 83. 17.
4077 83. 17.
4078 83. 17.
4079 83. 17.
4080 83. 17.
4081 83. 17.
4082 83. 17.
4083 83. 17.
4084 83. 17.
4085 83. 17.
4086 83. 17.
4087 83. 17.
4088 83. 17.
4089 83. 17.
4090 84. 16.
4091 84. 16.
4092 84. 16.
4093 85. 15.
4094 85. 15.
4095 85. 15.
4096 85. 15.
4097 85. 15.
4098 85. 15.
4099 85. 15.
4100 85. 15.
4101 85. 15.
4102 85. 15.
4103 85. 15.
4104 85. 15.
4105 85. 15.
4106 85. 15.
4107 85. 15.
4108 85. 15.
4109 85. 15.
4110 85. 15.
4111 85. 15.
4112 85. 15.
4113 85. 15.
4114 86. 14.
4115 86. 14.
4116 86. 14.
4117 85. 15.
4118 85. 15.
4119 85. 15.
4120 85. 15.
4121 85. 15.
4122 85. 15.
4123 85. 15.
4124 85. 15.
4125 85. 15.
4126 85. 15.
4127 85. 15.
4128 85. 15.
4129 85. 15.
4130 85. 15.
4131 86. 14.
4132 86. 14.
4133 86. 14.
4134 86. 14.
4135 86. 14.
4136 86. 14.
4137 87. 13.
4138 87. 13.
4139 87. 13.
4140 87. 13.
4141 87. 13.
4142 87. 13.
4143 87. 13.
4144 87. 13.
4145 87. 13.
4146 87. 13.
4147 87. 13.
4148 87. 13.
4149 87. 13.
4150 87. 13.
4151 88. 12.
4152 88. 12.
4153 88. 12.
4154 87. 13.
4155 87. 13.
4156 87. 13.
4157 87. 13.
4158 87. 13.
4159 87. 13.
4160 87. 13.
4161 88. 12.
4162 88. 12.
4163 88. 12.
4164 88. 12.
4165 88. 12.
4166 88. 12.
4167 88. 12.
4168 89. 11.
4169 89. 11.
4170 89. 11.
4171 89. 11.
4172 89. 11.
4173 89. 11.
4174 90. 10.
4175 90. 10.
4176 90. 10.
4177 90. 10.
4178 90. 10.
4179 90. 10.
4180 90. 10.
4181 90. 10.
4182 90. 10.
4183 90. 10.
4184 90. 10.
4185 90. 10.
4186 90. 10.
4187 90. 10.
4188 90. 10.
4189 90. 10.
4190 90. 10.
4191 90. 10.
4192 90. 10.
4193 90. 10.
4194 90. 10.
4195 90. 10.
4196 91. 9.
4197 91. 9.
4198 91. 9.
4199 90. 10.
4200 90. 10.
4201 90. 10.
4202 90. 10.
4203 90. 10.
4204 90. 10.
4205 90. 10.
4206 90. 10.
4207 90. 10.
4208 90. 10.
4209 91. 9.
4210 91. 9.
4211 92. 8.
4212 91. 9.
4213 91. 9.
4214 91. 9.
4215 91. 9.
4216 91. 9.
4217 91. 9.
4218 91. 9.
4219 91. 9.
4220 91. 9.
4221 91. 9.
4222 91. 9.
4223 91. 9.
4224 91. 9.
4225 91. 9.
4226 91. 9.
4227 92. 8.
4228 92. 8.
4229 92. 8.
4230 92. 8.
4231 92. 8.
4232 92. 8.
4233 92. 8.
4234 92. 8.
4235 92. 8.
4236 92. 8.
4237 93. 7.
4238 93. 7.
4239 93. 7.
4240 94. 6.
4241 94. 6.
4242 94. 6.
4243 94. 6.
4244 94. 6.
4245 94. 6.
4246 94. 6.
4247 94. 6.
4248 94. 6.
4249 94. 6.
4250 94. 6.
4251 94. 6.
4252 94. 6.
4253 94. 6.
4254 94. 6.
4255 94. 6.
4256 94. 6.
4257 94. 6.
4258 94. 6.
4259 94. 6.
4260 93. 7.
4261 93. 7.
4262 93. 7.
4263 93. 7.
4264 94. 6.
4265 94. 6.
4266 94. 6.
4267 94. 6.
4268 94. 6.
4269 94. 6.
4270 94. 6.
4271 94. 6.
4272 94. 6.
4273 94. 6.
4274 94. 6.
4275 95. 5.
4276 95. 5.
4277 95. 5.
4278 95. 5.
4279 95. 5.
4280 95. 5.
4281 96. 4.
4282 96. 4.
4283 96. 4.
4284 96. 4.
4285 96. 4.
4286 96. 4.
4287 96. 4.
4288 96. 4.
4289 96. 4.
4290 95. 5.
4291 95. 5.
4292 95. 5.
4293 95. 5.
4294 95. 5.
4295 94. 6.
4296 94. 6.
4297 94. 6.
4298 93. 7.
4299 93. 7.
4300 93. 7.
4301 93. 7.
4302 93. 7.
4303 93. 7.
4304 93. 7.
4305 93. 7.
4306 93. 7.
4307 93. 7.
4308 93. 7.
4309 93. 7.
4310 93. 7.
4311 93. 7.
4312 93. 7.
4313 93. 7.
4314 93. 7.
4315 94. 6.
4316 94. 6.
4317 95. 5.
4318 95. 5.
4319 95. 5.
4320 95. 5.
4321 95. 5.
4322 95. 5.
4323 95. 5.
4324 95. 5.
4325 95. 5.
4326 95. 5.
4327 95. 5.
4328 95. 5.
4329 95. 5.
4330 96. 4.
4331 96. 4.
4332 97. 3.
4333 97. 3.
4334 97. 3.
4335 97. 3.
4336 97. 3.
4337 97. 3.
4338 96. 4.
4339 96. 4.
4340 96. 4.
4341 96. 4.
4342 96. 4.
4343 96. 4.
4344 96. 4.
4345 96. 4.
4346 97. 3.
4347 97. 3.
4348 97. 3.
4349 97. 3.
4350 97. 3.
4351 97. 3.
4352 97. 3.
4353 97. 3.
4354 97. 3.
4355 97. 3.
4356 97. 3.
4357 97. 3.
4358 97. 3.
4359 97. 3.
4360 97. 3.
4361 97. 3.
4362 97. 3.
4363 97. 3.
4364 97. 3.
4365 97. 3.
4366 97. 3.
4367 97. 3.
4368 97. 3.
4369 97. 3.
4370 97. 3.
4371 97. 3.
4372 97. 3.
4373 97. 3.
4374 97. 3.
4375 97. 3.
4376 97. 3.
4377 97. 3.
4378 97. 3.
4379 97. 3.
4380 98. 2.
4381 98. 2.
4382 98. 2.
4383 98. 2.
4384 98. 2.
4385 98. 2.
4386 98. 2.
4387 98. 2.
4388 98. 2.
4389 98. 2.
4390 98. 2.
4391 98. 2.
4392 98. 2.
4393 98. 2.
4394 98. 2.
4395 98. 2.
4396 99. 1.
4397 99. 1.
4398 99. 1.
4399 99. 1.
4400 99. 1.
4401 99. 1.
4402 99. 1.
4403 99. 1.
4404 99. 1.
4405 99. 1.
4406 99. 1.
4407 99. 1.
4408 99. 1.
4409 99. 1.
4410 99. 1.
4411 99. 1.
4412 99. 1.
4413 99. 1.
4414 99. 1.
4415 99. 1.
4416 99. 1.
4417 99. 1.
4418 99. 1.
4419 99. 1.
4420 99. 1.
4421 99. 1.
4422 99. 1.
4423 99. 1.
4424 99. 1.
4425 99. 1.
4426 99. 1.
4427 99. 1.
4428 99. 1.
4429 99. 1.
4430 99. 1.
4431 99. 1.
4432 99. 1.
4433 99. 1.
4434 99. 1.
4435 99. 1.
4436 99. 1.
4437 99. 1.
4438 99. 1.
4439 99. 1.
4440 99. 1.
