0 21. 79.
1 21. 79.
2 20. 80.
3 20. 80.
4 20. 80.
5 21. 79.
6 21. 79.
7 21. 79.
8 21. 79.
9 21. 79.
10 21. 79.
11 21. 79.
12 21. 79.
13 21. 79.
14 21. 79.
15 21. 79.
16 21. 79.
17 21. 79.
18 21. 79.
19 22. 78.
20 23. 77.
21 24. 76.
22 24. 76.
23 24. 76.
24 25. 75.
25 24. 76.
26 24. 76.
27 24. 76.
28 24. 76.
29 24. 76.
30 24. 76.
31 24. 76.
32 24. 76.
33 23. 77.
34 23. 77.
35 23. 77.
36 23. 77.
37 23. 77.
38 23. 77.
39 23. 77.
40 23. 77.
41 22. 78.
42 22. 78.
43 22. 78.
44 23. 77.
45 24. 76.
46 24. 76.
47 24. 76.
48 24. 76.
49 24. 76.
50 23. 77.
51 23. 77.
52 23. 77.
53 23. 77.
54 23. 77.
55 23. 77.
56 24. 76.
57 24. 76.
58 24. 76.
59 24. 76.
60 24. 76.
61 24. 76.
62 24. 76.
63 24. 76.
64 24. 76.
65 24. 76.
66 24. 76.
67 24. 76.
68 24. 76.
69 24. 76.
70 23. 77.
71 22. 78.
72 22. 78.
73 22. 78.
74 22. 78.
75 22. 78.
76 22. 78.
77 23. 77.
78 23. 77.
79 23. 77.
80 23. 77.
81 23. 77.
82 23. 77.
83 23. 77.
84 23. 77.
85 23. 77.
86 23. 77.
87 24. 76.
88 24. 76.
89 24. 76.
90 24. 76.
91 24. 76.
92 25. 75.
93 25. 75.
94 25. 75.
95 25. 75.
96 26. 74.
97 26. 74.
98 26. 74.
99 27. 73.
100 27. 73.
101 27. 73.
102 27. 73.
103 27. 73.
104 27. 73.
105 27. 73.
106 28. 72.
107 28. 72.
108 27. 73.
109 28. 72.
110 28. 72.
111 28. 72.
112 27. 73.
113 28. 72.
114 28. 72.
115 28. 72.
116 27. 73.
117 28. 72.
118 28. 72.
119 28. 72.
120 28. 72.
121 28. 72.
122 28. 72.
123 28. 72.
124 28. 72.
125 27. 73.
126 28. 72.
127 29. 71.
128 29. 71.
129 29. 71.
130 29. 71.
131 29. 71.
132 29. 71.
133 29. 71.
134 29. 71.
135 29. 71.
136 29. 71.
137 29. 71.
138 28. 72.
139 28. 72.
140 28. 72.
141 28. 72.
142 28. 72.
143 28. 72.
144 29. 71.
145 29. 71.
146 29. 71.
147 30. 70.
148 30. 70.
149 31. 69.
150 31. 69.
151 30. 70.
152 30. 70.
153 31. 69.
154 31. 69.
155 30. 70.
156 31. 69.
157 31. 69.
158 31. 69.
159 31. 69.
160 31. 69.
161 31. 69.
162 31. 69.
163 32. 68.
164 32. 68.
165 32. 68.
166 32. 68.
167 31. 69.
168 31. 69.
169 30. 70.
170 30. 70.
171 30. 70.
172 30. 70.
173 29. 71.
174 29. 71.
175 28. 72.
176 28. 72.
177 28. 72.
178 28. 72.
179 28. 72.
180 28. 72.
181 27. 73.
182 27. 73.
183 27. 73.
184 27. 73.
185 26. 74.
186 26. 74.
187 27. 73.
188 27. 73.
189 27. 73.
190 26. 74.
191 26. 74.
192 27. 73.
193 27. 73.
194 27. 73.
195 27. 73.
196 27. 73.
197 27. 73.
198 27. 73.
199 27. 73.
200 27. 73.
201 27. 73.
202 26. 74.
203 26. 74.
204 26. 74.
205 26. 74.
206 26. 74.
207 26. 74.
208 26. 74.
209 26. 74.
210 27. 73.
211 27. 73.
212 27. 73.
213 27. 73.
214 27. 73.
215 26. 74.
216 27. 73.
217 28. 72.
218 28. 72.
219 28. 72.
220 28. 72.
221 28. 72.
222 28. 72.
223 28. 72.
224 27. 73.
225 27. 73.
226 28. 72.
227 28. 72.
228 28. 72.
229 28. 72.
230 28. 72.
231 28. 72.
232 28. 72.
233 28. 72.
234 27. 73.
235 28. 72.
236 28. 72.
237 28. 72.
238 28. 72.
239 28. 72.
240 28. 72.
241 28. 72.
242 28. 72.
243 28. 72.
244 28. 72.
245 28. 72.
246 28. 72.
247 28. 72.
248 28. 72.
249 28. 72.
250 28. 72.
251 28. 72.
252 28. 72.
253 28. 72.
254 28. 72.
255 28. 72.
256 28. 72.
257 29. 71.
258 29. 71.
259 29. 71.
260 29. 71.
261 29. 71.
262 29. 71.
263 28. 72.
264 28. 72.
265 28. 72.
266 28. 72.
267 27. 73.
268 27. 73.
269 27. 73.
270 27. 73.
271 27. 73.
272 27. 73.
273 27. 73.
274 27. 73.
275 27. 73.
276 27. 73.
277 27. 73.
278 26. 74.
279 26. 74.
280 26. 74.
281 26. 74.
282 26. 74.
283 26. 74.
284 26. 74.
285 25. 75.
286 25. 75.
287 25. 75.
288 25. 75.
289 25. 75.
290 25. 75.
291 25. 75.
292 25. 75.
293 25. 75.
294 25. 75.
295 26. 74.
296 26. 74.
297 26. 74.
298 25. 75.
299 26. 74.
300 27. 73.
301 28. 72.
302 28. 72.
303 28. 72.
304 28. 72.
305 28. 72.
306 28. 72.
307 28. 72.
308 28. 72.
309 28. 72.
310 29. 71.
311 29. 71.
312 30. 70.
313 30. 70.
314 29. 71.
315 29. 71.
316 29. 71.
317 29. 71.
318 29. 71.
319 29. 71.
320 29. 71.
321 30. 70.
322 30. 70.
323 30. 70.
324 30. 70.
325 30. 70.
326 30. 70.
327 31. 69.
328 32. 68.
329 33. 67.
330 33. 67.
331 33. 67.
332 33. 67.
333 33. 67.
334 33. 67.
335 32. 68.
336 33. 67.
337 33. 67.
338 33. 67.
339 33. 67.
340 33. 67.
341 33. 67.
342 33. 67.
343 34. 66.
344 33. 67.
345 32. 68.
346 32. 68.
347 32. 68.
348 33. 67.
349 33. 67.
350 33. 67.
351 32. 68.
352 32. 68.
353 32. 68.
354 31. 69.
355 31. 69.
356 32. 68.
357 31. 69.
358 31. 69.
359 30. 70.
360 30. 70.
361 30. 70.
362 30. 70.
363 29. 71.
364 29. 71.
365 29. 71.
366 30. 70.
367 30. 70.
368 30. 70.
369 30. 70.
370 31. 69.
371 31. 69.
372 31. 69.
373 31. 69.
374 31. 69.
375 31. 69.
376 31. 69.
377 31. 69.
378 31. 69.
379 31. 69.
380 31. 69.
381 30. 70.
382 30. 70.
383 30. 70.
384 30. 70.
385 30. 70.
386 30. 70.
387 29. 71.
388 29. 71.
389 30. 70.
390 30. 70.
391 30. 70.
392 30. 70.
393 31. 69.
394 31. 69.
395 31. 69.
396 31. 69.
397 32. 68.
398 32. 68.
399 31. 69.
400 30. 70.
401 30. 70.
402 31. 69.
403 31. 69.
404 31. 69.
405 31. 69.
406 30. 70.
407 30. 70.
408 29. 71.
409 30. 70.
410 31. 69.
411 30. 70.
412 30. 70.
413 29. 71.
414 29. 71.
415 29. 71.
416 28. 72.
417 28. 72.
418 27. 73.
419 27. 73.
420 27. 73.
421 26. 74.
422 26. 74.
423 25. 75.
424 25. 75.
425 25. 75.
426 25. 75.
427 24. 76.
428 24. 76.
429 25. 75.
430 25. 75.
431 26. 74.
432 26. 74.
433 26. 74.
434 26. 74.
435 26. 74.
436 26. 74.
437 26. 74.
438 25. 75.
439 25. 75.
440 25. 75.
441 25. 75.
442 25. 75.
443 25. 75.
444 25. 75.
445 25. 75.
446 26. 74.
447 26. 74.
448 27. 73.
449 27. 73.
450 26. 74.
451 26. 74.
452 26. 74.
453 26. 74.
454 27. 73.
455 27. 73.
456 27. 73.
457 27. 73.
458 27. 73.
459 27. 73.
460 26. 74.
461 27. 73.
462 27. 73.
463 27. 73.
464 27. 73.
465 27. 73.
466 27. 73.
467 27. 73.
468 27. 73.
469 27. 73.
470 28. 72.
471 28. 72.
472 28. 72.
473 28. 72.
474 28. 72.
475 28. 72.
476 29. 71.
477 29. 71.
478 29. 71.
479 29. 71.
480 29. 71.
481 29. 71.
482 28. 72.
483 27. 73.
484 27. 73.
485 27. 73.
486 27. 73.
487 27. 73.
488 27. 73.
489 26. 74.
490 26. 74.
491 25. 75.
492 25. 75.
493 26. 74.
494 26. 74.
495 26. 74.
496 26. 74.
497 26. 74.
498 26. 74.
499 26. 74.
500 26. 74.
501 26. 74.
502 26. 74.
503 26. 74.
504 26. 74.
505 26. 74.
506 26. 74.
507 26. 74.
508 25. 75.
509 25. 75.
510 25. 75.
511 25. 75.
512 25. 75.
513 25. 75.
514 25. 75.
515 25. 75.
516 25. 75.
517 25. 75.
518 25. 75.
519 25. 75.
520 26. 74.
521 26. 74.
522 26. 74.
523 27. 73.
524 28. 72.
525 28. 72.
526 28. 72.
527 28. 72.
528 28. 72.
529 28. 72.
530 28. 72.
531 28. 72.
532 28. 72.
533 27. 73.
534 27. 73.
535 27. 73.
536 27. 73.
537 27. 73.
538 27. 73.
539 28. 72.
540 28. 72.
541 28. 72.
542 28. 72.
543 28. 72.
544 28. 72.
545 28. 72.
546 28. 72.
547 29. 71.
548 29. 71.
549 30. 70.
550 30. 70.
551 30. 70.
552 29. 71.
553 29. 71.
554 29. 71.
555 28. 72.
556 28. 72.
557 28. 72.
558 28. 72.
559 28. 72.
560 28. 72.
561 28. 72.
562 28. 72.
563 29. 71.
564 28. 72.
565 28. 72.
566 29. 71.
567 29. 71.
568 29. 71.
569 30. 70.
570 30. 70.
571 30. 70.
572 29. 71.
573 28. 72.
574 28. 72.
575 28. 72.
576 28. 72.
577 28. 72.
578 27. 73.
579 27. 73.
580 27. 73.
581 27. 73.
582 27. 73.
583 27. 73.
584 27. 73.
585 27. 73.
586 27. 73.
587 27. 73.
588 27. 73.
589 27. 73.
590 27. 73.
591 27. 73.
592 27. 73.
593 27. 73.
594 27. 73.
595 27. 73.
596 28. 72.
597 29. 71.
598 29. 71.
599 29. 71.
600 29. 71.
601 28. 72.
602 28. 72.
603 28. 72.
604 28. 72.
605 28. 72.
606 28. 72.
607 28. 72.
608 28. 72.
609 28. 72.
610 28. 72.
611 28. 72.
612 28. 72.
613 27. 73.
614 27. 73.
615 26. 74.
616 26. 74.
617 26. 74.
618 27. 73.
619 27. 73.
620 28. 72.
621 28. 72.
622 28. 72.
623 28. 72.
624 28. 72.
625 28. 72.
626 28. 72.
627 28. 72.
628 28. 72.
629 28. 72.
630 28. 72.
631 27. 73.
632 27. 73.
633 27. 73.
634 26. 74.
635 26. 74.
636 26. 74.
637 26. 74.
638 26. 74.
639 26. 74.
640 26. 74.
641 26. 74.
642 26. 74.
643 26. 74.
644 26. 74.
645 26. 74.
646 26. 74.
647 26. 74.
648 26. 74.
649 26. 74.
650 26. 74.
651 26. 74.
652 26. 74.
653 27. 73.
654 27. 73.
655 27. 73.
656 27. 73.
657 27. 73.
658 26. 74.
659 26. 74.
660 26. 74.
661 26. 74.
662 26. 74.
663 26. 74.
664 26. 74.
665 26. 74.
666 25. 75.
667 25. 75.
668 25. 75.
669 25. 75.
670 25. 75.
671 25. 75.
672 25. 75.
673 24. 76.
674 25. 75.
675 25. 75.
676 25. 75.
677 25. 75.
678 25. 75.
679 25. 75.
680 25. 75.
681 25. 75.
682 25. 75.
683 24. 76.
684 24. 76.
685 25. 75.
686 25. 75.
687 25. 75.
688 25. 75.
689 25. 75.
690 24. 76.
691 24. 76.
692 24. 76.
693 24. 76.
694 23. 77.
695 23. 77.
696 23. 77.
697 23. 77.
698 23. 77.
699 22. 78.
700 22. 78.
701 22. 78.
702 22. 78.
703 21. 79.
704 21. 79.
705 21. 79.
706 21. 79.
707 21. 79.
708 21. 79.
709 21. 79.
710 21. 79.
711 21. 79.
712 21. 79.
713 21. 79.
714 21. 79.
715 21. 79.
716 21. 79.
717 21. 79.
718 22. 78.
719 21. 79.
720 21. 79.
721 21. 79.
722 21. 79.
723 21. 79.
724 21. 79.
725 20. 80.
726 20. 80.
727 20. 80.
728 19. 81.
729 20. 80.
730 21. 79.
731 21. 79.
732 21. 79.
733 20. 80.
734 20. 80.
735 20. 80.
736 20. 80.
737 20. 80.
738 20. 80.
739 20. 80.
740 21. 79.
741 20. 80.
742 20. 80.
743 21. 79.
744 21. 79.
745 21. 79.
746 21. 79.
747 20. 80.
748 20. 80.
749 20. 80.
750 20. 80.
751 20. 80.
752 20. 80.
753 19. 81.
754 19. 81.
755 19. 81.
756 19. 81.
757 19. 81.
758 19. 81.
759 19. 81.
760 19. 81.
761 18. 82.
762 18. 82.
763 18. 82.
764 18. 82.
765 18. 82.
766 18. 82.
767 18. 82.
768 18. 82.
769 18. 82.
770 17. 83.
771 17. 83.
772 16. 84.
773 16. 84.
774 16. 84.
775 16. 84.
776 16. 84.
777 16. 84.
778 16. 84.
779 15. 85.
780 15. 85.
781 15. 85.
782 15. 85.
783 16. 84.
784 17. 83.
785 17. 83.
786 17. 83.
787 17. 83.
788 17. 83.
789 17. 83.
790 17. 83.
791 17. 83.
792 17. 83.
793 17. 83.
794 18. 82.
795 18. 82.
796 18. 82.
797 18. 82.
798 19. 81.
799 19. 81.
800 19. 81.
801 19. 81.
802 19. 81.
803 20. 80.
804 20. 80.
805 20. 80.
806 20. 80.
807 20. 80.
808 20. 80.
809 20. 80.
810 20. 80.
811 20. 80.
812 20. 80.
813 20. 80.
814 20. 80.
815 20. 80.
816 20. 80.
817 20. 80.
818 20. 80.
819 20. 80.
820 20. 80.
821 20. 80.
822 20. 80.
823 20. 80.
824 21. 79.
825 21. 79.
826 21. 79.
827 21. 79.
828 21. 79.
829 21. 79.
830 21. 79.
831 21. 79.
832 21. 79.
833 21. 79.
834 21. 79.
835 21. 79.
836 21. 79.
837 21. 79.
838 21. 79.
839 21. 79.
840 21. 79.
841 21. 79.
842 21. 79.
843 22. 78.
844 22. 78.
845 22. 78.
846 22. 78.
847 22. 78.
848 22. 78.
849 22. 78.
850 22. 78.
851 22. 78.
852 22. 78.
853 22. 78.
854 21. 79.
855 21. 79.
856 21. 79.
857 21. 79.
858 21. 79.
859 21. 79.
860 21. 79.
861 21. 79.
862 21. 79.
863 21. 79.
864 20. 80.
865 20. 80.
866 20. 80.
867 20. 80.
868 20. 80.
869 21. 79.
870 21. 79.
871 21. 79.
872 21. 79.
873 21. 79.
874 21. 79.
875 22. 78.
876 22. 78.
877 22. 78.
878 22. 78.
879 21. 79.
880 21. 79.
881 21. 79.
882 22. 78.
883 22. 78.
884 21. 79.
885 21. 79.
886 21. 79.
887 20. 80.
888 19. 81.
889 19. 81.
890 19. 81.
891 20. 80.
892 20. 80.
893 19. 81.
894 19. 81.
895 19. 81.
896 19. 81.
897 19. 81.
898 19. 81.
899 19. 81.
900 19. 81.
901 20. 80.
902 20. 80.
903 20. 80.
904 20. 80.
905 21. 79.
906 21. 79.
907 21. 79.
908 22. 78.
909 22. 78.
910 22. 78.
911 21. 79.
912 21. 79.
913 21. 79.
914 21. 79.
915 22. 78.
916 22. 78.
917 22. 78.
918 22. 78.
919 21. 79.
920 20. 80.
921 20. 80.
922 20. 80.
923 21. 79.
924 20. 80.
925 20. 80.
926 20. 80.
927 19. 81.
928 20. 80.
929 20. 80.
930 21. 79.
931 21. 79.
932 20. 80.
933 20. 80.
934 20. 80.
935 20. 80.
936 20. 80.
937 20. 80.
938 19. 81.
939 19. 81.
940 20. 80.
941 20. 80.
942 20. 80.
943 19. 81.
944 19. 81.
945 19. 81.
946 20. 80.
947 20. 80.
948 20. 80.
949 20. 80.
950 21. 79.
951 20. 80.
952 20. 80.
953 20. 80.
954 20. 80.
955 20. 80.
956 20. 80.
957 20. 80.
958 20. 80.
959 20. 80.
960 20. 80.
961 20. 80.
962 20. 80.
963 20. 80.
964 19. 81.
965 19. 81.
966 19. 81.
967 19. 81.
968 20. 80.
969 20. 80.
970 20. 80.
971 20. 80.
972 20. 80.
973 20. 80.
974 20. 80.
975 20. 80.
976 19. 81.
977 19. 81.
978 18. 82.
979 17. 83.
980 17. 83.
981 18. 82.
982 18. 82.
983 18. 82.
984 18. 82.
985 18. 82.
986 18. 82.
987 18. 82.
988 18. 82.
989 18. 82.
990 18. 82.
991 18. 82.
992 18. 82.
993 18. 82.
994 18. 82.
995 18. 82.
996 19. 81.
997 19. 81.
998 20. 80.
999 20. 80.
1000 20. 80.
1001 20. 80.
1002 20. 80.
1003 20. 80.
1004 20. 80.
1005 20. 80.
1006 20. 80.
1007 20. 80.
1008 20. 80.
1009 20. 80.
1010 20. 80.
1011 21. 79.
1012 21. 79.
1013 21. 79.
1014 21. 79.
1015 21. 79.
1016 21. 79.
1017 22. 78.
1018 22. 78.
1019 22. 78.
1020 22. 78.
1021 21. 79.
1022 21. 79.
1023 21. 79.
1024 21. 79.
1025 22. 78.
1026 22. 78.
1027 22. 78.
1028 22. 78.
1029 22. 78.
1030 22. 78.
1031 22. 78.
1032 23. 77.
1033 23. 77.
1034 23. 77.
1035 23. 77.
1036 23. 77.
1037 24. 76.
1038 24. 76.
1039 24. 76.
1040 24. 76.
1041 24. 76.
1042 23. 77.
1043 23. 77.
1044 23. 77.
1045 23. 77.
1046 23. 77.
1047 23. 77.
1048 23. 77.
1049 23. 77.
1050 22. 78.
1051 22. 78.
1052 22. 78.
1053 22. 78.
1054 22. 78.
1055 22. 78.
1056 22. 78.
1057 22. 78.
1058 22. 78.
1059 23. 77.
1060 23. 77.
1061 23. 77.
1062 24. 76.
1063 25. 75.
1064 25. 75.
1065 25. 75.
1066 25. 75.
1067 25. 75.
1068 24. 76.
1069 24. 76.
1070 24. 76.
1071 24. 76.
1072 24. 76.
1073 24. 76.
1074 24. 76.
1075 24. 76.
1076 24. 76.
1077 24. 76.
1078 24. 76.
1079 24. 76.
1080 24. 76.
1081 24. 76.
1082 24. 76.
1083 24. 76.
1084 25. 75.
1085 25. 75.
1086 24. 76.
1087 24. 76.
1088 25. 75.
1089 25. 75.
1090 25. 75.
1091 25. 75.
1092 25. 75.
1093 25. 75.
1094 25. 75.
1095 24. 76.
1096 24. 76.
1097 24. 76.
1098 24. 76.
1099 23. 77.
1100 23. 77.
1101 23. 77.
1102 23. 77.
1103 23. 77.
1104 23. 77.
1105 24. 76.
1106 24. 76.
1107 24. 76.
1108 24. 76.
1109 24. 76.
1110 24. 76.
1111 24. 76.
1112 24. 76.
1113 24. 76.
1114 24. 76.
1115 24. 76.
1116 24. 76.
1117 23. 77.
1118 23. 77.
1119 23. 77.
1120 24. 76.
1121 23. 77.
1122 23. 77.
1123 23. 77.
1124 23. 77.
1125 23. 77.
1126 23. 77.
1127 22. 78.
1128 22. 78.
1129 22. 78.
1130 23. 77.
1131 23. 77.
1132 23. 77.
1133 23. 77.
1134 23. 77.
1135 23. 77.
1136 23. 77.
1137 23. 77.
1138 23. 77.
1139 23. 77.
1140 23. 77.
1141 24. 76.
1142 24. 76.
1143 25. 75.
1144 24. 76.
1145 24. 76.
1146 24. 76.
1147 23. 77.
1148 23. 77.
1149 23. 77.
1150 24. 76.
1151 24. 76.
1152 24. 76.
1153 24. 76.
1154 24. 76.
1155 24. 76.
1156 25. 75.
1157 24. 76.
1158 24. 76.
1159 25. 75.
1160 25. 75.
1161 25. 75.
1162 25. 75.
1163 25. 75.
1164 24. 76.
1165 25. 75.
1166 25. 75.
1167 25. 75.
1168 25. 75.
1169 26. 74.
1170 26. 74.
1171 26. 74.
1172 26. 74.
1173 26. 74.
1174 26. 74.
1175 26. 74.
1176 25. 75.
1177 25. 75.
1178 25. 75.
1179 25. 75.
1180 25. 75.
1181 25. 75.
1182 25. 75.
1183 25. 75.
1184 25. 75.
1185 25. 75.
1186 26. 74.
1187 26. 74.
1188 26. 74.
1189 26. 74.
1190 26. 74.
1191 26. 74.
1192 26. 74.
1193 26. 74.
1194 26. 74.
1195 26. 74.
1196 26. 74.
1197 26. 74.
1198 26. 74.
1199 26. 74.
1200 25. 75.
1201 25. 75.
1202 25. 75.
1203 25. 75.
1204 25. 75.
1205 25. 75.
1206 25. 75.
1207 25. 75.
1208 24. 76.
1209 24. 76.
1210 24. 76.
1211 24. 76.
1212 24. 76.
1213 24. 76.
1214 24. 76.
1215 23. 77.
1216 23. 77.
1217 23. 77.
1218 24. 76.
1219 23. 77.
1220 23. 77.
1221 23. 77.
1222 23. 77.
1223 23. 77.
1224 23. 77.
1225 23. 77.
1226 23. 77.
1227 23. 77.
1228 23. 77.
1229 23. 77.
1230 23. 77.
1231 23. 77.
1232 23. 77.
1233 23. 77.
1234 23. 77.
1235 23. 77.
1236 24. 76.
1237 24. 76.
1238 24. 76.
1239 24. 76.
1240 24. 76.
1241 24. 76.
1242 24. 76.
1243 24. 76.
1244 24. 76.
1245 23. 77.
1246 23. 77.
1247 23. 77.
1248 23. 77.
1249 23. 77.
1250 23. 77.
1251 23. 77.
1252 23. 77.
1253 23. 77.
1254 23. 77.
1255 23. 77.
1256 23. 77.
1257 23. 77.
1258 23. 77.
1259 23. 77.
1260 24. 76.
1261 24. 76.
1262 24. 76.
1263 24. 76.
1264 24. 76.
1265 24. 76.
1266 24. 76.
1267 24. 76.
1268 24. 76.
1269 24. 76.
1270 24. 76.
1271 24. 76.
1272 24. 76.
1273 24. 76.
1274 24. 76.
1275 24. 76.
1276 24. 76.
1277 24. 76.
1278 25. 75.
1279 25. 75.
1280 25. 75.
1281 24. 76.
1282 24. 76.
1283 24. 76.
1284 24. 76.
1285 24. 76.
1286 23. 77.
1287 23. 77.
1288 23. 77.
1289 23. 77.
1290 22. 78.
1291 22. 78.
1292 22. 78.
1293 22. 78.
1294 22. 78.
1295 22. 78.
1296 22. 78.
1297 22. 78.
1298 22. 78.
1299 22. 78.
1300 22. 78.
1301 22. 78.
1302 21. 79.
1303 21. 79.
1304 21. 79.
1305 21. 79.
1306 22. 78.
1307 22. 78.
1308 22. 78.
1309 22. 78.
1310 21. 79.
1311 21. 79.
1312 21. 79.
1313 21. 79.
1314 21. 79.
1315 21. 79.
1316 20. 80.
1317 21. 79.
1318 21. 79.
1319 21. 79.
1320 21. 79.
1321 21. 79.
1322 21. 79.
1323 21. 79.
1324 21. 79.
1325 22. 78.
1326 22. 78.
1327 22. 78.
1328 22. 78.
1329 22. 78.
1330 22. 78.
1331 23. 77.
1332 23. 77.
1333 23. 77.
1334 23. 77.
1335 23. 77.
1336 23. 77.
1337 23. 77.
1338 23. 77.
1339 23. 77.
1340 23. 77.
1341 23. 77.
1342 23. 77.
1343 23. 77.
1344 23. 77.
1345 23. 77.
1346 23. 77.
1347 23. 77.
1348 23. 77.
1349 23. 77.
1350 24. 76.
1351 24. 76.
1352 24. 76.
1353 24. 76.
1354 24. 76.
1355 24. 76.
1356 24. 76.
1357 24. 76.
1358 24. 76.
1359 24. 76.
1360 24. 76.
1361 24. 76.
1362 24. 76.
1363 24. 76.
1364 24. 76.
1365 23. 77.
1366 23. 77.
1367 24. 76.
1368 24. 76.
1369 24. 76.
1370 24. 76.
1371 24. 76.
1372 24. 76.
1373 24. 76.
1374 24. 76.
1375 24. 76.
1376 24. 76.
1377 24. 76.
1378 24. 76.
1379 24. 76.
1380 25. 75.
1381 25. 75.
1382 25. 75.
1383 25. 75.
1384 25. 75.
1385 25. 75.
1386 25. 75.
1387 25. 75.
1388 25. 75.
1389 25. 75.
1390 25. 75.
1391 25. 75.
1392 25. 75.
1393 25. 75.
1394 25. 75.
1395 25. 75.
1396 25. 75.
1397 25. 75.
1398 25. 75.
1399 25. 75.
1400 25. 75.
1401 25. 75.
1402 25. 75.
1403 25. 75.
1404 25. 75.
1405 25. 75.
1406 24. 76.
1407 24. 76.
1408 25. 75.
1409 25. 75.
1410 25. 75.
1411 25. 75.
1412 24. 76.
1413 24. 76.
1414 24. 76.
1415 24. 76.
1416 25. 75.
1417 25. 75.
1418 26. 74.
1419 25. 75.
1420 25. 75.
1421 25. 75.
1422 25. 75.
1423 25. 75.
1424 25. 75.
1425 25. 75.
1426 25. 75.
1427 25. 75.
1428 24. 76.
1429 24. 76.
1430 24. 76.
1431 25. 75.
1432 25. 75.
1433 25. 75.
1434 25. 75.
1435 25. 75.
1436 25. 75.
1437 25. 75.
1438 25. 75.
1439 25. 75.
1440 25. 75.
1441 25. 75.
1442 25. 75.
1443 25. 75.
1444 25. 75.
1445 25. 75.
1446 25. 75.
1447 25. 75.
1448 26. 74.
1449 26. 74.
1450 26. 74.
1451 26. 74.
1452 26. 74.
1453 25. 75.
1454 26. 74.
1455 26. 74.
1456 27. 73.
1457 27. 73.
1458 27. 73.
1459 27. 73.
1460 26. 74.
1461 26. 74.
1462 27. 73.
1463 27. 73.
1464 27. 73.
1465 27. 73.
1466 27. 73.
1467 27. 73.
1468 27. 73.
1469 28. 72.
1470 28. 72.
1471 28. 72.
1472 28. 72.
1473 28. 72.
1474 28. 72.
1475 28. 72.
1476 28. 72.
1477 28. 72.
1478 28. 72.
1479 28. 72.
1480 28. 72.
1481 28. 72.
1482 28. 72.
1483 28. 72.
1484 27. 73.
1485 27. 73.
1486 27. 73.
1487 27. 73.
1488 27. 73.
1489 27. 73.
1490 27. 73.
1491 27. 73.
1492 26. 74.
1493 26. 74.
1494 27. 73.
1495 27. 73.
1496 26. 74.
1497 26. 74.
1498 26. 74.
1499 26. 74.
1500 26. 74.
1501 26. 74.
1502 26. 74.
1503 27. 73.
1504 27. 73.
1505 27. 73.
1506 27. 73.
1507 27. 73.
1508 27. 73.
1509 28. 72.
1510 28. 72.
1511 28. 72.
1512 29. 71.
1513 29. 71.
1514 29. 71.
1515 30. 70.
1516 30. 70.
1517 30. 70.
1518 30. 70.
1519 29. 71.
1520 29. 71.
1521 29. 71.
1522 29. 71.
1523 29. 71.
1524 30. 70.
1525 30. 70.
1526 30. 70.
1527 30. 70.
1528 30. 70.
1529 31. 69.
1530 31. 69.
1531 31. 69.
1532 31. 69.
1533 31. 69.
1534 31. 69.
1535 31. 69.
1536 31. 69.
1537 30. 70.
1538 31. 69.
1539 31. 69.
1540 31. 69.
1541 32. 68.
1542 32. 68.
1543 31. 69.
1544 30. 70.
1545 30. 70.
1546 30. 70.
1547 30. 70.
1548 31. 69.
1549 31. 69.
1550 31. 69.
1551 31. 69.
1552 31. 69.
1553 30. 70.
1554 30. 70.
1555 30. 70.
1556 30. 70.
1557 30. 70.
1558 30. 70.
1559 30. 70.
1560 30. 70.
1561 29. 71.
1562 29. 71.
1563 29. 71.
1564 29. 71.
1565 29. 71.
1566 29. 71.
1567 29. 71.
1568 29. 71.
1569 29. 71.
1570 29. 71.
1571 29. 71.
1572 28. 72.
1573 28. 72.
1574 28. 72.
1575 27. 73.
1576 27. 73.
1577 27. 73.
1578 27. 73.
1579 27. 73.
1580 27. 73.
1581 26. 74.
1582 26. 74.
1583 25. 75.
1584 25. 75.
1585 25. 75.
1586 25. 75.
1587 25. 75.
1588 26. 74.
1589 26. 74.
1590 26. 74.
1591 26. 74.
1592 26. 74.
1593 26. 74.
1594 25. 75.
1595 24. 76.
1596 24. 76.
1597 24. 76.
1598 24. 76.
1599 25. 75.
1600 25. 75.
1601 25. 75.
1602 25. 75.
1603 25. 75.
1604 26. 74.
1605 26. 74.
1606 26. 74.
1607 26. 74.
1608 26. 74.
1609 26. 74.
1610 26. 74.
1611 26. 74.
1612 26. 74.
1613 26. 74.
1614 26. 74.
1615 26. 74.
1616 26. 74.
1617 26. 74.
1618 26. 74.
1619 26. 74.
1620 26. 74.
1621 26. 74.
1622 26. 74.
1623 26. 74.
1624 26. 74.
1625 25. 75.
1626 25. 75.
1627 25. 75.
1628 25. 75.
1629 25. 75.
1630 25. 75.
1631 25. 75.
1632 25. 75.
1633 25. 75.
1634 25. 75.
1635 25. 75.
1636 25. 75.
1637 26. 74.
1638 26. 74.
1639 26. 74.
1640 26. 74.
1641 26. 74.
1642 26. 74.
1643 26. 74.
1644 26. 74.
1645 25. 75.
1646 25. 75.
1647 25. 75.
1648 26. 74.
1649 26. 74.
1650 26. 74.
1651 26. 74.
1652 26. 74.
1653 26. 74.
1654 26. 74.
1655 27. 73.
1656 27. 73.
1657 26. 74.
1658 27. 73.
1659 27. 73.
1660 27. 73.
1661 28. 72.
1662 28. 72.
1663 28. 72.
1664 28. 72.
1665 27. 73.
1666 28. 72.
1667 28. 72.
1668 28. 72.
1669 28. 72.
1670 28. 72.
1671 28. 72.
1672 27. 73.
1673 27. 73.
1674 27. 73.
1675 26. 74.
1676 26. 74.
1677 26. 74.
1678 26. 74.
1679 26. 74.
1680 26. 74.
1681 26. 74.
1682 26. 74.
1683 26. 74.
1684 26. 74.
1685 26. 74.
1686 26. 74.
1687 26. 74.
1688 26. 74.
1689 26. 74.
1690 26. 74.
1691 26. 74.
1692 26. 74.
1693 27. 73.
1694 26. 74.
1695 26. 74.
1696 25. 75.
1697 25. 75.
1698 25. 75.
1699 25. 75.
1700 25. 75.
1701 25. 75.
1702 25. 75.
1703 25. 75.
1704 25. 75.
1705 25. 75.
1706 25. 75.
1707 26. 74.
1708 26. 74.
1709 26. 74.
1710 26. 74.
1711 26. 74.
1712 27. 73.
1713 27. 73.
1714 27. 73.
1715 26. 74.
1716 26. 74.
1717 26. 74.
1718 26. 74.
1719 26. 74.
1720 25. 75.
1721 26. 74.
1722 26. 74.
1723 26. 74.
1724 26. 74.
1725 26. 74.
1726 26. 74.
1727 26. 74.
1728 26. 74.
1729 26. 74.
1730 26. 74.
1731 26. 74.
1732 26. 74.
1733 26. 74.
1734 26. 74.
1735 26. 74.
1736 26. 74.
1737 26. 74.
1738 26. 74.
1739 26. 74.
1740 26. 74.
1741 26. 74.
1742 26. 74.
1743 26. 74.
1744 26. 74.
1745 27. 73.
1746 27. 73.
1747 27. 73.
1748 26. 74.
1749 26. 74.
1750 25. 75.
1751 25. 75.
1752 25. 75.
1753 25. 75.
1754 25. 75.
1755 26. 74.
1756 25. 75.
1757 25. 75.
1758 26. 74.
1759 26. 74.
1760 26. 74.
1761 26. 74.
1762 26. 74.
1763 26. 74.
1764 26. 74.
1765 26. 74.
1766 26. 74.
1767 25. 75.
1768 25. 75.
1769 25. 75.
1770 25. 75.
1771 25. 75.
1772 25. 75.
1773 25. 75.
1774 25. 75.
1775 25. 75.
1776 25. 75.
1777 25. 75.
1778 25. 75.
1779 24. 76.
1780 24. 76.
1781 23. 77.
1782 23. 77.
1783 22. 78.
1784 22. 78.
1785 22. 78.
1786 22. 78.
1787 22. 78.
1788 22. 78.
1789 22. 78.
1790 22. 78.
1791 22. 78.
1792 22. 78.
1793 22. 78.
1794 22. 78.
1795 23. 77.
1796 23. 77.
1797 23. 77.
1798 24. 76.
1799 24. 76.
1800 24. 76.
1801 24. 76.
1802 24. 76.
1803 24. 76.
1804 24. 76.
1805 23. 77.
1806 23. 77.
1807 23. 77.
1808 23. 77.
1809 23. 77.
1810 23. 77.
1811 23. 77.
1812 23. 77.
1813 23. 77.
1814 24. 76.
1815 24. 76.
1816 24. 76.
1817 25. 75.
1818 25. 75.
1819 25. 75.
1820 25. 75.
1821 25. 75.
1822 24. 76.
1823 24. 76.
1824 24. 76.
1825 24. 76.
1826 25. 75.
1827 25. 75.
1828 25. 75.
1829 26. 74.
1830 26. 74.
1831 26. 74.
1832 26. 74.
1833 26. 74.
1834 26. 74.
1835 26. 74.
1836 27. 73.
1837 27. 73.
1838 27. 73.
1839 26. 74.
1840 26. 74.
1841 26. 74.
1842 26. 74.
1843 26. 74.
1844 25. 75.
1845 25. 75.
1846 25. 75.
1847 25. 75.
1848 25. 75.
1849 25. 75.
1850 25. 75.
1851 24. 76.
1852 24. 76.
1853 24. 76.
1854 24. 76.
1855 24. 76.
1856 24. 76.
1857 24. 76.
1858 24. 76.
1859 24. 76.
1860 24. 76.
1861 24. 76.
1862 24. 76.
1863 24. 76.
1864 24. 76.
1865 24. 76.
1866 24. 76.
1867 25. 75.
1868 25. 75.
1869 25. 75.
1870 25. 75.
1871 25. 75.
1872 25. 75.
1873 25. 75.
1874 25. 75.
1875 25. 75.
1876 25. 75.
1877 25. 75.
1878 25. 75.
1879 25. 75.
1880 25. 75.
1881 25. 75.
1882 25. 75.
1883 25. 75.
1884 25. 75.
1885 25. 75.
1886 25. 75.
1887 25. 75.
1888 25. 75.
1889 25. 75.
1890 25. 75.
1891 25. 75.
1892 26. 74.
1893 25. 75.
1894 25. 75.
1895 25. 75.
1896 25. 75.
1897 25. 75.
1898 26. 74.
1899 26. 74.
1900 26. 74.
1901 27. 73.
1902 27. 73.
1903 27. 73.
1904 27. 73.
1905 27. 73.
1906 27. 73.
1907 27. 73.
1908 28. 72.
1909 28. 72.
1910 28. 72.
1911 27. 73.
1912 27. 73.
1913 26. 74.
1914 26. 74.
1915 26. 74.
1916 25. 75.
1917 26. 74.
1918 26. 74.
1919 26. 74.
1920 26. 74.
1921 25. 75.
1922 25. 75.
1923 25. 75.
1924 25. 75.
1925 25. 75.
1926 25. 75.
1927 25. 75.
1928 24. 76.
1929 24. 76.
1930 24. 76.
1931 24. 76.
1932 24. 76.
1933 25. 75.
1934 25. 75.
1935 25. 75.
1936 25. 75.
1937 25. 75.
1938 26. 74.
1939 26. 74.
1940 25. 75.
1941 24. 76.
1942 24. 76.
1943 24. 76.
1944 24. 76.
1945 25. 75.
1946 25. 75.
1947 25. 75.
1948 25. 75.
1949 24. 76.
1950 24. 76.
1951 23. 77.
1952 23. 77.
1953 23. 77.
1954 23. 77.
1955 23. 77.
1956 23. 77.
1957 23. 77.
1958 23. 77.
1959 23. 77.
1960 23. 77.
1961 23. 77.
1962 23. 77.
1963 23. 77.
1964 22. 78.
1965 22. 78.
1966 22. 78.
1967 22. 78.
1968 21. 79.
1969 21. 79.
1970 21. 79.
1971 21. 79.
1972 21. 79.
1973 21. 79.
1974 21. 79.
1975 21. 79.
1976 21. 79.
1977 21. 79.
1978 21. 79.
1979 21. 79.
1980 21. 79.
1981 21. 79.
1982 21. 79.
1983 21. 79.
1984 20. 80.
1985 20. 80.
1986 19. 81.
1987 18. 82.
1988 18. 82.
1989 18. 82.
1990 18. 82.
1991 18. 82.
1992 18. 82.
1993 17. 83.
1994 17. 83.
1995 17. 83.
1996 17. 83.
1997 17. 83.
1998 17. 83.
1999 17. 83.
2000 18. 82.
2001 18. 82.
2002 18. 82.
2003 18. 82.
2004 18. 82.
2005 18. 82.
2006 18. 82.
2007 18. 82.
2008 18. 82.
2009 18. 82.
2010 17. 83.
2011 17. 83.
2012 17. 83.
2013 17. 83.
2014 17. 83.
2015 17. 83.
2016 17. 83.
2017 17. 83.
2018 17. 83.
2019 17. 83.
2020 17. 83.
2021 17. 83.
2022 17. 83.
2023 17. 83.
2024 17. 83.
2025 17. 83.
2026 17. 83.
2027 17. 83.
2028 17. 83.
2029 17. 83.
2030 16. 84.
2031 16. 84.
2032 16. 84.
2033 16. 84.
2034 16. 84.
2035 17. 83.
2036 17. 83.
2037 18. 82.
2038 18. 82.
2039 18. 82.
2040 18. 82.
2041 18. 82.
2042 18. 82.
2043 18. 82.
2044 18. 82.
2045 18. 82.
2046 18. 82.
2047 18. 82.
2048 17. 83.
2049 17. 83.
2050 17. 83.
2051 17. 83.
2052 17. 83.
2053 17. 83.
2054 17. 83.
2055 17. 83.
2056 17. 83.
2057 18. 82.
2058 18. 82.
2059 18. 82.
2060 17. 83.
2061 17. 83.
2062 17. 83.
2063 17. 83.
2064 17. 83.
2065 18. 82.
2066 19. 81.
2067 19. 81.
2068 19. 81.
2069 19. 81.
2070 19. 81.
2071 19. 81.
2072 19. 81.
2073 19. 81.
2074 19. 81.
2075 18. 82.
2076 18. 82.
2077 18. 82.
2078 18. 82.
2079 18. 82.
2080 18. 82.
2081 18. 82.
2082 18. 82.
2083 18. 82.
2084 18. 82.
2085 17. 83.
2086 17. 83.
2087 17. 83.
2088 17. 83.
2089 18. 82.
2090 18. 82.
2091 18. 82.
2092 18. 82.
2093 17. 83.
2094 17. 83.
2095 16. 84.
2096 16. 84.
2097 16. 84.
2098 16. 84.
2099 16. 84.
2100 15. 85.
2101 15. 85.
2102 15. 85.
2103 16. 84.
2104 16. 84.
2105 16. 84.
2106 16. 84.
2107 16. 84.
2108 15. 85.
2109 15. 85.
2110 15. 85.
2111 15. 85.
2112 15. 85.
2113 15. 85.
2114 15. 85.
2115 15. 85.
2116 15. 85.
2117 15. 85.
2118 15. 85.
2119 15. 85.
2120 15. 85.
2121 15. 85.
2122 15. 85.
2123 15. 85.
2124 15. 85.
2125 15. 85.
2126 16. 84.
2127 16. 84.
2128 16. 84.
2129 16. 84.
2130 17. 83.
2131 17. 83.
2132 17. 83.
2133 16. 84.
2134 16. 84.
2135 16. 84.
2136 16. 84.
2137 16. 84.
2138 16. 84.
2139 16. 84.
2140 16. 84.
2141 16. 84.
2142 16. 84.
2143 16. 84.
2144 16. 84.
2145 16. 84.
2146 16. 84.
2147 16. 84.
2148 16. 84.
2149 16. 84.
2150 16. 84.
2151 16. 84.
2152 16. 84.
2153 16. 84.
2154 16. 84.
2155 16. 84.
2156 17. 83.
2157 17. 83.
2158 17. 83.
2159 17. 83.
2160 17. 83.
2161 17. 83.
2162 17. 83.
2163 17. 83.
2164 17. 83.
2165 16. 84.
2166 16. 84.
2167 16. 84.
2168 16. 84.
2169 15. 85.
2170 15. 85.
2171 15. 85.
2172 15. 85.
2173 15. 85.
2174 15. 85.
2175 15. 85.
2176 15. 85.
2177 15. 85.
2178 14. 86.
2179 14. 86.
2180 14. 86.
2181 14. 86.
2182 14. 86.
2183 14. 86.
2184 14. 86.
2185 14. 86.
2186 14. 86.
2187 14. 86.
2188 14. 86.
2189 14. 86.
2190 14. 86.
2191 14. 86.
2192 14. 86.
2193 14. 86.
2194 14. 86.
2195 14. 86.
2196 14. 86.
2197 14. 86.
2198 14. 86.
2199 14. 86.
2200 15. 85.
2201 15. 85.
2202 15. 85.
2203 15. 85.
2204 15. 85.
2205 15. 85.
2206 15. 85.
2207 15. 85.
2208 15. 85.
2209 15. 85.
2210 15. 85.
2211 15. 85.
2212 15. 85.
2213 16. 84.
2214 16. 84.
2215 16. 84.
2216 16. 84.
2217 16. 84.
2218 16. 84.
2219 16. 84.
2220 16. 84.
2221 16. 84.
2222 16. 84.
2223 16. 84.
2224 16. 84.
2225 16. 84.
2226 16. 84.
2227 17. 83.
2228 16. 84.
2229 16. 84.
2230 16. 84.
2231 16. 84.
2232 16. 84.
2233 16. 84.
2234 15. 85.
2235 15. 85.
2236 15. 85.
2237 15. 85.
2238 15. 85.
2239 15. 85.
2240 15. 85.
2241 16. 84.
2242 16. 84.
2243 16. 84.
2244 16. 84.
2245 16. 84.
2246 16. 84.
2247 16. 84.
2248 16. 84.
2249 16. 84.
2250 15. 85.
2251 15. 85.
2252 15. 85.
2253 15. 85.
2254 15. 85.
2255 15. 85.
2256 15. 85.
2257 15. 85.
2258 15. 85.
2259 14. 86.
2260 14. 86.
2261 14. 86.
2262 14. 86.
2263 14. 86.
2264 14. 86.
2265 14. 86.
2266 13. 87.
2267 12. 88.
2268 12. 88.
2269 12. 88.
2270 12. 88.
2271 12. 88.
2272 12. 88.
2273 12. 88.
2274 12. 88.
2275 12. 88.
2276 12. 88.
2277 12. 88.
2278 12. 88.
2279 12. 88.
2280 13. 87.
2281 13. 87.
2282 13. 87.
2283 13. 87.
2284 13. 87.
2285 14. 86.
2286 14. 86.
2287 14. 86.
2288 14. 86.
2289 14. 86.
2290 14. 86.
2291 14. 86.
2292 14. 86.
2293 14. 86.
2294 14. 86.
2295 14. 86.
2296 14. 86.
2297 14. 86.
2298 14. 86.
2299 14. 86.
2300 14. 86.
2301 14. 86.
2302 13. 87.
2303 13. 87.
2304 13. 87.
2305 14. 86.
2306 14. 86.
2307 14. 86.
2308 14. 86.
2309 14. 86.
2310 14. 86.
2311 14. 86.
2312 14. 86.
2313 14. 86.
2314 14. 86.
2315 14. 86.
2316 14. 86.
2317 14. 86.
2318 14. 86.
2319 13. 87.
2320 13. 87.
2321 13. 87.
2322 13. 87.
2323 13. 87.
2324 13. 87.
2325 13. 87.
2326 13. 87.
2327 13. 87.
2328 13. 87.
2329 13. 87.
2330 13. 87.
2331 14. 86.
2332 14. 86.
2333 14. 86.
2334 14. 86.
2335 14. 86.
2336 15. 85.
2337 16. 84.
2338 16. 84.
2339 16. 84.
2340 16. 84.
2341 16. 84.
2342 16. 84.
2343 16. 84.
2344 16. 84.
2345 16. 84.
2346 16. 84.
2347 16. 84.
2348 16. 84.
2349 16. 84.
2350 16. 84.
2351 16. 84.
2352 16. 84.
2353 17. 83.
2354 17. 83.
2355 17. 83.
2356 17. 83.
2357 17. 83.
2358 17. 83.
2359 17. 83.
2360 17. 83.
2361 17. 83.
2362 17. 83.
2363 17. 83.
2364 17. 83.
2365 17. 83.
2366 17. 83.
2367 17. 83.
2368 17. 83.
2369 16. 84.
2370 16. 84.
2371 16. 84.
2372 16. 84.
2373 16. 84.
2374 15. 85.
2375 15. 85.
2376 15. 85.
2377 15. 85.
2378 15. 85.
2379 15. 85.
2380 15. 85.
2381 15. 85.
2382 15. 85.
2383 15. 85.
2384 15. 85.
2385 15. 85.
2386 15. 85.
2387 14. 86.
2388 14. 86.
2389 14. 86.
2390 14. 86.
2391 14. 86.
2392 14. 86.
2393 14. 86.
2394 14. 86.
2395 15. 85.
2396 15. 85.
2397 15. 85.
2398 15. 85.
2399 15. 85.
2400 15. 85.
2401 15. 85.
2402 15. 85.
2403 14. 86.
2404 14. 86.
2405 14. 86.
2406 14. 86.
2407 14. 86.
2408 14. 86.
2409 14. 86.
2410 14. 86.
2411 14. 86.
2412 15. 85.
2413 15. 85.
2414 15. 85.
2415 15. 85.
2416 15. 85.
2417 15. 85.
2418 15. 85.
2419 15. 85.
2420 14. 86.
2421 14. 86.
2422 14. 86.
2423 14. 86.
2424 14. 86.
2425 14. 86.
2426 14. 86.
2427 14. 86.
2428 14. 86.
2429 13. 87.
2430 13. 87.
2431 13. 87.
2432 13. 87.
2433 13. 87.
2434 13. 87.
2435 13. 87.
2436 13. 87.
2437 13. 87.
2438 13. 87.
2439 14. 86.
2440 14. 86.
2441 14. 86.
2442 14. 86.
2443 14. 86.
2444 14. 86.
2445 14. 86.
2446 14. 86.
2447 14. 86.
2448 14. 86.
2449 14. 86.
2450 14. 86.
2451 14. 86.
2452 14. 86.
2453 14. 86.
2454 14. 86.
2455 14. 86.
2456 14. 86.
2457 14. 86.
2458 14. 86.
2459 14. 86.
2460 14. 86.
2461 14. 86.
2462 14. 86.
2463 14. 86.
2464 14. 86.
2465 14. 86.
2466 14. 86.
2467 13. 87.
2468 13. 87.
2469 13. 87.
2470 12. 88.
2471 12. 88.
2472 12. 88.
2473 12. 88.
2474 12. 88.
2475 12. 88.
2476 12. 88.
2477 11. 89.
2478 11. 89.
2479 11. 89.
2480 11. 89.
2481 11. 89.
2482 11. 89.
2483 10. 90.
2484 10. 90.
2485 10. 90.
2486 10. 90.
2487 10. 90.
2488 11. 89.
2489 11. 89.
2490 11. 89.
2491 11. 89.
2492 11. 89.
2493 11. 89.
2494 11. 89.
2495 11. 89.
2496 11. 89.
2497 11. 89.
2498 11. 89.
2499 11. 89.
2500 11. 89.
2501 11. 89.
2502 10. 90.
2503 10. 90.
2504 10. 90.
2505 10. 90.
2506 10. 90.
2507 10. 90.
2508 10. 90.
2509 10. 90.
2510 10. 90.
2511 10. 90.
2512 10. 90.
2513 10. 90.
2514 10. 90.
2515 10. 90.
2516 10. 90.
2517 10. 90.
2518 10. 90.
2519 10. 90.
2520 10. 90.
2521 10. 90.
2522 10. 90.
2523 10. 90.
2524 10. 90.
2525 9. 91.
2526 9. 91.
2527 9. 91.
2528 9. 91.
2529 9. 91.
2530 9. 91.
2531 9. 91.
2532 9. 91.
2533 9. 91.
2534 9. 91.
2535 9. 91.
2536 9. 91.
2537 9. 91.
2538 9. 91.
2539 9. 91.
2540 9. 91.
2541 9. 91.
2542 8. 92.
2543 8. 92.
2544 8. 92.
2545 7. 93.
2546 7. 93.
2547 7. 93.
2548 7. 93.
2549 7. 93.
2550 7. 93.
2551 7. 93.
2552 8. 92.
2553 8. 92.
2554 8. 92.
2555 8. 92.
2556 8. 92.
2557 8. 92.
2558 8. 92.
2559 8. 92.
2560 8. 92.
2561 8. 92.
2562 8. 92.
2563 8. 92.
2564 8. 92.
2565 8. 92.
2566 8. 92.
2567 9. 91.
2568 9. 91.
2569 9. 91.
2570 9. 91.
2571 9. 91.
2572 9. 91.
2573 9. 91.
2574 9. 91.
2575 9. 91.
2576 9. 91.
2577 9. 91.
2578 9. 91.
2579 9. 91.
2580 9. 91.
2581 9. 91.
2582 9. 91.
2583 8. 92.
2584 7. 93.
2585 7. 93.
2586 7. 93.
2587 8. 92.
2588 8. 92.
2589 8. 92.
2590 8. 92.
2591 8. 92.
2592 8. 92.
2593 8. 92.
2594 8. 92.
2595 8. 92.
2596 8. 92.
2597 8. 92.
2598 8. 92.
2599 9. 91.
2600 9. 91.
2601 9. 91.
2602 9. 91.
2603 9. 91.
2604 9. 91.
2605 9. 91.
2606 9. 91.
2607 9. 91.
2608 9. 91.
2609 9. 91.
2610 9. 91.
2611 9. 91.
2612 9. 91.
2613 9. 91.
2614 9. 91.
2615 9. 91.
2616 9. 91.
2617 9. 91.
2618 9. 91.
2619 9. 91.
2620 9. 91.
2621 9. 91.
2622 9. 91.
2623 9. 91.
2624 9. 91.
2625 9. 91.
2626 9. 91.
2627 9. 91.
2628 9. 91.
2629 10. 90.
2630 10. 90.
2631 10. 90.
2632 9. 91.
2633 9. 91.
2634 9. 91.
2635 9. 91.
2636 9. 91.
2637 9. 91.
2638 9. 91.
2639 9. 91.
2640 9. 91.
2641 9. 91.
2642 9. 91.
2643 10. 90.
2644 10. 90.
2645 10. 90.
2646 10. 90.
2647 11. 89.
2648 11. 89.
2649 10. 90.
2650 10. 90.
2651 10. 90.
2652 10. 90.
2653 10. 90.
2654 10. 90.
2655 10. 90.
2656 10. 90.
2657 10. 90.
2658 10. 90.
2659 10. 90.
2660 10. 90.
2661 10. 90.
2662 10. 90.
2663 10. 90.
2664 10. 90.
2665 10. 90.
2666 11. 89.
2667 11. 89.
2668 11. 89.
2669 11. 89.
2670 11. 89.
2671 11. 89.
2672 11. 89.
2673 11. 89.
2674 11. 89.
2675 11. 89.
2676 11. 89.
2677 11. 89.
2678 11. 89.
2679 11. 89.
2680 11. 89.
2681 11. 89.
2682 11. 89.
2683 11. 89.
2684 11. 89.
2685 11. 89.
2686 11. 89.
2687 11. 89.
2688 11. 89.
2689 11. 89.
2690 11. 89.
2691 11. 89.
2692 11. 89.
2693 11. 89.
2694 11. 89.
2695 11. 89.
2696 11. 89.
2697 10. 90.
2698 10. 90.
2699 10. 90.
2700 10. 90.
2701 10. 90.
2702 10. 90.
2703 10. 90.
2704 10. 90.
2705 10. 90.
2706 10. 90.
2707 10. 90.
2708 10. 90.
2709 10. 90.
2710 10. 90.
2711 10. 90.
2712 10. 90.
2713 10. 90.
2714 10. 90.
2715 10. 90.
2716 10. 90.
2717 10. 90.
2718 10. 90.
2719 10. 90.
2720 10. 90.
2721 10. 90.
2722 10. 90.
2723 10. 90.
2724 10. 90.
2725 9. 91.
2726 10. 90.
2727 10. 90.
2728 11. 89.
2729 11. 89.
2730 11. 89.
2731 10. 90.
2732 10. 90.
2733 10. 90.
2734 10. 90.
2735 10. 90.
2736 10. 90.
2737 10. 90.
2738 10. 90.
2739 10. 90.
2740 10. 90.
2741 10. 90.
2742 10. 90.
2743 10. 90.
2744 10. 90.
2745 10. 90.
2746 10. 90.
2747 10. 90.
2748 11. 89.
2749 11. 89.
2750 11. 89.
2751 11. 89.
2752 11. 89.
2753 11. 89.
2754 11. 89.
2755 11. 89.
2756 11. 89.
2757 12. 88.
2758 12. 88.
2759 12. 88.
2760 12. 88.
2761 12. 88.
2762 12. 88.
2763 12. 88.
2764 12. 88.
2765 12. 88.
2766 12. 88.
2767 12. 88.
2768 12. 88.
2769 12. 88.
2770 12. 88.
2771 12. 88.
2772 13. 87.
2773 13. 87.
2774 13. 87.
2775 13. 87.
2776 13. 87.
2777 13. 87.
2778 12. 88.
2779 12. 88.
2780 12. 88.
2781 12. 88.
2782 12. 88.
2783 12. 88.
2784 12. 88.
2785 12. 88.
2786 12. 88.
2787 12. 88.
2788 12. 88.
2789 12. 88.
2790 12. 88.
2791 12. 88.
2792 12. 88.
2793 12. 88.
2794 12. 88.
2795 12. 88.
2796 12. 88.
2797 12. 88.
2798 12. 88.
2799 12. 88.
2800 12. 88.
2801 12. 88.
2802 12. 88.
2803 12. 88.
2804 12. 88.
2805 12. 88.
2806 12. 88.
2807 12. 88.
2808 12. 88.
2809 12. 88.
2810 12. 88.
2811 11. 89.
2812 11. 89.
2813 11. 89.
2814 11. 89.
2815 11. 89.
2816 11. 89.
2817 11. 89.
2818 11. 89.
2819 11. 89.
2820 11. 89.
2821 11. 89.
2822 11. 89.
2823 11. 89.
2824 11. 89.
2825 11. 89.
2826 11. 89.
2827 11. 89.
2828 11. 89.
2829 11. 89.
2830 11. 89.
2831 11. 89.
2832 11. 89.
2833 11. 89.
2834 11. 89.
2835 10. 90.
2836 11. 89.
2837 11. 89.
2838 11. 89.
2839 11. 89.
2840 11. 89.
2841 11. 89.
2842 11. 89.
2843 11. 89.
2844 11. 89.
2845 11. 89.
2846 12. 88.
2847 12. 88.
2848 12. 88.
2849 12. 88.
2850 12. 88.
2851 12. 88.
2852 12. 88.
2853 12. 88.
2854 12. 88.
2855 12. 88.
2856 12. 88.
2857 12. 88.
2858 12. 88.
2859 12. 88.
2860 12. 88.
2861 12. 88.
2862 12. 88.
2863 11. 89.
2864 11. 89.
2865 11. 89.
2866 11. 89.
2867 11. 89.
2868 11. 89.
2869 11. 89.
2870 11. 89.
2871 12. 88.
2872 12. 88.
2873 12. 88.
2874 12. 88.
2875 12. 88.
2876 12. 88.
2877 11. 89.
2878 11. 89.
2879 11. 89.
2880 12. 88.
2881 12. 88.
2882 12. 88.
2883 12. 88.
2884 12. 88.
2885 12. 88.
2886 11. 89.
2887 12. 88.
2888 12. 88.
2889 12. 88.
2890 12. 88.
2891 11. 89.
2892 11. 89.
2893 11. 89.
2894 11. 89.
2895 11. 89.
2896 11. 89.
2897 11. 89.
2898 11. 89.
2899 11. 89.
2900 11. 89.
2901 10. 90.
2902 10. 90.
2903 10. 90.
2904 10. 90.
2905 10. 90.
2906 10. 90.
2907 10. 90.
2908 10. 90.
2909 10. 90.
2910 11. 89.
2911 11. 89.
2912 11. 89.
2913 12. 88.
2914 12. 88.
2915 12. 88.
2916 12. 88.
2917 12. 88.
2918 11. 89.
2919 11. 89.
2920 11. 89.
2921 11. 89.
2922 12. 88.
2923 12. 88.
2924 12. 88.
2925 12. 88.
2926 12. 88.
2927 12. 88.
2928 12. 88.
2929 12. 88.
2930 12. 88.
2931 12. 88.
2932 12. 88.
2933 12. 88.
2934 12. 88.
2935 12. 88.
2936 12. 88.
2937 12. 88.
2938 12. 88.
2939 12. 88.
2940 12. 88.
2941 12. 88.
2942 12. 88.
2943 12. 88.
2944 12. 88.
2945 12. 88.
2946 12. 88.
2947 12. 88.
2948 12. 88.
2949 12. 88.
2950 12. 88.
2951 12. 88.
2952 12. 88.
2953 12. 88.
2954 12. 88.
2955 12. 88.
2956 12. 88.
2957 12. 88.
2958 12. 88.
2959 12. 88.
2960 12. 88.
2961 12. 88.
2962 12. 88.
2963 12. 88.
2964 12. 88.
2965 12. 88.
2966 12. 88.
2967 12. 88.
2968 12. 88.
2969 12. 88.
2970 12. 88.
2971 12. 88.
2972 12. 88.
2973 12. 88.
2974 12. 88.
2975 12. 88.
2976 12. 88.
2977 12. 88.
2978 12. 88.
2979 12. 88.
2980 12. 88.
2981 12. 88.
2982 12. 88.
2983 12. 88.
2984 12. 88.
2985 12. 88.
2986 12. 88.
2987 12. 88.
2988 12. 88.
2989 12. 88.
2990 12. 88.
2991 12. 88.
2992 12. 88.
2993 12. 88.
2994 12. 88.
2995 12. 88.
2996 12. 88.
2997 12. 88.
2998 13. 87.
2999 13. 87.
3000 13. 87.
3001 13. 87.
3002 13. 87.
3003 13. 87.
3004 13. 87.
3005 13. 87.
3006 13. 87.
3007 13. 87.
3008 13. 87.
3009 13. 87.
3010 13. 87.
3011 13. 87.
3012 13. 87.
3013 13. 87.
3014 12. 88.
3015 11. 89.
3016 11. 89.
3017 11. 89.
3018 11. 89.
3019 11. 89.
3020 11. 89.
3021 11. 89.
3022 11. 89.
3023 11. 89.
3024 11. 89.
3025 11. 89.
3026 11. 89.
3027 11. 89.
3028 11. 89.
3029 11. 89.
3030 11. 89.
3031 11. 89.
3032 11. 89.
3033 12. 88.
3034 12. 88.
3035 12. 88.
3036 12. 88.
3037 12. 88.
3038 12. 88.
3039 12. 88.
3040 12. 88.
3041 12. 88.
3042 12. 88.
3043 12. 88.
3044 12. 88.
3045 12. 88.
3046 12. 88.
3047 13. 87.
3048 12. 88.
3049 12. 88.
3050 11. 89.
3051 12. 88.
3052 12. 88.
3053 12. 88.
3054 12. 88.
3055 12. 88.
3056 12. 88.
3057 12. 88.
3058 12. 88.
3059 12. 88.
3060 12. 88.
3061 12. 88.
3062 12. 88.
3063 12. 88.
3064 12. 88.
3065 12. 88.
3066 12. 88.
3067 12. 88.
3068 12. 88.
3069 12. 88.
3070 13. 87.
3071 13. 87.
3072 13. 87.
3073 12. 88.
3074 12. 88.
3075 12. 88.
3076 12. 88.
3077 12. 88.
3078 12. 88.
3079 12. 88.
3080 12. 88.
3081 12. 88.
3082 12. 88.
3083 12. 88.
3084 12. 88.
3085 12. 88.
3086 12. 88.
3087 12. 88.
3088 12. 88.
3089 12. 88.
3090 12. 88.
3091 12. 88.
3092 12. 88.
3093 12. 88.
3094 12. 88.
3095 12. 88.
3096 12. 88.
3097 12. 88.
3098 12. 88.
3099 12. 88.
3100 12. 88.
3101 12. 88.
3102 12. 88.
3103 12. 88.
3104 12. 88.
3105 12. 88.
3106 12. 88.
3107 12. 88.
3108 12. 88.
3109 12. 88.
3110 12. 88.
3111 12. 88.
3112 12. 88.
3113 12. 88.
3114 12. 88.
3115 12. 88.
3116 11. 89.
3117 11. 89.
3118 11. 89.
3119 10. 90.
3120 10. 90.
3121 10. 90.
3122 10. 90.
3123 10. 90.
3124 10. 90.
3125 10. 90.
3126 10. 90.
3127 10. 90.
3128 10. 90.
3129 10. 90.
3130 10. 90.
3131 10. 90.
3132 10. 90.
3133 10. 90.
3134 10. 90.
3135 10. 90.
3136 10. 90.
3137 10. 90.
3138 10. 90.
3139 10. 90.
3140 10. 90.
3141 10. 90.
3142 10. 90.
3143 10. 90.
3144 10. 90.
3145 10. 90.
3146 10. 90.
3147 10. 90.
3148 10. 90.
3149 10. 90.
3150 10. 90.
3151 10. 90.
3152 10. 90.
3153 10. 90.
3154 10. 90.
3155 10. 90.
3156 10. 90.
3157 10. 90.
3158 10. 90.
3159 10. 90.
3160 10. 90.
3161 10. 90.
3162 10. 90.
3163 10. 90.
3164 10. 90.
3165 10. 90.
3166 10. 90.
3167 10. 90.
3168 10. 90.
3169 10. 90.
3170 10. 90.
3171 10. 90.
3172 10. 90.
3173 10. 90.
3174 10. 90.
3175 10. 90.
3176 10. 90.
3177 11. 89.
3178 11. 89.
3179 11. 89.
3180 11. 89.
3181 12. 88.
3182 12. 88.
3183 12. 88.
3184 12. 88.
3185 12. 88.
3186 12. 88.
3187 12. 88.
3188 12. 88.
3189 12. 88.
3190 12. 88.
3191 12. 88.
3192 12. 88.
3193 12. 88.
3194 12. 88.
3195 12. 88.
3196 12. 88.
3197 12. 88.
3198 12. 88.
3199 12. 88.
3200 12. 88.
3201 12. 88.
3202 11. 89.
3203 12. 88.
3204 12. 88.
3205 12. 88.
3206 12. 88.
3207 12. 88.
3208 12. 88.
3209 12. 88.
3210 12. 88.
3211 12. 88.
3212 12. 88.
3213 12. 88.
3214 12. 88.
3215 12. 88.
3216 12. 88.
3217 13. 87.
3218 13. 87.
3219 13. 87.
3220 13. 87.
3221 13. 87.
3222 13. 87.
3223 13. 87.
3224 13. 87.
3225 13. 87.
3226 13. 87.
3227 13. 87.
3228 13. 87.
3229 13. 87.
3230 13. 87.
3231 13. 87.
3232 13. 87.
3233 13. 87.
3234 13. 87.
3235 13. 87.
3236 13. 87.
3237 13. 87.
3238 13. 87.
3239 13. 87.
3240 13. 87.
3241 13. 87.
3242 14. 86.
3243 14. 86.
3244 14. 86.
3245 13. 87.
3246 13. 87.
3247 12. 88.
3248 12. 88.
3249 13. 87.
3250 13. 87.
3251 13. 87.
3252 13. 87.
3253 13. 87.
3254 13. 87.
3255 13. 87.
3256 13. 87.
3257 13. 87.
3258 13. 87.
3259 13. 87.
3260 13. 87.
3261 13. 87.
3262 13. 87.
3263 13. 87.
3264 13. 87.
3265 13. 87.
3266 13. 87.
3267 13. 87.
3268 13. 87.
3269 13. 87.
3270 13. 87.
3271 13. 87.
3272 13. 87.
3273 13. 87.
3274 13. 87.
3275 13. 87.
3276 13. 87.
3277 13. 87.
3278 13. 87.
3279 12. 88.
3280 12. 88.
3281 12. 88.
3282 12. 88.
3283 12. 88.
3284 12. 88.
3285 12. 88.
3286 12. 88.
3287 12. 88.
3288 12. 88.
3289 12. 88.
3290 12. 88.
3291 12. 88.
3292 12. 88.
3293 12. 88.
3294 12. 88.
3295 12. 88.
3296 12. 88.
3297 12. 88.
3298 12. 88.
3299 12. 88.
3300 12. 88.
3301 12. 88.
3302 12. 88.
3303 12. 88.
3304 12. 88.
3305 12. 88.
3306 12. 88.
3307 11. 89.
3308 11. 89.
3309 11. 89.
3310 11. 89.
3311 11. 89.
3312 11. 89.
3313 11. 89.
3314 11. 89.
3315 11. 89.
3316 11. 89.
3317 10. 90.
3318 10. 90.
3319 10. 90.
3320 10. 90.
3321 10. 90.
3322 11. 89.
3323 11. 89.
3324 11. 89.
3325 11. 89.
3326 11. 89.
3327 11. 89.
3328 11. 89.
3329 11. 89.
3330 11. 89.
3331 11. 89.
3332 11. 89.
3333 11. 89.
3334 11. 89.
3335 11. 89.
3336 11. 89.
3337 11. 89.
3338 11. 89.
3339 11. 89.
3340 11. 89.
3341 12. 88.
3342 12. 88.
3343 12. 88.
3344 12. 88.
3345 13. 87.
3346 13. 87.
3347 13. 87.
3348 12. 88.
3349 13. 87.
3350 13. 87.
3351 13. 87.
3352 13. 87.
3353 13. 87.
3354 13. 87.
3355 13. 87.
3356 14. 86.
3357 14. 86.
3358 14. 86.
3359 14. 86.
3360 13. 87.
3361 13. 87.
3362 13. 87.
3363 13. 87.
3364 13. 87.
3365 13. 87.
3366 13. 87.
3367 13. 87.
3368 12. 88.
3369 12. 88.
3370 12. 88.
3371 12. 88.
3372 12. 88.
3373 12. 88.
3374 12. 88.
3375 12. 88.
3376 12. 88.
3377 12. 88.
3378 12. 88.
3379 12. 88.
3380 12. 88.
3381 13. 87.
3382 13. 87.
3383 13. 87.
3384 13. 87.
3385 13. 87.
3386 13. 87.
3387 13. 87.
3388 13. 87.
3389 13. 87.
3390 14. 86.
3391 14. 86.
3392 13. 87.
3393 13. 87.
3394 13. 87.
3395 13. 87.
3396 12. 88.
3397 12. 88.
3398 12. 88.
3399 12. 88.
3400 12. 88.
3401 12. 88.
3402 12. 88.
3403 12. 88.
3404 12. 88.
3405 12. 88.
3406 12. 88.
3407 12. 88.
3408 12. 88.
3409 12. 88.
3410 12. 88.
3411 12. 88.
3412 12. 88.
3413 12. 88.
3414 13. 87.
3415 13. 87.
3416 13. 87.
3417 12. 88.
3418 12. 88.
3419 11. 89.
3420 11. 89.
3421 11. 89.
3422 11. 89.
3423 11. 89.
3424 11. 89.
3425 11. 89.
3426 11. 89.
3427 11. 89.
3428 11. 89.
3429 11. 89.
3430 11. 89.
3431 11. 89.
3432 11. 89.
3433 11. 89.
3434 11. 89.
3435 10. 90.
3436 10. 90.
3437 9. 91.
3438 9. 91.
3439 9. 91.
3440 8. 92.
3441 7. 93.
3442 7. 93.
3443 7. 93.
3444 7. 93.
3445 7. 93.
3446 7. 93.
3447 7. 93.
3448 7. 93.
3449 7. 93.
3450 8. 92.
3451 8. 92.
3452 8. 92.
3453 8. 92.
3454 9. 91.
3455 9. 91.
3456 8. 92.
3457 8. 92.
3458 8. 92.
3459 8. 92.
3460 8. 92.
3461 8. 92.
3462 8. 92.
3463 8. 92.
3464 8. 92.
3465 8. 92.
3466 8. 92.
3467 8. 92.
3468 8. 92.
3469 7. 93.
3470 7. 93.
3471 7. 93.
3472 7. 93.
3473 7. 93.
3474 7. 93.
3475 7. 93.
3476 7. 93.
3477 7. 93.
3478 7. 93.
3479 8. 92.
3480 8. 92.
3481 8. 92.
3482 8. 92.
3483 9. 91.
3484 9. 91.
3485 9. 91.
3486 9. 91.
3487 9. 91.
3488 9. 91.
3489 9. 91.
3490 9. 91.
3491 9. 91.
3492 9. 91.
3493 9. 91.
3494 9. 91.
3495 9. 91.
3496 9. 91.
3497 9. 91.
3498 9. 91.
3499 9. 91.
3500 10. 90.
3501 10. 90.
3502 10. 90.
3503 10. 90.
3504 10. 90.
3505 10. 90.
3506 10. 90.
3507 10. 90.
3508 10. 90.
3509 10. 90.
3510 9. 91.
3511 9. 91.
3512 9. 91.
3513 9. 91.
3514 9. 91.
3515 9. 91.
3516 9. 91.
3517 8. 92.
3518 8. 92.
3519 8. 92.
3520 8. 92.
3521 8. 92.
3522 8. 92.
3523 8. 92.
3524 8. 92.
3525 8. 92.
3526 8. 92.
3527 8. 92.
3528 8. 92.
3529 8. 92.
3530 8. 92.
3531 8. 92.
3532 8. 92.
3533 8. 92.
3534 8. 92.
3535 8. 92.
3536 8. 92.
3537 7. 93.
3538 7. 93.
3539 7. 93.
3540 7. 93.
3541 7. 93.
3542 7. 93.
3543 7. 93.
3544 8. 92.
3545 7. 93.
3546 7. 93.
3547 7. 93.
3548 7. 93.
3549 7. 93.
3550 7. 93.
3551 7. 93.
3552 7. 93.
3553 7. 93.
3554 7. 93.
3555 6. 94.
3556 6. 94.
3557 6. 94.
3558 6. 94.
3559 6. 94.
3560 6. 94.
3561 6. 94.
3562 5. 95.
3563 5. 95.
3564 5. 95.
3565 5. 95.
3566 5. 95.
3567 5. 95.
3568 5. 95.
3569 5. 95.
3570 5. 95.
3571 5. 95.
3572 5. 95.
3573 5. 95.
3574 5. 95.
3575 5. 95.
3576 5. 95.
3577 5. 95.
3578 5. 95.
3579 5. 95.
3580 5. 95.
3581 5. 95.
3582 5. 95.
3583 5. 95.
3584 5. 95.
3585 5. 95.
3586 5. 95.
3587 5. 95.
3588 5. 95.
3589 5. 95.
3590 5. 95.
3591 5. 95.
3592 5. 95.
3593 6. 94.
3594 6. 94.
3595 6. 94.
3596 6. 94.
3597 6. 94.
3598 6. 94.
3599 6. 94.
3600 6. 94.
3601 6. 94.
3602 6. 94.
3603 6. 94.
3604 6. 94.
3605 6. 94.
3606 6. 94.
3607 6. 94.
3608 6. 94.
3609 6. 94.
3610 6. 94.
3611 6. 94.
3612 6. 94.
3613 6. 94.
3614 6. 94.
3615 6. 94.
3616 6. 94.
3617 6. 94.
3618 6. 94.
3619 6. 94.
3620 6. 94.
3621 6. 94.
3622 6. 94.
3623 6. 94.
3624 7. 93.
3625 7. 93.
3626 7. 93.
3627 7. 93.
3628 7. 93.
3629 7. 93.
3630 7. 93.
3631 7. 93.
3632 7. 93.
3633 7. 93.
3634 7. 93.
3635 7. 93.
3636 7. 93.
3637 7. 93.
3638 8. 92.
3639 8. 92.
3640 8. 92.
3641 8. 92.
3642 8. 92.
3643 8. 92.
3644 8. 92.
3645 8. 92.
3646 8. 92.
3647 8. 92.
3648 8. 92.
3649 8. 92.
3650 7. 93.
3651 7. 93.
3652 7. 93.
3653 7. 93.
3654 7. 93.
3655 7. 93.
3656 7. 93.
3657 7. 93.
3658 7. 93.
3659 7. 93.
3660 7. 93.
3661 7. 93.
3662 7. 93.
3663 7. 93.
3664 7. 93.
3665 7. 93.
3666 7. 93.
3667 7. 93.
3668 7. 93.
3669 7. 93.
3670 7. 93.
3671 7. 93.
3672 7. 93.
3673 7. 93.
3674 7. 93.
3675 7. 93.
3676 7. 93.
3677 7. 93.
3678 7. 93.
3679 7. 93.
3680 7. 93.
3681 7. 93.
3682 7. 93.
3683 7. 93.
3684 6. 94.
3685 6. 94.
3686 6. 94.
3687 6. 94.
3688 6. 94.
3689 6. 94.
3690 6. 94.
3691 6. 94.
3692 6. 94.
3693 6. 94.
3694 6. 94.
3695 6. 94.
3696 6. 94.
3697 6. 94.
3698 6. 94.
3699 6. 94.
3700 6. 94.
3701 6. 94.
3702 6. 94.
3703 6. 94.
3704 6. 94.
3705 6. 94.
3706 6. 94.
3707 6. 94.
3708 6. 94.
3709 6. 94.
3710 5. 95.
3711 5. 95.
3712 5. 95.
3713 5. 95.
3714 5. 95.
3715 5. 95.
3716 5. 95.
3717 4. 96.
3718 4. 96.
3719 4. 96.
3720 4. 96.
3721 4. 96.
3722 4. 96.
3723 4. 96.
3724 4. 96.
3725 4. 96.
3726 4. 96.
3727 4. 96.
3728 4. 96.
3729 4. 96.
3730 4. 96.
3731 4. 96.
3732 4. 96.
3733 4. 96.
3734 4. 96.
3735 4. 96.
3736 4. 96.
3737 4. 96.
3738 4. 96.
3739 4. 96.
3740 4. 96.
3741 4. 96.
3742 4. 96.
3743 4. 96.
3744 3. 97.
3745 3. 97.
3746 3. 97.
3747 3. 97.
3748 3. 97.
3749 3. 97.
3750 3. 97.
3751 3. 97.
3752 3. 97.
3753 3. 97.
3754 3. 97.
3755 3. 97.
3756 3. 97.
3757 3. 97.
3758 3. 97.
3759 3. 97.
3760 3. 97.
3761 3. 97.
3762 3. 97.
3763 2. 98.
3764 3. 97.
3765 3. 97.
3766 3. 97.
3767 3. 97.
3768 3. 97.
3769 3. 97.
3770 3. 97.
3771 3. 97.
3772 3. 97.
3773 3. 97.
3774 3. 97.
3775 3. 97.
3776 3. 97.
3777 4. 96.
3778 4. 96.
3779 4. 96.
3780 4. 96.
3781 4. 96.
3782 4. 96.
3783 4. 96.
3784 4. 96.
3785 4. 96.
3786 4. 96.
3787 4. 96.
3788 4. 96.
3789 4. 96.
3790 4. 96.
3791 4. 96.
3792 4. 96.
3793 4. 96.
3794 4. 96.
3795 4. 96.
3796 4. 96.
3797 4. 96.
3798 4. 96.
3799 4. 96.
3800 4. 96.
3801 4. 96.
3802 4. 96.
3803 4. 96.
3804 4. 96.
3805 4. 96.
3806 4. 96.
3807 4. 96.
3808 4. 96.
3809 4. 96.
3810 4. 96.
3811 4. 96.
3812 4. 96.
3813 4. 96.
3814 4. 96.
3815 5. 95.
3816 5. 95.
3817 5. 95.
3818 5. 95.
3819 6. 94.
3820 6. 94.
3821 6. 94.
3822 6. 94.
3823 6. 94.
3824 6. 94.
3825 6. 94.
3826 6. 94.
3827 7. 93.
3828 7. 93.
3829 7. 93.
3830 7. 93.
3831 7. 93.
3832 8. 92.
3833 8. 92.
3834 8. 92.
3835 8. 92.
3836 8. 92.
3837 8. 92.
3838 8. 92.
3839 8. 92.
3840 8. 92.
3841 8. 92.
3842 7. 93.
3843 7. 93.
3844 7. 93.
3845 7. 93.
3846 7. 93.
3847 7. 93.
3848 7. 93.
3849 7. 93.
3850 7. 93.
3851 7. 93.
3852 7. 93.
3853 7. 93.
3854 7. 93.
3855 7. 93.
3856 7. 93.
3857 7. 93.
3858 7. 93.
3859 6. 94.
3860 6. 94.
3861 6. 94.
3862 6. 94.
3863 6. 94.
3864 6. 94.
3865 6. 94.
3866 6. 94.
3867 6. 94.
3868 6. 94.
3869 6. 94.
3870 6. 94.
3871 6. 94.
3872 6. 94.
3873 6. 94.
3874 6. 94.
3875 6. 94.
3876 6. 94.
3877 6. 94.
3878 7. 93.
3879 7. 93.
3880 7. 93.
3881 7. 93.
3882 7. 93.
3883 7. 93.
3884 7. 93.
3885 7. 93.
3886 7. 93.
3887 7. 93.
3888 7. 93.
3889 7. 93.
3890 7. 93.
3891 7. 93.
3892 7. 93.
3893 7. 93.
3894 7. 93.
3895 7. 93.
3896 7. 93.
3897 7. 93.
3898 7. 93.
3899 7. 93.
3900 7. 93.
3901 7. 93.
3902 7. 93.
3903 7. 93.
3904 7. 93.
3905 6. 94.
3906 6. 94.
3907 6. 94.
3908 6. 94.
3909 6. 94.
3910 6. 94.
3911 6. 94.
3912 6. 94.
3913 6. 94.
3914 6. 94.
3915 6. 94.
3916 6. 94.
3917 6. 94.
3918 6. 94.
3919 6. 94.
3920 6. 94.
3921 6. 94.
3922 6. 94.
3923 6. 94.
3924 6. 94.
3925 6. 94.
3926 6. 94.
3927 6. 94.
3928 6. 94.
3929 6. 94.
3930 6. 94.
3931 7. 93.
3932 7. 93.
3933 7. 93.
3934 7. 93.
3935 7. 93.
3936 7. 93.
3937 7. 93.
3938 7. 93.
3939 7. 93.
3940 7. 93.
3941 7. 93.
3942 7. 93.
3943 7. 93.
3944 7. 93.
3945 7. 93.
3946 7. 93.
3947 7. 93.
3948 8. 92.
3949 8. 92.
3950 8. 92.
3951 8. 92.
3952 8. 92.
3953 9. 91.
3954 9. 91.
3955 9. 91.
3956 9. 91.
3957 9. 91.
3958 9. 91.
3959 9. 91.
3960 9. 91.
3961 9. 91.
3962 9. 91.
3963 9. 91.
3964 9. 91.
3965 9. 91.
3966 9. 91.
3967 9. 91.
3968 9. 91.
3969 9. 91.
3970 9. 91.
3971 9. 91.
3972 9. 91.
3973 9. 91.
3974 9. 91.
3975 9. 91.
3976 9. 91.
3977 9. 91.
3978 9. 91.
3979 9. 91.
3980 9. 91.
3981 9. 91.
3982 9. 91.
3983 9. 91.
3984 9. 91.
3985 9. 91.
3986 9. 91.
3987 9. 91.
3988 9. 91.
3989 9. 91.
3990 9. 91.
3991 9. 91.
3992 9. 91.
3993 9. 91.
3994 9. 91.
3995 9. 91.
3996 9. 91.
3997 9. 91.
3998 9. 91.
3999 9. 91.
4000 9. 91.
4001 9. 91.
4002 9. 91.
4003 9. 91.
4004 9. 91.
4005 9. 91.
4006 9. 91.
4007 9. 91.
4008 9. 91.
4009 9. 91.
4010 9. 91.
4011 9. 91.
4012 9. 91.
4013 9. 91.
4014 9. 91.
4015 9. 91.
4016 9. 91.
4017 9. 91.
4018 9. 91.
4019 9. 91.
4020 9. 91.
4021 9. 91.
4022 9. 91.
4023 9. 91.
4024 9. 91.
4025 9. 91.
4026 9. 91.
4027 10. 90.
4028 10. 90.
4029 10. 90.
4030 10. 90.
4031 10. 90.
4032 10. 90.
4033 10. 90.
4034 10. 90.
4035 10. 90.
4036 10. 90.
4037 10. 90.
4038 10. 90.
4039 10. 90.
4040 10. 90.
4041 10. 90.
4042 10. 90.
4043 10. 90.
4044 10. 90.
4045 10. 90.
4046 10. 90.
4047 10. 90.
4048 10. 90.
4049 10. 90.
4050 10. 90.
4051 10. 90.
4052 10. 90.
4053 10. 90.
4054 10. 90.
4055 10. 90.
4056 9. 91.
4057 9. 91.
4058 9. 91.
4059 9. 91.
4060 9. 91.
4061 9. 91.
4062 9. 91.
4063 9. 91.
4064 10. 90.
4065 10. 90.
4066 10. 90.
4067 10. 90.
4068 10. 90.
4069 10. 90.
4070 10. 90.
4071 10. 90.
4072 10. 90.
4073 10. 90.
4074 10. 90.
4075 10. 90.
4076 10. 90.
4077 10. 90.
4078 10. 90.
4079 10. 90.
4080 10. 90.
4081 10. 90.
4082 10. 90.
4083 10. 90.
4084 10. 90.
4085 10. 90.
4086 10. 90.
4087 10. 90.
4088 11. 89.
4089 11. 89.
4090 11. 89.
4091 11. 89.
4092 11. 89.
4093 11. 89.
4094 11. 89.
4095 11. 89.
4096 11. 89.
4097 11. 89.
4098 11. 89.
4099 11. 89.
4100 11. 89.
4101 11. 89.
4102 11. 89.
4103 11. 89.
4104 11. 89.
4105 11. 89.
4106 11. 89.
4107 11. 89.
4108 11. 89.
4109 11. 89.
4110 11. 89.
4111 11. 89.
4112 11. 89.
4113 11. 89.
4114 11. 89.
4115 11. 89.
4116 11. 89.
4117 11. 89.
4118 11. 89.
4119 11. 89.
4120 11. 89.
4121 11. 89.
4122 11. 89.
4123 11. 89.
4124 11. 89.
4125 11. 89.
4126 12. 88.
4127 12. 88.
4128 12. 88.
4129 12. 88.
4130 12. 88.
4131 12. 88.
4132 12. 88.
4133 12. 88.
4134 12. 88.
4135 12. 88.
4136 12. 88.
4137 12. 88.
4138 12. 88.
4139 12. 88.
4140 12. 88.
4141 12. 88.
4142 12. 88.
4143 12. 88.
4144 12. 88.
4145 12. 88.
4146 12. 88.
4147 12. 88.
4148 12. 88.
4149 12. 88.
4150 12. 88.
4151 13. 87.
4152 12. 88.
4153 12. 88.
4154 12. 88.
4155 12. 88.
4156 12. 88.
4157 12. 88.
4158 12. 88.
4159 12. 88.
4160 12. 88.
4161 12. 88.
4162 12. 88.
4163 13. 87.
4164 13. 87.
4165 13. 87.
4166 14. 86.
4167 14. 86.
4168 14. 86.
4169 14. 86.
4170 14. 86.
4171 14. 86.
4172 14. 86.
4173 14. 86.
4174 14. 86.
4175 14. 86.
4176 14. 86.
4177 14. 86.
4178 14. 86.
4179 14. 86.
4180 14. 86.
4181 14. 86.
4182 14. 86.
4183 14. 86.
4184 14. 86.
4185 14. 86.
4186 14. 86.
4187 14. 86.
4188 14. 86.
4189 14. 86.
4190 13. 87.
4191 13. 87.
4192 13. 87.
4193 13. 87.
4194 13. 87.
4195 13. 87.
4196 13. 87.
4197 13. 87.
4198 13. 87.
4199 12. 88.
4200 12. 88.
4201 12. 88.
4202 12. 88.
4203 12. 88.
4204 12. 88.
4205 12. 88.
4206 12. 88.
4207 11. 89.
4208 11. 89.
4209 12. 88.
4210 12. 88.
4211 12. 88.
4212 12. 88.
4213 12. 88.
4214 12. 88.
4215 12. 88.
4216 12. 88.
4217 12. 88.
4218 12. 88.
4219 12. 88.
4220 12. 88.
4221 12. 88.
4222 12. 88.
4223 12. 88.
4224 12. 88.
4225 12. 88.
4226 12. 88.
4227 13. 87.
4228 13. 87.
4229 13. 87.
4230 13. 87.
4231 13. 87.
4232 13. 87.
4233 14. 86.
4234 14. 86.
4235 14. 86.
4236 14. 86.
4237 14. 86.
4238 14. 86.
4239 13. 87.
4240 13. 87.
4241 13. 87.
4242 14. 86.
4243 14. 86.
4244 14. 86.
4245 14. 86.
4246 14. 86.
4247 14. 86.
4248 14. 86.
4249 14. 86.
4250 14. 86.
4251 14. 86.
4252 14. 86.
4253 14. 86.
4254 14. 86.
4255 13. 87.
4256 13. 87.
4257 13. 87.
4258 13. 87.
4259 13. 87.
4260 13. 87.
4261 13. 87.
4262 13. 87.
4263 13. 87.
4264 13. 87.
4265 12. 88.
4266 13. 87.
4267 13. 87.
4268 13. 87.
4269 13. 87.
4270 13. 87.
4271 13. 87.
4272 13. 87.
4273 13. 87.
4274 13. 87.
4275 13. 87.
4276 13. 87.
4277 13. 87.
4278 12. 88.
4279 12. 88.
4280 12. 88.
4281 12. 88.
4282 12. 88.
4283 11. 89.
4284 10. 90.
4285 10. 90.
4286 10. 90.
4287 10. 90.
4288 10. 90.
4289 10. 90.
4290 10. 90.
4291 11. 89.
4292 11. 89.
4293 11. 89.
4294 11. 89.
4295 11. 89.
4296 11. 89.
4297 11. 89.
4298 11. 89.
4299 11. 89.
4300 10. 90.
4301 11. 89.
4302 11. 89.
4303 11. 89.
4304 11. 89.
4305 11. 89.
4306 11. 89.
4307 11. 89.
4308 11. 89.
4309 11. 89.
4310 11. 89.
4311 11. 89.
4312 11. 89.
4313 12. 88.
4314 12. 88.
4315 12. 88.
4316 12. 88.
4317 12. 88.
4318 12. 88.
4319 12. 88.
4320 12. 88.
4321 12. 88.
4322 12. 88.
4323 12. 88.
4324 12. 88.
4325 13. 87.
4326 13. 87.
4327 13. 87.
4328 13. 87.
4329 13. 87.
4330 13. 87.
4331 13. 87.
4332 13. 87.
4333 13. 87.
4334 13. 87.
4335 13. 87.
4336 13. 87.
4337 13. 87.
4338 13. 87.
4339 13. 87.
4340 13. 87.
4341 13. 87.
4342 13. 87.
4343 13. 87.
4344 13. 87.
4345 13. 87.
4346 13. 87.
4347 13. 87.
4348 13. 87.
4349 13. 87.
4350 13. 87.
4351 13. 87.
4352 12. 88.
4353 12. 88.
4354 12. 88.
4355 12. 88.
4356 13. 87.
4357 13. 87.
4358 13. 87.
4359 13. 87.
4360 13. 87.
4361 13. 87.
4362 13. 87.
4363 13. 87.
4364 13. 87.
4365 13. 87.
4366 13. 87.
4367 13. 87.
4368 13. 87.
4369 13. 87.
4370 13. 87.
4371 13. 87.
4372 14. 86.
4373 14. 86.
4374 14. 86.
4375 14. 86.
4376 14. 86.
4377 14. 86.
4378 14. 86.
4379 14. 86.
4380 14. 86.
4381 14. 86.
4382 14. 86.
4383 14. 86.
4384 14. 86.
4385 14. 86.
4386 14. 86.
4387 14. 86.
4388 14. 86.
4389 14. 86.
4390 14. 86.
4391 14. 86.
4392 14. 86.
4393 14. 86.
4394 14. 86.
4395 14. 86.
4396 14. 86.
4397 14. 86.
4398 14. 86.
4399 14. 86.
4400 14. 86.
4401 14. 86.
4402 14. 86.
4403 14. 86.
4404 14. 86.
4405 14. 86.
4406 14. 86.
4407 14. 86.
4408 14. 86.
4409 14. 86.
4410 14. 86.
4411 14. 86.
4412 14. 86.
4413 14. 86.
4414 14. 86.
4415 14. 86.
4416 14. 86.
4417 14. 86.
4418 14. 86.
4419 14. 86.
4420 14. 86.
4421 14. 86.
4422 15. 85.
4423 15. 85.
4424 15. 85.
4425 15. 85.
4426 15. 85.
4427 16. 84.
4428 15. 85.
4429 15. 85.
4430 15. 85.
4431 14. 86.
4432 14. 86.
4433 14. 86.
4434 14. 86.
4435 14. 86.
4436 14. 86.
4437 14. 86.
4438 13. 87.
4439 13. 87.
4440 13. 87.
4441 13. 87.
4442 13. 87.
4443 13. 87.
4444 13. 87.
4445 13. 87.
4446 13. 87.
4447 13. 87.
4448 13. 87.
4449 13. 87.
4450 13. 87.
4451 13. 87.
4452 13. 87.
4453 13. 87.
4454 12. 88.
4455 12. 88.
4456 12. 88.
4457 12. 88.
4458 12. 88.
4459 12. 88.
4460 12. 88.
4461 12. 88.
4462 12. 88.
4463 12. 88.
4464 12. 88.
4465 12. 88.
4466 11. 89.
4467 11. 89.
4468 11. 89.
4469 12. 88.
4470 12. 88.
4471 12. 88.
4472 12. 88.
4473 12. 88.
4474 11. 89.
4475 11. 89.
4476 12. 88.
4477 12. 88.
4478 12. 88.
4479 11. 89.
4480 11. 89.
4481 11. 89.
4482 11. 89.
4483 11. 89.
4484 11. 89.
4485 11. 89.
4486 11. 89.
4487 11. 89.
4488 11. 89.
4489 10. 90.
4490 10. 90.
4491 9. 91.
4492 9. 91.
4493 9. 91.
4494 9. 91.
4495 9. 91.
4496 9. 91.
4497 9. 91.
4498 9. 91.
4499 9. 91.
4500 9. 91.
4501 9. 91.
4502 9. 91.
4503 9. 91.
4504 9. 91.
4505 9. 91.
4506 9. 91.
4507 9. 91.
4508 8. 92.
4509 8. 92.
4510 8. 92.
4511 8. 92.
4512 8. 92.
4513 8. 92.
4514 8. 92.
4515 8. 92.
4516 8. 92.
4517 8. 92.
4518 8. 92.
4519 8. 92.
4520 8. 92.
4521 9. 91.
4522 9. 91.
4523 9. 91.
4524 9. 91.
4525 9. 91.
4526 9. 91.
4527 9. 91.
4528 9. 91.
4529 9. 91.
4530 9. 91.
4531 9. 91.
4532 9. 91.
4533 9. 91.
4534 9. 91.
4535 9. 91.
4536 9. 91.
4537 9. 91.
4538 9. 91.
4539 9. 91.
4540 9. 91.
4541 9. 91.
4542 10. 90.
4543 10. 90.
4544 10. 90.
4545 10. 90.
4546 10. 90.
4547 10. 90.
4548 10. 90.
4549 10. 90.
4550 10. 90.
4551 10. 90.
4552 10. 90.
4553 10. 90.
4554 11. 89.
4555 11. 89.
4556 11. 89.
4557 11. 89.
4558 11. 89.
4559 11. 89.
4560 11. 89.
4561 11. 89.
4562 11. 89.
4563 11. 89.
4564 11. 89.
4565 11. 89.
4566 11. 89.
4567 11. 89.
4568 11. 89.
4569 11. 89.
4570 11. 89.
4571 12. 88.
4572 12. 88.
4573 12. 88.
4574 12. 88.
4575 12. 88.
4576 12. 88.
4577 12. 88.
4578 12. 88.
4579 12. 88.
4580 12. 88.
4581 12. 88.
4582 12. 88.
4583 12. 88.
4584 11. 89.
4585 11. 89.
4586 11. 89.
4587 11. 89.
4588 11. 89.
4589 11. 89.
4590 11. 89.
4591 11. 89.
4592 11. 89.
4593 11. 89.
4594 11. 89.
4595 11. 89.
4596 11. 89.
4597 11. 89.
4598 11. 89.
4599 11. 89.
4600 11. 89.
4601 11. 89.
4602 11. 89.
4603 11. 89.
4604 11. 89.
4605 11. 89.
4606 11. 89.
4607 11. 89.
4608 11. 89.
4609 11. 89.
4610 11. 89.
4611 11. 89.
4612 12. 88.
4613 12. 88.
4614 12. 88.
4615 12. 88.
4616 12. 88.
4617 13. 87.
4618 13. 87.
4619 13. 87.
4620 13. 87.
4621 13. 87.
4622 13. 87.
4623 13. 87.
4624 13. 87.
4625 13. 87.
4626 13. 87.
4627 13. 87.
4628 13. 87.
4629 13. 87.
4630 13. 87.
4631 13. 87.
4632 13. 87.
4633 13. 87.
4634 13. 87.
4635 13. 87.
4636 13. 87.
4637 13. 87.
4638 13. 87.
4639 13. 87.
4640 13. 87.
4641 13. 87.
4642 12. 88.
4643 12. 88.
4644 12. 88.
4645 12. 88.
4646 12. 88.
4647 12. 88.
4648 12. 88.
4649 12. 88.
4650 12. 88.
4651 12. 88.
4652 13. 87.
4653 13. 87.
4654 13. 87.
4655 13. 87.
4656 13. 87.
4657 13. 87.
4658 13. 87.
4659 13. 87.
4660 13. 87.
4661 13. 87.
4662 13. 87.
4663 13. 87.
4664 13. 87.
4665 13. 87.
4666 13. 87.
4667 13. 87.
4668 13. 87.
4669 13. 87.
4670 13. 87.
4671 13. 87.
4672 14. 86.
4673 14. 86.
4674 14. 86.
4675 14. 86.
4676 14. 86.
4677 14. 86.
4678 14. 86.
4679 14. 86.
4680 14. 86.
4681 14. 86.
4682 14. 86.
4683 14. 86.
4684 14. 86.
4685 14. 86.
4686 14. 86.
4687 14. 86.
4688 14. 86.
4689 14. 86.
4690 14. 86.
4691 14. 86.
4692 14. 86.
4693 14. 86.
4694 14. 86.
4695 14. 86.
4696 14. 86.
4697 14. 86.
4698 14. 86.
4699 14. 86.
4700 14. 86.
4701 14. 86.
4702 14. 86.
4703 14. 86.
4704 14. 86.
4705 14. 86.
4706 13. 87.
4707 13. 87.
4708 13. 87.
4709 13. 87.
4710 13. 87.
4711 13. 87.
4712 13. 87.
4713 13. 87.
4714 14. 86.
4715 14. 86.
4716 14. 86.
4717 14. 86.
4718 14. 86.
4719 14. 86.
4720 14. 86.
4721 14. 86.
4722 14. 86.
4723 14. 86.
4724 14. 86.
4725 14. 86.
4726 14. 86.
4727 14. 86.
4728 14. 86.
4729 14. 86.
4730 14. 86.
4731 15. 85.
4732 15. 85.
4733 15. 85.
4734 15. 85.
4735 15. 85.
4736 15. 85.
4737 15. 85.
4738 15. 85.
4739 15. 85.
4740 15. 85.
4741 15. 85.
4742 15. 85.
4743 15. 85.
4744 15. 85.
4745 15. 85.
4746 15. 85.
4747 15. 85.
4748 15. 85.
4749 15. 85.
4750 15. 85.
4751 15. 85.
4752 14. 86.
4753 14. 86.
4754 14. 86.
4755 14. 86.
4756 14. 86.
4757 14. 86.
4758 14. 86.
4759 14. 86.
4760 14. 86.
4761 14. 86.
4762 14. 86.
4763 14. 86.
4764 14. 86.
4765 14. 86.
4766 14. 86.
4767 14. 86.
4768 14. 86.
4769 14. 86.
4770 14. 86.
4771 14. 86.
4772 14. 86.
4773 14. 86.
4774 14. 86.
4775 14. 86.
4776 14. 86.
4777 14. 86.
4778 14. 86.
4779 14. 86.
4780 15. 85.
4781 15. 85.
4782 15. 85.
4783 15. 85.
4784 15. 85.
4785 15. 85.
4786 16. 84.
4787 16. 84.
4788 16. 84.
4789 16. 84.
4790 16. 84.
4791 16. 84.
4792 16. 84.
4793 16. 84.
4794 16. 84.
4795 16. 84.
4796 16. 84.
4797 17. 83.
4798 17. 83.
4799 17. 83.
4800 17. 83.
4801 17. 83.
4802 17. 83.
4803 16. 84.
4804 16. 84.
4805 15. 85.
4806 15. 85.
4807 15. 85.
4808 15. 85.
4809 15. 85.
4810 15. 85.
4811 15. 85.
4812 15. 85.
4813 15. 85.
4814 15. 85.
4815 15. 85.
4816 15. 85.
4817 15. 85.
4818 15. 85.
4819 15. 85.
4820 15. 85.
4821 15. 85.
4822 15. 85.
4823 15. 85.
4824 15. 85.
4825 15. 85.
4826 15. 85.
4827 15. 85.
4828 15. 85.
4829 15. 85.
4830 15. 85.
4831 14. 86.
4832 14. 86.
4833 13. 87.
4834 13. 87.
4835 13. 87.
4836 13. 87.
4837 13. 87.
4838 13. 87.
4839 13. 87.
4840 13. 87.
4841 13. 87.
4842 12. 88.
4843 12. 88.
4844 12. 88.
4845 12. 88.
4846 12. 88.
4847 12. 88.
4848 12. 88.
4849 12. 88.
4850 12. 88.
4851 12. 88.
4852 12. 88.
4853 12. 88.
4854 12. 88.
4855 12. 88.
4856 11. 89.
4857 11. 89.
4858 11. 89.
4859 10. 90.
4860 10. 90.
4861 10. 90.
4862 10. 90.
4863 10. 90.
4864 10. 90.
4865 10. 90.
4866 10. 90.
4867 10. 90.
4868 10. 90.
4869 10. 90.
4870 10. 90.
4871 10. 90.
4872 10. 90.
4873 10. 90.
4874 10. 90.
4875 10. 90.
4876 10. 90.
4877 10. 90.
4878 10. 90.
4879 10. 90.
4880 10. 90.
4881 10. 90.
4882 10. 90.
4883 10. 90.
4884 11. 89.
4885 11. 89.
4886 11. 89.
4887 11. 89.
4888 11. 89.
4889 11. 89.
4890 11. 89.
4891 11. 89.
4892 11. 89.
4893 11. 89.
4894 11. 89.
4895 12. 88.
4896 12. 88.
4897 12. 88.
4898 12. 88.
4899 12. 88.
4900 12. 88.
4901 12. 88.
4902 12. 88.
4903 12. 88.
4904 12. 88.
4905 12. 88.
4906 12. 88.
4907 12. 88.
4908 12. 88.
4909 12. 88.
4910 12. 88.
4911 12. 88.
4912 12. 88.
4913 12. 88.
4914 12. 88.
4915 12. 88.
4916 12. 88.
4917 12. 88.
4918 12. 88.
4919 11. 89.
4920 11. 89.
4921 11. 89.
4922 11. 89.
4923 11. 89.
4924 11. 89.
4925 11. 89.
4926 11. 89.
4927 11. 89.
4928 11. 89.
4929 11. 89.
4930 11. 89.
4931 10. 90.
4932 10. 90.
4933 10. 90.
4934 10. 90.
4935 10. 90.
4936 10. 90.
4937 10. 90.
4938 10. 90.
4939 9. 91.
4940 9. 91.
4941 9. 91.
4942 9. 91.
4943 9. 91.
4944 9. 91.
4945 8. 92.
4946 8. 92.
4947 8. 92.
4948 8. 92.
4949 8. 92.
4950 8. 92.
4951 8. 92.
4952 8. 92.
4953 8. 92.
4954 8. 92.
4955 8. 92.
4956 8. 92.
4957 8. 92.
4958 8. 92.
4959 8. 92.
4960 7. 93.
4961 8. 92.
4962 8. 92.
4963 8. 92.
4964 8. 92.
4965 8. 92.
4966 8. 92.
4967 8. 92.
4968 8. 92.
4969 8. 92.
4970 8. 92.
4971 8. 92.
4972 8. 92.
4973 7. 93.
4974 7. 93.
4975 7. 93.
4976 7. 93.
4977 7. 93.
4978 7. 93.
4979 8. 92.
4980 8. 92.
4981 8. 92.
4982 8. 92.
4983 8. 92.
4984 8. 92.
4985 8. 92.
4986 8. 92.
4987 8. 92.
4988 8. 92.
4989 8. 92.
4990 8. 92.
4991 8. 92.
4992 8. 92.
4993 8. 92.
4994 8. 92.
4995 8. 92.
4996 8. 92.
4997 8. 92.
4998 8. 92.
4999 8. 92.
5000 8. 92.
5001 8. 92.
5002 8. 92.
5003 8. 92.
5004 8. 92.
5005 8. 92.
5006 8. 92.
5007 8. 92.
5008 8. 92.
5009 8. 92.
5010 8. 92.
5011 8. 92.
5012 8. 92.
5013 8. 92.
5014 8. 92.
5015 8. 92.
5016 8. 92.
5017 7. 93.
5018 7. 93.
5019 7. 93.
5020 7. 93.
5021 7. 93.
5022 7. 93.
5023 7. 93.
5024 7. 93.
5025 7. 93.
5026 7. 93.
5027 7. 93.
5028 7. 93.
5029 7. 93.
5030 7. 93.
5031 7. 93.
5032 7. 93.
5033 7. 93.
5034 7. 93.
5035 7. 93.
5036 7. 93.
5037 7. 93.
5038 7. 93.
5039 7. 93.
5040 7. 93.
5041 7. 93.
5042 7. 93.
5043 7. 93.
5044 7. 93.
5045 7. 93.
5046 7. 93.
5047 7. 93.
5048 7. 93.
5049 7. 93.
5050 7. 93.
5051 7. 93.
5052 7. 93.
5053 7. 93.
5054 7. 93.
5055 6. 94.
5056 6. 94.
5057 6. 94.
5058 6. 94.
5059 5. 95.
5060 5. 95.
5061 5. 95.
5062 5. 95.
5063 6. 94.
5064 6. 94.
5065 6. 94.
5066 6. 94.
5067 6. 94.
5068 6. 94.
5069 6. 94.
5070 6. 94.
5071 6. 94.
5072 6. 94.
5073 6. 94.
5074 6. 94.
5075 7. 93.
5076 7. 93.
5077 8. 92.
5078 8. 92.
5079 8. 92.
5080 9. 91.
5081 9. 91.
5082 8. 92.
5083 8. 92.
5084 8. 92.
5085 8. 92.
5086 8. 92.
5087 8. 92.
5088 8. 92.
5089 8. 92.
5090 8. 92.
5091 8. 92.
5092 8. 92.
5093 8. 92.
5094 8. 92.
5095 8. 92.
5096 7. 93.
5097 7. 93.
5098 7. 93.
5099 7. 93.
5100 7. 93.
5101 7. 93.
5102 7. 93.
5103 7. 93.
5104 7. 93.
5105 7. 93.
5106 7. 93.
5107 7. 93.
5108 7. 93.
5109 7. 93.
5110 7. 93.
5111 7. 93.
5112 7. 93.
5113 7. 93.
5114 7. 93.
5115 7. 93.
5116 7. 93.
5117 7. 93.
5118 7. 93.
5119 7. 93.
5120 7. 93.
5121 7. 93.
5122 7. 93.
5123 7. 93.
5124 7. 93.
5125 7. 93.
5126 7. 93.
5127 7. 93.
5128 7. 93.
5129 7. 93.
5130 7. 93.
5131 7. 93.
5132 7. 93.
5133 7. 93.
5134 7. 93.
5135 7. 93.
5136 7. 93.
5137 7. 93.
5138 7. 93.
5139 7. 93.
5140 7. 93.
5141 7. 93.
5142 7. 93.
5143 7. 93.
5144 8. 92.
5145 8. 92.
5146 8. 92.
5147 8. 92.
5148 7. 93.
5149 7. 93.
5150 7. 93.
5151 7. 93.
5152 7. 93.
5153 7. 93.
5154 7. 93.
5155 7. 93.
5156 7. 93.
5157 7. 93.
5158 7. 93.
5159 7. 93.
5160 7. 93.
5161 7. 93.
5162 7. 93.
5163 7. 93.
5164 7. 93.
5165 7. 93.
5166 7. 93.
5167 7. 93.
5168 7. 93.
5169 7. 93.
5170 7. 93.
5171 7. 93.
5172 7. 93.
5173 7. 93.
5174 7. 93.
5175 7. 93.
5176 6. 94.
5177 6. 94.
5178 6. 94.
5179 5. 95.
5180 5. 95.
5181 5. 95.
5182 5. 95.
5183 5. 95.
5184 5. 95.
5185 5. 95.
5186 5. 95.
5187 5. 95.
5188 5. 95.
5189 5. 95.
5190 5. 95.
5191 5. 95.
5192 5. 95.
5193 5. 95.
5194 5. 95.
5195 5. 95.
5196 5. 95.
5197 5. 95.
5198 5. 95.
5199 5. 95.
5200 5. 95.
5201 5. 95.
5202 5. 95.
5203 5. 95.
5204 5. 95.
5205 6. 94.
5206 6. 94.
5207 6. 94.
5208 6. 94.
5209 6. 94.
5210 6. 94.
5211 6. 94.
5212 6. 94.
5213 6. 94.
5214 6. 94.
5215 6. 94.
5216 6. 94.
5217 6. 94.
5218 6. 94.
5219 6. 94.
5220 6. 94.
5221 6. 94.
5222 6. 94.
5223 6. 94.
5224 5. 95.
5225 5. 95.
5226 5. 95.
5227 5. 95.
5228 5. 95.
5229 5. 95.
5230 5. 95.
5231 5. 95.
5232 5. 95.
5233 5. 95.
5234 5. 95.
5235 5. 95.
5236 5. 95.
5237 5. 95.
5238 5. 95.
5239 5. 95.
5240 5. 95.
5241 5. 95.
5242 5. 95.
5243 5. 95.
5244 5. 95.
5245 5. 95.
5246 5. 95.
5247 5. 95.
5248 5. 95.
5249 5. 95.
5250 5. 95.
5251 5. 95.
5252 5. 95.
5253 5. 95.
5254 5. 95.
5255 5. 95.
5256 6. 94.
5257 6. 94.
5258 6. 94.
5259 7. 93.
5260 7. 93.
5261 7. 93.
5262 7. 93.
5263 7. 93.
5264 7. 93.
5265 7. 93.
5266 7. 93.
5267 7. 93.
5268 7. 93.
5269 7. 93.
5270 7. 93.
5271 7. 93.
5272 7. 93.
5273 8. 92.
5274 8. 92.
5275 8. 92.
5276 7. 93.
5277 7. 93.
5278 7. 93.
5279 6. 94.
5280 6. 94.
5281 6. 94.
5282 6. 94.
5283 6. 94.
5284 6. 94.
5285 6. 94.
5286 6. 94.
5287 6. 94.
5288 6. 94.
5289 6. 94.
5290 6. 94.
5291 6. 94.
5292 6. 94.
5293 5. 95.
5294 5. 95.
5295 5. 95.
5296 5. 95.
5297 5. 95.
5298 5. 95.
5299 5. 95.
5300 5. 95.
5301 5. 95.
5302 5. 95.
5303 5. 95.
5304 5. 95.
5305 5. 95.
5306 5. 95.
5307 5. 95.
5308 5. 95.
5309 5. 95.
5310 5. 95.
5311 5. 95.
5312 5. 95.
5313 5. 95.
5314 5. 95.
5315 5. 95.
5316 5. 95.
5317 5. 95.
5318 5. 95.
5319 5. 95.
5320 5. 95.
5321 5. 95.
5322 5. 95.
5323 5. 95.
5324 5. 95.
5325 5. 95.
5326 5. 95.
5327 5. 95.
5328 5. 95.
5329 5. 95.
5330 5. 95.
5331 5. 95.
5332 5. 95.
5333 4. 96.
5334 4. 96.
5335 4. 96.
5336 4. 96.
5337 4. 96.
5338 4. 96.
5339 4. 96.
5340 4. 96.
5341 4. 96.
5342 4. 96.
5343 4. 96.
5344 4. 96.
5345 4. 96.
5346 4. 96.
5347 4. 96.
5348 4. 96.
5349 4. 96.
5350 4. 96.
5351 4. 96.
5352 5. 95.
5353 5. 95.
5354 5. 95.
5355 5. 95.
5356 5. 95.
5357 5. 95.
5358 5. 95.
5359 6. 94.
5360 6. 94.
5361 6. 94.
5362 6. 94.
5363 6. 94.
5364 6. 94.
5365 6. 94.
5366 5. 95.
5367 5. 95.
5368 5. 95.
5369 5. 95.
5370 4. 96.
5371 4. 96.
5372 4. 96.
5373 4. 96.
5374 4. 96.
5375 4. 96.
5376 4. 96.
5377 4. 96.
5378 4. 96.
5379 4. 96.
5380 4. 96.
5381 4. 96.
5382 4. 96.
5383 4. 96.
5384 4. 96.
5385 4. 96.
5386 4. 96.
5387 4. 96.
5388 4. 96.
5389 4. 96.
5390 4. 96.
5391 4. 96.
5392 4. 96.
5393 4. 96.
5394 4. 96.
5395 4. 96.
5396 4. 96.
5397 4. 96.
5398 4. 96.
5399 4. 96.
5400 4. 96.
5401 4. 96.
5402 4. 96.
5403 3. 97.
5404 3. 97.
5405 3. 97.
5406 3. 97.
5407 3. 97.
5408 3. 97.
5409 3. 97.
5410 3. 97.
5411 3. 97.
5412 3. 97.
5413 3. 97.
5414 3. 97.
5415 3. 97.
5416 3. 97.
5417 3. 97.
5418 3. 97.
5419 3. 97.
5420 3. 97.
5421 3. 97.
5422 4. 96.
5423 4. 96.
5424 4. 96.
5425 4. 96.
5426 4. 96.
5427 4. 96.
5428 4. 96.
5429 4. 96.
5430 4. 96.
5431 4. 96.
5432 4. 96.
5433 4. 96.
5434 4. 96.
5435 4. 96.
5436 4. 96.
5437 4. 96.
5438 4. 96.
5439 4. 96.
5440 4. 96.
5441 4. 96.
5442 4. 96.
5443 4. 96.
5444 5. 95.
5445 5. 95.
5446 5. 95.
5447 5. 95.
5448 5. 95.
5449 5. 95.
5450 5. 95.
5451 5. 95.
5452 5. 95.
5453 5. 95.
5454 5. 95.
5455 5. 95.
5456 5. 95.
5457 5. 95.
5458 5. 95.
5459 5. 95.
5460 5. 95.
5461 5. 95.
5462 5. 95.
5463 5. 95.
5464 4. 96.
5465 4. 96.
5466 4. 96.
5467 4. 96.
5468 4. 96.
5469 5. 95.
5470 5. 95.
5471 5. 95.
5472 5. 95.
5473 5. 95.
5474 5. 95.
5475 5. 95.
5476 5. 95.
5477 5. 95.
5478 5. 95.
5479 5. 95.
5480 5. 95.
5481 5. 95.
5482 5. 95.
5483 5. 95.
5484 5. 95.
5485 5. 95.
5486 5. 95.
5487 5. 95.
5488 5. 95.
5489 5. 95.
5490 5. 95.
5491 5. 95.
5492 5. 95.
5493 5. 95.
5494 5. 95.
5495 5. 95.
5496 5. 95.
5497 5. 95.
5498 5. 95.
5499 5. 95.
5500 5. 95.
5501 5. 95.
5502 5. 95.
5503 5. 95.
5504 5. 95.
5505 5. 95.
5506 5. 95.
5507 5. 95.
5508 5. 95.
5509 5. 95.
5510 5. 95.
5511 5. 95.
5512 5. 95.
5513 5. 95.
5514 5. 95.
5515 5. 95.
5516 5. 95.
5517 5. 95.
5518 5. 95.
5519 5. 95.
5520 5. 95.
5521 5. 95.
5522 5. 95.
5523 5. 95.
5524 5. 95.
5525 5. 95.
5526 5. 95.
5527 5. 95.
5528 5. 95.
5529 5. 95.
5530 5. 95.
5531 5. 95.
5532 5. 95.
5533 5. 95.
5534 5. 95.
5535 5. 95.
5536 5. 95.
5537 5. 95.
5538 5. 95.
5539 5. 95.
5540 5. 95.
5541 5. 95.
5542 5. 95.
5543 5. 95.
5544 5. 95.
5545 5. 95.
5546 5. 95.
5547 5. 95.
5548 5. 95.
5549 5. 95.
5550 5. 95.
5551 5. 95.
5552 5. 95.
5553 5. 95.
5554 5. 95.
5555 5. 95.
5556 5. 95.
5557 5. 95.
5558 5. 95.
5559 5. 95.
5560 5. 95.
5561 5. 95.
5562 5. 95.
5563 5. 95.
5564 5. 95.
5565 5. 95.
5566 5. 95.
5567 5. 95.
5568 5. 95.
5569 5. 95.
5570 5. 95.
5571 5. 95.
5572 5. 95.
5573 5. 95.
5574 5. 95.
5575 5. 95.
5576 5. 95.
5577 5. 95.
5578 5. 95.
5579 5. 95.
5580 5. 95.
5581 5. 95.
5582 5. 95.
5583 5. 95.
5584 5. 95.
5585 5. 95.
5586 5. 95.
5587 5. 95.
5588 5. 95.
5589 5. 95.
5590 5. 95.
5591 5. 95.
5592 5. 95.
5593 5. 95.
5594 5. 95.
5595 5. 95.
5596 5. 95.
5597 5. 95.
5598 5. 95.
5599 5. 95.
5600 5. 95.
5601 5. 95.
5602 5. 95.
5603 5. 95.
5604 5. 95.
5605 5. 95.
5606 5. 95.
5607 5. 95.
5608 5. 95.
5609 5. 95.
5610 5. 95.
5611 5. 95.
5612 5. 95.
5613 5. 95.
5614 5. 95.
5615 5. 95.
5616 5. 95.
5617 5. 95.
5618 5. 95.
5619 5. 95.
5620 5. 95.
5621 5. 95.
5622 5. 95.
5623 5. 95.
5624 5. 95.
5625 5. 95.
5626 5. 95.
5627 5. 95.
5628 5. 95.
5629 5. 95.
5630 5. 95.
5631 5. 95.
5632 5. 95.
5633 5. 95.
5634 5. 95.
5635 5. 95.
5636 5. 95.
5637 5. 95.
5638 5. 95.
5639 6. 94.
5640 6. 94.
5641 6. 94.
5642 6. 94.
5643 6. 94.
5644 5. 95.
5645 5. 95.
5646 5. 95.
5647 5. 95.
5648 5. 95.
5649 5. 95.
5650 5. 95.
5651 5. 95.
5652 5. 95.
5653 5. 95.
5654 5. 95.
5655 4. 96.
5656 4. 96.
5657 4. 96.
5658 4. 96.
5659 4. 96.
5660 4. 96.
5661 4. 96.
5662 4. 96.
5663 4. 96.
5664 4. 96.
5665 4. 96.
5666 4. 96.
5667 4. 96.
5668 4. 96.
5669 4. 96.
5670 4. 96.
5671 4. 96.
5672 4. 96.
5673 4. 96.
5674 4. 96.
5675 4. 96.
5676 4. 96.
5677 4. 96.
5678 4. 96.
5679 5. 95.
5680 5. 95.
5681 5. 95.
5682 5. 95.
5683 5. 95.
5684 5. 95.
5685 5. 95.
5686 4. 96.
5687 4. 96.
5688 4. 96.
5689 4. 96.
5690 4. 96.
5691 4. 96.
5692 5. 95.
5693 4. 96.
5694 4. 96.
5695 4. 96.
5696 4. 96.
5697 4. 96.
5698 4. 96.
5699 4. 96.
5700 4. 96.
5701 4. 96.
5702 4. 96.
5703 4. 96.
5704 4. 96.
5705 4. 96.
5706 4. 96.
5707 4. 96.
5708 4. 96.
5709 4. 96.
5710 4. 96.
5711 4. 96.
5712 4. 96.
5713 4. 96.
5714 4. 96.
5715 4. 96.
5716 4. 96.
5717 4. 96.
5718 4. 96.
5719 4. 96.
5720 4. 96.
5721 4. 96.
5722 4. 96.
5723 4. 96.
5724 4. 96.
5725 4. 96.
5726 4. 96.
5727 4. 96.
5728 4. 96.
5729 4. 96.
5730 4. 96.
5731 4. 96.
5732 4. 96.
5733 4. 96.
5734 4. 96.
5735 4. 96.
5736 4. 96.
5737 4. 96.
5738 4. 96.
5739 4. 96.
5740 4. 96.
5741 4. 96.
5742 4. 96.
5743 4. 96.
5744 5. 95.
5745 5. 95.
5746 5. 95.
5747 5. 95.
5748 5. 95.
5749 5. 95.
5750 5. 95.
5751 5. 95.
5752 5. 95.
5753 5. 95.
5754 5. 95.
5755 5. 95.
5756 5. 95.
5757 5. 95.
5758 5. 95.
5759 5. 95.
5760 5. 95.
5761 5. 95.
5762 5. 95.
5763 5. 95.
5764 5. 95.
5765 5. 95.
5766 5. 95.
5767 5. 95.
5768 5. 95.
5769 5. 95.
5770 5. 95.
5771 5. 95.
5772 5. 95.
5773 5. 95.
5774 5. 95.
5775 5. 95.
5776 5. 95.
5777 5. 95.
5778 5. 95.
5779 5. 95.
5780 5. 95.
5781 5. 95.
5782 5. 95.
5783 5. 95.
5784 5. 95.
5785 5. 95.
5786 5. 95.
5787 5. 95.
5788 5. 95.
5789 5. 95.
5790 5. 95.
5791 5. 95.
5792 5. 95.
5793 5. 95.
5794 5. 95.
5795 5. 95.
5796 5. 95.
5797 5. 95.
5798 5. 95.
5799 5. 95.
5800 5. 95.
5801 5. 95.
5802 5. 95.
5803 5. 95.
5804 5. 95.
5805 5. 95.
5806 5. 95.
5807 5. 95.
5808 5. 95.
5809 5. 95.
5810 5. 95.
5811 5. 95.
5812 5. 95.
5813 5. 95.
5814 5. 95.
5815 5. 95.
5816 5. 95.
5817 5. 95.
5818 5. 95.
5819 5. 95.
5820 5. 95.
5821 5. 95.
5822 5. 95.
5823 5. 95.
5824 5. 95.
5825 5. 95.
5826 5. 95.
5827 5. 95.
5828 5. 95.
5829 5. 95.
5830 5. 95.
5831 5. 95.
5832 5. 95.
5833 5. 95.
5834 5. 95.
5835 5. 95.
5836 5. 95.
5837 5. 95.
5838 5. 95.
5839 5. 95.
5840 5. 95.
5841 5. 95.
5842 5. 95.
5843 5. 95.
5844 5. 95.
5845 5. 95.
5846 5. 95.
5847 5. 95.
5848 5. 95.
5849 5. 95.
5850 5. 95.
5851 5. 95.
5852 5. 95.
5853 5. 95.
5854 5. 95.
5855 5. 95.
5856 5. 95.
5857 5. 95.
5858 5. 95.
5859 5. 95.
5860 5. 95.
5861 5. 95.
5862 5. 95.
5863 5. 95.
5864 5. 95.
5865 5. 95.
5866 5. 95.
5867 5. 95.
5868 5. 95.
5869 5. 95.
5870 5. 95.
5871 5. 95.
5872 5. 95.
5873 5. 95.
5874 5. 95.
5875 5. 95.
5876 5. 95.
5877 5. 95.
5878 5. 95.
5879 5. 95.
5880 5. 95.
5881 5. 95.
5882 5. 95.
5883 5. 95.
5884 5. 95.
5885 5. 95.
5886 5. 95.
5887 5. 95.
5888 5. 95.
5889 5. 95.
5890 5. 95.
5891 5. 95.
5892 5. 95.
5893 4. 96.
5894 4. 96.
5895 4. 96.
5896 4. 96.
5897 4. 96.
5898 4. 96.
5899 4. 96.
5900 4. 96.
5901 4. 96.
5902 4. 96.
5903 4. 96.
5904 4. 96.
5905 4. 96.
5906 4. 96.
5907 4. 96.
5908 4. 96.
5909 4. 96.
5910 4. 96.
5911 4. 96.
5912 4. 96.
5913 4. 96.
5914 4. 96.
5915 4. 96.
5916 4. 96.
5917 4. 96.
5918 4. 96.
5919 4. 96.
5920 4. 96.
5921 4. 96.
5922 4. 96.
5923 4. 96.
5924 4. 96.
5925 4. 96.
5926 4. 96.
5927 4. 96.
5928 4. 96.
5929 4. 96.
5930 4. 96.
5931 4. 96.
5932 4. 96.
5933 4. 96.
5934 4. 96.
5935 4. 96.
5936 4. 96.
5937 4. 96.
5938 4. 96.
5939 4. 96.
5940 3. 97.
5941 3. 97.
5942 3. 97.
5943 3. 97.
5944 3. 97.
5945 3. 97.
5946 3. 97.
5947 3. 97.
5948 4. 96.
5949 4. 96.
5950 4. 96.
5951 4. 96.
5952 4. 96.
5953 4. 96.
5954 4. 96.
5955 4. 96.
5956 4. 96.
5957 4. 96.
5958 4. 96.
5959 4. 96.
5960 4. 96.
5961 4. 96.
5962 4. 96.
5963 4. 96.
5964 4. 96.
5965 4. 96.
5966 4. 96.
5967 4. 96.
5968 4. 96.
5969 4. 96.
5970 4. 96.
5971 4. 96.
5972 4. 96.
5973 4. 96.
5974 4. 96.
5975 4. 96.
5976 4. 96.
5977 4. 96.
5978 4. 96.
5979 4. 96.
5980 4. 96.
5981 4. 96.
5982 4. 96.
5983 4. 96.
5984 4. 96.
5985 4. 96.
5986 4. 96.
5987 4. 96.
5988 4. 96.
5989 4. 96.
5990 4. 96.
5991 4. 96.
5992 4. 96.
5993 4. 96.
5994 4. 96.
5995 4. 96.
5996 4. 96.
5997 4. 96.
5998 4. 96.
5999 4. 96.
6000 4. 96.
6001 4. 96.
6002 4. 96.
6003 4. 96.
6004 4. 96.
6005 4. 96.
6006 4. 96.
6007 4. 96.
6008 4. 96.
6009 4. 96.
6010 4. 96.
6011 4. 96.
6012 4. 96.
6013 4. 96.
6014 4. 96.
6015 4. 96.
6016 4. 96.
6017 4. 96.
6018 4. 96.
6019 4. 96.
6020 4. 96.
6021 4. 96.
6022 4. 96.
6023 4. 96.
6024 4. 96.
6025 4. 96.
6026 4. 96.
6027 4. 96.
6028 4. 96.
6029 4. 96.
6030 4. 96.
6031 4. 96.
6032 4. 96.
6033 4. 96.
6034 4. 96.
6035 4. 96.
6036 4. 96.
6037 5. 95.
6038 5. 95.
6039 5. 95.
6040 5. 95.
6041 5. 95.
6042 5. 95.
6043 5. 95.
6044 5. 95.
6045 5. 95.
6046 4. 96.
6047 4. 96.
6048 4. 96.
6049 4. 96.
6050 4. 96.
6051 4. 96.
6052 4. 96.
6053 4. 96.
6054 4. 96.
6055 4. 96.
6056 4. 96.
6057 4. 96.
6058 4. 96.
6059 4. 96.
6060 4. 96.
6061 4. 96.
6062 4. 96.
6063 4. 96.
6064 4. 96.
6065 4. 96.
6066 4. 96.
6067 4. 96.
6068 4. 96.
6069 4. 96.
6070 4. 96.
6071 4. 96.
6072 4. 96.
6073 4. 96.
6074 4. 96.
6075 4. 96.
6076 4. 96.
6077 4. 96.
6078 4. 96.
6079 4. 96.
6080 4. 96.
6081 4. 96.
6082 4. 96.
6083 5. 95.
6084 5. 95.
6085 5. 95.
6086 5. 95.
6087 4. 96.
6088 4. 96.
6089 4. 96.
6090 4. 96.
6091 4. 96.
6092 4. 96.
6093 4. 96.
6094 4. 96.
6095 4. 96.
6096 4. 96.
6097 4. 96.
6098 4. 96.
6099 4. 96.
6100 4. 96.
6101 4. 96.
6102 4. 96.
6103 4. 96.
6104 4. 96.
6105 4. 96.
6106 4. 96.
6107 4. 96.
6108 4. 96.
6109 4. 96.
6110 4. 96.
6111 4. 96.
6112 4. 96.
6113 4. 96.
6114 4. 96.
6115 4. 96.
6116 4. 96.
6117 4. 96.
6118 4. 96.
6119 4. 96.
6120 4. 96.
6121 4. 96.
6122 4. 96.
6123 4. 96.
6124 4. 96.
6125 3. 97.
6126 3. 97.
6127 3. 97.
6128 3. 97.
6129 3. 97.
6130 3. 97.
6131 3. 97.
6132 3. 97.
6133 3. 97.
6134 3. 97.
6135 3. 97.
6136 3. 97.
6137 3. 97.
6138 3. 97.
6139 3. 97.
6140 3. 97.
6141 3. 97.
6142 3. 97.
6143 3. 97.
6144 3. 97.
6145 4. 96.
6146 4. 96.
6147 4. 96.
6148 4. 96.
6149 4. 96.
6150 4. 96.
6151 4. 96.
6152 4. 96.
6153 4. 96.
6154 4. 96.
6155 4. 96.
6156 4. 96.
6157 4. 96.
6158 4. 96.
6159 4. 96.
6160 4. 96.
6161 4. 96.
6162 4. 96.
6163 4. 96.
6164 4. 96.
6165 4. 96.
6166 4. 96.
6167 4. 96.
6168 4. 96.
6169 4. 96.
6170 4. 96.
6171 4. 96.
6172 4. 96.
6173 4. 96.
6174 4. 96.
6175 4. 96.
6176 4. 96.
6177 4. 96.
6178 4. 96.
6179 4. 96.
6180 4. 96.
6181 4. 96.
6182 4. 96.
6183 4. 96.
6184 4. 96.
6185 4. 96.
6186 4. 96.
6187 4. 96.
6188 3. 97.
6189 3. 97.
6190 3. 97.
6191 3. 97.
6192 3. 97.
6193 3. 97.
6194 3. 97.
6195 3. 97.
6196 3. 97.
6197 3. 97.
6198 3. 97.
6199 3. 97.
6200 4. 96.
6201 4. 96.
6202 4. 96.
6203 4. 96.
6204 4. 96.
6205 4. 96.
6206 4. 96.
6207 4. 96.
6208 4. 96.
6209 4. 96.
6210 4. 96.
6211 5. 95.
6212 5. 95.
6213 5. 95.
6214 5. 95.
6215 5. 95.
6216 5. 95.
6217 5. 95.
6218 5. 95.
6219 5. 95.
6220 5. 95.
6221 5. 95.
6222 5. 95.
6223 5. 95.
6224 5. 95.
6225 5. 95.
6226 5. 95.
6227 5. 95.
6228 5. 95.
6229 5. 95.
6230 5. 95.
6231 5. 95.
6232 5. 95.
6233 5. 95.
6234 5. 95.
6235 5. 95.
6236 5. 95.
6237 5. 95.
6238 5. 95.
6239 5. 95.
6240 5. 95.
6241 5. 95.
6242 5. 95.
6243 5. 95.
6244 5. 95.
6245 5. 95.
6246 5. 95.
6247 5. 95.
6248 5. 95.
6249 5. 95.
6250 5. 95.
6251 5. 95.
6252 5. 95.
6253 5. 95.
6254 5. 95.
6255 5. 95.
6256 6. 94.
6257 6. 94.
6258 6. 94.
6259 6. 94.
6260 6. 94.
6261 6. 94.
6262 6. 94.
6263 6. 94.
6264 6. 94.
6265 6. 94.
6266 6. 94.
6267 6. 94.
6268 7. 93.
6269 7. 93.
6270 7. 93.
6271 6. 94.
6272 6. 94.
6273 6. 94.
6274 6. 94.
6275 6. 94.
6276 6. 94.
6277 6. 94.
6278 6. 94.
6279 6. 94.
6280 6. 94.
6281 6. 94.
6282 6. 94.
6283 6. 94.
6284 6. 94.
6285 6. 94.
6286 6. 94.
6287 6. 94.
6288 6. 94.
6289 6. 94.
6290 6. 94.
6291 6. 94.
6292 6. 94.
6293 6. 94.
6294 6. 94.
6295 6. 94.
6296 6. 94.
6297 6. 94.
6298 6. 94.
6299 6. 94.
6300 6. 94.
6301 6. 94.
6302 6. 94.
6303 6. 94.
6304 6. 94.
6305 6. 94.
6306 6. 94.
6307 6. 94.
6308 6. 94.
6309 6. 94.
6310 6. 94.
6311 6. 94.
6312 6. 94.
6313 6. 94.
6314 6. 94.
6315 6. 94.
6316 6. 94.
6317 6. 94.
6318 6. 94.
6319 6. 94.
6320 6. 94.
6321 6. 94.
6322 6. 94.
6323 6. 94.
6324 6. 94.
6325 6. 94.
6326 6. 94.
6327 7. 93.
6328 7. 93.
6329 7. 93.
6330 7. 93.
6331 7. 93.
6332 6. 94.
6333 6. 94.
6334 6. 94.
6335 6. 94.
6336 6. 94.
6337 6. 94.
6338 6. 94.
6339 6. 94.
6340 6. 94.
6341 6. 94.
6342 6. 94.
6343 6. 94.
6344 6. 94.
6345 6. 94.
6346 6. 94.
6347 6. 94.
6348 6. 94.
6349 6. 94.
6350 6. 94.
6351 6. 94.
6352 6. 94.
6353 6. 94.
6354 6. 94.
6355 5. 95.
6356 5. 95.
6357 5. 95.
6358 6. 94.
6359 6. 94.
6360 6. 94.
6361 6. 94.
6362 6. 94.
6363 6. 94.
6364 6. 94.
6365 6. 94.
6366 6. 94.
6367 6. 94.
6368 6. 94.
6369 6. 94.
6370 6. 94.
6371 6. 94.
6372 6. 94.
6373 6. 94.
6374 6. 94.
6375 6. 94.
6376 5. 95.
6377 5. 95.
6378 5. 95.
6379 5. 95.
6380 5. 95.
6381 5. 95.
6382 5. 95.
6383 5. 95.
6384 5. 95.
6385 5. 95.
6386 5. 95.
6387 5. 95.
6388 5. 95.
6389 5. 95.
6390 5. 95.
6391 5. 95.
6392 5. 95.
6393 5. 95.
6394 5. 95.
6395 4. 96.
6396 4. 96.
6397 4. 96.
6398 4. 96.
6399 4. 96.
6400 4. 96.
6401 4. 96.
6402 4. 96.
6403 4. 96.
6404 4. 96.
6405 4. 96.
6406 4. 96.
6407 4. 96.
6408 4. 96.
6409 4. 96.
6410 4. 96.
6411 4. 96.
6412 4. 96.
6413 4. 96.
6414 4. 96.
6415 4. 96.
6416 4. 96.
6417 4. 96.
6418 4. 96.
6419 4. 96.
6420 4. 96.
6421 4. 96.
6422 3. 97.
6423 3. 97.
6424 3. 97.
6425 3. 97.
6426 3. 97.
6427 3. 97.
6428 3. 97.
6429 3. 97.
6430 3. 97.
6431 3. 97.
6432 3. 97.
6433 3. 97.
6434 3. 97.
6435 3. 97.
6436 3. 97.
6437 3. 97.
6438 3. 97.
6439 3. 97.
6440 3. 97.
6441 3. 97.
6442 3. 97.
6443 3. 97.
6444 3. 97.
6445 3. 97.
6446 3. 97.
6447 3. 97.
6448 3. 97.
6449 3. 97.
6450 3. 97.
6451 3. 97.
6452 3. 97.
6453 3. 97.
6454 3. 97.
6455 3. 97.
6456 3. 97.
6457 3. 97.
6458 3. 97.
6459 3. 97.
6460 3. 97.
6461 3. 97.
6462 3. 97.
6463 3. 97.
6464 3. 97.
6465 3. 97.
6466 3. 97.
6467 3. 97.
6468 3. 97.
6469 3. 97.
6470 3. 97.
6471 3. 97.
6472 3. 97.
6473 3. 97.
6474 3. 97.
6475 3. 97.
6476 3. 97.
6477 3. 97.
6478 3. 97.
6479 3. 97.
6480 3. 97.
6481 3. 97.
6482 3. 97.
6483 3. 97.
6484 3. 97.
6485 3. 97.
6486 3. 97.
6487 3. 97.
6488 3. 97.
6489 3. 97.
6490 3. 97.
6491 3. 97.
6492 3. 97.
6493 3. 97.
6494 3. 97.
6495 3. 97.
6496 3. 97.
6497 3. 97.
6498 3. 97.
6499 3. 97.
6500 3. 97.
6501 3. 97.
6502 3. 97.
6503 3. 97.
6504 3. 97.
6505 3. 97.
6506 3. 97.
6507 3. 97.
6508 3. 97.
6509 3. 97.
6510 3. 97.
6511 3. 97.
6512 3. 97.
6513 3. 97.
6514 3. 97.
6515 3. 97.
6516 3. 97.
6517 3. 97.
6518 3. 97.
6519 3. 97.
6520 3. 97.
6521 3. 97.
6522 3. 97.
6523 3. 97.
6524 3. 97.
6525 3. 97.
6526 3. 97.
6527 3. 97.
6528 3. 97.
6529 3. 97.
6530 3. 97.
6531 3. 97.
6532 4. 96.
6533 4. 96.
6534 4. 96.
6535 4. 96.
6536 4. 96.
6537 4. 96.
6538 4. 96.
6539 4. 96.
6540 4. 96.
6541 4. 96.
6542 4. 96.
6543 4. 96.
6544 4. 96.
6545 4. 96.
6546 4. 96.
6547 4. 96.
6548 4. 96.
6549 4. 96.
6550 4. 96.
6551 4. 96.
6552 4. 96.
6553 4. 96.
6554 4. 96.
6555 4. 96.
6556 4. 96.
6557 4. 96.
6558 4. 96.
6559 4. 96.
6560 4. 96.
6561 4. 96.
6562 4. 96.
6563 4. 96.
6564 4. 96.
6565 4. 96.
6566 4. 96.
6567 4. 96.
6568 4. 96.
6569 4. 96.
6570 4. 96.
6571 4. 96.
6572 4. 96.
6573 4. 96.
6574 4. 96.
6575 4. 96.
6576 4. 96.
6577 4. 96.
6578 4. 96.
6579 4. 96.
6580 4. 96.
6581 4. 96.
6582 4. 96.
6583 4. 96.
6584 4. 96.
6585 4. 96.
6586 4. 96.
6587 3. 97.
6588 3. 97.
6589 3. 97.
6590 3. 97.
6591 3. 97.
6592 3. 97.
6593 3. 97.
6594 3. 97.
6595 3. 97.
6596 3. 97.
6597 3. 97.
6598 3. 97.
6599 3. 97.
6600 3. 97.
6601 3. 97.
6602 3. 97.
6603 3. 97.
6604 3. 97.
6605 3. 97.
6606 3. 97.
6607 3. 97.
6608 3. 97.
6609 3. 97.
6610 3. 97.
6611 3. 97.
6612 3. 97.
6613 3. 97.
6614 3. 97.
6615 3. 97.
6616 3. 97.
6617 3. 97.
6618 3. 97.
6619 3. 97.
6620 3. 97.
6621 3. 97.
6622 3. 97.
6623 3. 97.
6624 3. 97.
6625 3. 97.
6626 3. 97.
6627 3. 97.
6628 3. 97.
6629 3. 97.
6630 3. 97.
6631 3. 97.
6632 3. 97.
6633 4. 96.
6634 4. 96.
6635 4. 96.
6636 4. 96.
6637 4. 96.
6638 4. 96.
6639 4. 96.
6640 4. 96.
6641 4. 96.
6642 4. 96.
6643 4. 96.
6644 4. 96.
6645 4. 96.
6646 4. 96.
6647 4. 96.
6648 5. 95.
6649 5. 95.
6650 5. 95.
6651 5. 95.
6652 5. 95.
6653 5. 95.
6654 5. 95.
6655 5. 95.
6656 5. 95.
6657 6. 94.
6658 6. 94.
6659 6. 94.
6660 6. 94.
6661 5. 95.
6662 5. 95.
6663 5. 95.
6664 6. 94.
6665 6. 94.
6666 6. 94.
6667 6. 94.
6668 6. 94.
6669 6. 94.
6670 6. 94.
6671 6. 94.
6672 6. 94.
6673 6. 94.
6674 6. 94.
6675 6. 94.
6676 6. 94.
6677 6. 94.
6678 6. 94.
6679 6. 94.
6680 6. 94.
6681 6. 94.
6682 6. 94.
6683 6. 94.
6684 6. 94.
6685 6. 94.
6686 6. 94.
6687 6. 94.
6688 6. 94.
6689 6. 94.
6690 6. 94.
6691 6. 94.
6692 6. 94.
6693 6. 94.
6694 6. 94.
6695 6. 94.
6696 6. 94.
6697 6. 94.
6698 6. 94.
6699 7. 93.
6700 7. 93.
6701 8. 92.
6702 8. 92.
6703 8. 92.
6704 8. 92.
6705 8. 92.
6706 8. 92.
6707 8. 92.
6708 8. 92.
6709 8. 92.
6710 8. 92.
6711 8. 92.
6712 8. 92.
6713 8. 92.
6714 8. 92.
6715 8. 92.
6716 7. 93.
6717 7. 93.
6718 7. 93.
6719 7. 93.
6720 7. 93.
6721 7. 93.
6722 7. 93.
6723 7. 93.
6724 7. 93.
6725 7. 93.
6726 7. 93.
6727 7. 93.
6728 7. 93.
6729 6. 94.
6730 6. 94.
6731 5. 95.
6732 5. 95.
6733 5. 95.
6734 5. 95.
6735 5. 95.
6736 5. 95.
6737 5. 95.
6738 5. 95.
6739 5. 95.
6740 5. 95.
6741 5. 95.
6742 5. 95.
6743 5. 95.
6744 5. 95.
6745 5. 95.
6746 5. 95.
6747 5. 95.
6748 5. 95.
6749 5. 95.
6750 5. 95.
6751 5. 95.
6752 5. 95.
6753 5. 95.
6754 5. 95.
6755 5. 95.
6756 5. 95.
6757 5. 95.
6758 5. 95.
6759 5. 95.
6760 5. 95.
6761 5. 95.
6762 5. 95.
6763 5. 95.
6764 6. 94.
6765 6. 94.
6766 6. 94.
6767 6. 94.
6768 6. 94.
6769 6. 94.
6770 6. 94.
6771 6. 94.
6772 6. 94.
6773 6. 94.
6774 6. 94.
6775 6. 94.
6776 6. 94.
6777 6. 94.
6778 6. 94.
6779 6. 94.
6780 6. 94.
6781 6. 94.
6782 6. 94.
6783 6. 94.
6784 6. 94.
6785 6. 94.
6786 6. 94.
6787 6. 94.
6788 6. 94.
6789 6. 94.
6790 6. 94.
6791 6. 94.
6792 6. 94.
6793 6. 94.
6794 6. 94.
6795 6. 94.
6796 6. 94.
6797 6. 94.
6798 6. 94.
6799 6. 94.
6800 6. 94.
6801 6. 94.
6802 6. 94.
6803 6. 94.
6804 6. 94.
6805 6. 94.
6806 6. 94.
6807 6. 94.
6808 6. 94.
6809 6. 94.
6810 6. 94.
6811 6. 94.
6812 6. 94.
6813 6. 94.
6814 5. 95.
6815 5. 95.
6816 5. 95.
6817 5. 95.
6818 5. 95.
6819 5. 95.
6820 5. 95.
6821 5. 95.
6822 5. 95.
6823 5. 95.
6824 5. 95.
6825 5. 95.
6826 5. 95.
6827 5. 95.
6828 5. 95.
6829 5. 95.
6830 5. 95.
6831 5. 95.
6832 5. 95.
6833 5. 95.
6834 5. 95.
6835 5. 95.
6836 5. 95.
6837 5. 95.
6838 5. 95.
6839 5. 95.
6840 5. 95.
6841 5. 95.
6842 5. 95.
6843 5. 95.
6844 5. 95.
6845 5. 95.
6846 5. 95.
6847 4. 96.
6848 4. 96.
6849 4. 96.
6850 4. 96.
6851 4. 96.
6852 4. 96.
6853 4. 96.
6854 4. 96.
6855 4. 96.
6856 4. 96.
6857 4. 96.
6858 4. 96.
6859 4. 96.
6860 4. 96.
6861 4. 96.
6862 4. 96.
6863 4. 96.
6864 4. 96.
6865 4. 96.
6866 4. 96.
6867 4. 96.
6868 4. 96.
6869 4. 96.
6870 4. 96.
6871 4. 96.
6872 4. 96.
6873 4. 96.
6874 4. 96.
6875 4. 96.
6876 4. 96.
6877 4. 96.
6878 4. 96.
6879 4. 96.
6880 4. 96.
6881 4. 96.
6882 4. 96.
6883 4. 96.
6884 4. 96.
6885 4. 96.
6886 4. 96.
6887 4. 96.
6888 4. 96.
6889 4. 96.
6890 4. 96.
6891 4. 96.
6892 4. 96.
6893 4. 96.
6894 4. 96.
6895 4. 96.
6896 4. 96.
6897 4. 96.
6898 4. 96.
6899 4. 96.
6900 4. 96.
6901 4. 96.
6902 4. 96.
6903 4. 96.
6904 4. 96.
6905 4. 96.
6906 4. 96.
6907 4. 96.
6908 4. 96.
6909 4. 96.
6910 4. 96.
6911 4. 96.
6912 4. 96.
6913 4. 96.
6914 4. 96.
6915 4. 96.
6916 4. 96.
6917 4. 96.
6918 4. 96.
6919 4. 96.
6920 4. 96.
6921 4. 96.
6922 4. 96.
6923 4. 96.
6924 4. 96.
6925 4. 96.
6926 4. 96.
6927 4. 96.
6928 4. 96.
6929 4. 96.
6930 4. 96.
6931 4. 96.
6932 4. 96.
6933 4. 96.
6934 4. 96.
6935 4. 96.
6936 4. 96.
6937 4. 96.
6938 4. 96.
6939 4. 96.
6940 4. 96.
6941 4. 96.
6942 4. 96.
6943 4. 96.
6944 4. 96.
6945 4. 96.
6946 4. 96.
6947 4. 96.
6948 4. 96.
6949 4. 96.
6950 4. 96.
6951 4. 96.
6952 4. 96.
6953 4. 96.
6954 4. 96.
6955 4. 96.
6956 4. 96.
6957 4. 96.
6958 4. 96.
6959 4. 96.
6960 4. 96.
6961 4. 96.
6962 4. 96.
6963 4. 96.
6964 4. 96.
6965 4. 96.
6966 4. 96.
6967 4. 96.
6968 4. 96.
6969 4. 96.
6970 4. 96.
6971 4. 96.
6972 4. 96.
6973 4. 96.
6974 4. 96.
6975 4. 96.
6976 5. 95.
6977 5. 95.
6978 4. 96.
6979 4. 96.
6980 4. 96.
6981 4. 96.
6982 4. 96.
6983 4. 96.
6984 4. 96.
6985 4. 96.
6986 3. 97.
6987 3. 97.
6988 3. 97.
6989 3. 97.
6990 3. 97.
6991 3. 97.
6992 3. 97.
6993 3. 97.
6994 3. 97.
6995 3. 97.
6996 3. 97.
6997 3. 97.
6998 3. 97.
6999 3. 97.
7000 3. 97.
7001 3. 97.
7002 3. 97.
7003 3. 97.
7004 3. 97.
7005 3. 97.
7006 3. 97.
7007 4. 96.
7008 4. 96.
7009 4. 96.
7010 4. 96.
7011 4. 96.
7012 4. 96.
7013 4. 96.
7014 4. 96.
7015 4. 96.
7016 4. 96.
7017 4. 96.
7018 4. 96.
7019 4. 96.
7020 4. 96.
7021 4. 96.
7022 4. 96.
7023 4. 96.
7024 4. 96.
7025 4. 96.
7026 4. 96.
7027 4. 96.
7028 4. 96.
7029 5. 95.
7030 5. 95.
7031 5. 95.
7032 5. 95.
7033 5. 95.
7034 5. 95.
7035 5. 95.
7036 5. 95.
7037 5. 95.
7038 5. 95.
7039 5. 95.
7040 5. 95.
7041 5. 95.
7042 5. 95.
7043 5. 95.
7044 5. 95.
7045 5. 95.
7046 5. 95.
7047 5. 95.
7048 5. 95.
7049 5. 95.
7050 5. 95.
7051 5. 95.
7052 5. 95.
7053 5. 95.
7054 5. 95.
7055 5. 95.
7056 5. 95.
7057 5. 95.
7058 5. 95.
7059 5. 95.
7060 5. 95.
7061 5. 95.
7062 5. 95.
7063 6. 94.
7064 6. 94.
7065 6. 94.
7066 6. 94.
7067 6. 94.
7068 5. 95.
7069 5. 95.
7070 5. 95.
7071 5. 95.
7072 5. 95.
7073 5. 95.
7074 5. 95.
7075 5. 95.
7076 5. 95.
7077 5. 95.
7078 5. 95.
7079 5. 95.
7080 5. 95.
7081 5. 95.
7082 5. 95.
7083 5. 95.
7084 5. 95.
7085 6. 94.
7086 6. 94.
7087 6. 94.
7088 6. 94.
7089 6. 94.
7090 6. 94.
7091 6. 94.
7092 6. 94.
7093 6. 94.
7094 6. 94.
7095 6. 94.
7096 6. 94.
7097 6. 94.
7098 6. 94.
7099 6. 94.
7100 6. 94.
7101 6. 94.
7102 6. 94.
7103 6. 94.
7104 6. 94.
7105 6. 94.
7106 6. 94.
7107 6. 94.
7108 6. 94.
7109 6. 94.
7110 6. 94.
7111 6. 94.
7112 6. 94.
7113 6. 94.
7114 6. 94.
7115 6. 94.
7116 6. 94.
7117 6. 94.
7118 6. 94.
7119 6. 94.
7120 6. 94.
7121 6. 94.
7122 6. 94.
7123 6. 94.
7124 6. 94.
7125 6. 94.
7126 6. 94.
7127 6. 94.
7128 6. 94.
7129 6. 94.
7130 6. 94.
7131 6. 94.
7132 6. 94.
7133 6. 94.
7134 6. 94.
7135 6. 94.
7136 6. 94.
7137 6. 94.
7138 6. 94.
7139 6. 94.
7140 6. 94.
7141 6. 94.
7142 6. 94.
7143 6. 94.
7144 6. 94.
7145 6. 94.
7146 6. 94.
7147 6. 94.
7148 6. 94.
7149 6. 94.
7150 5. 95.
7151 5. 95.
7152 5. 95.
7153 5. 95.
7154 5. 95.
7155 5. 95.
7156 5. 95.
7157 5. 95.
7158 5. 95.
7159 5. 95.
7160 5. 95.
7161 5. 95.
7162 5. 95.
7163 5. 95.
7164 5. 95.
7165 5. 95.
7166 4. 96.
7167 4. 96.
7168 4. 96.
7169 4. 96.
7170 4. 96.
7171 4. 96.
7172 4. 96.
7173 4. 96.
7174 4. 96.
7175 4. 96.
7176 4. 96.
7177 4. 96.
7178 4. 96.
7179 4. 96.
7180 4. 96.
7181 4. 96.
7182 4. 96.
7183 4. 96.
7184 4. 96.
7185 4. 96.
7186 4. 96.
7187 4. 96.
7188 4. 96.
7189 4. 96.
7190 4. 96.
7191 4. 96.
7192 4. 96.
7193 4. 96.
7194 4. 96.
7195 4. 96.
7196 4. 96.
7197 4. 96.
7198 4. 96.
7199 4. 96.
7200 4. 96.
7201 4. 96.
7202 4. 96.
7203 4. 96.
7204 4. 96.
7205 4. 96.
7206 4. 96.
7207 4. 96.
7208 4. 96.
7209 4. 96.
7210 4. 96.
7211 4. 96.
7212 4. 96.
7213 4. 96.
7214 4. 96.
7215 4. 96.
7216 4. 96.
7217 4. 96.
7218 4. 96.
7219 4. 96.
7220 4. 96.
7221 4. 96.
7222 4. 96.
7223 4. 96.
7224 4. 96.
7225 4. 96.
7226 4. 96.
7227 4. 96.
7228 4. 96.
7229 4. 96.
7230 4. 96.
7231 4. 96.
7232 4. 96.
7233 4. 96.
7234 4. 96.
7235 4. 96.
7236 4. 96.
7237 4. 96.
7238 4. 96.
7239 4. 96.
7240 4. 96.
7241 4. 96.
7242 4. 96.
7243 4. 96.
7244 4. 96.
7245 4. 96.
7246 4. 96.
7247 4. 96.
7248 4. 96.
7249 4. 96.
7250 4. 96.
7251 4. 96.
7252 4. 96.
7253 4. 96.
7254 4. 96.
7255 4. 96.
7256 4. 96.
7257 4. 96.
7258 3. 97.
7259 3. 97.
7260 3. 97.
7261 3. 97.
7262 3. 97.
7263 3. 97.
7264 3. 97.
7265 2. 98.
7266 2. 98.
7267 2. 98.
7268 2. 98.
7269 2. 98.
7270 2. 98.
7271 2. 98.
7272 2. 98.
7273 2. 98.
7274 2. 98.
7275 2. 98.
7276 2. 98.
7277 2. 98.
7278 2. 98.
7279 2. 98.
7280 2. 98.
7281 2. 98.
7282 2. 98.
7283 2. 98.
7284 2. 98.
7285 2. 98.
7286 2. 98.
7287 2. 98.
7288 2. 98.
7289 2. 98.
7290 2. 98.
7291 2. 98.
7292 2. 98.
7293 2. 98.
7294 2. 98.
7295 2. 98.
7296 2. 98.
7297 2. 98.
7298 2. 98.
7299 2. 98.
7300 2. 98.
7301 2. 98.
7302 2. 98.
7303 2. 98.
7304 2. 98.
7305 2. 98.
7306 3. 97.
7307 3. 97.
7308 3. 97.
7309 3. 97.
7310 3. 97.
7311 3. 97.
7312 3. 97.
7313 3. 97.
7314 3. 97.
7315 3. 97.
7316 3. 97.
7317 3. 97.
7318 3. 97.
7319 3. 97.
7320 3. 97.
7321 3. 97.
7322 3. 97.
7323 3. 97.
7324 3. 97.
7325 3. 97.
7326 3. 97.
7327 3. 97.
7328 3. 97.
7329 3. 97.
7330 3. 97.
7331 3. 97.
7332 3. 97.
7333 3. 97.
7334 3. 97.
7335 3. 97.
7336 3. 97.
7337 3. 97.
7338 3. 97.
7339 3. 97.
7340 3. 97.
7341 3. 97.
7342 3. 97.
7343 3. 97.
7344 4. 96.
7345 4. 96.
7346 4. 96.
7347 4. 96.
7348 3. 97.
7349 3. 97.
7350 3. 97.
7351 3. 97.
7352 3. 97.
7353 3. 97.
7354 3. 97.
7355 3. 97.
7356 3. 97.
7357 3. 97.
7358 3. 97.
7359 3. 97.
7360 3. 97.
7361 3. 97.
7362 3. 97.
7363 3. 97.
7364 3. 97.
7365 3. 97.
7366 3. 97.
7367 3. 97.
7368 3. 97.
7369 3. 97.
7370 3. 97.
7371 3. 97.
7372 3. 97.
7373 3. 97.
7374 3. 97.
7375 3. 97.
7376 3. 97.
7377 3. 97.
7378 3. 97.
7379 3. 97.
7380 3. 97.
7381 3. 97.
7382 3. 97.
7383 3. 97.
7384 3. 97.
7385 3. 97.
7386 3. 97.
7387 2. 98.
7388 2. 98.
7389 2. 98.
7390 2. 98.
7391 2. 98.
7392 2. 98.
7393 2. 98.
7394 2. 98.
7395 2. 98.
7396 2. 98.
7397 2. 98.
7398 2. 98.
7399 2. 98.
7400 2. 98.
7401 2. 98.
7402 2. 98.
7403 2. 98.
7404 2. 98.
7405 2. 98.
7406 2. 98.
7407 2. 98.
7408 3. 97.
7409 3. 97.
7410 3. 97.
7411 3. 97.
7412 3. 97.
7413 3. 97.
7414 3. 97.
7415 3. 97.
7416 3. 97.
7417 3. 97.
7418 3. 97.
7419 3. 97.
7420 3. 97.
7421 3. 97.
7422 3. 97.
7423 3. 97.
7424 3. 97.
7425 3. 97.
7426 3. 97.
7427 3. 97.
7428 3. 97.
7429 3. 97.
7430 3. 97.
7431 3. 97.
7432 3. 97.
7433 3. 97.
7434 3. 97.
7435 3. 97.
7436 3. 97.
7437 3. 97.
7438 3. 97.
7439 3. 97.
7440 3. 97.
7441 3. 97.
7442 3. 97.
7443 3. 97.
7444 3. 97.
7445 3. 97.
7446 3. 97.
7447 3. 97.
7448 3. 97.
7449 3. 97.
7450 3. 97.
7451 3. 97.
7452 3. 97.
7453 3. 97.
7454 3. 97.
7455 3. 97.
7456 3. 97.
7457 3. 97.
7458 3. 97.
7459 3. 97.
7460 3. 97.
7461 3. 97.
7462 3. 97.
7463 3. 97.
7464 3. 97.
7465 3. 97.
7466 3. 97.
7467 3. 97.
7468 3. 97.
7469 3. 97.
7470 3. 97.
7471 3. 97.
7472 3. 97.
7473 3. 97.
7474 3. 97.
7475 3. 97.
7476 3. 97.
7477 3. 97.
7478 3. 97.
7479 3. 97.
7480 3. 97.
7481 3. 97.
7482 3. 97.
7483 3. 97.
7484 3. 97.
7485 3. 97.
7486 3. 97.
7487 3. 97.
7488 3. 97.
7489 3. 97.
7490 3. 97.
7491 3. 97.
7492 3. 97.
7493 3. 97.
7494 3. 97.
7495 3. 97.
7496 3. 97.
7497 3. 97.
7498 3. 97.
7499 3. 97.
7500 3. 97.
7501 3. 97.
7502 2. 98.
7503 2. 98.
7504 2. 98.
7505 2. 98.
7506 2. 98.
7507 2. 98.
7508 2. 98.
7509 2. 98.
7510 2. 98.
7511 2. 98.
7512 2. 98.
7513 2. 98.
7514 2. 98.
7515 2. 98.
7516 2. 98.
7517 2. 98.
7518 2. 98.
7519 2. 98.
7520 2. 98.
7521 2. 98.
7522 2. 98.
7523 2. 98.
7524 2. 98.
7525 2. 98.
7526 2. 98.
7527 2. 98.
7528 2. 98.
7529 2. 98.
7530 2. 98.
7531 2. 98.
7532 2. 98.
7533 2. 98.
7534 2. 98.
7535 2. 98.
7536 2. 98.
7537 2. 98.
7538 2. 98.
7539 1. 99.
7540 1. 99.
7541 1. 99.
7542 1. 99.
7543 1. 99.
7544 1. 99.
7545 1. 99.
7546 1. 99.
7547 1. 99.
7548 1. 99.
7549 1. 99.
7550 1. 99.
7551 1. 99.
7552 1. 99.
7553 1. 99.
7554 1. 99.
7555 1. 99.
7556 1. 99.
7557 1. 99.
7558 1. 99.
7559 1. 99.
7560 1. 99.
7561 1. 99.
7562 1. 99.
7563 1. 99.
7564 1. 99.
7565 1. 99.
7566 1. 99.
7567 1. 99.
7568 1. 99.
7569 1. 99.
7570 1. 99.
7571 1. 99.
7572 1. 99.
7573 1. 99.
7574 1. 99.
7575 1. 99.
7576 1. 99.
7577 1. 99.
7578 1. 99.
7579 1. 99.
7580 1. 99.
7581 1. 99.
7582 1. 99.
7583 1. 99.
7584 1. 99.
7585 1. 99.
7586 1. 99.
7587 1. 99.
7588 1. 99.
7589 1. 99.
7590 1. 99.
7591 1. 99.
7592 1. 99.
7593 1. 99.
7594 1. 99.
7595 1. 99.
7596 1. 99.
7597 1. 99.
7598 1. 99.
7599 1. 99.
7600 1. 99.
7601 1. 99.
7602 1. 99.
7603 1. 99.
7604 1. 99.
7605 1. 99.
7606 1. 99.
7607 1. 99.
7608 1. 99.
7609 1. 99.
7610 1. 99.
7611 1. 99.
7612 1. 99.
7613 1. 99.
7614 1. 99.
7615 1. 99.
7616 1. 99.
7617 1. 99.
7618 1. 99.
