0 23. 77.
1 24. 76.
2 25. 75.
3 26. 74.
4 26. 74.
5 26. 74.
6 27. 73.
7 27. 73.
8 27. 73.
9 26. 74.
10 27. 73.
11 27. 73.
12 27. 73.
13 27. 73.
14 27. 73.
15 27. 73.
16 27. 73.
17 26. 74.
18 27. 73.
19 26. 74.
20 26. 74.
21 26. 74.
22 26. 74.
23 26. 74.
24 26. 74.
25 26. 74.
26 26. 74.
27 26. 74.
28 26. 74.
29 26. 74.
30 27. 73.
31 27. 73.
32 27. 73.
33 27. 73.
34 28. 72.
35 28. 72.
36 28. 72.
37 28. 72.
38 27. 73.
39 27. 73.
40 26. 74.
41 27. 73.
42 27. 73.
43 27. 73.
44 28. 72.
45 28. 72.
46 28. 72.
47 27. 73.
48 27. 73.
49 27. 73.
50 27. 73.
51 28. 72.
52 28. 72.
53 29. 71.
54 29. 71.
55 29. 71.
56 30. 70.
57 30. 70.
58 30. 70.
59 30. 70.
60 30. 70.
61 30. 70.
62 30. 70.
63 30. 70.
64 30. 70.
65 30. 70.
66 30. 70.
67 31. 69.
68 31. 69.
69 31. 69.
70 32. 68.
71 32. 68.
72 32. 68.
73 32. 68.
74 32. 68.
75 32. 68.
76 32. 68.
77 32. 68.
78 32. 68.
79 32. 68.
80 32. 68.
81 32. 68.
82 31. 69.
83 31. 69.
84 31. 69.
85 30. 70.
86 31. 69.
87 30. 70.
88 30. 70.
89 31. 69.
90 31. 69.
91 31. 69.
92 32. 68.
93 32. 68.
94 32. 68.
95 32. 68.
96 32. 68.
97 32. 68.
98 31. 69.
99 32. 68.
100 32. 68.
101 32. 68.
102 31. 69.
103 31. 69.
104 30. 70.
105 30. 70.
106 31. 69.
107 31. 69.
108 32. 68.
109 33. 67.
110 33. 67.
111 33. 67.
112 33. 67.
113 33. 67.
114 33. 67.
115 33. 67.
116 33. 67.
117 33. 67.
118 33. 67.
119 32. 68.
120 31. 69.
121 32. 68.
122 32. 68.
123 32. 68.
124 31. 69.
125 31. 69.
126 31. 69.
127 31. 69.
128 31. 69.
129 31. 69.
130 31. 69.
131 31. 69.
132 31. 69.
133 31. 69.
134 32. 68.
135 32. 68.
136 32. 68.
137 32. 68.
138 31. 69.
139 30. 70.
140 30. 70.
141 30. 70.
142 30. 70.
143 30. 70.
144 30. 70.
145 30. 70.
146 31. 69.
147 31. 69.
148 31. 69.
149 31. 69.
150 31. 69.
151 31. 69.
152 31. 69.
153 31. 69.
154 31. 69.
155 31. 69.
156 32. 68.
157 32. 68.
158 32. 68.
159 32. 68.
160 32. 68.
161 32. 68.
162 32. 68.
163 32. 68.
164 32. 68.
165 33. 67.
166 33. 67.
167 32. 68.
168 32. 68.
169 31. 69.
170 31. 69.
171 31. 69.
172 31. 69.
173 31. 69.
174 31. 69.
175 31. 69.
176 30. 70.
177 30. 70.
178 29. 71.
179 29. 71.
180 29. 71.
181 29. 71.
182 29. 71.
183 29. 71.
184 29. 71.
185 28. 72.
186 28. 72.
187 29. 71.
188 29. 71.
189 29. 71.
190 29. 71.
191 29. 71.
192 29. 71.
193 29. 71.
194 29. 71.
195 29. 71.
196 29. 71.
197 29. 71.
198 30. 70.
199 29. 71.
200 29. 71.
201 29. 71.
202 29. 71.
203 30. 70.
204 30. 70.
205 30. 70.
206 30. 70.
207 30. 70.
208 30. 70.
209 29. 71.
210 29. 71.
211 29. 71.
212 29. 71.
213 29. 71.
214 29. 71.
215 28. 72.
216 28. 72.
217 28. 72.
218 28. 72.
219 28. 72.
220 28. 72.
221 28. 72.
222 28. 72.
223 29. 71.
224 29. 71.
225 28. 72.
226 28. 72.
227 28. 72.
228 28. 72.
229 29. 71.
230 29. 71.
231 30. 70.
232 29. 71.
233 28. 72.
234 28. 72.
235 28. 72.
236 28. 72.
237 28. 72.
238 27. 73.
239 28. 72.
240 28. 72.
241 28. 72.
242 28. 72.
243 28. 72.
244 28. 72.
245 28. 72.
246 28. 72.
247 28. 72.
248 28. 72.
249 28. 72.
250 28. 72.
251 29. 71.
252 29. 71.
253 30. 70.
254 30. 70.
255 30. 70.
256 31. 69.
257 31. 69.
258 31. 69.
259 30. 70.
260 31. 69.
261 31. 69.
262 30. 70.
263 30. 70.
264 30. 70.
265 30. 70.
266 31. 69.
267 31. 69.
268 31. 69.
269 31. 69.
270 32. 68.
271 32. 68.
272 32. 68.
273 32. 68.
274 32. 68.
275 32. 68.
276 32. 68.
277 32. 68.
278 31. 69.
279 31. 69.
280 31. 69.
281 32. 68.
282 32. 68.
283 33. 67.
284 32. 68.
285 32. 68.
286 32. 68.
287 32. 68.
288 32. 68.
289 32. 68.
290 32. 68.
291 32. 68.
292 32. 68.
293 32. 68.
294 32. 68.
295 33. 67.
296 33. 67.
297 34. 66.
298 34. 66.
299 33. 67.
300 33. 67.
301 33. 67.
302 33. 67.
303 32. 68.
304 32. 68.
305 32. 68.
306 32. 68.
307 32. 68.
308 32. 68.
309 31. 69.
310 31. 69.
311 31. 69.
312 31. 69.
313 31. 69.
314 30. 70.
315 30. 70.
316 30. 70.
317 30. 70.
318 30. 70.
319 30. 70.
320 30. 70.
321 30. 70.
322 29. 71.
323 29. 71.
324 29. 71.
325 28. 72.
326 28. 72.
327 28. 72.
328 28. 72.
329 28. 72.
330 28. 72.
331 28. 72.
332 28. 72.
333 28. 72.
334 28. 72.
335 28. 72.
336 28. 72.
337 28. 72.
338 28. 72.
339 28. 72.
340 28. 72.
341 27. 73.
342 28. 72.
343 27. 73.
344 27. 73.
345 27. 73.
346 27. 73.
347 28. 72.
348 28. 72.
349 28. 72.
350 28. 72.
351 28. 72.
352 28. 72.
353 28. 72.
354 28. 72.
355 28. 72.
356 28. 72.
357 28. 72.
358 28. 72.
359 28. 72.
360 29. 71.
361 29. 71.
362 29. 71.
363 30. 70.
364 31. 69.
365 31. 69.
366 31. 69.
367 31. 69.
368 31. 69.
369 31. 69.
370 31. 69.
371 31. 69.
372 31. 69.
373 31. 69.
374 31. 69.
375 31. 69.
376 31. 69.
377 31. 69.
378 31. 69.
379 31. 69.
380 32. 68.
381 32. 68.
382 31. 69.
383 31. 69.
384 31. 69.
385 31. 69.
386 31. 69.
387 31. 69.
388 31. 69.
389 31. 69.
390 31. 69.
391 31. 69.
392 31. 69.
393 32. 68.
394 32. 68.
395 33. 67.
396 33. 67.
397 33. 67.
398 33. 67.
399 33. 67.
400 33. 67.
401 33. 67.
402 33. 67.
403 33. 67.
404 32. 68.
405 32. 68.
406 31. 69.
407 31. 69.
408 32. 68.
409 31. 69.
410 32. 68.
411 32. 68.
412 33. 67.
413 33. 67.
414 33. 67.
415 33. 67.
416 33. 67.
417 33. 67.
418 33. 67.
419 33. 67.
420 33. 67.
421 34. 66.
422 34. 66.
423 34. 66.
424 34. 66.
425 33. 67.
426 33. 67.
427 33. 67.
428 33. 67.
429 33. 67.
430 33. 67.
431 32. 68.
432 32. 68.
433 32. 68.
434 32. 68.
435 32. 68.
436 31. 69.
437 31. 69.
438 31. 69.
439 31. 69.
440 31. 69.
441 30. 70.
442 29. 71.
443 29. 71.
444 29. 71.
445 30. 70.
446 30. 70.
447 30. 70.
448 30. 70.
449 30. 70.
450 30. 70.
451 30. 70.
452 30. 70.
453 30. 70.
454 30. 70.
455 30. 70.
456 30. 70.
457 30. 70.
458 30. 70.
459 31. 69.
460 31. 69.
461 32. 68.
462 32. 68.
463 32. 68.
464 32. 68.
465 32. 68.
466 32. 68.
467 32. 68.
468 32. 68.
469 32. 68.
470 32. 68.
471 32. 68.
472 33. 67.
473 33. 67.
474 33. 67.
475 33. 67.
476 33. 67.
477 33. 67.
478 33. 67.
479 33. 67.
480 33. 67.
481 33. 67.
482 34. 66.
483 34. 66.
484 33. 67.
485 33. 67.
486 33. 67.
487 33. 67.
488 33. 67.
489 33. 67.
490 33. 67.
491 33. 67.
492 33. 67.
493 33. 67.
494 33. 67.
495 34. 66.
496 34. 66.
497 34. 66.
498 34. 66.
499 34. 66.
500 34. 66.
501 34. 66.
502 34. 66.
503 33. 67.
504 33. 67.
505 33. 67.
506 33. 67.
507 33. 67.
508 32. 68.
509 31. 69.
510 31. 69.
511 31. 69.
512 30. 70.
513 30. 70.
514 31. 69.
515 31. 69.
516 32. 68.
517 32. 68.
518 32. 68.
519 32. 68.
520 32. 68.
521 32. 68.
522 32. 68.
523 32. 68.
524 32. 68.
525 32. 68.
526 32. 68.
527 33. 67.
528 33. 67.
529 34. 66.
530 34. 66.
531 34. 66.
532 34. 66.
533 34. 66.
534 34. 66.
535 34. 66.
536 34. 66.
537 34. 66.
538 34. 66.
539 34. 66.
540 35. 65.
541 35. 65.
542 36. 64.
543 36. 64.
544 36. 64.
545 35. 65.
546 35. 65.
547 35. 65.
548 35. 65.
549 34. 66.
550 34. 66.
551 34. 66.
552 34. 66.
553 34. 66.
554 34. 66.
555 34. 66.
556 34. 66.
557 33. 67.
558 33. 67.
559 33. 67.
560 33. 67.
561 33. 67.
562 33. 67.
563 33. 67.
564 33. 67.
565 33. 67.
566 33. 67.
567 33. 67.
568 33. 67.
569 33. 67.
570 33. 67.
571 34. 66.
572 34. 66.
573 34. 66.
574 34. 66.
575 34. 66.
576 34. 66.
577 34. 66.
578 34. 66.
579 34. 66.
580 34. 66.
581 34. 66.
582 34. 66.
583 35. 65.
584 35. 65.
585 35. 65.
586 35. 65.
587 35. 65.
588 34. 66.
589 34. 66.
590 34. 66.
591 34. 66.
592 34. 66.
593 33. 67.
594 33. 67.
595 33. 67.
596 33. 67.
597 34. 66.
598 35. 65.
599 35. 65.
600 35. 65.
601 35. 65.
602 34. 66.
603 35. 65.
604 35. 65.
605 35. 65.
606 35. 65.
607 35. 65.
608 35. 65.
609 34. 66.
610 34. 66.
611 34. 66.
612 35. 65.
613 36. 64.
614 36. 64.
615 36. 64.
616 36. 64.
617 36. 64.
618 36. 64.
619 36. 64.
620 36. 64.
621 36. 64.
622 36. 64.
623 35. 65.
624 35. 65.
625 35. 65.
626 35. 65.
627 35. 65.
628 35. 65.
629 35. 65.
630 35. 65.
631 35. 65.
632 35. 65.
633 35. 65.
634 35. 65.
635 35. 65.
636 35. 65.
637 35. 65.
638 35. 65.
639 35. 65.
640 35. 65.
641 35. 65.
642 35. 65.
643 35. 65.
644 35. 65.
645 35. 65.
646 35. 65.
647 34. 66.
648 34. 66.
649 34. 66.
650 34. 66.
651 34. 66.
652 34. 66.
653 34. 66.
654 34. 66.
655 34. 66.
656 34. 66.
657 34. 66.
658 34. 66.
659 34. 66.
660 34. 66.
661 34. 66.
662 34. 66.
663 34. 66.
664 34. 66.
665 33. 67.
666 33. 67.
667 33. 67.
668 33. 67.
669 33. 67.
670 33. 67.
671 33. 67.
672 34. 66.
673 34. 66.
674 34. 66.
675 34. 66.
676 34. 66.
677 34. 66.
678 33. 67.
679 33. 67.
680 33. 67.
681 33. 67.
682 33. 67.
683 33. 67.
684 33. 67.
685 33. 67.
686 33. 67.
687 33. 67.
688 33. 67.
689 33. 67.
690 33. 67.
691 33. 67.
692 33. 67.
693 33. 67.
694 33. 67.
695 33. 67.
696 33. 67.
697 33. 67.
698 33. 67.
699 33. 67.
700 33. 67.
701 33. 67.
702 32. 68.
703 32. 68.
704 32. 68.
705 32. 68.
706 32. 68.
707 33. 67.
708 34. 66.
709 34. 66.
710 35. 65.
711 35. 65.
712 35. 65.
713 36. 64.
714 36. 64.
715 36. 64.
716 36. 64.
717 35. 65.
718 35. 65.
719 35. 65.
720 35. 65.
721 35. 65.
722 35. 65.
723 35. 65.
724 35. 65.
725 35. 65.
726 35. 65.
727 35. 65.
728 35. 65.
729 35. 65.
730 35. 65.
731 36. 64.
732 36. 64.
733 36. 64.
734 36. 64.
735 36. 64.
736 36. 64.
737 36. 64.
738 37. 63.
739 37. 63.
740 36. 64.
741 35. 65.
742 34. 66.
743 35. 65.
744 36. 64.
745 36. 64.
746 36. 64.
747 36. 64.
748 36. 64.
749 36. 64.
750 37. 63.
751 37. 63.
752 36. 64.
753 36. 64.
754 36. 64.
755 36. 64.
756 36. 64.
757 36. 64.
758 36. 64.
759 36. 64.
760 36. 64.
761 36. 64.
762 36. 64.
763 36. 64.
764 36. 64.
765 36. 64.
766 36. 64.
767 36. 64.
768 36. 64.
769 36. 64.
770 36. 64.
771 36. 64.
772 36. 64.
773 36. 64.
774 36. 64.
775 36. 64.
776 37. 63.
777 36. 64.
778 35. 65.
779 35. 65.
780 35. 65.
781 36. 64.
782 36. 64.
783 36. 64.
784 36. 64.
785 37. 63.
786 37. 63.
787 37. 63.
788 37. 63.
789 37. 63.
790 37. 63.
791 37. 63.
792 37. 63.
793 38. 62.
794 39. 61.
795 39. 61.
796 40. 60.
797 41. 59.
798 41. 59.
799 42. 58.
800 42. 58.
801 43. 57.
802 43. 57.
803 43. 57.
804 43. 57.
805 43. 57.
806 43. 57.
807 42. 58.
808 42. 58.
809 43. 57.
810 42. 58.
811 42. 58.
812 43. 57.
813 42. 58.
814 42. 58.
815 42. 58.
816 42. 58.
817 42. 58.
818 42. 58.
819 42. 58.
820 42. 58.
821 42. 58.
822 42. 58.
823 42. 58.
824 42. 58.
825 41. 59.
826 41. 59.
827 41. 59.
828 41. 59.
829 42. 58.
830 43. 57.
831 43. 57.
832 43. 57.
833 43. 57.
834 43. 57.
835 43. 57.
836 43. 57.
837 42. 58.
838 42. 58.
839 41. 59.
840 42. 58.
841 42. 58.
842 42. 58.
843 42. 58.
844 42. 58.
845 42. 58.
846 42. 58.
847 42. 58.
848 42. 58.
849 42. 58.
850 42. 58.
851 41. 59.
852 42. 58.
853 42. 58.
854 42. 58.
855 42. 58.
856 43. 57.
857 43. 57.
858 43. 57.
859 44. 56.
860 44. 56.
861 44. 56.
862 44. 56.
863 44. 56.
864 44. 56.
865 44. 56.
866 44. 56.
867 44. 56.
868 44. 56.
869 43. 57.
870 43. 57.
871 43. 57.
872 43. 57.
873 43. 57.
874 43. 57.
875 43. 57.
876 43. 57.
877 43. 57.
878 43. 57.
879 43. 57.
880 43. 57.
881 43. 57.
882 42. 58.
883 42. 58.
884 42. 58.
885 43. 57.
886 42. 58.
887 42. 58.
888 42. 58.
889 42. 58.
890 41. 59.
891 41. 59.
892 41. 59.
893 41. 59.
894 41. 59.
895 42. 58.
896 42. 58.
897 42. 58.
898 43. 57.
899 43. 57.
900 43. 57.
901 43. 57.
902 43. 57.
903 43. 57.
904 43. 57.
905 44. 56.
906 43. 57.
907 43. 57.
908 43. 57.
909 43. 57.
910 43. 57.
911 43. 57.
912 43. 57.
913 43. 57.
914 43. 57.
915 43. 57.
916 43. 57.
917 43. 57.
918 43. 57.
919 43. 57.
920 43. 57.
921 43. 57.
922 43. 57.
923 43. 57.
924 43. 57.
925 44. 56.
926 44. 56.
927 44. 56.
928 44. 56.
929 43. 57.
930 44. 56.
931 43. 57.
932 43. 57.
933 42. 58.
934 42. 58.
935 42. 58.
936 42. 58.
937 41. 59.
938 41. 59.
939 41. 59.
940 42. 58.
941 42. 58.
942 42. 58.
943 42. 58.
944 42. 58.
945 43. 57.
946 43. 57.
947 42. 58.
948 42. 58.
949 42. 58.
950 41. 59.
951 41. 59.
952 41. 59.
953 41. 59.
954 41. 59.
955 41. 59.
956 41. 59.
957 41. 59.
958 40. 60.
959 40. 60.
960 40. 60.
961 40. 60.
962 40. 60.
963 40. 60.
964 40. 60.
965 40. 60.
966 40. 60.
967 40. 60.
968 40. 60.
969 40. 60.
970 40. 60.
971 40. 60.
972 40. 60.
973 40. 60.
974 40. 60.
975 40. 60.
976 39. 61.
977 38. 62.
978 37. 63.
979 37. 63.
980 36. 64.
981 36. 64.
982 36. 64.
983 36. 64.
984 37. 63.
985 37. 63.
986 37. 63.
987 37. 63.
988 37. 63.
989 37. 63.
990 37. 63.
991 37. 63.
992 37. 63.
993 37. 63.
994 37. 63.
995 37. 63.
996 37. 63.
997 36. 64.
998 35. 65.
999 35. 65.
1000 35. 65.
1001 35. 65.
1002 35. 65.
1003 34. 66.
1004 33. 67.
1005 33. 67.
1006 34. 66.
1007 35. 65.
1008 35. 65.
1009 34. 66.
1010 34. 66.
1011 34. 66.
1012 34. 66.
1013 34. 66.
1014 34. 66.
1015 34. 66.
1016 33. 67.
1017 34. 66.
1018 34. 66.
1019 34. 66.
1020 34. 66.
1021 35. 65.
1022 35. 65.
1023 35. 65.
1024 35. 65.
1025 36. 64.
1026 36. 64.
1027 36. 64.
1028 36. 64.
1029 36. 64.
1030 36. 64.
1031 36. 64.
1032 36. 64.
1033 36. 64.
1034 35. 65.
1035 35. 65.
1036 35. 65.
1037 35. 65.
1038 35. 65.
1039 36. 64.
1040 36. 64.
1041 36. 64.
1042 36. 64.
1043 36. 64.
1044 36. 64.
1045 36. 64.
1046 36. 64.
1047 36. 64.
1048 36. 64.
1049 35. 65.
1050 35. 65.
1051 35. 65.
1052 35. 65.
1053 35. 65.
1054 35. 65.
1055 35. 65.
1056 36. 64.
1057 37. 63.
1058 37. 63.
1059 37. 63.
1060 37. 63.
1061 37. 63.
1062 37. 63.
1063 36. 64.
1064 36. 64.
1065 36. 64.
1066 36. 64.
1067 36. 64.
1068 37. 63.
1069 37. 63.
1070 36. 64.
1071 36. 64.
1072 36. 64.
1073 36. 64.
1074 36. 64.
1075 36. 64.
1076 36. 64.
1077 36. 64.
1078 36. 64.
1079 36. 64.
1080 36. 64.
1081 36. 64.
1082 37. 63.
1083 37. 63.
1084 38. 62.
1085 38. 62.
1086 38. 62.
1087 38. 62.
1088 38. 62.
1089 37. 63.
1090 37. 63.
1091 37. 63.
1092 37. 63.
1093 37. 63.
1094 37. 63.
1095 36. 64.
1096 37. 63.
1097 36. 64.
1098 36. 64.
1099 36. 64.
1100 36. 64.
1101 36. 64.
1102 36. 64.
1103 35. 65.
1104 35. 65.
1105 35. 65.
1106 35. 65.
1107 35. 65.
1108 35. 65.
1109 35. 65.
1110 35. 65.
1111 36. 64.
1112 36. 64.
1113 36. 64.
1114 35. 65.
1115 35. 65.
1116 35. 65.
1117 36. 64.
1118 36. 64.
1119 36. 64.
1120 36. 64.
1121 36. 64.
1122 36. 64.
1123 36. 64.
1124 36. 64.
1125 36. 64.
1126 36. 64.
1127 36. 64.
1128 36. 64.
1129 36. 64.
1130 35. 65.
1131 35. 65.
1132 35. 65.
1133 35. 65.
1134 35. 65.
1135 36. 64.
1136 36. 64.
1137 36. 64.
1138 35. 65.
1139 36. 64.
1140 37. 63.
1141 38. 62.
1142 37. 63.
1143 37. 63.
1144 37. 63.
1145 38. 62.
1146 38. 62.
1147 38. 62.
1148 38. 62.
1149 38. 62.
1150 38. 62.
1151 38. 62.
1152 38. 62.
1153 38. 62.
1154 38. 62.
1155 37. 63.
1156 38. 62.
1157 38. 62.
1158 38. 62.
1159 38. 62.
1160 38. 62.
1161 37. 63.
1162 37. 63.
1163 38. 62.
1164 38. 62.
1165 38. 62.
1166 38. 62.
1167 38. 62.
1168 38. 62.
1169 38. 62.
1170 38. 62.
1171 38. 62.
1172 39. 61.
1173 39. 61.
1174 39. 61.
1175 40. 60.
1176 40. 60.
1177 40. 60.
1178 40. 60.
1179 40. 60.
1180 40. 60.
1181 41. 59.
1182 41. 59.
1183 40. 60.
1184 40. 60.
1185 40. 60.
1186 39. 61.
1187 39. 61.
1188 39. 61.
1189 39. 61.
1190 38. 62.
1191 38. 62.
1192 37. 63.
1193 37. 63.
1194 36. 64.
1195 36. 64.
1196 35. 65.
1197 36. 64.
1198 36. 64.
1199 37. 63.
1200 37. 63.
1201 36. 64.
1202 36. 64.
1203 36. 64.
1204 37. 63.
1205 37. 63.
1206 36. 64.
1207 36. 64.
1208 36. 64.
1209 36. 64.
1210 37. 63.
1211 37. 63.
1212 36. 64.
1213 37. 63.
1214 37. 63.
1215 37. 63.
1216 37. 63.
1217 37. 63.
1218 37. 63.
1219 37. 63.
1220 37. 63.
1221 36. 64.
1222 36. 64.
1223 36. 64.
1224 37. 63.
1225 37. 63.
1226 37. 63.
1227 37. 63.
1228 37. 63.
1229 38. 62.
1230 38. 62.
1231 37. 63.
1232 37. 63.
1233 37. 63.
1234 37. 63.
1235 37. 63.
1236 36. 64.
1237 36. 64.
1238 36. 64.
1239 36. 64.
1240 36. 64.
1241 37. 63.
1242 38. 62.
1243 38. 62.
1244 37. 63.
1245 37. 63.
1246 37. 63.
1247 37. 63.
1248 38. 62.
1249 38. 62.
1250 39. 61.
1251 39. 61.
1252 39. 61.
1253 39. 61.
1254 39. 61.
1255 39. 61.
1256 39. 61.
1257 40. 60.
1258 40. 60.
1259 40. 60.
1260 40. 60.
1261 40. 60.
1262 39. 61.
1263 40. 60.
1264 40. 60.
1265 40. 60.
1266 40. 60.
1267 40. 60.
1268 40. 60.
1269 41. 59.
1270 41. 59.
1271 41. 59.
1272 42. 58.
1273 42. 58.
1274 42. 58.
1275 42. 58.
1276 42. 58.
1277 42. 58.
1278 42. 58.
1279 42. 58.
1280 42. 58.
1281 42. 58.
1282 42. 58.
1283 43. 57.
1284 43. 57.
1285 43. 57.
1286 42. 58.
1287 42. 58.
1288 42. 58.
1289 43. 57.
1290 43. 57.
1291 43. 57.
1292 43. 57.
1293 43. 57.
1294 43. 57.
1295 44. 56.
1296 43. 57.
1297 44. 56.
1298 44. 56.
1299 44. 56.
1300 44. 56.
1301 44. 56.
1302 44. 56.
1303 44. 56.
1304 44. 56.
1305 44. 56.
1306 44. 56.
1307 44. 56.
1308 44. 56.
1309 45. 55.
1310 44. 56.
1311 44. 56.
1312 44. 56.
1313 44. 56.
1314 44. 56.
1315 44. 56.
1316 44. 56.
1317 44. 56.
1318 44. 56.
1319 44. 56.
1320 44. 56.
1321 44. 56.
1322 44. 56.
1323 43. 57.
1324 43. 57.
1325 43. 57.
1326 43. 57.
1327 43. 57.
1328 43. 57.
1329 43. 57.
1330 43. 57.
1331 43. 57.
1332 42. 58.
1333 42. 58.
1334 42. 58.
1335 42. 58.
1336 42. 58.
1337 42. 58.
1338 42. 58.
1339 42. 58.
1340 43. 57.
1341 42. 58.
1342 43. 57.
1343 43. 57.
1344 43. 57.
1345 43. 57.
1346 43. 57.
1347 44. 56.
1348 44. 56.
1349 44. 56.
1350 44. 56.
1351 44. 56.
1352 44. 56.
1353 44. 56.
1354 44. 56.
1355 44. 56.
1356 44. 56.
1357 44. 56.
1358 44. 56.
1359 44. 56.
1360 44. 56.
1361 43. 57.
1362 44. 56.
1363 44. 56.
1364 44. 56.
1365 44. 56.
1366 44. 56.
1367 45. 55.
1368 45. 55.
1369 44. 56.
1370 44. 56.
1371 43. 57.
1372 43. 57.
1373 44. 56.
1374 44. 56.
1375 44. 56.
1376 43. 57.
1377 43. 57.
1378 43. 57.
1379 43. 57.
1380 43. 57.
1381 43. 57.
1382 43. 57.
1383 43. 57.
1384 43. 57.
1385 43. 57.
1386 44. 56.
1387 44. 56.
1388 44. 56.
1389 44. 56.
1390 43. 57.
1391 43. 57.
1392 43. 57.
1393 43. 57.
1394 44. 56.
1395 44. 56.
1396 44. 56.
1397 44. 56.
1398 44. 56.
1399 43. 57.
1400 43. 57.
1401 43. 57.
1402 43. 57.
1403 42. 58.
1404 42. 58.
1405 42. 58.
1406 42. 58.
1407 42. 58.
1408 42. 58.
1409 43. 57.
1410 43. 57.
1411 43. 57.
1412 43. 57.
1413 43. 57.
1414 43. 57.
1415 43. 57.
1416 43. 57.
1417 43. 57.
1418 43. 57.
1419 43. 57.
1420 43. 57.
1421 43. 57.
1422 43. 57.
1423 43. 57.
1424 43. 57.
1425 43. 57.
1426 43. 57.
1427 43. 57.
1428 42. 58.
1429 43. 57.
1430 43. 57.
1431 43. 57.
1432 43. 57.
1433 43. 57.
1434 43. 57.
1435 43. 57.
1436 42. 58.
1437 42. 58.
1438 42. 58.
1439 41. 59.
1440 41. 59.
1441 41. 59.
1442 41. 59.
1443 41. 59.
1444 42. 58.
1445 43. 57.
1446 43. 57.
1447 44. 56.
1448 44. 56.
1449 43. 57.
1450 43. 57.
1451 43. 57.
1452 43. 57.
1453 42. 58.
1454 42. 58.
1455 42. 58.
1456 42. 58.
1457 42. 58.
1458 42. 58.
1459 42. 58.
1460 43. 57.
1461 43. 57.
1462 43. 57.
1463 44. 56.
1464 44. 56.
1465 45. 55.
1466 45. 55.
1467 44. 56.
1468 43. 57.
1469 43. 57.
1470 43. 57.
1471 43. 57.
1472 43. 57.
1473 43. 57.
1474 43. 57.
1475 43. 57.
1476 44. 56.
1477 44. 56.
1478 43. 57.
1479 43. 57.
1480 43. 57.
1481 43. 57.
1482 43. 57.
1483 43. 57.
1484 43. 57.
1485 44. 56.
1486 44. 56.
1487 44. 56.
1488 44. 56.
1489 44. 56.
1490 44. 56.
1491 45. 55.
1492 45. 55.
1493 44. 56.
1494 44. 56.
1495 44. 56.
1496 44. 56.
1497 43. 57.
1498 43. 57.
1499 43. 57.
1500 43. 57.
1501 43. 57.
1502 43. 57.
1503 43. 57.
1504 42. 58.
1505 42. 58.
1506 42. 58.
1507 42. 58.
1508 41. 59.
1509 41. 59.
1510 41. 59.
1511 41. 59.
1512 42. 58.
1513 42. 58.
1514 42. 58.
1515 43. 57.
1516 43. 57.
1517 43. 57.
1518 43. 57.
1519 43. 57.
1520 43. 57.
1521 42. 58.
1522 43. 57.
1523 43. 57.
1524 43. 57.
1525 43. 57.
1526 43. 57.
1527 43. 57.
1528 43. 57.
1529 43. 57.
1530 43. 57.
1531 42. 58.
1532 42. 58.
1533 43. 57.
1534 43. 57.
1535 43. 57.
1536 43. 57.
1537 43. 57.
1538 43. 57.
1539 42. 58.
1540 42. 58.
1541 42. 58.
1542 42. 58.
1543 42. 58.
1544 42. 58.
1545 42. 58.
1546 43. 57.
1547 43. 57.
1548 43. 57.
1549 44. 56.
1550 44. 56.
1551 44. 56.
1552 44. 56.
1553 43. 57.
1554 43. 57.
1555 43. 57.
1556 42. 58.
1557 42. 58.
1558 42. 58.
1559 43. 57.
1560 43. 57.
1561 42. 58.
1562 41. 59.
1563 41. 59.
1564 41. 59.
1565 41. 59.
1566 41. 59.
1567 40. 60.
1568 40. 60.
1569 40. 60.
1570 40. 60.
1571 40. 60.
1572 40. 60.
1573 40. 60.
1574 40. 60.
1575 40. 60.
1576 39. 61.
1577 39. 61.
1578 39. 61.
1579 38. 62.
1580 38. 62.
1581 38. 62.
1582 38. 62.
1583 38. 62.
1584 38. 62.
1585 38. 62.
1586 37. 63.
1587 37. 63.
1588 37. 63.
1589 37. 63.
1590 38. 62.
1591 37. 63.
1592 37. 63.
1593 37. 63.
1594 37. 63.
1595 37. 63.
1596 37. 63.
1597 37. 63.
1598 37. 63.
1599 38. 62.
1600 38. 62.
1601 38. 62.
1602 38. 62.
1603 38. 62.
1604 38. 62.
1605 38. 62.
1606 39. 61.
1607 39. 61.
1608 39. 61.
1609 40. 60.
1610 40. 60.
1611 39. 61.
1612 39. 61.
1613 39. 61.
1614 39. 61.
1615 39. 61.
1616 39. 61.
1617 39. 61.
1618 39. 61.
1619 39. 61.
1620 40. 60.
1621 40. 60.
1622 41. 59.
1623 42. 58.
1624 42. 58.
1625 42. 58.
1626 42. 58.
1627 42. 58.
1628 42. 58.
1629 42. 58.
1630 41. 59.
1631 41. 59.
1632 42. 58.
1633 42. 58.
1634 42. 58.
1635 41. 59.
1636 40. 60.
1637 40. 60.
1638 40. 60.
1639 39. 61.
1640 39. 61.
1641 39. 61.
1642 40. 60.
1643 40. 60.
1644 39. 61.
1645 39. 61.
1646 39. 61.
1647 39. 61.
1648 39. 61.
1649 39. 61.
1650 39. 61.
1651 39. 61.
1652 39. 61.
1653 39. 61.
1654 39. 61.
1655 39. 61.
1656 39. 61.
1657 39. 61.
1658 38. 62.
1659 38. 62.
1660 38. 62.
1661 38. 62.
1662 38. 62.
1663 38. 62.
1664 38. 62.
1665 38. 62.
1666 39. 61.
1667 38. 62.
1668 38. 62.
1669 39. 61.
1670 40. 60.
1671 40. 60.
1672 39. 61.
1673 39. 61.
1674 38. 62.
1675 37. 63.
1676 37. 63.
1677 37. 63.
1678 37. 63.
1679 37. 63.
1680 37. 63.
1681 37. 63.
1682 37. 63.
1683 36. 64.
1684 36. 64.
1685 36. 64.
1686 36. 64.
1687 36. 64.
1688 36. 64.
1689 36. 64.
1690 36. 64.
1691 35. 65.
1692 35. 65.
1693 35. 65.
1694 35. 65.
1695 35. 65.
1696 35. 65.
1697 35. 65.
1698 36. 64.
1699 36. 64.
1700 36. 64.
1701 36. 64.
1702 37. 63.
1703 37. 63.
1704 37. 63.
1705 37. 63.
1706 37. 63.
1707 37. 63.
1708 37. 63.
1709 37. 63.
1710 37. 63.
1711 36. 64.
1712 36. 64.
1713 36. 64.
1714 36. 64.
1715 36. 64.
1716 36. 64.
1717 36. 64.
1718 36. 64.
1719 36. 64.
1720 37. 63.
1721 38. 62.
1722 38. 62.
1723 38. 62.
1724 38. 62.
1725 38. 62.
1726 38. 62.
1727 38. 62.
1728 38. 62.
1729 38. 62.
1730 38. 62.
1731 38. 62.
1732 38. 62.
1733 38. 62.
1734 38. 62.
1735 37. 63.
1736 37. 63.
1737 38. 62.
1738 38. 62.
1739 37. 63.
1740 37. 63.
1741 37. 63.
1742 37. 63.
1743 38. 62.
1744 38. 62.
1745 38. 62.
1746 38. 62.
1747 39. 61.
1748 39. 61.
1749 39. 61.
1750 39. 61.
1751 39. 61.
1752 39. 61.
1753 38. 62.
1754 38. 62.
1755 38. 62.
1756 38. 62.
1757 37. 63.
1758 37. 63.
1759 37. 63.
1760 38. 62.
1761 37. 63.
1762 38. 62.
1763 38. 62.
1764 38. 62.
1765 37. 63.
1766 37. 63.
1767 37. 63.
1768 37. 63.
1769 37. 63.
1770 37. 63.
1771 37. 63.
1772 37. 63.
1773 36. 64.
1774 36. 64.
1775 37. 63.
1776 37. 63.
1777 37. 63.
1778 38. 62.
1779 38. 62.
1780 38. 62.
1781 39. 61.
1782 39. 61.
1783 38. 62.
1784 38. 62.
1785 38. 62.
1786 38. 62.
1787 38. 62.
1788 38. 62.
1789 38. 62.
1790 38. 62.
1791 38. 62.
1792 38. 62.
1793 38. 62.
1794 38. 62.
1795 38. 62.
1796 38. 62.
1797 38. 62.
1798 38. 62.
1799 38. 62.
1800 39. 61.
1801 39. 61.
1802 40. 60.
1803 41. 59.
1804 41. 59.
1805 42. 58.
1806 42. 58.
1807 42. 58.
1808 42. 58.
1809 41. 59.
1810 42. 58.
1811 42. 58.
1812 42. 58.
1813 42. 58.
1814 42. 58.
1815 42. 58.
1816 42. 58.
1817 41. 59.
1818 41. 59.
1819 41. 59.
1820 41. 59.
1821 41. 59.
1822 41. 59.
1823 40. 60.
1824 41. 59.
1825 42. 58.
1826 43. 57.
1827 43. 57.
1828 43. 57.
1829 43. 57.
1830 44. 56.
1831 44. 56.
1832 44. 56.
1833 44. 56.
1834 44. 56.
1835 44. 56.
1836 44. 56.
1837 44. 56.
1838 44. 56.
1839 43. 57.
1840 42. 58.
1841 42. 58.
1842 42. 58.
1843 42. 58.
1844 42. 58.
1845 42. 58.
1846 42. 58.
1847 41. 59.
1848 41. 59.
1849 41. 59.
1850 41. 59.
1851 42. 58.
1852 42. 58.
1853 42. 58.
1854 42. 58.
1855 41. 59.
1856 41. 59.
1857 40. 60.
1858 40. 60.
1859 40. 60.
1860 41. 59.
1861 41. 59.
1862 41. 59.
1863 41. 59.
1864 41. 59.
1865 41. 59.
1866 41. 59.
1867 41. 59.
1868 41. 59.
1869 41. 59.
1870 41. 59.
1871 41. 59.
1872 41. 59.
1873 41. 59.
1874 42. 58.
1875 42. 58.
1876 42. 58.
1877 42. 58.
1878 42. 58.
1879 42. 58.
1880 41. 59.
1881 41. 59.
1882 41. 59.
1883 41. 59.
1884 41. 59.
1885 41. 59.
1886 41. 59.
1887 42. 58.
1888 42. 58.
1889 43. 57.
1890 43. 57.
1891 43. 57.
1892 43. 57.
1893 43. 57.
1894 43. 57.
1895 43. 57.
1896 43. 57.
1897 43. 57.
1898 43. 57.
1899 43. 57.
1900 44. 56.
1901 44. 56.
1902 44. 56.
1903 44. 56.
1904 43. 57.
1905 43. 57.
1906 43. 57.
1907 43. 57.
1908 43. 57.
1909 43. 57.
1910 43. 57.
1911 43. 57.
1912 43. 57.
1913 44. 56.
1914 43. 57.
1915 44. 56.
1916 44. 56.
1917 44. 56.
1918 43. 57.
1919 43. 57.
1920 44. 56.
1921 45. 55.
1922 45. 55.
1923 45. 55.
1924 45. 55.
1925 45. 55.
1926 44. 56.
1927 44. 56.
1928 44. 56.
1929 44. 56.
1930 44. 56.
1931 44. 56.
1932 44. 56.
1933 44. 56.
1934 44. 56.
1935 44. 56.
1936 43. 57.
1937 43. 57.
1938 42. 58.
1939 42. 58.
1940 42. 58.
1941 42. 58.
1942 42. 58.
1943 43. 57.
1944 43. 57.
1945 42. 58.
1946 42. 58.
1947 42. 58.
1948 42. 58.
1949 42. 58.
1950 42. 58.
1951 42. 58.
1952 42. 58.
1953 41. 59.
1954 41. 59.
1955 41. 59.
1956 42. 58.
1957 42. 58.
1958 43. 57.
1959 44. 56.
1960 44. 56.
1961 44. 56.
1962 44. 56.
1963 45. 55.
1964 45. 55.
1965 45. 55.
1966 46. 54.
1967 45. 55.
1968 45. 55.
1969 46. 54.
1970 46. 54.
1971 47. 53.
1972 47. 53.
1973 47. 53.
1974 47. 53.
1975 47. 53.
1976 47. 53.
1977 48. 52.
1978 48. 52.
1979 47. 53.
1980 47. 53.
1981 47. 53.
1982 47. 53.
1983 47. 53.
1984 47. 53.
1985 47. 53.
1986 47. 53.
1987 47. 53.
1988 46. 54.
1989 46. 54.
1990 46. 54.
1991 46. 54.
1992 47. 53.
1993 48. 52.
1994 47. 53.
1995 47. 53.
1996 47. 53.
1997 47. 53.
1998 47. 53.
1999 47. 53.
2000 47. 53.
2001 47. 53.
2002 47. 53.
2003 47. 53.
2004 47. 53.
2005 46. 54.
2006 46. 54.
2007 47. 53.
2008 47. 53.
2009 47. 53.
2010 47. 53.
2011 48. 52.
2012 47. 53.
2013 47. 53.
2014 47. 53.
2015 47. 53.
2016 46. 54.
2017 46. 54.
2018 46. 54.
2019 47. 53.
2020 47. 53.
2021 48. 52.
2022 48. 52.
2023 48. 52.
2024 48. 52.
2025 48. 52.
2026 49. 51.
2027 48. 52.
2028 48. 52.
2029 48. 52.
2030 48. 52.
2031 48. 52.
2032 49. 51.
2033 48. 52.
2034 48. 52.
2035 49. 51.
2036 49. 51.
2037 49. 51.
2038 49. 51.
2039 49. 51.
2040 48. 52.
2041 48. 52.
2042 48. 52.
2043 48. 52.
2044 48. 52.
2045 48. 52.
2046 48. 52.
2047 48. 52.
2048 48. 52.
2049 48. 52.
2050 48. 52.
2051 48. 52.
2052 48. 52.
2053 49. 51.
2054 49. 51.
2055 49. 51.
2056 49. 51.
2057 49. 51.
2058 49. 51.
2059 48. 52.
2060 48. 52.
2061 48. 52.
2062 49. 51.
2063 49. 51.
2064 48. 52.
2065 47. 53.
2066 47. 53.
2067 47. 53.
2068 47. 53.
2069 47. 53.
2070 47. 53.
2071 48. 52.
2072 48. 52.
2073 48. 52.
2074 48. 52.
2075 48. 52.
2076 48. 52.
2077 49. 51.
2078 49. 51.
2079 49. 51.
2080 50. 50.
2081 50. 50.
2082 50. 50.
2083 49. 51.
2084 50. 50.
2085 50. 50.
2086 50. 50.
2087 49. 51.
2088 50. 50.
2089 51. 49.
2090 50. 50.
2091 50. 50.
2092 50. 50.
2093 49. 51.
2094 50. 50.
2095 50. 50.
2096 50. 50.
2097 50. 50.
2098 50. 50.
2099 50. 50.
2100 50. 50.
2101 50. 50.
2102 50. 50.
2103 51. 49.
2104 51. 49.
2105 51. 49.
2106 51. 49.
2107 51. 49.
2108 52. 48.
2109 51. 49.
2110 50. 50.
2111 50. 50.
2112 50. 50.
2113 50. 50.
2114 50. 50.
2115 51. 49.
2116 52. 48.
2117 53. 47.
2118 53. 47.
2119 53. 47.
2120 53. 47.
2121 53. 47.
2122 53. 47.
2123 52. 48.
2124 52. 48.
2125 53. 47.
2126 53. 47.
2127 53. 47.
2128 53. 47.
2129 53. 47.
2130 53. 47.
2131 54. 46.
2132 55. 45.
2133 55. 45.
2134 55. 45.
2135 55. 45.
2136 55. 45.
2137 55. 45.
2138 54. 46.
2139 55. 45.
2140 55. 45.
2141 55. 45.
2142 55. 45.
2143 55. 45.
2144 55. 45.
2145 54. 46.
2146 54. 46.
2147 54. 46.
2148 54. 46.
2149 54. 46.
2150 54. 46.
2151 53. 47.
2152 54. 46.
2153 55. 45.
2154 55. 45.
2155 55. 45.
2156 56. 44.
2157 56. 44.
2158 56. 44.
2159 56. 44.
2160 56. 44.
2161 56. 44.
2162 57. 43.
2163 57. 43.
2164 57. 43.
2165 56. 44.
2166 56. 44.
2167 56. 44.
2168 56. 44.
2169 56. 44.
2170 56. 44.
2171 56. 44.
2172 56. 44.
2173 56. 44.
2174 56. 44.
2175 56. 44.
2176 57. 43.
2177 58. 42.
2178 59. 41.
2179 60. 40.
2180 59. 41.
2181 59. 41.
2182 59. 41.
2183 59. 41.
2184 59. 41.
2185 59. 41.
2186 59. 41.
2187 59. 41.
2188 58. 42.
2189 58. 42.
2190 59. 41.
2191 59. 41.
2192 59. 41.
2193 60. 40.
2194 60. 40.
2195 60. 40.
2196 60. 40.
2197 60. 40.
2198 60. 40.
2199 60. 40.
2200 60. 40.
2201 60. 40.
2202 60. 40.
2203 60. 40.
2204 61. 39.
2205 61. 39.
2206 61. 39.
2207 61. 39.
2208 60. 40.
2209 60. 40.
2210 60. 40.
2211 60. 40.
2212 59. 41.
2213 59. 41.
2214 58. 42.
2215 58. 42.
2216 58. 42.
2217 58. 42.
2218 57. 43.
2219 57. 43.
2220 57. 43.
2221 57. 43.
2222 58. 42.
2223 58. 42.
2224 59. 41.
2225 59. 41.
2226 59. 41.
2227 60. 40.
2228 61. 39.
2229 62. 38.
2230 62. 38.
2231 62. 38.
2232 62. 38.
2233 62. 38.
2234 63. 37.
2235 62. 38.
2236 62. 38.
2237 61. 39.
2238 61. 39.
2239 61. 39.
2240 60. 40.
2241 60. 40.
2242 59. 41.
2243 59. 41.
2244 59. 41.
2245 59. 41.
2246 59. 41.
2247 59. 41.
2248 59. 41.
2249 60. 40.
2250 61. 39.
2251 62. 38.
2252 61. 39.
2253 61. 39.
2254 61. 39.
2255 61. 39.
2256 61. 39.
2257 61. 39.
2258 61. 39.
2259 61. 39.
2260 62. 38.
2261 62. 38.
2262 62. 38.
2263 61. 39.
2264 61. 39.
2265 60. 40.
2266 60. 40.
2267 60. 40.
2268 60. 40.
2269 60. 40.
2270 61. 39.
2271 61. 39.
2272 61. 39.
2273 62. 38.
2274 62. 38.
2275 62. 38.
2276 62. 38.
2277 62. 38.
2278 62. 38.
2279 61. 39.
2280 61. 39.
2281 61. 39.
2282 61. 39.
2283 61. 39.
2284 62. 38.
2285 63. 37.
2286 63. 37.
2287 63. 37.
2288 63. 37.
2289 63. 37.
2290 63. 37.
2291 62. 38.
2292 62. 38.
2293 62. 38.
2294 62. 38.
2295 62. 38.
2296 62. 38.
2297 62. 38.
2298 62. 38.
2299 62. 38.
2300 62. 38.
2301 62. 38.
2302 61. 39.
2303 62. 38.
2304 61. 39.
2305 61. 39.
2306 61. 39.
2307 61. 39.
2308 60. 40.
2309 60. 40.
2310 60. 40.
2311 60. 40.
2312 60. 40.
2313 60. 40.
2314 60. 40.
2315 60. 40.
2316 59. 41.
2317 59. 41.
2318 59. 41.
2319 59. 41.
2320 59. 41.
2321 58. 42.
2322 59. 41.
2323 59. 41.
2324 59. 41.
2325 59. 41.
2326 59. 41.
2327 60. 40.
2328 60. 40.
2329 60. 40.
2330 60. 40.
2331 60. 40.
2332 60. 40.
2333 60. 40.
2334 59. 41.
2335 59. 41.
2336 59. 41.
2337 59. 41.
2338 60. 40.
2339 60. 40.
2340 60. 40.
2341 60. 40.
2342 60. 40.
2343 60. 40.
2344 60. 40.
2345 60. 40.
2346 60. 40.
2347 60. 40.
2348 60. 40.
2349 60. 40.
2350 60. 40.
2351 60. 40.
2352 60. 40.
2353 61. 39.
2354 61. 39.
2355 61. 39.
2356 61. 39.
2357 60. 40.
2358 60. 40.
2359 60. 40.
2360 60. 40.
2361 60. 40.
2362 60. 40.
2363 61. 39.
2364 61. 39.
2365 61. 39.
2366 61. 39.
2367 61. 39.
2368 61. 39.
2369 61. 39.
2370 61. 39.
2371 61. 39.
2372 61. 39.
2373 61. 39.
2374 61. 39.
2375 61. 39.
2376 61. 39.
2377 61. 39.
2378 61. 39.
2379 61. 39.
2380 62. 38.
2381 62. 38.
2382 62. 38.
2383 62. 38.
2384 62. 38.
2385 63. 37.
2386 63. 37.
2387 63. 37.
2388 63. 37.
2389 63. 37.
2390 62. 38.
2391 62. 38.
2392 62. 38.
2393 62. 38.
2394 62. 38.
2395 62. 38.
2396 62. 38.
2397 62. 38.
2398 61. 39.
2399 62. 38.
2400 62. 38.
2401 62. 38.
2402 62. 38.
2403 62. 38.
2404 62. 38.
2405 62. 38.
2406 61. 39.
2407 61. 39.
2408 62. 38.
2409 63. 37.
2410 62. 38.
2411 62. 38.
2412 63. 37.
2413 63. 37.
2414 63. 37.
2415 63. 37.
2416 63. 37.
2417 63. 37.
2418 63. 37.
2419 63. 37.
2420 63. 37.
2421 63. 37.
2422 63. 37.
2423 63. 37.
2424 63. 37.
2425 63. 37.
2426 63. 37.
2427 63. 37.
2428 62. 38.
2429 62. 38.
2430 62. 38.
2431 62. 38.
2432 62. 38.
2433 62. 38.
2434 61. 39.
2435 61. 39.
2436 61. 39.
2437 61. 39.
2438 61. 39.
2439 61. 39.
2440 61. 39.
2441 60. 40.
2442 60. 40.
2443 60. 40.
2444 59. 41.
2445 59. 41.
2446 59. 41.
2447 59. 41.
2448 59. 41.
2449 59. 41.
2450 59. 41.
2451 59. 41.
2452 60. 40.
2453 60. 40.
2454 61. 39.
2455 60. 40.
2456 60. 40.
2457 61. 39.
2458 62. 38.
2459 62. 38.
2460 62. 38.
2461 63. 37.
2462 63. 37.
2463 63. 37.
2464 64. 36.
2465 65. 35.
2466 64. 36.
2467 64. 36.
2468 64. 36.
2469 64. 36.
2470 64. 36.
2471 64. 36.
2472 64. 36.
2473 64. 36.
2474 64. 36.
2475 64. 36.
2476 64. 36.
2477 64. 36.
2478 65. 35.
2479 65. 35.
2480 65. 35.
2481 65. 35.
2482 65. 35.
2483 65. 35.
2484 65. 35.
2485 65. 35.
2486 65. 35.
2487 66. 34.
2488 66. 34.
2489 66. 34.
2490 66. 34.
2491 66. 34.
2492 66. 34.
2493 65. 35.
2494 65. 35.
2495 65. 35.
2496 65. 35.
2497 65. 35.
2498 65. 35.
2499 65. 35.
2500 65. 35.
2501 65. 35.
2502 65. 35.
2503 65. 35.
2504 65. 35.
2505 65. 35.
2506 65. 35.
2507 65. 35.
2508 66. 34.
2509 65. 35.
2510 65. 35.
2511 65. 35.
2512 65. 35.
2513 65. 35.
2514 65. 35.
2515 65. 35.
2516 65. 35.
2517 65. 35.
2518 65. 35.
2519 65. 35.
2520 65. 35.
2521 65. 35.
2522 65. 35.
2523 65. 35.
2524 65. 35.
2525 65. 35.
2526 65. 35.
2527 65. 35.
2528 64. 36.
2529 65. 35.
2530 65. 35.
2531 65. 35.
2532 65. 35.
2533 65. 35.
2534 65. 35.
2535 65. 35.
2536 65. 35.
2537 65. 35.
2538 65. 35.
2539 65. 35.
2540 64. 36.
2541 64. 36.
2542 63. 37.
2543 64. 36.
2544 64. 36.
2545 64. 36.
2546 64. 36.
2547 64. 36.
2548 64. 36.
2549 64. 36.
2550 64. 36.
2551 64. 36.
2552 64. 36.
2553 64. 36.
2554 64. 36.
2555 64. 36.
2556 64. 36.
2557 64. 36.
2558 64. 36.
2559 64. 36.
2560 64. 36.
2561 64. 36.
2562 64. 36.
2563 64. 36.
2564 64. 36.
2565 64. 36.
2566 64. 36.
2567 64. 36.
2568 64. 36.
2569 64. 36.
2570 64. 36.
2571 64. 36.
2572 64. 36.
2573 64. 36.
2574 64. 36.
2575 64. 36.
2576 63. 37.
2577 63. 37.
2578 62. 38.
2579 62. 38.
2580 62. 38.
2581 61. 39.
2582 61. 39.
2583 62. 38.
2584 61. 39.
2585 61. 39.
2586 61. 39.
2587 61. 39.
2588 61. 39.
2589 61. 39.
2590 60. 40.
2591 60. 40.
2592 60. 40.
2593 61. 39.
2594 62. 38.
2595 62. 38.
2596 62. 38.
2597 62. 38.
2598 61. 39.
2599 61. 39.
2600 61. 39.
2601 61. 39.
2602 61. 39.
2603 61. 39.
2604 61. 39.
2605 60. 40.
2606 61. 39.
2607 61. 39.
2608 61. 39.
2609 61. 39.
2610 60. 40.
2611 60. 40.
2612 60. 40.
2613 60. 40.
2614 60. 40.
2615 61. 39.
2616 61. 39.
2617 62. 38.
2618 62. 38.
2619 62. 38.
2620 62. 38.
2621 61. 39.
2622 61. 39.
2623 61. 39.
2624 61. 39.
2625 61. 39.
2626 61. 39.
2627 61. 39.
2628 61. 39.
2629 61. 39.
2630 61. 39.
2631 61. 39.
2632 61. 39.
2633 61. 39.
2634 61. 39.
2635 61. 39.
2636 61. 39.
2637 62. 38.
2638 62. 38.
2639 62. 38.
2640 63. 37.
2641 63. 37.
2642 63. 37.
2643 63. 37.
2644 63. 37.
2645 63. 37.
2646 63. 37.
2647 63. 37.
2648 63. 37.
2649 63. 37.
2650 63. 37.
2651 62. 38.
2652 62. 38.
2653 62. 38.
2654 62. 38.
2655 62. 38.
2656 63. 37.
2657 64. 36.
2658 64. 36.
2659 64. 36.
2660 63. 37.
2661 63. 37.
2662 63. 37.
2663 62. 38.
2664 62. 38.
2665 62. 38.
2666 62. 38.
2667 62. 38.
2668 62. 38.
2669 62. 38.
2670 62. 38.
2671 62. 38.
2672 63. 37.
2673 63. 37.
2674 63. 37.
2675 63. 37.
2676 63. 37.
2677 63. 37.
2678 63. 37.
2679 63. 37.
2680 63. 37.
2681 63. 37.
2682 63. 37.
2683 63. 37.
2684 64. 36.
2685 64. 36.
2686 64. 36.
2687 64. 36.
2688 64. 36.
2689 64. 36.
2690 64. 36.
2691 65. 35.
2692 65. 35.
2693 65. 35.
2694 65. 35.
2695 65. 35.
2696 64. 36.
2697 64. 36.
2698 64. 36.
2699 64. 36.
2700 64. 36.
2701 63. 37.
2702 63. 37.
2703 63. 37.
2704 63. 37.
2705 63. 37.
2706 63. 37.
2707 63. 37.
2708 63. 37.
2709 63. 37.
2710 63. 37.
2711 63. 37.
2712 63. 37.
2713 63. 37.
2714 63. 37.
2715 63. 37.
2716 63. 37.
2717 63. 37.
2718 63. 37.
2719 63. 37.
2720 63. 37.
2721 63. 37.
2722 63. 37.
2723 63. 37.
2724 62. 38.
2725 62. 38.
2726 61. 39.
2727 62. 38.
2728 62. 38.
2729 61. 39.
2730 61. 39.
2731 61. 39.
2732 61. 39.
2733 61. 39.
2734 62. 38.
2735 62. 38.
2736 62. 38.
2737 62. 38.
2738 62. 38.
2739 61. 39.
2740 61. 39.
2741 60. 40.
2742 60. 40.
2743 60. 40.
2744 59. 41.
2745 58. 42.
2746 59. 41.
2747 59. 41.
2748 60. 40.
2749 60. 40.
2750 60. 40.
2751 60. 40.
2752 60. 40.
2753 59. 41.
2754 59. 41.
2755 58. 42.
2756 58. 42.
2757 58. 42.
2758 58. 42.
2759 58. 42.
2760 58. 42.
2761 58. 42.
2762 57. 43.
2763 57. 43.
2764 57. 43.
2765 57. 43.
2766 57. 43.
2767 56. 44.
2768 56. 44.
2769 56. 44.
2770 56. 44.
2771 56. 44.
2772 56. 44.
2773 56. 44.
2774 56. 44.
2775 56. 44.
2776 56. 44.
2777 56. 44.
2778 56. 44.
2779 56. 44.
2780 56. 44.
2781 56. 44.
2782 56. 44.
2783 56. 44.
2784 57. 43.
2785 57. 43.
2786 57. 43.
2787 57. 43.
2788 57. 43.
2789 57. 43.
2790 56. 44.
2791 56. 44.
2792 56. 44.
2793 56. 44.
2794 56. 44.
2795 56. 44.
2796 56. 44.
2797 56. 44.
2798 56. 44.
2799 55. 45.
2800 54. 46.
2801 55. 45.
2802 56. 44.
2803 56. 44.
2804 56. 44.
2805 55. 45.
2806 56. 44.
2807 56. 44.
2808 55. 45.
2809 55. 45.
2810 55. 45.
2811 54. 46.
2812 54. 46.
2813 55. 45.
2814 55. 45.
2815 55. 45.
2816 54. 46.
2817 54. 46.
2818 54. 46.
2819 54. 46.
2820 54. 46.
2821 53. 47.
2822 52. 48.
2823 52. 48.
2824 52. 48.
2825 52. 48.
2826 52. 48.
2827 52. 48.
2828 52. 48.
2829 52. 48.
2830 52. 48.
2831 52. 48.
2832 52. 48.
2833 52. 48.
2834 53. 47.
2835 53. 47.
2836 54. 46.
2837 55. 45.
2838 55. 45.
2839 56. 44.
2840 56. 44.
2841 56. 44.
2842 56. 44.
2843 56. 44.
2844 56. 44.
2845 55. 45.
2846 55. 45.
2847 55. 45.
2848 54. 46.
2849 54. 46.
2850 54. 46.
2851 54. 46.
2852 54. 46.
2853 54. 46.
2854 54. 46.
2855 53. 47.
2856 53. 47.
2857 54. 46.
2858 54. 46.
2859 54. 46.
2860 54. 46.
2861 53. 47.
2862 53. 47.
2863 53. 47.
2864 53. 47.
2865 53. 47.
2866 53. 47.
2867 53. 47.
2868 53. 47.
2869 53. 47.
2870 53. 47.
2871 53. 47.
2872 53. 47.
2873 53. 47.
2874 52. 48.
2875 52. 48.
2876 52. 48.
2877 52. 48.
2878 52. 48.
2879 52. 48.
2880 52. 48.
2881 52. 48.
2882 52. 48.
2883 52. 48.
2884 52. 48.
2885 52. 48.
2886 53. 47.
2887 53. 47.
2888 53. 47.
2889 53. 47.
2890 53. 47.
2891 53. 47.
2892 53. 47.
2893 53. 47.
2894 53. 47.
2895 52. 48.
2896 52. 48.
2897 52. 48.
2898 52. 48.
2899 51. 49.
2900 51. 49.
2901 52. 48.
2902 51. 49.
2903 51. 49.
2904 51. 49.
2905 52. 48.
2906 53. 47.
2907 53. 47.
2908 53. 47.
2909 53. 47.
2910 53. 47.
2911 53. 47.
2912 53. 47.
2913 54. 46.
2914 54. 46.
2915 54. 46.
2916 54. 46.
2917 55. 45.
2918 55. 45.
2919 55. 45.
2920 55. 45.
2921 55. 45.
2922 55. 45.
2923 55. 45.
2924 55. 45.
2925 55. 45.
2926 55. 45.
2927 55. 45.
2928 55. 45.
2929 54. 46.
2930 54. 46.
2931 53. 47.
2932 54. 46.
2933 53. 47.
2934 53. 47.
2935 54. 46.
2936 54. 46.
2937 53. 47.
2938 53. 47.
2939 53. 47.
2940 53. 47.
2941 53. 47.
2942 53. 47.
2943 53. 47.
2944 54. 46.
2945 54. 46.
2946 54. 46.
2947 55. 45.
2948 54. 46.
2949 54. 46.
2950 54. 46.
2951 54. 46.
2952 53. 47.
2953 52. 48.
2954 52. 48.
2955 51. 49.
2956 51. 49.
2957 51. 49.
2958 51. 49.
2959 52. 48.
2960 52. 48.
2961 52. 48.
2962 51. 49.
2963 50. 50.
2964 50. 50.
2965 51. 49.
2966 51. 49.
2967 52. 48.
2968 51. 49.
2969 51. 49.
2970 51. 49.
2971 50. 50.
2972 50. 50.
2973 50. 50.
2974 51. 49.
2975 51. 49.
2976 52. 48.
2977 51. 49.
2978 51. 49.
2979 51. 49.
2980 51. 49.
2981 50. 50.
2982 50. 50.
2983 50. 50.
2984 50. 50.
2985 50. 50.
2986 50. 50.
2987 50. 50.
2988 50. 50.
2989 50. 50.
2990 49. 51.
2991 49. 51.
2992 49. 51.
2993 49. 51.
2994 49. 51.
2995 48. 52.
2996 48. 52.
2997 48. 52.
2998 49. 51.
2999 49. 51.
3000 50. 50.
3001 50. 50.
3002 50. 50.
3003 50. 50.
3004 50. 50.
3005 50. 50.
3006 50. 50.
3007 50. 50.
3008 50. 50.
3009 50. 50.
3010 50. 50.
3011 50. 50.
3012 50. 50.
3013 50. 50.
3014 50. 50.
3015 50. 50.
3016 50. 50.
3017 50. 50.
3018 51. 49.
3019 51. 49.
3020 51. 49.
3021 51. 49.
3022 52. 48.
3023 53. 47.
3024 53. 47.
3025 53. 47.
3026 53. 47.
3027 53. 47.
3028 53. 47.
3029 53. 47.
3030 53. 47.
3031 53. 47.
3032 52. 48.
3033 52. 48.
3034 52. 48.
3035 52. 48.
3036 52. 48.
3037 53. 47.
3038 53. 47.
3039 52. 48.
3040 52. 48.
3041 52. 48.
3042 52. 48.
3043 52. 48.
3044 52. 48.
3045 51. 49.
3046 52. 48.
3047 52. 48.
3048 53. 47.
3049 53. 47.
3050 53. 47.
3051 53. 47.
3052 53. 47.
3053 53. 47.
3054 52. 48.
3055 52. 48.
3056 52. 48.
3057 53. 47.
3058 53. 47.
3059 53. 47.
3060 52. 48.
3061 52. 48.
3062 53. 47.
3063 53. 47.
3064 53. 47.
3065 53. 47.
3066 53. 47.
3067 53. 47.
3068 52. 48.
3069 52. 48.
3070 52. 48.
3071 52. 48.
3072 51. 49.
3073 52. 48.
3074 52. 48.
3075 53. 47.
3076 53. 47.
3077 54. 46.
3078 54. 46.
3079 53. 47.
3080 53. 47.
3081 52. 48.
3082 52. 48.
3083 52. 48.
3084 52. 48.
3085 52. 48.
3086 52. 48.
3087 53. 47.
3088 54. 46.
3089 55. 45.
3090 55. 45.
3091 54. 46.
3092 53. 47.
3093 53. 47.
3094 52. 48.
3095 52. 48.
3096 52. 48.
3097 52. 48.
3098 52. 48.
3099 52. 48.
3100 53. 47.
3101 53. 47.
3102 53. 47.
3103 52. 48.
3104 52. 48.
3105 52. 48.
3106 51. 49.
3107 51. 49.
3108 51. 49.
3109 51. 49.
3110 50. 50.
3111 50. 50.
3112 50. 50.
3113 50. 50.
3114 50. 50.
3115 50. 50.
3116 50. 50.
3117 50. 50.
3118 50. 50.
3119 50. 50.
3120 49. 51.
3121 49. 51.
3122 49. 51.
3123 49. 51.
3124 49. 51.
3125 49. 51.
3126 49. 51.
3127 49. 51.
3128 48. 52.
3129 48. 52.
3130 48. 52.
3131 47. 53.
3132 47. 53.
3133 47. 53.
3134 48. 52.
3135 48. 52.
3136 48. 52.
3137 49. 51.
3138 49. 51.
3139 49. 51.
3140 49. 51.
3141 49. 51.
3142 49. 51.
3143 49. 51.
3144 49. 51.
3145 48. 52.
3146 48. 52.
3147 48. 52.
3148 48. 52.
3149 48. 52.
3150 48. 52.
3151 48. 52.
3152 48. 52.
3153 47. 53.
3154 47. 53.
3155 47. 53.
3156 48. 52.
3157 48. 52.
3158 47. 53.
3159 47. 53.
3160 47. 53.
3161 47. 53.
3162 48. 52.
3163 48. 52.
3164 48. 52.
3165 48. 52.
3166 48. 52.
3167 47. 53.
3168 47. 53.
3169 47. 53.
3170 47. 53.
3171 47. 53.
3172 47. 53.
3173 47. 53.
3174 47. 53.
3175 47. 53.
3176 47. 53.
3177 47. 53.
3178 47. 53.
3179 47. 53.
3180 48. 52.
3181 48. 52.
3182 49. 51.
3183 50. 50.
3184 50. 50.
3185 50. 50.
3186 50. 50.
3187 50. 50.
3188 50. 50.
3189 50. 50.
3190 50. 50.
3191 51. 49.
3192 51. 49.
3193 51. 49.
3194 51. 49.
3195 51. 49.
3196 51. 49.
3197 51. 49.
3198 51. 49.
3199 51. 49.
3200 51. 49.
3201 52. 48.
3202 52. 48.
3203 52. 48.
3204 52. 48.
3205 52. 48.
3206 52. 48.
3207 52. 48.
3208 53. 47.
3209 53. 47.
3210 54. 46.
3211 54. 46.
3212 53. 47.
3213 53. 47.
3214 53. 47.
3215 53. 47.
3216 53. 47.
3217 53. 47.
3218 54. 46.
3219 53. 47.
3220 53. 47.
3221 53. 47.
3222 54. 46.
3223 54. 46.
3224 54. 46.
3225 54. 46.
3226 54. 46.
3227 54. 46.
3228 54. 46.
3229 54. 46.
3230 54. 46.
3231 54. 46.
3232 54. 46.
3233 54. 46.
3234 54. 46.
3235 54. 46.
3236 54. 46.
3237 54. 46.
3238 54. 46.
3239 53. 47.
3240 53. 47.
3241 53. 47.
3242 53. 47.
3243 53. 47.
3244 53. 47.
3245 54. 46.
3246 53. 47.
3247 53. 47.
3248 54. 46.
3249 54. 46.
3250 54. 46.
3251 54. 46.
3252 54. 46.
3253 54. 46.
3254 54. 46.
3255 54. 46.
3256 54. 46.
3257 54. 46.
3258 54. 46.
3259 54. 46.
3260 53. 47.
3261 53. 47.
3262 54. 46.
3263 54. 46.
3264 54. 46.
3265 55. 45.
3266 55. 45.
3267 54. 46.
3268 54. 46.
3269 55. 45.
3270 56. 44.
3271 55. 45.
3272 55. 45.
3273 55. 45.
3274 55. 45.
3275 55. 45.
3276 55. 45.
3277 55. 45.
3278 55. 45.
3279 54. 46.
3280 54. 46.
3281 54. 46.
3282 54. 46.
3283 54. 46.
3284 53. 47.
3285 53. 47.
3286 53. 47.
3287 53. 47.
3288 53. 47.
3289 53. 47.
3290 53. 47.
3291 53. 47.
3292 53. 47.
3293 53. 47.
3294 53. 47.
3295 54. 46.
3296 54. 46.
3297 54. 46.
3298 54. 46.
3299 54. 46.
3300 54. 46.
3301 55. 45.
3302 55. 45.
3303 55. 45.
3304 55. 45.
3305 54. 46.
3306 54. 46.
3307 54. 46.
3308 53. 47.
3309 53. 47.
3310 54. 46.
3311 53. 47.
3312 53. 47.
3313 53. 47.
3314 53. 47.
3315 53. 47.
3316 53. 47.
3317 52. 48.
3318 52. 48.
3319 52. 48.
3320 52. 48.
3321 51. 49.
3322 50. 50.
3323 50. 50.
3324 50. 50.
3325 50. 50.
3326 50. 50.
3327 50. 50.
3328 50. 50.
3329 51. 49.
3330 50. 50.
3331 51. 49.
3332 51. 49.
3333 52. 48.
3334 52. 48.
3335 53. 47.
3336 53. 47.
3337 53. 47.
3338 53. 47.
3339 53. 47.
3340 54. 46.
3341 54. 46.
3342 55. 45.
3343 56. 44.
3344 56. 44.
3345 57. 43.
3346 57. 43.
3347 57. 43.
3348 57. 43.
3349 58. 42.
3350 58. 42.
3351 58. 42.
3352 58. 42.
3353 58. 42.
3354 58. 42.
3355 58. 42.
3356 57. 43.
3357 57. 43.
3358 56. 44.
3359 56. 44.
3360 56. 44.
3361 55. 45.
3362 55. 45.
3363 56. 44.
3364 56. 44.
3365 55. 45.
3366 55. 45.
3367 55. 45.
3368 56. 44.
3369 55. 45.
3370 56. 44.
3371 56. 44.
3372 56. 44.
3373 56. 44.
3374 56. 44.
3375 56. 44.
3376 55. 45.
3377 54. 46.
3378 54. 46.
3379 54. 46.
3380 54. 46.
3381 55. 45.
3382 54. 46.
3383 55. 45.
3384 55. 45.
3385 56. 44.
3386 56. 44.
3387 56. 44.
3388 56. 44.
3389 56. 44.
3390 56. 44.
3391 56. 44.
3392 56. 44.
3393 56. 44.
3394 56. 44.
3395 55. 45.
3396 55. 45.
3397 55. 45.
3398 55. 45.
3399 55. 45.
3400 55. 45.
3401 56. 44.
3402 56. 44.
3403 56. 44.
3404 56. 44.
3405 56. 44.
3406 56. 44.
3407 56. 44.
3408 55. 45.
3409 55. 45.
3410 55. 45.
3411 56. 44.
3412 56. 44.
3413 56. 44.
3414 56. 44.
3415 56. 44.
3416 56. 44.
3417 55. 45.
3418 56. 44.
3419 56. 44.
3420 56. 44.
3421 56. 44.
3422 57. 43.
3423 57. 43.
3424 57. 43.
3425 57. 43.
3426 58. 42.
3427 58. 42.
3428 58. 42.
3429 58. 42.
3430 58. 42.
3431 58. 42.
3432 58. 42.
3433 58. 42.
3434 57. 43.
3435 57. 43.
3436 57. 43.
3437 57. 43.
3438 56. 44.
3439 56. 44.
3440 55. 45.
3441 55. 45.
3442 54. 46.
3443 54. 46.
3444 55. 45.
3445 55. 45.
3446 56. 44.
3447 57. 43.
3448 57. 43.
3449 57. 43.
3450 57. 43.
3451 57. 43.
3452 57. 43.
3453 57. 43.
3454 57. 43.
3455 57. 43.
3456 56. 44.
3457 55. 45.
3458 55. 45.
3459 55. 45.
3460 55. 45.
3461 55. 45.
3462 56. 44.
3463 56. 44.
3464 55. 45.
3465 55. 45.
3466 55. 45.
3467 54. 46.
3468 54. 46.
3469 54. 46.
3470 55. 45.
3471 55. 45.
3472 55. 45.
3473 56. 44.
3474 56. 44.
3475 56. 44.
3476 55. 45.
3477 55. 45.
3478 56. 44.
3479 56. 44.
3480 57. 43.
3481 57. 43.
3482 58. 42.
3483 58. 42.
3484 58. 42.
3485 58. 42.
3486 58. 42.
3487 58. 42.
3488 58. 42.
3489 58. 42.
3490 58. 42.
3491 59. 41.
3492 59. 41.
3493 59. 41.
3494 59. 41.
3495 59. 41.
3496 58. 42.
3497 58. 42.
3498 58. 42.
3499 58. 42.
3500 58. 42.
3501 58. 42.
3502 58. 42.
3503 59. 41.
3504 60. 40.
3505 61. 39.
3506 61. 39.
3507 61. 39.
3508 61. 39.
3509 61. 39.
3510 61. 39.
3511 62. 38.
3512 62. 38.
3513 62. 38.
3514 62. 38.
3515 63. 37.
3516 62. 38.
3517 63. 37.
3518 63. 37.
3519 63. 37.
3520 63. 37.
3521 63. 37.
3522 63. 37.
3523 63. 37.
3524 64. 36.
3525 64. 36.
3526 64. 36.
3527 64. 36.
3528 64. 36.
3529 63. 37.
3530 63. 37.
3531 63. 37.
3532 63. 37.
3533 63. 37.
3534 63. 37.
3535 63. 37.
3536 62. 38.
3537 62. 38.
3538 62. 38.
3539 62. 38.
3540 61. 39.
3541 61. 39.
3542 61. 39.
3543 61. 39.
3544 61. 39.
3545 61. 39.
3546 61. 39.
3547 61. 39.
3548 61. 39.
3549 61. 39.
3550 62. 38.
3551 62. 38.
3552 62. 38.
3553 61. 39.
3554 61. 39.
3555 61. 39.
3556 61. 39.
3557 61. 39.
3558 61. 39.
3559 62. 38.
3560 62. 38.
3561 62. 38.
3562 62. 38.
3563 62. 38.
3564 62. 38.
3565 62. 38.
3566 62. 38.
3567 62. 38.
3568 62. 38.
3569 62. 38.
3570 62. 38.
3571 62. 38.
3572 62. 38.
3573 63. 37.
3574 63. 37.
3575 63. 37.
3576 63. 37.
3577 63. 37.
3578 63. 37.
3579 63. 37.
3580 63. 37.
3581 63. 37.
3582 63. 37.
3583 63. 37.
3584 63. 37.
3585 63. 37.
3586 62. 38.
3587 62. 38.
3588 62. 38.
3589 62. 38.
3590 62. 38.
3591 62. 38.
3592 62. 38.
3593 63. 37.
3594 63. 37.
3595 63. 37.
3596 63. 37.
3597 63. 37.
3598 62. 38.
3599 61. 39.
3600 61. 39.
3601 62. 38.
3602 62. 38.
3603 62. 38.
3604 63. 37.
3605 63. 37.
3606 63. 37.
3607 63. 37.
3608 63. 37.
3609 63. 37.
3610 63. 37.
3611 63. 37.
3612 63. 37.
3613 62. 38.
3614 61. 39.
3615 62. 38.
3616 63. 37.
3617 63. 37.
3618 63. 37.
3619 63. 37.
3620 64. 36.
3621 63. 37.
3622 63. 37.
3623 63. 37.
3624 63. 37.
3625 63. 37.
3626 63. 37.
3627 63. 37.
3628 62. 38.
3629 62. 38.
3630 62. 38.
3631 61. 39.
3632 61. 39.
3633 61. 39.
3634 60. 40.
3635 59. 41.
3636 59. 41.
3637 58. 42.
3638 58. 42.
3639 58. 42.
3640 58. 42.
3641 59. 41.
3642 59. 41.
3643 59. 41.
3644 59. 41.
3645 60. 40.
3646 59. 41.
3647 59. 41.
3648 60. 40.
3649 60. 40.
3650 60. 40.
3651 60. 40.
3652 60. 40.
3653 59. 41.
3654 59. 41.
3655 59. 41.
3656 59. 41.
3657 60. 40.
3658 59. 41.
3659 59. 41.
3660 59. 41.
3661 59. 41.
3662 60. 40.
3663 60. 40.
3664 61. 39.
3665 62. 38.
3666 62. 38.
3667 63. 37.
3668 63. 37.
3669 64. 36.
3670 63. 37.
3671 63. 37.
3672 62. 38.
3673 62. 38.
3674 62. 38.
3675 62. 38.
3676 62. 38.
3677 63. 37.
3678 63. 37.
3679 63. 37.
3680 63. 37.
3681 64. 36.
3682 64. 36.
3683 63. 37.
3684 64. 36.
3685 63. 37.
3686 63. 37.
3687 62. 38.
3688 62. 38.
3689 61. 39.
3690 61. 39.
3691 61. 39.
3692 60. 40.
3693 61. 39.
3694 62. 38.
3695 63. 37.
3696 63. 37.
3697 62. 38.
3698 62. 38.
3699 63. 37.
3700 63. 37.
3701 63. 37.
3702 63. 37.
3703 63. 37.
3704 64. 36.
3705 63. 37.
3706 63. 37.
3707 63. 37.
3708 63. 37.
3709 63. 37.
3710 63. 37.
3711 63. 37.
3712 63. 37.
3713 64. 36.
3714 64. 36.
3715 64. 36.
3716 64. 36.
3717 64. 36.
3718 64. 36.
3719 63. 37.
3720 64. 36.
3721 64. 36.
3722 65. 35.
3723 65. 35.
3724 65. 35.
3725 64. 36.
3726 64. 36.
3727 64. 36.
3728 64. 36.
3729 64. 36.
3730 65. 35.
3731 64. 36.
3732 65. 35.
3733 64. 36.
3734 64. 36.
3735 64. 36.
3736 63. 37.
3737 63. 37.
3738 63. 37.
3739 64. 36.
3740 64. 36.
3741 64. 36.
3742 64. 36.
3743 64. 36.
3744 65. 35.
3745 66. 34.
3746 66. 34.
3747 66. 34.
3748 67. 33.
3749 67. 33.
3750 67. 33.
3751 66. 34.
3752 66. 34.
3753 66. 34.
3754 67. 33.
3755 68. 32.
3756 69. 31.
3757 69. 31.
3758 69. 31.
3759 69. 31.
3760 69. 31.
3761 69. 31.
3762 69. 31.
3763 69. 31.
3764 70. 30.
3765 70. 30.
3766 70. 30.
3767 71. 29.
3768 70. 30.
3769 70. 30.
3770 70. 30.
3771 70. 30.
3772 70. 30.
3773 70. 30.
3774 70. 30.
3775 70. 30.
3776 71. 29.
3777 71. 29.
3778 71. 29.
3779 71. 29.
3780 71. 29.
3781 71. 29.
3782 70. 30.
3783 70. 30.
3784 69. 31.
3785 69. 31.
3786 69. 31.
3787 69. 31.
3788 69. 31.
3789 69. 31.
3790 69. 31.
3791 69. 31.
3792 69. 31.
3793 68. 32.
3794 68. 32.
3795 67. 33.
3796 67. 33.
3797 67. 33.
3798 67. 33.
3799 67. 33.
3800 67. 33.
3801 67. 33.
3802 67. 33.
3803 66. 34.
3804 66. 34.
3805 66. 34.
3806 66. 34.
3807 66. 34.
3808 67. 33.
3809 67. 33.
3810 67. 33.
3811 67. 33.
3812 67. 33.
3813 67. 33.
3814 68. 32.
3815 68. 32.
3816 68. 32.
3817 67. 33.
3818 67. 33.
3819 66. 34.
3820 66. 34.
3821 66. 34.
3822 66. 34.
3823 66. 34.
3824 66. 34.
3825 66. 34.
3826 67. 33.
3827 68. 32.
3828 68. 32.
3829 68. 32.
3830 67. 33.
3831 67. 33.
3832 67. 33.
3833 67. 33.
3834 66. 34.
3835 66. 34.
3836 66. 34.
3837 66. 34.
3838 66. 34.
3839 66. 34.
3840 66. 34.
3841 66. 34.
3842 66. 34.
3843 66. 34.
3844 67. 33.
3845 66. 34.
3846 65. 35.
3847 65. 35.
3848 66. 34.
3849 66. 34.
3850 66. 34.
3851 66. 34.
3852 66. 34.
3853 66. 34.
3854 66. 34.
3855 66. 34.
3856 65. 35.
3857 65. 35.
3858 65. 35.
3859 65. 35.
3860 65. 35.
3861 64. 36.
3862 64. 36.
3863 64. 36.
3864 65. 35.
3865 64. 36.
3866 64. 36.
3867 64. 36.
3868 63. 37.
3869 63. 37.
3870 63. 37.
3871 63. 37.
3872 63. 37.
3873 64. 36.
3874 64. 36.
3875 64. 36.
3876 64. 36.
3877 64. 36.
3878 64. 36.
3879 65. 35.
3880 65. 35.
3881 65. 35.
3882 65. 35.
3883 65. 35.
3884 66. 34.
3885 66. 34.
3886 66. 34.
3887 66. 34.
3888 66. 34.
3889 66. 34.
3890 67. 33.
3891 67. 33.
3892 66. 34.
3893 66. 34.
3894 66. 34.
3895 66. 34.
3896 66. 34.
3897 67. 33.
3898 67. 33.
3899 67. 33.
3900 67. 33.
3901 67. 33.
3902 68. 32.
3903 69. 31.
3904 68. 32.
3905 67. 33.
3906 67. 33.
3907 68. 32.
3908 68. 32.
3909 68. 32.
3910 68. 32.
3911 68. 32.
3912 68. 32.
3913 67. 33.
3914 67. 33.
3915 67. 33.
3916 67. 33.
3917 67. 33.
3918 67. 33.
3919 66. 34.
3920 66. 34.
3921 65. 35.
3922 65. 35.
3923 65. 35.
3924 65. 35.
3925 65. 35.
3926 65. 35.
3927 65. 35.
3928 65. 35.
3929 65. 35.
3930 65. 35.
3931 65. 35.
3932 65. 35.
3933 65. 35.
3934 65. 35.
3935 65. 35.
3936 65. 35.
3937 65. 35.
3938 65. 35.
3939 64. 36.
3940 64. 36.
3941 65. 35.
3942 65. 35.
3943 66. 34.
3944 66. 34.
3945 66. 34.
3946 66. 34.
3947 66. 34.
3948 66. 34.
3949 66. 34.
3950 67. 33.
3951 66. 34.
3952 66. 34.
3953 65. 35.
3954 65. 35.
3955 65. 35.
3956 65. 35.
3957 66. 34.
3958 66. 34.
3959 66. 34.
3960 66. 34.
3961 66. 34.
3962 67. 33.
3963 67. 33.
3964 67. 33.
3965 67. 33.
3966 67. 33.
3967 67. 33.
3968 67. 33.
3969 67. 33.
3970 67. 33.
3971 67. 33.
3972 68. 32.
3973 68. 32.
3974 68. 32.
3975 68. 32.
3976 68. 32.
3977 68. 32.
3978 68. 32.
3979 68. 32.
3980 67. 33.
3981 67. 33.
3982 67. 33.
3983 67. 33.
3984 66. 34.
3985 66. 34.
3986 67. 33.
3987 68. 32.
3988 68. 32.
3989 68. 32.
3990 68. 32.
3991 68. 32.
3992 68. 32.
3993 68. 32.
3994 68. 32.
3995 68. 32.
3996 68. 32.
3997 68. 32.
3998 69. 31.
3999 70. 30.
4000 70. 30.
4001 70. 30.
4002 70. 30.
4003 70. 30.
4004 69. 31.
4005 69. 31.
4006 69. 31.
4007 69. 31.
4008 68. 32.
4009 68. 32.
4010 68. 32.
4011 68. 32.
4012 68. 32.
4013 68. 32.
4014 67. 33.
4015 67. 33.
4016 68. 32.
4017 68. 32.
4018 68. 32.
4019 68. 32.
4020 68. 32.
4021 68. 32.
4022 68. 32.
4023 68. 32.
4024 69. 31.
4025 69. 31.
4026 69. 31.
4027 70. 30.
4028 70. 30.
4029 70. 30.
4030 70. 30.
4031 71. 29.
4032 71. 29.
4033 71. 29.
4034 71. 29.
4035 71. 29.
4036 71. 29.
4037 71. 29.
4038 71. 29.
4039 71. 29.
4040 71. 29.
4041 71. 29.
4042 72. 28.
4043 71. 29.
4044 71. 29.
4045 71. 29.
4046 71. 29.
4047 71. 29.
4048 71. 29.
4049 71. 29.
4050 72. 28.
4051 71. 29.
4052 72. 28.
4053 72. 28.
4054 72. 28.
4055 73. 27.
4056 72. 28.
4057 72. 28.
4058 72. 28.
4059 72. 28.
4060 72. 28.
4061 72. 28.
4062 72. 28.
4063 72. 28.
4064 72. 28.
4065 71. 29.
4066 71. 29.
4067 71. 29.
4068 71. 29.
4069 72. 28.
4070 72. 28.
4071 72. 28.
4072 72. 28.
4073 72. 28.
4074 73. 27.
4075 73. 27.
4076 73. 27.
4077 73. 27.
4078 73. 27.
4079 73. 27.
4080 73. 27.
4081 73. 27.
4082 73. 27.
4083 73. 27.
4084 73. 27.
4085 73. 27.
4086 74. 26.
4087 73. 27.
4088 73. 27.
4089 73. 27.
4090 73. 27.
4091 73. 27.
4092 73. 27.
4093 73. 27.
4094 74. 26.
4095 74. 26.
4096 74. 26.
4097 75. 25.
4098 75. 25.
4099 75. 25.
4100 75. 25.
4101 75. 25.
4102 75. 25.
4103 75. 25.
4104 75. 25.
4105 75. 25.
4106 75. 25.
4107 76. 24.
4108 76. 24.
4109 76. 24.
4110 76. 24.
4111 76. 24.
4112 76. 24.
4113 76. 24.
4114 76. 24.
4115 76. 24.
4116 76. 24.
4117 76. 24.
4118 76. 24.
4119 76. 24.
4120 76. 24.
4121 76. 24.
4122 76. 24.
4123 76. 24.
4124 76. 24.
4125 76. 24.
4126 76. 24.
4127 77. 23.
4128 77. 23.
4129 77. 23.
4130 77. 23.
4131 78. 22.
4132 78. 22.
4133 78. 22.
4134 78. 22.
4135 78. 22.
4136 78. 22.
4137 78. 22.
4138 78. 22.
4139 79. 21.
4140 79. 21.
4141 79. 21.
4142 79. 21.
4143 79. 21.
4144 78. 22.
4145 78. 22.
4146 78. 22.
4147 78. 22.
4148 78. 22.
4149 78. 22.
4150 77. 23.
4151 77. 23.
4152 77. 23.
4153 77. 23.
4154 77. 23.
4155 78. 22.
4156 78. 22.
4157 77. 23.
4158 78. 22.
4159 78. 22.
4160 78. 22.
4161 78. 22.
4162 78. 22.
4163 79. 21.
4164 79. 21.
4165 79. 21.
4166 79. 21.
4167 79. 21.
4168 79. 21.
4169 79. 21.
4170 79. 21.
4171 79. 21.
4172 79. 21.
4173 79. 21.
4174 79. 21.
4175 79. 21.
4176 79. 21.
4177 79. 21.
4178 79. 21.
4179 79. 21.
4180 79. 21.
4181 79. 21.
4182 79. 21.
4183 79. 21.
4184 80. 20.
4185 81. 19.
4186 80. 20.
4187 80. 20.
4188 81. 19.
4189 81. 19.
4190 82. 18.
4191 82. 18.
4192 82. 18.
4193 82. 18.
4194 82. 18.
4195 82. 18.
4196 82. 18.
4197 81. 19.
4198 81. 19.
4199 82. 18.
4200 82. 18.
4201 82. 18.
4202 82. 18.
4203 82. 18.
4204 83. 17.
4205 83. 17.
4206 84. 16.
4207 84. 16.
4208 84. 16.
4209 84. 16.
4210 84. 16.
4211 84. 16.
4212 84. 16.
4213 85. 15.
4214 85. 15.
4215 85. 15.
4216 85. 15.
4217 85. 15.
4218 85. 15.
4219 85. 15.
4220 85. 15.
4221 85. 15.
4222 85. 15.
4223 85. 15.
4224 85. 15.
4225 86. 14.
4226 86. 14.
4227 86. 14.
4228 86. 14.
4229 86. 14.
4230 86. 14.
4231 86. 14.
4232 86. 14.
4233 86. 14.
4234 86. 14.
4235 86. 14.
4236 86. 14.
4237 85. 15.
4238 85. 15.
4239 85. 15.
4240 85. 15.
4241 85. 15.
4242 85. 15.
4243 85. 15.
4244 85. 15.
4245 85. 15.
4246 85. 15.
4247 85. 15.
4248 85. 15.
4249 85. 15.
4250 84. 16.
4251 84. 16.
4252 84. 16.
4253 84. 16.
4254 84. 16.
4255 84. 16.
4256 85. 15.
4257 86. 14.
4258 86. 14.
4259 86. 14.
4260 85. 15.
4261 86. 14.
4262 86. 14.
4263 86. 14.
4264 86. 14.
4265 86. 14.
4266 86. 14.
4267 86. 14.
4268 86. 14.
4269 86. 14.
4270 86. 14.
4271 86. 14.
4272 86. 14.
4273 86. 14.
4274 86. 14.
4275 87. 13.
4276 87. 13.
4277 87. 13.
4278 87. 13.
4279 87. 13.
4280 87. 13.
4281 87. 13.
4282 87. 13.
4283 87. 13.
4284 87. 13.
4285 87. 13.
4286 87. 13.
4287 87. 13.
4288 87. 13.
4289 87. 13.
4290 87. 13.
4291 87. 13.
4292 87. 13.
4293 87. 13.
4294 87. 13.
4295 87. 13.
4296 87. 13.
4297 87. 13.
4298 87. 13.
4299 87. 13.
4300 87. 13.
4301 87. 13.
4302 87. 13.
4303 87. 13.
4304 87. 13.
4305 87. 13.
4306 87. 13.
4307 87. 13.
4308 87. 13.
4309 87. 13.
4310 87. 13.
4311 87. 13.
4312 87. 13.
4313 87. 13.
4314 87. 13.
4315 87. 13.
4316 87. 13.
4317 88. 12.
4318 88. 12.
4319 87. 13.
4320 86. 14.
4321 86. 14.
4322 86. 14.
4323 87. 13.
4324 88. 12.
4325 88. 12.
4326 89. 11.
4327 89. 11.
4328 89. 11.
4329 90. 10.
4330 90. 10.
4331 90. 10.
4332 90. 10.
4333 90. 10.
4334 90. 10.
4335 90. 10.
4336 90. 10.
4337 90. 10.
4338 90. 10.
4339 90. 10.
4340 90. 10.
4341 90. 10.
4342 90. 10.
4343 90. 10.
4344 90. 10.
4345 90. 10.
4346 91. 9.
4347 91. 9.
4348 91. 9.
4349 91. 9.
4350 91. 9.
4351 91. 9.
4352 91. 9.
4353 91. 9.
4354 91. 9.
4355 90. 10.
4356 89. 11.
4357 89. 11.
4358 89. 11.
4359 89. 11.
4360 90. 10.
4361 89. 11.
4362 89. 11.
4363 89. 11.
4364 89. 11.
4365 89. 11.
4366 89. 11.
4367 89. 11.
4368 89. 11.
4369 89. 11.
4370 89. 11.
4371 89. 11.
4372 89. 11.
4373 89. 11.
4374 89. 11.
4375 89. 11.
4376 89. 11.
4377 89. 11.
4378 89. 11.
4379 89. 11.
4380 89. 11.
4381 89. 11.
4382 89. 11.
4383 89. 11.
4384 89. 11.
4385 89. 11.
4386 89. 11.
4387 89. 11.
4388 89. 11.
4389 89. 11.
4390 89. 11.
4391 89. 11.
4392 89. 11.
4393 89. 11.
4394 90. 10.
4395 91. 9.
4396 91. 9.
4397 91. 9.
4398 90. 10.
4399 90. 10.
4400 90. 10.
4401 91. 9.
4402 91. 9.
4403 91. 9.
4404 91. 9.
4405 91. 9.
4406 90. 10.
4407 90. 10.
4408 90. 10.
4409 90. 10.
4410 90. 10.
4411 90. 10.
4412 91. 9.
4413 91. 9.
4414 91. 9.
4415 91. 9.
4416 91. 9.
4417 92. 8.
4418 91. 9.
4419 91. 9.
4420 91. 9.
4421 91. 9.
4422 91. 9.
4423 91. 9.
4424 91. 9.
4425 91. 9.
4426 92. 8.
4427 92. 8.
4428 92. 8.
4429 93. 7.
4430 93. 7.
4431 93. 7.
4432 93. 7.
4433 93. 7.
4434 92. 8.
4435 92. 8.
4436 92. 8.
4437 92. 8.
4438 92. 8.
4439 92. 8.
4440 92. 8.
4441 92. 8.
4442 92. 8.
4443 92. 8.
4444 92. 8.
4445 92. 8.
4446 92. 8.
4447 92. 8.
4448 92. 8.
4449 92. 8.
4450 92. 8.
4451 92. 8.
4452 92. 8.
4453 92. 8.
4454 92. 8.
4455 92. 8.
4456 92. 8.
4457 92. 8.
4458 92. 8.
4459 92. 8.
4460 92. 8.
4461 92. 8.
4462 92. 8.
4463 92. 8.
4464 92. 8.
4465 92. 8.
4466 92. 8.
4467 92. 8.
4468 92. 8.
4469 92. 8.
4470 92. 8.
4471 92. 8.
4472 93. 7.
4473 93. 7.
4474 94. 6.
4475 94. 6.
4476 94. 6.
4477 95. 5.
4478 95. 5.
4479 95. 5.
4480 95. 5.
4481 95. 5.
4482 95. 5.
4483 95. 5.
4484 95. 5.
4485 95. 5.
4486 95. 5.
4487 95. 5.
4488 95. 5.
4489 95. 5.
4490 95. 5.
4491 95. 5.
4492 95. 5.
4493 95. 5.
4494 95. 5.
4495 95. 5.
4496 95. 5.
4497 95. 5.
4498 95. 5.
4499 95. 5.
4500 95. 5.
4501 95. 5.
4502 95. 5.
4503 95. 5.
4504 95. 5.
4505 95. 5.
4506 95. 5.
4507 95. 5.
4508 95. 5.
4509 95. 5.
4510 95. 5.
4511 95. 5.
4512 95. 5.
4513 95. 5.
4514 95. 5.
4515 95. 5.
4516 95. 5.
4517 95. 5.
4518 95. 5.
4519 95. 5.
4520 95. 5.
4521 95. 5.
4522 95. 5.
4523 95. 5.
4524 95. 5.
4525 95. 5.
4526 95. 5.
4527 95. 5.
4528 95. 5.
4529 95. 5.
4530 95. 5.
4531 95. 5.
4532 95. 5.
4533 95. 5.
4534 95. 5.
4535 95. 5.
4536 95. 5.
4537 95. 5.
4538 95. 5.
4539 95. 5.
4540 95. 5.
4541 94. 6.
4542 94. 6.
4543 94. 6.
4544 95. 5.
4545 95. 5.
4546 94. 6.
4547 94. 6.
4548 94. 6.
4549 94. 6.
4550 94. 6.
4551 94. 6.
4552 94. 6.
4553 94. 6.
4554 94. 6.
4555 94. 6.
4556 94. 6.
4557 94. 6.
4558 94. 6.
4559 94. 6.
4560 93. 7.
4561 93. 7.
4562 93. 7.
4563 93. 7.
4564 93. 7.
4565 93. 7.
4566 93. 7.
4567 94. 6.
4568 94. 6.
4569 94. 6.
4570 94. 6.
4571 94. 6.
4572 94. 6.
4573 94. 6.
4574 95. 5.
4575 95. 5.
4576 95. 5.
4577 95. 5.
4578 95. 5.
4579 95. 5.
4580 95. 5.
4581 95. 5.
4582 95. 5.
4583 95. 5.
4584 95. 5.
4585 95. 5.
4586 96. 4.
4587 96. 4.
4588 96. 4.
4589 96. 4.
4590 96. 4.
4591 96. 4.
4592 96. 4.
4593 96. 4.
4594 96. 4.
4595 96. 4.
4596 96. 4.
4597 96. 4.
4598 96. 4.
4599 96. 4.
4600 97. 3.
4601 97. 3.
4602 97. 3.
4603 97. 3.
4604 97. 3.
4605 97. 3.
4606 97. 3.
4607 97. 3.
4608 98. 2.
4609 98. 2.
4610 98. 2.
4611 98. 2.
4612 98. 2.
4613 98. 2.
4614 98. 2.
4615 98. 2.
4616 98. 2.
4617 99. 1.
4618 99. 1.
4619 99. 1.
4620 99. 1.
4621 99. 1.
4622 99. 1.
4623 99. 1.
4624 99. 1.
4625 99. 1.
4626 99. 1.
4627 99. 1.
4628 99. 1.
4629 99. 1.
4630 99. 1.
4631 99. 1.
4632 99. 1.
4633 99. 1.
4634 99. 1.
4635 99. 1.
4636 99. 1.
4637 99. 1.
4638 99. 1.
4639 99. 1.
