0 15. 85.
1 15. 85.
2 15. 85.
3 15. 85.
4 15. 85.
5 15. 85.
6 15. 85.
7 15. 85.
8 15. 85.
9 15. 85.
10 15. 85.
11 15. 85.
12 15. 85.
13 15. 85.
14 15. 85.
15 16. 84.
16 16. 84.
17 16. 84.
18 16. 84.
19 16. 84.
20 16. 84.
21 15. 85.
22 15. 85.
23 15. 85.
24 15. 85.
25 15. 85.
26 15. 85.
27 15. 85.
28 15. 85.
29 15. 85.
30 15. 85.
31 16. 84.
32 16. 84.
33 16. 84.
34 16. 84.
35 16. 84.
36 16. 84.
37 16. 84.
38 16. 84.
39 16. 84.
40 16. 84.
41 16. 84.
42 16. 84.
43 16. 84.
44 16. 84.
45 16. 84.
46 16. 84.
47 16. 84.
48 17. 83.
49 17. 83.
50 17. 83.
51 17. 83.
52 17. 83.
53 17. 83.
54 17. 83.
55 17. 83.
56 17. 83.
57 17. 83.
58 17. 83.
59 16. 84.
60 16. 84.
61 17. 83.
62 17. 83.
63 17. 83.
64 17. 83.
65 18. 82.
66 19. 81.
67 19. 81.
68 18. 82.
69 18. 82.
70 19. 81.
71 19. 81.
72 19. 81.
73 20. 80.
74 20. 80.
75 21. 79.
76 21. 79.
77 21. 79.
78 21. 79.
79 21. 79.
80 21. 79.
81 21. 79.
82 21. 79.
83 22. 78.
84 22. 78.
85 22. 78.
86 22. 78.
87 22. 78.
88 22. 78.
89 23. 77.
90 23. 77.
91 23. 77.
92 23. 77.
93 23. 77.
94 23. 77.
95 23. 77.
96 23. 77.
97 23. 77.
98 23. 77.
99 23. 77.
100 24. 76.
101 23. 77.
102 23. 77.
103 23. 77.
104 23. 77.
105 23. 77.
106 23. 77.
107 24. 76.
108 24. 76.
109 23. 77.
110 23. 77.
111 23. 77.
112 23. 77.
113 23. 77.
114 23. 77.
115 23. 77.
116 23. 77.
117 23. 77.
118 23. 77.
119 23. 77.
120 23. 77.
121 22. 78.
122 22. 78.
123 22. 78.
124 22. 78.
125 22. 78.
126 22. 78.
127 22. 78.
128 22. 78.
129 22. 78.
130 22. 78.
131 22. 78.
132 22. 78.
133 22. 78.
134 22. 78.
135 23. 77.
136 23. 77.
137 23. 77.
138 23. 77.
139 23. 77.
140 23. 77.
141 23. 77.
142 23. 77.
143 24. 76.
144 24. 76.
145 24. 76.
146 24. 76.
147 24. 76.
148 24. 76.
149 25. 75.
150 26. 74.
151 27. 73.
152 26. 74.
153 26. 74.
154 26. 74.
155 26. 74.
156 26. 74.
157 25. 75.
158 25. 75.
159 25. 75.
160 25. 75.
161 25. 75.
162 25. 75.
163 25. 75.
164 26. 74.
165 26. 74.
166 26. 74.
167 26. 74.
168 27. 73.
169 27. 73.
170 26. 74.
171 27. 73.
172 27. 73.
173 28. 72.
174 28. 72.
175 29. 71.
176 29. 71.
177 29. 71.
178 30. 70.
179 30. 70.
180 30. 70.
181 30. 70.
182 30. 70.
183 30. 70.
184 29. 71.
185 28. 72.
186 29. 71.
187 29. 71.
188 28. 72.
189 28. 72.
190 28. 72.
191 27. 73.
192 27. 73.
193 27. 73.
194 27. 73.
195 27. 73.
196 27. 73.
197 27. 73.
198 27. 73.
199 27. 73.
200 27. 73.
201 28. 72.
202 27. 73.
203 27. 73.
204 26. 74.
205 26. 74.
206 27. 73.
207 27. 73.
208 27. 73.
209 27. 73.
210 27. 73.
211 27. 73.
212 27. 73.
213 27. 73.
214 27. 73.
215 27. 73.
216 26. 74.
217 27. 73.
218 28. 72.
219 27. 73.
220 27. 73.
221 27. 73.
222 27. 73.
223 26. 74.
224 26. 74.
225 26. 74.
226 27. 73.
227 27. 73.
228 26. 74.
229 26. 74.
230 27. 73.
231 27. 73.
232 26. 74.
233 26. 74.
234 26. 74.
235 26. 74.
236 26. 74.
237 26. 74.
238 26. 74.
239 26. 74.
240 27. 73.
241 27. 73.
242 28. 72.
243 28. 72.
244 28. 72.
245 28. 72.
246 28. 72.
247 28. 72.
248 28. 72.
249 28. 72.
250 28. 72.
251 27. 73.
252 27. 73.
253 27. 73.
254 27. 73.
255 27. 73.
256 27. 73.
257 27. 73.
258 27. 73.
259 27. 73.
260 26. 74.
261 26. 74.
262 25. 75.
263 25. 75.
264 25. 75.
265 25. 75.
266 25. 75.
267 25. 75.
268 25. 75.
269 25. 75.
270 25. 75.
271 25. 75.
272 26. 74.
273 26. 74.
274 27. 73.
275 27. 73.
276 28. 72.
277 28. 72.
278 28. 72.
279 28. 72.
280 28. 72.
281 29. 71.
282 29. 71.
283 29. 71.
284 29. 71.
285 30. 70.
286 30. 70.
287 30. 70.
288 30. 70.
289 30. 70.
290 30. 70.
291 30. 70.
292 31. 69.
293 31. 69.
294 31. 69.
295 31. 69.
296 31. 69.
297 31. 69.
298 31. 69.
299 31. 69.
300 31. 69.
301 31. 69.
302 31. 69.
303 31. 69.
304 30. 70.
305 30. 70.
306 30. 70.
307 30. 70.
308 30. 70.
309 30. 70.
310 30. 70.
311 30. 70.
312 30. 70.
313 30. 70.
314 29. 71.
315 28. 72.
316 27. 73.
317 27. 73.
318 27. 73.
319 27. 73.
320 27. 73.
321 26. 74.
322 25. 75.
323 25. 75.
324 25. 75.
325 25. 75.
326 25. 75.
327 26. 74.
328 26. 74.
329 26. 74.
330 27. 73.
331 27. 73.
332 28. 72.
333 29. 71.
334 29. 71.
335 29. 71.
336 29. 71.
337 29. 71.
338 30. 70.
339 30. 70.
340 29. 71.
341 29. 71.
342 29. 71.
343 29. 71.
344 29. 71.
345 29. 71.
346 29. 71.
347 29. 71.
348 29. 71.
349 29. 71.
350 29. 71.
351 29. 71.
352 28. 72.
353 28. 72.
354 28. 72.
355 28. 72.
356 29. 71.
357 29. 71.
358 29. 71.
359 29. 71.
360 29. 71.
361 29. 71.
362 28. 72.
363 28. 72.
364 29. 71.
365 29. 71.
366 29. 71.
367 29. 71.
368 29. 71.
369 29. 71.
370 29. 71.
371 29. 71.
372 29. 71.
373 29. 71.
374 29. 71.
375 30. 70.
376 30. 70.
377 30. 70.
378 30. 70.
379 30. 70.
380 30. 70.
381 30. 70.
382 31. 69.
383 30. 70.
384 29. 71.
385 29. 71.
386 29. 71.
387 29. 71.
388 29. 71.
389 29. 71.
390 29. 71.
391 28. 72.
392 29. 71.
393 29. 71.
394 29. 71.
395 29. 71.
396 30. 70.
397 30. 70.
398 30. 70.
399 30. 70.
400 30. 70.
401 30. 70.
402 30. 70.
403 30. 70.
404 30. 70.
405 30. 70.
406 30. 70.
407 29. 71.
408 29. 71.
409 29. 71.
410 29. 71.
411 29. 71.
412 29. 71.
413 29. 71.
414 29. 71.
415 29. 71.
416 29. 71.
417 29. 71.
418 29. 71.
419 29. 71.
420 29. 71.
421 29. 71.
422 29. 71.
423 29. 71.
424 29. 71.
425 29. 71.
426 29. 71.
427 28. 72.
428 28. 72.
429 28. 72.
430 28. 72.
431 28. 72.
432 29. 71.
433 29. 71.
434 28. 72.
435 28. 72.
436 28. 72.
437 28. 72.
438 29. 71.
439 29. 71.
440 29. 71.
441 29. 71.
442 28. 72.
443 28. 72.
444 28. 72.
445 28. 72.
446 28. 72.
447 27. 73.
448 27. 73.
449 27. 73.
450 27. 73.
451 27. 73.
452 27. 73.
453 27. 73.
454 26. 74.
455 26. 74.
456 26. 74.
457 26. 74.
458 26. 74.
459 26. 74.
460 25. 75.
461 25. 75.
462 25. 75.
463 25. 75.
464 25. 75.
465 24. 76.
466 24. 76.
467 24. 76.
468 24. 76.
469 24. 76.
470 24. 76.
471 25. 75.
472 25. 75.
473 25. 75.
474 24. 76.
475 24. 76.
476 24. 76.
477 24. 76.
478 24. 76.
479 24. 76.
480 24. 76.
481 25. 75.
482 25. 75.
483 25. 75.
484 25. 75.
485 25. 75.
486 26. 74.
487 26. 74.
488 25. 75.
489 25. 75.
490 24. 76.
491 24. 76.
492 25. 75.
493 25. 75.
494 25. 75.
495 25. 75.
496 24. 76.
497 23. 77.
498 23. 77.
499 24. 76.
500 24. 76.
501 24. 76.
502 24. 76.
503 24. 76.
504 24. 76.
505 24. 76.
506 24. 76.
507 23. 77.
508 24. 76.
509 24. 76.
510 23. 77.
511 22. 78.
512 22. 78.
513 23. 77.
514 23. 77.
515 23. 77.
516 23. 77.
517 23. 77.
518 23. 77.
519 23. 77.
520 23. 77.
521 23. 77.
522 23. 77.
523 23. 77.
524 24. 76.
525 24. 76.
526 24. 76.
527 24. 76.
528 24. 76.
529 24. 76.
530 25. 75.
531 25. 75.
532 25. 75.
533 25. 75.
534 25. 75.
535 26. 74.
536 26. 74.
537 26. 74.
538 26. 74.
539 26. 74.
540 26. 74.
541 25. 75.
542 25. 75.
543 25. 75.
544 25. 75.
545 25. 75.
546 25. 75.
547 26. 74.
548 26. 74.
549 26. 74.
550 26. 74.
551 26. 74.
552 26. 74.
553 26. 74.
554 26. 74.
555 25. 75.
556 25. 75.
557 24. 76.
558 24. 76.
559 24. 76.
560 23. 77.
561 23. 77.
562 23. 77.
563 23. 77.
564 23. 77.
565 23. 77.
566 23. 77.
567 23. 77.
568 23. 77.
569 23. 77.
570 23. 77.
571 23. 77.
572 23. 77.
573 23. 77.
574 23. 77.
575 24. 76.
576 24. 76.
577 24. 76.
578 25. 75.
579 25. 75.
580 25. 75.
581 25. 75.
582 25. 75.
583 25. 75.
584 24. 76.
585 24. 76.
586 24. 76.
587 24. 76.
588 24. 76.
589 25. 75.
590 25. 75.
591 25. 75.
592 25. 75.
593 25. 75.
594 25. 75.
595 25. 75.
596 25. 75.
597 25. 75.
598 25. 75.
599 26. 74.
600 26. 74.
601 26. 74.
602 26. 74.
603 26. 74.
604 26. 74.
605 26. 74.
606 26. 74.
607 26. 74.
608 26. 74.
609 25. 75.
610 26. 74.
611 26. 74.
612 26. 74.
613 26. 74.
614 26. 74.
615 26. 74.
616 26. 74.
617 26. 74.
618 26. 74.
619 25. 75.
620 25. 75.
621 25. 75.
622 26. 74.
623 26. 74.
624 26. 74.
625 26. 74.
626 26. 74.
627 26. 74.
628 26. 74.
629 26. 74.
630 26. 74.
631 26. 74.
632 26. 74.
633 26. 74.
634 27. 73.
635 27. 73.
636 28. 72.
637 28. 72.
638 28. 72.
639 29. 71.
640 30. 70.
641 30. 70.
642 30. 70.
643 30. 70.
644 30. 70.
645 30. 70.
646 30. 70.
647 31. 69.
648 31. 69.
649 32. 68.
650 32. 68.
651 32. 68.
652 32. 68.
653 32. 68.
654 32. 68.
655 32. 68.
656 31. 69.
657 31. 69.
658 31. 69.
659 31. 69.
660 31. 69.
661 31. 69.
662 31. 69.
663 31. 69.
664 31. 69.
665 31. 69.
666 31. 69.
667 31. 69.
668 31. 69.
669 32. 68.
670 31. 69.
671 31. 69.
672 31. 69.
673 31. 69.
674 31. 69.
675 31. 69.
676 32. 68.
677 32. 68.
678 32. 68.
679 31. 69.
680 31. 69.
681 31. 69.
682 30. 70.
683 31. 69.
684 31. 69.
685 31. 69.
686 31. 69.
687 31. 69.
688 31. 69.
689 31. 69.
690 31. 69.
691 31. 69.
692 31. 69.
693 31. 69.
694 31. 69.
695 30. 70.
696 29. 71.
697 29. 71.
698 29. 71.
699 29. 71.
700 29. 71.
701 29. 71.
702 29. 71.
703 29. 71.
704 29. 71.
705 29. 71.
706 29. 71.
707 29. 71.
708 29. 71.
709 29. 71.
710 29. 71.
711 29. 71.
712 29. 71.
713 29. 71.
714 29. 71.
715 30. 70.
716 30. 70.
717 30. 70.
718 30. 70.
719 30. 70.
720 30. 70.
721 30. 70.
722 30. 70.
723 30. 70.
724 30. 70.
725 30. 70.
726 30. 70.
727 30. 70.
728 30. 70.
729 30. 70.
730 30. 70.
731 30. 70.
732 30. 70.
733 31. 69.
734 31. 69.
735 30. 70.
736 30. 70.
737 30. 70.
738 30. 70.
739 30. 70.
740 30. 70.
741 30. 70.
742 30. 70.
743 30. 70.
744 30. 70.
745 30. 70.
746 30. 70.
747 30. 70.
748 30. 70.
749 30. 70.
750 30. 70.
751 30. 70.
752 30. 70.
753 30. 70.
754 30. 70.
755 30. 70.
756 30. 70.
757 30. 70.
758 30. 70.
759 29. 71.
760 29. 71.
761 28. 72.
762 28. 72.
763 27. 73.
764 27. 73.
765 27. 73.
766 28. 72.
767 27. 73.
768 27. 73.
769 27. 73.
770 27. 73.
771 27. 73.
772 27. 73.
773 27. 73.
774 27. 73.
775 27. 73.
776 27. 73.
777 28. 72.
778 28. 72.
779 28. 72.
780 28. 72.
781 27. 73.
782 27. 73.
783 27. 73.
784 27. 73.
785 27. 73.
786 27. 73.
787 28. 72.
788 28. 72.
789 28. 72.
790 28. 72.
791 28. 72.
792 28. 72.
793 28. 72.
794 29. 71.
795 29. 71.
796 29. 71.
797 29. 71.
798 28. 72.
799 28. 72.
800 28. 72.
801 28. 72.
802 28. 72.
803 28. 72.
804 29. 71.
805 29. 71.
806 29. 71.
807 29. 71.
808 29. 71.
809 30. 70.
810 30. 70.
811 30. 70.
812 30. 70.
813 30. 70.
814 30. 70.
815 31. 69.
816 31. 69.
817 31. 69.
818 31. 69.
819 31. 69.
820 31. 69.
821 31. 69.
822 31. 69.
823 30. 70.
824 30. 70.
825 30. 70.
826 30. 70.
827 30. 70.
828 30. 70.
829 29. 71.
830 28. 72.
831 28. 72.
832 28. 72.
833 28. 72.
834 28. 72.
835 28. 72.
836 28. 72.
837 28. 72.
838 28. 72.
839 28. 72.
840 28. 72.
841 28. 72.
842 28. 72.
843 27. 73.
844 27. 73.
845 27. 73.
846 27. 73.
847 27. 73.
848 27. 73.
849 27. 73.
850 28. 72.
851 28. 72.
852 28. 72.
853 28. 72.
854 28. 72.
855 28. 72.
856 28. 72.
857 27. 73.
858 27. 73.
859 28. 72.
860 28. 72.
861 28. 72.
862 28. 72.
863 28. 72.
864 27. 73.
865 26. 74.
866 25. 75.
867 25. 75.
868 25. 75.
869 25. 75.
870 25. 75.
871 25. 75.
872 24. 76.
873 24. 76.
874 24. 76.
875 24. 76.
876 24. 76.
877 24. 76.
878 24. 76.
879 25. 75.
880 25. 75.
881 25. 75.
882 25. 75.
883 25. 75.
884 25. 75.
885 24. 76.
886 23. 77.
887 23. 77.
888 23. 77.
889 23. 77.
890 23. 77.
891 22. 78.
892 22. 78.
893 22. 78.
894 22. 78.
895 22. 78.
896 22. 78.
897 22. 78.
898 22. 78.
899 22. 78.
900 22. 78.
901 22. 78.
902 22. 78.
903 22. 78.
904 22. 78.
905 23. 77.
906 24. 76.
907 25. 75.
908 25. 75.
909 25. 75.
910 25. 75.
911 26. 74.
912 26. 74.
913 26. 74.
914 26. 74.
915 26. 74.
916 26. 74.
917 26. 74.
918 26. 74.
919 26. 74.
920 25. 75.
921 25. 75.
922 25. 75.
923 25. 75.
924 25. 75.
925 25. 75.
926 25. 75.
927 25. 75.
928 25. 75.
929 24. 76.
930 24. 76.
931 25. 75.
932 25. 75.
933 25. 75.
934 25. 75.
935 25. 75.
936 25. 75.
937 25. 75.
938 25. 75.
939 24. 76.
940 25. 75.
941 24. 76.
942 23. 77.
943 23. 77.
944 23. 77.
945 23. 77.
946 23. 77.
947 23. 77.
948 22. 78.
949 22. 78.
950 22. 78.
951 23. 77.
952 23. 77.
953 23. 77.
954 23. 77.
955 23. 77.
956 23. 77.
957 23. 77.
958 23. 77.
959 23. 77.
960 23. 77.
961 23. 77.
962 23. 77.
963 23. 77.
964 23. 77.
965 22. 78.
966 22. 78.
967 22. 78.
968 22. 78.
969 22. 78.
970 22. 78.
971 22. 78.
972 23. 77.
973 23. 77.
974 22. 78.
975 21. 79.
976 21. 79.
977 21. 79.
978 21. 79.
979 20. 80.
980 20. 80.
981 20. 80.
982 20. 80.
983 20. 80.
984 20. 80.
985 20. 80.
986 20. 80.
987 20. 80.
988 21. 79.
989 21. 79.
990 21. 79.
991 21. 79.
992 21. 79.
993 21. 79.
994 21. 79.
995 21. 79.
996 21. 79.
997 21. 79.
998 22. 78.
999 21. 79.
1000 21. 79.
1001 21. 79.
1002 21. 79.
1003 21. 79.
1004 21. 79.
1005 21. 79.
1006 21. 79.
1007 21. 79.
1008 21. 79.
1009 20. 80.
1010 20. 80.
1011 20. 80.
1012 20. 80.
1013 21. 79.
1014 21. 79.
1015 21. 79.
1016 21. 79.
1017 21. 79.
1018 21. 79.
1019 21. 79.
1020 21. 79.
1021 20. 80.
1022 20. 80.
1023 21. 79.
1024 21. 79.
1025 21. 79.
1026 21. 79.
1027 21. 79.
1028 21. 79.
1029 21. 79.
1030 21. 79.
1031 21. 79.
1032 21. 79.
1033 21. 79.
1034 21. 79.
1035 21. 79.
1036 21. 79.
1037 21. 79.
1038 21. 79.
1039 21. 79.
1040 20. 80.
1041 20. 80.
1042 21. 79.
1043 21. 79.
1044 21. 79.
1045 21. 79.
1046 22. 78.
1047 22. 78.
1048 22. 78.
1049 22. 78.
1050 21. 79.
1051 21. 79.
1052 21. 79.
1053 21. 79.
1054 21. 79.
1055 21. 79.
1056 21. 79.
1057 21. 79.
1058 21. 79.
1059 21. 79.
1060 22. 78.
1061 22. 78.
1062 22. 78.
1063 22. 78.
1064 21. 79.
1065 21. 79.
1066 21. 79.
1067 21. 79.
1068 21. 79.
1069 21. 79.
1070 21. 79.
1071 21. 79.
1072 21. 79.
1073 21. 79.
1074 21. 79.
1075 21. 79.
1076 22. 78.
1077 22. 78.
1078 21. 79.
1079 22. 78.
1080 22. 78.
1081 23. 77.
1082 23. 77.
1083 23. 77.
1084 24. 76.
1085 24. 76.
1086 24. 76.
1087 24. 76.
1088 23. 77.
1089 23. 77.
1090 23. 77.
1091 23. 77.
1092 23. 77.
1093 23. 77.
1094 22. 78.
1095 23. 77.
1096 23. 77.
1097 23. 77.
1098 23. 77.
1099 23. 77.
1100 23. 77.
1101 23. 77.
1102 23. 77.
1103 23. 77.
1104 23. 77.
1105 23. 77.
1106 23. 77.
1107 23. 77.
1108 23. 77.
1109 23. 77.
1110 22. 78.
1111 22. 78.
1112 22. 78.
1113 22. 78.
1114 22. 78.
1115 22. 78.
1116 22. 78.
1117 22. 78.
1118 22. 78.
1119 22. 78.
1120 22. 78.
1121 22. 78.
1122 22. 78.
1123 22. 78.
1124 21. 79.
1125 20. 80.
1126 20. 80.
1127 20. 80.
1128 20. 80.
1129 21. 79.
1130 21. 79.
1131 20. 80.
1132 20. 80.
1133 20. 80.
1134 20. 80.
1135 20. 80.
1136 20. 80.
1137 20. 80.
1138 20. 80.
1139 20. 80.
1140 20. 80.
1141 20. 80.
1142 20. 80.
1143 20. 80.
1144 20. 80.
1145 20. 80.
1146 20. 80.
1147 20. 80.
1148 20. 80.
1149 20. 80.
1150 21. 79.
1151 21. 79.
1152 21. 79.
1153 21. 79.
1154 21. 79.
1155 21. 79.
1156 21. 79.
1157 21. 79.
1158 21. 79.
1159 21. 79.
1160 22. 78.
1161 22. 78.
1162 22. 78.
1163 22. 78.
1164 23. 77.
1165 23. 77.
1166 22. 78.
1167 21. 79.
1168 21. 79.
1169 20. 80.
1170 20. 80.
1171 20. 80.
1172 20. 80.
1173 20. 80.
1174 20. 80.
1175 21. 79.
1176 21. 79.
1177 22. 78.
1178 22. 78.
1179 22. 78.
1180 22. 78.
1181 22. 78.
1182 22. 78.
1183 23. 77.
1184 22. 78.
1185 23. 77.
1186 23. 77.
1187 22. 78.
1188 22. 78.
1189 22. 78.
1190 21. 79.
1191 21. 79.
1192 21. 79.
1193 21. 79.
1194 21. 79.
1195 21. 79.
1196 20. 80.
1197 21. 79.
1198 21. 79.
1199 21. 79.
1200 21. 79.
1201 21. 79.
1202 21. 79.
1203 21. 79.
1204 21. 79.
1205 22. 78.
1206 22. 78.
1207 21. 79.
1208 21. 79.
1209 21. 79.
1210 22. 78.
1211 22. 78.
1212 22. 78.
1213 22. 78.
1214 22. 78.
1215 22. 78.
1216 23. 77.
1217 23. 77.
1218 24. 76.
1219 25. 75.
1220 25. 75.
1221 24. 76.
1222 24. 76.
1223 25. 75.
1224 25. 75.
1225 25. 75.
1226 26. 74.
1227 25. 75.
1228 25. 75.
1229 25. 75.
1230 25. 75.
1231 24. 76.
1232 24. 76.
1233 24. 76.
1234 23. 77.
1235 23. 77.
1236 23. 77.
1237 23. 77.
1238 23. 77.
1239 23. 77.
1240 24. 76.
1241 24. 76.
1242 24. 76.
1243 23. 77.
1244 23. 77.
1245 23. 77.
1246 23. 77.
1247 23. 77.
1248 22. 78.
1249 23. 77.
1250 23. 77.
1251 23. 77.
1252 23. 77.
1253 22. 78.
1254 22. 78.
1255 23. 77.
1256 23. 77.
1257 23. 77.
1258 23. 77.
1259 23. 77.
1260 23. 77.
1261 23. 77.
1262 23. 77.
1263 23. 77.
1264 23. 77.
1265 24. 76.
1266 24. 76.
1267 24. 76.
1268 24. 76.
1269 24. 76.
1270 24. 76.
1271 24. 76.
1272 24. 76.
1273 24. 76.
1274 24. 76.
1275 23. 77.
1276 24. 76.
1277 25. 75.
1278 25. 75.
1279 25. 75.
1280 25. 75.
1281 25. 75.
1282 25. 75.
1283 25. 75.
1284 25. 75.
1285 25. 75.
1286 25. 75.
1287 25. 75.
1288 25. 75.
1289 25. 75.
1290 25. 75.
1291 26. 74.
1292 26. 74.
1293 25. 75.
1294 25. 75.
1295 26. 74.
1296 26. 74.
1297 27. 73.
1298 27. 73.
1299 27. 73.
1300 26. 74.
1301 26. 74.
1302 26. 74.
1303 26. 74.
1304 26. 74.
1305 27. 73.
1306 27. 73.
1307 27. 73.
1308 27. 73.
1309 26. 74.
1310 26. 74.
1311 26. 74.
1312 27. 73.
1313 27. 73.
1314 27. 73.
1315 27. 73.
1316 27. 73.
1317 27. 73.
1318 27. 73.
1319 28. 72.
1320 28. 72.
1321 28. 72.
1322 28. 72.
1323 28. 72.
1324 28. 72.
1325 28. 72.
1326 28. 72.
1327 28. 72.
1328 28. 72.
1329 28. 72.
1330 28. 72.
1331 28. 72.
1332 28. 72.
1333 29. 71.
1334 29. 71.
1335 29. 71.
1336 29. 71.
1337 29. 71.
1338 29. 71.
1339 30. 70.
1340 30. 70.
1341 30. 70.
1342 29. 71.
1343 28. 72.
1344 28. 72.
1345 28. 72.
1346 27. 73.
1347 27. 73.
1348 27. 73.
1349 27. 73.
1350 27. 73.
1351 28. 72.
1352 28. 72.
1353 28. 72.
1354 27. 73.
1355 27. 73.
1356 27. 73.
1357 27. 73.
1358 26. 74.
1359 26. 74.
1360 26. 74.
1361 26. 74.
1362 26. 74.
1363 26. 74.
1364 26. 74.
1365 26. 74.
1366 26. 74.
1367 26. 74.
1368 26. 74.
1369 26. 74.
1370 27. 73.
1371 27. 73.
1372 27. 73.
1373 27. 73.
1374 26. 74.
1375 26. 74.
1376 26. 74.
1377 26. 74.
1378 26. 74.
1379 26. 74.
1380 26. 74.
1381 26. 74.
1382 25. 75.
1383 25. 75.
1384 25. 75.
1385 25. 75.
1386 25. 75.
1387 24. 76.
1388 24. 76.
1389 24. 76.
1390 24. 76.
1391 24. 76.
1392 24. 76.
1393 24. 76.
1394 24. 76.
1395 24. 76.
1396 23. 77.
1397 24. 76.
1398 24. 76.
1399 24. 76.
1400 24. 76.
1401 24. 76.
1402 24. 76.
1403 24. 76.
1404 24. 76.
1405 24. 76.
1406 25. 75.
1407 25. 75.
1408 25. 75.
1409 25. 75.
1410 25. 75.
1411 26. 74.
1412 26. 74.
1413 26. 74.
1414 26. 74.
1415 26. 74.
1416 26. 74.
1417 26. 74.
1418 25. 75.
1419 26. 74.
1420 26. 74.
1421 26. 74.
1422 26. 74.
1423 26. 74.
1424 26. 74.
1425 26. 74.
1426 26. 74.
1427 26. 74.
1428 26. 74.
1429 27. 73.
1430 27. 73.
1431 27. 73.
1432 27. 73.
1433 27. 73.
1434 27. 73.
1435 27. 73.
1436 27. 73.
1437 27. 73.
1438 27. 73.
1439 26. 74.
1440 26. 74.
1441 26. 74.
1442 26. 74.
1443 26. 74.
1444 26. 74.
1445 25. 75.
1446 24. 76.
1447 24. 76.
1448 24. 76.
1449 23. 77.
1450 23. 77.
1451 23. 77.
1452 23. 77.
1453 23. 77.
1454 23. 77.
1455 24. 76.
1456 24. 76.
1457 24. 76.
1458 25. 75.
1459 25. 75.
1460 25. 75.
1461 24. 76.
1462 24. 76.
1463 24. 76.
1464 24. 76.
1465 24. 76.
1466 24. 76.
1467 24. 76.
1468 24. 76.
1469 24. 76.
1470 24. 76.
1471 24. 76.
1472 24. 76.
1473 24. 76.
1474 24. 76.
1475 24. 76.
1476 24. 76.
1477 24. 76.
1478 24. 76.
1479 24. 76.
1480 24. 76.
1481 24. 76.
1482 24. 76.
1483 24. 76.
1484 25. 75.
1485 25. 75.
1486 25. 75.
1487 24. 76.
1488 23. 77.
1489 23. 77.
1490 23. 77.
1491 23. 77.
1492 22. 78.
1493 21. 79.
1494 21. 79.
1495 21. 79.
1496 21. 79.
1497 21. 79.
1498 21. 79.
1499 21. 79.
1500 21. 79.
1501 20. 80.
1502 20. 80.
1503 20. 80.
1504 21. 79.
1505 21. 79.
1506 21. 79.
1507 21. 79.
1508 22. 78.
1509 22. 78.
1510 22. 78.
1511 21. 79.
1512 21. 79.
1513 22. 78.
1514 21. 79.
1515 21. 79.
1516 21. 79.
1517 21. 79.
1518 21. 79.
1519 22. 78.
1520 21. 79.
1521 21. 79.
1522 21. 79.
1523 22. 78.
1524 21. 79.
1525 21. 79.
1526 21. 79.
1527 22. 78.
1528 22. 78.
1529 22. 78.
1530 22. 78.
1531 22. 78.
1532 22. 78.
1533 21. 79.
1534 21. 79.
1535 21. 79.
1536 22. 78.
1537 22. 78.
1538 22. 78.
1539 22. 78.
1540 22. 78.
1541 22. 78.
1542 22. 78.
1543 22. 78.
1544 22. 78.
1545 22. 78.
1546 22. 78.
1547 23. 77.
1548 23. 77.
1549 23. 77.
1550 23. 77.
1551 23. 77.
1552 24. 76.
1553 24. 76.
1554 23. 77.
1555 23. 77.
1556 23. 77.
1557 23. 77.
1558 23. 77.
1559 23. 77.
1560 23. 77.
1561 23. 77.
1562 23. 77.
1563 23. 77.
1564 23. 77.
1565 23. 77.
1566 23. 77.
1567 23. 77.
1568 23. 77.
1569 23. 77.
1570 23. 77.
1571 23. 77.
1572 23. 77.
1573 23. 77.
1574 24. 76.
1575 24. 76.
1576 23. 77.
1577 23. 77.
1578 23. 77.
1579 23. 77.
1580 23. 77.
1581 24. 76.
1582 24. 76.
1583 24. 76.
1584 24. 76.
1585 24. 76.
1586 24. 76.
1587 24. 76.
1588 24. 76.
1589 24. 76.
1590 24. 76.
1591 24. 76.
1592 25. 75.
1593 25. 75.
1594 25. 75.
1595 25. 75.
1596 25. 75.
1597 25. 75.
1598 25. 75.
1599 25. 75.
1600 26. 74.
1601 26. 74.
1602 26. 74.
1603 25. 75.
1604 24. 76.
1605 24. 76.
1606 24. 76.
1607 24. 76.
1608 25. 75.
1609 25. 75.
1610 25. 75.
1611 25. 75.
1612 25. 75.
1613 25. 75.
1614 25. 75.
1615 25. 75.
1616 25. 75.
1617 25. 75.
1618 25. 75.
1619 25. 75.
1620 26. 74.
1621 26. 74.
1622 26. 74.
1623 26. 74.
1624 26. 74.
1625 26. 74.
1626 26. 74.
1627 25. 75.
1628 25. 75.
1629 25. 75.
1630 25. 75.
1631 25. 75.
1632 25. 75.
1633 25. 75.
1634 25. 75.
1635 25. 75.
1636 25. 75.
1637 26. 74.
1638 27. 73.
1639 27. 73.
1640 27. 73.
1641 27. 73.
1642 27. 73.
1643 27. 73.
1644 27. 73.
1645 27. 73.
1646 27. 73.
1647 27. 73.
1648 27. 73.
1649 27. 73.
1650 27. 73.
1651 27. 73.
1652 27. 73.
1653 28. 72.
1654 28. 72.
1655 28. 72.
1656 28. 72.
1657 28. 72.
1658 28. 72.
1659 28. 72.
1660 28. 72.
1661 28. 72.
1662 28. 72.
1663 28. 72.
1664 29. 71.
1665 29. 71.
1666 29. 71.
1667 29. 71.
1668 28. 72.
1669 28. 72.
1670 28. 72.
1671 28. 72.
1672 29. 71.
1673 30. 70.
1674 30. 70.
1675 30. 70.
1676 30. 70.
1677 31. 69.
1678 31. 69.
1679 31. 69.
1680 32. 68.
1681 33. 67.
1682 34. 66.
1683 34. 66.
1684 34. 66.
1685 34. 66.
1686 33. 67.
1687 33. 67.
1688 32. 68.
1689 32. 68.
1690 32. 68.
1691 32. 68.
1692 31. 69.
1693 31. 69.
1694 31. 69.
1695 31. 69.
1696 30. 70.
1697 31. 69.
1698 31. 69.
1699 30. 70.
1700 30. 70.
1701 30. 70.
1702 29. 71.
1703 29. 71.
1704 29. 71.
1705 29. 71.
1706 29. 71.
1707 29. 71.
1708 29. 71.
1709 29. 71.
1710 29. 71.
1711 28. 72.
1712 28. 72.
1713 27. 73.
1714 27. 73.
1715 27. 73.
1716 27. 73.
1717 27. 73.
1718 27. 73.
1719 27. 73.
1720 28. 72.
1721 28. 72.
1722 28. 72.
1723 28. 72.
1724 28. 72.
1725 28. 72.
1726 28. 72.
1727 27. 73.
1728 26. 74.
1729 26. 74.
1730 25. 75.
1731 25. 75.
1732 25. 75.
1733 25. 75.
1734 25. 75.
1735 25. 75.
1736 26. 74.
1737 25. 75.
1738 25. 75.
1739 25. 75.
1740 24. 76.
1741 24. 76.
1742 24. 76.
1743 24. 76.
1744 24. 76.
1745 24. 76.
1746 24. 76.
1747 25. 75.
1748 24. 76.
1749 24. 76.
1750 24. 76.
1751 24. 76.
1752 23. 77.
1753 23. 77.
1754 23. 77.
1755 23. 77.
1756 23. 77.
1757 23. 77.
1758 23. 77.
1759 24. 76.
1760 24. 76.
1761 25. 75.
1762 25. 75.
1763 25. 75.
1764 25. 75.
1765 25. 75.
1766 26. 74.
1767 26. 74.
1768 26. 74.
1769 26. 74.
1770 26. 74.
1771 26. 74.
1772 25. 75.
1773 25. 75.
1774 26. 74.
1775 26. 74.
1776 27. 73.
1777 27. 73.
1778 27. 73.
1779 28. 72.
1780 28. 72.
1781 27. 73.
1782 27. 73.
1783 27. 73.
1784 27. 73.
1785 27. 73.
1786 27. 73.
1787 27. 73.
1788 27. 73.
1789 27. 73.
1790 27. 73.
1791 27. 73.
1792 27. 73.
1793 28. 72.
1794 28. 72.
1795 28. 72.
1796 28. 72.
1797 29. 71.
1798 29. 71.
1799 28. 72.
1800 28. 72.
1801 29. 71.
1802 29. 71.
1803 29. 71.
1804 29. 71.
1805 29. 71.
1806 29. 71.
1807 28. 72.
1808 28. 72.
1809 28. 72.
1810 28. 72.
1811 28. 72.
1812 28. 72.
1813 28. 72.
1814 28. 72.
1815 28. 72.
1816 27. 73.
1817 27. 73.
1818 27. 73.
1819 27. 73.
1820 27. 73.
1821 27. 73.
1822 27. 73.
1823 27. 73.
1824 27. 73.
1825 28. 72.
1826 28. 72.
1827 28. 72.
1828 27. 73.
1829 27. 73.
1830 27. 73.
1831 27. 73.
1832 27. 73.
1833 28. 72.
1834 27. 73.
1835 26. 74.
1836 26. 74.
1837 26. 74.
1838 26. 74.
1839 26. 74.
1840 26. 74.
1841 26. 74.
1842 27. 73.
1843 27. 73.
1844 27. 73.
1845 27. 73.
1846 27. 73.
1847 27. 73.
1848 27. 73.
1849 27. 73.
1850 26. 74.
1851 26. 74.
1852 26. 74.
1853 26. 74.
1854 26. 74.
1855 26. 74.
1856 26. 74.
1857 25. 75.
1858 25. 75.
1859 24. 76.
1860 24. 76.
1861 24. 76.
1862 24. 76.
1863 24. 76.
1864 25. 75.
1865 25. 75.
1866 26. 74.
1867 26. 74.
1868 26. 74.
1869 25. 75.
1870 25. 75.
1871 26. 74.
1872 26. 74.
1873 26. 74.
1874 26. 74.
1875 26. 74.
1876 26. 74.
1877 26. 74.
1878 26. 74.
1879 26. 74.
1880 26. 74.
1881 26. 74.
1882 26. 74.
1883 26. 74.
1884 26. 74.
1885 26. 74.
1886 26. 74.
1887 26. 74.
1888 26. 74.
1889 26. 74.
1890 26. 74.
1891 27. 73.
1892 27. 73.
1893 27. 73.
1894 27. 73.
1895 27. 73.
1896 27. 73.
1897 26. 74.
1898 26. 74.
1899 25. 75.
1900 26. 74.
1901 27. 73.
1902 27. 73.
1903 27. 73.
1904 27. 73.
1905 27. 73.
1906 27. 73.
1907 27. 73.
1908 27. 73.
1909 27. 73.
1910 27. 73.
1911 27. 73.
1912 27. 73.
1913 27. 73.
1914 27. 73.
1915 27. 73.
1916 27. 73.
1917 27. 73.
1918 27. 73.
1919 27. 73.
1920 27. 73.
1921 27. 73.
1922 27. 73.
1923 27. 73.
1924 28. 72.
1925 28. 72.
1926 28. 72.
1927 29. 71.
1928 30. 70.
1929 30. 70.
1930 30. 70.
1931 30. 70.
1932 30. 70.
1933 30. 70.
1934 29. 71.
1935 29. 71.
1936 29. 71.
1937 30. 70.
1938 30. 70.
1939 30. 70.
1940 29. 71.
1941 29. 71.
1942 29. 71.
1943 29. 71.
1944 29. 71.
1945 29. 71.
1946 29. 71.
1947 28. 72.
1948 27. 73.
1949 27. 73.
1950 27. 73.
1951 27. 73.
1952 27. 73.
1953 27. 73.
1954 26. 74.
1955 26. 74.
1956 26. 74.
1957 26. 74.
1958 27. 73.
1959 28. 72.
1960 28. 72.
1961 28. 72.
1962 28. 72.
1963 28. 72.
1964 29. 71.
1965 29. 71.
1966 29. 71.
1967 29. 71.
1968 29. 71.
1969 29. 71.
1970 29. 71.
1971 29. 71.
1972 29. 71.
1973 29. 71.
1974 29. 71.
1975 29. 71.
1976 29. 71.
1977 29. 71.
1978 28. 72.
1979 28. 72.
1980 29. 71.
1981 28. 72.
1982 29. 71.
1983 28. 72.
1984 28. 72.
1985 28. 72.
1986 29. 71.
1987 28. 72.
1988 28. 72.
1989 28. 72.
1990 28. 72.
1991 28. 72.
1992 28. 72.
1993 28. 72.
1994 28. 72.
1995 28. 72.
1996 28. 72.
1997 28. 72.
1998 28. 72.
1999 27. 73.
2000 27. 73.
2001 27. 73.
2002 27. 73.
2003 26. 74.
2004 26. 74.
2005 27. 73.
2006 27. 73.
2007 27. 73.
2008 27. 73.
2009 27. 73.
2010 27. 73.
2011 27. 73.
2012 28. 72.
2013 28. 72.
2014 27. 73.
2015 27. 73.
2016 26. 74.
2017 26. 74.
2018 26. 74.
2019 27. 73.
2020 27. 73.
2021 26. 74.
2022 26. 74.
2023 26. 74.
2024 25. 75.
2025 25. 75.
2026 25. 75.
2027 25. 75.
2028 24. 76.
2029 24. 76.
2030 24. 76.
2031 23. 77.
2032 23. 77.
2033 23. 77.
2034 23. 77.
2035 23. 77.
2036 23. 77.
2037 23. 77.
2038 23. 77.
2039 23. 77.
2040 23. 77.
2041 23. 77.
2042 23. 77.
2043 23. 77.
2044 23. 77.
2045 23. 77.
2046 23. 77.
2047 23. 77.
2048 23. 77.
2049 23. 77.
2050 24. 76.
2051 24. 76.
2052 24. 76.
2053 24. 76.
2054 24. 76.
2055 24. 76.
2056 24. 76.
2057 24. 76.
2058 24. 76.
2059 24. 76.
2060 24. 76.
2061 25. 75.
2062 25. 75.
2063 26. 74.
2064 26. 74.
2065 25. 75.
2066 25. 75.
2067 25. 75.
2068 25. 75.
2069 25. 75.
2070 25. 75.
2071 25. 75.
2072 25. 75.
2073 25. 75.
2074 25. 75.
2075 25. 75.
2076 25. 75.
2077 24. 76.
2078 24. 76.
2079 25. 75.
2080 25. 75.
2081 24. 76.
2082 24. 76.
2083 24. 76.
2084 24. 76.
2085 24. 76.
2086 25. 75.
2087 25. 75.
2088 25. 75.
2089 25. 75.
2090 25. 75.
2091 26. 74.
2092 26. 74.
2093 26. 74.
2094 26. 74.
2095 26. 74.
2096 26. 74.
2097 26. 74.
2098 27. 73.
2099 27. 73.
2100 26. 74.
2101 26. 74.
2102 26. 74.
2103 26. 74.
2104 26. 74.
2105 26. 74.
2106 26. 74.
2107 26. 74.
2108 26. 74.
2109 25. 75.
2110 25. 75.
2111 25. 75.
2112 25. 75.
2113 25. 75.
2114 25. 75.
2115 25. 75.
2116 25. 75.
2117 25. 75.
2118 25. 75.
2119 26. 74.
2120 26. 74.
2121 26. 74.
2122 26. 74.
2123 26. 74.
2124 26. 74.
2125 26. 74.
2126 26. 74.
2127 26. 74.
2128 27. 73.
2129 27. 73.
2130 26. 74.
2131 26. 74.
2132 26. 74.
2133 26. 74.
2134 26. 74.
2135 26. 74.
2136 25. 75.
2137 25. 75.
2138 26. 74.
2139 26. 74.
2140 26. 74.
2141 26. 74.
2142 26. 74.
2143 26. 74.
2144 26. 74.
2145 26. 74.
2146 26. 74.
2147 26. 74.
2148 25. 75.
2149 24. 76.
2150 24. 76.
2151 24. 76.
2152 24. 76.
2153 24. 76.
2154 23. 77.
2155 24. 76.
2156 24. 76.
2157 24. 76.
2158 24. 76.
2159 24. 76.
2160 24. 76.
2161 23. 77.
2162 24. 76.
2163 24. 76.
2164 25. 75.
2165 25. 75.
2166 24. 76.
2167 24. 76.
2168 24. 76.
2169 24. 76.
2170 24. 76.
2171 24. 76.
2172 24. 76.
2173 23. 77.
2174 23. 77.
2175 23. 77.
2176 23. 77.
2177 23. 77.
2178 23. 77.
2179 23. 77.
2180 23. 77.
2181 24. 76.
2182 24. 76.
2183 24. 76.
2184 23. 77.
2185 23. 77.
2186 23. 77.
2187 24. 76.
2188 24. 76.
2189 24. 76.
2190 23. 77.
2191 23. 77.
2192 22. 78.
2193 22. 78.
2194 22. 78.
2195 22. 78.
2196 22. 78.
2197 23. 77.
2198 23. 77.
2199 23. 77.
2200 23. 77.
2201 23. 77.
2202 23. 77.
2203 23. 77.
2204 23. 77.
2205 24. 76.
2206 24. 76.
2207 24. 76.
2208 24. 76.
2209 25. 75.
2210 25. 75.
2211 25. 75.
2212 25. 75.
2213 26. 74.
2214 26. 74.
2215 26. 74.
2216 26. 74.
2217 26. 74.
2218 26. 74.
2219 26. 74.
2220 27. 73.
2221 27. 73.
2222 27. 73.
2223 27. 73.
2224 27. 73.
2225 27. 73.
2226 27. 73.
2227 27. 73.
2228 27. 73.
2229 27. 73.
2230 27. 73.
2231 27. 73.
2232 27. 73.
2233 27. 73.
2234 27. 73.
2235 28. 72.
2236 28. 72.
2237 29. 71.
2238 30. 70.
2239 30. 70.
2240 30. 70.
2241 29. 71.
2242 29. 71.
2243 29. 71.
2244 29. 71.
2245 29. 71.
2246 29. 71.
2247 29. 71.
2248 29. 71.
2249 29. 71.
2250 29. 71.
2251 29. 71.
2252 29. 71.
2253 30. 70.
2254 30. 70.
2255 31. 69.
2256 30. 70.
2257 30. 70.
2258 30. 70.
2259 30. 70.
2260 30. 70.
2261 30. 70.
2262 30. 70.
2263 30. 70.
2264 30. 70.
2265 30. 70.
2266 29. 71.
2267 29. 71.
2268 29. 71.
2269 30. 70.
2270 30. 70.
2271 30. 70.
2272 30. 70.
2273 29. 71.
2274 29. 71.
2275 29. 71.
2276 29. 71.
2277 30. 70.
2278 30. 70.
2279 30. 70.
2280 30. 70.
2281 29. 71.
2282 28. 72.
2283 29. 71.
2284 29. 71.
2285 29. 71.
2286 29. 71.
2287 28. 72.
2288 28. 72.
2289 28. 72.
2290 28. 72.
2291 28. 72.
2292 28. 72.
2293 28. 72.
2294 28. 72.
2295 29. 71.
2296 29. 71.
2297 28. 72.
2298 27. 73.
2299 27. 73.
2300 27. 73.
2301 27. 73.
2302 27. 73.
2303 27. 73.
2304 26. 74.
2305 26. 74.
2306 26. 74.
2307 26. 74.
2308 26. 74.
2309 27. 73.
2310 26. 74.
2311 25. 75.
2312 25. 75.
2313 25. 75.
2314 26. 74.
2315 26. 74.
2316 26. 74.
2317 26. 74.
2318 26. 74.
2319 26. 74.
2320 27. 73.
2321 27. 73.
2322 27. 73.
2323 27. 73.
2324 27. 73.
2325 28. 72.
2326 28. 72.
2327 28. 72.
2328 28. 72.
2329 28. 72.
2330 29. 71.
2331 29. 71.
2332 29. 71.
2333 29. 71.
2334 29. 71.
2335 29. 71.
2336 30. 70.
2337 30. 70.
2338 30. 70.
2339 29. 71.
2340 29. 71.
2341 29. 71.
2342 30. 70.
2343 30. 70.
2344 30. 70.
2345 30. 70.
2346 30. 70.
2347 30. 70.
2348 29. 71.
2349 29. 71.
2350 29. 71.
2351 29. 71.
2352 28. 72.
2353 29. 71.
2354 28. 72.
2355 27. 73.
2356 27. 73.
2357 27. 73.
2358 27. 73.
2359 28. 72.
2360 28. 72.
2361 28. 72.
2362 28. 72.
2363 28. 72.
2364 28. 72.
2365 28. 72.
2366 28. 72.
2367 27. 73.
2368 27. 73.
2369 27. 73.
2370 27. 73.
2371 27. 73.
2372 27. 73.
2373 27. 73.
2374 27. 73.
2375 27. 73.
2376 27. 73.
2377 28. 72.
2378 28. 72.
2379 27. 73.
2380 27. 73.
2381 27. 73.
2382 27. 73.
2383 27. 73.
2384 27. 73.
2385 27. 73.
2386 27. 73.
2387 27. 73.
2388 26. 74.
2389 25. 75.
2390 25. 75.
2391 26. 74.
2392 26. 74.
2393 26. 74.
2394 26. 74.
2395 26. 74.
2396 26. 74.
2397 26. 74.
2398 26. 74.
2399 26. 74.
2400 26. 74.
2401 26. 74.
2402 26. 74.
2403 26. 74.
2404 25. 75.
2405 24. 76.
2406 24. 76.
2407 24. 76.
2408 24. 76.
2409 24. 76.
2410 24. 76.
2411 24. 76.
2412 24. 76.
2413 24. 76.
2414 24. 76.
2415 23. 77.
2416 24. 76.
2417 24. 76.
2418 24. 76.
2419 24. 76.
2420 24. 76.
2421 24. 76.
2422 24. 76.
2423 24. 76.
2424 24. 76.
2425 24. 76.
2426 24. 76.
2427 24. 76.
2428 24. 76.
2429 24. 76.
2430 24. 76.
2431 24. 76.
2432 23. 77.
2433 23. 77.
2434 23. 77.
2435 23. 77.
2436 23. 77.
2437 23. 77.
2438 24. 76.
2439 24. 76.
2440 24. 76.
2441 24. 76.
2442 23. 77.
2443 23. 77.
2444 23. 77.
2445 22. 78.
2446 22. 78.
2447 23. 77.
2448 23. 77.
2449 24. 76.
2450 25. 75.
2451 25. 75.
2452 25. 75.
2453 25. 75.
2454 25. 75.
2455 25. 75.
2456 25. 75.
2457 24. 76.
2458 24. 76.
2459 23. 77.
2460 23. 77.
2461 23. 77.
2462 23. 77.
2463 22. 78.
2464 22. 78.
2465 22. 78.
2466 22. 78.
2467 23. 77.
2468 23. 77.
2469 22. 78.
2470 22. 78.
2471 22. 78.
2472 22. 78.
2473 23. 77.
2474 23. 77.
2475 23. 77.
2476 23. 77.
2477 23. 77.
2478 23. 77.
2479 23. 77.
2480 23. 77.
2481 23. 77.
2482 23. 77.
2483 22. 78.
2484 22. 78.
2485 22. 78.
2486 22. 78.
2487 21. 79.
2488 21. 79.
2489 21. 79.
2490 21. 79.
2491 21. 79.
2492 21. 79.
2493 21. 79.
2494 20. 80.
2495 20. 80.
2496 20. 80.
2497 20. 80.
2498 20. 80.
2499 20. 80.
2500 20. 80.
2501 20. 80.
2502 20. 80.
2503 20. 80.
2504 20. 80.
2505 20. 80.
2506 20. 80.
2507 21. 79.
2508 21. 79.
2509 21. 79.
2510 22. 78.
2511 22. 78.
2512 22. 78.
2513 22. 78.
2514 22. 78.
2515 22. 78.
2516 23. 77.
2517 24. 76.
2518 24. 76.
2519 24. 76.
2520 24. 76.
2521 25. 75.
2522 24. 76.
2523 23. 77.
2524 23. 77.
2525 23. 77.
2526 23. 77.
2527 23. 77.
2528 23. 77.
2529 24. 76.
2530 24. 76.
2531 24. 76.
2532 24. 76.
2533 24. 76.
2534 24. 76.
2535 24. 76.
2536 25. 75.
2537 25. 75.
2538 25. 75.
2539 26. 74.
2540 26. 74.
2541 26. 74.
2542 26. 74.
2543 26. 74.
2544 26. 74.
2545 26. 74.
2546 26. 74.
2547 26. 74.
2548 26. 74.
2549 26. 74.
2550 26. 74.
2551 26. 74.
2552 26. 74.
2553 25. 75.
2554 25. 75.
2555 25. 75.
2556 25. 75.
2557 25. 75.
2558 25. 75.
2559 26. 74.
2560 26. 74.
2561 26. 74.
2562 26. 74.
2563 26. 74.
2564 25. 75.
2565 25. 75.
2566 25. 75.
2567 25. 75.
2568 25. 75.
2569 25. 75.
2570 25. 75.
2571 25. 75.
2572 25. 75.
2573 24. 76.
2574 24. 76.
2575 24. 76.
2576 25. 75.
2577 25. 75.
2578 25. 75.
2579 25. 75.
2580 24. 76.
2581 23. 77.
2582 23. 77.
2583 23. 77.
2584 23. 77.
2585 23. 77.
2586 23. 77.
2587 23. 77.
2588 24. 76.
2589 23. 77.
2590 23. 77.
2591 23. 77.
2592 23. 77.
2593 23. 77.
2594 23. 77.
2595 24. 76.
2596 25. 75.
2597 25. 75.
2598 26. 74.
2599 26. 74.
2600 26. 74.
2601 26. 74.
2602 26. 74.
2603 26. 74.
2604 26. 74.
2605 26. 74.
2606 26. 74.
2607 26. 74.
2608 26. 74.
2609 26. 74.
2610 27. 73.
2611 27. 73.
2612 27. 73.
2613 27. 73.
2614 27. 73.
2615 27. 73.
2616 27. 73.
2617 27. 73.
2618 27. 73.
2619 27. 73.
2620 27. 73.
2621 27. 73.
2622 27. 73.
2623 27. 73.
2624 27. 73.
2625 27. 73.
2626 27. 73.
2627 27. 73.
2628 27. 73.
2629 27. 73.
2630 27. 73.
2631 27. 73.
2632 27. 73.
2633 26. 74.
2634 26. 74.
2635 26. 74.
2636 26. 74.
2637 26. 74.
2638 26. 74.
2639 26. 74.
2640 26. 74.
2641 26. 74.
2642 26. 74.
2643 27. 73.
2644 27. 73.
2645 27. 73.
2646 27. 73.
2647 27. 73.
2648 26. 74.
2649 26. 74.
2650 26. 74.
2651 25. 75.
2652 25. 75.
2653 25. 75.
2654 24. 76.
2655 24. 76.
2656 24. 76.
2657 24. 76.
2658 23. 77.
2659 24. 76.
2660 24. 76.
2661 24. 76.
2662 23. 77.
2663 24. 76.
2664 24. 76.
2665 23. 77.
2666 23. 77.
2667 23. 77.
2668 23. 77.
2669 23. 77.
2670 23. 77.
2671 23. 77.
2672 24. 76.
2673 24. 76.
2674 24. 76.
2675 24. 76.
2676 23. 77.
2677 23. 77.
2678 23. 77.
2679 22. 78.
2680 22. 78.
2681 21. 79.
2682 21. 79.
2683 20. 80.
2684 21. 79.
2685 21. 79.
2686 21. 79.
2687 21. 79.
2688 22. 78.
2689 22. 78.
2690 22. 78.
2691 22. 78.
2692 22. 78.
2693 21. 79.
2694 21. 79.
2695 21. 79.
2696 21. 79.
2697 21. 79.
2698 21. 79.
2699 21. 79.
2700 21. 79.
2701 21. 79.
2702 22. 78.
2703 22. 78.
2704 22. 78.
2705 22. 78.
2706 22. 78.
2707 22. 78.
2708 23. 77.
2709 23. 77.
2710 23. 77.
2711 23. 77.
2712 22. 78.
2713 22. 78.
2714 22. 78.
2715 22. 78.
2716 21. 79.
2717 21. 79.
2718 21. 79.
2719 21. 79.
2720 20. 80.
2721 19. 81.
2722 19. 81.
2723 19. 81.
2724 19. 81.
2725 19. 81.
2726 19. 81.
2727 19. 81.
2728 19. 81.
2729 18. 82.
2730 18. 82.
2731 18. 82.
2732 17. 83.
2733 17. 83.
2734 17. 83.
2735 17. 83.
2736 17. 83.
2737 18. 82.
2738 18. 82.
2739 18. 82.
2740 18. 82.
2741 18. 82.
2742 18. 82.
2743 18. 82.
2744 18. 82.
2745 18. 82.
2746 18. 82.
2747 18. 82.
2748 18. 82.
2749 18. 82.
2750 18. 82.
2751 18. 82.
2752 18. 82.
2753 19. 81.
2754 19. 81.
2755 19. 81.
2756 19. 81.
2757 19. 81.
2758 19. 81.
2759 19. 81.
2760 19. 81.
2761 19. 81.
2762 19. 81.
2763 19. 81.
2764 19. 81.
2765 19. 81.
2766 19. 81.
2767 19. 81.
2768 19. 81.
2769 19. 81.
2770 19. 81.
2771 19. 81.
2772 19. 81.
2773 19. 81.
2774 19. 81.
2775 19. 81.
2776 20. 80.
2777 20. 80.
2778 20. 80.
2779 20. 80.
2780 20. 80.
2781 20. 80.
2782 20. 80.
2783 20. 80.
2784 20. 80.
2785 20. 80.
2786 20. 80.
2787 20. 80.
2788 20. 80.
2789 20. 80.
2790 20. 80.
2791 20. 80.
2792 20. 80.
2793 19. 81.
2794 19. 81.
2795 20. 80.
2796 20. 80.
2797 20. 80.
2798 20. 80.
2799 20. 80.
2800 20. 80.
2801 20. 80.
2802 20. 80.
2803 21. 79.
2804 21. 79.
2805 21. 79.
2806 22. 78.
2807 22. 78.
2808 22. 78.
2809 21. 79.
2810 21. 79.
2811 21. 79.
2812 21. 79.
2813 21. 79.
2814 21. 79.
2815 20. 80.
2816 19. 81.
2817 19. 81.
2818 19. 81.
2819 18. 82.
2820 18. 82.
2821 18. 82.
2822 18. 82.
2823 18. 82.
2824 18. 82.
2825 18. 82.
2826 18. 82.
2827 18. 82.
2828 19. 81.
2829 19. 81.
2830 19. 81.
2831 19. 81.
2832 20. 80.
2833 20. 80.
2834 20. 80.
2835 20. 80.
2836 21. 79.
2837 21. 79.
2838 21. 79.
2839 21. 79.
2840 21. 79.
2841 22. 78.
2842 22. 78.
2843 21. 79.
2844 21. 79.
2845 21. 79.
2846 22. 78.
2847 23. 77.
2848 24. 76.
2849 24. 76.
2850 25. 75.
2851 25. 75.
2852 25. 75.
2853 25. 75.
2854 25. 75.
2855 25. 75.
2856 25. 75.
2857 25. 75.
2858 25. 75.
2859 24. 76.
2860 24. 76.
2861 24. 76.
2862 24. 76.
2863 24. 76.
2864 24. 76.
2865 24. 76.
2866 24. 76.
2867 24. 76.
2868 24. 76.
2869 24. 76.
2870 25. 75.
2871 25. 75.
2872 25. 75.
2873 26. 74.
2874 26. 74.
2875 26. 74.
2876 26. 74.
2877 26. 74.
2878 27. 73.
2879 27. 73.
2880 27. 73.
2881 27. 73.
2882 27. 73.
2883 27. 73.
2884 27. 73.
2885 28. 72.
2886 28. 72.
2887 28. 72.
2888 28. 72.
2889 27. 73.
2890 28. 72.
2891 28. 72.
2892 29. 71.
2893 29. 71.
2894 30. 70.
2895 30. 70.
2896 30. 70.
2897 31. 69.
2898 31. 69.
2899 31. 69.
2900 31. 69.
2901 31. 69.
2902 31. 69.
2903 31. 69.
2904 30. 70.
2905 30. 70.
2906 30. 70.
2907 31. 69.
2908 31. 69.
2909 31. 69.
2910 31. 69.
2911 31. 69.
2912 31. 69.
2913 31. 69.
2914 31. 69.
2915 30. 70.
2916 30. 70.
2917 30. 70.
2918 30. 70.
2919 29. 71.
2920 29. 71.
2921 29. 71.
2922 29. 71.
2923 29. 71.
2924 29. 71.
2925 29. 71.
2926 30. 70.
2927 30. 70.
2928 30. 70.
2929 30. 70.
2930 31. 69.
2931 31. 69.
2932 31. 69.
2933 31. 69.
2934 31. 69.
2935 31. 69.
2936 31. 69.
2937 31. 69.
2938 31. 69.
2939 31. 69.
2940 31. 69.
2941 30. 70.
2942 30. 70.
2943 31. 69.
2944 31. 69.
2945 31. 69.
2946 31. 69.
2947 31. 69.
2948 31. 69.
2949 31. 69.
2950 31. 69.
2951 31. 69.
2952 31. 69.
2953 31. 69.
2954 31. 69.
2955 31. 69.
2956 31. 69.
2957 31. 69.
2958 31. 69.
2959 31. 69.
2960 30. 70.
2961 30. 70.
2962 30. 70.
2963 30. 70.
2964 30. 70.
2965 30. 70.
2966 30. 70.
2967 30. 70.
2968 30. 70.
2969 29. 71.
2970 28. 72.
2971 28. 72.
2972 28. 72.
2973 28. 72.
2974 28. 72.
2975 27. 73.
2976 27. 73.
2977 27. 73.
2978 26. 74.
2979 25. 75.
2980 25. 75.
2981 25. 75.
2982 25. 75.
2983 25. 75.
2984 25. 75.
2985 25. 75.
2986 25. 75.
2987 25. 75.
2988 25. 75.
2989 25. 75.
2990 26. 74.
2991 26. 74.
2992 25. 75.
2993 25. 75.
2994 25. 75.
2995 25. 75.
2996 25. 75.
2997 25. 75.
2998 25. 75.
2999 24. 76.
3000 23. 77.
3001 23. 77.
3002 23. 77.
3003 23. 77.
3004 23. 77.
3005 23. 77.
3006 23. 77.
3007 22. 78.
3008 22. 78.
3009 22. 78.
3010 22. 78.
3011 23. 77.
3012 22. 78.
3013 22. 78.
3014 22. 78.
3015 22. 78.
3016 22. 78.
3017 22. 78.
3018 22. 78.
3019 22. 78.
3020 22. 78.
3021 22. 78.
3022 22. 78.
3023 22. 78.
3024 22. 78.
3025 22. 78.
3026 23. 77.
3027 23. 77.
3028 24. 76.
3029 24. 76.
3030 24. 76.
3031 24. 76.
3032 23. 77.
3033 23. 77.
3034 23. 77.
3035 23. 77.
3036 23. 77.
3037 23. 77.
3038 23. 77.
3039 23. 77.
3040 23. 77.
3041 23. 77.
3042 23. 77.
3043 23. 77.
3044 22. 78.
3045 22. 78.
3046 21. 79.
3047 21. 79.
3048 22. 78.
3049 22. 78.
3050 22. 78.
3051 22. 78.
3052 21. 79.
3053 22. 78.
3054 22. 78.
3055 22. 78.
3056 22. 78.
3057 21. 79.
3058 21. 79.
3059 21. 79.
3060 22. 78.
3061 22. 78.
3062 22. 78.
3063 23. 77.
3064 23. 77.
3065 23. 77.
3066 23. 77.
3067 23. 77.
3068 23. 77.
3069 23. 77.
3070 23. 77.
3071 23. 77.
3072 22. 78.
3073 21. 79.
3074 21. 79.
3075 21. 79.
3076 21. 79.
3077 22. 78.
3078 22. 78.
3079 21. 79.
3080 21. 79.
3081 21. 79.
3082 21. 79.
3083 22. 78.
3084 22. 78.
3085 22. 78.
3086 22. 78.
3087 23. 77.
3088 24. 76.
3089 24. 76.
3090 24. 76.
3091 24. 76.
3092 24. 76.
3093 25. 75.
3094 25. 75.
3095 25. 75.
3096 25. 75.
3097 25. 75.
3098 25. 75.
3099 25. 75.
3100 25. 75.
3101 26. 74.
3102 26. 74.
3103 26. 74.
3104 26. 74.
3105 25. 75.
3106 26. 74.
3107 26. 74.
3108 25. 75.
3109 25. 75.
3110 25. 75.
3111 25. 75.
3112 25. 75.
3113 25. 75.
3114 25. 75.
3115 25. 75.
3116 25. 75.
3117 25. 75.
3118 25. 75.
3119 25. 75.
3120 26. 74.
3121 27. 73.
3122 27. 73.
3123 28. 72.
3124 28. 72.
3125 28. 72.
3126 27. 73.
3127 27. 73.
3128 27. 73.
3129 27. 73.
3130 27. 73.
3131 27. 73.
3132 27. 73.
3133 27. 73.
3134 27. 73.
3135 26. 74.
3136 26. 74.
3137 26. 74.
3138 25. 75.
3139 25. 75.
3140 25. 75.
3141 25. 75.
3142 25. 75.
3143 25. 75.
3144 25. 75.
3145 25. 75.
3146 25. 75.
3147 25. 75.
3148 25. 75.
3149 25. 75.
3150 25. 75.
3151 25. 75.
3152 25. 75.
3153 25. 75.
3154 25. 75.
3155 25. 75.
3156 25. 75.
3157 25. 75.
3158 26. 74.
3159 26. 74.
3160 26. 74.
3161 26. 74.
3162 25. 75.
3163 25. 75.
3164 24. 76.
3165 23. 77.
3166 23. 77.
3167 23. 77.
3168 24. 76.
3169 24. 76.
3170 24. 76.
3171 24. 76.
3172 24. 76.
3173 24. 76.
3174 24. 76.
3175 23. 77.
3176 24. 76.
3177 24. 76.
3178 24. 76.
3179 25. 75.
3180 25. 75.
3181 25. 75.
3182 25. 75.
3183 25. 75.
3184 25. 75.
3185 25. 75.
3186 25. 75.
3187 25. 75.
3188 25. 75.
3189 25. 75.
3190 25. 75.
3191 25. 75.
3192 25. 75.
3193 25. 75.
3194 25. 75.
3195 25. 75.
3196 25. 75.
3197 25. 75.
3198 25. 75.
3199 24. 76.
3200 24. 76.
3201 24. 76.
3202 24. 76.
3203 24. 76.
3204 24. 76.
3205 24. 76.
3206 25. 75.
3207 25. 75.
3208 25. 75.
3209 24. 76.
3210 24. 76.
3211 24. 76.
3212 24. 76.
3213 24. 76.
3214 24. 76.
3215 24. 76.
3216 24. 76.
3217 24. 76.
3218 24. 76.
3219 25. 75.
3220 25. 75.
3221 25. 75.
3222 25. 75.
3223 25. 75.
3224 25. 75.
3225 25. 75.
3226 25. 75.
3227 25. 75.
3228 25. 75.
3229 25. 75.
3230 25. 75.
3231 25. 75.
3232 25. 75.
3233 25. 75.
3234 25. 75.
3235 25. 75.
3236 25. 75.
3237 25. 75.
3238 25. 75.
3239 25. 75.
3240 25. 75.
3241 25. 75.
3242 25. 75.
3243 26. 74.
3244 26. 74.
3245 26. 74.
3246 26. 74.
3247 26. 74.
3248 26. 74.
3249 26. 74.
3250 26. 74.
3251 26. 74.
3252 26. 74.
3253 26. 74.
3254 26. 74.
3255 27. 73.
3256 27. 73.
3257 27. 73.
3258 27. 73.
3259 27. 73.
3260 27. 73.
3261 27. 73.
3262 27. 73.
3263 27. 73.
3264 26. 74.
3265 27. 73.
3266 27. 73.
3267 27. 73.
3268 27. 73.
3269 27. 73.
3270 27. 73.
3271 26. 74.
3272 26. 74.
3273 26. 74.
3274 26. 74.
3275 26. 74.
3276 26. 74.
3277 26. 74.
3278 26. 74.
3279 27. 73.
3280 27. 73.
3281 27. 73.
3282 27. 73.
3283 27. 73.
3284 28. 72.
3285 27. 73.
3286 28. 72.
3287 28. 72.
3288 29. 71.
3289 29. 71.
3290 29. 71.
3291 29. 71.
3292 29. 71.
3293 29. 71.
3294 29. 71.
3295 29. 71.
3296 29. 71.
3297 29. 71.
3298 29. 71.
3299 29. 71.
3300 30. 70.
3301 29. 71.
3302 29. 71.
3303 29. 71.
3304 29. 71.
3305 29. 71.
3306 29. 71.
3307 29. 71.
3308 29. 71.
3309 28. 72.
3310 29. 71.
3311 29. 71.
3312 29. 71.
3313 29. 71.
3314 29. 71.
3315 28. 72.
3316 29. 71.
3317 28. 72.
3318 28. 72.
3319 28. 72.
3320 28. 72.
3321 28. 72.
3322 28. 72.
3323 28. 72.
3324 28. 72.
3325 28. 72.
3326 28. 72.
3327 28. 72.
3328 28. 72.
3329 28. 72.
3330 28. 72.
3331 28. 72.
3332 28. 72.
3333 28. 72.
3334 28. 72.
3335 28. 72.
3336 29. 71.
3337 29. 71.
3338 29. 71.
3339 29. 71.
3340 29. 71.
3341 29. 71.
3342 29. 71.
3343 29. 71.
3344 29. 71.
3345 29. 71.
3346 29. 71.
3347 29. 71.
3348 29. 71.
3349 29. 71.
3350 29. 71.
3351 29. 71.
3352 29. 71.
3353 29. 71.
3354 29. 71.
3355 29. 71.
3356 29. 71.
3357 29. 71.
3358 29. 71.
3359 29. 71.
3360 29. 71.
3361 29. 71.
3362 29. 71.
3363 29. 71.
3364 29. 71.
3365 29. 71.
3366 29. 71.
3367 29. 71.
3368 29. 71.
3369 30. 70.
3370 30. 70.
3371 30. 70.
3372 29. 71.
3373 29. 71.
3374 28. 72.
3375 28. 72.
3376 28. 72.
3377 27. 73.
3378 27. 73.
3379 27. 73.
3380 27. 73.
3381 27. 73.
3382 26. 74.
3383 26. 74.
3384 26. 74.
3385 26. 74.
3386 26. 74.
3387 26. 74.
3388 26. 74.
3389 25. 75.
3390 24. 76.
3391 24. 76.
3392 24. 76.
3393 23. 77.
3394 23. 77.
3395 23. 77.
3396 23. 77.
3397 23. 77.
3398 23. 77.
3399 23. 77.
3400 23. 77.
3401 23. 77.
3402 23. 77.
3403 23. 77.
3404 24. 76.
3405 24. 76.
3406 24. 76.
3407 24. 76.
3408 24. 76.
3409 24. 76.
3410 24. 76.
3411 24. 76.
3412 24. 76.
3413 24. 76.
3414 23. 77.
3415 24. 76.
3416 25. 75.
3417 25. 75.
3418 25. 75.
3419 25. 75.
3420 24. 76.
3421 24. 76.
3422 24. 76.
3423 24. 76.
3424 24. 76.
3425 24. 76.
3426 24. 76.
3427 24. 76.
3428 24. 76.
3429 24. 76.
3430 24. 76.
3431 24. 76.
3432 24. 76.
3433 24. 76.
3434 24. 76.
3435 25. 75.
3436 24. 76.
3437 24. 76.
3438 25. 75.
3439 25. 75.
3440 25. 75.
3441 25. 75.
3442 25. 75.
3443 25. 75.
3444 25. 75.
3445 25. 75.
3446 25. 75.
3447 25. 75.
3448 25. 75.
3449 25. 75.
3450 25. 75.
3451 26. 74.
3452 27. 73.
3453 27. 73.
3454 27. 73.
3455 27. 73.
3456 26. 74.
3457 27. 73.
3458 27. 73.
3459 27. 73.
3460 27. 73.
3461 26. 74.
3462 26. 74.
3463 26. 74.
3464 26. 74.
3465 26. 74.
3466 26. 74.
3467 26. 74.
3468 27. 73.
3469 27. 73.
3470 26. 74.
3471 26. 74.
3472 26. 74.
3473 26. 74.
3474 26. 74.
3475 26. 74.
3476 26. 74.
3477 26. 74.
3478 26. 74.
3479 27. 73.
3480 27. 73.
3481 28. 72.
3482 28. 72.
3483 28. 72.
3484 28. 72.
3485 28. 72.
3486 28. 72.
3487 28. 72.
3488 28. 72.
3489 27. 73.
3490 27. 73.
3491 27. 73.
3492 28. 72.
3493 28. 72.
3494 28. 72.
3495 28. 72.
3496 28. 72.
3497 29. 71.
3498 29. 71.
3499 29. 71.
3500 29. 71.
3501 29. 71.
3502 29. 71.
3503 29. 71.
3504 30. 70.
3505 30. 70.
3506 30. 70.
3507 30. 70.
3508 30. 70.
3509 30. 70.
3510 30. 70.
3511 30. 70.
3512 30. 70.
3513 30. 70.
3514 30. 70.
3515 30. 70.
3516 30. 70.
3517 30. 70.
3518 29. 71.
3519 29. 71.
3520 29. 71.
3521 29. 71.
3522 29. 71.
3523 29. 71.
3524 29. 71.
3525 29. 71.
3526 29. 71.
3527 29. 71.
3528 29. 71.
3529 28. 72.
3530 28. 72.
3531 27. 73.
3532 26. 74.
3533 26. 74.
3534 26. 74.
3535 26. 74.
3536 26. 74.
3537 26. 74.
3538 27. 73.
3539 27. 73.
3540 27. 73.
3541 27. 73.
3542 27. 73.
3543 27. 73.
3544 27. 73.
3545 27. 73.
3546 27. 73.
3547 27. 73.
3548 27. 73.
3549 27. 73.
3550 26. 74.
3551 26. 74.
3552 26. 74.
3553 26. 74.
3554 26. 74.
3555 26. 74.
3556 26. 74.
3557 27. 73.
3558 27. 73.
3559 27. 73.
3560 27. 73.
3561 28. 72.
3562 28. 72.
3563 28. 72.
3564 29. 71.
3565 29. 71.
3566 29. 71.
3567 29. 71.
3568 29. 71.
3569 29. 71.
3570 29. 71.
3571 29. 71.
3572 29. 71.
3573 29. 71.
3574 29. 71.
3575 28. 72.
3576 28. 72.
3577 28. 72.
3578 28. 72.
3579 29. 71.
3580 29. 71.
3581 29. 71.
3582 29. 71.
3583 29. 71.
3584 29. 71.
3585 29. 71.
3586 29. 71.
3587 29. 71.
3588 29. 71.
3589 29. 71.
3590 28. 72.
3591 28. 72.
3592 28. 72.
3593 27. 73.
3594 27. 73.
3595 27. 73.
3596 27. 73.
3597 27. 73.
3598 28. 72.
3599 28. 72.
3600 28. 72.
3601 29. 71.
3602 29. 71.
3603 29. 71.
3604 29. 71.
3605 29. 71.
3606 29. 71.
3607 29. 71.
3608 29. 71.
3609 28. 72.
3610 28. 72.
3611 28. 72.
3612 27. 73.
3613 27. 73.
3614 27. 73.
3615 27. 73.
3616 27. 73.
3617 27. 73.
3618 27. 73.
3619 27. 73.
3620 27. 73.
3621 27. 73.
3622 27. 73.
3623 27. 73.
3624 27. 73.
3625 27. 73.
3626 27. 73.
3627 27. 73.
3628 27. 73.
3629 27. 73.
3630 27. 73.
3631 27. 73.
3632 27. 73.
3633 27. 73.
3634 27. 73.
3635 27. 73.
3636 27. 73.
3637 27. 73.
3638 27. 73.
3639 27. 73.
3640 27. 73.
3641 27. 73.
3642 27. 73.
3643 27. 73.
3644 27. 73.
3645 27. 73.
3646 27. 73.
3647 28. 72.
3648 28. 72.
3649 28. 72.
3650 28. 72.
3651 28. 72.
3652 28. 72.
3653 28. 72.
3654 28. 72.
3655 28. 72.
3656 28. 72.
3657 28. 72.
3658 28. 72.
3659 28. 72.
3660 27. 73.
3661 27. 73.
3662 27. 73.
3663 26. 74.
3664 25. 75.
3665 25. 75.
3666 24. 76.
3667 24. 76.
3668 24. 76.
3669 25. 75.
3670 24. 76.
3671 24. 76.
3672 24. 76.
3673 24. 76.
3674 24. 76.
3675 24. 76.
3676 24. 76.
3677 24. 76.
3678 24. 76.
3679 24. 76.
3680 24. 76.
3681 24. 76.
3682 24. 76.
3683 24. 76.
3684 24. 76.
3685 24. 76.
3686 23. 77.
3687 23. 77.
3688 23. 77.
3689 23. 77.
3690 23. 77.
3691 23. 77.
3692 23. 77.
3693 23. 77.
3694 23. 77.
3695 23. 77.
3696 22. 78.
3697 22. 78.
3698 22. 78.
3699 21. 79.
3700 21. 79.
3701 21. 79.
3702 21. 79.
3703 21. 79.
3704 21. 79.
3705 21. 79.
3706 21. 79.
3707 21. 79.
3708 21. 79.
3709 22. 78.
3710 22. 78.
3711 22. 78.
3712 23. 77.
3713 23. 77.
3714 23. 77.
3715 22. 78.
3716 22. 78.
3717 22. 78.
3718 22. 78.
3719 22. 78.
3720 22. 78.
3721 22. 78.
3722 21. 79.
3723 21. 79.
3724 21. 79.
3725 20. 80.
3726 20. 80.
3727 21. 79.
3728 21. 79.
3729 21. 79.
3730 22. 78.
3731 22. 78.
3732 22. 78.
3733 22. 78.
3734 22. 78.
3735 22. 78.
3736 22. 78.
3737 22. 78.
3738 22. 78.
3739 22. 78.
3740 22. 78.
3741 21. 79.
3742 21. 79.
3743 21. 79.
3744 21. 79.
3745 21. 79.
3746 21. 79.
3747 21. 79.
3748 21. 79.
3749 22. 78.
3750 22. 78.
3751 22. 78.
3752 21. 79.
3753 21. 79.
3754 21. 79.
3755 21. 79.
3756 22. 78.
3757 22. 78.
3758 22. 78.
3759 22. 78.
3760 22. 78.
3761 22. 78.
3762 22. 78.
3763 23. 77.
3764 23. 77.
3765 22. 78.
3766 22. 78.
3767 23. 77.
3768 23. 77.
3769 23. 77.
3770 23. 77.
3771 22. 78.
3772 22. 78.
3773 22. 78.
3774 22. 78.
3775 22. 78.
3776 22. 78.
3777 22. 78.
3778 22. 78.
3779 22. 78.
3780 22. 78.
3781 22. 78.
3782 22. 78.
3783 23. 77.
3784 22. 78.
3785 22. 78.
3786 21. 79.
3787 21. 79.
3788 21. 79.
3789 21. 79.
3790 21. 79.
3791 21. 79.
3792 21. 79.
3793 20. 80.
3794 19. 81.
3795 19. 81.
3796 19. 81.
3797 19. 81.
3798 19. 81.
3799 19. 81.
3800 19. 81.
3801 19. 81.
3802 19. 81.
3803 19. 81.
3804 19. 81.
3805 19. 81.
3806 19. 81.
3807 19. 81.
3808 19. 81.
3809 18. 82.
3810 18. 82.
3811 18. 82.
3812 18. 82.
3813 18. 82.
3814 18. 82.
3815 19. 81.
3816 19. 81.
3817 19. 81.
3818 19. 81.
3819 19. 81.
3820 19. 81.
3821 19. 81.
3822 19. 81.
3823 19. 81.
3824 19. 81.
3825 19. 81.
3826 19. 81.
3827 18. 82.
3828 18. 82.
3829 18. 82.
3830 18. 82.
3831 18. 82.
3832 18. 82.
3833 18. 82.
3834 18. 82.
3835 18. 82.
3836 18. 82.
3837 18. 82.
3838 18. 82.
3839 18. 82.
3840 19. 81.
3841 19. 81.
3842 19. 81.
3843 19. 81.
3844 19. 81.
3845 19. 81.
3846 19. 81.
3847 19. 81.
3848 20. 80.
3849 20. 80.
3850 20. 80.
3851 21. 79.
3852 21. 79.
3853 21. 79.
3854 21. 79.
3855 21. 79.
3856 21. 79.
3857 21. 79.
3858 22. 78.
3859 22. 78.
3860 22. 78.
3861 22. 78.
3862 22. 78.
3863 22. 78.
3864 22. 78.
3865 22. 78.
3866 22. 78.
3867 23. 77.
3868 23. 77.
3869 23. 77.
3870 23. 77.
3871 23. 77.
3872 23. 77.
3873 23. 77.
3874 23. 77.
3875 23. 77.
3876 23. 77.
3877 24. 76.
3878 24. 76.
3879 24. 76.
3880 24. 76.
3881 24. 76.
3882 23. 77.
3883 23. 77.
3884 23. 77.
3885 23. 77.
3886 23. 77.
3887 23. 77.
3888 23. 77.
3889 23. 77.
3890 23. 77.
3891 23. 77.
3892 23. 77.
3893 23. 77.
3894 23. 77.
3895 23. 77.
3896 23. 77.
3897 22. 78.
3898 22. 78.
3899 22. 78.
3900 22. 78.
3901 22. 78.
3902 23. 77.
3903 22. 78.
3904 22. 78.
3905 22. 78.
3906 22. 78.
3907 22. 78.
3908 22. 78.
3909 22. 78.
3910 22. 78.
3911 21. 79.
3912 21. 79.
3913 21. 79.
3914 20. 80.
3915 20. 80.
3916 20. 80.
3917 20. 80.
3918 20. 80.
3919 20. 80.
3920 20. 80.
3921 20. 80.
3922 20. 80.
3923 20. 80.
3924 20. 80.
3925 20. 80.
3926 20. 80.
3927 19. 81.
3928 20. 80.
3929 20. 80.
3930 20. 80.
3931 20. 80.
3932 20. 80.
3933 20. 80.
3934 20. 80.
3935 20. 80.
3936 20. 80.
3937 20. 80.
3938 20. 80.
3939 21. 79.
3940 21. 79.
3941 21. 79.
3942 21. 79.
3943 21. 79.
3944 21. 79.
3945 21. 79.
3946 21. 79.
3947 21. 79.
3948 21. 79.
3949 21. 79.
3950 21. 79.
3951 20. 80.
3952 20. 80.
3953 20. 80.
3954 20. 80.
3955 20. 80.
3956 20. 80.
3957 20. 80.
3958 20. 80.
3959 20. 80.
3960 20. 80.
3961 20. 80.
3962 20. 80.
3963 20. 80.
3964 20. 80.
3965 20. 80.
3966 20. 80.
3967 20. 80.
3968 20. 80.
3969 20. 80.
3970 20. 80.
3971 20. 80.
3972 20. 80.
3973 20. 80.
3974 20. 80.
3975 20. 80.
3976 20. 80.
3977 20. 80.
3978 20. 80.
3979 20. 80.
3980 20. 80.
3981 20. 80.
3982 20. 80.
3983 20. 80.
3984 20. 80.
3985 21. 79.
3986 21. 79.
3987 22. 78.
3988 22. 78.
3989 22. 78.
3990 22. 78.
3991 22. 78.
3992 22. 78.
3993 22. 78.
3994 22. 78.
3995 22. 78.
3996 22. 78.
3997 22. 78.
3998 22. 78.
3999 22. 78.
4000 22. 78.
4001 22. 78.
4002 21. 79.
4003 20. 80.
4004 19. 81.
4005 19. 81.
4006 19. 81.
4007 19. 81.
4008 19. 81.
4009 19. 81.
4010 18. 82.
4011 18. 82.
4012 18. 82.
4013 18. 82.
4014 18. 82.
4015 18. 82.
4016 18. 82.
4017 18. 82.
4018 19. 81.
4019 19. 81.
4020 19. 81.
4021 19. 81.
4022 19. 81.
4023 19. 81.
4024 19. 81.
4025 19. 81.
4026 18. 82.
4027 19. 81.
4028 19. 81.
4029 19. 81.
4030 19. 81.
4031 19. 81.
4032 19. 81.
4033 19. 81.
4034 19. 81.
4035 19. 81.
4036 19. 81.
4037 19. 81.
4038 19. 81.
4039 19. 81.
4040 19. 81.
4041 20. 80.
4042 20. 80.
4043 20. 80.
4044 20. 80.
4045 20. 80.
4046 21. 79.
4047 21. 79.
4048 22. 78.
4049 22. 78.
4050 23. 77.
4051 23. 77.
4052 23. 77.
4053 23. 77.
4054 23. 77.
4055 23. 77.
4056 24. 76.
4057 24. 76.
4058 24. 76.
4059 24. 76.
4060 23. 77.
4061 23. 77.
4062 23. 77.
4063 23. 77.
4064 23. 77.
4065 23. 77.
4066 23. 77.
4067 23. 77.
4068 23. 77.
4069 24. 76.
4070 24. 76.
4071 24. 76.
4072 24. 76.
4073 23. 77.
4074 23. 77.
4075 23. 77.
4076 24. 76.
4077 24. 76.
4078 24. 76.
4079 24. 76.
4080 24. 76.
4081 24. 76.
4082 24. 76.
4083 24. 76.
4084 24. 76.
4085 24. 76.
4086 24. 76.
4087 24. 76.
4088 23. 77.
4089 23. 77.
4090 23. 77.
4091 23. 77.
4092 23. 77.
4093 23. 77.
4094 24. 76.
4095 24. 76.
4096 24. 76.
4097 23. 77.
4098 23. 77.
4099 23. 77.
4100 22. 78.
4101 22. 78.
4102 22. 78.
4103 22. 78.
4104 22. 78.
4105 23. 77.
4106 23. 77.
4107 22. 78.
4108 22. 78.
4109 22. 78.
4110 22. 78.
4111 22. 78.
4112 22. 78.
4113 22. 78.
4114 22. 78.
4115 22. 78.
4116 22. 78.
4117 23. 77.
4118 23. 77.
4119 23. 77.
4120 23. 77.
4121 23. 77.
4122 23. 77.
4123 23. 77.
4124 23. 77.
4125 24. 76.
4126 24. 76.
4127 24. 76.
4128 24. 76.
4129 24. 76.
4130 24. 76.
4131 24. 76.
4132 24. 76.
4133 24. 76.
4134 23. 77.
4135 23. 77.
4136 23. 77.
4137 23. 77.
4138 24. 76.
4139 24. 76.
4140 23. 77.
4141 23. 77.
4142 23. 77.
4143 23. 77.
4144 23. 77.
4145 23. 77.
4146 22. 78.
4147 22. 78.
4148 22. 78.
4149 22. 78.
4150 23. 77.
4151 23. 77.
4152 23. 77.
4153 23. 77.
4154 23. 77.
4155 23. 77.
4156 22. 78.
4157 22. 78.
4158 22. 78.
4159 22. 78.
4160 22. 78.
4161 21. 79.
4162 21. 79.
4163 21. 79.
4164 21. 79.
4165 21. 79.
4166 21. 79.
4167 21. 79.
4168 21. 79.
4169 20. 80.
4170 20. 80.
4171 20. 80.
4172 19. 81.
4173 19. 81.
4174 19. 81.
4175 19. 81.
4176 18. 82.
4177 18. 82.
4178 18. 82.
4179 18. 82.
4180 18. 82.
4181 18. 82.
4182 18. 82.
4183 18. 82.
4184 19. 81.
4185 19. 81.
4186 19. 81.
4187 19. 81.
4188 19. 81.
4189 19. 81.
4190 19. 81.
4191 19. 81.
4192 19. 81.
4193 19. 81.
4194 19. 81.
4195 19. 81.
4196 19. 81.
4197 19. 81.
4198 18. 82.
4199 18. 82.
4200 18. 82.
4201 18. 82.
4202 18. 82.
4203 18. 82.
4204 18. 82.
4205 19. 81.
4206 19. 81.
4207 19. 81.
4208 19. 81.
4209 19. 81.
4210 19. 81.
4211 19. 81.
4212 18. 82.
4213 18. 82.
4214 18. 82.
4215 18. 82.
4216 18. 82.
4217 18. 82.
4218 18. 82.
4219 18. 82.
4220 19. 81.
4221 19. 81.
4222 19. 81.
4223 19. 81.
4224 19. 81.
4225 19. 81.
4226 18. 82.
4227 17. 83.
4228 18. 82.
4229 18. 82.
4230 17. 83.
4231 17. 83.
4232 17. 83.
4233 17. 83.
4234 17. 83.
4235 17. 83.
4236 16. 84.
4237 16. 84.
4238 15. 85.
4239 15. 85.
4240 15. 85.
4241 15. 85.
4242 15. 85.
4243 15. 85.
4244 15. 85.
4245 15. 85.
4246 15. 85.
4247 15. 85.
4248 15. 85.
4249 15. 85.
4250 15. 85.
4251 15. 85.
4252 15. 85.
4253 15. 85.
4254 15. 85.
4255 16. 84.
4256 16. 84.
4257 16. 84.
4258 16. 84.
4259 16. 84.
4260 16. 84.
4261 16. 84.
4262 16. 84.
4263 17. 83.
4264 17. 83.
4265 17. 83.
4266 17. 83.
4267 17. 83.
4268 17. 83.
4269 17. 83.
4270 17. 83.
4271 17. 83.
4272 17. 83.
4273 17. 83.
4274 17. 83.
4275 17. 83.
4276 17. 83.
4277 17. 83.
4278 17. 83.
4279 17. 83.
4280 17. 83.
4281 17. 83.
4282 16. 84.
4283 16. 84.
4284 16. 84.
4285 16. 84.
4286 16. 84.
4287 16. 84.
4288 16. 84.
4289 16. 84.
4290 16. 84.
4291 16. 84.
4292 16. 84.
4293 16. 84.
4294 16. 84.
4295 16. 84.
4296 16. 84.
4297 16. 84.
4298 16. 84.
4299 16. 84.
4300 16. 84.
4301 17. 83.
4302 16. 84.
4303 16. 84.
4304 16. 84.
4305 16. 84.
4306 16. 84.
4307 16. 84.
4308 16. 84.
4309 16. 84.
4310 15. 85.
4311 15. 85.
4312 15. 85.
4313 15. 85.
4314 14. 86.
4315 14. 86.
4316 14. 86.
4317 14. 86.
4318 14. 86.
4319 13. 87.
4320 14. 86.
4321 13. 87.
4322 13. 87.
4323 13. 87.
4324 13. 87.
4325 13. 87.
4326 13. 87.
4327 13. 87.
4328 13. 87.
4329 13. 87.
4330 13. 87.
4331 13. 87.
4332 13. 87.
4333 13. 87.
4334 13. 87.
4335 13. 87.
4336 13. 87.
4337 13. 87.
4338 13. 87.
4339 13. 87.
4340 13. 87.
4341 13. 87.
4342 13. 87.
4343 13. 87.
4344 13. 87.
4345 13. 87.
4346 13. 87.
4347 13. 87.
4348 13. 87.
4349 13. 87.
4350 13. 87.
4351 13. 87.
4352 12. 88.
4353 11. 89.
4354 11. 89.
4355 11. 89.
4356 11. 89.
4357 11. 89.
4358 10. 90.
4359 10. 90.
4360 10. 90.
4361 10. 90.
4362 10. 90.
4363 10. 90.
4364 10. 90.
4365 11. 89.
4366 11. 89.
4367 11. 89.
4368 11. 89.
4369 11. 89.
4370 11. 89.
4371 11. 89.
4372 11. 89.
4373 11. 89.
4374 11. 89.
4375 11. 89.
4376 11. 89.
4377 11. 89.
4378 11. 89.
4379 11. 89.
4380 11. 89.
4381 11. 89.
4382 11. 89.
4383 11. 89.
4384 11. 89.
4385 11. 89.
4386 11. 89.
4387 11. 89.
4388 11. 89.
4389 11. 89.
4390 11. 89.
4391 11. 89.
4392 11. 89.
4393 11. 89.
4394 11. 89.
4395 10. 90.
4396 10. 90.
4397 10. 90.
4398 10. 90.
4399 10. 90.
4400 10. 90.
4401 10. 90.
4402 10. 90.
4403 10. 90.
4404 10. 90.
4405 10. 90.
4406 10. 90.
4407 10. 90.
4408 10. 90.
4409 10. 90.
4410 10. 90.
4411 10. 90.
4412 9. 91.
4413 9. 91.
4414 9. 91.
4415 9. 91.
4416 9. 91.
4417 9. 91.
4418 9. 91.
4419 9. 91.
4420 9. 91.
4421 9. 91.
4422 9. 91.
4423 9. 91.
4424 9. 91.
4425 9. 91.
4426 9. 91.
4427 9. 91.
4428 10. 90.
4429 10. 90.
4430 10. 90.
4431 10. 90.
4432 9. 91.
4433 9. 91.
4434 9. 91.
4435 9. 91.
4436 9. 91.
4437 10. 90.
4438 10. 90.
4439 10. 90.
4440 10. 90.
4441 9. 91.
4442 9. 91.
4443 9. 91.
4444 9. 91.
4445 9. 91.
4446 9. 91.
4447 9. 91.
4448 8. 92.
4449 8. 92.
4450 8. 92.
4451 9. 91.
4452 9. 91.
4453 9. 91.
4454 9. 91.
4455 9. 91.
4456 9. 91.
4457 9. 91.
4458 9. 91.
4459 9. 91.
4460 9. 91.
4461 9. 91.
4462 9. 91.
4463 9. 91.
4464 9. 91.
4465 9. 91.
4466 9. 91.
4467 8. 92.
4468 8. 92.
4469 8. 92.
4470 8. 92.
4471 8. 92.
4472 8. 92.
4473 8. 92.
4474 8. 92.
4475 8. 92.
4476 9. 91.
4477 8. 92.
4478 8. 92.
4479 8. 92.
4480 8. 92.
4481 8. 92.
4482 8. 92.
4483 8. 92.
4484 8. 92.
4485 8. 92.
4486 8. 92.
4487 8. 92.
4488 8. 92.
4489 8. 92.
4490 8. 92.
4491 8. 92.
4492 8. 92.
4493 8. 92.
4494 8. 92.
4495 9. 91.
4496 9. 91.
4497 9. 91.
4498 9. 91.
4499 9. 91.
4500 9. 91.
4501 9. 91.
4502 9. 91.
4503 9. 91.
4504 9. 91.
4505 9. 91.
4506 9. 91.
4507 9. 91.
4508 9. 91.
4509 9. 91.
4510 9. 91.
4511 9. 91.
4512 9. 91.
4513 9. 91.
4514 9. 91.
4515 9. 91.
4516 9. 91.
4517 9. 91.
4518 9. 91.
4519 9. 91.
4520 9. 91.
4521 9. 91.
4522 9. 91.
4523 9. 91.
4524 9. 91.
4525 9. 91.
4526 9. 91.
4527 9. 91.
4528 9. 91.
4529 9. 91.
4530 9. 91.
4531 9. 91.
4532 9. 91.
4533 9. 91.
4534 9. 91.
4535 9. 91.
4536 9. 91.
4537 9. 91.
4538 9. 91.
4539 9. 91.
4540 9. 91.
4541 10. 90.
4542 10. 90.
4543 10. 90.
4544 11. 89.
4545 11. 89.
4546 11. 89.
4547 11. 89.
4548 11. 89.
4549 11. 89.
4550 11. 89.
4551 12. 88.
4552 12. 88.
4553 12. 88.
4554 12. 88.
4555 12. 88.
4556 11. 89.
4557 11. 89.
4558 10. 90.
4559 10. 90.
4560 10. 90.
4561 10. 90.
4562 10. 90.
4563 10. 90.
4564 10. 90.
4565 9. 91.
4566 9. 91.
4567 9. 91.
4568 10. 90.
4569 10. 90.
4570 10. 90.
4571 10. 90.
4572 10. 90.
4573 10. 90.
4574 10. 90.
4575 10. 90.
4576 11. 89.
4577 11. 89.
4578 11. 89.
4579 10. 90.
4580 10. 90.
4581 10. 90.
4582 10. 90.
4583 10. 90.
4584 10. 90.
4585 10. 90.
4586 10. 90.
4587 10. 90.
4588 9. 91.
4589 9. 91.
4590 9. 91.
4591 9. 91.
4592 9. 91.
4593 9. 91.
4594 9. 91.
4595 9. 91.
4596 9. 91.
4597 9. 91.
4598 9. 91.
4599 9. 91.
4600 9. 91.
4601 9. 91.
4602 9. 91.
4603 8. 92.
4604 8. 92.
4605 8. 92.
4606 8. 92.
4607 8. 92.
4608 8. 92.
4609 8. 92.
4610 8. 92.
4611 8. 92.
4612 8. 92.
4613 8. 92.
4614 8. 92.
4615 8. 92.
4616 8. 92.
4617 8. 92.
4618 8. 92.
4619 8. 92.
4620 8. 92.
4621 7. 93.
4622 7. 93.
4623 7. 93.
4624 7. 93.
4625 7. 93.
4626 7. 93.
4627 7. 93.
4628 7. 93.
4629 7. 93.
4630 7. 93.
4631 7. 93.
4632 7. 93.
4633 7. 93.
4634 7. 93.
4635 6. 94.
4636 6. 94.
4637 6. 94.
4638 6. 94.
4639 6. 94.
4640 6. 94.
4641 6. 94.
4642 6. 94.
4643 6. 94.
4644 6. 94.
4645 6. 94.
4646 6. 94.
4647 6. 94.
4648 6. 94.
4649 6. 94.
4650 6. 94.
4651 6. 94.
4652 6. 94.
4653 6. 94.
4654 6. 94.
4655 6. 94.
4656 6. 94.
4657 6. 94.
4658 6. 94.
4659 6. 94.
4660 6. 94.
4661 5. 95.
4662 5. 95.
4663 5. 95.
4664 5. 95.
4665 5. 95.
4666 5. 95.
4667 5. 95.
4668 5. 95.
4669 5. 95.
4670 5. 95.
4671 5. 95.
4672 5. 95.
4673 5. 95.
4674 5. 95.
4675 5. 95.
4676 5. 95.
4677 5. 95.
4678 5. 95.
4679 5. 95.
4680 5. 95.
4681 5. 95.
4682 5. 95.
4683 5. 95.
4684 5. 95.
4685 5. 95.
4686 5. 95.
4687 5. 95.
4688 5. 95.
4689 5. 95.
4690 5. 95.
4691 5. 95.
4692 5. 95.
4693 5. 95.
4694 5. 95.
4695 5. 95.
4696 5. 95.
4697 5. 95.
4698 5. 95.
4699 5. 95.
4700 5. 95.
4701 5. 95.
4702 5. 95.
4703 5. 95.
4704 5. 95.
4705 5. 95.
4706 5. 95.
4707 5. 95.
4708 5. 95.
4709 5. 95.
4710 5. 95.
4711 5. 95.
4712 5. 95.
4713 5. 95.
4714 5. 95.
4715 5. 95.
4716 5. 95.
4717 5. 95.
4718 5. 95.
4719 5. 95.
4720 5. 95.
4721 5. 95.
4722 5. 95.
4723 5. 95.
4724 5. 95.
4725 5. 95.
4726 5. 95.
4727 5. 95.
4728 5. 95.
4729 5. 95.
4730 5. 95.
4731 5. 95.
4732 5. 95.
4733 5. 95.
4734 5. 95.
4735 5. 95.
4736 5. 95.
4737 5. 95.
4738 5. 95.
4739 5. 95.
4740 5. 95.
4741 5. 95.
4742 5. 95.
4743 5. 95.
4744 5. 95.
4745 5. 95.
4746 5. 95.
4747 5. 95.
4748 5. 95.
4749 5. 95.
4750 5. 95.
4751 5. 95.
4752 5. 95.
4753 5. 95.
4754 5. 95.
4755 5. 95.
4756 5. 95.
4757 5. 95.
4758 5. 95.
4759 5. 95.
4760 5. 95.
4761 5. 95.
4762 5. 95.
4763 5. 95.
4764 5. 95.
4765 5. 95.
4766 5. 95.
4767 5. 95.
4768 5. 95.
4769 5. 95.
4770 5. 95.
4771 5. 95.
4772 5. 95.
4773 5. 95.
4774 5. 95.
4775 5. 95.
4776 5. 95.
4777 5. 95.
4778 5. 95.
4779 5. 95.
4780 5. 95.
4781 5. 95.
4782 5. 95.
4783 5. 95.
4784 5. 95.
4785 5. 95.
4786 5. 95.
4787 5. 95.
4788 5. 95.
4789 5. 95.
4790 5. 95.
4791 4. 96.
4792 4. 96.
4793 4. 96.
4794 4. 96.
4795 4. 96.
4796 4. 96.
4797 4. 96.
4798 4. 96.
4799 4. 96.
4800 4. 96.
4801 4. 96.
4802 4. 96.
4803 4. 96.
4804 4. 96.
4805 4. 96.
4806 4. 96.
4807 4. 96.
4808 4. 96.
4809 4. 96.
4810 4. 96.
4811 4. 96.
4812 4. 96.
4813 4. 96.
4814 4. 96.
4815 4. 96.
4816 4. 96.
4817 4. 96.
4818 4. 96.
4819 4. 96.
4820 4. 96.
4821 4. 96.
4822 4. 96.
4823 4. 96.
4824 4. 96.
4825 4. 96.
4826 4. 96.
4827 4. 96.
4828 4. 96.
4829 4. 96.
4830 4. 96.
4831 4. 96.
4832 4. 96.
4833 4. 96.
4834 4. 96.
4835 4. 96.
4836 4. 96.
4837 4. 96.
4838 4. 96.
4839 4. 96.
4840 4. 96.
4841 4. 96.
4842 4. 96.
4843 4. 96.
4844 4. 96.
4845 4. 96.
4846 4. 96.
4847 4. 96.
4848 4. 96.
4849 4. 96.
4850 3. 97.
4851 3. 97.
4852 3. 97.
4853 3. 97.
4854 3. 97.
4855 3. 97.
4856 3. 97.
4857 3. 97.
4858 4. 96.
4859 5. 95.
4860 5. 95.
4861 5. 95.
4862 5. 95.
4863 5. 95.
4864 5. 95.
4865 5. 95.
4866 5. 95.
4867 5. 95.
4868 5. 95.
4869 5. 95.
4870 5. 95.
4871 5. 95.
4872 5. 95.
4873 5. 95.
4874 5. 95.
4875 5. 95.
4876 5. 95.
4877 5. 95.
4878 5. 95.
4879 5. 95.
4880 5. 95.
4881 5. 95.
4882 5. 95.
4883 5. 95.
4884 5. 95.
4885 5. 95.
4886 5. 95.
4887 5. 95.
4888 5. 95.
4889 5. 95.
4890 5. 95.
4891 5. 95.
4892 4. 96.
4893 4. 96.
4894 4. 96.
4895 4. 96.
4896 4. 96.
4897 4. 96.
4898 4. 96.
4899 4. 96.
4900 4. 96.
4901 4. 96.
4902 4. 96.
4903 4. 96.
4904 4. 96.
4905 4. 96.
4906 4. 96.
4907 4. 96.
4908 4. 96.
4909 4. 96.
4910 4. 96.
4911 4. 96.
4912 4. 96.
4913 4. 96.
4914 4. 96.
4915 4. 96.
4916 4. 96.
4917 4. 96.
4918 4. 96.
4919 4. 96.
4920 4. 96.
4921 3. 97.
4922 3. 97.
4923 3. 97.
4924 3. 97.
4925 3. 97.
4926 3. 97.
4927 3. 97.
4928 3. 97.
4929 3. 97.
4930 3. 97.
4931 3. 97.
4932 3. 97.
4933 3. 97.
4934 3. 97.
4935 3. 97.
4936 3. 97.
4937 3. 97.
4938 3. 97.
4939 3. 97.
4940 3. 97.
4941 3. 97.
4942 3. 97.
4943 3. 97.
4944 3. 97.
4945 3. 97.
4946 3. 97.
4947 3. 97.
4948 3. 97.
4949 3. 97.
4950 3. 97.
4951 3. 97.
4952 2. 98.
4953 2. 98.
4954 2. 98.
4955 3. 97.
4956 3. 97.
4957 3. 97.
4958 3. 97.
4959 3. 97.
4960 3. 97.
4961 3. 97.
4962 3. 97.
4963 3. 97.
4964 3. 97.
4965 3. 97.
4966 3. 97.
4967 3. 97.
4968 3. 97.
4969 3. 97.
4970 3. 97.
4971 3. 97.
4972 3. 97.
4973 3. 97.
4974 3. 97.
4975 3. 97.
4976 3. 97.
4977 3. 97.
4978 3. 97.
4979 3. 97.
4980 3. 97.
4981 3. 97.
4982 3. 97.
4983 4. 96.
4984 4. 96.
4985 4. 96.
4986 4. 96.
4987 4. 96.
4988 4. 96.
4989 4. 96.
4990 4. 96.
4991 4. 96.
4992 4. 96.
4993 4. 96.
4994 4. 96.
4995 4. 96.
4996 4. 96.
4997 4. 96.
4998 4. 96.
4999 4. 96.
5000 4. 96.
5001 4. 96.
5002 4. 96.
5003 4. 96.
5004 4. 96.
5005 4. 96.
5006 4. 96.
5007 4. 96.
5008 4. 96.
5009 4. 96.
5010 4. 96.
5011 4. 96.
5012 4. 96.
5013 4. 96.
5014 4. 96.
5015 5. 95.
5016 5. 95.
5017 5. 95.
5018 5. 95.
5019 5. 95.
5020 5. 95.
5021 5. 95.
5022 5. 95.
5023 5. 95.
5024 5. 95.
5025 5. 95.
5026 5. 95.
5027 5. 95.
5028 5. 95.
5029 5. 95.
5030 5. 95.
5031 4. 96.
5032 4. 96.
5033 4. 96.
5034 4. 96.
5035 4. 96.
5036 4. 96.
5037 4. 96.
5038 4. 96.
5039 4. 96.
5040 4. 96.
5041 4. 96.
5042 4. 96.
5043 4. 96.
5044 4. 96.
5045 4. 96.
5046 4. 96.
5047 4. 96.
5048 4. 96.
5049 4. 96.
5050 4. 96.
5051 4. 96.
5052 4. 96.
5053 4. 96.
5054 4. 96.
5055 4. 96.
5056 4. 96.
5057 4. 96.
5058 4. 96.
5059 4. 96.
5060 4. 96.
5061 4. 96.
5062 4. 96.
5063 4. 96.
5064 4. 96.
5065 4. 96.
5066 4. 96.
5067 4. 96.
5068 4. 96.
5069 4. 96.
5070 5. 95.
5071 5. 95.
5072 5. 95.
5073 5. 95.
5074 5. 95.
5075 5. 95.
5076 5. 95.
5077 5. 95.
5078 5. 95.
5079 5. 95.
5080 5. 95.
5081 5. 95.
5082 5. 95.
5083 5. 95.
5084 5. 95.
5085 5. 95.
5086 5. 95.
5087 4. 96.
5088 4. 96.
5089 4. 96.
5090 4. 96.
5091 4. 96.
5092 4. 96.
5093 4. 96.
5094 4. 96.
5095 4. 96.
5096 4. 96.
5097 4. 96.
5098 4. 96.
5099 4. 96.
5100 4. 96.
5101 4. 96.
5102 4. 96.
5103 4. 96.
5104 4. 96.
5105 4. 96.
5106 5. 95.
5107 5. 95.
5108 5. 95.
5109 5. 95.
5110 5. 95.
5111 5. 95.
5112 5. 95.
5113 5. 95.
5114 5. 95.
5115 5. 95.
5116 5. 95.
5117 5. 95.
5118 4. 96.
5119 4. 96.
5120 4. 96.
5121 4. 96.
5122 4. 96.
5123 4. 96.
5124 4. 96.
5125 4. 96.
5126 4. 96.
5127 4. 96.
5128 4. 96.
5129 4. 96.
5130 4. 96.
5131 4. 96.
5132 4. 96.
5133 4. 96.
5134 4. 96.
5135 4. 96.
5136 4. 96.
5137 4. 96.
5138 4. 96.
5139 4. 96.
5140 4. 96.
5141 4. 96.
5142 4. 96.
5143 4. 96.
5144 5. 95.
5145 5. 95.
5146 5. 95.
5147 5. 95.
5148 5. 95.
5149 5. 95.
5150 5. 95.
5151 5. 95.
5152 5. 95.
5153 5. 95.
5154 5. 95.
5155 5. 95.
5156 5. 95.
5157 5. 95.
5158 5. 95.
5159 5. 95.
5160 5. 95.
5161 5. 95.
5162 5. 95.
5163 5. 95.
5164 5. 95.
5165 5. 95.
5166 5. 95.
5167 5. 95.
5168 5. 95.
5169 5. 95.
5170 5. 95.
5171 5. 95.
5172 5. 95.
5173 5. 95.
5174 5. 95.
5175 5. 95.
5176 5. 95.
5177 5. 95.
5178 5. 95.
5179 5. 95.
5180 4. 96.
5181 4. 96.
5182 4. 96.
5183 4. 96.
5184 4. 96.
5185 4. 96.
5186 4. 96.
5187 4. 96.
5188 4. 96.
5189 4. 96.
5190 4. 96.
5191 4. 96.
5192 4. 96.
5193 4. 96.
5194 4. 96.
5195 4. 96.
5196 4. 96.
5197 4. 96.
5198 4. 96.
5199 4. 96.
5200 3. 97.
5201 3. 97.
5202 3. 97.
5203 3. 97.
5204 3. 97.
5205 3. 97.
5206 3. 97.
5207 3. 97.
5208 3. 97.
5209 3. 97.
5210 3. 97.
5211 3. 97.
5212 3. 97.
5213 3. 97.
5214 3. 97.
5215 3. 97.
5216 3. 97.
5217 3. 97.
5218 3. 97.
5219 3. 97.
5220 3. 97.
5221 3. 97.
5222 3. 97.
5223 3. 97.
5224 3. 97.
5225 3. 97.
5226 4. 96.
5227 4. 96.
5228 4. 96.
5229 4. 96.
5230 4. 96.
5231 4. 96.
5232 4. 96.
5233 4. 96.
5234 4. 96.
5235 4. 96.
5236 5. 95.
5237 5. 95.
5238 5. 95.
5239 5. 95.
5240 5. 95.
5241 5. 95.
5242 5. 95.
5243 5. 95.
5244 5. 95.
5245 5. 95.
5246 5. 95.
5247 5. 95.
5248 5. 95.
5249 5. 95.
5250 5. 95.
5251 4. 96.
5252 4. 96.
5253 4. 96.
5254 4. 96.
5255 4. 96.
5256 4. 96.
5257 4. 96.
5258 4. 96.
5259 4. 96.
5260 4. 96.
5261 4. 96.
5262 4. 96.
5263 4. 96.
5264 4. 96.
5265 4. 96.
5266 4. 96.
5267 4. 96.
5268 4. 96.
5269 4. 96.
5270 4. 96.
5271 4. 96.
5272 4. 96.
5273 4. 96.
5274 4. 96.
5275 4. 96.
5276 4. 96.
5277 4. 96.
5278 4. 96.
5279 4. 96.
5280 4. 96.
5281 5. 95.
5282 5. 95.
5283 5. 95.
5284 5. 95.
5285 5. 95.
5286 5. 95.
5287 5. 95.
5288 5. 95.
5289 5. 95.
5290 5. 95.
5291 5. 95.
5292 5. 95.
5293 5. 95.
5294 5. 95.
5295 5. 95.
5296 5. 95.
5297 5. 95.
5298 5. 95.
5299 5. 95.
5300 4. 96.
5301 4. 96.
5302 4. 96.
5303 4. 96.
5304 4. 96.
5305 4. 96.
5306 4. 96.
5307 4. 96.
5308 4. 96.
5309 4. 96.
5310 4. 96.
5311 4. 96.
5312 4. 96.
5313 4. 96.
5314 4. 96.
5315 4. 96.
5316 4. 96.
5317 4. 96.
5318 4. 96.
5319 4. 96.
5320 4. 96.
5321 4. 96.
5322 4. 96.
5323 4. 96.
5324 4. 96.
5325 4. 96.
5326 4. 96.
5327 4. 96.
5328 3. 97.
5329 3. 97.
5330 3. 97.
5331 3. 97.
5332 3. 97.
5333 3. 97.
5334 3. 97.
5335 3. 97.
5336 3. 97.
5337 3. 97.
5338 3. 97.
5339 3. 97.
5340 3. 97.
5341 3. 97.
5342 3. 97.
5343 3. 97.
5344 3. 97.
5345 3. 97.
5346 3. 97.
5347 3. 97.
5348 3. 97.
5349 3. 97.
5350 3. 97.
5351 3. 97.
5352 3. 97.
5353 3. 97.
5354 3. 97.
5355 3. 97.
5356 3. 97.
5357 4. 96.
5358 4. 96.
5359 4. 96.
5360 4. 96.
5361 4. 96.
5362 4. 96.
5363 4. 96.
5364 4. 96.
5365 4. 96.
5366 4. 96.
5367 4. 96.
5368 4. 96.
5369 4. 96.
5370 4. 96.
5371 4. 96.
5372 4. 96.
5373 4. 96.
5374 4. 96.
5375 4. 96.
5376 4. 96.
5377 4. 96.
5378 4. 96.
5379 4. 96.
5380 4. 96.
5381 4. 96.
5382 4. 96.
5383 4. 96.
5384 4. 96.
5385 4. 96.
5386 4. 96.
5387 4. 96.
5388 4. 96.
5389 4. 96.
5390 4. 96.
5391 4. 96.
5392 4. 96.
5393 4. 96.
5394 4. 96.
5395 4. 96.
5396 4. 96.
5397 4. 96.
5398 4. 96.
5399 4. 96.
5400 4. 96.
5401 4. 96.
5402 4. 96.
5403 4. 96.
5404 3. 97.
5405 3. 97.
5406 3. 97.
5407 3. 97.
5408 3. 97.
5409 3. 97.
5410 3. 97.
5411 3. 97.
5412 3. 97.
5413 3. 97.
5414 3. 97.
5415 3. 97.
5416 3. 97.
5417 3. 97.
5418 3. 97.
5419 3. 97.
5420 3. 97.
5421 3. 97.
5422 3. 97.
5423 3. 97.
5424 3. 97.
5425 3. 97.
5426 3. 97.
5427 3. 97.
5428 3. 97.
5429 3. 97.
5430 3. 97.
5431 3. 97.
5432 3. 97.
5433 3. 97.
5434 3. 97.
5435 3. 97.
5436 3. 97.
5437 2. 98.
5438 2. 98.
5439 2. 98.
5440 2. 98.
5441 2. 98.
5442 2. 98.
5443 2. 98.
5444 2. 98.
5445 2. 98.
5446 2. 98.
5447 2. 98.
5448 2. 98.
5449 2. 98.
5450 2. 98.
5451 2. 98.
5452 2. 98.
5453 2. 98.
5454 2. 98.
5455 2. 98.
5456 2. 98.
5457 2. 98.
5458 2. 98.
5459 2. 98.
5460 2. 98.
5461 2. 98.
5462 2. 98.
5463 2. 98.
5464 1. 99.
5465 1. 99.
5466 1. 99.
5467 1. 99.
5468 1. 99.
5469 1. 99.
5470 1. 99.
5471 1. 99.
5472 1. 99.
5473 1. 99.
5474 1. 99.
5475 1. 99.
5476 1. 99.
5477 1. 99.
5478 1. 99.
5479 1. 99.
5480 1. 99.
5481 1. 99.
5482 1. 99.
5483 1. 99.
5484 1. 99.
5485 1. 99.
5486 1. 99.
5487 1. 99.
5488 1. 99.
5489 1. 99.
5490 1. 99.
5491 1. 99.
5492 1. 99.
5493 1. 99.
5494 1. 99.
5495 1. 99.
5496 1. 99.
5497 1. 99.
5498 1. 99.
5499 1. 99.
5500 1. 99.
5501 1. 99.
5502 1. 99.
5503 1. 99.
5504 1. 99.
5505 1. 99.
5506 1. 99.
5507 1. 99.
5508 1. 99.
5509 1. 99.
5510 1. 99.
5511 1. 99.
5512 1. 99.
5513 1. 99.
5514 1. 99.
5515 1. 99.
5516 1. 99.
5517 1. 99.
5518 1. 99.
5519 1. 99.
5520 1. 99.
5521 1. 99.
5522 1. 99.
5523 1. 99.
5524 1. 99.
5525 1. 99.
5526 1. 99.
5527 1. 99.
5528 1. 99.
5529 1. 99.
5530 1. 99.
5531 1. 99.
5532 1. 99.
5533 1. 99.
5534 1. 99.
5535 1. 99.
5536 1. 99.
5537 1. 99.
5538 1. 99.
5539 1. 99.
5540 1. 99.
5541 1. 99.
5542 1. 99.
5543 1. 99.
5544 1. 99.
5545 1. 99.
5546 1. 99.
5547 1. 99.
5548 1. 99.
5549 1. 99.
5550 1. 99.
5551 1. 99.
5552 1. 99.
5553 1. 99.
5554 1. 99.
5555 1. 99.
5556 1. 99.
5557 1. 99.
5558 1. 99.
5559 1. 99.
5560 1. 99.
5561 1. 99.
5562 1. 99.
5563 1. 99.
5564 1. 99.
5565 1. 99.
5566 1. 99.
5567 1. 99.
5568 1. 99.
5569 1. 99.
5570 1. 99.
5571 1. 99.
5572 1. 99.
5573 1. 99.
5574 1. 99.
5575 1. 99.
5576 1. 99.
5577 1. 99.
5578 2. 98.
5579 2. 98.
5580 2. 98.
5581 2. 98.
5582 2. 98.
5583 2. 98.
5584 2. 98.
5585 2. 98.
5586 2. 98.
5587 2. 98.
5588 2. 98.
5589 3. 97.
5590 3. 97.
5591 3. 97.
5592 3. 97.
5593 3. 97.
5594 3. 97.
5595 3. 97.
5596 3. 97.
5597 3. 97.
5598 3. 97.
5599 3. 97.
5600 3. 97.
5601 3. 97.
5602 3. 97.
5603 3. 97.
5604 3. 97.
5605 3. 97.
5606 3. 97.
5607 3. 97.
5608 3. 97.
5609 3. 97.
5610 3. 97.
5611 3. 97.
5612 3. 97.
5613 3. 97.
5614 3. 97.
5615 3. 97.
5616 3. 97.
5617 3. 97.
5618 3. 97.
5619 3. 97.
5620 3. 97.
5621 3. 97.
5622 3. 97.
5623 3. 97.
5624 3. 97.
5625 3. 97.
5626 3. 97.
5627 3. 97.
5628 3. 97.
5629 3. 97.
5630 4. 96.
5631 4. 96.
5632 4. 96.
5633 4. 96.
5634 4. 96.
5635 4. 96.
5636 4. 96.
5637 4. 96.
5638 4. 96.
5639 4. 96.
5640 4. 96.
5641 4. 96.
5642 4. 96.
5643 4. 96.
5644 4. 96.
5645 4. 96.
5646 4. 96.
5647 4. 96.
5648 4. 96.
5649 4. 96.
5650 4. 96.
5651 4. 96.
5652 4. 96.
5653 4. 96.
5654 4. 96.
5655 4. 96.
5656 4. 96.
5657 4. 96.
5658 4. 96.
5659 4. 96.
5660 4. 96.
5661 4. 96.
5662 5. 95.
5663 5. 95.
5664 5. 95.
5665 5. 95.
5666 5. 95.
5667 5. 95.
5668 5. 95.
5669 5. 95.
5670 5. 95.
5671 5. 95.
5672 5. 95.
5673 5. 95.
5674 5. 95.
5675 5. 95.
5676 5. 95.
5677 5. 95.
5678 5. 95.
5679 5. 95.
5680 5. 95.
5681 5. 95.
5682 5. 95.
5683 5. 95.
5684 5. 95.
5685 5. 95.
5686 5. 95.
5687 5. 95.
5688 5. 95.
5689 5. 95.
5690 5. 95.
5691 5. 95.
5692 5. 95.
5693 5. 95.
5694 5. 95.
5695 5. 95.
5696 5. 95.
5697 5. 95.
5698 5. 95.
5699 5. 95.
5700 5. 95.
5701 5. 95.
5702 5. 95.
5703 5. 95.
5704 5. 95.
5705 5. 95.
5706 5. 95.
5707 5. 95.
5708 5. 95.
5709 5. 95.
5710 5. 95.
5711 5. 95.
5712 5. 95.
5713 5. 95.
5714 5. 95.
5715 5. 95.
5716 5. 95.
5717 5. 95.
5718 5. 95.
5719 5. 95.
5720 5. 95.
5721 5. 95.
5722 5. 95.
5723 5. 95.
5724 5. 95.
5725 5. 95.
5726 5. 95.
5727 5. 95.
5728 5. 95.
5729 5. 95.
5730 5. 95.
5731 5. 95.
5732 5. 95.
5733 5. 95.
5734 5. 95.
5735 5. 95.
5736 5. 95.
5737 5. 95.
5738 5. 95.
5739 5. 95.
5740 5. 95.
5741 5. 95.
5742 5. 95.
5743 5. 95.
5744 5. 95.
5745 5. 95.
5746 5. 95.
5747 5. 95.
5748 5. 95.
5749 5. 95.
5750 5. 95.
5751 5. 95.
5752 4. 96.
5753 4. 96.
5754 4. 96.
5755 4. 96.
5756 4. 96.
5757 4. 96.
5758 4. 96.
5759 4. 96.
5760 4. 96.
5761 4. 96.
5762 4. 96.
5763 4. 96.
5764 4. 96.
5765 4. 96.
5766 4. 96.
5767 4. 96.
5768 4. 96.
5769 4. 96.
5770 4. 96.
5771 4. 96.
5772 4. 96.
5773 4. 96.
5774 4. 96.
5775 4. 96.
5776 4. 96.
5777 4. 96.
5778 4. 96.
5779 4. 96.
5780 4. 96.
5781 4. 96.
5782 4. 96.
5783 4. 96.
5784 4. 96.
5785 4. 96.
5786 4. 96.
5787 4. 96.
5788 4. 96.
5789 4. 96.
5790 4. 96.
5791 4. 96.
5792 4. 96.
5793 4. 96.
5794 4. 96.
5795 4. 96.
5796 4. 96.
5797 4. 96.
5798 4. 96.
5799 4. 96.
5800 4. 96.
5801 4. 96.
5802 4. 96.
5803 4. 96.
5804 4. 96.
5805 4. 96.
5806 4. 96.
5807 4. 96.
5808 4. 96.
5809 4. 96.
5810 4. 96.
5811 4. 96.
5812 4. 96.
5813 4. 96.
5814 4. 96.
5815 4. 96.
5816 4. 96.
5817 4. 96.
5818 4. 96.
5819 4. 96.
5820 4. 96.
5821 4. 96.
5822 4. 96.
5823 3. 97.
5824 3. 97.
5825 3. 97.
5826 3. 97.
5827 3. 97.
5828 3. 97.
5829 3. 97.
5830 3. 97.
5831 3. 97.
5832 2. 98.
5833 2. 98.
5834 2. 98.
5835 2. 98.
5836 2. 98.
5837 2. 98.
5838 2. 98.
5839 2. 98.
5840 2. 98.
5841 2. 98.
5842 3. 97.
5843 3. 97.
5844 3. 97.
5845 3. 97.
5846 3. 97.
5847 3. 97.
5848 3. 97.
5849 3. 97.
5850 3. 97.
5851 3. 97.
5852 3. 97.
5853 3. 97.
5854 3. 97.
5855 3. 97.
5856 3. 97.
5857 3. 97.
5858 3. 97.
5859 3. 97.
5860 3. 97.
5861 3. 97.
5862 3. 97.
5863 3. 97.
5864 3. 97.
5865 3. 97.
5866 3. 97.
5867 3. 97.
5868 3. 97.
5869 3. 97.
5870 3. 97.
5871 3. 97.
5872 3. 97.
5873 3. 97.
5874 3. 97.
5875 3. 97.
5876 3. 97.
5877 3. 97.
5878 3. 97.
5879 3. 97.
5880 3. 97.
5881 3. 97.
5882 3. 97.
5883 4. 96.
5884 4. 96.
5885 3. 97.
5886 3. 97.
5887 3. 97.
5888 3. 97.
5889 3. 97.
5890 3. 97.
5891 3. 97.
5892 3. 97.
5893 3. 97.
5894 3. 97.
5895 2. 98.
5896 2. 98.
5897 2. 98.
5898 2. 98.
5899 2. 98.
5900 2. 98.
5901 2. 98.
5902 2. 98.
5903 2. 98.
5904 2. 98.
5905 2. 98.
5906 2. 98.
5907 2. 98.
5908 2. 98.
5909 2. 98.
5910 2. 98.
5911 2. 98.
5912 2. 98.
5913 2. 98.
5914 2. 98.
5915 2. 98.
5916 2. 98.
5917 2. 98.
5918 2. 98.
5919 2. 98.
5920 2. 98.
5921 2. 98.
5922 2. 98.
5923 2. 98.
5924 2. 98.
5925 2. 98.
5926 2. 98.
5927 2. 98.
5928 2. 98.
5929 2. 98.
5930 2. 98.
5931 2. 98.
5932 2. 98.
5933 2. 98.
5934 2. 98.
5935 2. 98.
5936 2. 98.
5937 2. 98.
5938 2. 98.
5939 2. 98.
5940 2. 98.
5941 2. 98.
5942 2. 98.
5943 2. 98.
5944 2. 98.
5945 2. 98.
5946 2. 98.
5947 2. 98.
5948 2. 98.
5949 2. 98.
5950 2. 98.
5951 2. 98.
5952 2. 98.
5953 2. 98.
5954 2. 98.
5955 2. 98.
5956 2. 98.
5957 2. 98.
5958 2. 98.
5959 2. 98.
5960 2. 98.
5961 2. 98.
5962 2. 98.
5963 2. 98.
5964 2. 98.
5965 2. 98.
5966 2. 98.
5967 2. 98.
5968 2. 98.
5969 2. 98.
5970 2. 98.
5971 2. 98.
5972 2. 98.
5973 2. 98.
5974 2. 98.
5975 2. 98.
5976 2. 98.
5977 2. 98.
5978 2. 98.
5979 2. 98.
5980 2. 98.
5981 2. 98.
5982 2. 98.
5983 2. 98.
5984 2. 98.
5985 2. 98.
5986 2. 98.
5987 2. 98.
5988 2. 98.
5989 2. 98.
5990 2. 98.
5991 2. 98.
5992 2. 98.
5993 2. 98.
5994 2. 98.
5995 2. 98.
5996 2. 98.
5997 2. 98.
5998 2. 98.
5999 2. 98.
6000 2. 98.
6001 2. 98.
6002 3. 97.
6003 3. 97.
6004 3. 97.
6005 3. 97.
6006 3. 97.
6007 3. 97.
6008 3. 97.
6009 3. 97.
6010 3. 97.
6011 3. 97.
6012 3. 97.
6013 3. 97.
6014 3. 97.
6015 3. 97.
6016 3. 97.
6017 3. 97.
6018 3. 97.
6019 3. 97.
6020 3. 97.
6021 3. 97.
6022 3. 97.
6023 3. 97.
6024 3. 97.
6025 3. 97.
6026 2. 98.
6027 2. 98.
6028 2. 98.
6029 2. 98.
6030 2. 98.
6031 2. 98.
6032 2. 98.
6033 2. 98.
6034 2. 98.
6035 2. 98.
6036 2. 98.
6037 2. 98.
6038 2. 98.
6039 2. 98.
6040 2. 98.
6041 2. 98.
6042 2. 98.
6043 2. 98.
6044 2. 98.
6045 2. 98.
6046 2. 98.
6047 2. 98.
6048 2. 98.
6049 2. 98.
6050 2. 98.
6051 2. 98.
6052 2. 98.
6053 2. 98.
6054 2. 98.
6055 2. 98.
6056 2. 98.
6057 2. 98.
6058 2. 98.
6059 2. 98.
6060 2. 98.
6061 2. 98.
6062 2. 98.
6063 2. 98.
6064 2. 98.
6065 2. 98.
6066 2. 98.
6067 2. 98.
6068 2. 98.
6069 2. 98.
6070 2. 98.
6071 2. 98.
6072 2. 98.
6073 2. 98.
6074 2. 98.
6075 2. 98.
6076 2. 98.
6077 2. 98.
6078 2. 98.
6079 2. 98.
6080 2. 98.
6081 2. 98.
6082 2. 98.
6083 2. 98.
6084 2. 98.
6085 3. 97.
6086 3. 97.
6087 3. 97.
6088 3. 97.
6089 3. 97.
6090 3. 97.
6091 3. 97.
6092 3. 97.
6093 3. 97.
6094 3. 97.
6095 3. 97.
6096 3. 97.
6097 3. 97.
6098 3. 97.
6099 3. 97.
6100 3. 97.
6101 3. 97.
6102 3. 97.
6103 3. 97.
6104 3. 97.
6105 3. 97.
6106 3. 97.
6107 3. 97.
6108 3. 97.
6109 3. 97.
6110 3. 97.
6111 3. 97.
6112 3. 97.
6113 3. 97.
6114 3. 97.
6115 2. 98.
6116 2. 98.
6117 2. 98.
6118 3. 97.
6119 3. 97.
6120 3. 97.
6121 3. 97.
6122 3. 97.
6123 3. 97.
6124 3. 97.
6125 3. 97.
6126 3. 97.
6127 3. 97.
6128 3. 97.
6129 3. 97.
6130 3. 97.
6131 3. 97.
6132 3. 97.
6133 3. 97.
6134 3. 97.
6135 3. 97.
6136 3. 97.
6137 3. 97.
6138 3. 97.
6139 3. 97.
6140 3. 97.
6141 3. 97.
6142 3. 97.
6143 3. 97.
6144 3. 97.
6145 3. 97.
6146 3. 97.
6147 3. 97.
6148 3. 97.
6149 3. 97.
6150 3. 97.
6151 3. 97.
6152 3. 97.
6153 3. 97.
6154 3. 97.
6155 3. 97.
6156 3. 97.
6157 3. 97.
6158 3. 97.
6159 3. 97.
6160 3. 97.
6161 3. 97.
6162 3. 97.
6163 3. 97.
6164 3. 97.
6165 3. 97.
6166 3. 97.
6167 3. 97.
6168 3. 97.
6169 3. 97.
6170 3. 97.
6171 3. 97.
6172 3. 97.
6173 3. 97.
6174 3. 97.
6175 3. 97.
6176 2. 98.
6177 2. 98.
6178 2. 98.
6179 2. 98.
6180 2. 98.
6181 2. 98.
6182 2. 98.
6183 2. 98.
6184 2. 98.
6185 2. 98.
6186 2. 98.
6187 2. 98.
6188 2. 98.
6189 2. 98.
6190 2. 98.
6191 2. 98.
6192 2. 98.
6193 2. 98.
6194 2. 98.
6195 2. 98.
6196 2. 98.
6197 2. 98.
6198 2. 98.
6199 2. 98.
6200 3. 97.
6201 3. 97.
6202 3. 97.
6203 2. 98.
6204 2. 98.
6205 2. 98.
6206 2. 98.
6207 2. 98.
6208 2. 98.
6209 2. 98.
6210 2. 98.
6211 2. 98.
6212 2. 98.
6213 2. 98.
6214 2. 98.
6215 2. 98.
6216 2. 98.
6217 2. 98.
6218 2. 98.
6219 2. 98.
6220 2. 98.
6221 2. 98.
6222 2. 98.
6223 2. 98.
6224 2. 98.
6225 2. 98.
6226 2. 98.
6227 2. 98.
6228 2. 98.
6229 2. 98.
6230 2. 98.
6231 2. 98.
6232 2. 98.
6233 2. 98.
6234 2. 98.
6235 2. 98.
6236 2. 98.
6237 2. 98.
6238 2. 98.
6239 2. 98.
6240 2. 98.
6241 2. 98.
6242 1. 99.
6243 1. 99.
6244 1. 99.
6245 1. 99.
6246 1. 99.
6247 1. 99.
6248 1. 99.
6249 1. 99.
6250 1. 99.
6251 1. 99.
6252 1. 99.
6253 1. 99.
6254 1. 99.
6255 1. 99.
6256 1. 99.
6257 1. 99.
6258 1. 99.
6259 1. 99.
6260 1. 99.
6261 1. 99.
6262 1. 99.
6263 1. 99.
6264 1. 99.
6265 1. 99.
6266 1. 99.
6267 1. 99.
6268 1. 99.
6269 1. 99.
6270 1. 99.
6271 1. 99.
6272 1. 99.
6273 1. 99.
6274 1. 99.
6275 1. 99.
6276 1. 99.
6277 1. 99.
6278 1. 99.
6279 1. 99.
6280 1. 99.
6281 1. 99.
6282 1. 99.
6283 1. 99.
6284 1. 99.
6285 1. 99.
6286 1. 99.
6287 1. 99.
6288 1. 99.
6289 1. 99.
6290 1. 99.
6291 1. 99.
6292 1. 99.
6293 1. 99.
6294 1. 99.
6295 1. 99.
6296 1. 99.
6297 1. 99.
6298 1. 99.
6299 1. 99.
6300 1. 99.
6301 1. 99.
6302 1. 99.
6303 1. 99.
6304 1. 99.
6305 1. 99.
6306 1. 99.
6307 1. 99.
6308 1. 99.
6309 1. 99.
6310 1. 99.
6311 1. 99.
6312 1. 99.
6313 1. 99.
6314 1. 99.
6315 1. 99.
6316 1. 99.
6317 1. 99.
6318 1. 99.
6319 1. 99.
6320 1. 99.
6321 1. 99.
6322 1. 99.
6323 1. 99.
6324 1. 99.
6325 1. 99.
6326 1. 99.
6327 1. 99.
6328 1. 99.
6329 1. 99.
6330 1. 99.
6331 1. 99.
6332 1. 99.
6333 1. 99.
6334 1. 99.
6335 1. 99.
6336 1. 99.
6337 1. 99.
6338 1. 99.
6339 1. 99.
6340 1. 99.
6341 1. 99.
6342 1. 99.
6343 1. 99.
6344 1. 99.
6345 1. 99.
6346 1. 99.
6347 1. 99.
6348 1. 99.
6349 1. 99.
6350 1. 99.
6351 1. 99.
6352 1. 99.
6353 1. 99.
6354 1. 99.
6355 1. 99.
6356 1. 99.
6357 1. 99.
6358 1. 99.
6359 1. 99.
6360 1. 99.
6361 1. 99.
6362 1. 99.
6363 1. 99.
6364 1. 99.
6365 1. 99.
6366 1. 99.
6367 1. 99.
6368 1. 99.
6369 1. 99.
6370 1. 99.
6371 1. 99.
6372 1. 99.
6373 1. 99.
6374 1. 99.
6375 1. 99.
6376 1. 99.
6377 1. 99.
6378 1. 99.
6379 1. 99.
