0 15. 85.
1 15. 85.
2 15. 85.
3 15. 85.
4 15. 85.
5 15. 85.
6 15. 85.
7 14. 86.
8 14. 86.
9 15. 85.
10 14. 86.
11 15. 85.
12 15. 85.
13 15. 85.
14 15. 85.
15 15. 85.
16 15. 85.
17 15. 85.
18 15. 85.
19 15. 85.
20 15. 85.
21 15. 85.
22 15. 85.
23 15. 85.
24 15. 85.
25 15. 85.
26 15. 85.
27 14. 86.
28 14. 86.
29 14. 86.
30 14. 86.
31 14. 86.
32 13. 87.
33 13. 87.
34 13. 87.
35 13. 87.
36 12. 88.
37 12. 88.
38 12. 88.
39 12. 88.
40 12. 88.
41 12. 88.
42 12. 88.
43 12. 88.
44 12. 88.
45 11. 89.
46 11. 89.
47 11. 89.
48 11. 89.
49 11. 89.
50 11. 89.
51 11. 89.
52 11. 89.
53 11. 89.
54 11. 89.
55 11. 89.
56 11. 89.
57 11. 89.
58 11. 89.
59 11. 89.
60 11. 89.
61 11. 89.
62 11. 89.
63 11. 89.
64 11. 89.
65 11. 89.
66 11. 89.
67 11. 89.
68 11. 89.
69 11. 89.
70 11. 89.
71 10. 90.
72 10. 90.
73 10. 90.
74 10. 90.
75 10. 90.
76 11. 89.
77 11. 89.
78 12. 88.
79 12. 88.
80 12. 88.
81 12. 88.
82 12. 88.
83 12. 88.
84 12. 88.
85 12. 88.
86 11. 89.
87 11. 89.
88 11. 89.
89 11. 89.
90 11. 89.
91 12. 88.
92 12. 88.
93 12. 88.
94 12. 88.
95 12. 88.
96 12. 88.
97 12. 88.
98 12. 88.
99 12. 88.
100 12. 88.
101 12. 88.
102 11. 89.
103 11. 89.
104 11. 89.
105 11. 89.
106 11. 89.
107 11. 89.
108 12. 88.
109 12. 88.
110 12. 88.
111 12. 88.
112 12. 88.
113 12. 88.
114 12. 88.
115 12. 88.
116 12. 88.
117 12. 88.
118 12. 88.
119 12. 88.
120 12. 88.
121 12. 88.
122 12. 88.
123 13. 87.
124 12. 88.
125 12. 88.
126 13. 87.
127 13. 87.
128 13. 87.
129 13. 87.
130 13. 87.
131 13. 87.
132 13. 87.
133 13. 87.
134 13. 87.
135 13. 87.
136 13. 87.
137 13. 87.
138 13. 87.
139 13. 87.
140 13. 87.
141 13. 87.
142 13. 87.
143 13. 87.
144 13. 87.
145 12. 88.
146 13. 87.
147 14. 86.
148 14. 86.
149 15. 85.
150 15. 85.
151 15. 85.
152 15. 85.
153 15. 85.
154 15. 85.
155 15. 85.
156 15. 85.
157 15. 85.
158 15. 85.
159 15. 85.
160 14. 86.
161 13. 87.
162 13. 87.
163 13. 87.
164 13. 87.
165 13. 87.
166 13. 87.
167 13. 87.
168 13. 87.
169 13. 87.
170 13. 87.
171 13. 87.
172 14. 86.
173 15. 85.
174 15. 85.
175 15. 85.
176 15. 85.
177 15. 85.
178 15. 85.
179 15. 85.
180 15. 85.
181 15. 85.
182 15. 85.
183 15. 85.
184 15. 85.
185 15. 85.
186 15. 85.
187 15. 85.
188 15. 85.
189 15. 85.
190 15. 85.
191 15. 85.
192 15. 85.
193 15. 85.
194 15. 85.
195 15. 85.
196 14. 86.
197 14. 86.
198 14. 86.
199 14. 86.
200 14. 86.
201 14. 86.
202 14. 86.
203 14. 86.
204 14. 86.
205 14. 86.
206 14. 86.
207 14. 86.
208 14. 86.
209 14. 86.
210 14. 86.
211 14. 86.
212 14. 86.
213 14. 86.
214 14. 86.
215 14. 86.
216 14. 86.
217 14. 86.
218 14. 86.
219 14. 86.
220 14. 86.
221 14. 86.
222 14. 86.
223 14. 86.
224 14. 86.
225 14. 86.
226 14. 86.
227 13. 87.
228 12. 88.
229 12. 88.
230 12. 88.
231 12. 88.
232 12. 88.
233 12. 88.
234 12. 88.
235 11. 89.
236 11. 89.
237 11. 89.
238 11. 89.
239 11. 89.
240 11. 89.
241 10. 90.
242 10. 90.
243 10. 90.
244 10. 90.
245 10. 90.
246 10. 90.
247 9. 91.
248 9. 91.
249 9. 91.
250 9. 91.
251 9. 91.
252 9. 91.
253 10. 90.
254 10. 90.
255 10. 90.
256 11. 89.
257 11. 89.
258 11. 89.
259 11. 89.
260 11. 89.
261 11. 89.
262 11. 89.
263 11. 89.
264 11. 89.
265 10. 90.
266 10. 90.
267 10. 90.
268 10. 90.
269 10. 90.
270 10. 90.
271 10. 90.
272 10. 90.
273 11. 89.
274 10. 90.
275 10. 90.
276 10. 90.
277 10. 90.
278 10. 90.
279 10. 90.
280 10. 90.
281 10. 90.
282 10. 90.
283 10. 90.
284 10. 90.
285 10. 90.
286 11. 89.
287 11. 89.
288 11. 89.
289 11. 89.
290 11. 89.
291 11. 89.
292 11. 89.
293 11. 89.
294 11. 89.
295 11. 89.
296 12. 88.
297 12. 88.
298 12. 88.
299 12. 88.
300 12. 88.
301 12. 88.
302 12. 88.
303 12. 88.
304 12. 88.
305 13. 87.
306 13. 87.
307 13. 87.
308 13. 87.
309 13. 87.
310 13. 87.
311 13. 87.
312 13. 87.
313 13. 87.
314 13. 87.
315 13. 87.
316 13. 87.
317 13. 87.
318 14. 86.
319 15. 85.
320 15. 85.
321 15. 85.
322 15. 85.
323 15. 85.
324 15. 85.
325 15. 85.
326 15. 85.
327 15. 85.
328 15. 85.
329 15. 85.
330 15. 85.
331 15. 85.
332 16. 84.
333 16. 84.
334 17. 83.
335 16. 84.
336 16. 84.
337 16. 84.
338 16. 84.
339 16. 84.
340 16. 84.
341 16. 84.
342 16. 84.
343 16. 84.
344 16. 84.
345 16. 84.
346 16. 84.
347 16. 84.
348 16. 84.
349 16. 84.
350 16. 84.
351 17. 83.
352 17. 83.
353 17. 83.
354 17. 83.
355 17. 83.
356 17. 83.
357 17. 83.
358 17. 83.
359 17. 83.
360 17. 83.
361 17. 83.
362 17. 83.
363 17. 83.
364 17. 83.
365 17. 83.
366 17. 83.
367 17. 83.
368 17. 83.
369 17. 83.
370 17. 83.
371 17. 83.
372 17. 83.
373 17. 83.
374 17. 83.
375 17. 83.
376 17. 83.
377 17. 83.
378 17. 83.
379 17. 83.
380 16. 84.
381 16. 84.
382 17. 83.
383 17. 83.
384 17. 83.
385 17. 83.
386 17. 83.
387 17. 83.
388 17. 83.
389 18. 82.
390 18. 82.
391 17. 83.
392 17. 83.
393 17. 83.
394 17. 83.
395 17. 83.
396 17. 83.
397 17. 83.
398 17. 83.
399 17. 83.
400 17. 83.
401 17. 83.
402 17. 83.
403 17. 83.
404 17. 83.
405 17. 83.
406 17. 83.
407 17. 83.
408 17. 83.
409 16. 84.
410 16. 84.
411 15. 85.
412 15. 85.
413 15. 85.
414 15. 85.
415 15. 85.
416 15. 85.
417 16. 84.
418 16. 84.
419 16. 84.
420 16. 84.
421 16. 84.
422 16. 84.
423 16. 84.
424 16. 84.
425 16. 84.
426 16. 84.
427 16. 84.
428 16. 84.
429 16. 84.
430 16. 84.
431 16. 84.
432 16. 84.
433 16. 84.
434 16. 84.
435 16. 84.
436 16. 84.
437 16. 84.
438 16. 84.
439 16. 84.
440 16. 84.
441 16. 84.
442 16. 84.
443 16. 84.
444 16. 84.
445 16. 84.
446 16. 84.
447 15. 85.
448 15. 85.
449 16. 84.
450 16. 84.
451 16. 84.
452 16. 84.
453 17. 83.
454 17. 83.
455 17. 83.
456 17. 83.
457 17. 83.
458 17. 83.
459 18. 82.
460 18. 82.
461 18. 82.
462 17. 83.
463 16. 84.
464 16. 84.
465 16. 84.
466 16. 84.
467 17. 83.
468 16. 84.
469 16. 84.
470 16. 84.
471 16. 84.
472 16. 84.
473 16. 84.
474 16. 84.
475 16. 84.
476 16. 84.
477 16. 84.
478 16. 84.
479 16. 84.
480 16. 84.
481 16. 84.
482 16. 84.
483 16. 84.
484 16. 84.
485 16. 84.
486 16. 84.
487 16. 84.
488 17. 83.
489 17. 83.
490 17. 83.
491 17. 83.
492 17. 83.
493 17. 83.
494 17. 83.
495 17. 83.
496 16. 84.
497 15. 85.
498 15. 85.
499 15. 85.
500 15. 85.
501 15. 85.
502 14. 86.
503 14. 86.
504 14. 86.
505 14. 86.
506 13. 87.
507 13. 87.
508 13. 87.
509 13. 87.
510 13. 87.
511 13. 87.
512 13. 87.
513 13. 87.
514 13. 87.
515 13. 87.
516 13. 87.
517 13. 87.
518 13. 87.
519 13. 87.
520 13. 87.
521 13. 87.
522 13. 87.
523 13. 87.
524 13. 87.
525 13. 87.
526 13. 87.
527 13. 87.
528 13. 87.
529 13. 87.
530 13. 87.
531 13. 87.
532 13. 87.
533 13. 87.
534 14. 86.
535 14. 86.
536 14. 86.
537 15. 85.
538 14. 86.
539 14. 86.
540 13. 87.
541 13. 87.
542 14. 86.
543 13. 87.
544 12. 88.
545 12. 88.
546 12. 88.
547 12. 88.
548 12. 88.
549 12. 88.
550 12. 88.
551 12. 88.
552 12. 88.
553 11. 89.
554 11. 89.
555 11. 89.
556 11. 89.
557 11. 89.
558 11. 89.
559 11. 89.
560 12. 88.
561 12. 88.
562 12. 88.
563 12. 88.
564 12. 88.
565 13. 87.
566 13. 87.
567 13. 87.
568 13. 87.
569 13. 87.
570 13. 87.
571 13. 87.
572 12. 88.
573 12. 88.
574 12. 88.
575 12. 88.
576 12. 88.
577 12. 88.
578 13. 87.
579 13. 87.
580 13. 87.
581 13. 87.
582 13. 87.
583 12. 88.
584 12. 88.
585 11. 89.
586 10. 90.
587 10. 90.
588 10. 90.
589 10. 90.
590 10. 90.
591 10. 90.
592 10. 90.
593 11. 89.
594 11. 89.
595 11. 89.
596 11. 89.
597 11. 89.
598 11. 89.
599 11. 89.
600 11. 89.
601 11. 89.
602 10. 90.
603 11. 89.
604 11. 89.
605 11. 89.
606 11. 89.
607 11. 89.
608 11. 89.
609 11. 89.
610 11. 89.
611 11. 89.
612 11. 89.
613 10. 90.
614 10. 90.
615 10. 90.
616 10. 90.
617 10. 90.
618 10. 90.
619 10. 90.
620 10. 90.
621 10. 90.
622 10. 90.
623 10. 90.
624 10. 90.
625 10. 90.
626 10. 90.
627 10. 90.
628 10. 90.
629 10. 90.
630 10. 90.
631 9. 91.
632 9. 91.
633 9. 91.
634 9. 91.
635 9. 91.
636 9. 91.
637 9. 91.
638 9. 91.
639 9. 91.
640 9. 91.
641 9. 91.
642 9. 91.
643 9. 91.
644 9. 91.
645 9. 91.
646 9. 91.
647 9. 91.
648 9. 91.
649 9. 91.
650 9. 91.
651 9. 91.
652 9. 91.
653 9. 91.
654 9. 91.
655 9. 91.
656 9. 91.
657 9. 91.
658 9. 91.
659 9. 91.
660 9. 91.
661 9. 91.
662 9. 91.
663 9. 91.
664 9. 91.
665 9. 91.
666 8. 92.
667 8. 92.
668 8. 92.
669 8. 92.
670 8. 92.
671 8. 92.
672 8. 92.
673 9. 91.
674 9. 91.
675 9. 91.
676 9. 91.
677 9. 91.
678 9. 91.
679 9. 91.
680 9. 91.
681 9. 91.
682 9. 91.
683 9. 91.
684 9. 91.
685 9. 91.
686 9. 91.
687 9. 91.
688 9. 91.
689 10. 90.
690 10. 90.
691 10. 90.
692 10. 90.
693 10. 90.
694 10. 90.
695 10. 90.
696 10. 90.
697 10. 90.
698 10. 90.
699 10. 90.
700 10. 90.
701 10. 90.
702 10. 90.
703 10. 90.
704 10. 90.
705 10. 90.
706 10. 90.
707 10. 90.
708 10. 90.
709 10. 90.
710 10. 90.
711 10. 90.
712 10. 90.
713 10. 90.
714 10. 90.
715 10. 90.
716 11. 89.
717 11. 89.
718 11. 89.
719 11. 89.
720 11. 89.
721 11. 89.
722 11. 89.
723 11. 89.
724 11. 89.
725 11. 89.
726 11. 89.
727 11. 89.
728 11. 89.
729 11. 89.
730 10. 90.
731 10. 90.
732 9. 91.
733 9. 91.
734 9. 91.
735 9. 91.
736 9. 91.
737 9. 91.
738 9. 91.
739 10. 90.
740 10. 90.
741 11. 89.
742 11. 89.
743 11. 89.
744 11. 89.
745 11. 89.
746 11. 89.
747 11. 89.
748 11. 89.
749 11. 89.
750 11. 89.
751 11. 89.
752 11. 89.
753 11. 89.
754 11. 89.
755 11. 89.
756 11. 89.
757 11. 89.
758 11. 89.
759 11. 89.
760 11. 89.
761 11. 89.
762 11. 89.
763 11. 89.
764 11. 89.
765 12. 88.
766 12. 88.
767 12. 88.
768 12. 88.
769 12. 88.
770 12. 88.
771 12. 88.
772 12. 88.
773 12. 88.
774 12. 88.
775 12. 88.
776 12. 88.
777 12. 88.
778 12. 88.
779 12. 88.
780 12. 88.
781 12. 88.
782 12. 88.
783 11. 89.
784 11. 89.
785 11. 89.
786 11. 89.
787 11. 89.
788 12. 88.
789 11. 89.
790 11. 89.
791 11. 89.
792 11. 89.
793 11. 89.
794 11. 89.
795 11. 89.
796 11. 89.
797 11. 89.
798 11. 89.
799 11. 89.
800 11. 89.
801 11. 89.
802 11. 89.
803 11. 89.
804 11. 89.
805 11. 89.
806 11. 89.
807 12. 88.
808 12. 88.
809 12. 88.
810 12. 88.
811 12. 88.
812 11. 89.
813 11. 89.
814 11. 89.
815 11. 89.
816 11. 89.
817 11. 89.
818 11. 89.
819 11. 89.
820 11. 89.
821 11. 89.
822 11. 89.
823 11. 89.
824 11. 89.
825 11. 89.
826 11. 89.
827 11. 89.
828 10. 90.
829 10. 90.
830 10. 90.
831 10. 90.
832 10. 90.
833 10. 90.
834 10. 90.
835 10. 90.
836 10. 90.
837 10. 90.
838 10. 90.
839 9. 91.
840 9. 91.
841 9. 91.
842 9. 91.
843 9. 91.
844 10. 90.
845 10. 90.
846 10. 90.
847 10. 90.
848 10. 90.
849 10. 90.
850 10. 90.
851 10. 90.
852 9. 91.
853 9. 91.
854 9. 91.
855 9. 91.
856 9. 91.
857 9. 91.
858 9. 91.
859 9. 91.
860 9. 91.
861 9. 91.
862 9. 91.
863 9. 91.
864 10. 90.
865 9. 91.
866 9. 91.
867 9. 91.
868 9. 91.
869 9. 91.
870 9. 91.
871 9. 91.
872 9. 91.
873 9. 91.
874 9. 91.
875 9. 91.
876 9. 91.
877 9. 91.
878 9. 91.
879 9. 91.
880 9. 91.
881 9. 91.
882 9. 91.
883 9. 91.
884 9. 91.
885 9. 91.
886 9. 91.
887 9. 91.
888 9. 91.
889 9. 91.
890 9. 91.
891 9. 91.
892 9. 91.
893 9. 91.
894 9. 91.
895 9. 91.
896 9. 91.
897 9. 91.
898 9. 91.
899 9. 91.
900 9. 91.
901 8. 92.
902 8. 92.
903 8. 92.
904 8. 92.
905 8. 92.
906 8. 92.
907 8. 92.
908 8. 92.
909 8. 92.
910 8. 92.
911 8. 92.
912 8. 92.
913 8. 92.
914 8. 92.
915 8. 92.
916 8. 92.
917 8. 92.
918 7. 93.
919 7. 93.
920 7. 93.
921 7. 93.
922 7. 93.
923 7. 93.
924 7. 93.
925 7. 93.
926 7. 93.
927 7. 93.
928 7. 93.
929 7. 93.
930 7. 93.
931 7. 93.
932 7. 93.
933 7. 93.
934 7. 93.
935 7. 93.
936 7. 93.
937 7. 93.
938 7. 93.
939 7. 93.
940 7. 93.
941 7. 93.
942 7. 93.
943 7. 93.
944 7. 93.
945 7. 93.
946 7. 93.
947 7. 93.
948 7. 93.
949 7. 93.
950 7. 93.
951 8. 92.
952 8. 92.
953 8. 92.
954 8. 92.
955 8. 92.
956 8. 92.
957 8. 92.
958 8. 92.
959 8. 92.
960 8. 92.
961 8. 92.
962 8. 92.
963 8. 92.
964 8. 92.
965 8. 92.
966 8. 92.
967 8. 92.
968 8. 92.
969 8. 92.
970 8. 92.
971 8. 92.
972 8. 92.
973 8. 92.
974 8. 92.
975 8. 92.
976 8. 92.
977 8. 92.
978 8. 92.
979 8. 92.
980 8. 92.
981 8. 92.
982 8. 92.
983 8. 92.
984 8. 92.
985 8. 92.
986 8. 92.
987 8. 92.
988 8. 92.
989 8. 92.
990 8. 92.
991 8. 92.
992 8. 92.
993 8. 92.
994 8. 92.
995 8. 92.
996 8. 92.
997 8. 92.
998 8. 92.
999 8. 92.
1000 8. 92.
1001 8. 92.
1002 8. 92.
1003 8. 92.
1004 8. 92.
1005 8. 92.
1006 8. 92.
1007 8. 92.
1008 8. 92.
1009 8. 92.
1010 8. 92.
1011 8. 92.
1012 8. 92.
1013 8. 92.
1014 8. 92.
1015 8. 92.
1016 8. 92.
1017 8. 92.
1018 8. 92.
1019 8. 92.
1020 8. 92.
1021 8. 92.
1022 8. 92.
1023 8. 92.
1024 8. 92.
1025 8. 92.
1026 8. 92.
1027 8. 92.
1028 8. 92.
1029 8. 92.
1030 8. 92.
1031 8. 92.
1032 8. 92.
1033 8. 92.
1034 8. 92.
1035 8. 92.
1036 8. 92.
1037 8. 92.
1038 8. 92.
1039 8. 92.
1040 8. 92.
1041 8. 92.
1042 8. 92.
1043 8. 92.
1044 8. 92.
1045 8. 92.
1046 8. 92.
1047 8. 92.
1048 8. 92.
1049 8. 92.
1050 8. 92.
1051 9. 91.
1052 9. 91.
1053 9. 91.
1054 9. 91.
1055 9. 91.
1056 9. 91.
1057 9. 91.
1058 8. 92.
1059 7. 93.
1060 8. 92.
1061 8. 92.
1062 7. 93.
1063 7. 93.
1064 7. 93.
1065 6. 94.
1066 6. 94.
1067 6. 94.
1068 6. 94.
1069 6. 94.
1070 6. 94.
1071 6. 94.
1072 6. 94.
1073 6. 94.
1074 6. 94.
1075 6. 94.
1076 6. 94.
1077 6. 94.
1078 6. 94.
1079 6. 94.
1080 6. 94.
1081 6. 94.
1082 7. 93.
1083 7. 93.
1084 7. 93.
1085 7. 93.
1086 7. 93.
1087 7. 93.
1088 7. 93.
1089 6. 94.
1090 6. 94.
1091 6. 94.
1092 5. 95.
1093 5. 95.
1094 5. 95.
1095 5. 95.
1096 5. 95.
1097 5. 95.
1098 5. 95.
1099 5. 95.
1100 5. 95.
1101 5. 95.
1102 5. 95.
1103 5. 95.
1104 4. 96.
1105 4. 96.
1106 4. 96.
1107 4. 96.
1108 4. 96.
1109 4. 96.
1110 4. 96.
1111 4. 96.
1112 4. 96.
1113 4. 96.
1114 4. 96.
1115 3. 97.
1116 3. 97.
1117 3. 97.
1118 3. 97.
1119 3. 97.
1120 3. 97.
1121 4. 96.
1122 4. 96.
1123 4. 96.
1124 4. 96.
1125 4. 96.
1126 4. 96.
1127 4. 96.
1128 4. 96.
1129 4. 96.
1130 4. 96.
1131 4. 96.
1132 4. 96.
1133 4. 96.
1134 4. 96.
1135 4. 96.
1136 4. 96.
1137 4. 96.
1138 4. 96.
1139 4. 96.
1140 4. 96.
1141 4. 96.
1142 5. 95.
1143 5. 95.
1144 6. 94.
1145 6. 94.
1146 6. 94.
1147 6. 94.
1148 6. 94.
1149 6. 94.
1150 6. 94.
1151 6. 94.
1152 6. 94.
1153 7. 93.
1154 7. 93.
1155 6. 94.
1156 6. 94.
1157 6. 94.
1158 6. 94.
1159 6. 94.
1160 6. 94.
1161 6. 94.
1162 6. 94.
1163 6. 94.
1164 6. 94.
1165 6. 94.
1166 6. 94.
1167 6. 94.
1168 6. 94.
1169 6. 94.
1170 6. 94.
1171 7. 93.
1172 7. 93.
1173 7. 93.
1174 7. 93.
1175 7. 93.
1176 7. 93.
1177 7. 93.
1178 7. 93.
1179 7. 93.
1180 7. 93.
1181 7. 93.
1182 7. 93.
1183 7. 93.
1184 7. 93.
1185 8. 92.
1186 8. 92.
1187 8. 92.
1188 8. 92.
1189 8. 92.
1190 8. 92.
1191 7. 93.
1192 7. 93.
1193 7. 93.
1194 7. 93.
1195 7. 93.
1196 7. 93.
1197 7. 93.
1198 7. 93.
1199 6. 94.
1200 6. 94.
1201 6. 94.
1202 6. 94.
1203 6. 94.
1204 6. 94.
1205 6. 94.
1206 6. 94.
1207 6. 94.
1208 5. 95.
1209 5. 95.
1210 5. 95.
1211 5. 95.
1212 5. 95.
1213 6. 94.
1214 6. 94.
1215 6. 94.
1216 6. 94.
1217 6. 94.
1218 6. 94.
1219 6. 94.
1220 6. 94.
1221 6. 94.
1222 6. 94.
1223 5. 95.
1224 5. 95.
1225 5. 95.
1226 5. 95.
1227 5. 95.
1228 5. 95.
1229 5. 95.
1230 5. 95.
1231 5. 95.
1232 5. 95.
1233 5. 95.
1234 5. 95.
1235 5. 95.
1236 5. 95.
1237 5. 95.
1238 5. 95.
1239 5. 95.
1240 5. 95.
1241 5. 95.
1242 5. 95.
1243 5. 95.
1244 6. 94.
1245 6. 94.
1246 6. 94.
1247 6. 94.
1248 6. 94.
1249 6. 94.
1250 6. 94.
1251 6. 94.
1252 6. 94.
1253 6. 94.
1254 6. 94.
1255 6. 94.
1256 6. 94.
1257 6. 94.
1258 6. 94.
1259 6. 94.
1260 6. 94.
1261 6. 94.
1262 6. 94.
1263 6. 94.
1264 6. 94.
1265 5. 95.
1266 5. 95.
1267 5. 95.
1268 5. 95.
1269 5. 95.
1270 5. 95.
1271 5. 95.
1272 5. 95.
1273 5. 95.
1274 5. 95.
1275 5. 95.
1276 5. 95.
1277 5. 95.
1278 5. 95.
1279 5. 95.
1280 5. 95.
1281 5. 95.
1282 5. 95.
1283 5. 95.
1284 5. 95.
1285 5. 95.
1286 5. 95.
1287 5. 95.
1288 5. 95.
1289 5. 95.
1290 5. 95.
1291 5. 95.
1292 5. 95.
1293 5. 95.
1294 5. 95.
1295 5. 95.
1296 5. 95.
1297 5. 95.
1298 5. 95.
1299 5. 95.
1300 5. 95.
1301 5. 95.
1302 5. 95.
1303 5. 95.
1304 5. 95.
1305 5. 95.
1306 5. 95.
1307 5. 95.
1308 5. 95.
1309 5. 95.
1310 6. 94.
1311 6. 94.
1312 6. 94.
1313 6. 94.
1314 6. 94.
1315 6. 94.
1316 6. 94.
1317 7. 93.
1318 7. 93.
1319 7. 93.
1320 7. 93.
1321 7. 93.
1322 7. 93.
1323 7. 93.
1324 7. 93.
1325 7. 93.
1326 7. 93.
1327 7. 93.
1328 7. 93.
1329 7. 93.
1330 7. 93.
1331 7. 93.
1332 7. 93.
1333 7. 93.
1334 7. 93.
1335 7. 93.
1336 7. 93.
1337 7. 93.
1338 7. 93.
1339 7. 93.
1340 7. 93.
1341 7. 93.
1342 7. 93.
1343 7. 93.
1344 7. 93.
1345 6. 94.
1346 6. 94.
1347 6. 94.
1348 6. 94.
1349 6. 94.
1350 6. 94.
1351 5. 95.
1352 5. 95.
1353 5. 95.
1354 5. 95.
1355 5. 95.
1356 5. 95.
1357 5. 95.
1358 5. 95.
1359 6. 94.
1360 6. 94.
1361 6. 94.
1362 6. 94.
1363 6. 94.
1364 6. 94.
1365 6. 94.
1366 6. 94.
1367 6. 94.
1368 6. 94.
1369 6. 94.
1370 6. 94.
1371 6. 94.
1372 6. 94.
1373 6. 94.
1374 6. 94.
1375 6. 94.
1376 6. 94.
1377 6. 94.
1378 6. 94.
1379 6. 94.
1380 6. 94.
1381 6. 94.
1382 6. 94.
1383 6. 94.
1384 6. 94.
1385 6. 94.
1386 6. 94.
1387 6. 94.
1388 5. 95.
1389 5. 95.
1390 5. 95.
1391 5. 95.
1392 6. 94.
1393 6. 94.
1394 6. 94.
1395 6. 94.
1396 6. 94.
1397 6. 94.
1398 6. 94.
1399 6. 94.
1400 6. 94.
1401 6. 94.
1402 6. 94.
1403 6. 94.
1404 6. 94.
1405 6. 94.
1406 6. 94.
1407 6. 94.
1408 6. 94.
1409 6. 94.
1410 6. 94.
1411 6. 94.
1412 6. 94.
1413 6. 94.
1414 6. 94.
1415 6. 94.
1416 6. 94.
1417 6. 94.
1418 6. 94.
1419 6. 94.
1420 6. 94.
1421 6. 94.
1422 6. 94.
1423 6. 94.
1424 6. 94.
1425 6. 94.
1426 6. 94.
1427 6. 94.
1428 6. 94.
1429 6. 94.
1430 6. 94.
1431 6. 94.
1432 6. 94.
1433 6. 94.
1434 6. 94.
1435 6. 94.
1436 5. 95.
1437 5. 95.
1438 5. 95.
1439 5. 95.
1440 5. 95.
1441 5. 95.
1442 5. 95.
1443 5. 95.
1444 5. 95.
1445 5. 95.
1446 5. 95.
1447 5. 95.
1448 5. 95.
1449 5. 95.
1450 5. 95.
1451 5. 95.
1452 5. 95.
1453 5. 95.
1454 5. 95.
1455 5. 95.
1456 4. 96.
1457 4. 96.
1458 4. 96.
1459 4. 96.
1460 4. 96.
1461 4. 96.
1462 4. 96.
1463 4. 96.
1464 4. 96.
1465 4. 96.
1466 4. 96.
1467 4. 96.
1468 4. 96.
1469 4. 96.
1470 5. 95.
1471 4. 96.
1472 4. 96.
1473 4. 96.
1474 4. 96.
1475 4. 96.
1476 4. 96.
1477 4. 96.
1478 4. 96.
1479 4. 96.
1480 4. 96.
1481 4. 96.
1482 4. 96.
1483 4. 96.
1484 4. 96.
1485 4. 96.
1486 4. 96.
1487 4. 96.
1488 4. 96.
1489 4. 96.
1490 4. 96.
1491 4. 96.
1492 4. 96.
1493 4. 96.
1494 5. 95.
1495 5. 95.
1496 5. 95.
1497 5. 95.
1498 5. 95.
1499 5. 95.
1500 5. 95.
1501 5. 95.
1502 5. 95.
1503 5. 95.
1504 5. 95.
1505 5. 95.
1506 5. 95.
1507 5. 95.
1508 5. 95.
1509 5. 95.
1510 5. 95.
1511 5. 95.
1512 5. 95.
1513 5. 95.
1514 5. 95.
1515 5. 95.
1516 5. 95.
1517 5. 95.
1518 5. 95.
1519 5. 95.
1520 5. 95.
1521 5. 95.
1522 5. 95.
1523 5. 95.
1524 5. 95.
1525 5. 95.
1526 5. 95.
1527 5. 95.
1528 5. 95.
1529 5. 95.
1530 5. 95.
1531 5. 95.
1532 5. 95.
1533 5. 95.
1534 5. 95.
1535 5. 95.
1536 5. 95.
1537 5. 95.
1538 5. 95.
1539 5. 95.
1540 5. 95.
1541 5. 95.
1542 5. 95.
1543 5. 95.
1544 5. 95.
1545 5. 95.
1546 5. 95.
1547 5. 95.
1548 5. 95.
1549 5. 95.
1550 5. 95.
1551 5. 95.
1552 4. 96.
1553 4. 96.
1554 4. 96.
1555 4. 96.
1556 4. 96.
1557 4. 96.
1558 4. 96.
1559 4. 96.
1560 4. 96.
1561 5. 95.
1562 5. 95.
1563 5. 95.
1564 4. 96.
1565 4. 96.
1566 4. 96.
1567 4. 96.
1568 4. 96.
1569 4. 96.
1570 4. 96.
1571 4. 96.
1572 4. 96.
1573 4. 96.
1574 4. 96.
1575 4. 96.
1576 4. 96.
1577 4. 96.
1578 4. 96.
1579 4. 96.
1580 4. 96.
1581 4. 96.
1582 4. 96.
1583 4. 96.
1584 4. 96.
1585 4. 96.
1586 4. 96.
1587 4. 96.
1588 4. 96.
1589 4. 96.
1590 4. 96.
1591 4. 96.
1592 4. 96.
1593 4. 96.
1594 4. 96.
1595 4. 96.
1596 4. 96.
1597 4. 96.
1598 4. 96.
1599 4. 96.
1600 4. 96.
1601 4. 96.
1602 4. 96.
1603 4. 96.
1604 4. 96.
1605 4. 96.
1606 4. 96.
1607 4. 96.
1608 4. 96.
1609 4. 96.
1610 4. 96.
1611 4. 96.
1612 4. 96.
1613 4. 96.
1614 4. 96.
1615 4. 96.
1616 4. 96.
1617 4. 96.
1618 4. 96.
1619 4. 96.
1620 4. 96.
1621 4. 96.
1622 4. 96.
1623 4. 96.
1624 4. 96.
1625 4. 96.
1626 4. 96.
1627 4. 96.
1628 4. 96.
1629 4. 96.
1630 4. 96.
1631 4. 96.
1632 4. 96.
1633 4. 96.
1634 4. 96.
1635 4. 96.
1636 4. 96.
1637 4. 96.
1638 4. 96.
1639 3. 97.
1640 3. 97.
1641 3. 97.
1642 3. 97.
1643 3. 97.
1644 3. 97.
1645 3. 97.
1646 3. 97.
1647 3. 97.
1648 3. 97.
1649 3. 97.
1650 3. 97.
1651 3. 97.
1652 3. 97.
1653 3. 97.
1654 3. 97.
1655 3. 97.
1656 3. 97.
1657 3. 97.
1658 3. 97.
1659 3. 97.
1660 3. 97.
1661 3. 97.
1662 3. 97.
1663 3. 97.
1664 3. 97.
1665 3. 97.
1666 3. 97.
1667 3. 97.
1668 3. 97.
1669 3. 97.
1670 3. 97.
1671 3. 97.
1672 3. 97.
1673 3. 97.
1674 3. 97.
1675 3. 97.
1676 3. 97.
1677 3. 97.
1678 3. 97.
1679 3. 97.
1680 3. 97.
1681 3. 97.
1682 3. 97.
1683 3. 97.
1684 3. 97.
1685 3. 97.
1686 3. 97.
1687 3. 97.
1688 3. 97.
1689 4. 96.
1690 4. 96.
1691 4. 96.
1692 4. 96.
1693 4. 96.
1694 4. 96.
1695 4. 96.
1696 4. 96.
1697 3. 97.
1698 3. 97.
1699 3. 97.
1700 3. 97.
1701 3. 97.
1702 3. 97.
1703 3. 97.
1704 3. 97.
1705 3. 97.
1706 3. 97.
1707 3. 97.
1708 3. 97.
1709 3. 97.
1710 3. 97.
1711 3. 97.
1712 3. 97.
1713 3. 97.
1714 3. 97.
1715 3. 97.
1716 3. 97.
1717 3. 97.
1718 3. 97.
1719 3. 97.
1720 3. 97.
1721 3. 97.
1722 3. 97.
1723 3. 97.
1724 3. 97.
1725 3. 97.
1726 3. 97.
1727 3. 97.
1728 3. 97.
1729 3. 97.
1730 3. 97.
1731 3. 97.
1732 3. 97.
1733 3. 97.
1734 3. 97.
1735 3. 97.
1736 3. 97.
1737 3. 97.
1738 3. 97.
1739 3. 97.
1740 3. 97.
1741 3. 97.
1742 3. 97.
1743 3. 97.
1744 3. 97.
1745 3. 97.
1746 3. 97.
1747 3. 97.
1748 3. 97.
1749 3. 97.
1750 3. 97.
1751 4. 96.
1752 4. 96.
1753 4. 96.
1754 4. 96.
1755 4. 96.
1756 4. 96.
1757 4. 96.
1758 4. 96.
1759 4. 96.
1760 4. 96.
1761 4. 96.
1762 4. 96.
1763 4. 96.
1764 4. 96.
1765 4. 96.
1766 4. 96.
1767 4. 96.
1768 4. 96.
1769 3. 97.
1770 3. 97.
1771 3. 97.
1772 3. 97.
1773 3. 97.
1774 3. 97.
1775 3. 97.
1776 3. 97.
1777 3. 97.
1778 3. 97.
1779 3. 97.
1780 3. 97.
1781 3. 97.
1782 3. 97.
1783 3. 97.
1784 3. 97.
1785 3. 97.
1786 3. 97.
1787 3. 97.
1788 3. 97.
1789 3. 97.
1790 3. 97.
1791 3. 97.
1792 3. 97.
1793 3. 97.
1794 3. 97.
1795 3. 97.
1796 3. 97.
1797 3. 97.
1798 3. 97.
1799 3. 97.
1800 3. 97.
1801 3. 97.
1802 3. 97.
1803 3. 97.
1804 3. 97.
1805 3. 97.
1806 3. 97.
1807 3. 97.
1808 3. 97.
1809 4. 96.
1810 4. 96.
1811 4. 96.
1812 4. 96.
1813 4. 96.
1814 4. 96.
1815 4. 96.
1816 4. 96.
1817 3. 97.
1818 3. 97.
1819 3. 97.
1820 3. 97.
1821 3. 97.
1822 3. 97.
1823 3. 97.
1824 3. 97.
1825 3. 97.
1826 2. 98.
1827 2. 98.
1828 2. 98.
1829 2. 98.
1830 2. 98.
1831 2. 98.
1832 2. 98.
1833 2. 98.
1834 2. 98.
1835 2. 98.
1836 2. 98.
1837 2. 98.
1838 2. 98.
1839 2. 98.
1840 2. 98.
1841 2. 98.
1842 2. 98.
1843 2. 98.
1844 2. 98.
1845 2. 98.
1846 2. 98.
1847 2. 98.
1848 2. 98.
1849 2. 98.
1850 2. 98.
1851 2. 98.
1852 2. 98.
1853 2. 98.
1854 2. 98.
1855 2. 98.
1856 2. 98.
1857 2. 98.
1858 2. 98.
1859 2. 98.
1860 2. 98.
1861 2. 98.
1862 2. 98.
1863 3. 97.
1864 3. 97.
1865 3. 97.
1866 3. 97.
1867 3. 97.
1868 3. 97.
1869 3. 97.
1870 3. 97.
1871 3. 97.
1872 3. 97.
1873 3. 97.
1874 3. 97.
1875 3. 97.
1876 3. 97.
1877 3. 97.
1878 3. 97.
1879 3. 97.
1880 3. 97.
1881 3. 97.
1882 3. 97.
1883 3. 97.
1884 3. 97.
1885 3. 97.
1886 3. 97.
1887 3. 97.
1888 3. 97.
1889 3. 97.
1890 3. 97.
1891 3. 97.
1892 3. 97.
1893 3. 97.
1894 3. 97.
1895 3. 97.
1896 3. 97.
1897 3. 97.
1898 3. 97.
1899 3. 97.
1900 3. 97.
1901 3. 97.
1902 3. 97.
1903 3. 97.
1904 3. 97.
1905 3. 97.
1906 2. 98.
1907 2. 98.
1908 2. 98.
1909 2. 98.
1910 2. 98.
1911 2. 98.
1912 2. 98.
1913 2. 98.
1914 2. 98.
1915 2. 98.
1916 2. 98.
1917 2. 98.
1918 2. 98.
1919 2. 98.
1920 2. 98.
1921 2. 98.
1922 2. 98.
1923 2. 98.
1924 2. 98.
1925 3. 97.
1926 3. 97.
1927 3. 97.
1928 3. 97.
1929 3. 97.
1930 3. 97.
1931 3. 97.
1932 3. 97.
1933 2. 98.
1934 2. 98.
1935 2. 98.
1936 2. 98.
1937 2. 98.
1938 2. 98.
1939 2. 98.
1940 2. 98.
1941 2. 98.
1942 2. 98.
1943 2. 98.
1944 2. 98.
1945 2. 98.
1946 2. 98.
1947 2. 98.
1948 2. 98.
1949 2. 98.
1950 2. 98.
1951 2. 98.
1952 2. 98.
1953 2. 98.
1954 2. 98.
1955 2. 98.
1956 2. 98.
1957 2. 98.
1958 2. 98.
1959 2. 98.
1960 2. 98.
1961 2. 98.
1962 2. 98.
1963 2. 98.
1964 2. 98.
1965 2. 98.
1966 2. 98.
1967 2. 98.
1968 2. 98.
1969 2. 98.
1970 2. 98.
1971 2. 98.
1972 2. 98.
1973 2. 98.
1974 2. 98.
1975 2. 98.
1976 2. 98.
1977 2. 98.
1978 2. 98.
1979 2. 98.
1980 2. 98.
1981 2. 98.
1982 2. 98.
1983 2. 98.
1984 2. 98.
1985 2. 98.
1986 2. 98.
1987 2. 98.
1988 2. 98.
1989 2. 98.
1990 2. 98.
1991 2. 98.
1992 2. 98.
1993 2. 98.
1994 2. 98.
1995 2. 98.
1996 2. 98.
1997 2. 98.
1998 2. 98.
1999 2. 98.
2000 2. 98.
2001 2. 98.
2002 3. 97.
2003 3. 97.
2004 3. 97.
2005 3. 97.
2006 3. 97.
2007 3. 97.
2008 3. 97.
2009 3. 97.
2010 3. 97.
2011 3. 97.
2012 3. 97.
2013 3. 97.
2014 3. 97.
2015 3. 97.
2016 3. 97.
2017 3. 97.
2018 3. 97.
2019 3. 97.
2020 3. 97.
2021 3. 97.
2022 3. 97.
2023 3. 97.
2024 3. 97.
2025 3. 97.
2026 3. 97.
2027 3. 97.
2028 3. 97.
2029 3. 97.
2030 3. 97.
2031 3. 97.
2032 3. 97.
2033 3. 97.
2034 3. 97.
2035 3. 97.
2036 3. 97.
2037 3. 97.
2038 3. 97.
2039 3. 97.
2040 3. 97.
2041 3. 97.
2042 3. 97.
2043 3. 97.
2044 3. 97.
2045 3. 97.
2046 3. 97.
2047 3. 97.
2048 3. 97.
2049 3. 97.
2050 3. 97.
2051 3. 97.
2052 3. 97.
2053 3. 97.
2054 3. 97.
2055 3. 97.
2056 3. 97.
2057 3. 97.
2058 3. 97.
2059 3. 97.
2060 3. 97.
2061 3. 97.
2062 3. 97.
2063 3. 97.
2064 3. 97.
2065 3. 97.
2066 3. 97.
2067 3. 97.
2068 3. 97.
2069 3. 97.
2070 3. 97.
2071 3. 97.
2072 3. 97.
2073 3. 97.
2074 3. 97.
2075 3. 97.
2076 2. 98.
2077 2. 98.
2078 2. 98.
2079 2. 98.
2080 2. 98.
2081 2. 98.
2082 2. 98.
2083 2. 98.
2084 2. 98.
2085 2. 98.
2086 2. 98.
2087 2. 98.
2088 2. 98.
2089 2. 98.
2090 2. 98.
2091 2. 98.
2092 2. 98.
2093 2. 98.
2094 2. 98.
2095 2. 98.
2096 2. 98.
2097 2. 98.
2098 2. 98.
2099 2. 98.
2100 2. 98.
2101 2. 98.
2102 2. 98.
2103 2. 98.
2104 2. 98.
2105 2. 98.
2106 2. 98.
2107 2. 98.
2108 2. 98.
2109 2. 98.
2110 3. 97.
2111 3. 97.
2112 3. 97.
2113 3. 97.
2114 3. 97.
2115 3. 97.
2116 3. 97.
2117 3. 97.
2118 3. 97.
2119 3. 97.
2120 3. 97.
2121 3. 97.
2122 3. 97.
2123 3. 97.
2124 3. 97.
2125 3. 97.
2126 3. 97.
2127 3. 97.
2128 3. 97.
2129 3. 97.
2130 3. 97.
2131 3. 97.
2132 3. 97.
2133 3. 97.
2134 3. 97.
2135 3. 97.
2136 3. 97.
2137 3. 97.
2138 3. 97.
2139 3. 97.
2140 3. 97.
2141 3. 97.
2142 3. 97.
2143 3. 97.
2144 3. 97.
2145 3. 97.
2146 3. 97.
2147 3. 97.
2148 3. 97.
2149 3. 97.
2150 3. 97.
2151 3. 97.
2152 3. 97.
2153 3. 97.
2154 3. 97.
2155 3. 97.
2156 3. 97.
2157 3. 97.
2158 3. 97.
2159 3. 97.
2160 3. 97.
2161 3. 97.
2162 3. 97.
2163 3. 97.
2164 3. 97.
2165 3. 97.
2166 3. 97.
2167 3. 97.
2168 3. 97.
2169 3. 97.
2170 3. 97.
2171 3. 97.
2172 3. 97.
2173 3. 97.
2174 2. 98.
2175 2. 98.
2176 2. 98.
2177 2. 98.
2178 2. 98.
2179 2. 98.
2180 2. 98.
2181 2. 98.
2182 2. 98.
2183 2. 98.
2184 3. 97.
2185 3. 97.
2186 2. 98.
2187 2. 98.
2188 2. 98.
2189 2. 98.
2190 2. 98.
2191 2. 98.
2192 2. 98.
2193 2. 98.
2194 2. 98.
2195 2. 98.
2196 2. 98.
2197 2. 98.
2198 2. 98.
2199 2. 98.
2200 2. 98.
2201 2. 98.
2202 2. 98.
2203 2. 98.
2204 2. 98.
2205 2. 98.
2206 2. 98.
2207 2. 98.
2208 2. 98.
2209 2. 98.
2210 2. 98.
2211 2. 98.
2212 2. 98.
2213 2. 98.
2214 2. 98.
2215 3. 97.
2216 3. 97.
2217 3. 97.
2218 3. 97.
2219 3. 97.
2220 3. 97.
2221 3. 97.
2222 3. 97.
2223 3. 97.
2224 3. 97.
2225 3. 97.
2226 3. 97.
2227 3. 97.
2228 3. 97.
2229 3. 97.
2230 3. 97.
2231 3. 97.
2232 3. 97.
2233 3. 97.
2234 3. 97.
2235 3. 97.
2236 3. 97.
2237 3. 97.
2238 3. 97.
2239 3. 97.
2240 3. 97.
2241 3. 97.
2242 3. 97.
2243 3. 97.
2244 3. 97.
2245 3. 97.
2246 3. 97.
2247 3. 97.
2248 3. 97.
2249 3. 97.
2250 3. 97.
2251 3. 97.
2252 3. 97.
2253 3. 97.
2254 3. 97.
2255 3. 97.
2256 4. 96.
2257 4. 96.
2258 4. 96.
2259 4. 96.
2260 4. 96.
2261 4. 96.
2262 4. 96.
2263 4. 96.
2264 4. 96.
2265 4. 96.
2266 4. 96.
2267 4. 96.
2268 4. 96.
2269 4. 96.
2270 4. 96.
2271 4. 96.
2272 4. 96.
2273 4. 96.
2274 3. 97.
2275 3. 97.
2276 3. 97.
2277 3. 97.
2278 3. 97.
2279 3. 97.
2280 3. 97.
2281 3. 97.
2282 3. 97.
2283 3. 97.
2284 3. 97.
2285 3. 97.
2286 3. 97.
2287 3. 97.
2288 3. 97.
2289 3. 97.
2290 3. 97.
2291 3. 97.
2292 3. 97.
2293 3. 97.
2294 3. 97.
2295 3. 97.
2296 3. 97.
2297 3. 97.
2298 3. 97.
2299 3. 97.
2300 3. 97.
2301 3. 97.
2302 3. 97.
2303 3. 97.
2304 3. 97.
2305 3. 97.
2306 3. 97.
2307 4. 96.
2308 4. 96.
2309 4. 96.
2310 4. 96.
2311 4. 96.
2312 4. 96.
2313 4. 96.
2314 4. 96.
2315 4. 96.
2316 4. 96.
2317 4. 96.
2318 4. 96.
2319 4. 96.
2320 4. 96.
2321 4. 96.
2322 4. 96.
2323 4. 96.
2324 4. 96.
2325 4. 96.
2326 4. 96.
2327 4. 96.
2328 4. 96.
2329 4. 96.
2330 4. 96.
2331 4. 96.
2332 4. 96.
2333 4. 96.
2334 4. 96.
2335 4. 96.
2336 4. 96.
2337 4. 96.
2338 4. 96.
2339 4. 96.
2340 4. 96.
2341 4. 96.
2342 4. 96.
2343 4. 96.
2344 4. 96.
2345 4. 96.
2346 4. 96.
2347 4. 96.
2348 4. 96.
2349 4. 96.
2350 4. 96.
2351 4. 96.
2352 4. 96.
2353 4. 96.
2354 4. 96.
2355 4. 96.
2356 4. 96.
2357 4. 96.
2358 4. 96.
2359 4. 96.
2360 4. 96.
2361 4. 96.
2362 4. 96.
2363 4. 96.
2364 3. 97.
2365 3. 97.
2366 3. 97.
2367 3. 97.
2368 3. 97.
2369 3. 97.
2370 3. 97.
2371 3. 97.
2372 3. 97.
2373 3. 97.
2374 3. 97.
2375 3. 97.
2376 3. 97.
2377 3. 97.
2378 3. 97.
2379 3. 97.
2380 3. 97.
2381 3. 97.
2382 3. 97.
2383 3. 97.
2384 3. 97.
2385 3. 97.
2386 3. 97.
2387 3. 97.
2388 3. 97.
2389 3. 97.
2390 3. 97.
2391 3. 97.
2392 3. 97.
2393 3. 97.
2394 3. 97.
2395 3. 97.
2396 3. 97.
2397 3. 97.
2398 3. 97.
2399 3. 97.
2400 3. 97.
2401 3. 97.
2402 3. 97.
2403 3. 97.
2404 3. 97.
2405 3. 97.
2406 3. 97.
2407 3. 97.
2408 3. 97.
2409 3. 97.
2410 3. 97.
2411 3. 97.
2412 3. 97.
2413 3. 97.
2414 3. 97.
2415 3. 97.
2416 3. 97.
2417 3. 97.
2418 3. 97.
2419 3. 97.
2420 3. 97.
2421 3. 97.
2422 3. 97.
2423 3. 97.
2424 3. 97.
2425 4. 96.
2426 4. 96.
2427 4. 96.
2428 4. 96.
2429 4. 96.
2430 4. 96.
2431 4. 96.
2432 4. 96.
2433 4. 96.
2434 4. 96.
2435 4. 96.
2436 4. 96.
2437 4. 96.
2438 4. 96.
2439 4. 96.
2440 4. 96.
2441 4. 96.
2442 4. 96.
2443 4. 96.
2444 4. 96.
2445 4. 96.
2446 4. 96.
2447 4. 96.
2448 4. 96.
2449 4. 96.
2450 3. 97.
2451 3. 97.
2452 3. 97.
2453 3. 97.
2454 3. 97.
2455 3. 97.
2456 3. 97.
2457 3. 97.
2458 2. 98.
2459 2. 98.
2460 2. 98.
2461 2. 98.
2462 2. 98.
2463 2. 98.
2464 2. 98.
2465 2. 98.
2466 2. 98.
2467 2. 98.
2468 2. 98.
2469 2. 98.
2470 2. 98.
2471 2. 98.
2472 2. 98.
2473 2. 98.
2474 2. 98.
2475 2. 98.
2476 2. 98.
2477 2. 98.
2478 2. 98.
2479 2. 98.
2480 2. 98.
2481 2. 98.
2482 2. 98.
2483 2. 98.
2484 2. 98.
2485 2. 98.
2486 2. 98.
2487 2. 98.
2488 2. 98.
2489 2. 98.
2490 2. 98.
2491 2. 98.
2492 2. 98.
2493 2. 98.
2494 2. 98.
2495 2. 98.
2496 2. 98.
2497 2. 98.
2498 2. 98.
2499 2. 98.
2500 2. 98.
2501 2. 98.
2502 2. 98.
2503 2. 98.
2504 2. 98.
2505 2. 98.
2506 2. 98.
2507 2. 98.
2508 2. 98.
2509 2. 98.
2510 2. 98.
2511 1. 99.
2512 1. 99.
2513 1. 99.
2514 1. 99.
2515 1. 99.
2516 1. 99.
2517 1. 99.
2518 1. 99.
2519 1. 99.
2520 1. 99.
2521 1. 99.
2522 1. 99.
2523 1. 99.
2524 1. 99.
2525 1. 99.
2526 1. 99.
2527 1. 99.
2528 1. 99.
2529 1. 99.
2530 1. 99.
2531 1. 99.
2532 1. 99.
2533 1. 99.
2534 1. 99.
2535 1. 99.
2536 1. 99.
2537 1. 99.
2538 1. 99.
2539 1. 99.
2540 2. 98.
2541 2. 98.
2542 2. 98.
2543 2. 98.
2544 2. 98.
2545 2. 98.
2546 2. 98.
2547 2. 98.
2548 2. 98.
2549 2. 98.
2550 2. 98.
2551 2. 98.
2552 2. 98.
2553 2. 98.
2554 2. 98.
2555 2. 98.
2556 2. 98.
2557 2. 98.
2558 2. 98.
2559 2. 98.
2560 2. 98.
2561 2. 98.
2562 2. 98.
2563 2. 98.
2564 2. 98.
2565 2. 98.
2566 2. 98.
2567 2. 98.
2568 2. 98.
2569 2. 98.
2570 2. 98.
2571 2. 98.
2572 2. 98.
2573 2. 98.
2574 1. 99.
2575 1. 99.
2576 1. 99.
2577 1. 99.
2578 1. 99.
2579 1. 99.
2580 1. 99.
2581 1. 99.
2582 1. 99.
2583 1. 99.
2584 1. 99.
2585 1. 99.
2586 1. 99.
2587 1. 99.
2588 1. 99.
2589 1. 99.
2590 1. 99.
2591 1. 99.
2592 1. 99.
2593 1. 99.
2594 1. 99.
2595 1. 99.
2596 1. 99.
2597 1. 99.
2598 1. 99.
2599 1. 99.
2600 1. 99.
2601 1. 99.
2602 1. 99.
2603 1. 99.
2604 1. 99.
2605 1. 99.
2606 1. 99.
2607 1. 99.
2608 1. 99.
2609 1. 99.
2610 1. 99.
2611 1. 99.
2612 1. 99.
2613 1. 99.
2614 1. 99.
2615 1. 99.
2616 1. 99.
2617 1. 99.
2618 1. 99.
2619 1. 99.
2620 1. 99.
2621 1. 99.
2622 1. 99.
2623 1. 99.
2624 1. 99.
2625 1. 99.
2626 1. 99.
2627 1. 99.
2628 1. 99.
2629 1. 99.
2630 1. 99.
2631 1. 99.
2632 1. 99.
2633 1. 99.
2634 1. 99.
2635 1. 99.
2636 1. 99.
2637 1. 99.
2638 1. 99.
2639 1. 99.
2640 1. 99.
2641 1. 99.
2642 1. 99.
2643 1. 99.
2644 1. 99.
2645 1. 99.
2646 1. 99.
2647 1. 99.
2648 1. 99.
2649 1. 99.
2650 1. 99.
2651 1. 99.
2652 1. 99.
2653 1. 99.
2654 1. 99.
2655 1. 99.
2656 1. 99.
2657 1. 99.
2658 1. 99.
2659 1. 99.
2660 1. 99.
2661 1. 99.
2662 1. 99.
2663 1. 99.
2664 1. 99.
2665 1. 99.
2666 1. 99.
2667 1. 99.
2668 1. 99.
2669 1. 99.
2670 1. 99.
2671 1. 99.
2672 1. 99.
2673 1. 99.
2674 1. 99.
2675 1. 99.
2676 1. 99.
2677 1. 99.
2678 1. 99.
2679 1. 99.
2680 1. 99.
2681 1. 99.
2682 1. 99.
2683 1. 99.
2684 1. 99.
2685 1. 99.
2686 1. 99.
2687 1. 99.
2688 1. 99.
2689 1. 99.
2690 1. 99.
2691 1. 99.
2692 1. 99.
2693 1. 99.
2694 1. 99.
2695 1. 99.
2696 1. 99.
2697 1. 99.
2698 1. 99.
2699 1. 99.
2700 1. 99.
2701 1. 99.
2702 1. 99.
2703 1. 99.
2704 1. 99.
2705 1. 99.
2706 1. 99.
2707 1. 99.
2708 1. 99.
2709 1. 99.
2710 1. 99.
2711 1. 99.
2712 1. 99.
2713 1. 99.
2714 1. 99.
2715 1. 99.
2716 1. 99.
2717 1. 99.
2718 1. 99.
2719 1. 99.
2720 1. 99.
2721 1. 99.
2722 1. 99.
2723 1. 99.
2724 1. 99.
2725 1. 99.
2726 1. 99.
2727 1. 99.
2728 1. 99.
2729 1. 99.
2730 1. 99.
2731 1. 99.
2732 1. 99.
2733 1. 99.
2734 1. 99.
2735 1. 99.
2736 1. 99.
2737 1. 99.
2738 1. 99.
2739 1. 99.
2740 1. 99.
2741 1. 99.
2742 1. 99.
2743 1. 99.
2744 1. 99.
2745 1. 99.
2746 1. 99.
2747 1. 99.
2748 1. 99.
2749 1. 99.
2750 1. 99.
2751 1. 99.
2752 1. 99.
2753 1. 99.
2754 1. 99.
2755 1. 99.
2756 1. 99.
2757 1. 99.
2758 1. 99.
2759 1. 99.
2760 1. 99.
2761 1. 99.
2762 1. 99.
2763 1. 99.
2764 1. 99.
2765 1. 99.
2766 1. 99.
2767 1. 99.
2768 1. 99.
2769 1. 99.
2770 1. 99.
2771 1. 99.
2772 1. 99.
2773 1. 99.
2774 1. 99.
2775 1. 99.
2776 1. 99.
2777 1. 99.
2778 1. 99.
2779 1. 99.
2780 1. 99.
2781 1. 99.
2782 1. 99.
2783 1. 99.
2784 1. 99.
2785 1. 99.
2786 1. 99.
2787 1. 99.
2788 1. 99.
2789 1. 99.
2790 1. 99.
2791 1. 99.
2792 1. 99.
2793 1. 99.
2794 1. 99.
2795 1. 99.
2796 1. 99.
2797 1. 99.
2798 1. 99.
2799 1. 99.
2800 1. 99.
2801 1. 99.
2802 1. 99.
2803 1. 99.
2804 1. 99.
2805 1. 99.
2806 1. 99.
2807 1. 99.
2808 1. 99.
2809 1. 99.
2810 1. 99.
2811 1. 99.
2812 1. 99.
2813 1. 99.
2814 1. 99.
2815 1. 99.
2816 1. 99.
2817 1. 99.
2818 1. 99.
2819 1. 99.
2820 1. 99.
2821 1. 99.
2822 1. 99.
2823 1. 99.
2824 1. 99.
2825 1. 99.
2826 1. 99.
2827 1. 99.
2828 1. 99.
2829 1. 99.
2830 1. 99.
2831 1. 99.
2832 1. 99.
2833 1. 99.
2834 1. 99.
2835 1. 99.
2836 1. 99.
2837 1. 99.
2838 1. 99.
2839 1. 99.
2840 1. 99.
2841 1. 99.
2842 1. 99.
2843 1. 99.
2844 1. 99.
2845 1. 99.
2846 1. 99.
2847 2. 98.
2848 2. 98.
2849 2. 98.
2850 2. 98.
2851 2. 98.
2852 2. 98.
2853 2. 98.
2854 2. 98.
2855 2. 98.
2856 2. 98.
2857 2. 98.
2858 2. 98.
2859 2. 98.
2860 2. 98.
2861 2. 98.
2862 2. 98.
2863 2. 98.
2864 2. 98.
2865 2. 98.
2866 2. 98.
2867 3. 97.
2868 3. 97.
2869 3. 97.
2870 3. 97.
2871 3. 97.
2872 3. 97.
2873 3. 97.
2874 3. 97.
2875 3. 97.
2876 3. 97.
2877 3. 97.
2878 3. 97.
2879 3. 97.
2880 3. 97.
2881 3. 97.
2882 3. 97.
2883 3. 97.
2884 3. 97.
2885 3. 97.
2886 3. 97.
2887 3. 97.
2888 3. 97.
2889 3. 97.
2890 3. 97.
2891 3. 97.
2892 3. 97.
2893 3. 97.
2894 3. 97.
2895 3. 97.
2896 3. 97.
2897 3. 97.
2898 3. 97.
2899 3. 97.
2900 3. 97.
2901 3. 97.
2902 3. 97.
2903 3. 97.
2904 3. 97.
2905 3. 97.
2906 3. 97.
2907 3. 97.
2908 3. 97.
2909 3. 97.
2910 3. 97.
2911 3. 97.
2912 3. 97.
2913 3. 97.
2914 3. 97.
2915 3. 97.
2916 3. 97.
2917 3. 97.
2918 2. 98.
2919 2. 98.
2920 2. 98.
2921 2. 98.
2922 2. 98.
2923 2. 98.
2924 2. 98.
2925 2. 98.
2926 2. 98.
2927 2. 98.
2928 2. 98.
2929 2. 98.
2930 2. 98.
2931 2. 98.
2932 2. 98.
2933 2. 98.
2934 2. 98.
2935 2. 98.
2936 2. 98.
2937 2. 98.
2938 2. 98.
2939 2. 98.
2940 2. 98.
2941 2. 98.
2942 2. 98.
2943 2. 98.
2944 2. 98.
2945 2. 98.
2946 2. 98.
2947 2. 98.
2948 2. 98.
2949 2. 98.
2950 2. 98.
2951 2. 98.
2952 2. 98.
2953 2. 98.
2954 2. 98.
2955 2. 98.
2956 2. 98.
2957 2. 98.
2958 2. 98.
2959 2. 98.
2960 2. 98.
2961 2. 98.
2962 2. 98.
2963 2. 98.
2964 2. 98.
2965 2. 98.
2966 2. 98.
2967 2. 98.
2968 2. 98.
2969 2. 98.
2970 2. 98.
2971 2. 98.
2972 2. 98.
2973 2. 98.
2974 2. 98.
2975 2. 98.
2976 2. 98.
2977 2. 98.
2978 2. 98.
2979 2. 98.
2980 2. 98.
2981 2. 98.
2982 2. 98.
2983 2. 98.
2984 2. 98.
2985 2. 98.
2986 2. 98.
2987 2. 98.
2988 2. 98.
2989 2. 98.
2990 2. 98.
2991 2. 98.
2992 2. 98.
2993 2. 98.
2994 2. 98.
2995 2. 98.
2996 2. 98.
2997 2. 98.
2998 2. 98.
2999 2. 98.
3000 2. 98.
3001 2. 98.
3002 2. 98.
3003 2. 98.
3004 2. 98.
3005 2. 98.
3006 2. 98.
3007 2. 98.
3008 2. 98.
3009 2. 98.
3010 2. 98.
3011 2. 98.
3012 2. 98.
3013 2. 98.
3014 2. 98.
3015 2. 98.
3016 2. 98.
3017 2. 98.
3018 2. 98.
3019 2. 98.
3020 2. 98.
3021 2. 98.
3022 2. 98.
3023 2. 98.
3024 2. 98.
3025 1. 99.
3026 1. 99.
3027 1. 99.
3028 1. 99.
3029 1. 99.
3030 1. 99.
3031 1. 99.
3032 1. 99.
3033 2. 98.
3034 2. 98.
3035 2. 98.
3036 2. 98.
3037 2. 98.
3038 2. 98.
3039 2. 98.
3040 2. 98.
3041 2. 98.
3042 2. 98.
3043 2. 98.
3044 2. 98.
3045 2. 98.
3046 2. 98.
3047 2. 98.
3048 2. 98.
3049 2. 98.
3050 2. 98.
3051 2. 98.
3052 2. 98.
3053 2. 98.
3054 2. 98.
3055 2. 98.
3056 2. 98.
3057 2. 98.
3058 2. 98.
3059 2. 98.
3060 2. 98.
3061 2. 98.
3062 2. 98.
3063 2. 98.
3064 2. 98.
3065 2. 98.
3066 2. 98.
3067 2. 98.
3068 2. 98.
3069 2. 98.
3070 2. 98.
3071 2. 98.
3072 2. 98.
3073 2. 98.
3074 2. 98.
3075 2. 98.
3076 2. 98.
3077 2. 98.
3078 2. 98.
3079 2. 98.
3080 2. 98.
3081 2. 98.
3082 2. 98.
3083 2. 98.
3084 2. 98.
3085 2. 98.
3086 2. 98.
3087 2. 98.
3088 2. 98.
3089 2. 98.
3090 2. 98.
3091 2. 98.
3092 2. 98.
3093 2. 98.
3094 2. 98.
3095 2. 98.
3096 2. 98.
3097 2. 98.
3098 2. 98.
3099 2. 98.
3100 2. 98.
3101 1. 99.
3102 1. 99.
3103 1. 99.
3104 1. 99.
3105 1. 99.
3106 1. 99.
3107 1. 99.
3108 1. 99.
3109 1. 99.
3110 1. 99.
3111 1. 99.
3112 1. 99.
3113 1. 99.
3114 1. 99.
3115 1. 99.
3116 1. 99.
3117 1. 99.
3118 1. 99.
3119 1. 99.
3120 1. 99.
3121 1. 99.
3122 1. 99.
3123 1. 99.
3124 1. 99.
3125 1. 99.
3126 1. 99.
3127 1. 99.
3128 1. 99.
3129 1. 99.
3130 1. 99.
3131 1. 99.
3132 1. 99.
3133 1. 99.
3134 1. 99.
3135 1. 99.
3136 1. 99.
3137 1. 99.
3138 1. 99.
3139 1. 99.
3140 1. 99.
3141 1. 99.
3142 1. 99.
3143 1. 99.
3144 1. 99.
3145 1. 99.
3146 1. 99.
3147 1. 99.
