0 15. 85.
1 16. 84.
2 17. 83.
3 17. 83.
4 17. 83.
5 17. 83.
6 16. 84.
7 16. 84.
8 16. 84.
9 16. 84.
10 17. 83.
11 17. 83.
12 17. 83.
13 17. 83.
14 18. 82.
15 18. 82.
16 18. 82.
17 18. 82.
18 18. 82.
19 18. 82.
20 18. 82.
21 18. 82.
22 18. 82.
23 19. 81.
24 18. 82.
25 19. 81.
26 20. 80.
27 20. 80.
28 20. 80.
29 20. 80.
30 20. 80.
31 20. 80.
32 20. 80.
33 20. 80.
34 21. 79.
35 21. 79.
36 20. 80.
37 21. 79.
38 22. 78.
39 22. 78.
40 22. 78.
41 22. 78.
42 22. 78.
43 22. 78.
44 23. 77.
45 24. 76.
46 23. 77.
47 23. 77.
48 23. 77.
49 23. 77.
50 23. 77.
51 23. 77.
52 23. 77.
53 23. 77.
54 23. 77.
55 23. 77.
56 23. 77.
57 23. 77.
58 23. 77.
59 23. 77.
60 22. 78.
61 21. 79.
62 21. 79.
63 21. 79.
64 21. 79.
65 21. 79.
66 22. 78.
67 22. 78.
68 23. 77.
69 23. 77.
70 23. 77.
71 23. 77.
72 23. 77.
73 23. 77.
74 23. 77.
75 23. 77.
76 23. 77.
77 23. 77.
78 24. 76.
79 24. 76.
80 24. 76.
81 25. 75.
82 25. 75.
83 25. 75.
84 24. 76.
85 23. 77.
86 24. 76.
87 24. 76.
88 23. 77.
89 23. 77.
90 24. 76.
91 24. 76.
92 24. 76.
93 24. 76.
94 24. 76.
95 24. 76.
96 24. 76.
97 25. 75.
98 25. 75.
99 25. 75.
100 24. 76.
101 23. 77.
102 23. 77.
103 22. 78.
104 22. 78.
105 22. 78.
106 22. 78.
107 22. 78.
108 22. 78.
109 22. 78.
110 23. 77.
111 23. 77.
112 23. 77.
113 23. 77.
114 22. 78.
115 22. 78.
116 21. 79.
117 20. 80.
118 20. 80.
119 20. 80.
120 20. 80.
121 19. 81.
122 19. 81.
123 19. 81.
124 19. 81.
125 19. 81.
126 19. 81.
127 19. 81.
128 19. 81.
129 19. 81.
130 19. 81.
131 19. 81.
132 19. 81.
133 19. 81.
134 19. 81.
135 19. 81.
136 19. 81.
137 19. 81.
138 19. 81.
139 19. 81.
140 19. 81.
141 19. 81.
142 19. 81.
143 19. 81.
144 19. 81.
145 19. 81.
146 19. 81.
147 20. 80.
148 20. 80.
149 20. 80.
150 20. 80.
151 20. 80.
152 20. 80.
153 19. 81.
154 19. 81.
155 19. 81.
156 18. 82.
157 18. 82.
158 18. 82.
159 18. 82.
160 18. 82.
161 18. 82.
162 19. 81.
163 19. 81.
164 20. 80.
165 21. 79.
166 21. 79.
167 21. 79.
168 21. 79.
169 21. 79.
170 21. 79.
171 20. 80.
172 20. 80.
173 20. 80.
174 20. 80.
175 20. 80.
176 21. 79.
177 21. 79.
178 22. 78.
179 21. 79.
180 21. 79.
181 21. 79.
182 22. 78.
183 22. 78.
184 22. 78.
185 22. 78.
186 22. 78.
187 22. 78.
188 22. 78.
189 23. 77.
190 23. 77.
191 23. 77.
192 23. 77.
193 23. 77.
194 23. 77.
195 23. 77.
196 23. 77.
197 23. 77.
198 23. 77.
199 23. 77.
200 23. 77.
201 24. 76.
202 24. 76.
203 24. 76.
204 24. 76.
205 23. 77.
206 23. 77.
207 23. 77.
208 23. 77.
209 23. 77.
210 23. 77.
211 23. 77.
212 23. 77.
213 23. 77.
214 23. 77.
215 23. 77.
216 23. 77.
217 24. 76.
218 24. 76.
219 23. 77.
220 22. 78.
221 22. 78.
222 22. 78.
223 22. 78.
224 22. 78.
225 21. 79.
226 21. 79.
227 21. 79.
228 21. 79.
229 21. 79.
230 21. 79.
231 21. 79.
232 21. 79.
233 21. 79.
234 21. 79.
235 21. 79.
236 21. 79.
237 20. 80.
238 20. 80.
239 20. 80.
240 19. 81.
241 19. 81.
242 19. 81.
243 19. 81.
244 19. 81.
245 19. 81.
246 19. 81.
247 19. 81.
248 19. 81.
249 19. 81.
250 19. 81.
251 19. 81.
252 19. 81.
253 19. 81.
254 19. 81.
255 19. 81.
256 18. 82.
257 19. 81.
258 19. 81.
259 19. 81.
260 19. 81.
261 20. 80.
262 20. 80.
263 21. 79.
264 21. 79.
265 21. 79.
266 21. 79.
267 20. 80.
268 20. 80.
269 20. 80.
270 20. 80.
271 21. 79.
272 21. 79.
273 21. 79.
274 21. 79.
275 21. 79.
276 21. 79.
277 21. 79.
278 21. 79.
279 21. 79.
280 21. 79.
281 21. 79.
282 21. 79.
283 20. 80.
284 20. 80.
285 20. 80.
286 19. 81.
287 19. 81.
288 19. 81.
289 19. 81.
290 19. 81.
291 19. 81.
292 19. 81.
293 19. 81.
294 19. 81.
295 19. 81.
296 19. 81.
297 19. 81.
298 19. 81.
299 19. 81.
300 19. 81.
301 19. 81.
302 19. 81.
303 19. 81.
304 19. 81.
305 19. 81.
306 19. 81.
307 19. 81.
308 19. 81.
309 18. 82.
310 18. 82.
311 18. 82.
312 18. 82.
313 18. 82.
314 18. 82.
315 18. 82.
316 18. 82.
317 19. 81.
318 19. 81.
319 19. 81.
320 19. 81.
321 19. 81.
322 19. 81.
323 19. 81.
324 18. 82.
325 19. 81.
326 19. 81.
327 19. 81.
328 19. 81.
329 19. 81.
330 19. 81.
331 19. 81.
332 19. 81.
333 19. 81.
334 19. 81.
335 18. 82.
336 18. 82.
337 19. 81.
338 19. 81.
339 19. 81.
340 19. 81.
341 19. 81.
342 19. 81.
343 19. 81.
344 19. 81.
345 19. 81.
346 19. 81.
347 19. 81.
348 20. 80.
349 21. 79.
350 21. 79.
351 21. 79.
352 20. 80.
353 20. 80.
354 19. 81.
355 19. 81.
356 19. 81.
357 19. 81.
358 19. 81.
359 19. 81.
360 19. 81.
361 19. 81.
362 19. 81.
363 20. 80.
364 20. 80.
365 20. 80.
366 20. 80.
367 19. 81.
368 19. 81.
369 20. 80.
370 20. 80.
371 21. 79.
372 21. 79.
373 20. 80.
374 20. 80.
375 20. 80.
376 20. 80.
377 20. 80.
378 20. 80.
379 19. 81.
380 19. 81.
381 19. 81.
382 19. 81.
383 19. 81.
384 20. 80.
385 20. 80.
386 20. 80.
387 20. 80.
388 20. 80.
389 20. 80.
390 20. 80.
391 20. 80.
392 20. 80.
393 20. 80.
394 21. 79.
395 21. 79.
396 20. 80.
397 20. 80.
398 20. 80.
399 20. 80.
400 20. 80.
401 20. 80.
402 20. 80.
403 20. 80.
404 20. 80.
405 20. 80.
406 20. 80.
407 20. 80.
408 20. 80.
409 19. 81.
410 19. 81.
411 19. 81.
412 19. 81.
413 19. 81.
414 19. 81.
415 19. 81.
416 19. 81.
417 19. 81.
418 19. 81.
419 19. 81.
420 19. 81.
421 19. 81.
422 19. 81.
423 19. 81.
424 19. 81.
425 19. 81.
426 19. 81.
427 19. 81.
428 19. 81.
429 19. 81.
430 19. 81.
431 19. 81.
432 19. 81.
433 19. 81.
434 19. 81.
435 19. 81.
436 18. 82.
437 18. 82.
438 19. 81.
439 20. 80.
440 20. 80.
441 20. 80.
442 20. 80.
443 20. 80.
444 19. 81.
445 19. 81.
446 19. 81.
447 19. 81.
448 19. 81.
449 19. 81.
450 19. 81.
451 19. 81.
452 19. 81.
453 20. 80.
454 20. 80.
455 19. 81.
456 19. 81.
457 19. 81.
458 19. 81.
459 19. 81.
460 19. 81.
461 19. 81.
462 19. 81.
463 20. 80.
464 20. 80.
465 20. 80.
466 20. 80.
467 20. 80.
468 20. 80.
469 20. 80.
470 20. 80.
471 20. 80.
472 20. 80.
473 20. 80.
474 20. 80.
475 20. 80.
476 20. 80.
477 19. 81.
478 19. 81.
479 19. 81.
480 18. 82.
481 18. 82.
482 18. 82.
483 18. 82.
484 18. 82.
485 19. 81.
486 19. 81.
487 19. 81.
488 19. 81.
489 20. 80.
490 20. 80.
491 20. 80.
492 20. 80.
493 20. 80.
494 20. 80.
495 20. 80.
496 20. 80.
497 20. 80.
498 21. 79.
499 21. 79.
500 21. 79.
501 21. 79.
502 21. 79.
503 20. 80.
504 20. 80.
505 20. 80.
506 20. 80.
507 20. 80.
508 20. 80.
509 20. 80.
510 20. 80.
511 20. 80.
512 20. 80.
513 20. 80.
514 20. 80.
515 20. 80.
516 20. 80.
517 20. 80.
518 20. 80.
519 20. 80.
520 20. 80.
521 20. 80.
522 20. 80.
523 20. 80.
524 20. 80.
525 20. 80.
526 20. 80.
527 20. 80.
528 20. 80.
529 20. 80.
530 20. 80.
531 20. 80.
532 20. 80.
533 20. 80.
534 21. 79.
535 21. 79.
536 21. 79.
537 21. 79.
538 21. 79.
539 21. 79.
540 21. 79.
541 21. 79.
542 21. 79.
543 21. 79.
544 21. 79.
545 21. 79.
546 21. 79.
547 21. 79.
548 21. 79.
549 20. 80.
550 19. 81.
551 19. 81.
552 19. 81.
553 19. 81.
554 19. 81.
555 19. 81.
556 19. 81.
557 20. 80.
558 20. 80.
559 20. 80.
560 20. 80.
561 20. 80.
562 20. 80.
563 20. 80.
564 20. 80.
565 20. 80.
566 20. 80.
567 20. 80.
568 19. 81.
569 19. 81.
570 19. 81.
571 19. 81.
572 19. 81.
573 19. 81.
574 18. 82.
575 18. 82.
576 18. 82.
577 18. 82.
578 18. 82.
579 19. 81.
580 18. 82.
581 17. 83.
582 17. 83.
583 17. 83.
584 17. 83.
585 17. 83.
586 17. 83.
587 17. 83.
588 17. 83.
589 17. 83.
590 17. 83.
591 16. 84.
592 16. 84.
593 16. 84.
594 16. 84.
595 16. 84.
596 16. 84.
597 16. 84.
598 16. 84.
599 16. 84.
600 16. 84.
601 16. 84.
602 16. 84.
603 16. 84.
604 16. 84.
605 16. 84.
606 16. 84.
607 17. 83.
608 17. 83.
609 17. 83.
610 17. 83.
611 17. 83.
612 17. 83.
613 16. 84.
614 15. 85.
615 15. 85.
616 15. 85.
617 16. 84.
618 16. 84.
619 16. 84.
620 16. 84.
621 16. 84.
622 16. 84.
623 16. 84.
624 16. 84.
625 16. 84.
626 16. 84.
627 16. 84.
628 16. 84.
629 16. 84.
630 16. 84.
631 15. 85.
632 15. 85.
633 15. 85.
634 15. 85.
635 15. 85.
636 15. 85.
637 15. 85.
638 15. 85.
639 15. 85.
640 15. 85.
641 15. 85.
642 15. 85.
643 15. 85.
644 15. 85.
645 15. 85.
646 15. 85.
647 15. 85.
648 15. 85.
649 16. 84.
650 16. 84.
651 16. 84.
652 16. 84.
653 16. 84.
654 16. 84.
655 15. 85.
656 15. 85.
657 15. 85.
658 15. 85.
659 15. 85.
660 15. 85.
661 15. 85.
662 15. 85.
663 15. 85.
664 15. 85.
665 15. 85.
666 15. 85.
667 15. 85.
668 15. 85.
669 15. 85.
670 15. 85.
671 15. 85.
672 15. 85.
673 15. 85.
674 15. 85.
675 15. 85.
676 15. 85.
677 15. 85.
678 15. 85.
679 15. 85.
680 15. 85.
681 15. 85.
682 15. 85.
683 15. 85.
684 15. 85.
685 15. 85.
686 15. 85.
687 15. 85.
688 15. 85.
689 15. 85.
690 15. 85.
691 15. 85.
692 15. 85.
693 15. 85.
694 16. 84.
695 15. 85.
696 15. 85.
697 15. 85.
698 15. 85.
699 15. 85.
700 15. 85.
701 15. 85.
702 16. 84.
703 16. 84.
704 16. 84.
705 16. 84.
706 16. 84.
707 16. 84.
708 16. 84.
709 16. 84.
710 16. 84.
711 16. 84.
712 16. 84.
713 16. 84.
714 15. 85.
715 15. 85.
716 15. 85.
717 15. 85.
718 15. 85.
719 15. 85.
720 16. 84.
721 17. 83.
722 17. 83.
723 17. 83.
724 17. 83.
725 17. 83.
726 17. 83.
727 17. 83.
728 17. 83.
729 17. 83.
730 17. 83.
731 17. 83.
732 16. 84.
733 16. 84.
734 15. 85.
735 15. 85.
736 15. 85.
737 15. 85.
738 15. 85.
739 15. 85.
740 15. 85.
741 15. 85.
742 15. 85.
743 15. 85.
744 15. 85.
745 15. 85.
746 15. 85.
747 15. 85.
748 15. 85.
749 15. 85.
750 14. 86.
751 14. 86.
752 14. 86.
753 14. 86.
754 14. 86.
755 14. 86.
756 14. 86.
757 14. 86.
758 13. 87.
759 13. 87.
760 13. 87.
761 12. 88.
762 12. 88.
763 12. 88.
764 12. 88.
765 12. 88.
766 13. 87.
767 13. 87.
768 13. 87.
769 13. 87.
770 13. 87.
771 13. 87.
772 13. 87.
773 13. 87.
774 13. 87.
775 13. 87.
776 12. 88.
777 12. 88.
778 12. 88.
779 12. 88.
780 13. 87.
781 14. 86.
782 14. 86.
783 14. 86.
784 14. 86.
785 14. 86.
786 15. 85.
787 15. 85.
788 15. 85.
789 15. 85.
790 15. 85.
791 15. 85.
792 15. 85.
793 15. 85.
794 15. 85.
795 15. 85.
796 14. 86.
797 14. 86.
798 14. 86.
799 14. 86.
800 14. 86.
801 14. 86.
802 14. 86.
803 14. 86.
804 14. 86.
805 14. 86.
806 14. 86.
807 14. 86.
808 14. 86.
809 14. 86.
810 14. 86.
811 15. 85.
812 15. 85.
813 15. 85.
814 15. 85.
815 15. 85.
816 15. 85.
817 15. 85.
818 15. 85.
819 15. 85.
820 15. 85.
821 15. 85.
822 15. 85.
823 15. 85.
824 16. 84.
825 16. 84.
826 16. 84.
827 16. 84.
828 16. 84.
829 16. 84.
830 16. 84.
831 16. 84.
832 16. 84.
833 16. 84.
834 16. 84.
835 17. 83.
836 17. 83.
837 17. 83.
838 17. 83.
839 17. 83.
840 17. 83.
841 17. 83.
842 17. 83.
843 17. 83.
844 16. 84.
845 16. 84.
846 16. 84.
847 15. 85.
848 15. 85.
849 15. 85.
850 15. 85.
851 16. 84.
852 16. 84.
853 16. 84.
854 16. 84.
855 16. 84.
856 16. 84.
857 17. 83.
858 17. 83.
859 17. 83.
860 17. 83.
861 17. 83.
862 17. 83.
863 18. 82.
864 18. 82.
865 18. 82.
866 18. 82.
867 18. 82.
868 18. 82.
869 18. 82.
870 18. 82.
871 18. 82.
872 18. 82.
873 18. 82.
874 18. 82.
875 18. 82.
876 17. 83.
877 17. 83.
878 17. 83.
879 16. 84.
880 16. 84.
881 16. 84.
882 16. 84.
883 16. 84.
884 16. 84.
885 16. 84.
886 16. 84.
887 16. 84.
888 16. 84.
889 16. 84.
890 16. 84.
891 16. 84.
892 16. 84.
893 16. 84.
894 16. 84.
895 16. 84.
896 16. 84.
897 16. 84.
898 16. 84.
899 16. 84.
900 15. 85.
901 15. 85.
902 15. 85.
903 15. 85.
904 15. 85.
905 16. 84.
906 16. 84.
907 17. 83.
908 17. 83.
909 17. 83.
910 17. 83.
911 17. 83.
912 17. 83.
913 17. 83.
914 16. 84.
915 16. 84.
916 16. 84.
917 16. 84.
918 16. 84.
919 16. 84.
920 16. 84.
921 16. 84.
922 16. 84.
923 16. 84.
924 16. 84.
925 16. 84.
926 16. 84.
927 15. 85.
928 15. 85.
929 15. 85.
930 15. 85.
931 15. 85.
932 15. 85.
933 15. 85.
934 15. 85.
935 15. 85.
936 15. 85.
937 16. 84.
938 16. 84.
939 15. 85.
940 15. 85.
941 15. 85.
942 14. 86.
943 14. 86.
944 13. 87.
945 13. 87.
946 14. 86.
947 14. 86.
948 14. 86.
949 14. 86.
950 14. 86.
951 14. 86.
952 14. 86.
953 13. 87.
954 12. 88.
955 12. 88.
956 11. 89.
957 11. 89.
958 11. 89.
959 11. 89.
960 11. 89.
961 11. 89.
962 11. 89.
963 11. 89.
964 11. 89.
965 11. 89.
966 11. 89.
967 12. 88.
968 12. 88.
969 12. 88.
970 12. 88.
971 12. 88.
972 13. 87.
973 13. 87.
974 13. 87.
975 13. 87.
976 13. 87.
977 13. 87.
978 13. 87.
979 13. 87.
980 13. 87.
981 13. 87.
982 13. 87.
983 14. 86.
984 14. 86.
985 14. 86.
986 14. 86.
987 14. 86.
988 14. 86.
989 14. 86.
990 14. 86.
991 14. 86.
992 14. 86.
993 13. 87.
994 13. 87.
995 13. 87.
996 13. 87.
997 13. 87.
998 13. 87.
999 13. 87.
1000 13. 87.
1001 13. 87.
1002 13. 87.
1003 13. 87.
1004 13. 87.
1005 13. 87.
1006 14. 86.
1007 14. 86.
1008 15. 85.
1009 15. 85.
1010 15. 85.
1011 15. 85.
1012 15. 85.
1013 15. 85.
1014 16. 84.
1015 16. 84.
1016 16. 84.
1017 16. 84.
1018 16. 84.
1019 16. 84.
1020 16. 84.
1021 15. 85.
1022 15. 85.
1023 15. 85.
1024 16. 84.
1025 16. 84.
1026 16. 84.
1027 16. 84.
1028 16. 84.
1029 16. 84.
1030 16. 84.
1031 16. 84.
1032 16. 84.
1033 16. 84.
1034 16. 84.
1035 16. 84.
1036 16. 84.
1037 16. 84.
1038 16. 84.
1039 16. 84.
1040 16. 84.
1041 16. 84.
1042 17. 83.
1043 17. 83.
1044 17. 83.
1045 17. 83.
1046 17. 83.
1047 17. 83.
1048 17. 83.
1049 17. 83.
1050 17. 83.
1051 17. 83.
1052 17. 83.
1053 16. 84.
1054 16. 84.
1055 16. 84.
1056 17. 83.
1057 17. 83.
1058 17. 83.
1059 17. 83.
1060 17. 83.
1061 17. 83.
1062 17. 83.
1063 17. 83.
1064 17. 83.
1065 17. 83.
1066 17. 83.
1067 17. 83.
1068 17. 83.
1069 17. 83.
1070 18. 82.
1071 18. 82.
1072 18. 82.
1073 18. 82.
1074 18. 82.
1075 18. 82.
1076 18. 82.
1077 18. 82.
1078 18. 82.
1079 18. 82.
1080 18. 82.
1081 18. 82.
1082 18. 82.
1083 18. 82.
1084 18. 82.
1085 18. 82.
1086 18. 82.
1087 18. 82.
1088 18. 82.
1089 18. 82.
1090 18. 82.
1091 18. 82.
1092 18. 82.
1093 18. 82.
1094 18. 82.
1095 18. 82.
1096 18. 82.
1097 18. 82.
1098 18. 82.
1099 18. 82.
1100 18. 82.
1101 18. 82.
1102 18. 82.
1103 18. 82.
1104 18. 82.
1105 18. 82.
1106 18. 82.
1107 18. 82.
1108 18. 82.
1109 18. 82.
1110 18. 82.
1111 18. 82.
1112 18. 82.
1113 18. 82.
1114 18. 82.
1115 18. 82.
1116 18. 82.
1117 18. 82.
1118 17. 83.
1119 17. 83.
1120 18. 82.
1121 18. 82.
1122 18. 82.
1123 19. 81.
1124 19. 81.
1125 19. 81.
1126 19. 81.
1127 19. 81.
1128 19. 81.
1129 20. 80.
1130 20. 80.
1131 19. 81.
1132 19. 81.
1133 19. 81.
1134 19. 81.
1135 18. 82.
1136 18. 82.
1137 18. 82.
1138 18. 82.
1139 17. 83.
1140 17. 83.
1141 17. 83.
1142 16. 84.
1143 16. 84.
1144 16. 84.
1145 17. 83.
1146 17. 83.
1147 17. 83.
1148 17. 83.
1149 17. 83.
1150 17. 83.
1151 17. 83.
1152 17. 83.
1153 18. 82.
1154 18. 82.
1155 18. 82.
1156 18. 82.
1157 18. 82.
1158 18. 82.
1159 18. 82.
1160 18. 82.
1161 17. 83.
1162 17. 83.
1163 18. 82.
1164 18. 82.
1165 18. 82.
1166 18. 82.
1167 18. 82.
1168 18. 82.
1169 18. 82.
1170 18. 82.
1171 18. 82.
1172 18. 82.
1173 18. 82.
1174 18. 82.
1175 18. 82.
1176 18. 82.
1177 18. 82.
1178 19. 81.
1179 19. 81.
1180 18. 82.
1181 18. 82.
1182 18. 82.
1183 18. 82.
1184 18. 82.
1185 18. 82.
1186 18. 82.
1187 18. 82.
1188 18. 82.
1189 18. 82.
1190 18. 82.
1191 18. 82.
1192 18. 82.
1193 18. 82.
1194 18. 82.
1195 18. 82.
1196 18. 82.
1197 18. 82.
1198 18. 82.
1199 18. 82.
1200 18. 82.
1201 18. 82.
1202 17. 83.
1203 17. 83.
1204 16. 84.
1205 16. 84.
1206 16. 84.
1207 16. 84.
1208 16. 84.
1209 16. 84.
1210 16. 84.
1211 16. 84.
1212 15. 85.
1213 15. 85.
1214 15. 85.
1215 15. 85.
1216 15. 85.
1217 15. 85.
1218 15. 85.
1219 15. 85.
1220 15. 85.
1221 14. 86.
1222 14. 86.
1223 14. 86.
1224 14. 86.
1225 14. 86.
1226 14. 86.
1227 14. 86.
1228 14. 86.
1229 14. 86.
1230 14. 86.
1231 14. 86.
1232 15. 85.
1233 15. 85.
1234 15. 85.
1235 15. 85.
1236 15. 85.
1237 15. 85.
1238 15. 85.
1239 15. 85.
1240 15. 85.
1241 15. 85.
1242 15. 85.
1243 15. 85.
1244 15. 85.
1245 15. 85.
1246 15. 85.
1247 15. 85.
1248 15. 85.
1249 15. 85.
1250 15. 85.
1251 14. 86.
1252 14. 86.
1253 14. 86.
1254 14. 86.
1255 14. 86.
1256 14. 86.
1257 14. 86.
1258 14. 86.
1259 14. 86.
1260 14. 86.
1261 14. 86.
1262 14. 86.
1263 14. 86.
1264 14. 86.
1265 14. 86.
1266 14. 86.
1267 14. 86.
1268 14. 86.
1269 14. 86.
1270 14. 86.
1271 14. 86.
1272 14. 86.
1273 14. 86.
1274 14. 86.
1275 14. 86.
1276 14. 86.
1277 14. 86.
1278 14. 86.
1279 14. 86.
1280 14. 86.
1281 14. 86.
1282 14. 86.
1283 14. 86.
1284 14. 86.
1285 14. 86.
1286 14. 86.
1287 14. 86.
1288 14. 86.
1289 14. 86.
1290 14. 86.
1291 14. 86.
1292 14. 86.
1293 14. 86.
1294 14. 86.
1295 14. 86.
1296 14. 86.
1297 14. 86.
1298 14. 86.
1299 14. 86.
1300 14. 86.
1301 14. 86.
1302 14. 86.
1303 14. 86.
1304 14. 86.
1305 14. 86.
1306 14. 86.
1307 14. 86.
1308 14. 86.
1309 14. 86.
1310 14. 86.
1311 15. 85.
1312 15. 85.
1313 15. 85.
1314 15. 85.
1315 15. 85.
1316 15. 85.
1317 15. 85.
1318 15. 85.
1319 16. 84.
1320 16. 84.
1321 16. 84.
1322 16. 84.
1323 16. 84.
1324 16. 84.
1325 16. 84.
1326 16. 84.
1327 16. 84.
1328 16. 84.
1329 16. 84.
1330 16. 84.
1331 16. 84.
1332 16. 84.
1333 16. 84.
1334 16. 84.
1335 17. 83.
1336 17. 83.
1337 17. 83.
1338 17. 83.
1339 17. 83.
1340 17. 83.
1341 17. 83.
1342 17. 83.
1343 17. 83.
1344 17. 83.
1345 17. 83.
1346 17. 83.
1347 17. 83.
1348 17. 83.
1349 17. 83.
1350 17. 83.
1351 17. 83.
1352 17. 83.
1353 17. 83.
1354 17. 83.
1355 18. 82.
1356 18. 82.
1357 18. 82.
1358 18. 82.
1359 18. 82.
1360 18. 82.
1361 18. 82.
1362 18. 82.
1363 18. 82.
1364 18. 82.
1365 18. 82.
1366 18. 82.
1367 18. 82.
1368 18. 82.
1369 18. 82.
1370 18. 82.
1371 18. 82.
1372 18. 82.
1373 18. 82.
1374 18. 82.
1375 17. 83.
1376 17. 83.
1377 17. 83.
1378 17. 83.
1379 17. 83.
1380 17. 83.
1381 17. 83.
1382 17. 83.
1383 17. 83.
1384 17. 83.
1385 17. 83.
1386 17. 83.
1387 17. 83.
1388 17. 83.
1389 17. 83.
1390 17. 83.
1391 17. 83.
1392 17. 83.
1393 16. 84.
1394 16. 84.
1395 16. 84.
1396 16. 84.
1397 16. 84.
1398 16. 84.
1399 16. 84.
1400 16. 84.
1401 16. 84.
1402 16. 84.
1403 16. 84.
1404 17. 83.
1405 17. 83.
1406 17. 83.
1407 16. 84.
1408 16. 84.
1409 16. 84.
1410 16. 84.
1411 16. 84.
1412 16. 84.
1413 16. 84.
1414 16. 84.
1415 16. 84.
1416 16. 84.
1417 16. 84.
1418 16. 84.
1419 16. 84.
1420 16. 84.
1421 16. 84.
1422 16. 84.
1423 16. 84.
1424 16. 84.
1425 16. 84.
1426 16. 84.
1427 16. 84.
1428 16. 84.
1429 16. 84.
1430 16. 84.
1431 15. 85.
1432 15. 85.
1433 16. 84.
1434 16. 84.
1435 17. 83.
1436 17. 83.
1437 17. 83.
1438 17. 83.
1439 17. 83.
1440 17. 83.
1441 17. 83.
1442 17. 83.
1443 17. 83.
1444 17. 83.
1445 17. 83.
1446 17. 83.
1447 17. 83.
1448 17. 83.
1449 17. 83.
1450 17. 83.
1451 17. 83.
1452 17. 83.
1453 16. 84.
1454 16. 84.
1455 16. 84.
1456 16. 84.
1457 16. 84.
1458 16. 84.
1459 16. 84.
1460 15. 85.
1461 15. 85.
1462 15. 85.
1463 15. 85.
1464 15. 85.
1465 15. 85.
1466 15. 85.
1467 16. 84.
1468 17. 83.
1469 17. 83.
1470 16. 84.
1471 16. 84.
1472 17. 83.
1473 17. 83.
1474 17. 83.
1475 17. 83.
1476 17. 83.
1477 17. 83.
1478 16. 84.
1479 16. 84.
1480 16. 84.
1481 16. 84.
1482 16. 84.
1483 16. 84.
1484 16. 84.
1485 16. 84.
1486 15. 85.
1487 15. 85.
1488 16. 84.
1489 16. 84.
1490 16. 84.
1491 16. 84.
1492 16. 84.
1493 16. 84.
1494 16. 84.
1495 16. 84.
1496 15. 85.
1497 15. 85.
1498 15. 85.
1499 15. 85.
1500 15. 85.
1501 15. 85.
1502 16. 84.
1503 16. 84.
1504 17. 83.
1505 17. 83.
1506 17. 83.
1507 17. 83.
1508 17. 83.
1509 17. 83.
1510 17. 83.
1511 17. 83.
1512 17. 83.
1513 17. 83.
1514 17. 83.
1515 17. 83.
1516 17. 83.
1517 17. 83.
1518 17. 83.
1519 17. 83.
1520 17. 83.
1521 17. 83.
1522 17. 83.
1523 17. 83.
1524 17. 83.
1525 17. 83.
1526 17. 83.
1527 16. 84.
1528 16. 84.
1529 16. 84.
1530 16. 84.
1531 16. 84.
1532 16. 84.
1533 17. 83.
1534 17. 83.
1535 17. 83.
1536 17. 83.
1537 17. 83.
1538 17. 83.
1539 17. 83.
1540 17. 83.
1541 17. 83.
1542 17. 83.
1543 17. 83.
1544 17. 83.
1545 17. 83.
1546 17. 83.
1547 17. 83.
1548 17. 83.
1549 17. 83.
1550 17. 83.
1551 17. 83.
1552 18. 82.
1553 18. 82.
1554 18. 82.
1555 18. 82.
1556 18. 82.
1557 17. 83.
1558 16. 84.
1559 16. 84.
1560 16. 84.
1561 16. 84.
1562 16. 84.
1563 16. 84.
1564 16. 84.
1565 16. 84.
1566 16. 84.
1567 16. 84.
1568 16. 84.
1569 16. 84.
1570 16. 84.
1571 16. 84.
1572 16. 84.
1573 17. 83.
1574 17. 83.
1575 17. 83.
1576 17. 83.
1577 17. 83.
1578 17. 83.
1579 17. 83.
1580 17. 83.
1581 17. 83.
1582 17. 83.
1583 17. 83.
1584 17. 83.
1585 17. 83.
1586 17. 83.
1587 17. 83.
1588 17. 83.
1589 17. 83.
1590 17. 83.
1591 17. 83.
1592 17. 83.
1593 17. 83.
1594 17. 83.
1595 17. 83.
1596 17. 83.
1597 17. 83.
1598 18. 82.
1599 18. 82.
1600 17. 83.
1601 17. 83.
1602 17. 83.
1603 17. 83.
1604 17. 83.
1605 18. 82.
1606 19. 81.
1607 19. 81.
1608 19. 81.
1609 19. 81.
1610 19. 81.
1611 19. 81.
1612 19. 81.
1613 19. 81.
1614 19. 81.
1615 19. 81.
1616 19. 81.
1617 19. 81.
1618 19. 81.
1619 19. 81.
1620 19. 81.
1621 19. 81.
1622 19. 81.
1623 19. 81.
1624 19. 81.
1625 19. 81.
1626 19. 81.
1627 19. 81.
1628 20. 80.
1629 20. 80.
1630 20. 80.
1631 20. 80.
1632 20. 80.
1633 20. 80.
1634 20. 80.
1635 20. 80.
1636 19. 81.
1637 19. 81.
1638 19. 81.
1639 19. 81.
1640 19. 81.
1641 19. 81.
1642 19. 81.
1643 19. 81.
1644 20. 80.
1645 20. 80.
1646 20. 80.
1647 19. 81.
1648 19. 81.
1649 19. 81.
1650 20. 80.
1651 20. 80.
1652 20. 80.
1653 20. 80.
1654 20. 80.
1655 20. 80.
1656 20. 80.
1657 20. 80.
1658 19. 81.
1659 19. 81.
1660 18. 82.
1661 18. 82.
1662 18. 82.
1663 18. 82.
1664 18. 82.
1665 18. 82.
1666 18. 82.
1667 18. 82.
1668 18. 82.
1669 18. 82.
1670 18. 82.
1671 17. 83.
1672 17. 83.
1673 18. 82.
1674 18. 82.
1675 17. 83.
1676 17. 83.
1677 17. 83.
1678 17. 83.
1679 17. 83.
1680 17. 83.
1681 17. 83.
1682 17. 83.
1683 17. 83.
1684 17. 83.
1685 18. 82.
1686 18. 82.
1687 18. 82.
1688 18. 82.
1689 18. 82.
1690 18. 82.
1691 17. 83.
1692 17. 83.
1693 18. 82.
1694 17. 83.
1695 17. 83.
1696 17. 83.
1697 17. 83.
1698 17. 83.
1699 17. 83.
1700 18. 82.
1701 18. 82.
1702 18. 82.
1703 18. 82.
1704 18. 82.
1705 18. 82.
1706 19. 81.
1707 19. 81.
1708 19. 81.
1709 19. 81.
1710 19. 81.
1711 19. 81.
1712 20. 80.
1713 19. 81.
1714 19. 81.
1715 19. 81.
1716 19. 81.
1717 19. 81.
1718 18. 82.
1719 18. 82.
1720 18. 82.
1721 18. 82.
1722 18. 82.
1723 17. 83.
1724 17. 83.
1725 17. 83.
1726 17. 83.
1727 18. 82.
1728 18. 82.
1729 18. 82.
1730 19. 81.
1731 19. 81.
1732 20. 80.
1733 20. 80.
1734 20. 80.
1735 20. 80.
1736 21. 79.
1737 21. 79.
1738 21. 79.
1739 21. 79.
1740 21. 79.
1741 20. 80.
1742 20. 80.
1743 20. 80.
1744 20. 80.
1745 20. 80.
1746 20. 80.
1747 20. 80.
1748 20. 80.
1749 20. 80.
1750 20. 80.
1751 20. 80.
1752 21. 79.
1753 21. 79.
1754 20. 80.
1755 20. 80.
1756 21. 79.
1757 21. 79.
1758 21. 79.
1759 20. 80.
1760 20. 80.
1761 20. 80.
1762 20. 80.
1763 20. 80.
1764 20. 80.
1765 20. 80.
1766 20. 80.
1767 20. 80.
1768 20. 80.
1769 20. 80.
1770 20. 80.
1771 20. 80.
1772 20. 80.
1773 20. 80.
1774 20. 80.
1775 21. 79.
1776 20. 80.
1777 19. 81.
1778 19. 81.
1779 19. 81.
1780 19. 81.
1781 19. 81.
1782 19. 81.
1783 19. 81.
1784 19. 81.
1785 19. 81.
1786 19. 81.
1787 19. 81.
1788 20. 80.
1789 20. 80.
1790 19. 81.
1791 20. 80.
1792 20. 80.
1793 20. 80.
1794 20. 80.
1795 20. 80.
1796 20. 80.
1797 20. 80.
1798 20. 80.
1799 20. 80.
1800 21. 79.
1801 21. 79.
1802 21. 79.
1803 21. 79.
1804 21. 79.
1805 21. 79.
1806 21. 79.
1807 21. 79.
1808 21. 79.
1809 21. 79.
1810 20. 80.
1811 20. 80.
1812 20. 80.
1813 20. 80.
1814 20. 80.
1815 20. 80.
1816 21. 79.
1817 21. 79.
1818 21. 79.
1819 21. 79.
1820 21. 79.
1821 21. 79.
1822 20. 80.
1823 20. 80.
1824 20. 80.
1825 20. 80.
1826 20. 80.
1827 20. 80.
1828 20. 80.
1829 20. 80.
1830 20. 80.
1831 20. 80.
1832 20. 80.
1833 20. 80.
1834 20. 80.
1835 21. 79.
1836 21. 79.
1837 21. 79.
1838 21. 79.
1839 21. 79.
1840 21. 79.
1841 21. 79.
1842 21. 79.
1843 20. 80.
1844 20. 80.
1845 20. 80.
1846 20. 80.
1847 21. 79.
1848 21. 79.
1849 21. 79.
1850 21. 79.
1851 21. 79.
1852 21. 79.
1853 21. 79.
1854 20. 80.
1855 20. 80.
1856 20. 80.
1857 20. 80.
1858 20. 80.
1859 20. 80.
1860 20. 80.
1861 20. 80.
1862 20. 80.
1863 20. 80.
1864 20. 80.
1865 20. 80.
1866 20. 80.
1867 20. 80.
1868 20. 80.
1869 20. 80.
1870 20. 80.
1871 20. 80.
1872 20. 80.
1873 20. 80.
1874 20. 80.
1875 20. 80.
1876 20. 80.
1877 20. 80.
1878 20. 80.
1879 20. 80.
1880 20. 80.
1881 20. 80.
1882 20. 80.
1883 20. 80.
1884 20. 80.
1885 20. 80.
1886 20. 80.
1887 20. 80.
1888 20. 80.
1889 20. 80.
1890 20. 80.
1891 20. 80.
1892 20. 80.
1893 20. 80.
1894 20. 80.
1895 20. 80.
1896 21. 79.
1897 21. 79.
1898 20. 80.
1899 20. 80.
1900 19. 81.
1901 19. 81.
1902 19. 81.
1903 19. 81.
1904 19. 81.
1905 19. 81.
1906 19. 81.
1907 19. 81.
1908 19. 81.
1909 19. 81.
1910 19. 81.
1911 18. 82.
1912 18. 82.
1913 17. 83.
1914 18. 82.
1915 18. 82.
1916 17. 83.
1917 17. 83.
1918 17. 83.
1919 17. 83.
1920 17. 83.
1921 17. 83.
1922 17. 83.
1923 17. 83.
1924 18. 82.
1925 18. 82.
1926 18. 82.
1927 18. 82.
1928 18. 82.
1929 18. 82.
1930 18. 82.
1931 18. 82.
1932 18. 82.
1933 18. 82.
1934 18. 82.
1935 18. 82.
1936 19. 81.
1937 19. 81.
1938 19. 81.
1939 19. 81.
1940 20. 80.
1941 20. 80.
1942 19. 81.
1943 19. 81.
1944 19. 81.
1945 19. 81.
1946 19. 81.
1947 19. 81.
1948 19. 81.
1949 19. 81.
1950 20. 80.
1951 20. 80.
1952 20. 80.
1953 20. 80.
1954 20. 80.
1955 20. 80.
1956 20. 80.
1957 20. 80.
1958 20. 80.
1959 20. 80.
1960 20. 80.
1961 20. 80.
1962 20. 80.
1963 20. 80.
1964 20. 80.
1965 20. 80.
1966 20. 80.
1967 20. 80.
1968 20. 80.
1969 19. 81.
1970 19. 81.
1971 19. 81.
1972 19. 81.
1973 20. 80.
1974 20. 80.
1975 20. 80.
1976 20. 80.
1977 20. 80.
1978 20. 80.
1979 20. 80.
1980 21. 79.
1981 21. 79.
1982 21. 79.
1983 21. 79.
1984 21. 79.
1985 21. 79.
1986 21. 79.
1987 21. 79.
1988 22. 78.
1989 22. 78.
1990 22. 78.
1991 21. 79.
1992 21. 79.
1993 21. 79.
1994 21. 79.
1995 21. 79.
1996 21. 79.
1997 21. 79.
1998 21. 79.
1999 21. 79.
2000 21. 79.
2001 20. 80.
2002 19. 81.
2003 19. 81.
2004 19. 81.
2005 19. 81.
2006 19. 81.
2007 19. 81.
2008 19. 81.
2009 19. 81.
2010 19. 81.
2011 19. 81.
2012 19. 81.
2013 19. 81.
2014 19. 81.
2015 19. 81.
2016 19. 81.
2017 19. 81.
2018 19. 81.
2019 19. 81.
2020 19. 81.
2021 19. 81.
2022 19. 81.
2023 19. 81.
2024 20. 80.
2025 20. 80.
2026 20. 80.
2027 20. 80.
2028 20. 80.
2029 21. 79.
2030 21. 79.
2031 20. 80.
2032 20. 80.
2033 19. 81.
2034 19. 81.
2035 19. 81.
2036 19. 81.
2037 19. 81.
2038 19. 81.
2039 19. 81.
2040 19. 81.
2041 19. 81.
2042 19. 81.
2043 19. 81.
2044 19. 81.
2045 19. 81.
2046 19. 81.
2047 19. 81.
2048 19. 81.
2049 19. 81.
2050 19. 81.
2051 19. 81.
2052 19. 81.
2053 19. 81.
2054 18. 82.
2055 18. 82.
2056 18. 82.
2057 19. 81.
2058 20. 80.
2059 20. 80.
2060 20. 80.
2061 20. 80.
2062 20. 80.
2063 20. 80.
2064 20. 80.
2065 20. 80.
2066 20. 80.
2067 20. 80.
2068 20. 80.
2069 20. 80.
2070 20. 80.
2071 19. 81.
2072 20. 80.
2073 19. 81.
2074 20. 80.
2075 20. 80.
2076 20. 80.
2077 20. 80.
2078 20. 80.
2079 20. 80.
2080 20. 80.
2081 20. 80.
2082 20. 80.
2083 20. 80.
2084 20. 80.
2085 20. 80.
2086 20. 80.
2087 20. 80.
2088 20. 80.
2089 20. 80.
2090 21. 79.
2091 21. 79.
2092 21. 79.
2093 21. 79.
2094 21. 79.
2095 21. 79.
2096 21. 79.
2097 21. 79.
2098 21. 79.
2099 21. 79.
2100 22. 78.
2101 22. 78.
2102 22. 78.
2103 22. 78.
2104 22. 78.
2105 21. 79.
2106 21. 79.
2107 21. 79.
2108 22. 78.
2109 22. 78.
2110 22. 78.
2111 22. 78.
2112 22. 78.
2113 23. 77.
2114 23. 77.
2115 23. 77.
2116 23. 77.
2117 24. 76.
2118 24. 76.
2119 24. 76.
2120 24. 76.
2121 24. 76.
2122 24. 76.
2123 24. 76.
2124 24. 76.
2125 24. 76.
2126 24. 76.
2127 24. 76.
2128 24. 76.
2129 24. 76.
2130 24. 76.
2131 23. 77.
2132 24. 76.
2133 24. 76.
2134 23. 77.
2135 23. 77.
2136 23. 77.
2137 22. 78.
2138 21. 79.
2139 21. 79.
2140 21. 79.
2141 21. 79.
2142 21. 79.
2143 21. 79.
2144 21. 79.
2145 21. 79.
2146 21. 79.
2147 21. 79.
2148 21. 79.
2149 22. 78.
2150 22. 78.
2151 23. 77.
2152 23. 77.
2153 23. 77.
2154 23. 77.
2155 23. 77.
2156 23. 77.
2157 23. 77.
2158 23. 77.
2159 23. 77.
2160 23. 77.
2161 23. 77.
2162 23. 77.
2163 23. 77.
2164 23. 77.
2165 24. 76.
2166 24. 76.
2167 24. 76.
2168 24. 76.
2169 24. 76.
2170 24. 76.
2171 24. 76.
2172 24. 76.
2173 24. 76.
2174 24. 76.
2175 24. 76.
2176 24. 76.
2177 25. 75.
2178 25. 75.
2179 25. 75.
2180 25. 75.
2181 25. 75.
2182 25. 75.
2183 24. 76.
2184 23. 77.
2185 23. 77.
2186 22. 78.
2187 22. 78.
2188 22. 78.
2189 22. 78.
2190 22. 78.
2191 22. 78.
2192 22. 78.
2193 22. 78.
2194 22. 78.
2195 22. 78.
2196 22. 78.
2197 23. 77.
2198 23. 77.
2199 23. 77.
2200 24. 76.
2201 24. 76.
2202 24. 76.
2203 24. 76.
2204 24. 76.
2205 24. 76.
2206 24. 76.
2207 24. 76.
2208 23. 77.
2209 23. 77.
2210 23. 77.
2211 23. 77.
2212 23. 77.
2213 23. 77.
2214 23. 77.
2215 23. 77.
2216 23. 77.
2217 23. 77.
2218 23. 77.
2219 23. 77.
2220 23. 77.
2221 23. 77.
2222 23. 77.
2223 23. 77.
2224 23. 77.
2225 23. 77.
2226 22. 78.
2227 22. 78.
2228 22. 78.
2229 23. 77.
2230 23. 77.
2231 22. 78.
2232 21. 79.
2233 20. 80.
2234 20. 80.
2235 19. 81.
2236 19. 81.
2237 19. 81.
2238 19. 81.
2239 20. 80.
2240 21. 79.
2241 21. 79.
2242 21. 79.
2243 21. 79.
2244 21. 79.
2245 21. 79.
2246 21. 79.
2247 21. 79.
2248 21. 79.
2249 21. 79.
2250 21. 79.
2251 21. 79.
2252 21. 79.
2253 21. 79.
2254 21. 79.
2255 21. 79.
2256 21. 79.
2257 21. 79.
2258 21. 79.
2259 21. 79.
2260 21. 79.
2261 21. 79.
2262 21. 79.
2263 21. 79.
2264 22. 78.
2265 22. 78.
2266 22. 78.
2267 22. 78.
2268 22. 78.
2269 22. 78.
2270 21. 79.
2271 21. 79.
2272 22. 78.
2273 22. 78.
2274 22. 78.
2275 22. 78.
2276 22. 78.
2277 22. 78.
2278 22. 78.
2279 22. 78.
2280 22. 78.
2281 22. 78.
2282 22. 78.
2283 22. 78.
2284 22. 78.
2285 22. 78.
2286 21. 79.
2287 21. 79.
2288 21. 79.
2289 21. 79.
2290 21. 79.
2291 21. 79.
2292 21. 79.
2293 20. 80.
2294 20. 80.
2295 20. 80.
2296 20. 80.
2297 20. 80.
2298 20. 80.
2299 20. 80.
2300 21. 79.
2301 21. 79.
2302 21. 79.
2303 22. 78.
2304 22. 78.
2305 22. 78.
2306 22. 78.
2307 22. 78.
2308 22. 78.
2309 23. 77.
2310 24. 76.
2311 24. 76.
2312 24. 76.
2313 24. 76.
2314 24. 76.
2315 24. 76.
2316 24. 76.
2317 24. 76.
2318 24. 76.
2319 25. 75.
2320 25. 75.
2321 25. 75.
2322 25. 75.
2323 25. 75.
2324 25. 75.
2325 25. 75.
2326 25. 75.
2327 25. 75.
2328 25. 75.
2329 25. 75.
2330 25. 75.
2331 25. 75.
2332 24. 76.
2333 23. 77.
2334 23. 77.
2335 23. 77.
2336 23. 77.
2337 23. 77.
2338 23. 77.
2339 23. 77.
2340 23. 77.
2341 23. 77.
2342 23. 77.
2343 23. 77.
2344 23. 77.
2345 23. 77.
2346 23. 77.
2347 23. 77.
2348 23. 77.
2349 23. 77.
2350 23. 77.
2351 23. 77.
2352 23. 77.
2353 23. 77.
2354 23. 77.
2355 23. 77.
2356 23. 77.
2357 23. 77.
2358 23. 77.
2359 23. 77.
2360 23. 77.
2361 23. 77.
2362 23. 77.
2363 23. 77.
2364 23. 77.
2365 23. 77.
2366 23. 77.
2367 23. 77.
2368 22. 78.
2369 22. 78.
2370 22. 78.
2371 22. 78.
2372 22. 78.
2373 22. 78.
2374 22. 78.
2375 22. 78.
2376 21. 79.
2377 21. 79.
2378 21. 79.
2379 21. 79.
2380 21. 79.
2381 21. 79.
2382 21. 79.
2383 21. 79.
2384 21. 79.
2385 20. 80.
2386 20. 80.
2387 20. 80.
2388 20. 80.
2389 20. 80.
2390 20. 80.
2391 20. 80.
2392 20. 80.
2393 19. 81.
2394 19. 81.
2395 19. 81.
2396 19. 81.
2397 19. 81.
2398 19. 81.
2399 18. 82.
2400 18. 82.
2401 18. 82.
2402 18. 82.
2403 18. 82.
2404 18. 82.
2405 18. 82.
2406 18. 82.
2407 18. 82.
2408 18. 82.
2409 18. 82.
2410 18. 82.
2411 19. 81.
2412 19. 81.
2413 18. 82.
2414 18. 82.
2415 18. 82.
2416 18. 82.
2417 18. 82.
2418 18. 82.
2419 18. 82.
2420 18. 82.
2421 18. 82.
2422 17. 83.
2423 16. 84.
2424 16. 84.
2425 16. 84.
2426 16. 84.
2427 16. 84.
2428 16. 84.
2429 16. 84.
2430 16. 84.
2431 16. 84.
2432 16. 84.
2433 17. 83.
2434 17. 83.
2435 17. 83.
2436 17. 83.
2437 17. 83.
2438 18. 82.
2439 18. 82.
2440 17. 83.
2441 17. 83.
2442 17. 83.
2443 17. 83.
2444 17. 83.
2445 17. 83.
2446 17. 83.
2447 17. 83.
2448 17. 83.
2449 17. 83.
2450 17. 83.
2451 17. 83.
2452 17. 83.
2453 17. 83.
2454 17. 83.
2455 17. 83.
2456 17. 83.
2457 17. 83.
2458 16. 84.
2459 16. 84.
2460 16. 84.
2461 16. 84.
2462 16. 84.
2463 16. 84.
2464 16. 84.
2465 16. 84.
2466 16. 84.
2467 16. 84.
2468 16. 84.
2469 16. 84.
2470 15. 85.
2471 14. 86.
2472 14. 86.
2473 14. 86.
2474 14. 86.
2475 14. 86.
2476 14. 86.
2477 15. 85.
2478 15. 85.
2479 15. 85.
2480 15. 85.
2481 14. 86.
2482 14. 86.
2483 14. 86.
2484 14. 86.
2485 14. 86.
2486 14. 86.
2487 14. 86.
2488 14. 86.
2489 14. 86.
2490 14. 86.
2491 14. 86.
2492 14. 86.
2493 14. 86.
2494 14. 86.
2495 14. 86.
2496 14. 86.
2497 14. 86.
2498 14. 86.
2499 14. 86.
2500 14. 86.
2501 14. 86.
2502 14. 86.
2503 13. 87.
2504 13. 87.
2505 13. 87.
2506 12. 88.
2507 12. 88.
2508 12. 88.
2509 12. 88.
2510 12. 88.
2511 12. 88.
2512 12. 88.
2513 12. 88.
2514 12. 88.
2515 12. 88.
2516 11. 89.
2517 12. 88.
2518 12. 88.
2519 12. 88.
2520 12. 88.
2521 12. 88.
2522 12. 88.
2523 12. 88.
2524 13. 87.
2525 13. 87.
2526 13. 87.
2527 13. 87.
2528 13. 87.
2529 13. 87.
2530 13. 87.
2531 13. 87.
2532 13. 87.
2533 13. 87.
2534 13. 87.
2535 14. 86.
2536 14. 86.
2537 14. 86.
2538 14. 86.
2539 13. 87.
2540 13. 87.
2541 13. 87.
2542 13. 87.
2543 13. 87.
2544 13. 87.
2545 13. 87.
2546 13. 87.
2547 13. 87.
2548 13. 87.
2549 12. 88.
2550 12. 88.
2551 12. 88.
2552 12. 88.
2553 12. 88.
2554 12. 88.
2555 12. 88.
2556 12. 88.
2557 12. 88.
2558 12. 88.
2559 12. 88.
2560 12. 88.
2561 12. 88.
2562 12. 88.
2563 12. 88.
2564 12. 88.
2565 12. 88.
2566 11. 89.
2567 11. 89.
2568 11. 89.
2569 11. 89.
2570 11. 89.
2571 11. 89.
2572 11. 89.
2573 11. 89.
2574 11. 89.
2575 11. 89.
2576 11. 89.
2577 11. 89.
2578 11. 89.
2579 11. 89.
2580 11. 89.
2581 11. 89.
2582 11. 89.
2583 11. 89.
2584 11. 89.
2585 11. 89.
2586 11. 89.
2587 11. 89.
2588 11. 89.
2589 11. 89.
2590 11. 89.
2591 11. 89.
2592 11. 89.
2593 11. 89.
2594 12. 88.
2595 12. 88.
2596 12. 88.
2597 12. 88.
2598 12. 88.
2599 12. 88.
2600 12. 88.
2601 12. 88.
2602 12. 88.
2603 13. 87.
2604 13. 87.
2605 13. 87.
2606 13. 87.
2607 12. 88.
2608 12. 88.
2609 13. 87.
2610 13. 87.
2611 14. 86.
2612 15. 85.
2613 15. 85.
2614 15. 85.
2615 16. 84.
2616 16. 84.
2617 16. 84.
2618 17. 83.
2619 17. 83.
2620 17. 83.
2621 17. 83.
2622 17. 83.
2623 17. 83.
2624 17. 83.
2625 17. 83.
2626 17. 83.
2627 17. 83.
2628 16. 84.
2629 16. 84.
2630 16. 84.
2631 16. 84.
2632 16. 84.
2633 16. 84.
2634 16. 84.
2635 16. 84.
2636 17. 83.
2637 17. 83.
2638 17. 83.
2639 16. 84.
2640 17. 83.
2641 17. 83.
2642 17. 83.
2643 17. 83.
2644 17. 83.
2645 17. 83.
2646 17. 83.
2647 17. 83.
2648 17. 83.
2649 17. 83.
2650 17. 83.
2651 17. 83.
2652 18. 82.
2653 18. 82.
2654 18. 82.
2655 18. 82.
2656 18. 82.
2657 18. 82.
2658 18. 82.
2659 18. 82.
2660 18. 82.
2661 18. 82.
2662 17. 83.
2663 16. 84.
2664 16. 84.
2665 15. 85.
2666 15. 85.
2667 15. 85.
2668 16. 84.
2669 16. 84.
2670 16. 84.
2671 16. 84.
2672 16. 84.
2673 15. 85.
2674 15. 85.
2675 15. 85.
2676 15. 85.
2677 15. 85.
2678 15. 85.
2679 15. 85.
2680 15. 85.
2681 15. 85.
2682 15. 85.
2683 15. 85.
2684 15. 85.
2685 15. 85.
2686 14. 86.
2687 14. 86.
2688 14. 86.
2689 14. 86.
2690 14. 86.
2691 14. 86.
2692 14. 86.
2693 14. 86.
2694 14. 86.
2695 14. 86.
2696 14. 86.
2697 14. 86.
2698 15. 85.
2699 15. 85.
2700 15. 85.
2701 15. 85.
2702 14. 86.
2703 14. 86.
2704 14. 86.
2705 14. 86.
2706 14. 86.
2707 14. 86.
2708 14. 86.
2709 14. 86.
2710 14. 86.
2711 14. 86.
2712 14. 86.
2713 14. 86.
2714 14. 86.
2715 14. 86.
2716 14. 86.
2717 15. 85.
2718 15. 85.
2719 15. 85.
2720 15. 85.
2721 15. 85.
2722 15. 85.
2723 15. 85.
2724 14. 86.
2725 14. 86.
2726 14. 86.
2727 14. 86.
2728 14. 86.
2729 14. 86.
2730 14. 86.
2731 14. 86.
2732 14. 86.
2733 14. 86.
2734 14. 86.
2735 14. 86.
2736 15. 85.
2737 15. 85.
2738 15. 85.
2739 15. 85.
2740 15. 85.
2741 15. 85.
2742 15. 85.
2743 15. 85.
2744 15. 85.
2745 15. 85.
2746 15. 85.
2747 16. 84.
2748 16. 84.
2749 16. 84.
2750 16. 84.
2751 16. 84.
2752 16. 84.
2753 16. 84.
2754 16. 84.
2755 16. 84.
2756 16. 84.
2757 15. 85.
2758 15. 85.
2759 15. 85.
2760 15. 85.
2761 15. 85.
2762 15. 85.
2763 15. 85.
2764 15. 85.
2765 15. 85.
2766 15. 85.
2767 15. 85.
2768 15. 85.
2769 15. 85.
2770 15. 85.
2771 15. 85.
2772 15. 85.
2773 15. 85.
2774 15. 85.
2775 15. 85.
2776 15. 85.
2777 14. 86.
2778 14. 86.
2779 14. 86.
2780 14. 86.
2781 14. 86.
2782 14. 86.
2783 15. 85.
2784 15. 85.
2785 15. 85.
2786 15. 85.
2787 15. 85.
2788 15. 85.
2789 15. 85.
2790 16. 84.
2791 16. 84.
2792 16. 84.
2793 16. 84.
2794 16. 84.
2795 15. 85.
2796 15. 85.
2797 14. 86.
2798 14. 86.
2799 14. 86.
2800 14. 86.
2801 15. 85.
2802 15. 85.
2803 15. 85.
2804 15. 85.
2805 15. 85.
2806 15. 85.
2807 15. 85.
2808 15. 85.
2809 15. 85.
2810 15. 85.
2811 15. 85.
2812 15. 85.
2813 15. 85.
2814 15. 85.
2815 15. 85.
2816 15. 85.
2817 15. 85.
2818 15. 85.
2819 15. 85.
2820 15. 85.
2821 14. 86.
2822 14. 86.
2823 14. 86.
2824 14. 86.
2825 14. 86.
2826 14. 86.
2827 14. 86.
2828 14. 86.
2829 14. 86.
2830 13. 87.
2831 13. 87.
2832 13. 87.
2833 13. 87.
2834 13. 87.
2835 13. 87.
2836 13. 87.
2837 13. 87.
2838 13. 87.
2839 13. 87.
2840 14. 86.
2841 14. 86.
2842 14. 86.
2843 14. 86.
2844 15. 85.
2845 15. 85.
2846 15. 85.
2847 15. 85.
2848 15. 85.
2849 15. 85.
2850 15. 85.
2851 15. 85.
2852 15. 85.
2853 14. 86.
2854 14. 86.
2855 14. 86.
2856 14. 86.
2857 14. 86.
2858 14. 86.
2859 14. 86.
2860 14. 86.
2861 14. 86.
2862 14. 86.
2863 14. 86.
2864 14. 86.
2865 14. 86.
2866 14. 86.
2867 15. 85.
2868 15. 85.
2869 15. 85.
2870 15. 85.
2871 15. 85.
2872 15. 85.
2873 15. 85.
2874 15. 85.
2875 15. 85.
2876 15. 85.
2877 15. 85.
2878 15. 85.
2879 15. 85.
2880 15. 85.
2881 15. 85.
2882 15. 85.
2883 15. 85.
2884 15. 85.
2885 16. 84.
2886 16. 84.
2887 16. 84.
2888 16. 84.
2889 16. 84.
2890 16. 84.
2891 16. 84.
2892 17. 83.
2893 17. 83.
2894 17. 83.
2895 16. 84.
2896 16. 84.
2897 15. 85.
2898 15. 85.
2899 15. 85.
2900 15. 85.
2901 15. 85.
2902 15. 85.
2903 15. 85.
2904 15. 85.
2905 15. 85.
2906 15. 85.
2907 15. 85.
2908 15. 85.
2909 15. 85.
2910 15. 85.
2911 15. 85.
2912 15. 85.
2913 15. 85.
2914 15. 85.
2915 15. 85.
2916 15. 85.
2917 15. 85.
2918 15. 85.
2919 15. 85.
2920 15. 85.
2921 15. 85.
2922 15. 85.
2923 15. 85.
2924 15. 85.
2925 15. 85.
2926 15. 85.
2927 15. 85.
2928 15. 85.
2929 15. 85.
2930 15. 85.
2931 15. 85.
2932 15. 85.
2933 15. 85.
2934 15. 85.
2935 15. 85.
2936 15. 85.
2937 15. 85.
2938 15. 85.
2939 15. 85.
2940 15. 85.
2941 16. 84.
2942 15. 85.
2943 15. 85.
2944 15. 85.
2945 15. 85.
2946 15. 85.
2947 15. 85.
2948 15. 85.
2949 15. 85.
2950 15. 85.
2951 15. 85.
2952 15. 85.
2953 15. 85.
2954 15. 85.
2955 15. 85.
2956 15. 85.
2957 15. 85.
2958 16. 84.
2959 16. 84.
2960 16. 84.
2961 16. 84.
2962 16. 84.
2963 16. 84.
2964 16. 84.
2965 16. 84.
2966 16. 84.
2967 16. 84.
2968 16. 84.
2969 16. 84.
2970 16. 84.
2971 16. 84.
2972 16. 84.
2973 16. 84.
2974 15. 85.
2975 15. 85.
2976 15. 85.
2977 15. 85.
2978 15. 85.
2979 15. 85.
2980 15. 85.
2981 15. 85.
2982 15. 85.
2983 15. 85.
2984 15. 85.
2985 15. 85.
2986 14. 86.
2987 14. 86.
2988 14. 86.
2989 14. 86.
2990 14. 86.
2991 14. 86.
2992 14. 86.
2993 15. 85.
2994 16. 84.
2995 17. 83.
2996 17. 83.
2997 16. 84.
2998 16. 84.
2999 16. 84.
3000 16. 84.
3001 16. 84.
3002 16. 84.
3003 16. 84.
3004 16. 84.
3005 16. 84.
3006 16. 84.
3007 16. 84.
3008 16. 84.
3009 16. 84.
3010 16. 84.
3011 16. 84.
3012 16. 84.
3013 17. 83.
3014 17. 83.
3015 17. 83.
3016 17. 83.
3017 17. 83.
3018 17. 83.
3019 17. 83.
3020 17. 83.
3021 18. 82.
3022 19. 81.
3023 19. 81.
3024 19. 81.
3025 19. 81.
3026 19. 81.
3027 19. 81.
3028 19. 81.
3029 19. 81.
3030 19. 81.
3031 19. 81.
3032 19. 81.
3033 19. 81.
3034 19. 81.
3035 19. 81.
3036 19. 81.
3037 19. 81.
3038 18. 82.
3039 18. 82.
3040 18. 82.
3041 18. 82.
3042 18. 82.
3043 18. 82.
3044 19. 81.
3045 19. 81.
3046 19. 81.
3047 19. 81.
3048 19. 81.
3049 19. 81.
3050 19. 81.
3051 19. 81.
3052 19. 81.
3053 19. 81.
3054 19. 81.
3055 20. 80.
3056 20. 80.
3057 21. 79.
3058 21. 79.
3059 21. 79.
3060 21. 79.
3061 21. 79.
3062 21. 79.
3063 22. 78.
3064 21. 79.
3065 20. 80.
3066 20. 80.
3067 20. 80.
3068 20. 80.
3069 20. 80.
3070 20. 80.
3071 20. 80.
3072 20. 80.
3073 20. 80.
3074 19. 81.
3075 19. 81.
3076 19. 81.
3077 19. 81.
3078 19. 81.
3079 18. 82.
3080 19. 81.
3081 19. 81.
3082 19. 81.
3083 18. 82.
3084 18. 82.
3085 18. 82.
3086 17. 83.
3087 17. 83.
3088 17. 83.
3089 17. 83.
3090 17. 83.
3091 17. 83.
3092 17. 83.
3093 17. 83.
3094 17. 83.
3095 17. 83.
3096 17. 83.
3097 17. 83.
3098 17. 83.
3099 16. 84.
3100 16. 84.
3101 16. 84.
3102 16. 84.
3103 16. 84.
3104 16. 84.
3105 15. 85.
3106 15. 85.
3107 15. 85.
3108 15. 85.
3109 15. 85.
3110 15. 85.
3111 15. 85.
3112 15. 85.
3113 15. 85.
3114 15. 85.
3115 15. 85.
3116 15. 85.
3117 15. 85.
3118 15. 85.
3119 15. 85.
3120 15. 85.
3121 15. 85.
3122 15. 85.
3123 15. 85.
3124 15. 85.
3125 15. 85.
3126 16. 84.
3127 16. 84.
3128 16. 84.
3129 16. 84.
3130 16. 84.
3131 15. 85.
3132 15. 85.
3133 15. 85.
3134 15. 85.
3135 15. 85.
3136 16. 84.
3137 16. 84.
3138 16. 84.
3139 16. 84.
3140 16. 84.
3141 16. 84.
3142 16. 84.
3143 16. 84.
3144 17. 83.
3145 17. 83.
3146 17. 83.
3147 17. 83.
3148 16. 84.
3149 16. 84.
3150 15. 85.
3151 15. 85.
3152 15. 85.
3153 14. 86.
3154 14. 86.
3155 14. 86.
3156 15. 85.
3157 15. 85.
3158 15. 85.
3159 16. 84.
3160 16. 84.
3161 15. 85.
3162 15. 85.
3163 15. 85.
3164 15. 85.
3165 14. 86.
3166 14. 86.
3167 14. 86.
3168 14. 86.
3169 14. 86.
3170 14. 86.
3171 14. 86.
3172 14. 86.
3173 15. 85.
3174 15. 85.
3175 15. 85.
3176 14. 86.
3177 15. 85.
3178 14. 86.
3179 14. 86.
3180 14. 86.
3181 14. 86.
3182 14. 86.
3183 13. 87.
3184 13. 87.
3185 12. 88.
3186 12. 88.
3187 12. 88.
3188 12. 88.
3189 12. 88.
3190 12. 88.
3191 12. 88.
3192 12. 88.
3193 12. 88.
3194 12. 88.
3195 12. 88.
3196 12. 88.
3197 12. 88.
3198 12. 88.
3199 12. 88.
3200 12. 88.
3201 12. 88.
3202 12. 88.
3203 12. 88.
3204 12. 88.
3205 12. 88.
3206 12. 88.
3207 12. 88.
3208 13. 87.
3209 13. 87.
3210 13. 87.
3211 13. 87.
3212 13. 87.
3213 14. 86.
3214 14. 86.
3215 14. 86.
3216 14. 86.
3217 14. 86.
3218 14. 86.
3219 14. 86.
3220 14. 86.
3221 14. 86.
3222 14. 86.
3223 14. 86.
3224 14. 86.
3225 14. 86.
3226 14. 86.
3227 14. 86.
3228 14. 86.
3229 14. 86.
3230 14. 86.
3231 14. 86.
3232 14. 86.
3233 14. 86.
3234 14. 86.
3235 14. 86.
3236 14. 86.
3237 14. 86.
3238 13. 87.
3239 13. 87.
3240 13. 87.
3241 13. 87.
3242 13. 87.
3243 13. 87.
3244 13. 87.
3245 13. 87.
3246 13. 87.
3247 13. 87.
3248 13. 87.
3249 13. 87.
3250 13. 87.
3251 13. 87.
3252 14. 86.
3253 14. 86.
3254 14. 86.
3255 14. 86.
3256 14. 86.
3257 14. 86.
3258 14. 86.
3259 14. 86.
3260 14. 86.
3261 14. 86.
3262 14. 86.
3263 14. 86.
3264 14. 86.
3265 14. 86.
3266 14. 86.
3267 14. 86.
3268 14. 86.
3269 14. 86.
3270 14. 86.
3271 14. 86.
3272 14. 86.
3273 14. 86.
3274 14. 86.
3275 14. 86.
3276 14. 86.
3277 14. 86.
3278 14. 86.
3279 15. 85.
3280 15. 85.
3281 15. 85.
3282 15. 85.
3283 15. 85.
3284 15. 85.
3285 15. 85.
3286 15. 85.
3287 15. 85.
3288 14. 86.
3289 14. 86.
3290 14. 86.
3291 14. 86.
3292 14. 86.
3293 14. 86.
3294 13. 87.
3295 13. 87.
3296 12. 88.
3297 12. 88.
3298 11. 89.
3299 11. 89.
3300 11. 89.
3301 11. 89.
3302 12. 88.
3303 12. 88.
3304 12. 88.
3305 12. 88.
3306 12. 88.
3307 12. 88.
3308 12. 88.
3309 12. 88.
3310 13. 87.
3311 13. 87.
3312 13. 87.
3313 13. 87.
3314 13. 87.
3315 13. 87.
3316 13. 87.
3317 13. 87.
3318 13. 87.
3319 13. 87.
3320 13. 87.
3321 13. 87.
3322 13. 87.
3323 13. 87.
3324 13. 87.
3325 13. 87.
3326 13. 87.
3327 13. 87.
3328 13. 87.
3329 13. 87.
3330 13. 87.
3331 13. 87.
3332 13. 87.
3333 13. 87.
3334 13. 87.
3335 13. 87.
3336 13. 87.
3337 13. 87.
3338 12. 88.
3339 12. 88.
3340 12. 88.
3341 12. 88.
3342 12. 88.
3343 12. 88.
3344 12. 88.
3345 12. 88.
3346 12. 88.
3347 12. 88.
3348 12. 88.
3349 12. 88.
3350 12. 88.
3351 12. 88.
3352 12. 88.
3353 12. 88.
3354 12. 88.
3355 12. 88.
3356 12. 88.
3357 12. 88.
3358 12. 88.
3359 12. 88.
3360 12. 88.
3361 11. 89.
3362 11. 89.
3363 11. 89.
3364 11. 89.
3365 11. 89.
3366 11. 89.
3367 12. 88.
3368 12. 88.
3369 12. 88.
3370 12. 88.
3371 12. 88.
3372 12. 88.
3373 12. 88.
3374 12. 88.
3375 12. 88.
3376 12. 88.
3377 12. 88.
3378 12. 88.
3379 12. 88.
3380 12. 88.
3381 12. 88.
3382 12. 88.
3383 11. 89.
3384 11. 89.
3385 11. 89.
3386 11. 89.
3387 10. 90.
3388 10. 90.
3389 10. 90.
3390 10. 90.
3391 10. 90.
3392 10. 90.
3393 10. 90.
3394 11. 89.
3395 11. 89.
3396 11. 89.
3397 10. 90.
3398 10. 90.
3399 10. 90.
3400 10. 90.
3401 10. 90.
3402 10. 90.
3403 10. 90.
3404 10. 90.
3405 10. 90.
3406 10. 90.
3407 10. 90.
3408 10. 90.
3409 10. 90.
3410 11. 89.
3411 11. 89.
3412 10. 90.
3413 10. 90.
3414 9. 91.
3415 9. 91.
3416 9. 91.
3417 9. 91.
3418 10. 90.
3419 10. 90.
3420 10. 90.
3421 10. 90.
3422 10. 90.
3423 11. 89.
3424 11. 89.
3425 11. 89.
3426 12. 88.
3427 12. 88.
3428 12. 88.
3429 12. 88.
3430 12. 88.
3431 12. 88.
3432 12. 88.
3433 12. 88.
3434 12. 88.
3435 13. 87.
3436 13. 87.
3437 13. 87.
3438 14. 86.
3439 14. 86.
3440 14. 86.
3441 14. 86.
3442 14. 86.
3443 14. 86.
3444 14. 86.
3445 13. 87.
3446 13. 87.
3447 13. 87.
3448 13. 87.
3449 13. 87.
3450 13. 87.
3451 13. 87.
3452 13. 87.
3453 13. 87.
3454 12. 88.
3455 12. 88.
3456 12. 88.
3457 13. 87.
3458 13. 87.
3459 13. 87.
3460 13. 87.
3461 13. 87.
3462 13. 87.
3463 13. 87.
3464 13. 87.
3465 13. 87.
3466 13. 87.
3467 13. 87.
3468 14. 86.
3469 14. 86.
3470 15. 85.
3471 14. 86.
3472 14. 86.
3473 14. 86.
3474 14. 86.
3475 14. 86.
3476 13. 87.
3477 14. 86.
3478 14. 86.
3479 14. 86.
3480 14. 86.
3481 14. 86.
3482 13. 87.
3483 13. 87.
3484 14. 86.
3485 14. 86.
3486 14. 86.
3487 14. 86.
3488 14. 86.
3489 14. 86.
3490 14. 86.
3491 14. 86.
3492 14. 86.
3493 14. 86.
3494 14. 86.
3495 14. 86.
3496 14. 86.
3497 14. 86.
3498 14. 86.
3499 15. 85.
3500 15. 85.
3501 15. 85.
3502 15. 85.
3503 15. 85.
3504 15. 85.
3505 15. 85.
3506 15. 85.
3507 15. 85.
3508 15. 85.
3509 15. 85.
3510 15. 85.
3511 15. 85.
3512 14. 86.
3513 14. 86.
3514 14. 86.
3515 14. 86.
3516 14. 86.
3517 14. 86.
3518 15. 85.
3519 15. 85.
3520 15. 85.
3521 15. 85.
3522 15. 85.
3523 15. 85.
3524 14. 86.
3525 14. 86.
3526 14. 86.
3527 14. 86.
3528 14. 86.
3529 14. 86.
3530 14. 86.
3531 14. 86.
3532 14. 86.
3533 14. 86.
3534 14. 86.
3535 14. 86.
3536 13. 87.
3537 12. 88.
3538 11. 89.
3539 11. 89.
3540 11. 89.
3541 12. 88.
3542 12. 88.
3543 12. 88.
3544 12. 88.
3545 12. 88.
3546 13. 87.
3547 13. 87.
3548 13. 87.
3549 13. 87.
3550 13. 87.
3551 13. 87.
3552 13. 87.
3553 13. 87.
3554 13. 87.
3555 13. 87.
3556 13. 87.
3557 13. 87.
3558 13. 87.
3559 13. 87.
3560 13. 87.
3561 13. 87.
3562 13. 87.
3563 13. 87.
3564 13. 87.
3565 13. 87.
3566 13. 87.
3567 13. 87.
3568 13. 87.
3569 13. 87.
3570 13. 87.
3571 14. 86.
3572 14. 86.
3573 14. 86.
3574 14. 86.
3575 14. 86.
3576 14. 86.
3577 14. 86.
3578 14. 86.
3579 14. 86.
3580 14. 86.
3581 14. 86.
3582 15. 85.
3583 15. 85.
3584 15. 85.
3585 15. 85.
3586 15. 85.
3587 15. 85.
3588 15. 85.
3589 15. 85.
3590 15. 85.
3591 15. 85.
3592 15. 85.
3593 15. 85.
3594 15. 85.
3595 15. 85.
3596 15. 85.
3597 15. 85.
3598 15. 85.
3599 14. 86.
3600 14. 86.
3601 14. 86.
3602 14. 86.
3603 14. 86.
3604 14. 86.
3605 14. 86.
3606 14. 86.
3607 14. 86.
3608 14. 86.
3609 14. 86.
3610 14. 86.
3611 14. 86.
3612 14. 86.
3613 14. 86.
3614 14. 86.
3615 14. 86.
3616 14. 86.
3617 14. 86.
3618 14. 86.
3619 14. 86.
3620 14. 86.
3621 14. 86.
3622 14. 86.
3623 14. 86.
3624 14. 86.
3625 14. 86.
3626 14. 86.
3627 14. 86.
3628 14. 86.
3629 13. 87.
3630 13. 87.
3631 13. 87.
3632 13. 87.
3633 13. 87.
3634 12. 88.
3635 13. 87.
3636 13. 87.
3637 13. 87.
3638 13. 87.
3639 13. 87.
3640 12. 88.
3641 12. 88.
3642 12. 88.
3643 12. 88.
3644 12. 88.
3645 12. 88.
3646 12. 88.
3647 12. 88.
3648 12. 88.
3649 12. 88.
3650 13. 87.
3651 12. 88.
3652 12. 88.
3653 12. 88.
3654 12. 88.
3655 12. 88.
3656 12. 88.
3657 12. 88.
3658 12. 88.
3659 12. 88.
3660 12. 88.
3661 12. 88.
3662 12. 88.
3663 12. 88.
3664 12. 88.
3665 12. 88.
3666 12. 88.
3667 12. 88.
3668 13. 87.
3669 14. 86.
3670 14. 86.
3671 14. 86.
3672 14. 86.
3673 14. 86.
3674 14. 86.
3675 14. 86.
3676 14. 86.
3677 14. 86.
3678 14. 86.
3679 14. 86.
3680 14. 86.
3681 14. 86.
3682 14. 86.
3683 14. 86.
3684 15. 85.
3685 15. 85.
3686 15. 85.
3687 15. 85.
3688 15. 85.
3689 15. 85.
3690 15. 85.
3691 16. 84.
3692 16. 84.
3693 16. 84.
3694 16. 84.
3695 16. 84.
3696 16. 84.
3697 16. 84.
3698 16. 84.
3699 16. 84.
3700 16. 84.
3701 16. 84.
3702 16. 84.
3703 16. 84.
3704 16. 84.
3705 16. 84.
3706 16. 84.
3707 16. 84.
3708 16. 84.
3709 17. 83.
3710 17. 83.
3711 17. 83.
3712 17. 83.
3713 17. 83.
3714 17. 83.
3715 17. 83.
3716 16. 84.
3717 16. 84.
3718 16. 84.
3719 17. 83.
3720 17. 83.
3721 17. 83.
3722 17. 83.
3723 17. 83.
3724 16. 84.
3725 16. 84.
3726 16. 84.
3727 15. 85.
3728 15. 85.
3729 15. 85.
3730 15. 85.
3731 15. 85.
3732 15. 85.
3733 15. 85.
3734 15. 85.
3735 15. 85.
3736 15. 85.
3737 15. 85.
3738 15. 85.
3739 15. 85.
3740 15. 85.
3741 15. 85.
3742 15. 85.
3743 15. 85.
3744 15. 85.
3745 15. 85.
3746 15. 85.
3747 15. 85.
3748 15. 85.
3749 15. 85.
3750 15. 85.
3751 15. 85.
3752 15. 85.
3753 15. 85.
3754 15. 85.
3755 15. 85.
3756 15. 85.
3757 15. 85.
3758 15. 85.
3759 15. 85.
3760 15. 85.
3761 15. 85.
3762 15. 85.
3763 15. 85.
3764 15. 85.
3765 15. 85.
3766 15. 85.
3767 15. 85.
3768 15. 85.
3769 15. 85.
3770 15. 85.
3771 16. 84.
3772 16. 84.
3773 16. 84.
3774 16. 84.
3775 16. 84.
3776 16. 84.
3777 16. 84.
3778 16. 84.
3779 16. 84.
3780 15. 85.
3781 15. 85.
3782 15. 85.
3783 14. 86.
3784 14. 86.
3785 14. 86.
3786 14. 86.
3787 14. 86.
3788 14. 86.
3789 14. 86.
3790 14. 86.
3791 14. 86.
3792 14. 86.
3793 14. 86.
3794 14. 86.
3795 14. 86.
3796 14. 86.
3797 13. 87.
3798 13. 87.
3799 13. 87.
3800 13. 87.
3801 13. 87.
3802 13. 87.
3803 13. 87.
3804 13. 87.
3805 13. 87.
3806 13. 87.
3807 14. 86.
3808 14. 86.
3809 14. 86.
3810 14. 86.
3811 14. 86.
3812 14. 86.
3813 14. 86.
3814 14. 86.
3815 14. 86.
3816 14. 86.
3817 14. 86.
3818 14. 86.
3819 14. 86.
3820 14. 86.
3821 13. 87.
3822 13. 87.
3823 13. 87.
3824 13. 87.
3825 13. 87.
3826 13. 87.
3827 14. 86.
3828 14. 86.
3829 14. 86.
3830 14. 86.
3831 14. 86.
3832 14. 86.
3833 14. 86.
3834 14. 86.
3835 14. 86.
3836 14. 86.
3837 14. 86.
3838 14. 86.
3839 15. 85.
3840 15. 85.
3841 15. 85.
3842 15. 85.
3843 15. 85.
3844 15. 85.
3845 15. 85.
3846 15. 85.
3847 15. 85.
3848 15. 85.
3849 15. 85.
3850 15. 85.
3851 15. 85.
3852 15. 85.
3853 15. 85.
3854 15. 85.
3855 15. 85.
3856 15. 85.
3857 15. 85.
3858 15. 85.
3859 15. 85.
3860 15. 85.
3861 15. 85.
3862 15. 85.
3863 15. 85.
3864 15. 85.
3865 15. 85.
3866 15. 85.
3867 15. 85.
3868 15. 85.
3869 15. 85.
3870 15. 85.
3871 15. 85.
3872 15. 85.
3873 15. 85.
3874 15. 85.
3875 15. 85.
3876 15. 85.
3877 15. 85.
3878 15. 85.
3879 15. 85.
3880 15. 85.
3881 15. 85.
3882 15. 85.
3883 14. 86.
3884 13. 87.
3885 13. 87.
3886 12. 88.
3887 11. 89.
3888 11. 89.
3889 11. 89.
3890 11. 89.
3891 11. 89.
3892 11. 89.
3893 11. 89.
3894 12. 88.
3895 12. 88.
3896 12. 88.
3897 12. 88.
3898 12. 88.
3899 12. 88.
3900 11. 89.
3901 11. 89.
3902 11. 89.
3903 11. 89.
3904 10. 90.
3905 10. 90.
3906 10. 90.
3907 10. 90.
3908 10. 90.
3909 10. 90.
3910 10. 90.
3911 10. 90.
3912 10. 90.
3913 10. 90.
3914 10. 90.
3915 10. 90.
3916 10. 90.
3917 10. 90.
3918 10. 90.
3919 10. 90.
3920 10. 90.
3921 10. 90.
3922 10. 90.
3923 10. 90.
3924 10. 90.
3925 10. 90.
3926 10. 90.
3927 10. 90.
3928 10. 90.
3929 10. 90.
3930 10. 90.
3931 10. 90.
3932 10. 90.
3933 10. 90.
3934 10. 90.
3935 10. 90.
3936 10. 90.
3937 10. 90.
3938 10. 90.
3939 10. 90.
3940 10. 90.
3941 10. 90.
3942 10. 90.
3943 10. 90.
3944 10. 90.
3945 10. 90.
3946 10. 90.
3947 10. 90.
3948 10. 90.
3949 10. 90.
3950 10. 90.
3951 10. 90.
3952 10. 90.
3953 10. 90.
3954 10. 90.
3955 10. 90.
3956 10. 90.
3957 10. 90.
3958 10. 90.
3959 10. 90.
3960 10. 90.
3961 10. 90.
3962 10. 90.
3963 10. 90.
3964 10. 90.
3965 10. 90.
3966 11. 89.
3967 11. 89.
3968 11. 89.
3969 11. 89.
3970 11. 89.
3971 11. 89.
3972 11. 89.
3973 11. 89.
3974 11. 89.
3975 11. 89.
3976 11. 89.
3977 11. 89.
3978 11. 89.
3979 11. 89.
3980 11. 89.
3981 11. 89.
3982 11. 89.
3983 11. 89.
3984 11. 89.
3985 11. 89.
3986 11. 89.
3987 11. 89.
3988 11. 89.
3989 12. 88.
3990 12. 88.
3991 12. 88.
3992 12. 88.
3993 12. 88.
3994 12. 88.
3995 12. 88.
3996 12. 88.
3997 12. 88.
3998 12. 88.
3999 13. 87.
4000 13. 87.
4001 13. 87.
4002 13. 87.
4003 13. 87.
4004 13. 87.
4005 13. 87.
4006 13. 87.
4007 13. 87.
4008 13. 87.
4009 13. 87.
4010 13. 87.
4011 13. 87.
4012 13. 87.
4013 13. 87.
4014 13. 87.
4015 13. 87.
4016 13. 87.
4017 14. 86.
4018 14. 86.
4019 14. 86.
4020 14. 86.
4021 14. 86.
4022 15. 85.
4023 14. 86.
4024 14. 86.
4025 14. 86.
4026 14. 86.
4027 14. 86.
4028 14. 86.
4029 14. 86.
4030 14. 86.
4031 14. 86.
4032 14. 86.
4033 14. 86.
4034 14. 86.
4035 14. 86.
4036 14. 86.
4037 14. 86.
4038 14. 86.
4039 14. 86.
4040 14. 86.
4041 13. 87.
4042 13. 87.
4043 13. 87.
4044 13. 87.
4045 13. 87.
4046 14. 86.
4047 14. 86.
4048 14. 86.
4049 14. 86.
4050 14. 86.
4051 14. 86.
4052 13. 87.
4053 13. 87.
4054 13. 87.
4055 13. 87.
4056 13. 87.
4057 13. 87.
4058 13. 87.
4059 13. 87.
4060 13. 87.
4061 13. 87.
4062 13. 87.
4063 12. 88.
4064 12. 88.
4065 12. 88.
4066 12. 88.
4067 11. 89.
4068 11. 89.
4069 11. 89.
4070 11. 89.
4071 11. 89.
4072 11. 89.
4073 11. 89.
4074 12. 88.
4075 13. 87.
4076 13. 87.
4077 13. 87.
4078 13. 87.
4079 13. 87.
4080 13. 87.
4081 13. 87.
4082 13. 87.
4083 13. 87.
4084 14. 86.
4085 14. 86.
4086 14. 86.
4087 14. 86.
4088 14. 86.
4089 14. 86.
4090 14. 86.
4091 14. 86.
4092 15. 85.
4093 15. 85.
4094 15. 85.
4095 15. 85.
4096 15. 85.
4097 15. 85.
4098 16. 84.
4099 16. 84.
4100 16. 84.
4101 16. 84.
4102 16. 84.
4103 16. 84.
4104 16. 84.
4105 16. 84.
4106 16. 84.
4107 16. 84.
4108 16. 84.
4109 16. 84.
4110 16. 84.
4111 16. 84.
4112 16. 84.
4113 16. 84.
4114 16. 84.
4115 16. 84.
4116 16. 84.
4117 16. 84.
4118 16. 84.
4119 16. 84.
4120 16. 84.
4121 15. 85.
4122 15. 85.
4123 15. 85.
4124 15. 85.
4125 15. 85.
4126 15. 85.
4127 15. 85.
4128 15. 85.
4129 15. 85.
4130 15. 85.
4131 15. 85.
4132 15. 85.
4133 15. 85.
4134 14. 86.
4135 14. 86.
4136 14. 86.
4137 14. 86.
4138 14. 86.
4139 14. 86.
4140 14. 86.
4141 14. 86.
4142 14. 86.
4143 14. 86.
4144 14. 86.
4145 14. 86.
4146 14. 86.
4147 14. 86.
4148 14. 86.
4149 14. 86.
4150 14. 86.
4151 14. 86.
4152 14. 86.
4153 14. 86.
4154 15. 85.
4155 15. 85.
4156 15. 85.
4157 15. 85.
4158 15. 85.
4159 15. 85.
4160 15. 85.
4161 16. 84.
4162 16. 84.
4163 16. 84.
4164 16. 84.
4165 16. 84.
4166 16. 84.
4167 16. 84.
4168 16. 84.
4169 16. 84.
4170 16. 84.
4171 16. 84.
4172 16. 84.
4173 16. 84.
4174 16. 84.
4175 16. 84.
4176 16. 84.
4177 16. 84.
4178 16. 84.
4179 16. 84.
4180 16. 84.
4181 16. 84.
4182 16. 84.
4183 16. 84.
4184 16. 84.
4185 16. 84.
4186 16. 84.
4187 16. 84.
4188 16. 84.
4189 16. 84.
4190 16. 84.
4191 16. 84.
4192 16. 84.
4193 16. 84.
4194 16. 84.
4195 16. 84.
4196 16. 84.
4197 16. 84.
4198 16. 84.
4199 16. 84.
4200 16. 84.
4201 16. 84.
4202 17. 83.
4203 16. 84.
4204 16. 84.
4205 15. 85.
4206 15. 85.
4207 15. 85.
4208 14. 86.
4209 14. 86.
4210 14. 86.
4211 14. 86.
4212 15. 85.
4213 15. 85.
4214 15. 85.
4215 15. 85.
4216 14. 86.
4217 14. 86.
4218 14. 86.
4219 14. 86.
4220 14. 86.
4221 14. 86.
4222 14. 86.
4223 14. 86.
4224 14. 86.
4225 14. 86.
4226 14. 86.
4227 14. 86.
4228 14. 86.
4229 14. 86.
4230 14. 86.
4231 14. 86.
4232 14. 86.
4233 14. 86.
4234 14. 86.
4235 14. 86.
4236 14. 86.
4237 14. 86.
4238 14. 86.
4239 14. 86.
4240 13. 87.
4241 13. 87.
4242 13. 87.
4243 13. 87.
4244 12. 88.
4245 12. 88.
4246 12. 88.
4247 12. 88.
4248 12. 88.
4249 12. 88.
4250 12. 88.
4251 12. 88.
4252 12. 88.
4253 12. 88.
4254 12. 88.
4255 12. 88.
4256 12. 88.
4257 12. 88.
4258 11. 89.
4259 11. 89.
4260 11. 89.
4261 11. 89.
4262 11. 89.
4263 11. 89.
4264 11. 89.
4265 11. 89.
4266 11. 89.
4267 11. 89.
4268 11. 89.
4269 11. 89.
4270 11. 89.
4271 11. 89.
4272 11. 89.
4273 11. 89.
4274 11. 89.
4275 11. 89.
4276 11. 89.
4277 11. 89.
4278 11. 89.
4279 10. 90.
4280 10. 90.
4281 10. 90.
4282 10. 90.
4283 10. 90.
4284 10. 90.
4285 9. 91.
4286 9. 91.
4287 9. 91.
4288 9. 91.
4289 9. 91.
4290 9. 91.
4291 9. 91.
4292 9. 91.
4293 9. 91.
4294 9. 91.
4295 9. 91.
4296 10. 90.
4297 10. 90.
4298 10. 90.
4299 10. 90.
4300 10. 90.
4301 10. 90.
4302 10. 90.
4303 10. 90.
4304 10. 90.
4305 9. 91.
4306 9. 91.
4307 9. 91.
4308 9. 91.
4309 9. 91.
4310 9. 91.
4311 9. 91.
4312 9. 91.
4313 9. 91.
4314 9. 91.
4315 9. 91.
4316 9. 91.
4317 9. 91.
4318 9. 91.
4319 9. 91.
4320 9. 91.
4321 9. 91.
4322 9. 91.
4323 9. 91.
4324 9. 91.
4325 9. 91.
4326 9. 91.
4327 9. 91.
4328 9. 91.
4329 9. 91.
4330 9. 91.
4331 8. 92.
4332 8. 92.
4333 8. 92.
4334 9. 91.
4335 9. 91.
4336 9. 91.
4337 9. 91.
4338 9. 91.
4339 9. 91.
4340 8. 92.
4341 8. 92.
4342 8. 92.
4343 8. 92.
4344 8. 92.
4345 8. 92.
4346 8. 92.
4347 8. 92.
4348 8. 92.
4349 8. 92.
4350 8. 92.
4351 8. 92.
4352 8. 92.
4353 8. 92.
4354 9. 91.
4355 9. 91.
4356 9. 91.
4357 9. 91.
4358 9. 91.
4359 9. 91.
4360 9. 91.
4361 9. 91.
4362 10. 90.
4363 10. 90.
4364 11. 89.
4365 11. 89.
4366 11. 89.
4367 11. 89.
4368 11. 89.
4369 11. 89.
4370 11. 89.
4371 11. 89.
4372 11. 89.
4373 11. 89.
4374 11. 89.
4375 11. 89.
4376 11. 89.
4377 10. 90.
4378 10. 90.
4379 10. 90.
4380 10. 90.
4381 10. 90.
4382 10. 90.
4383 10. 90.
4384 10. 90.
4385 10. 90.
4386 9. 91.
4387 9. 91.
4388 8. 92.
4389 8. 92.
4390 8. 92.
4391 8. 92.
4392 9. 91.
4393 9. 91.
4394 9. 91.
4395 9. 91.
4396 9. 91.
4397 9. 91.
4398 9. 91.
4399 9. 91.
4400 9. 91.
4401 9. 91.
4402 9. 91.
4403 10. 90.
4404 10. 90.
4405 10. 90.
4406 10. 90.
4407 10. 90.
4408 10. 90.
4409 10. 90.
4410 10. 90.
4411 11. 89.
4412 11. 89.
4413 10. 90.
4414 10. 90.
4415 10. 90.
4416 10. 90.
4417 10. 90.
4418 10. 90.
4419 10. 90.
4420 10. 90.
4421 10. 90.
4422 10. 90.
4423 10. 90.
4424 10. 90.
4425 10. 90.
4426 10. 90.
4427 9. 91.
4428 9. 91.
4429 9. 91.
4430 9. 91.
4431 9. 91.
4432 9. 91.
4433 9. 91.
4434 9. 91.
4435 9. 91.
4436 9. 91.
4437 9. 91.
4438 9. 91.
4439 9. 91.
4440 9. 91.
4441 9. 91.
4442 10. 90.
4443 10. 90.
4444 10. 90.
4445 10. 90.
4446 10. 90.
4447 10. 90.
4448 10. 90.
4449 10. 90.
4450 10. 90.
4451 10. 90.
4452 10. 90.
4453 10. 90.
4454 10. 90.
4455 10. 90.
4456 10. 90.
4457 10. 90.
4458 10. 90.
4459 10. 90.
4460 10. 90.
4461 10. 90.
4462 10. 90.
4463 10. 90.
4464 10. 90.
4465 10. 90.
4466 10. 90.
4467 10. 90.
4468 10. 90.
4469 10. 90.
4470 10. 90.
4471 11. 89.
4472 11. 89.
4473 11. 89.
4474 10. 90.
4475 10. 90.
4476 10. 90.
4477 9. 91.
4478 9. 91.
4479 9. 91.
4480 8. 92.
4481 8. 92.
4482 8. 92.
4483 8. 92.
4484 8. 92.
4485 7. 93.
4486 8. 92.
4487 8. 92.
4488 8. 92.
4489 8. 92.
4490 8. 92.
4491 8. 92.
4492 8. 92.
4493 8. 92.
4494 8. 92.
4495 8. 92.
4496 8. 92.
4497 8. 92.
4498 8. 92.
4499 8. 92.
4500 8. 92.
4501 8. 92.
4502 8. 92.
4503 7. 93.
4504 7. 93.
4505 8. 92.
4506 8. 92.
4507 8. 92.
4508 8. 92.
4509 8. 92.
4510 8. 92.
4511 8. 92.
4512 9. 91.
4513 9. 91.
4514 9. 91.
4515 9. 91.
4516 9. 91.
4517 9. 91.
4518 9. 91.
4519 8. 92.
4520 8. 92.
4521 8. 92.
4522 8. 92.
4523 8. 92.
4524 8. 92.
4525 8. 92.
4526 8. 92.
4527 8. 92.
4528 8. 92.
4529 8. 92.
4530 8. 92.
4531 8. 92.
4532 8. 92.
4533 8. 92.
4534 8. 92.
4535 8. 92.
4536 8. 92.
4537 8. 92.
4538 8. 92.
4539 9. 91.
4540 9. 91.
4541 9. 91.
4542 8. 92.
4543 8. 92.
4544 9. 91.
4545 9. 91.
4546 9. 91.
4547 9. 91.
4548 9. 91.
4549 9. 91.
4550 9. 91.
4551 9. 91.
4552 9. 91.
4553 9. 91.
4554 9. 91.
4555 9. 91.
4556 9. 91.
4557 9. 91.
4558 9. 91.
4559 9. 91.
4560 8. 92.
4561 8. 92.
4562 8. 92.
4563 8. 92.
4564 8. 92.
4565 8. 92.
4566 8. 92.
4567 8. 92.
4568 8. 92.
4569 8. 92.
4570 8. 92.
4571 8. 92.
4572 8. 92.
4573 8. 92.
4574 7. 93.
4575 7. 93.
4576 7. 93.
4577 7. 93.
4578 7. 93.
4579 7. 93.
4580 7. 93.
4581 7. 93.
4582 7. 93.
4583 7. 93.
4584 6. 94.
4585 6. 94.
4586 6. 94.
4587 5. 95.
4588 5. 95.
4589 5. 95.
4590 5. 95.
4591 5. 95.
4592 5. 95.
4593 5. 95.
4594 5. 95.
4595 5. 95.
4596 5. 95.
4597 5. 95.
4598 5. 95.
4599 5. 95.
4600 5. 95.
4601 5. 95.
4602 5. 95.
4603 5. 95.
4604 5. 95.
4605 5. 95.
4606 5. 95.
4607 4. 96.
4608 4. 96.
4609 4. 96.
4610 4. 96.
4611 4. 96.
4612 4. 96.
4613 4. 96.
4614 4. 96.
4615 4. 96.
4616 4. 96.
4617 4. 96.
4618 4. 96.
4619 4. 96.
4620 4. 96.
4621 4. 96.
4622 4. 96.
4623 4. 96.
4624 4. 96.
4625 4. 96.
4626 4. 96.
4627 4. 96.
4628 4. 96.
4629 4. 96.
4630 4. 96.
4631 3. 97.
4632 3. 97.
4633 3. 97.
4634 3. 97.
4635 3. 97.
4636 3. 97.
4637 3. 97.
4638 3. 97.
4639 3. 97.
4640 3. 97.
4641 3. 97.
4642 3. 97.
4643 3. 97.
4644 3. 97.
4645 3. 97.
4646 3. 97.
4647 3. 97.
4648 3. 97.
4649 3. 97.
4650 3. 97.
4651 3. 97.
4652 3. 97.
4653 3. 97.
4654 3. 97.
4655 3. 97.
4656 3. 97.
4657 3. 97.
4658 3. 97.
4659 3. 97.
4660 3. 97.
4661 3. 97.
4662 3. 97.
4663 3. 97.
4664 3. 97.
4665 3. 97.
4666 3. 97.
4667 3. 97.
4668 3. 97.
4669 3. 97.
4670 3. 97.
4671 3. 97.
4672 3. 97.
4673 3. 97.
4674 3. 97.
4675 3. 97.
4676 3. 97.
4677 3. 97.
4678 3. 97.
4679 3. 97.
4680 3. 97.
4681 3. 97.
4682 3. 97.
4683 3. 97.
4684 3. 97.
4685 3. 97.
4686 3. 97.
4687 3. 97.
4688 3. 97.
4689 3. 97.
4690 3. 97.
4691 3. 97.
4692 3. 97.
4693 3. 97.
4694 3. 97.
4695 3. 97.
4696 3. 97.
4697 3. 97.
4698 3. 97.
4699 3. 97.
4700 3. 97.
4701 3. 97.
4702 3. 97.
4703 3. 97.
4704 3. 97.
4705 3. 97.
4706 3. 97.
4707 3. 97.
4708 3. 97.
4709 3. 97.
4710 3. 97.
4711 3. 97.
4712 3. 97.
4713 4. 96.
4714 5. 95.
4715 5. 95.
4716 5. 95.
4717 5. 95.
4718 5. 95.
4719 5. 95.
4720 5. 95.
4721 5. 95.
4722 5. 95.
4723 5. 95.
4724 5. 95.
4725 5. 95.
4726 5. 95.
4727 5. 95.
4728 5. 95.
4729 5. 95.
4730 5. 95.
4731 5. 95.
4732 5. 95.
4733 5. 95.
4734 5. 95.
4735 5. 95.
4736 5. 95.
4737 5. 95.
4738 5. 95.
4739 5. 95.
4740 5. 95.
4741 5. 95.
4742 6. 94.
4743 7. 93.
4744 7. 93.
4745 7. 93.
4746 7. 93.
4747 7. 93.
4748 7. 93.
4749 7. 93.
4750 7. 93.
4751 7. 93.
4752 7. 93.
4753 7. 93.
4754 7. 93.
4755 7. 93.
4756 7. 93.
4757 7. 93.
4758 7. 93.
4759 7. 93.
4760 7. 93.
4761 7. 93.
4762 7. 93.
4763 7. 93.
4764 7. 93.
4765 7. 93.
4766 7. 93.
4767 7. 93.
4768 7. 93.
4769 7. 93.
4770 7. 93.
4771 7. 93.
4772 7. 93.
4773 7. 93.
4774 7. 93.
4775 7. 93.
4776 6. 94.
4777 6. 94.
4778 7. 93.
4779 8. 92.
4780 8. 92.
4781 8. 92.
4782 8. 92.
4783 8. 92.
4784 8. 92.
4785 8. 92.
4786 8. 92.
4787 8. 92.
4788 8. 92.
4789 8. 92.
4790 8. 92.
4791 8. 92.
4792 8. 92.
4793 8. 92.
4794 8. 92.
4795 8. 92.
4796 8. 92.
4797 8. 92.
4798 8. 92.
4799 8. 92.
4800 9. 91.
4801 9. 91.
4802 9. 91.
4803 9. 91.
4804 9. 91.
4805 9. 91.
4806 9. 91.
4807 9. 91.
4808 9. 91.
4809 9. 91.
4810 9. 91.
4811 8. 92.
4812 8. 92.
4813 8. 92.
4814 8. 92.
4815 8. 92.
4816 8. 92.
4817 8. 92.
4818 8. 92.
4819 8. 92.
4820 8. 92.
4821 8. 92.
4822 8. 92.
4823 8. 92.
4824 8. 92.
4825 8. 92.
4826 8. 92.
4827 8. 92.
4828 8. 92.
4829 8. 92.
4830 8. 92.
4831 8. 92.
4832 8. 92.
4833 8. 92.
4834 8. 92.
4835 9. 91.
4836 9. 91.
4837 9. 91.
4838 9. 91.
4839 9. 91.
4840 9. 91.
4841 9. 91.
4842 9. 91.
4843 9. 91.
4844 9. 91.
4845 9. 91.
4846 9. 91.
4847 9. 91.
4848 9. 91.
4849 9. 91.
4850 9. 91.
4851 9. 91.
4852 9. 91.
4853 9. 91.
4854 9. 91.
4855 8. 92.
4856 8. 92.
4857 8. 92.
4858 8. 92.
4859 8. 92.
4860 8. 92.
4861 8. 92.
4862 8. 92.
4863 8. 92.
4864 8. 92.
4865 8. 92.
4866 8. 92.
4867 8. 92.
4868 8. 92.
4869 8. 92.
4870 8. 92.
4871 8. 92.
4872 8. 92.
4873 8. 92.
4874 9. 91.
4875 9. 91.
4876 9. 91.
4877 9. 91.
4878 9. 91.
4879 9. 91.
4880 9. 91.
4881 9. 91.
4882 9. 91.
4883 9. 91.
4884 8. 92.
4885 8. 92.
4886 8. 92.
4887 8. 92.
4888 8. 92.
4889 8. 92.
4890 8. 92.
4891 8. 92.
4892 7. 93.
4893 7. 93.
4894 7. 93.
4895 7. 93.
4896 6. 94.
4897 6. 94.
4898 6. 94.
4899 6. 94.
4900 6. 94.
4901 6. 94.
4902 6. 94.
4903 6. 94.
4904 6. 94.
4905 6. 94.
4906 6. 94.
4907 6. 94.
4908 6. 94.
4909 6. 94.
4910 6. 94.
4911 6. 94.
4912 6. 94.
4913 6. 94.
4914 6. 94.
4915 6. 94.
4916 6. 94.
4917 5. 95.
4918 5. 95.
4919 6. 94.
4920 6. 94.
4921 6. 94.
4922 6. 94.
4923 6. 94.
4924 6. 94.
4925 6. 94.
4926 6. 94.
4927 6. 94.
4928 6. 94.
4929 6. 94.
4930 6. 94.
4931 5. 95.
4932 5. 95.
4933 5. 95.
4934 5. 95.
4935 5. 95.
4936 5. 95.
4937 5. 95.
4938 5. 95.
4939 5. 95.
4940 5. 95.
4941 5. 95.
4942 5. 95.
4943 5. 95.
4944 6. 94.
4945 5. 95.
4946 5. 95.
4947 5. 95.
4948 5. 95.
4949 5. 95.
4950 5. 95.
4951 5. 95.
4952 5. 95.
4953 5. 95.
4954 5. 95.
4955 5. 95.
4956 5. 95.
4957 5. 95.
4958 5. 95.
4959 5. 95.
4960 5. 95.
4961 5. 95.
4962 5. 95.
4963 5. 95.
4964 5. 95.
4965 5. 95.
4966 5. 95.
4967 5. 95.
4968 6. 94.
4969 6. 94.
4970 6. 94.
4971 6. 94.
4972 6. 94.
4973 6. 94.
4974 7. 93.
4975 6. 94.
4976 6. 94.
4977 6. 94.
4978 6. 94.
4979 5. 95.
4980 5. 95.
4981 5. 95.
4982 5. 95.
4983 5. 95.
4984 5. 95.
4985 5. 95.
4986 5. 95.
4987 5. 95.
4988 6. 94.
4989 6. 94.
4990 6. 94.
4991 6. 94.
4992 6. 94.
4993 6. 94.
4994 6. 94.
4995 6. 94.
4996 6. 94.
4997 5. 95.
4998 5. 95.
4999 5. 95.
5000 5. 95.
5001 4. 96.
5002 3. 97.
5003 3. 97.
5004 3. 97.
5005 3. 97.
5006 3. 97.
5007 3. 97.
5008 3. 97.
5009 3. 97.
5010 3. 97.
5011 3. 97.
5012 3. 97.
5013 3. 97.
5014 3. 97.
5015 3. 97.
5016 3. 97.
5017 3. 97.
5018 3. 97.
5019 3. 97.
5020 3. 97.
5021 3. 97.
5022 3. 97.
5023 3. 97.
5024 3. 97.
5025 3. 97.
5026 3. 97.
5027 3. 97.
5028 3. 97.
5029 3. 97.
5030 3. 97.
5031 2. 98.
5032 2. 98.
5033 2. 98.
5034 2. 98.
5035 2. 98.
5036 2. 98.
5037 2. 98.
5038 2. 98.
5039 3. 97.
5040 3. 97.
5041 3. 97.
5042 3. 97.
5043 3. 97.
5044 3. 97.
5045 3. 97.
5046 3. 97.
5047 3. 97.
5048 3. 97.
5049 3. 97.
5050 3. 97.
5051 3. 97.
5052 3. 97.
5053 3. 97.
5054 3. 97.
5055 3. 97.
5056 3. 97.
5057 2. 98.
5058 2. 98.
5059 2. 98.
5060 2. 98.
5061 2. 98.
5062 2. 98.
5063 2. 98.
5064 2. 98.
5065 2. 98.
5066 2. 98.
5067 2. 98.
5068 2. 98.
5069 2. 98.
5070 2. 98.
5071 2. 98.
5072 2. 98.
5073 2. 98.
5074 2. 98.
5075 2. 98.
5076 2. 98.
5077 2. 98.
5078 2. 98.
5079 2. 98.
5080 2. 98.
5081 2. 98.
5082 2. 98.
5083 2. 98.
5084 2. 98.
5085 2. 98.
5086 2. 98.
5087 2. 98.
5088 2. 98.
5089 2. 98.
5090 2. 98.
5091 2. 98.
5092 2. 98.
5093 2. 98.
5094 2. 98.
5095 2. 98.
5096 2. 98.
5097 2. 98.
5098 2. 98.
5099 2. 98.
5100 2. 98.
5101 2. 98.
5102 2. 98.
5103 2. 98.
5104 2. 98.
5105 2. 98.
5106 2. 98.
5107 2. 98.
5108 2. 98.
5109 2. 98.
5110 2. 98.
5111 2. 98.
5112 2. 98.
5113 2. 98.
5114 2. 98.
5115 2. 98.
5116 1. 99.
5117 1. 99.
5118 1. 99.
5119 1. 99.
5120 1. 99.
5121 1. 99.
5122 1. 99.
5123 1. 99.
5124 1. 99.
5125 1. 99.
5126 1. 99.
