0 22. 78.
1 22. 78.
2 22. 78.
3 22. 78.
4 21. 79.
5 21. 79.
6 21. 79.
7 21. 79.
8 21. 79.
9 22. 78.
10 21. 79.
11 22. 78.
12 22. 78.
13 21. 79.
14 21. 79.
15 21. 79.
16 20. 80.
17 20. 80.
18 20. 80.
19 20. 80.
20 21. 79.
21 21. 79.
22 21. 79.
23 21. 79.
24 20. 80.
25 19. 81.
26 19. 81.
27 19. 81.
28 20. 80.
29 20. 80.
30 19. 81.
31 19. 81.
32 19. 81.
33 20. 80.
34 20. 80.
35 20. 80.
36 20. 80.
37 20. 80.
38 20. 80.
39 20. 80.
40 20. 80.
41 20. 80.
42 20. 80.
43 20. 80.
44 20. 80.
45 20. 80.
46 20. 80.
47 20. 80.
48 20. 80.
49 20. 80.
50 20. 80.
51 20. 80.
52 19. 81.
53 19. 81.
54 19. 81.
55 20. 80.
56 20. 80.
57 19. 81.
58 19. 81.
59 19. 81.
60 20. 80.
61 20. 80.
62 20. 80.
63 20. 80.
64 20. 80.
65 20. 80.
66 20. 80.
67 20. 80.
68 20. 80.
69 20. 80.
70 20. 80.
71 20. 80.
72 20. 80.
73 19. 81.
74 19. 81.
75 19. 81.
76 19. 81.
77 19. 81.
78 18. 82.
79 17. 83.
80 17. 83.
81 17. 83.
82 18. 82.
83 18. 82.
84 17. 83.
85 17. 83.
86 17. 83.
87 18. 82.
88 18. 82.
89 18. 82.
90 19. 81.
91 19. 81.
92 20. 80.
93 20. 80.
94 20. 80.
95 20. 80.
96 20. 80.
97 20. 80.
98 20. 80.
99 20. 80.
100 20. 80.
101 20. 80.
102 19. 81.
103 19. 81.
104 19. 81.
105 19. 81.
106 19. 81.
107 19. 81.
108 19. 81.
109 19. 81.
110 18. 82.
111 18. 82.
112 18. 82.
113 17. 83.
114 17. 83.
115 17. 83.
116 17. 83.
117 17. 83.
118 17. 83.
119 17. 83.
120 17. 83.
121 17. 83.
122 18. 82.
123 18. 82.
124 18. 82.
125 18. 82.
126 19. 81.
127 19. 81.
128 19. 81.
129 20. 80.
130 20. 80.
131 20. 80.
132 20. 80.
133 20. 80.
134 20. 80.
135 20. 80.
136 19. 81.
137 19. 81.
138 19. 81.
139 18. 82.
140 18. 82.
141 18. 82.
142 18. 82.
143 18. 82.
144 18. 82.
145 18. 82.
146 18. 82.
147 18. 82.
148 19. 81.
149 19. 81.
150 19. 81.
151 19. 81.
152 19. 81.
153 19. 81.
154 19. 81.
155 19. 81.
156 19. 81.
157 19. 81.
158 19. 81.
159 19. 81.
160 19. 81.
161 20. 80.
162 20. 80.
163 20. 80.
164 20. 80.
165 21. 79.
166 21. 79.
167 20. 80.
168 20. 80.
169 20. 80.
170 20. 80.
171 20. 80.
172 20. 80.
173 19. 81.
174 19. 81.
175 19. 81.
176 19. 81.
177 19. 81.
178 19. 81.
179 19. 81.
180 19. 81.
181 19. 81.
182 19. 81.
183 19. 81.
184 19. 81.
185 19. 81.
186 19. 81.
187 20. 80.
188 21. 79.
189 20. 80.
190 20. 80.
191 19. 81.
192 19. 81.
193 19. 81.
194 19. 81.
195 19. 81.
196 19. 81.
197 19. 81.
198 19. 81.
199 19. 81.
200 19. 81.
201 19. 81.
202 19. 81.
203 18. 82.
204 18. 82.
205 18. 82.
206 18. 82.
207 18. 82.
208 17. 83.
209 17. 83.
210 17. 83.
211 17. 83.
212 16. 84.
213 16. 84.
214 17. 83.
215 17. 83.
216 17. 83.
217 17. 83.
218 16. 84.
219 16. 84.
220 16. 84.
221 16. 84.
222 16. 84.
223 16. 84.
224 15. 85.
225 15. 85.
226 15. 85.
227 15. 85.
228 16. 84.
229 16. 84.
230 16. 84.
231 16. 84.
232 16. 84.
233 16. 84.
234 16. 84.
235 16. 84.
236 16. 84.
237 16. 84.
238 16. 84.
239 16. 84.
240 16. 84.
241 16. 84.
242 16. 84.
243 16. 84.
244 16. 84.
245 16. 84.
246 16. 84.
247 16. 84.
248 16. 84.
249 16. 84.
250 16. 84.
251 16. 84.
252 16. 84.
253 16. 84.
254 15. 85.
255 15. 85.
256 15. 85.
257 15. 85.
258 15. 85.
259 15. 85.
260 15. 85.
261 15. 85.
262 15. 85.
263 15. 85.
264 15. 85.
265 15. 85.
266 15. 85.
267 15. 85.
268 15. 85.
269 15. 85.
270 15. 85.
271 14. 86.
272 14. 86.
273 14. 86.
274 14. 86.
275 14. 86.
276 14. 86.
277 14. 86.
278 14. 86.
279 14. 86.
280 14. 86.
281 14. 86.
282 14. 86.
283 14. 86.
284 14. 86.
285 14. 86.
286 15. 85.
287 15. 85.
288 15. 85.
289 15. 85.
290 15. 85.
291 15. 85.
292 15. 85.
293 15. 85.
294 15. 85.
295 15. 85.
296 15. 85.
297 14. 86.
298 14. 86.
299 14. 86.
300 14. 86.
301 13. 87.
302 13. 87.
303 13. 87.
304 13. 87.
305 13. 87.
306 13. 87.
307 13. 87.
308 13. 87.
309 13. 87.
310 13. 87.
311 13. 87.
312 13. 87.
313 13. 87.
314 13. 87.
315 13. 87.
316 13. 87.
317 14. 86.
318 14. 86.
319 14. 86.
320 14. 86.
321 14. 86.
322 14. 86.
323 13. 87.
324 13. 87.
325 13. 87.
326 13. 87.
327 13. 87.
328 14. 86.
329 14. 86.
330 14. 86.
331 14. 86.
332 14. 86.
333 14. 86.
334 14. 86.
335 14. 86.
336 14. 86.
337 14. 86.
338 14. 86.
339 15. 85.
340 14. 86.
341 14. 86.
342 14. 86.
343 14. 86.
344 14. 86.
345 14. 86.
346 14. 86.
347 14. 86.
348 14. 86.
349 14. 86.
350 14. 86.
351 14. 86.
352 14. 86.
353 14. 86.
354 14. 86.
355 14. 86.
356 14. 86.
357 13. 87.
358 13. 87.
359 13. 87.
360 13. 87.
361 13. 87.
362 13. 87.
363 12. 88.
364 12. 88.
365 11. 89.
366 11. 89.
367 11. 89.
368 11. 89.
369 11. 89.
370 11. 89.
371 11. 89.
372 11. 89.
373 10. 90.
374 10. 90.
375 10. 90.
376 10. 90.
377 10. 90.
378 10. 90.
379 10. 90.
380 10. 90.
381 10. 90.
382 10. 90.
383 10. 90.
384 10. 90.
385 10. 90.
386 10. 90.
387 10. 90.
388 10. 90.
389 10. 90.
390 10. 90.
391 11. 89.
392 11. 89.
393 12. 88.
394 12. 88.
395 12. 88.
396 12. 88.
397 12. 88.
398 12. 88.
399 12. 88.
400 12. 88.
401 12. 88.
402 12. 88.
403 12. 88.
404 12. 88.
405 12. 88.
406 12. 88.
407 12. 88.
408 12. 88.
409 12. 88.
410 12. 88.
411 12. 88.
412 12. 88.
413 12. 88.
414 12. 88.
415 12. 88.
416 12. 88.
417 11. 89.
418 11. 89.
419 11. 89.
420 11. 89.
421 11. 89.
422 11. 89.
423 11. 89.
424 11. 89.
425 11. 89.
426 11. 89.
427 11. 89.
428 11. 89.
429 11. 89.
430 11. 89.
431 10. 90.
432 10. 90.
433 10. 90.
434 9. 91.
435 9. 91.
436 9. 91.
437 9. 91.
438 9. 91.
439 9. 91.
440 9. 91.
441 10. 90.
442 10. 90.
443 10. 90.
444 10. 90.
445 10. 90.
446 10. 90.
447 10. 90.
448 10. 90.
449 10. 90.
450 10. 90.
451 10. 90.
452 10. 90.
453 10. 90.
454 10. 90.
455 10. 90.
456 10. 90.
457 10. 90.
458 10. 90.
459 10. 90.
460 10. 90.
461 10. 90.
462 10. 90.
463 10. 90.
464 10. 90.
465 10. 90.
466 10. 90.
467 10. 90.
468 9. 91.
469 9. 91.
470 9. 91.
471 9. 91.
472 10. 90.
473 10. 90.
474 9. 91.
475 9. 91.
476 9. 91.
477 9. 91.
478 8. 92.
479 8. 92.
480 8. 92.
481 8. 92.
482 8. 92.
483 8. 92.
484 8. 92.
485 8. 92.
486 8. 92.
487 8. 92.
488 8. 92.
489 8. 92.
490 8. 92.
491 8. 92.
492 8. 92.
493 8. 92.
494 8. 92.
495 9. 91.
496 9. 91.
497 8. 92.
498 8. 92.
499 8. 92.
500 8. 92.
501 8. 92.
502 8. 92.
503 8. 92.
504 8. 92.
505 8. 92.
506 8. 92.
507 8. 92.
508 8. 92.
509 8. 92.
510 8. 92.
511 8. 92.
512 8. 92.
513 8. 92.
514 8. 92.
515 8. 92.
516 8. 92.
517 8. 92.
518 8. 92.
519 8. 92.
520 8. 92.
521 8. 92.
522 8. 92.
523 8. 92.
524 8. 92.
525 8. 92.
526 9. 91.
527 9. 91.
528 9. 91.
529 9. 91.
530 9. 91.
531 9. 91.
532 9. 91.
533 9. 91.
534 9. 91.
535 9. 91.
536 9. 91.
537 9. 91.
538 9. 91.
539 9. 91.
540 9. 91.
541 9. 91.
542 9. 91.
543 9. 91.
544 9. 91.
545 8. 92.
546 8. 92.
547 8. 92.
548 8. 92.
549 8. 92.
550 8. 92.
551 8. 92.
552 8. 92.
553 8. 92.
554 8. 92.
555 8. 92.
556 8. 92.
557 8. 92.
558 8. 92.
559 8. 92.
560 8. 92.
561 8. 92.
562 8. 92.
563 9. 91.
564 9. 91.
565 9. 91.
566 10. 90.
567 10. 90.
568 10. 90.
569 9. 91.
570 9. 91.
571 9. 91.
572 9. 91.
573 9. 91.
574 9. 91.
575 9. 91.
576 9. 91.
577 9. 91.
578 9. 91.
579 9. 91.
580 9. 91.
581 9. 91.
582 9. 91.
583 9. 91.
584 9. 91.
585 9. 91.
586 9. 91.
587 9. 91.
588 9. 91.
589 9. 91.
590 9. 91.
591 10. 90.
592 10. 90.
593 10. 90.
594 10. 90.
595 10. 90.
596 10. 90.
597 10. 90.
598 11. 89.
599 11. 89.
600 11. 89.
601 11. 89.
602 11. 89.
603 11. 89.
604 11. 89.
605 11. 89.
606 11. 89.
607 11. 89.
608 11. 89.
609 10. 90.
610 10. 90.
611 10. 90.
612 10. 90.
613 10. 90.
614 10. 90.
615 10. 90.
616 10. 90.
617 10. 90.
618 10. 90.
619 10. 90.
620 11. 89.
621 11. 89.
622 11. 89.
623 11. 89.
624 11. 89.
625 11. 89.
626 11. 89.
627 11. 89.
628 10. 90.
629 10. 90.
630 10. 90.
631 10. 90.
632 10. 90.
633 10. 90.
634 10. 90.
635 10. 90.
636 10. 90.
637 10. 90.
638 10. 90.
639 10. 90.
640 10. 90.
641 10. 90.
642 10. 90.
643 11. 89.
644 11. 89.
645 10. 90.
646 10. 90.
647 10. 90.
648 10. 90.
649 10. 90.
650 10. 90.
651 10. 90.
652 10. 90.
653 10. 90.
654 10. 90.
655 10. 90.
656 10. 90.
657 11. 89.
658 11. 89.
659 11. 89.
660 10. 90.
661 10. 90.
662 10. 90.
663 10. 90.
664 10. 90.
665 10. 90.
666 11. 89.
667 11. 89.
668 12. 88.
669 11. 89.
670 11. 89.
671 11. 89.
672 12. 88.
673 12. 88.
674 13. 87.
675 13. 87.
676 13. 87.
677 14. 86.
678 14. 86.
679 14. 86.
680 13. 87.
681 12. 88.
682 12. 88.
683 12. 88.
684 12. 88.
685 12. 88.
686 12. 88.
687 12. 88.
688 12. 88.
689 12. 88.
690 12. 88.
691 11. 89.
692 11. 89.
693 11. 89.
694 11. 89.
695 11. 89.
696 11. 89.
697 11. 89.
698 11. 89.
699 11. 89.
700 11. 89.
701 11. 89.
702 11. 89.
703 11. 89.
704 11. 89.
705 11. 89.
706 11. 89.
707 11. 89.
708 11. 89.
709 11. 89.
710 11. 89.
711 11. 89.
712 11. 89.
713 11. 89.
714 11. 89.
715 11. 89.
716 11. 89.
717 11. 89.
718 11. 89.
719 11. 89.
720 11. 89.
721 11. 89.
722 11. 89.
723 11. 89.
724 11. 89.
725 11. 89.
726 11. 89.
727 11. 89.
728 11. 89.
729 11. 89.
730 11. 89.
731 11. 89.
732 10. 90.
733 10. 90.
734 10. 90.
735 11. 89.
736 11. 89.
737 11. 89.
738 11. 89.
739 11. 89.
740 12. 88.
741 12. 88.
742 12. 88.
743 12. 88.
744 12. 88.
745 12. 88.
746 12. 88.
747 12. 88.
748 12. 88.
749 12. 88.
750 12. 88.
751 12. 88.
752 12. 88.
753 12. 88.
754 12. 88.
755 11. 89.
756 11. 89.
757 11. 89.
758 11. 89.
759 11. 89.
760 11. 89.
761 11. 89.
762 11. 89.
763 11. 89.
764 11. 89.
765 11. 89.
766 11. 89.
767 11. 89.
768 11. 89.
769 11. 89.
770 11. 89.
771 11. 89.
772 11. 89.
773 11. 89.
774 11. 89.
775 11. 89.
776 11. 89.
777 11. 89.
778 11. 89.
779 11. 89.
780 11. 89.
781 12. 88.
782 12. 88.
783 12. 88.
784 12. 88.
785 13. 87.
786 13. 87.
787 13. 87.
788 12. 88.
789 12. 88.
790 12. 88.
791 11. 89.
792 11. 89.
793 10. 90.
794 10. 90.
795 10. 90.
796 10. 90.
797 10. 90.
798 10. 90.
799 10. 90.
800 10. 90.
801 10. 90.
802 10. 90.
803 10. 90.
804 10. 90.
805 10. 90.
806 11. 89.
807 11. 89.
808 11. 89.
809 11. 89.
810 11. 89.
811 11. 89.
812 11. 89.
813 12. 88.
814 12. 88.
815 12. 88.
816 12. 88.
817 13. 87.
818 13. 87.
819 13. 87.
820 13. 87.
821 13. 87.
822 13. 87.
823 13. 87.
824 13. 87.
825 13. 87.
826 13. 87.
827 13. 87.
828 13. 87.
829 13. 87.
830 13. 87.
831 13. 87.
832 14. 86.
833 14. 86.
834 14. 86.
835 14. 86.
836 14. 86.
837 14. 86.
838 14. 86.
839 14. 86.
840 15. 85.
841 15. 85.
842 16. 84.
843 16. 84.
844 16. 84.
845 16. 84.
846 16. 84.
847 16. 84.
848 16. 84.
849 16. 84.
850 15. 85.
851 15. 85.
852 15. 85.
853 15. 85.
854 15. 85.
855 15. 85.
856 15. 85.
857 15. 85.
858 14. 86.
859 14. 86.
860 13. 87.
861 14. 86.
862 15. 85.
863 15. 85.
864 15. 85.
865 14. 86.
866 14. 86.
867 14. 86.
868 14. 86.
869 14. 86.
870 14. 86.
871 14. 86.
872 14. 86.
873 14. 86.
874 14. 86.
875 14. 86.
876 14. 86.
877 14. 86.
878 14. 86.
879 14. 86.
880 14. 86.
881 14. 86.
882 14. 86.
883 14. 86.
884 13. 87.
885 13. 87.
886 13. 87.
887 13. 87.
888 13. 87.
889 13. 87.
890 14. 86.
891 14. 86.
892 14. 86.
893 14. 86.
894 13. 87.
895 13. 87.
896 13. 87.
897 13. 87.
898 13. 87.
899 12. 88.
900 12. 88.
901 13. 87.
902 14. 86.
903 14. 86.
904 14. 86.
905 14. 86.
906 14. 86.
907 14. 86.
908 14. 86.
909 14. 86.
910 14. 86.
911 14. 86.
912 14. 86.
913 14. 86.
914 14. 86.
915 14. 86.
916 14. 86.
917 14. 86.
918 14. 86.
919 14. 86.
920 14. 86.
921 14. 86.
922 13. 87.
923 13. 87.
924 12. 88.
925 12. 88.
926 12. 88.
927 12. 88.
928 12. 88.
929 12. 88.
930 11. 89.
931 11. 89.
932 11. 89.
933 11. 89.
934 11. 89.
935 11. 89.
936 10. 90.
937 10. 90.
938 10. 90.
939 10. 90.
940 10. 90.
941 10. 90.
942 11. 89.
943 11. 89.
944 11. 89.
945 11. 89.
946 11. 89.
947 11. 89.
948 11. 89.
949 11. 89.
950 11. 89.
951 11. 89.
952 11. 89.
953 11. 89.
954 11. 89.
955 10. 90.
956 10. 90.
957 10. 90.
958 10. 90.
959 10. 90.
960 11. 89.
961 11. 89.
962 11. 89.
963 11. 89.
964 11. 89.
965 11. 89.
966 11. 89.
967 11. 89.
968 11. 89.
969 12. 88.
970 12. 88.
971 12. 88.
972 11. 89.
973 11. 89.
974 10. 90.
975 10. 90.
976 10. 90.
977 10. 90.
978 10. 90.
979 10. 90.
980 11. 89.
981 11. 89.
982 11. 89.
983 11. 89.
984 11. 89.
985 11. 89.
986 12. 88.
987 12. 88.
988 12. 88.
989 12. 88.
990 12. 88.
991 12. 88.
992 12. 88.
993 12. 88.
994 12. 88.
995 12. 88.
996 12. 88.
997 12. 88.
998 12. 88.
999 12. 88.
1000 12. 88.
1001 12. 88.
1002 11. 89.
1003 11. 89.
1004 11. 89.
1005 11. 89.
1006 10. 90.
1007 10. 90.
1008 11. 89.
1009 11. 89.
1010 11. 89.
1011 11. 89.
1012 11. 89.
1013 10. 90.
1014 10. 90.
1015 10. 90.
1016 10. 90.
1017 10. 90.
1018 10. 90.
1019 10. 90.
1020 10. 90.
1021 10. 90.
1022 10. 90.
1023 10. 90.
1024 10. 90.
1025 10. 90.
1026 10. 90.
1027 10. 90.
1028 10. 90.
1029 10. 90.
1030 10. 90.
1031 10. 90.
1032 11. 89.
1033 11. 89.
1034 11. 89.
1035 11. 89.
1036 11. 89.
1037 11. 89.
1038 11. 89.
1039 11. 89.
1040 11. 89.
1041 11. 89.
1042 11. 89.
1043 11. 89.
1044 11. 89.
1045 11. 89.
1046 11. 89.
1047 11. 89.
1048 11. 89.
1049 11. 89.
1050 11. 89.
1051 11. 89.
1052 11. 89.
1053 11. 89.
1054 11. 89.
1055 11. 89.
1056 11. 89.
1057 11. 89.
1058 11. 89.
1059 11. 89.
1060 11. 89.
1061 11. 89.
1062 11. 89.
1063 11. 89.
1064 11. 89.
1065 10. 90.
1066 10. 90.
1067 10. 90.
1068 10. 90.
1069 10. 90.
1070 10. 90.
1071 10. 90.
1072 10. 90.
1073 10. 90.
1074 10. 90.
1075 10. 90.
1076 10. 90.
1077 10. 90.
1078 10. 90.
1079 10. 90.
1080 10. 90.
1081 10. 90.
1082 9. 91.
1083 9. 91.
1084 9. 91.
1085 9. 91.
1086 9. 91.
1087 9. 91.
1088 9. 91.
1089 9. 91.
1090 9. 91.
1091 9. 91.
1092 9. 91.
1093 9. 91.
1094 9. 91.
1095 9. 91.
1096 9. 91.
1097 9. 91.
1098 9. 91.
1099 9. 91.
1100 9. 91.
1101 9. 91.
1102 9. 91.
1103 10. 90.
1104 10. 90.
1105 10. 90.
1106 10. 90.
1107 10. 90.
1108 10. 90.
1109 10. 90.
1110 10. 90.
1111 10. 90.
1112 10. 90.
1113 10. 90.
1114 10. 90.
1115 10. 90.
1116 10. 90.
1117 10. 90.
1118 10. 90.
1119 10. 90.
1120 10. 90.
1121 10. 90.
1122 10. 90.
1123 10. 90.
1124 10. 90.
1125 10. 90.
1126 9. 91.
1127 9. 91.
1128 9. 91.
1129 9. 91.
1130 9. 91.
1131 9. 91.
1132 9. 91.
1133 9. 91.
1134 9. 91.
1135 9. 91.
1136 9. 91.
1137 8. 92.
1138 8. 92.
1139 8. 92.
1140 7. 93.
1141 7. 93.
1142 7. 93.
1143 7. 93.
1144 7. 93.
1145 7. 93.
1146 7. 93.
1147 7. 93.
1148 7. 93.
1149 7. 93.
1150 7. 93.
1151 7. 93.
1152 7. 93.
1153 7. 93.
1154 7. 93.
1155 7. 93.
1156 7. 93.
1157 7. 93.
1158 7. 93.
1159 7. 93.
1160 7. 93.
1161 7. 93.
1162 7. 93.
1163 7. 93.
1164 7. 93.
1165 7. 93.
1166 7. 93.
1167 7. 93.
1168 7. 93.
1169 7. 93.
1170 7. 93.
1171 7. 93.
1172 7. 93.
1173 7. 93.
1174 7. 93.
1175 7. 93.
1176 7. 93.
1177 7. 93.
1178 7. 93.
1179 8. 92.
1180 8. 92.
1181 8. 92.
1182 8. 92.
1183 8. 92.
1184 8. 92.
1185 8. 92.
1186 7. 93.
1187 7. 93.
1188 7. 93.
1189 7. 93.
1190 6. 94.
1191 6. 94.
1192 6. 94.
1193 6. 94.
1194 6. 94.
1195 6. 94.
1196 6. 94.
1197 6. 94.
1198 6. 94.
1199 6. 94.
1200 6. 94.
1201 6. 94.
1202 6. 94.
1203 6. 94.
1204 7. 93.
1205 7. 93.
1206 7. 93.
1207 7. 93.
1208 7. 93.
1209 8. 92.
1210 7. 93.
1211 7. 93.
1212 7. 93.
1213 7. 93.
1214 8. 92.
1215 8. 92.
1216 8. 92.
1217 8. 92.
1218 8. 92.
1219 8. 92.
1220 8. 92.
1221 8. 92.
1222 8. 92.
1223 8. 92.
1224 7. 93.
1225 7. 93.
1226 8. 92.
1227 8. 92.
1228 8. 92.
1229 8. 92.
1230 9. 91.
1231 9. 91.
1232 9. 91.
1233 9. 91.
1234 9. 91.
1235 9. 91.
1236 9. 91.
1237 9. 91.
1238 9. 91.
1239 9. 91.
1240 9. 91.
1241 9. 91.
1242 9. 91.
1243 9. 91.
1244 10. 90.
1245 10. 90.
1246 10. 90.
1247 10. 90.
1248 10. 90.
1249 10. 90.
1250 10. 90.
1251 10. 90.
1252 10. 90.
1253 10. 90.
1254 10. 90.
1255 10. 90.
1256 10. 90.
1257 10. 90.
1258 10. 90.
1259 10. 90.
1260 10. 90.
1261 10. 90.
1262 10. 90.
1263 10. 90.
1264 10. 90.
1265 10. 90.
1266 10. 90.
1267 10. 90.
1268 10. 90.
1269 10. 90.
1270 10. 90.
1271 10. 90.
1272 10. 90.
1273 10. 90.
1274 10. 90.
1275 10. 90.
1276 10. 90.
1277 10. 90.
1278 10. 90.
1279 10. 90.
1280 10. 90.
1281 10. 90.
1282 10. 90.
1283 10. 90.
1284 10. 90.
1285 10. 90.
1286 10. 90.
1287 10. 90.
1288 9. 91.
1289 9. 91.
1290 9. 91.
1291 9. 91.
1292 9. 91.
1293 8. 92.
1294 8. 92.
1295 8. 92.
1296 8. 92.
1297 8. 92.
1298 8. 92.
1299 8. 92.
1300 8. 92.
1301 8. 92.
1302 8. 92.
1303 8. 92.
1304 8. 92.
1305 8. 92.
1306 8. 92.
1307 8. 92.
1308 8. 92.
1309 8. 92.
1310 8. 92.
1311 8. 92.
1312 7. 93.
1313 7. 93.
1314 7. 93.
1315 7. 93.
1316 7. 93.
1317 7. 93.
1318 7. 93.
1319 6. 94.
1320 6. 94.
1321 6. 94.
1322 6. 94.
1323 6. 94.
1324 6. 94.
1325 6. 94.
1326 6. 94.
1327 6. 94.
1328 6. 94.
1329 5. 95.
1330 5. 95.
1331 5. 95.
1332 5. 95.
1333 5. 95.
1334 5. 95.
1335 6. 94.
1336 6. 94.
1337 6. 94.
1338 6. 94.
1339 6. 94.
1340 6. 94.
1341 6. 94.
1342 6. 94.
1343 6. 94.
1344 6. 94.
1345 6. 94.
1346 6. 94.
1347 6. 94.
1348 6. 94.
1349 6. 94.
1350 6. 94.
1351 6. 94.
1352 6. 94.
1353 6. 94.
1354 6. 94.
1355 6. 94.
1356 6. 94.
1357 6. 94.
1358 6. 94.
1359 6. 94.
1360 6. 94.
1361 6. 94.
1362 6. 94.
1363 6. 94.
1364 6. 94.
1365 6. 94.
1366 6. 94.
1367 6. 94.
1368 6. 94.
1369 7. 93.
1370 8. 92.
1371 8. 92.
1372 8. 92.
1373 9. 91.
1374 9. 91.
1375 9. 91.
1376 9. 91.
1377 9. 91.
1378 9. 91.
1379 9. 91.
1380 9. 91.
1381 9. 91.
1382 9. 91.
1383 9. 91.
1384 9. 91.
1385 9. 91.
1386 9. 91.
1387 9. 91.
1388 9. 91.
1389 9. 91.
1390 9. 91.
1391 9. 91.
1392 9. 91.
1393 9. 91.
1394 9. 91.
1395 9. 91.
1396 9. 91.
1397 9. 91.
1398 9. 91.
1399 9. 91.
1400 9. 91.
1401 9. 91.
1402 9. 91.
1403 10. 90.
1404 10. 90.
1405 10. 90.
1406 11. 89.
1407 11. 89.
1408 11. 89.
1409 11. 89.
1410 11. 89.
1411 11. 89.
1412 11. 89.
1413 11. 89.
1414 11. 89.
1415 11. 89.
1416 11. 89.
1417 11. 89.
1418 11. 89.
1419 11. 89.
1420 11. 89.
1421 11. 89.
1422 11. 89.
1423 11. 89.
1424 11. 89.
1425 11. 89.
1426 10. 90.
1427 10. 90.
1428 10. 90.
1429 10. 90.
1430 10. 90.
1431 10. 90.
1432 10. 90.
1433 10. 90.
1434 10. 90.
1435 10. 90.
1436 10. 90.
1437 10. 90.
1438 10. 90.
1439 10. 90.
1440 10. 90.
1441 10. 90.
1442 9. 91.
1443 9. 91.
1444 9. 91.
1445 9. 91.
1446 9. 91.
1447 9. 91.
1448 9. 91.
1449 9. 91.
1450 9. 91.
1451 9. 91.
1452 9. 91.
1453 9. 91.
1454 10. 90.
1455 10. 90.
1456 10. 90.
1457 10. 90.
1458 10. 90.
1459 10. 90.
1460 10. 90.
1461 10. 90.
1462 10. 90.
1463 9. 91.
1464 9. 91.
1465 9. 91.
1466 9. 91.
1467 9. 91.
1468 9. 91.
1469 9. 91.
1470 9. 91.
1471 9. 91.
1472 9. 91.
1473 9. 91.
1474 9. 91.
1475 9. 91.
1476 9. 91.
1477 9. 91.
1478 9. 91.
1479 9. 91.
1480 9. 91.
1481 9. 91.
1482 9. 91.
1483 9. 91.
1484 9. 91.
1485 9. 91.
1486 9. 91.
1487 9. 91.
1488 9. 91.
1489 9. 91.
1490 9. 91.
1491 9. 91.
1492 9. 91.
1493 9. 91.
1494 9. 91.
1495 9. 91.
1496 9. 91.
1497 9. 91.
1498 9. 91.
1499 9. 91.
1500 9. 91.
1501 9. 91.
1502 9. 91.
1503 9. 91.
1504 9. 91.
1505 9. 91.
1506 9. 91.
1507 9. 91.
1508 9. 91.
1509 9. 91.
1510 9. 91.
1511 9. 91.
1512 9. 91.
1513 9. 91.
1514 9. 91.
1515 9. 91.
1516 9. 91.
1517 9. 91.
1518 9. 91.
1519 8. 92.
1520 8. 92.
1521 9. 91.
1522 9. 91.
1523 9. 91.
1524 9. 91.
1525 9. 91.
1526 9. 91.
1527 9. 91.
1528 9. 91.
1529 9. 91.
1530 9. 91.
1531 9. 91.
1532 10. 90.
1533 10. 90.
1534 10. 90.
1535 10. 90.
1536 10. 90.
1537 10. 90.
1538 10. 90.
1539 10. 90.
1540 10. 90.
1541 10. 90.
1542 10. 90.
1543 9. 91.
1544 9. 91.
1545 9. 91.
1546 9. 91.
1547 9. 91.
1548 9. 91.
1549 9. 91.
1550 10. 90.
1551 10. 90.
1552 10. 90.
1553 10. 90.
1554 10. 90.
1555 10. 90.
1556 10. 90.
1557 9. 91.
1558 8. 92.
1559 8. 92.
1560 8. 92.
1561 8. 92.
1562 7. 93.
1563 7. 93.
1564 7. 93.
1565 7. 93.
1566 7. 93.
1567 6. 94.
1568 6. 94.
1569 6. 94.
1570 6. 94.
1571 6. 94.
1572 6. 94.
1573 6. 94.
1574 6. 94.
1575 6. 94.
1576 6. 94.
1577 6. 94.
1578 6. 94.
1579 6. 94.
1580 7. 93.
1581 7. 93.
1582 7. 93.
1583 7. 93.
1584 7. 93.
1585 7. 93.
1586 7. 93.
1587 7. 93.
1588 7. 93.
1589 7. 93.
1590 7. 93.
1591 7. 93.
1592 7. 93.
1593 7. 93.
1594 7. 93.
1595 7. 93.
1596 7. 93.
1597 7. 93.
1598 7. 93.
1599 7. 93.
1600 8. 92.
1601 8. 92.
1602 8. 92.
1603 8. 92.
1604 8. 92.
1605 8. 92.
1606 8. 92.
1607 8. 92.
1608 8. 92.
1609 8. 92.
1610 8. 92.
1611 8. 92.
1612 8. 92.
1613 8. 92.
1614 8. 92.
1615 8. 92.
1616 8. 92.
1617 8. 92.
1618 8. 92.
1619 8. 92.
1620 8. 92.
1621 8. 92.
1622 8. 92.
1623 8. 92.
1624 8. 92.
1625 8. 92.
1626 8. 92.
1627 8. 92.
1628 8. 92.
1629 8. 92.
1630 8. 92.
1631 8. 92.
1632 8. 92.
1633 8. 92.
1634 8. 92.
1635 8. 92.
1636 8. 92.
1637 8. 92.
1638 8. 92.
1639 8. 92.
1640 8. 92.
1641 8. 92.
1642 8. 92.
1643 8. 92.
1644 8. 92.
1645 8. 92.
1646 8. 92.
1647 8. 92.
1648 8. 92.
1649 8. 92.
1650 8. 92.
1651 8. 92.
1652 8. 92.
1653 8. 92.
1654 7. 93.
1655 7. 93.
1656 7. 93.
1657 8. 92.
1658 8. 92.
1659 8. 92.
1660 8. 92.
1661 8. 92.
1662 8. 92.
1663 8. 92.
1664 8. 92.
1665 8. 92.
1666 8. 92.
1667 7. 93.
1668 7. 93.
1669 7. 93.
1670 7. 93.
1671 8. 92.
1672 8. 92.
1673 8. 92.
1674 8. 92.
1675 8. 92.
1676 8. 92.
1677 8. 92.
1678 7. 93.
1679 7. 93.
1680 7. 93.
1681 7. 93.
1682 7. 93.
1683 7. 93.
1684 7. 93.
1685 7. 93.
1686 7. 93.
1687 7. 93.
1688 7. 93.
1689 7. 93.
1690 7. 93.
1691 7. 93.
1692 7. 93.
1693 7. 93.
1694 7. 93.
1695 7. 93.
1696 7. 93.
1697 7. 93.
1698 7. 93.
1699 7. 93.
1700 7. 93.
1701 7. 93.
1702 7. 93.
1703 7. 93.
1704 7. 93.
1705 7. 93.
1706 7. 93.
1707 7. 93.
1708 7. 93.
1709 7. 93.
1710 7. 93.
1711 7. 93.
1712 7. 93.
1713 7. 93.
1714 6. 94.
1715 6. 94.
1716 6. 94.
1717 6. 94.
1718 6. 94.
1719 6. 94.
1720 6. 94.
1721 6. 94.
1722 6. 94.
1723 6. 94.
1724 6. 94.
1725 7. 93.
1726 7. 93.
1727 7. 93.
1728 7. 93.
1729 7. 93.
1730 7. 93.
1731 7. 93.
1732 7. 93.
1733 7. 93.
1734 7. 93.
1735 7. 93.
1736 7. 93.
1737 6. 94.
1738 6. 94.
1739 6. 94.
1740 6. 94.
1741 6. 94.
1742 6. 94.
1743 6. 94.
1744 6. 94.
1745 6. 94.
1746 6. 94.
1747 6. 94.
1748 6. 94.
1749 6. 94.
1750 6. 94.
1751 6. 94.
1752 6. 94.
1753 6. 94.
1754 6. 94.
1755 6. 94.
1756 6. 94.
1757 6. 94.
1758 6. 94.
1759 6. 94.
1760 6. 94.
1761 6. 94.
1762 6. 94.
1763 6. 94.
1764 6. 94.
1765 6. 94.
1766 6. 94.
1767 6. 94.
1768 6. 94.
1769 6. 94.
1770 6. 94.
1771 7. 93.
1772 7. 93.
1773 7. 93.
1774 7. 93.
1775 7. 93.
1776 7. 93.
1777 6. 94.
1778 6. 94.
1779 6. 94.
1780 6. 94.
1781 6. 94.
1782 6. 94.
1783 6. 94.
1784 6. 94.
1785 6. 94.
1786 6. 94.
1787 6. 94.
1788 6. 94.
1789 6. 94.
1790 6. 94.
1791 6. 94.
1792 6. 94.
1793 5. 95.
1794 5. 95.
1795 5. 95.
1796 5. 95.
1797 5. 95.
1798 5. 95.
1799 5. 95.
1800 5. 95.
1801 5. 95.
1802 5. 95.
1803 5. 95.
1804 5. 95.
1805 5. 95.
1806 5. 95.
1807 5. 95.
1808 5. 95.
1809 5. 95.
1810 5. 95.
1811 5. 95.
1812 5. 95.
1813 5. 95.
1814 5. 95.
1815 5. 95.
1816 5. 95.
1817 5. 95.
1818 5. 95.
1819 5. 95.
1820 5. 95.
1821 5. 95.
1822 5. 95.
1823 5. 95.
1824 5. 95.
1825 5. 95.
1826 5. 95.
1827 5. 95.
1828 5. 95.
1829 5. 95.
1830 5. 95.
1831 5. 95.
1832 5. 95.
1833 5. 95.
1834 5. 95.
1835 5. 95.
1836 5. 95.
1837 5. 95.
1838 5. 95.
1839 5. 95.
1840 5. 95.
1841 5. 95.
1842 5. 95.
1843 5. 95.
1844 5. 95.
1845 5. 95.
1846 5. 95.
1847 5. 95.
1848 6. 94.
1849 6. 94.
1850 6. 94.
1851 6. 94.
1852 6. 94.
1853 6. 94.
1854 6. 94.
1855 6. 94.
1856 6. 94.
1857 6. 94.
1858 6. 94.
1859 6. 94.
1860 6. 94.
1861 6. 94.
1862 6. 94.
1863 6. 94.
1864 6. 94.
1865 6. 94.
1866 6. 94.
1867 6. 94.
1868 6. 94.
1869 6. 94.
1870 6. 94.
1871 6. 94.
1872 6. 94.
1873 6. 94.
1874 6. 94.
1875 6. 94.
1876 6. 94.
1877 6. 94.
1878 6. 94.
1879 6. 94.
1880 6. 94.
1881 6. 94.
1882 6. 94.
1883 6. 94.
1884 6. 94.
1885 6. 94.
1886 6. 94.
1887 6. 94.
1888 6. 94.
1889 6. 94.
1890 6. 94.
1891 6. 94.
1892 6. 94.
1893 6. 94.
1894 6. 94.
1895 6. 94.
1896 6. 94.
1897 7. 93.
1898 7. 93.
1899 7. 93.
1900 7. 93.
1901 7. 93.
1902 7. 93.
1903 7. 93.
1904 7. 93.
1905 7. 93.
1906 7. 93.
1907 7. 93.
1908 7. 93.
1909 7. 93.
1910 7. 93.
1911 7. 93.
1912 7. 93.
1913 8. 92.
1914 8. 92.
1915 8. 92.
1916 8. 92.
1917 8. 92.
1918 8. 92.
1919 8. 92.
1920 8. 92.
1921 8. 92.
1922 8. 92.
1923 8. 92.
1924 8. 92.
1925 8. 92.
1926 8. 92.
1927 8. 92.
1928 8. 92.
1929 8. 92.
1930 8. 92.
1931 8. 92.
1932 8. 92.
1933 8. 92.
1934 9. 91.
1935 9. 91.
1936 9. 91.
1937 8. 92.
1938 8. 92.
1939 8. 92.
1940 8. 92.
1941 8. 92.
1942 8. 92.
1943 8. 92.
1944 8. 92.
1945 8. 92.
1946 8. 92.
1947 9. 91.
1948 9. 91.
1949 10. 90.
1950 10. 90.
1951 10. 90.
1952 11. 89.
1953 11. 89.
1954 11. 89.
1955 11. 89.
1956 11. 89.
1957 11. 89.
1958 11. 89.
1959 11. 89.
1960 11. 89.
1961 11. 89.
1962 12. 88.
1963 12. 88.
1964 12. 88.
1965 12. 88.
1966 12. 88.
1967 11. 89.
1968 11. 89.
1969 11. 89.
1970 11. 89.
1971 11. 89.
1972 11. 89.
1973 11. 89.
1974 11. 89.
1975 11. 89.
1976 11. 89.
1977 11. 89.
1978 11. 89.
1979 11. 89.
1980 10. 90.
1981 10. 90.
1982 10. 90.
1983 10. 90.
1984 10. 90.
1985 9. 91.
1986 9. 91.
1987 9. 91.
1988 9. 91.
1989 9. 91.
1990 9. 91.
1991 9. 91.
1992 9. 91.
1993 9. 91.
1994 9. 91.
1995 9. 91.
1996 9. 91.
1997 9. 91.
1998 9. 91.
1999 9. 91.
2000 9. 91.
2001 9. 91.
2002 9. 91.
2003 9. 91.
2004 9. 91.
2005 9. 91.
2006 9. 91.
2007 9. 91.
2008 9. 91.
2009 9. 91.
2010 10. 90.
2011 10. 90.
2012 10. 90.
2013 10. 90.
2014 10. 90.
2015 10. 90.
2016 10. 90.
2017 10. 90.
2018 10. 90.
2019 10. 90.
2020 10. 90.
2021 10. 90.
2022 10. 90.
2023 10. 90.
2024 10. 90.
2025 10. 90.
2026 10. 90.
2027 10. 90.
2028 10. 90.
2029 10. 90.
2030 10. 90.
2031 10. 90.
2032 10. 90.
2033 10. 90.
2034 10. 90.
2035 10. 90.
2036 10. 90.
2037 10. 90.
2038 10. 90.
2039 10. 90.
2040 10. 90.
2041 10. 90.
2042 9. 91.
2043 9. 91.
2044 9. 91.
2045 9. 91.
2046 9. 91.
2047 9. 91.
2048 9. 91.
2049 9. 91.
2050 9. 91.
2051 9. 91.
2052 9. 91.
2053 9. 91.
2054 9. 91.
2055 9. 91.
2056 9. 91.
2057 9. 91.
2058 8. 92.
2059 8. 92.
2060 8. 92.
2061 8. 92.
2062 8. 92.
2063 8. 92.
2064 9. 91.
2065 9. 91.
2066 9. 91.
2067 9. 91.
2068 9. 91.
2069 9. 91.
2070 9. 91.
2071 10. 90.
2072 10. 90.
2073 10. 90.
2074 10. 90.
2075 9. 91.
2076 10. 90.
2077 10. 90.
2078 10. 90.
2079 9. 91.
2080 9. 91.
2081 9. 91.
2082 9. 91.
2083 9. 91.
2084 9. 91.
2085 9. 91.
2086 9. 91.
2087 8. 92.
2088 8. 92.
2089 8. 92.
2090 8. 92.
2091 8. 92.
2092 8. 92.
2093 8. 92.
2094 8. 92.
2095 9. 91.
2096 9. 91.
2097 9. 91.
2098 9. 91.
2099 9. 91.
2100 9. 91.
2101 9. 91.
2102 9. 91.
2103 9. 91.
2104 9. 91.
2105 9. 91.
2106 9. 91.
2107 9. 91.
2108 9. 91.
2109 8. 92.
2110 8. 92.
2111 8. 92.
2112 8. 92.
2113 8. 92.
2114 8. 92.
2115 8. 92.
2116 8. 92.
2117 7. 93.
2118 7. 93.
2119 7. 93.
2120 7. 93.
2121 7. 93.
2122 7. 93.
2123 7. 93.
2124 7. 93.
2125 7. 93.
2126 7. 93.
2127 7. 93.
2128 7. 93.
2129 7. 93.
2130 7. 93.
2131 7. 93.
2132 7. 93.
2133 7. 93.
2134 7. 93.
2135 7. 93.
2136 7. 93.
2137 7. 93.
2138 7. 93.
2139 7. 93.
2140 7. 93.
2141 7. 93.
2142 7. 93.
2143 7. 93.
2144 8. 92.
2145 8. 92.
2146 8. 92.
2147 8. 92.
2148 8. 92.
2149 8. 92.
2150 8. 92.
2151 8. 92.
2152 8. 92.
2153 8. 92.
2154 8. 92.
2155 8. 92.
2156 8. 92.
2157 8. 92.
2158 8. 92.
2159 8. 92.
2160 8. 92.
2161 7. 93.
2162 7. 93.
2163 7. 93.
2164 7. 93.
2165 8. 92.
2166 8. 92.
2167 8. 92.
2168 8. 92.
2169 8. 92.
2170 8. 92.
2171 8. 92.
2172 8. 92.
2173 7. 93.
2174 7. 93.
2175 7. 93.
2176 8. 92.
2177 8. 92.
2178 8. 92.
2179 8. 92.
2180 8. 92.
2181 8. 92.
2182 8. 92.
2183 8. 92.
2184 8. 92.
2185 8. 92.
2186 8. 92.
2187 8. 92.
2188 8. 92.
2189 8. 92.
2190 8. 92.
2191 9. 91.
2192 10. 90.
2193 10. 90.
2194 10. 90.
2195 10. 90.
2196 10. 90.
2197 10. 90.
2198 10. 90.
2199 10. 90.
2200 10. 90.
2201 10. 90.
2202 10. 90.
2203 10. 90.
2204 10. 90.
2205 10. 90.
2206 10. 90.
2207 10. 90.
2208 10. 90.
2209 10. 90.
2210 10. 90.
2211 10. 90.
2212 10. 90.
2213 10. 90.
2214 9. 91.
2215 9. 91.
2216 9. 91.
2217 10. 90.
2218 10. 90.
2219 10. 90.
2220 10. 90.
2221 10. 90.
2222 10. 90.
2223 10. 90.
2224 10. 90.
2225 10. 90.
2226 10. 90.
2227 9. 91.
2228 9. 91.
2229 10. 90.
2230 10. 90.
2231 10. 90.
2232 10. 90.
2233 10. 90.
2234 10. 90.
2235 10. 90.
2236 10. 90.
2237 10. 90.
2238 10. 90.
2239 10. 90.
2240 10. 90.
2241 10. 90.
2242 10. 90.
2243 10. 90.
2244 10. 90.
2245 10. 90.
2246 9. 91.
2247 9. 91.
2248 9. 91.
2249 9. 91.
2250 9. 91.
2251 9. 91.
2252 9. 91.
2253 10. 90.
2254 10. 90.
2255 10. 90.
2256 10. 90.
2257 10. 90.
2258 10. 90.
2259 9. 91.
2260 9. 91.
2261 9. 91.
2262 9. 91.
2263 9. 91.
2264 9. 91.
2265 9. 91.
2266 9. 91.
2267 9. 91.
2268 9. 91.
2269 9. 91.
2270 9. 91.
2271 9. 91.
2272 9. 91.
2273 9. 91.
2274 9. 91.
2275 9. 91.
2276 9. 91.
2277 9. 91.
2278 9. 91.
2279 9. 91.
2280 9. 91.
2281 9. 91.
2282 9. 91.
2283 9. 91.
2284 9. 91.
2285 9. 91.
2286 9. 91.
2287 9. 91.
2288 9. 91.
2289 9. 91.
2290 9. 91.
2291 9. 91.
2292 9. 91.
2293 9. 91.
2294 9. 91.
2295 8. 92.
2296 8. 92.
2297 8. 92.
2298 9. 91.
2299 9. 91.
2300 9. 91.
2301 9. 91.
2302 9. 91.
2303 9. 91.
2304 9. 91.
2305 9. 91.
2306 9. 91.
2307 9. 91.
2308 9. 91.
2309 9. 91.
2310 9. 91.
2311 9. 91.
2312 8. 92.
2313 8. 92.
2314 8. 92.
2315 8. 92.
2316 8. 92.
2317 8. 92.
2318 8. 92.
2319 8. 92.
2320 8. 92.
2321 8. 92.
2322 8. 92.
2323 8. 92.
2324 7. 93.
2325 7. 93.
2326 7. 93.
2327 7. 93.
2328 7. 93.
2329 7. 93.
2330 7. 93.
2331 7. 93.
2332 7. 93.
2333 6. 94.
2334 6. 94.
2335 6. 94.
2336 6. 94.
2337 6. 94.
2338 6. 94.
2339 6. 94.
2340 6. 94.
2341 6. 94.
2342 6. 94.
2343 6. 94.
2344 6. 94.
2345 6. 94.
2346 6. 94.
2347 6. 94.
2348 6. 94.
2349 6. 94.
2350 6. 94.
2351 5. 95.
2352 5. 95.
2353 5. 95.
2354 5. 95.
2355 5. 95.
2356 5. 95.
2357 4. 96.
2358 4. 96.
2359 4. 96.
2360 5. 95.
2361 5. 95.
2362 5. 95.
2363 5. 95.
2364 6. 94.
2365 6. 94.
2366 6. 94.
2367 6. 94.
2368 6. 94.
2369 6. 94.
2370 6. 94.
2371 5. 95.
2372 5. 95.
2373 5. 95.
2374 5. 95.
2375 5. 95.
2376 5. 95.
2377 5. 95.
2378 5. 95.
2379 5. 95.
2380 5. 95.
2381 5. 95.
2382 5. 95.
2383 6. 94.
2384 6. 94.
2385 6. 94.
2386 6. 94.
2387 6. 94.
2388 6. 94.
2389 6. 94.
2390 6. 94.
2391 7. 93.
2392 7. 93.
2393 7. 93.
2394 7. 93.
2395 7. 93.
2396 7. 93.
2397 7. 93.
2398 7. 93.
2399 7. 93.
2400 7. 93.
2401 7. 93.
2402 7. 93.
2403 7. 93.
2404 7. 93.
2405 7. 93.
2406 7. 93.
2407 7. 93.
2408 7. 93.
2409 7. 93.
2410 7. 93.
2411 7. 93.
2412 6. 94.
2413 6. 94.
2414 6. 94.
2415 6. 94.
2416 6. 94.
2417 6. 94.
2418 6. 94.
2419 6. 94.
2420 6. 94.
2421 6. 94.
2422 6. 94.
2423 6. 94.
2424 6. 94.
2425 6. 94.
2426 6. 94.
2427 6. 94.
2428 6. 94.
2429 6. 94.
2430 6. 94.
2431 6. 94.
2432 6. 94.
2433 6. 94.
2434 6. 94.
2435 6. 94.
2436 6. 94.
2437 6. 94.
2438 6. 94.
2439 7. 93.
2440 7. 93.
2441 7. 93.
2442 6. 94.
2443 6. 94.
2444 6. 94.
2445 6. 94.
2446 6. 94.
2447 6. 94.
2448 6. 94.
2449 6. 94.
2450 6. 94.
2451 6. 94.
2452 6. 94.
2453 6. 94.
2454 6. 94.
2455 6. 94.
2456 6. 94.
2457 6. 94.
2458 6. 94.
2459 6. 94.
2460 7. 93.
2461 7. 93.
2462 7. 93.
2463 7. 93.
2464 7. 93.
2465 7. 93.
2466 7. 93.
2467 7. 93.
2468 7. 93.
2469 8. 92.
2470 8. 92.
2471 9. 91.
2472 9. 91.
2473 9. 91.
2474 9. 91.
2475 9. 91.
2476 9. 91.
2477 8. 92.
2478 8. 92.
2479 8. 92.
2480 8. 92.
2481 8. 92.
2482 8. 92.
2483 8. 92.
2484 8. 92.
2485 8. 92.
2486 8. 92.
2487 8. 92.
2488 8. 92.
2489 8. 92.
2490 8. 92.
2491 8. 92.
2492 8. 92.
2493 8. 92.
2494 8. 92.
2495 8. 92.
2496 8. 92.
2497 8. 92.
2498 8. 92.
2499 9. 91.
2500 9. 91.
2501 9. 91.
2502 9. 91.
2503 9. 91.
2504 9. 91.
2505 9. 91.
2506 9. 91.
2507 9. 91.
2508 9. 91.
2509 9. 91.
2510 9. 91.
2511 9. 91.
2512 9. 91.
2513 9. 91.
2514 9. 91.
2515 9. 91.
2516 9. 91.
2517 9. 91.
2518 9. 91.
2519 9. 91.
2520 9. 91.
2521 10. 90.
2522 10. 90.
2523 10. 90.
2524 10. 90.
2525 10. 90.
2526 10. 90.
2527 10. 90.
2528 10. 90.
2529 10. 90.
2530 10. 90.
2531 9. 91.
2532 9. 91.
2533 9. 91.
2534 9. 91.
2535 9. 91.
2536 9. 91.
2537 9. 91.
2538 9. 91.
2539 9. 91.
2540 9. 91.
2541 9. 91.
2542 9. 91.
2543 9. 91.
2544 9. 91.
2545 9. 91.
2546 9. 91.
2547 9. 91.
2548 9. 91.
2549 9. 91.
2550 9. 91.
2551 9. 91.
2552 9. 91.
2553 9. 91.
2554 9. 91.
2555 9. 91.
2556 9. 91.
2557 9. 91.
2558 9. 91.
2559 9. 91.
2560 9. 91.
2561 9. 91.
2562 9. 91.
2563 9. 91.
2564 9. 91.
2565 9. 91.
2566 9. 91.
2567 9. 91.
2568 9. 91.
2569 9. 91.
2570 9. 91.
2571 9. 91.
2572 9. 91.
2573 9. 91.
2574 9. 91.
2575 10. 90.
2576 10. 90.
2577 10. 90.
2578 10. 90.
2579 10. 90.
2580 10. 90.
2581 10. 90.
2582 10. 90.
2583 10. 90.
2584 10. 90.
2585 10. 90.
2586 10. 90.
2587 10. 90.
2588 10. 90.
2589 10. 90.
2590 10. 90.
2591 10. 90.
2592 10. 90.
2593 10. 90.
2594 10. 90.
2595 10. 90.
2596 10. 90.
2597 10. 90.
2598 10. 90.
2599 10. 90.
2600 10. 90.
2601 10. 90.
2602 10. 90.
2603 10. 90.
2604 10. 90.
2605 10. 90.
2606 10. 90.
2607 10. 90.
2608 10. 90.
2609 10. 90.
2610 10. 90.
2611 10. 90.
2612 10. 90.
2613 10. 90.
2614 10. 90.
2615 10. 90.
2616 10. 90.
2617 10. 90.
2618 10. 90.
2619 11. 89.
2620 11. 89.
2621 11. 89.
2622 11. 89.
2623 11. 89.
2624 11. 89.
2625 11. 89.
2626 11. 89.
2627 11. 89.
2628 12. 88.
2629 12. 88.
2630 12. 88.
2631 12. 88.
2632 11. 89.
2633 11. 89.
2634 11. 89.
2635 11. 89.
2636 11. 89.
2637 11. 89.
2638 10. 90.
2639 10. 90.
2640 10. 90.
2641 10. 90.
2642 10. 90.
2643 10. 90.
2644 10. 90.
2645 10. 90.
2646 10. 90.
2647 10. 90.
2648 10. 90.
2649 9. 91.
2650 9. 91.
2651 9. 91.
2652 9. 91.
2653 9. 91.
2654 9. 91.
2655 9. 91.
2656 10. 90.
2657 10. 90.
2658 10. 90.
2659 10. 90.
2660 10. 90.
2661 10. 90.
2662 10. 90.
2663 10. 90.
2664 10. 90.
2665 10. 90.
2666 10. 90.
2667 10. 90.
2668 10. 90.
2669 10. 90.
2670 10. 90.
2671 10. 90.
2672 10. 90.
2673 10. 90.
2674 10. 90.
2675 10. 90.
2676 11. 89.
2677 11. 89.
2678 11. 89.
2679 11. 89.
2680 11. 89.
2681 11. 89.
2682 11. 89.
2683 11. 89.
2684 12. 88.
2685 12. 88.
2686 12. 88.
2687 12. 88.
2688 12. 88.
2689 12. 88.
2690 12. 88.
2691 12. 88.
2692 12. 88.
2693 12. 88.
2694 12. 88.
2695 12. 88.
2696 12. 88.
2697 12. 88.
2698 12. 88.
2699 12. 88.
2700 12. 88.
2701 11. 89.
2702 11. 89.
2703 11. 89.
2704 11. 89.
2705 11. 89.
2706 11. 89.
2707 12. 88.
2708 11. 89.
2709 11. 89.
2710 11. 89.
2711 11. 89.
2712 11. 89.
2713 11. 89.
2714 11. 89.
2715 11. 89.
2716 11. 89.
2717 11. 89.
2718 11. 89.
2719 11. 89.
2720 11. 89.
2721 11. 89.
2722 11. 89.
2723 11. 89.
2724 11. 89.
2725 11. 89.
2726 11. 89.
2727 11. 89.
2728 12. 88.
2729 12. 88.
2730 12. 88.
2731 12. 88.
2732 12. 88.
2733 12. 88.
2734 12. 88.
2735 12. 88.
2736 11. 89.
2737 11. 89.
2738 11. 89.
2739 11. 89.
2740 11. 89.
2741 11. 89.
2742 11. 89.
2743 11. 89.
2744 11. 89.
2745 11. 89.
2746 11. 89.
2747 11. 89.
2748 12. 88.
2749 13. 87.
2750 13. 87.
2751 13. 87.
2752 13. 87.
2753 13. 87.
2754 13. 87.
2755 13. 87.
2756 13. 87.
2757 13. 87.
2758 13. 87.
2759 13. 87.
2760 13. 87.
2761 13. 87.
2762 13. 87.
2763 13. 87.
2764 14. 86.
2765 14. 86.
2766 14. 86.
2767 14. 86.
2768 14. 86.
2769 14. 86.
2770 14. 86.
2771 13. 87.
2772 13. 87.
2773 13. 87.
2774 13. 87.
2775 13. 87.
2776 13. 87.
2777 13. 87.
2778 13. 87.
2779 14. 86.
2780 14. 86.
2781 14. 86.
2782 14. 86.
2783 14. 86.
2784 14. 86.
2785 14. 86.
2786 14. 86.
2787 14. 86.
2788 14. 86.
2789 14. 86.
2790 14. 86.
2791 14. 86.
2792 14. 86.
2793 14. 86.
2794 14. 86.
2795 13. 87.
2796 13. 87.
2797 12. 88.
2798 12. 88.
2799 12. 88.
2800 12. 88.
2801 12. 88.
2802 12. 88.
2803 12. 88.
2804 12. 88.
2805 12. 88.
2806 12. 88.
2807 12. 88.
2808 12. 88.
2809 12. 88.
2810 12. 88.
2811 12. 88.
2812 12. 88.
2813 12. 88.
2814 12. 88.
2815 12. 88.
2816 12. 88.
2817 12. 88.
2818 12. 88.
2819 12. 88.
2820 12. 88.
2821 12. 88.
2822 12. 88.
2823 12. 88.
2824 12. 88.
2825 12. 88.
2826 12. 88.
2827 12. 88.
2828 12. 88.
2829 12. 88.
2830 12. 88.
2831 12. 88.
2832 12. 88.
2833 12. 88.
2834 12. 88.
2835 12. 88.
2836 11. 89.
2837 11. 89.
2838 11. 89.
2839 11. 89.
2840 11. 89.
2841 11. 89.
2842 11. 89.
2843 11. 89.
2844 11. 89.
2845 11. 89.
2846 11. 89.
2847 11. 89.
2848 11. 89.
2849 11. 89.
2850 11. 89.
2851 11. 89.
2852 11. 89.
2853 11. 89.
2854 11. 89.
2855 11. 89.
2856 11. 89.
2857 11. 89.
2858 11. 89.
2859 11. 89.
2860 11. 89.
2861 11. 89.
2862 11. 89.
2863 11. 89.
2864 11. 89.
2865 11. 89.
2866 11. 89.
2867 11. 89.
2868 12. 88.
2869 12. 88.
2870 12. 88.
2871 12. 88.
2872 12. 88.
2873 12. 88.
2874 12. 88.
2875 12. 88.
2876 12. 88.
2877 12. 88.
2878 12. 88.
2879 12. 88.
2880 12. 88.
2881 12. 88.
2882 12. 88.
2883 12. 88.
2884 12. 88.
2885 12. 88.
2886 12. 88.
2887 12. 88.
2888 12. 88.
2889 12. 88.
2890 12. 88.
2891 12. 88.
2892 12. 88.
2893 12. 88.
2894 12. 88.
2895 12. 88.
2896 12. 88.
2897 11. 89.
2898 11. 89.
2899 11. 89.
2900 11. 89.
2901 11. 89.
2902 11. 89.
2903 11. 89.
2904 11. 89.
2905 11. 89.
2906 11. 89.
2907 11. 89.
2908 10. 90.
2909 11. 89.
2910 11. 89.
2911 11. 89.
2912 11. 89.
2913 10. 90.
2914 10. 90.
2915 10. 90.
2916 11. 89.
2917 11. 89.
2918 11. 89.
2919 11. 89.
2920 11. 89.
2921 11. 89.
2922 11. 89.
2923 11. 89.
2924 11. 89.
2925 11. 89.
2926 11. 89.
2927 10. 90.
2928 10. 90.
2929 10. 90.
2930 10. 90.
2931 10. 90.
2932 10. 90.
2933 10. 90.
2934 10. 90.
2935 10. 90.
2936 10. 90.
2937 10. 90.
2938 10. 90.
2939 10. 90.
2940 11. 89.
2941 11. 89.
2942 11. 89.
2943 11. 89.
2944 11. 89.
2945 12. 88.
2946 11. 89.
2947 11. 89.
2948 11. 89.
2949 11. 89.
2950 11. 89.
2951 11. 89.
2952 11. 89.
2953 11. 89.
2954 11. 89.
2955 11. 89.
2956 11. 89.
2957 11. 89.
2958 11. 89.
2959 10. 90.
2960 10. 90.
2961 10. 90.
2962 10. 90.
2963 10. 90.
2964 10. 90.
2965 10. 90.
2966 10. 90.
2967 10. 90.
2968 10. 90.
2969 10. 90.
2970 10. 90.
2971 9. 91.
2972 9. 91.
2973 9. 91.
2974 8. 92.
2975 8. 92.
2976 8. 92.
2977 8. 92.
2978 8. 92.
2979 8. 92.
2980 8. 92.
2981 8. 92.
2982 8. 92.
2983 8. 92.
2984 8. 92.
2985 8. 92.
2986 8. 92.
2987 8. 92.
2988 8. 92.
2989 8. 92.
2990 8. 92.
2991 7. 93.
2992 7. 93.
2993 7. 93.
2994 8. 92.
2995 8. 92.
2996 8. 92.
2997 8. 92.
2998 8. 92.
2999 8. 92.
3000 8. 92.
3001 8. 92.
3002 8. 92.
3003 8. 92.
3004 8. 92.
3005 9. 91.
3006 9. 91.
3007 9. 91.
3008 9. 91.
3009 9. 91.
3010 9. 91.
3011 9. 91.
3012 8. 92.
3013 8. 92.
3014 8. 92.
3015 8. 92.
3016 8. 92.
3017 8. 92.
3018 9. 91.
3019 9. 91.
3020 9. 91.
3021 9. 91.
3022 9. 91.
3023 9. 91.
3024 9. 91.
3025 9. 91.
3026 9. 91.
3027 9. 91.
3028 9. 91.
3029 9. 91.
3030 9. 91.
3031 9. 91.
3032 10. 90.
3033 10. 90.
3034 10. 90.
3035 10. 90.
3036 10. 90.
3037 10. 90.
3038 10. 90.
3039 10. 90.
3040 10. 90.
3041 10. 90.
3042 10. 90.
3043 10. 90.
3044 10. 90.
3045 11. 89.
3046 11. 89.
3047 11. 89.
3048 11. 89.
3049 11. 89.
3050 11. 89.
3051 10. 90.
3052 10. 90.
3053 10. 90.
3054 10. 90.
3055 10. 90.
3056 10. 90.
3057 10. 90.
3058 10. 90.
3059 10. 90.
3060 9. 91.
3061 9. 91.
3062 9. 91.
3063 9. 91.
3064 9. 91.
3065 9. 91.
3066 9. 91.
3067 9. 91.
3068 9. 91.
3069 9. 91.
3070 9. 91.
3071 9. 91.
3072 9. 91.
3073 9. 91.
3074 9. 91.
3075 9. 91.
3076 9. 91.
3077 9. 91.
3078 10. 90.
3079 10. 90.
3080 10. 90.
3081 10. 90.
3082 10. 90.
3083 10. 90.
3084 10. 90.
3085 10. 90.
3086 10. 90.
3087 10. 90.
3088 11. 89.
3089 11. 89.
3090 11. 89.
3091 11. 89.
3092 11. 89.
3093 11. 89.
3094 11. 89.
3095 10. 90.
3096 10. 90.
3097 10. 90.
3098 10. 90.
3099 10. 90.
3100 11. 89.
3101 12. 88.
3102 12. 88.
3103 12. 88.
3104 12. 88.
3105 12. 88.
3106 12. 88.
3107 12. 88.
3108 12. 88.
3109 12. 88.
3110 12. 88.
3111 11. 89.
3112 11. 89.
3113 11. 89.
3114 11. 89.
3115 11. 89.
3116 11. 89.
3117 11. 89.
3118 11. 89.
3119 11. 89.
3120 11. 89.
3121 11. 89.
3122 11. 89.
3123 11. 89.
3124 11. 89.
3125 11. 89.
3126 11. 89.
3127 11. 89.
3128 11. 89.
3129 11. 89.
3130 11. 89.
3131 10. 90.
3132 9. 91.
3133 9. 91.
3134 9. 91.
3135 9. 91.
3136 9. 91.
3137 9. 91.
3138 9. 91.
3139 9. 91.
3140 8. 92.
3141 8. 92.
3142 8. 92.
3143 8. 92.
3144 8. 92.
3145 8. 92.
3146 8. 92.
3147 8. 92.
3148 8. 92.
3149 7. 93.
3150 7. 93.
3151 7. 93.
3152 7. 93.
3153 7. 93.
3154 7. 93.
3155 7. 93.
3156 6. 94.
3157 5. 95.
3158 5. 95.
3159 5. 95.
3160 5. 95.
3161 5. 95.
3162 5. 95.
3163 5. 95.
3164 5. 95.
3165 5. 95.
3166 5. 95.
3167 5. 95.
3168 5. 95.
3169 5. 95.
3170 5. 95.
3171 6. 94.
3172 6. 94.
3173 6. 94.
3174 6. 94.
3175 6. 94.
3176 6. 94.
3177 6. 94.
3178 6. 94.
3179 6. 94.
3180 6. 94.
3181 6. 94.
3182 6. 94.
3183 6. 94.
3184 6. 94.
3185 6. 94.
3186 6. 94.
3187 6. 94.
3188 6. 94.
3189 6. 94.
3190 6. 94.
3191 6. 94.
3192 6. 94.
3193 7. 93.
3194 7. 93.
3195 7. 93.
3196 7. 93.
3197 7. 93.
3198 7. 93.
3199 8. 92.
3200 8. 92.
3201 8. 92.
3202 8. 92.
3203 8. 92.
3204 8. 92.
3205 8. 92.
3206 8. 92.
3207 8. 92.
3208 8. 92.
3209 8. 92.
3210 8. 92.
3211 8. 92.
3212 8. 92.
3213 8. 92.
3214 8. 92.
3215 8. 92.
3216 8. 92.
3217 8. 92.
3218 8. 92.
3219 8. 92.
3220 8. 92.
3221 8. 92.
3222 8. 92.
3223 8. 92.
3224 8. 92.
3225 8. 92.
3226 8. 92.
3227 8. 92.
3228 8. 92.
3229 8. 92.
3230 8. 92.
3231 8. 92.
3232 8. 92.
3233 8. 92.
3234 9. 91.
3235 9. 91.
3236 9. 91.
3237 9. 91.
3238 9. 91.
3239 9. 91.
3240 9. 91.
3241 9. 91.
3242 9. 91.
3243 9. 91.
3244 10. 90.
3245 10. 90.
3246 10. 90.
3247 10. 90.
3248 10. 90.
3249 10. 90.
3250 10. 90.
3251 10. 90.
3252 10. 90.
3253 10. 90.
3254 11. 89.
3255 11. 89.
3256 11. 89.
3257 11. 89.
3258 11. 89.
3259 11. 89.
3260 11. 89.
3261 11. 89.
3262 11. 89.
3263 11. 89.
3264 11. 89.
3265 11. 89.
3266 11. 89.
3267 11. 89.
3268 11. 89.
3269 11. 89.
3270 12. 88.
3271 12. 88.
3272 12. 88.
3273 12. 88.
3274 12. 88.
3275 12. 88.
3276 12. 88.
3277 12. 88.
3278 12. 88.
3279 12. 88.
3280 12. 88.
3281 12. 88.
3282 12. 88.
3283 12. 88.
3284 12. 88.
3285 13. 87.
3286 13. 87.
3287 13. 87.
3288 13. 87.
3289 13. 87.
3290 13. 87.
3291 13. 87.
3292 13. 87.
3293 13. 87.
3294 13. 87.
3295 13. 87.
3296 13. 87.
3297 12. 88.
3298 12. 88.
3299 11. 89.
3300 11. 89.
3301 11. 89.
3302 11. 89.
3303 11. 89.
3304 11. 89.
3305 11. 89.
3306 11. 89.
3307 12. 88.
3308 12. 88.
3309 12. 88.
3310 12. 88.
3311 12. 88.
3312 12. 88.
3313 12. 88.
3314 12. 88.
3315 12. 88.
3316 12. 88.
3317 12. 88.
3318 12. 88.
3319 12. 88.
3320 12. 88.
3321 12. 88.
3322 12. 88.
3323 12. 88.
3324 12. 88.
3325 12. 88.
3326 12. 88.
3327 12. 88.
3328 12. 88.
3329 13. 87.
3330 13. 87.
3331 13. 87.
3332 13. 87.
3333 13. 87.
3334 13. 87.
3335 12. 88.
3336 12. 88.
3337 12. 88.
3338 12. 88.
3339 12. 88.
3340 12. 88.
3341 13. 87.
3342 13. 87.
3343 13. 87.
3344 13. 87.
3345 13. 87.
3346 13. 87.
3347 13. 87.
3348 13. 87.
3349 13. 87.
3350 13. 87.
3351 13. 87.
3352 13. 87.
3353 13. 87.
3354 13. 87.
3355 13. 87.
3356 13. 87.
3357 13. 87.
3358 13. 87.
3359 13. 87.
3360 13. 87.
3361 13. 87.
3362 13. 87.
3363 13. 87.
3364 13. 87.
3365 13. 87.
3366 13. 87.
3367 13. 87.
3368 13. 87.
3369 13. 87.
3370 13. 87.
3371 13. 87.
3372 13. 87.
3373 12. 88.
3374 12. 88.
3375 12. 88.
3376 12. 88.
3377 12. 88.
3378 12. 88.
3379 12. 88.
3380 12. 88.
3381 12. 88.
3382 11. 89.
3383 11. 89.
3384 11. 89.
3385 11. 89.
3386 11. 89.
3387 11. 89.
3388 11. 89.
3389 11. 89.
3390 11. 89.
3391 11. 89.
3392 12. 88.
3393 12. 88.
3394 12. 88.
3395 12. 88.
3396 12. 88.
3397 12. 88.
3398 11. 89.
3399 11. 89.
3400 11. 89.
3401 11. 89.
3402 11. 89.
3403 12. 88.
3404 12. 88.
3405 12. 88.
3406 13. 87.
3407 13. 87.
3408 13. 87.
3409 13. 87.
3410 13. 87.
3411 13. 87.
3412 13. 87.
3413 13. 87.
3414 13. 87.
3415 13. 87.
3416 14. 86.
3417 14. 86.
3418 14. 86.
3419 14. 86.
3420 14. 86.
3421 14. 86.
3422 14. 86.
3423 14. 86.
3424 14. 86.
3425 14. 86.
3426 14. 86.
3427 14. 86.
3428 14. 86.
3429 14. 86.
3430 13. 87.
3431 14. 86.
3432 14. 86.
3433 14. 86.
3434 14. 86.
3435 14. 86.
3436 14. 86.
3437 14. 86.
3438 14. 86.
3439 14. 86.
3440 14. 86.
3441 14. 86.
3442 14. 86.
3443 14. 86.
3444 14. 86.
3445 14. 86.
3446 14. 86.
3447 14. 86.
3448 14. 86.
3449 14. 86.
3450 14. 86.
3451 14. 86.
3452 14. 86.
3453 14. 86.
3454 14. 86.
3455 14. 86.
3456 14. 86.
3457 14. 86.
3458 14. 86.
3459 13. 87.
3460 12. 88.
3461 12. 88.
3462 12. 88.
3463 12. 88.
3464 12. 88.
3465 12. 88.
3466 12. 88.
3467 12. 88.
3468 12. 88.
3469 12. 88.
3470 12. 88.
3471 12. 88.
3472 12. 88.
3473 12. 88.
3474 12. 88.
3475 12. 88.
3476 12. 88.
3477 12. 88.
3478 12. 88.
3479 12. 88.
3480 11. 89.
3481 11. 89.
3482 11. 89.
3483 12. 88.
3484 12. 88.
3485 12. 88.
3486 12. 88.
3487 12. 88.
3488 12. 88.
3489 12. 88.
3490 12. 88.
3491 12. 88.
3492 12. 88.
3493 12. 88.
3494 12. 88.
3495 12. 88.
3496 12. 88.
3497 12. 88.
3498 12. 88.
3499 12. 88.
3500 12. 88.
3501 11. 89.
3502 11. 89.
3503 11. 89.
3504 11. 89.
3505 12. 88.
3506 12. 88.
3507 12. 88.
3508 12. 88.
3509 12. 88.
3510 12. 88.
3511 13. 87.
3512 12. 88.
3513 12. 88.
3514 11. 89.
3515 12. 88.
3516 12. 88.
3517 12. 88.
3518 12. 88.
3519 12. 88.
3520 12. 88.
3521 11. 89.
3522 10. 90.
3523 10. 90.
3524 10. 90.
3525 10. 90.
3526 10. 90.
3527 10. 90.
3528 10. 90.
3529 10. 90.
3530 10. 90.
3531 10. 90.
3532 10. 90.
3533 10. 90.
3534 10. 90.
3535 10. 90.
3536 10. 90.
3537 10. 90.
3538 9. 91.
3539 9. 91.
3540 9. 91.
3541 9. 91.
3542 9. 91.
3543 9. 91.
3544 9. 91.
3545 9. 91.
3546 9. 91.
3547 10. 90.
3548 10. 90.
3549 9. 91.
3550 8. 92.
3551 8. 92.
3552 9. 91.
3553 9. 91.
3554 9. 91.
3555 9. 91.
3556 9. 91.
3557 9. 91.
3558 9. 91.
3559 9. 91.
3560 9. 91.
3561 9. 91.
3562 9. 91.
3563 9. 91.
3564 9. 91.
3565 8. 92.
3566 8. 92.
3567 8. 92.
3568 8. 92.
3569 8. 92.
3570 8. 92.
3571 8. 92.
3572 8. 92.
3573 8. 92.
3574 8. 92.
3575 7. 93.
3576 7. 93.
3577 7. 93.
3578 7. 93.
3579 7. 93.
3580 7. 93.
3581 7. 93.
3582 7. 93.
3583 8. 92.
3584 9. 91.
3585 9. 91.
3586 9. 91.
3587 9. 91.
3588 10. 90.
3589 10. 90.
3590 10. 90.
3591 10. 90.
3592 10. 90.
3593 10. 90.
3594 10. 90.
3595 10. 90.
3596 10. 90.
3597 10. 90.
3598 10. 90.
3599 9. 91.
3600 9. 91.
3601 8. 92.
3602 8. 92.
3603 8. 92.
3604 8. 92.
3605 8. 92.
3606 8. 92.
3607 8. 92.
3608 8. 92.
3609 8. 92.
3610 8. 92.
3611 8. 92.
3612 8. 92.
3613 8. 92.
3614 8. 92.
3615 8. 92.
3616 8. 92.
3617 8. 92.
3618 8. 92.
3619 8. 92.
3620 8. 92.
3621 8. 92.
3622 8. 92.
3623 8. 92.
3624 8. 92.
3625 8. 92.
3626 8. 92.
3627 8. 92.
3628 8. 92.
3629 8. 92.
3630 8. 92.
3631 8. 92.
3632 8. 92.
3633 8. 92.
3634 8. 92.
3635 8. 92.
3636 8. 92.
3637 8. 92.
3638 8. 92.
3639 8. 92.
3640 8. 92.
3641 8. 92.
3642 8. 92.
3643 8. 92.
3644 8. 92.
3645 8. 92.
3646 8. 92.
3647 8. 92.
3648 8. 92.
3649 8. 92.
3650 8. 92.
3651 8. 92.
3652 8. 92.
3653 8. 92.
3654 8. 92.
3655 8. 92.
3656 8. 92.
3657 8. 92.
3658 8. 92.
3659 8. 92.
3660 8. 92.
3661 8. 92.
3662 8. 92.
3663 8. 92.
3664 8. 92.
3665 8. 92.
3666 8. 92.
3667 8. 92.
3668 8. 92.
3669 8. 92.
3670 8. 92.
3671 8. 92.
3672 8. 92.
3673 8. 92.
3674 8. 92.
3675 8. 92.
3676 8. 92.
3677 8. 92.
3678 8. 92.
3679 8. 92.
3680 8. 92.
3681 8. 92.
3682 8. 92.
3683 8. 92.
3684 8. 92.
3685 8. 92.
3686 8. 92.
3687 8. 92.
3688 8. 92.
3689 8. 92.
3690 8. 92.
3691 8. 92.
3692 9. 91.
3693 9. 91.
3694 9. 91.
3695 9. 91.
3696 9. 91.
3697 9. 91.
3698 9. 91.
3699 9. 91.
3700 9. 91.
3701 9. 91.
3702 9. 91.
3703 9. 91.
3704 9. 91.
3705 9. 91.
3706 9. 91.
3707 9. 91.
3708 9. 91.
3709 9. 91.
3710 9. 91.
3711 9. 91.
3712 9. 91.
3713 9. 91.
3714 9. 91.
3715 9. 91.
3716 9. 91.
3717 9. 91.
3718 9. 91.
3719 9. 91.
3720 8. 92.
3721 8. 92.
3722 8. 92.
3723 8. 92.
3724 8. 92.
3725 8. 92.
3726 8. 92.
3727 7. 93.
3728 8. 92.
3729 8. 92.
3730 8. 92.
3731 8. 92.
3732 8. 92.
3733 8. 92.
3734 8. 92.
3735 8. 92.
3736 7. 93.
3737 7. 93.
3738 7. 93.
3739 7. 93.
3740 7. 93.
3741 7. 93.
3742 7. 93.
3743 7. 93.
3744 7. 93.
3745 7. 93.
3746 7. 93.
3747 7. 93.
3748 7. 93.
3749 7. 93.
3750 7. 93.
3751 7. 93.
3752 7. 93.
3753 7. 93.
3754 7. 93.
3755 7. 93.
3756 7. 93.
3757 7. 93.
3758 7. 93.
3759 7. 93.
3760 6. 94.
3761 6. 94.
3762 6. 94.
3763 7. 93.
3764 7. 93.
3765 7. 93.
3766 7. 93.
3767 6. 94.
3768 6. 94.
3769 6. 94.
3770 6. 94.
3771 6. 94.
3772 6. 94.
3773 6. 94.
3774 6. 94.
3775 6. 94.
3776 6. 94.
3777 6. 94.
3778 6. 94.
3779 6. 94.
3780 6. 94.
3781 6. 94.
3782 6. 94.
3783 6. 94.
3784 6. 94.
3785 6. 94.
3786 6. 94.
3787 6. 94.
3788 7. 93.
3789 7. 93.
3790 7. 93.
3791 7. 93.
3792 7. 93.
3793 7. 93.
3794 7. 93.
3795 7. 93.
3796 7. 93.
3797 7. 93.
3798 7. 93.
3799 7. 93.
3800 7. 93.
3801 7. 93.
3802 7. 93.
3803 7. 93.
3804 7. 93.
3805 8. 92.
3806 8. 92.
3807 8. 92.
3808 7. 93.
3809 7. 93.
3810 7. 93.
3811 7. 93.
3812 7. 93.
3813 8. 92.
3814 8. 92.
3815 8. 92.
3816 8. 92.
3817 8. 92.
3818 8. 92.
3819 8. 92.
3820 8. 92.
3821 8. 92.
3822 8. 92.
3823 8. 92.
3824 8. 92.
3825 8. 92.
3826 8. 92.
3827 8. 92.
3828 8. 92.
3829 8. 92.
3830 8. 92.
3831 8. 92.
3832 8. 92.
3833 8. 92.
3834 8. 92.
3835 8. 92.
3836 8. 92.
3837 9. 91.
3838 9. 91.
3839 9. 91.
3840 9. 91.
3841 9. 91.
3842 9. 91.
3843 9. 91.
3844 9. 91.
3845 8. 92.
3846 8. 92.
3847 8. 92.
3848 8. 92.
3849 8. 92.
3850 8. 92.
3851 8. 92.
3852 8. 92.
3853 8. 92.
3854 8. 92.
3855 8. 92.
3856 8. 92.
3857 8. 92.
3858 8. 92.
3859 8. 92.
3860 8. 92.
3861 8. 92.
3862 8. 92.
3863 8. 92.
3864 8. 92.
3865 8. 92.
3866 9. 91.
3867 9. 91.
3868 9. 91.
3869 9. 91.
3870 9. 91.
3871 9. 91.
3872 9. 91.
3873 9. 91.
3874 9. 91.
3875 9. 91.
3876 9. 91.
3877 9. 91.
3878 9. 91.
3879 9. 91.
3880 9. 91.
3881 9. 91.
3882 9. 91.
3883 9. 91.
3884 9. 91.
3885 9. 91.
3886 9. 91.
3887 9. 91.
3888 8. 92.
3889 8. 92.
3890 8. 92.
3891 8. 92.
3892 8. 92.
3893 8. 92.
3894 8. 92.
3895 8. 92.
3896 8. 92.
3897 8. 92.
3898 8. 92.
3899 8. 92.
3900 8. 92.
3901 7. 93.
3902 7. 93.
3903 7. 93.
3904 7. 93.
3905 7. 93.
3906 7. 93.
3907 7. 93.
3908 7. 93.
3909 7. 93.
3910 7. 93.
3911 7. 93.
3912 7. 93.
3913 7. 93.
3914 7. 93.
3915 7. 93.
3916 7. 93.
3917 7. 93.
3918 7. 93.
3919 7. 93.
3920 7. 93.
3921 7. 93.
3922 7. 93.
3923 7. 93.
3924 8. 92.
3925 8. 92.
3926 8. 92.
3927 8. 92.
3928 8. 92.
3929 8. 92.
3930 8. 92.
3931 8. 92.
3932 8. 92.
3933 8. 92.
3934 8. 92.
3935 8. 92.
3936 8. 92.
3937 8. 92.
3938 8. 92.
3939 8. 92.
3940 8. 92.
3941 8. 92.
3942 8. 92.
3943 8. 92.
3944 8. 92.
3945 8. 92.
3946 8. 92.
3947 8. 92.
3948 8. 92.
3949 8. 92.
3950 8. 92.
3951 8. 92.
3952 8. 92.
3953 8. 92.
3954 8. 92.
3955 8. 92.
3956 8. 92.
3957 8. 92.
3958 8. 92.
3959 8. 92.
3960 8. 92.
3961 8. 92.
3962 8. 92.
3963 8. 92.
3964 8. 92.
3965 7. 93.
3966 7. 93.
3967 7. 93.
3968 7. 93.
3969 7. 93.
3970 7. 93.
3971 7. 93.
3972 7. 93.
3973 6. 94.
3974 6. 94.
3975 6. 94.
3976 6. 94.
3977 6. 94.
3978 6. 94.
3979 6. 94.
3980 6. 94.
3981 6. 94.
3982 6. 94.
3983 7. 93.
3984 7. 93.
3985 7. 93.
3986 8. 92.
3987 8. 92.
3988 8. 92.
3989 8. 92.
3990 8. 92.
3991 8. 92.
3992 8. 92.
3993 8. 92.
3994 8. 92.
3995 8. 92.
3996 9. 91.
3997 8. 92.
3998 8. 92.
3999 8. 92.
4000 8. 92.
4001 8. 92.
4002 8. 92.
4003 8. 92.
4004 8. 92.
4005 8. 92.
4006 8. 92.
4007 8. 92.
4008 8. 92.
4009 8. 92.
4010 8. 92.
4011 8. 92.
4012 8. 92.
4013 8. 92.
4014 8. 92.
4015 8. 92.
4016 8. 92.
4017 8. 92.
4018 8. 92.
4019 8. 92.
4020 8. 92.
4021 8. 92.
4022 8. 92.
4023 8. 92.
4024 8. 92.
4025 8. 92.
4026 8. 92.
4027 8. 92.
4028 8. 92.
4029 8. 92.
4030 8. 92.
4031 8. 92.
4032 8. 92.
4033 8. 92.
4034 8. 92.
4035 8. 92.
4036 8. 92.
4037 7. 93.
4038 7. 93.
4039 7. 93.
4040 7. 93.
4041 7. 93.
4042 6. 94.
4043 7. 93.
4044 7. 93.
4045 7. 93.
4046 8. 92.
4047 8. 92.
4048 8. 92.
4049 8. 92.
4050 8. 92.
4051 8. 92.
4052 8. 92.
4053 8. 92.
4054 8. 92.
4055 8. 92.
4056 8. 92.
4057 8. 92.
4058 8. 92.
4059 8. 92.
4060 8. 92.
4061 8. 92.
4062 8. 92.
4063 8. 92.
4064 8. 92.
4065 8. 92.
4066 8. 92.
4067 8. 92.
4068 8. 92.
4069 8. 92.
4070 8. 92.
4071 8. 92.
4072 8. 92.
4073 8. 92.
4074 8. 92.
4075 8. 92.
4076 8. 92.
4077 8. 92.
4078 8. 92.
4079 8. 92.
4080 8. 92.
4081 8. 92.
4082 8. 92.
4083 8. 92.
4084 8. 92.
4085 8. 92.
4086 8. 92.
4087 8. 92.
4088 8. 92.
4089 8. 92.
4090 8. 92.
4091 8. 92.
4092 8. 92.
4093 8. 92.
4094 8. 92.
4095 8. 92.
4096 8. 92.
4097 8. 92.
4098 8. 92.
4099 8. 92.
4100 8. 92.
4101 9. 91.
4102 8. 92.
4103 8. 92.
4104 8. 92.
4105 8. 92.
4106 8. 92.
4107 7. 93.
4108 7. 93.
4109 7. 93.
4110 7. 93.
4111 7. 93.
4112 7. 93.
4113 7. 93.
4114 7. 93.
4115 7. 93.
4116 7. 93.
4117 7. 93.
4118 7. 93.
4119 7. 93.
4120 7. 93.
4121 7. 93.
4122 7. 93.
4123 7. 93.
4124 7. 93.
4125 7. 93.
4126 7. 93.
4127 7. 93.
4128 7. 93.
4129 6. 94.
4130 6. 94.
4131 6. 94.
4132 6. 94.
4133 7. 93.
4134 6. 94.
4135 6. 94.
4136 6. 94.
4137 6. 94.
4138 6. 94.
4139 6. 94.
4140 6. 94.
4141 6. 94.
4142 6. 94.
4143 6. 94.
4144 6. 94.
4145 6. 94.
4146 6. 94.
4147 6. 94.
4148 6. 94.
4149 6. 94.
4150 6. 94.
4151 6. 94.
4152 6. 94.
4153 6. 94.
4154 6. 94.
4155 6. 94.
4156 6. 94.
4157 6. 94.
4158 6. 94.
4159 6. 94.
4160 6. 94.
4161 6. 94.
4162 6. 94.
4163 6. 94.
4164 6. 94.
4165 6. 94.
4166 6. 94.
4167 6. 94.
4168 6. 94.
4169 6. 94.
4170 6. 94.
4171 6. 94.
4172 6. 94.
4173 6. 94.
4174 6. 94.
4175 6. 94.
4176 6. 94.
4177 6. 94.
4178 6. 94.
4179 6. 94.
4180 6. 94.
4181 6. 94.
4182 6. 94.
4183 6. 94.
4184 6. 94.
4185 6. 94.
4186 6. 94.
4187 6. 94.
4188 6. 94.
4189 6. 94.
4190 6. 94.
4191 6. 94.
4192 5. 95.
4193 5. 95.
4194 5. 95.
4195 5. 95.
4196 5. 95.
4197 5. 95.
4198 5. 95.
4199 5. 95.
4200 5. 95.
4201 5. 95.
4202 5. 95.
4203 5. 95.
4204 4. 96.
4205 4. 96.
4206 4. 96.
4207 4. 96.
4208 4. 96.
4209 4. 96.
4210 4. 96.
4211 4. 96.
4212 4. 96.
4213 5. 95.
4214 5. 95.
4215 5. 95.
4216 5. 95.
4217 5. 95.
4218 5. 95.
4219 5. 95.
4220 5. 95.
4221 5. 95.
4222 5. 95.
4223 5. 95.
4224 5. 95.
4225 5. 95.
4226 5. 95.
4227 5. 95.
4228 5. 95.
4229 5. 95.
4230 5. 95.
4231 5. 95.
4232 5. 95.
4233 5. 95.
4234 5. 95.
4235 5. 95.
4236 5. 95.
4237 5. 95.
4238 5. 95.
4239 5. 95.
4240 5. 95.
4241 5. 95.
4242 5. 95.
4243 5. 95.
4244 5. 95.
4245 5. 95.
4246 5. 95.
4247 6. 94.
4248 6. 94.
4249 6. 94.
4250 6. 94.
4251 6. 94.
4252 6. 94.
4253 6. 94.
4254 6. 94.
4255 6. 94.
4256 6. 94.
4257 6. 94.
4258 6. 94.
4259 6. 94.
4260 6. 94.
4261 5. 95.
4262 5. 95.
4263 5. 95.
4264 5. 95.
4265 5. 95.
4266 5. 95.
4267 5. 95.
4268 5. 95.
4269 5. 95.
4270 5. 95.
4271 5. 95.
4272 5. 95.
4273 5. 95.
4274 5. 95.
4275 5. 95.
4276 5. 95.
4277 5. 95.
4278 5. 95.
4279 5. 95.
4280 5. 95.
4281 5. 95.
4282 5. 95.
4283 5. 95.
4284 5. 95.
4285 5. 95.
4286 5. 95.
4287 5. 95.
4288 6. 94.
4289 6. 94.
4290 6. 94.
4291 6. 94.
4292 6. 94.
4293 6. 94.
4294 6. 94.
4295 6. 94.
4296 6. 94.
4297 6. 94.
4298 6. 94.
4299 6. 94.
4300 6. 94.
4301 6. 94.
4302 6. 94.
4303 6. 94.
4304 6. 94.
4305 6. 94.
4306 6. 94.
4307 6. 94.
4308 6. 94.
4309 6. 94.
4310 6. 94.
4311 6. 94.
4312 6. 94.
4313 6. 94.
4314 7. 93.
4315 7. 93.
4316 7. 93.
4317 7. 93.
4318 7. 93.
4319 7. 93.
4320 7. 93.
4321 6. 94.
4322 6. 94.
4323 6. 94.
4324 6. 94.
4325 6. 94.
4326 6. 94.
4327 6. 94.
4328 6. 94.
4329 6. 94.
4330 6. 94.
4331 6. 94.
4332 6. 94.
4333 6. 94.
4334 6. 94.
4335 6. 94.
4336 6. 94.
4337 7. 93.
4338 7. 93.
4339 7. 93.
4340 6. 94.
4341 6. 94.
4342 6. 94.
4343 6. 94.
4344 6. 94.
4345 6. 94.
4346 6. 94.
4347 6. 94.
4348 6. 94.
4349 6. 94.
4350 6. 94.
4351 6. 94.
4352 6. 94.
4353 6. 94.
4354 6. 94.
4355 6. 94.
4356 6. 94.
4357 6. 94.
4358 6. 94.
4359 6. 94.
4360 6. 94.
4361 6. 94.
4362 6. 94.
4363 6. 94.
4364 6. 94.
4365 6. 94.
4366 6. 94.
4367 6. 94.
4368 6. 94.
4369 6. 94.
4370 6. 94.
4371 6. 94.
4372 5. 95.
4373 5. 95.
4374 5. 95.
4375 5. 95.
4376 5. 95.
4377 5. 95.
4378 5. 95.
4379 5. 95.
4380 5. 95.
4381 5. 95.
4382 5. 95.
4383 5. 95.
4384 5. 95.
4385 5. 95.
4386 5. 95.
4387 4. 96.
4388 4. 96.
4389 4. 96.
4390 3. 97.
4391 3. 97.
4392 3. 97.
4393 3. 97.
4394 3. 97.
4395 3. 97.
4396 3. 97.
4397 3. 97.
4398 3. 97.
4399 3. 97.
4400 3. 97.
4401 3. 97.
4402 3. 97.
4403 3. 97.
4404 3. 97.
4405 3. 97.
4406 3. 97.
4407 3. 97.
4408 3. 97.
4409 3. 97.
4410 3. 97.
4411 3. 97.
4412 3. 97.
4413 3. 97.
4414 3. 97.
4415 3. 97.
4416 3. 97.
4417 3. 97.
4418 3. 97.
4419 3. 97.
4420 3. 97.
4421 3. 97.
4422 3. 97.
4423 3. 97.
4424 3. 97.
4425 3. 97.
4426 3. 97.
4427 3. 97.
4428 3. 97.
4429 3. 97.
4430 3. 97.
4431 3. 97.
4432 3. 97.
4433 3. 97.
4434 3. 97.
4435 3. 97.
4436 3. 97.
4437 3. 97.
4438 3. 97.
4439 3. 97.
4440 3. 97.
4441 3. 97.
4442 4. 96.
4443 4. 96.
4444 4. 96.
4445 4. 96.
4446 4. 96.
4447 4. 96.
4448 4. 96.
4449 4. 96.
4450 4. 96.
4451 4. 96.
4452 4. 96.
4453 4. 96.
4454 4. 96.
4455 4. 96.
4456 4. 96.
4457 4. 96.
4458 4. 96.
4459 4. 96.
4460 4. 96.
4461 4. 96.
4462 4. 96.
4463 4. 96.
4464 4. 96.
4465 4. 96.
4466 4. 96.
4467 4. 96.
4468 4. 96.
4469 4. 96.
4470 4. 96.
4471 4. 96.
4472 4. 96.
4473 4. 96.
4474 4. 96.
4475 4. 96.
4476 4. 96.
4477 4. 96.
4478 4. 96.
4479 4. 96.
4480 4. 96.
4481 4. 96.
4482 4. 96.
4483 4. 96.
4484 4. 96.
4485 4. 96.
4486 4. 96.
4487 4. 96.
4488 4. 96.
4489 4. 96.
4490 4. 96.
4491 4. 96.
4492 4. 96.
4493 3. 97.
4494 3. 97.
4495 3. 97.
4496 3. 97.
4497 3. 97.
4498 3. 97.
4499 3. 97.
4500 3. 97.
4501 3. 97.
4502 3. 97.
4503 3. 97.
4504 3. 97.
4505 3. 97.
4506 3. 97.
4507 3. 97.
4508 3. 97.
4509 3. 97.
4510 3. 97.
4511 3. 97.
4512 3. 97.
4513 3. 97.
4514 3. 97.
4515 3. 97.
4516 3. 97.
4517 3. 97.
4518 3. 97.
4519 3. 97.
4520 3. 97.
4521 3. 97.
4522 3. 97.
4523 3. 97.
4524 3. 97.
4525 3. 97.
4526 4. 96.
4527 4. 96.
4528 4. 96.
4529 4. 96.
4530 4. 96.
4531 4. 96.
4532 4. 96.
4533 4. 96.
4534 4. 96.
4535 4. 96.
4536 4. 96.
4537 4. 96.
4538 4. 96.
4539 4. 96.
4540 4. 96.
4541 3. 97.
4542 3. 97.
4543 3. 97.
4544 3. 97.
4545 3. 97.
4546 4. 96.
4547 4. 96.
4548 4. 96.
4549 4. 96.
4550 4. 96.
4551 4. 96.
4552 4. 96.
4553 4. 96.
4554 4. 96.
4555 3. 97.
4556 3. 97.
4557 3. 97.
4558 3. 97.
4559 3. 97.
4560 3. 97.
4561 3. 97.
4562 3. 97.
4563 3. 97.
4564 3. 97.
4565 3. 97.
4566 3. 97.
4567 3. 97.
4568 3. 97.
4569 3. 97.
4570 3. 97.
4571 3. 97.
4572 3. 97.
4573 3. 97.
4574 3. 97.
4575 3. 97.
4576 3. 97.
4577 3. 97.
4578 3. 97.
4579 3. 97.
4580 3. 97.
4581 3. 97.
4582 3. 97.
4583 3. 97.
4584 3. 97.
4585 3. 97.
4586 3. 97.
4587 3. 97.
4588 3. 97.
4589 3. 97.
4590 3. 97.
4591 3. 97.
4592 3. 97.
4593 3. 97.
4594 3. 97.
4595 3. 97.
4596 3. 97.
4597 3. 97.
4598 3. 97.
4599 3. 97.
4600 3. 97.
4601 3. 97.
4602 3. 97.
4603 3. 97.
4604 3. 97.
4605 3. 97.
4606 3. 97.
4607 3. 97.
4608 3. 97.
4609 3. 97.
4610 3. 97.
4611 3. 97.
4612 3. 97.
4613 3. 97.
4614 3. 97.
4615 3. 97.
4616 3. 97.
4617 3. 97.
4618 3. 97.
4619 3. 97.
4620 3. 97.
4621 3. 97.
4622 3. 97.
4623 4. 96.
4624 4. 96.
4625 4. 96.
4626 3. 97.
4627 3. 97.
4628 3. 97.
4629 3. 97.
4630 3. 97.
4631 3. 97.
4632 3. 97.
4633 3. 97.
4634 3. 97.
4635 3. 97.
4636 3. 97.
4637 3. 97.
4638 3. 97.
4639 3. 97.
4640 3. 97.
4641 3. 97.
4642 3. 97.
4643 3. 97.
4644 3. 97.
4645 3. 97.
4646 3. 97.
4647 3. 97.
4648 3. 97.
4649 3. 97.
4650 3. 97.
4651 3. 97.
4652 3. 97.
4653 3. 97.
4654 3. 97.
4655 3. 97.
4656 3. 97.
4657 3. 97.
4658 3. 97.
4659 3. 97.
4660 3. 97.
4661 4. 96.
4662 4. 96.
4663 4. 96.
4664 4. 96.
4665 4. 96.
4666 4. 96.
4667 4. 96.
4668 4. 96.
4669 4. 96.
4670 4. 96.
4671 4. 96.
4672 4. 96.
4673 4. 96.
4674 4. 96.
4675 4. 96.
4676 4. 96.
4677 4. 96.
4678 4. 96.
4679 4. 96.
4680 4. 96.
4681 4. 96.
4682 4. 96.
4683 4. 96.
4684 4. 96.
4685 4. 96.
4686 4. 96.
4687 4. 96.
4688 4. 96.
4689 4. 96.
4690 4. 96.
4691 4. 96.
4692 4. 96.
4693 4. 96.
4694 4. 96.
4695 4. 96.
4696 4. 96.
4697 4. 96.
4698 4. 96.
4699 4. 96.
4700 5. 95.
4701 5. 95.
4702 5. 95.
4703 5. 95.
4704 5. 95.
4705 5. 95.
4706 5. 95.
4707 5. 95.
4708 5. 95.
4709 5. 95.
4710 5. 95.
4711 5. 95.
4712 5. 95.
4713 5. 95.
4714 5. 95.
4715 5. 95.
4716 5. 95.
4717 5. 95.
4718 5. 95.
4719 5. 95.
4720 5. 95.
4721 5. 95.
4722 5. 95.
4723 5. 95.
4724 5. 95.
4725 5. 95.
4726 5. 95.
4727 5. 95.
4728 4. 96.
4729 4. 96.
4730 4. 96.
4731 4. 96.
4732 4. 96.
4733 4. 96.
4734 4. 96.
4735 4. 96.
4736 4. 96.
4737 4. 96.
4738 4. 96.
4739 4. 96.
4740 4. 96.
4741 4. 96.
4742 4. 96.
4743 4. 96.
4744 4. 96.
4745 4. 96.
4746 4. 96.
4747 4. 96.
4748 4. 96.
4749 4. 96.
4750 4. 96.
4751 4. 96.
4752 4. 96.
4753 3. 97.
4754 3. 97.
4755 3. 97.
4756 3. 97.
4757 3. 97.
4758 3. 97.
4759 4. 96.
4760 4. 96.
4761 4. 96.
4762 4. 96.
4763 4. 96.
4764 4. 96.
4765 4. 96.
4766 4. 96.
4767 4. 96.
4768 4. 96.
4769 4. 96.
4770 4. 96.
4771 4. 96.
4772 4. 96.
4773 4. 96.
4774 4. 96.
4775 4. 96.
4776 4. 96.
4777 4. 96.
4778 4. 96.
4779 4. 96.
4780 4. 96.
4781 4. 96.
4782 4. 96.
4783 4. 96.
4784 4. 96.
4785 4. 96.
4786 4. 96.
4787 4. 96.
4788 4. 96.
4789 4. 96.
4790 4. 96.
4791 4. 96.
4792 4. 96.
4793 4. 96.
4794 4. 96.
4795 4. 96.
4796 4. 96.
4797 4. 96.
4798 4. 96.
4799 4. 96.
4800 4. 96.
4801 4. 96.
4802 4. 96.
4803 4. 96.
4804 4. 96.
4805 4. 96.
4806 4. 96.
4807 4. 96.
4808 4. 96.
4809 4. 96.
4810 4. 96.
4811 4. 96.
4812 4. 96.
4813 4. 96.
4814 4. 96.
4815 4. 96.
4816 4. 96.
4817 4. 96.
4818 4. 96.
4819 4. 96.
4820 4. 96.
4821 4. 96.
4822 4. 96.
4823 4. 96.
4824 4. 96.
4825 4. 96.
4826 4. 96.
4827 4. 96.
4828 4. 96.
4829 4. 96.
4830 4. 96.
4831 4. 96.
4832 4. 96.
4833 4. 96.
4834 3. 97.
4835 3. 97.
4836 3. 97.
4837 3. 97.
4838 3. 97.
4839 3. 97.
4840 3. 97.
4841 3. 97.
4842 3. 97.
4843 3. 97.
4844 4. 96.
4845 4. 96.
4846 4. 96.
4847 4. 96.
4848 4. 96.
4849 4. 96.
4850 4. 96.
4851 4. 96.
4852 4. 96.
4853 4. 96.
4854 4. 96.
4855 4. 96.
4856 4. 96.
4857 4. 96.
4858 4. 96.
4859 4. 96.
4860 4. 96.
4861 4. 96.
4862 4. 96.
4863 4. 96.
4864 4. 96.
4865 4. 96.
4866 4. 96.
4867 4. 96.
4868 5. 95.
4869 5. 95.
4870 5. 95.
4871 5. 95.
4872 5. 95.
4873 5. 95.
4874 5. 95.
4875 5. 95.
4876 5. 95.
4877 5. 95.
4878 5. 95.
4879 5. 95.
4880 5. 95.
4881 5. 95.
4882 5. 95.
4883 5. 95.
4884 5. 95.
4885 5. 95.
4886 5. 95.
4887 5. 95.
4888 5. 95.
4889 5. 95.
4890 5. 95.
4891 5. 95.
4892 5. 95.
4893 5. 95.
4894 5. 95.
4895 4. 96.
4896 4. 96.
4897 4. 96.
4898 4. 96.
4899 4. 96.
4900 4. 96.
4901 4. 96.
4902 4. 96.
4903 4. 96.
4904 4. 96.
4905 4. 96.
4906 4. 96.
4907 4. 96.
4908 4. 96.
4909 4. 96.
4910 4. 96.
4911 4. 96.
4912 4. 96.
4913 4. 96.
4914 4. 96.
4915 4. 96.
4916 4. 96.
4917 4. 96.
4918 4. 96.
4919 4. 96.
4920 4. 96.
4921 4. 96.
4922 4. 96.
4923 4. 96.
4924 4. 96.
4925 4. 96.
4926 4. 96.
4927 4. 96.
4928 4. 96.
4929 4. 96.
4930 4. 96.
4931 4. 96.
4932 4. 96.
4933 4. 96.
4934 4. 96.
4935 4. 96.
4936 4. 96.
4937 4. 96.
4938 4. 96.
4939 4. 96.
4940 4. 96.
4941 4. 96.
4942 4. 96.
4943 4. 96.
4944 4. 96.
4945 4. 96.
4946 4. 96.
4947 4. 96.
4948 4. 96.
4949 4. 96.
4950 4. 96.
4951 4. 96.
4952 4. 96.
4953 4. 96.
4954 4. 96.
4955 4. 96.
4956 4. 96.
4957 4. 96.
4958 4. 96.
4959 4. 96.
4960 4. 96.
4961 4. 96.
4962 4. 96.
4963 4. 96.
4964 4. 96.
4965 4. 96.
4966 4. 96.
4967 4. 96.
4968 4. 96.
4969 4. 96.
4970 3. 97.
4971 3. 97.
4972 3. 97.
4973 3. 97.
4974 3. 97.
4975 3. 97.
4976 3. 97.
4977 3. 97.
4978 3. 97.
4979 3. 97.
4980 3. 97.
4981 3. 97.
4982 3. 97.
4983 3. 97.
4984 3. 97.
4985 3. 97.
4986 3. 97.
4987 3. 97.
4988 3. 97.
4989 3. 97.
4990 3. 97.
4991 3. 97.
4992 3. 97.
4993 3. 97.
4994 3. 97.
4995 3. 97.
4996 3. 97.
4997 3. 97.
4998 3. 97.
4999 3. 97.
5000 3. 97.
5001 3. 97.
5002 3. 97.
5003 3. 97.
5004 3. 97.
5005 3. 97.
5006 3. 97.
5007 3. 97.
5008 2. 98.
5009 2. 98.
5010 2. 98.
5011 2. 98.
5012 2. 98.
5013 2. 98.
5014 2. 98.
5015 2. 98.
5016 2. 98.
5017 2. 98.
5018 2. 98.
5019 2. 98.
5020 2. 98.
5021 2. 98.
5022 2. 98.
5023 2. 98.
5024 2. 98.
5025 2. 98.
5026 2. 98.
5027 2. 98.
5028 2. 98.
5029 2. 98.
5030 2. 98.
5031 2. 98.
5032 2. 98.
5033 1. 99.
5034 1. 99.
5035 1. 99.
5036 1. 99.
5037 1. 99.
5038 1. 99.
5039 1. 99.
5040 1. 99.
5041 1. 99.
5042 1. 99.
5043 1. 99.
5044 1. 99.
5045 1. 99.
5046 1. 99.
5047 1. 99.
5048 1. 99.
5049 1. 99.
5050 1. 99.
5051 1. 99.
5052 1. 99.
5053 1. 99.
5054 1. 99.
5055 1. 99.
5056 1. 99.
5057 1. 99.
5058 1. 99.
5059 1. 99.
5060 1. 99.
5061 1. 99.
5062 1. 99.
5063 1. 99.
5064 1. 99.
5065 1. 99.
5066 1. 99.
5067 1. 99.
5068 1. 99.
5069 1. 99.
5070 1. 99.
5071 1. 99.
5072 1. 99.
5073 1. 99.
5074 1. 99.
5075 1. 99.
5076 1. 99.
5077 1. 99.
5078 1. 99.
5079 1. 99.
5080 1. 99.
5081 1. 99.
5082 1. 99.
5083 1. 99.
5084 1. 99.
5085 1. 99.
5086 1. 99.
5087 1. 99.
5088 1. 99.
5089 1. 99.
5090 1. 99.
5091 1. 99.
5092 1. 99.
5093 1. 99.
5094 1. 99.
5095 1. 99.
5096 1. 99.
5097 1. 99.
5098 1. 99.
5099 1. 99.
5100 1. 99.
5101 1. 99.
5102 1. 99.
5103 1. 99.
5104 1. 99.
5105 1. 99.
5106 1. 99.
5107 1. 99.
5108 1. 99.
5109 1. 99.
5110 1. 99.
5111 1. 99.
5112 1. 99.
5113 1. 99.
5114 1. 99.
5115 1. 99.
5116 1. 99.
5117 1. 99.
5118 1. 99.
5119 1. 99.
5120 1. 99.
5121 1. 99.
5122 1. 99.
5123 1. 99.
5124 1. 99.
5125 1. 99.
5126 1. 99.
5127 1. 99.
5128 1. 99.
5129 1. 99.
5130 1. 99.
5131 1. 99.
5132 1. 99.
5133 1. 99.
5134 1. 99.
5135 1. 99.
5136 1. 99.
5137 1. 99.
5138 1. 99.
5139 1. 99.
5140 1. 99.
5141 1. 99.
5142 1. 99.
5143 1. 99.
5144 1. 99.
5145 1. 99.
5146 1. 99.
5147 1. 99.
5148 1. 99.
5149 1. 99.
5150 1. 99.
5151 1. 99.
5152 1. 99.
5153 1. 99.
5154 1. 99.
5155 1. 99.
5156 1. 99.
5157 1. 99.
5158 1. 99.
5159 1. 99.
5160 1. 99.
5161 1. 99.
5162 1. 99.
5163 1. 99.
5164 1. 99.
5165 1. 99.
5166 1. 99.
5167 1. 99.
5168 1. 99.
5169 1. 99.
5170 1. 99.
5171 1. 99.
5172 1. 99.
5173 1. 99.
5174 1. 99.
5175 1. 99.
5176 1. 99.
5177 1. 99.
5178 1. 99.
5179 1. 99.
5180 1. 99.
5181 1. 99.
5182 1. 99.
5183 1. 99.
5184 1. 99.
5185 1. 99.
5186 1. 99.
5187 1. 99.
5188 1. 99.
5189 1. 99.
5190 1. 99.
5191 1. 99.
5192 1. 99.
5193 1. 99.
5194 1. 99.
5195 1. 99.
5196 1. 99.
5197 1. 99.
5198 1. 99.
5199 1. 99.
5200 1. 99.
5201 1. 99.
5202 1. 99.
5203 1. 99.
5204 1. 99.
5205 1. 99.
5206 1. 99.
5207 1. 99.
5208 1. 99.
5209 1. 99.
5210 1. 99.
5211 1. 99.
5212 1. 99.
5213 1. 99.
5214 1. 99.
5215 1. 99.
5216 1. 99.
5217 1. 99.
5218 1. 99.
5219 1. 99.
5220 1. 99.
5221 1. 99.
5222 1. 99.
5223 1. 99.
5224 1. 99.
5225 1. 99.
5226 1. 99.
5227 1. 99.
5228 1. 99.
5229 1. 99.
5230 1. 99.
5231 1. 99.
5232 1. 99.
5233 1. 99.
5234 1. 99.
5235 1. 99.
5236 1. 99.
5237 1. 99.
5238 1. 99.
5239 1. 99.
5240 1. 99.
5241 1. 99.
5242 1. 99.
5243 1. 99.
5244 1. 99.
5245 1. 99.
5246 1. 99.
5247 1. 99.
5248 1. 99.
5249 1. 99.
5250 1. 99.
5251 1. 99.
5252 1. 99.
5253 1. 99.
5254 1. 99.
5255 1. 99.
5256 1. 99.
5257 1. 99.
