0 24. 76.
1 24. 76.
2 24. 76.
3 24. 76.
4 24. 76.
5 24. 76.
6 23. 77.
7 23. 77.
8 23. 77.
9 23. 77.
10 23. 77.
11 23. 77.
12 23. 77.
13 23. 77.
14 23. 77.
15 23. 77.
16 23. 77.
17 23. 77.
18 23. 77.
19 23. 77.
20 23. 77.
21 23. 77.
22 23. 77.
23 23. 77.
24 23. 77.
25 23. 77.
26 23. 77.
27 23. 77.
28 24. 76.
29 24. 76.
30 24. 76.
31 24. 76.
32 24. 76.
33 24. 76.
34 24. 76.
35 24. 76.
36 24. 76.
37 25. 75.
38 25. 75.
39 26. 74.
40 26. 74.
41 27. 73.
42 26. 74.
43 26. 74.
44 26. 74.
45 25. 75.
46 25. 75.
47 25. 75.
48 25. 75.
49 24. 76.
50 25. 75.
51 25. 75.
52 25. 75.
53 25. 75.
54 25. 75.
55 25. 75.
56 25. 75.
57 25. 75.
58 25. 75.
59 25. 75.
60 25. 75.
61 25. 75.
62 25. 75.
63 24. 76.
64 24. 76.
65 24. 76.
66 24. 76.
67 24. 76.
68 24. 76.
69 24. 76.
70 24. 76.
71 24. 76.
72 24. 76.
73 24. 76.
74 24. 76.
75 24. 76.
76 24. 76.
77 24. 76.
78 24. 76.
79 24. 76.
80 24. 76.
81 24. 76.
82 23. 77.
83 23. 77.
84 23. 77.
85 23. 77.
86 23. 77.
87 23. 77.
88 23. 77.
89 23. 77.
90 23. 77.
91 23. 77.
92 23. 77.
93 23. 77.
94 23. 77.
95 23. 77.
96 23. 77.
97 23. 77.
98 23. 77.
99 23. 77.
100 23. 77.
101 24. 76.
102 25. 75.
103 25. 75.
104 25. 75.
105 25. 75.
106 24. 76.
107 25. 75.
108 26. 74.
109 26. 74.
110 26. 74.
111 27. 73.
112 27. 73.
113 27. 73.
114 26. 74.
115 26. 74.
116 26. 74.
117 26. 74.
118 26. 74.
119 27. 73.
120 27. 73.
121 27. 73.
122 27. 73.
123 27. 73.
124 27. 73.
125 26. 74.
126 26. 74.
127 27. 73.
128 27. 73.
129 27. 73.
130 27. 73.
131 27. 73.
132 27. 73.
133 28. 72.
134 28. 72.
135 28. 72.
136 28. 72.
137 28. 72.
138 28. 72.
139 28. 72.
140 28. 72.
141 29. 71.
142 29. 71.
143 30. 70.
144 30. 70.
145 30. 70.
146 30. 70.
147 30. 70.
148 30. 70.
149 30. 70.
150 31. 69.
151 31. 69.
152 31. 69.
153 32. 68.
154 32. 68.
155 32. 68.
156 32. 68.
157 31. 69.
158 31. 69.
159 31. 69.
160 32. 68.
161 32. 68.
162 32. 68.
163 32. 68.
164 32. 68.
165 32. 68.
166 32. 68.
167 33. 67.
168 33. 67.
169 33. 67.
170 33. 67.
171 33. 67.
172 33. 67.
173 32. 68.
174 33. 67.
175 33. 67.
176 33. 67.
177 32. 68.
178 33. 67.
179 33. 67.
180 33. 67.
181 33. 67.
182 33. 67.
183 33. 67.
184 34. 66.
185 35. 65.
186 35. 65.
187 36. 64.
188 36. 64.
189 37. 63.
190 37. 63.
191 37. 63.
192 38. 62.
193 37. 63.
194 37. 63.
195 38. 62.
196 38. 62.
197 38. 62.
198 38. 62.
199 38. 62.
200 37. 63.
201 37. 63.
202 36. 64.
203 36. 64.
204 36. 64.
205 36. 64.
206 37. 63.
207 37. 63.
208 37. 63.
209 37. 63.
210 37. 63.
211 37. 63.
212 37. 63.
213 36. 64.
214 36. 64.
215 37. 63.
216 38. 62.
217 38. 62.
218 38. 62.
219 37. 63.
220 36. 64.
221 36. 64.
222 36. 64.
223 36. 64.
224 35. 65.
225 34. 66.
226 34. 66.
227 34. 66.
228 33. 67.
229 34. 66.
230 34. 66.
231 34. 66.
232 34. 66.
233 35. 65.
234 35. 65.
235 35. 65.
236 35. 65.
237 35. 65.
238 35. 65.
239 36. 64.
240 36. 64.
241 35. 65.
242 35. 65.
243 35. 65.
244 35. 65.
245 35. 65.
246 35. 65.
247 35. 65.
248 35. 65.
249 36. 64.
250 36. 64.
251 36. 64.
252 35. 65.
253 35. 65.
254 36. 64.
255 36. 64.
256 36. 64.
257 35. 65.
258 35. 65.
259 34. 66.
260 34. 66.
261 34. 66.
262 33. 67.
263 33. 67.
264 33. 67.
265 33. 67.
266 33. 67.
267 33. 67.
268 33. 67.
269 33. 67.
270 33. 67.
271 33. 67.
272 33. 67.
273 34. 66.
274 35. 65.
275 35. 65.
276 34. 66.
277 34. 66.
278 34. 66.
279 34. 66.
280 34. 66.
281 34. 66.
282 34. 66.
283 34. 66.
284 34. 66.
285 34. 66.
286 34. 66.
287 34. 66.
288 34. 66.
289 34. 66.
290 34. 66.
291 34. 66.
292 34. 66.
293 34. 66.
294 33. 67.
295 33. 67.
296 33. 67.
297 33. 67.
298 33. 67.
299 33. 67.
300 33. 67.
301 34. 66.
302 35. 65.
303 35. 65.
304 35. 65.
305 35. 65.
306 35. 65.
307 35. 65.
308 34. 66.
309 33. 67.
310 33. 67.
311 33. 67.
312 33. 67.
313 33. 67.
314 33. 67.
315 33. 67.
316 32. 68.
317 32. 68.
318 32. 68.
319 32. 68.
320 32. 68.
321 33. 67.
322 33. 67.
323 33. 67.
324 32. 68.
325 32. 68.
326 32. 68.
327 32. 68.
328 33. 67.
329 32. 68.
330 32. 68.
331 31. 69.
332 31. 69.
333 31. 69.
334 31. 69.
335 31. 69.
336 31. 69.
337 31. 69.
338 30. 70.
339 30. 70.
340 29. 71.
341 29. 71.
342 30. 70.
343 31. 69.
344 32. 68.
345 32. 68.
346 32. 68.
347 32. 68.
348 32. 68.
349 32. 68.
350 32. 68.
351 32. 68.
352 32. 68.
353 32. 68.
354 32. 68.
355 32. 68.
356 33. 67.
357 33. 67.
358 32. 68.
359 32. 68.
360 32. 68.
361 32. 68.
362 31. 69.
363 31. 69.
364 31. 69.
365 30. 70.
366 30. 70.
367 30. 70.
368 30. 70.
369 30. 70.
370 30. 70.
371 29. 71.
372 29. 71.
373 29. 71.
374 29. 71.
375 29. 71.
376 29. 71.
377 29. 71.
378 29. 71.
379 29. 71.
380 29. 71.
381 28. 72.
382 28. 72.
383 28. 72.
384 29. 71.
385 29. 71.
386 29. 71.
387 28. 72.
388 28. 72.
389 28. 72.
390 28. 72.
391 28. 72.
392 28. 72.
393 28. 72.
394 28. 72.
395 28. 72.
396 28. 72.
397 27. 73.
398 27. 73.
399 26. 74.
400 27. 73.
401 27. 73.
402 28. 72.
403 27. 73.
404 28. 72.
405 28. 72.
406 28. 72.
407 28. 72.
408 28. 72.
409 28. 72.
410 29. 71.
411 29. 71.
412 29. 71.
413 29. 71.
414 29. 71.
415 29. 71.
416 29. 71.
417 29. 71.
418 29. 71.
419 29. 71.
420 29. 71.
421 29. 71.
422 29. 71.
423 29. 71.
424 29. 71.
425 29. 71.
426 29. 71.
427 29. 71.
428 29. 71.
429 29. 71.
430 28. 72.
431 28. 72.
432 28. 72.
433 27. 73.
434 27. 73.
435 28. 72.
436 28. 72.
437 28. 72.
438 29. 71.
439 29. 71.
440 29. 71.
441 29. 71.
442 29. 71.
443 29. 71.
444 29. 71.
445 29. 71.
446 29. 71.
447 29. 71.
448 28. 72.
449 28. 72.
450 28. 72.
451 28. 72.
452 29. 71.
453 29. 71.
454 29. 71.
455 28. 72.
456 28. 72.
457 28. 72.
458 28. 72.
459 27. 73.
460 27. 73.
461 27. 73.
462 26. 74.
463 26. 74.
464 26. 74.
465 26. 74.
466 26. 74.
467 26. 74.
468 26. 74.
469 26. 74.
470 26. 74.
471 26. 74.
472 27. 73.
473 27. 73.
474 27. 73.
475 27. 73.
476 26. 74.
477 26. 74.
478 26. 74.
479 26. 74.
480 26. 74.
481 26. 74.
482 27. 73.
483 27. 73.
484 28. 72.
485 28. 72.
486 28. 72.
487 27. 73.
488 27. 73.
489 26. 74.
490 26. 74.
491 26. 74.
492 26. 74.
493 26. 74.
494 26. 74.
495 25. 75.
496 24. 76.
497 25. 75.
498 25. 75.
499 25. 75.
500 25. 75.
501 25. 75.
502 25. 75.
503 25. 75.
504 25. 75.
505 25. 75.
506 25. 75.
507 26. 74.
508 26. 74.
509 26. 74.
510 26. 74.
511 26. 74.
512 26. 74.
513 25. 75.
514 26. 74.
515 26. 74.
516 26. 74.
517 27. 73.
518 27. 73.
519 27. 73.
520 28. 72.
521 29. 71.
522 29. 71.
523 29. 71.
524 29. 71.
525 28. 72.
526 28. 72.
527 28. 72.
528 28. 72.
529 28. 72.
530 28. 72.
531 28. 72.
532 28. 72.
533 29. 71.
534 30. 70.
535 31. 69.
536 30. 70.
537 30. 70.
538 30. 70.
539 30. 70.
540 30. 70.
541 29. 71.
542 28. 72.
543 28. 72.
544 28. 72.
545 28. 72.
546 28. 72.
547 28. 72.
548 27. 73.
549 28. 72.
550 28. 72.
551 28. 72.
552 27. 73.
553 26. 74.
554 26. 74.
555 26. 74.
556 26. 74.
557 26. 74.
558 26. 74.
559 27. 73.
560 26. 74.
561 27. 73.
562 27. 73.
563 27. 73.
564 28. 72.
565 28. 72.
566 28. 72.
567 28. 72.
568 28. 72.
569 28. 72.
570 28. 72.
571 27. 73.
572 27. 73.
573 27. 73.
574 27. 73.
575 27. 73.
576 27. 73.
577 27. 73.
578 27. 73.
579 27. 73.
580 27. 73.
581 27. 73.
582 28. 72.
583 28. 72.
584 28. 72.
585 28. 72.
586 28. 72.
587 27. 73.
588 27. 73.
589 27. 73.
590 27. 73.
591 28. 72.
592 28. 72.
593 28. 72.
594 28. 72.
595 27. 73.
596 27. 73.
597 26. 74.
598 26. 74.
599 25. 75.
600 25. 75.
601 26. 74.
602 26. 74.
603 26. 74.
604 27. 73.
605 27. 73.
606 27. 73.
607 27. 73.
608 26. 74.
609 26. 74.
610 26. 74.
611 26. 74.
612 26. 74.
613 27. 73.
614 27. 73.
615 27. 73.
616 27. 73.
617 27. 73.
618 27. 73.
619 27. 73.
620 27. 73.
621 27. 73.
622 27. 73.
623 27. 73.
624 28. 72.
625 28. 72.
626 28. 72.
627 28. 72.
628 28. 72.
629 28. 72.
630 28. 72.
631 27. 73.
632 26. 74.
633 26. 74.
634 26. 74.
635 26. 74.
636 26. 74.
637 26. 74.
638 26. 74.
639 26. 74.
640 26. 74.
641 27. 73.
642 28. 72.
643 28. 72.
644 29. 71.
645 29. 71.
646 29. 71.
647 29. 71.
648 29. 71.
649 30. 70.
650 31. 69.
651 31. 69.
652 31. 69.
653 30. 70.
654 30. 70.
655 31. 69.
656 32. 68.
657 32. 68.
658 32. 68.
659 32. 68.
660 31. 69.
661 31. 69.
662 31. 69.
663 31. 69.
664 31. 69.
665 31. 69.
666 31. 69.
667 31. 69.
668 31. 69.
669 31. 69.
670 31. 69.
671 30. 70.
672 30. 70.
673 30. 70.
674 30. 70.
675 30. 70.
676 29. 71.
677 29. 71.
678 29. 71.
679 29. 71.
680 29. 71.
681 29. 71.
682 29. 71.
683 28. 72.
684 27. 73.
685 27. 73.
686 27. 73.
687 27. 73.
688 27. 73.
689 27. 73.
690 27. 73.
691 27. 73.
692 27. 73.
693 26. 74.
694 26. 74.
695 26. 74.
696 26. 74.
697 25. 75.
698 25. 75.
699 25. 75.
700 25. 75.
701 25. 75.
702 25. 75.
703 25. 75.
704 24. 76.
705 23. 77.
706 23. 77.
707 23. 77.
708 23. 77.
709 23. 77.
710 24. 76.
711 25. 75.
712 25. 75.
713 25. 75.
714 25. 75.
715 25. 75.
716 25. 75.
717 24. 76.
718 24. 76.
719 23. 77.
720 22. 78.
721 23. 77.
722 23. 77.
723 23. 77.
724 24. 76.
725 24. 76.
726 25. 75.
727 25. 75.
728 25. 75.
729 25. 75.
730 25. 75.
731 25. 75.
732 25. 75.
733 25. 75.
734 25. 75.
735 25. 75.
736 25. 75.
737 25. 75.
738 25. 75.
739 25. 75.
740 25. 75.
741 25. 75.
742 25. 75.
743 25. 75.
744 25. 75.
745 25. 75.
746 25. 75.
747 25. 75.
748 25. 75.
749 25. 75.
750 25. 75.
751 25. 75.
752 25. 75.
753 25. 75.
754 25. 75.
755 25. 75.
756 25. 75.
757 25. 75.
758 25. 75.
759 25. 75.
760 25. 75.
761 25. 75.
762 25. 75.
763 25. 75.
764 25. 75.
765 25. 75.
766 25. 75.
767 25. 75.
768 26. 74.
769 27. 73.
770 27. 73.
771 27. 73.
772 27. 73.
773 27. 73.
774 27. 73.
775 27. 73.
776 27. 73.
777 27. 73.
778 27. 73.
779 27. 73.
780 27. 73.
781 28. 72.
782 28. 72.
783 28. 72.
784 28. 72.
785 28. 72.
786 28. 72.
787 28. 72.
788 28. 72.
789 28. 72.
790 28. 72.
791 28. 72.
792 28. 72.
793 28. 72.
794 29. 71.
795 28. 72.
796 28. 72.
797 28. 72.
798 28. 72.
799 27. 73.
800 27. 73.
801 27. 73.
802 27. 73.
803 27. 73.
804 27. 73.
805 27. 73.
806 27. 73.
807 27. 73.
808 27. 73.
809 27. 73.
810 26. 74.
811 26. 74.
812 25. 75.
813 25. 75.
814 25. 75.
815 25. 75.
816 25. 75.
817 24. 76.
818 24. 76.
819 24. 76.
820 24. 76.
821 24. 76.
822 24. 76.
823 25. 75.
824 26. 74.
825 26. 74.
826 26. 74.
827 26. 74.
828 25. 75.
829 25. 75.
830 26. 74.
831 26. 74.
832 26. 74.
833 26. 74.
834 27. 73.
835 27. 73.
836 27. 73.
837 28. 72.
838 28. 72.
839 29. 71.
840 29. 71.
841 28. 72.
842 28. 72.
843 28. 72.
844 28. 72.
845 28. 72.
846 28. 72.
847 27. 73.
848 27. 73.
849 27. 73.
850 27. 73.
851 26. 74.
852 26. 74.
853 26. 74.
854 26. 74.
855 26. 74.
856 26. 74.
857 26. 74.
858 26. 74.
859 26. 74.
860 26. 74.
861 26. 74.
862 26. 74.
863 26. 74.
864 25. 75.
865 25. 75.
866 25. 75.
867 25. 75.
868 24. 76.
869 23. 77.
870 23. 77.
871 23. 77.
872 23. 77.
873 23. 77.
874 23. 77.
875 23. 77.
876 23. 77.
877 23. 77.
878 23. 77.
879 23. 77.
880 23. 77.
881 23. 77.
882 23. 77.
883 24. 76.
884 23. 77.
885 23. 77.
886 24. 76.
887 24. 76.
888 24. 76.
889 24. 76.
890 24. 76.
891 25. 75.
892 24. 76.
893 23. 77.
894 23. 77.
895 23. 77.
896 23. 77.
897 23. 77.
898 23. 77.
899 23. 77.
900 23. 77.
901 23. 77.
902 23. 77.
903 23. 77.
904 23. 77.
905 23. 77.
906 23. 77.
907 23. 77.
908 23. 77.
909 23. 77.
910 23. 77.
911 23. 77.
912 23. 77.
913 23. 77.
914 23. 77.
915 23. 77.
916 23. 77.
917 23. 77.
918 23. 77.
919 23. 77.
920 23. 77.
921 23. 77.
922 23. 77.
923 23. 77.
924 23. 77.
925 23. 77.
926 24. 76.
927 24. 76.
928 25. 75.
929 25. 75.
930 25. 75.
931 25. 75.
932 25. 75.
933 25. 75.
934 25. 75.
935 24. 76.
936 25. 75.
937 24. 76.
938 23. 77.
939 23. 77.
940 23. 77.
941 23. 77.
942 22. 78.
943 23. 77.
944 23. 77.
945 23. 77.
946 23. 77.
947 23. 77.
948 22. 78.
949 22. 78.
950 22. 78.
951 22. 78.
952 22. 78.
953 22. 78.
954 22. 78.
955 22. 78.
956 22. 78.
957 22. 78.
958 22. 78.
959 22. 78.
960 22. 78.
961 23. 77.
962 23. 77.
963 23. 77.
964 24. 76.
965 24. 76.
966 23. 77.
967 23. 77.
968 22. 78.
969 22. 78.
970 22. 78.
971 22. 78.
972 22. 78.
973 22. 78.
974 22. 78.
975 22. 78.
976 22. 78.
977 23. 77.
978 22. 78.
979 22. 78.
980 22. 78.
981 21. 79.
982 21. 79.
983 21. 79.
984 21. 79.
985 21. 79.
986 20. 80.
987 20. 80.
988 20. 80.
989 20. 80.
990 20. 80.
991 20. 80.
992 20. 80.
993 20. 80.
994 20. 80.
995 20. 80.
996 20. 80.
997 20. 80.
998 20. 80.
999 20. 80.
1000 20. 80.
1001 20. 80.
1002 20. 80.
1003 20. 80.
1004 20. 80.
1005 21. 79.
1006 21. 79.
1007 21. 79.
1008 20. 80.
1009 20. 80.
1010 20. 80.
1011 20. 80.
1012 20. 80.
1013 20. 80.
1014 20. 80.
1015 20. 80.
1016 20. 80.
1017 20. 80.
1018 21. 79.
1019 20. 80.
1020 20. 80.
1021 20. 80.
1022 20. 80.
1023 20. 80.
1024 20. 80.
1025 21. 79.
1026 21. 79.
1027 21. 79.
1028 21. 79.
1029 21. 79.
1030 21. 79.
1031 20. 80.
1032 19. 81.
1033 19. 81.
1034 19. 81.
1035 19. 81.
1036 18. 82.
1037 18. 82.
1038 18. 82.
1039 18. 82.
1040 18. 82.
1041 18. 82.
1042 18. 82.
1043 18. 82.
1044 18. 82.
1045 18. 82.
1046 18. 82.
1047 18. 82.
1048 18. 82.
1049 18. 82.
1050 18. 82.
1051 18. 82.
1052 18. 82.
1053 18. 82.
1054 19. 81.
1055 19. 81.
1056 19. 81.
1057 19. 81.
1058 19. 81.
1059 20. 80.
1060 20. 80.
1061 21. 79.
1062 21. 79.
1063 21. 79.
1064 21. 79.
1065 21. 79.
1066 21. 79.
1067 21. 79.
1068 21. 79.
1069 21. 79.
1070 21. 79.
1071 21. 79.
1072 21. 79.
1073 20. 80.
1074 20. 80.
1075 20. 80.
1076 19. 81.
1077 19. 81.
1078 19. 81.
1079 20. 80.
1080 20. 80.
1081 20. 80.
1082 20. 80.
1083 20. 80.
1084 20. 80.
1085 20. 80.
1086 20. 80.
1087 20. 80.
1088 20. 80.
1089 20. 80.
1090 20. 80.
1091 20. 80.
1092 20. 80.
1093 20. 80.
1094 20. 80.
1095 20. 80.
1096 19. 81.
1097 18. 82.
1098 18. 82.
1099 18. 82.
1100 18. 82.
1101 18. 82.
1102 18. 82.
1103 18. 82.
1104 18. 82.
1105 18. 82.
1106 18. 82.
1107 18. 82.
1108 18. 82.
1109 18. 82.
1110 18. 82.
1111 18. 82.
1112 19. 81.
1113 20. 80.
1114 20. 80.
1115 20. 80.
1116 20. 80.
1117 20. 80.
1118 20. 80.
1119 21. 79.
1120 22. 78.
1121 22. 78.
1122 22. 78.
1123 22. 78.
1124 21. 79.
1125 21. 79.
1126 21. 79.
1127 21. 79.
1128 21. 79.
1129 21. 79.
1130 21. 79.
1131 21. 79.
1132 21. 79.
1133 21. 79.
1134 21. 79.
1135 21. 79.
1136 21. 79.
1137 21. 79.
1138 21. 79.
1139 21. 79.
1140 21. 79.
1141 21. 79.
1142 21. 79.
1143 22. 78.
1144 22. 78.
1145 21. 79.
1146 21. 79.
1147 21. 79.
1148 21. 79.
1149 21. 79.
1150 20. 80.
1151 20. 80.
1152 20. 80.
1153 20. 80.
1154 20. 80.
1155 20. 80.
1156 19. 81.
1157 20. 80.
1158 20. 80.
1159 20. 80.
1160 20. 80.
1161 20. 80.
1162 20. 80.
1163 21. 79.
1164 21. 79.
1165 21. 79.
1166 21. 79.
1167 21. 79.
1168 21. 79.
1169 21. 79.
1170 21. 79.
1171 21. 79.
1172 21. 79.
1173 21. 79.
1174 21. 79.
1175 21. 79.
1176 21. 79.
1177 21. 79.
1178 20. 80.
1179 20. 80.
1180 20. 80.
1181 20. 80.
1182 20. 80.
1183 21. 79.
1184 21. 79.
1185 21. 79.
1186 21. 79.
1187 21. 79.
1188 21. 79.
1189 21. 79.
1190 21. 79.
1191 21. 79.
1192 21. 79.
1193 21. 79.
1194 21. 79.
1195 21. 79.
1196 21. 79.
1197 20. 80.
1198 20. 80.
1199 20. 80.
1200 20. 80.
1201 20. 80.
1202 20. 80.
1203 20. 80.
1204 20. 80.
1205 20. 80.
1206 20. 80.
1207 20. 80.
1208 20. 80.
1209 20. 80.
1210 20. 80.
1211 20. 80.
1212 20. 80.
1213 20. 80.
1214 20. 80.
1215 20. 80.
1216 20. 80.
1217 19. 81.
1218 19. 81.
1219 19. 81.
1220 19. 81.
1221 20. 80.
1222 20. 80.
1223 20. 80.
1224 20. 80.
1225 20. 80.
1226 20. 80.
1227 20. 80.
1228 20. 80.
1229 20. 80.
1230 19. 81.
1231 19. 81.
1232 19. 81.
1233 19. 81.
1234 19. 81.
1235 19. 81.
1236 19. 81.
1237 19. 81.
1238 19. 81.
1239 19. 81.
1240 19. 81.
1241 18. 82.
1242 18. 82.
1243 18. 82.
1244 17. 83.
1245 16. 84.
1246 16. 84.
1247 16. 84.
1248 16. 84.
1249 17. 83.
1250 17. 83.
1251 17. 83.
1252 17. 83.
1253 18. 82.
1254 18. 82.
1255 18. 82.
1256 18. 82.
1257 18. 82.
1258 18. 82.
1259 19. 81.
1260 19. 81.
1261 19. 81.
1262 20. 80.
1263 20. 80.
1264 20. 80.
1265 20. 80.
1266 20. 80.
1267 20. 80.
1268 19. 81.
1269 19. 81.
1270 19. 81.
1271 18. 82.
1272 18. 82.
1273 18. 82.
1274 18. 82.
1275 18. 82.
1276 17. 83.
1277 17. 83.
1278 17. 83.
1279 17. 83.
1280 17. 83.
1281 17. 83.
1282 17. 83.
1283 17. 83.
1284 16. 84.
1285 16. 84.
1286 16. 84.
1287 17. 83.
1288 17. 83.
1289 17. 83.
1290 17. 83.
1291 17. 83.
1292 17. 83.
1293 16. 84.
1294 16. 84.
1295 16. 84.
1296 16. 84.
1297 16. 84.
1298 16. 84.
1299 16. 84.
1300 15. 85.
1301 15. 85.
1302 15. 85.
1303 15. 85.
1304 15. 85.
1305 15. 85.
1306 15. 85.
1307 15. 85.
1308 15. 85.
1309 15. 85.
1310 15. 85.
1311 15. 85.
1312 16. 84.
1313 16. 84.
1314 16. 84.
1315 16. 84.
1316 17. 83.
1317 17. 83.
1318 17. 83.
1319 17. 83.
1320 16. 84.
1321 15. 85.
1322 15. 85.
1323 15. 85.
1324 15. 85.
1325 15. 85.
1326 15. 85.
1327 16. 84.
1328 16. 84.
1329 16. 84.
1330 16. 84.
1331 16. 84.
1332 16. 84.
1333 16. 84.
1334 16. 84.
1335 16. 84.
1336 16. 84.
1337 16. 84.
1338 16. 84.
1339 16. 84.
1340 15. 85.
1341 15. 85.
1342 15. 85.
1343 15. 85.
1344 15. 85.
1345 15. 85.
1346 15. 85.
1347 15. 85.
1348 15. 85.
1349 14. 86.
1350 14. 86.
1351 14. 86.
1352 13. 87.
1353 14. 86.
1354 14. 86.
1355 14. 86.
1356 14. 86.
1357 14. 86.
1358 14. 86.
1359 14. 86.
1360 14. 86.
1361 14. 86.
1362 14. 86.
1363 14. 86.
1364 14. 86.
1365 14. 86.
1366 14. 86.
1367 14. 86.
1368 14. 86.
1369 14. 86.
1370 14. 86.
1371 14. 86.
1372 14. 86.
1373 13. 87.
1374 13. 87.
1375 13. 87.
1376 13. 87.
1377 14. 86.
1378 14. 86.
1379 14. 86.
1380 14. 86.
1381 14. 86.
1382 14. 86.
1383 14. 86.
1384 14. 86.
1385 14. 86.
1386 14. 86.
1387 13. 87.
1388 13. 87.
1389 13. 87.
1390 13. 87.
1391 13. 87.
1392 13. 87.
1393 13. 87.
1394 13. 87.
1395 13. 87.
1396 13. 87.
1397 13. 87.
1398 12. 88.
1399 12. 88.
1400 12. 88.
1401 12. 88.
1402 12. 88.
1403 12. 88.
1404 12. 88.
1405 12. 88.
1406 12. 88.
1407 12. 88.
1408 12. 88.
1409 12. 88.
1410 13. 87.
1411 13. 87.
1412 13. 87.
1413 13. 87.
1414 13. 87.
1415 13. 87.
1416 14. 86.
1417 15. 85.
1418 15. 85.
1419 15. 85.
1420 15. 85.
1421 15. 85.
1422 15. 85.
1423 14. 86.
1424 14. 86.
1425 14. 86.
1426 15. 85.
1427 15. 85.
1428 15. 85.
1429 14. 86.
1430 14. 86.
1431 14. 86.
1432 14. 86.
1433 14. 86.
1434 14. 86.
1435 14. 86.
1436 14. 86.
1437 14. 86.
1438 14. 86.
1439 14. 86.
1440 14. 86.
1441 14. 86.
1442 14. 86.
1443 14. 86.
1444 14. 86.
1445 14. 86.
1446 14. 86.
1447 14. 86.
1448 14. 86.
1449 14. 86.
1450 14. 86.
1451 14. 86.
1452 14. 86.
1453 14. 86.
1454 14. 86.
1455 14. 86.
1456 14. 86.
1457 14. 86.
1458 14. 86.
1459 15. 85.
1460 15. 85.
1461 15. 85.
1462 15. 85.
1463 15. 85.
1464 15. 85.
1465 15. 85.
1466 15. 85.
1467 15. 85.
1468 16. 84.
1469 16. 84.
1470 16. 84.
1471 16. 84.
1472 16. 84.
1473 16. 84.
1474 16. 84.
1475 16. 84.
1476 16. 84.
1477 16. 84.
1478 16. 84.
1479 16. 84.
1480 16. 84.
1481 16. 84.
1482 16. 84.
1483 16. 84.
1484 17. 83.
1485 17. 83.
1486 17. 83.
1487 17. 83.
1488 17. 83.
1489 17. 83.
1490 16. 84.
1491 17. 83.
1492 17. 83.
1493 17. 83.
1494 17. 83.
1495 17. 83.
1496 17. 83.
1497 17. 83.
1498 17. 83.
1499 17. 83.
1500 17. 83.
1501 17. 83.
1502 17. 83.
1503 17. 83.
1504 17. 83.
1505 17. 83.
1506 17. 83.
1507 17. 83.
1508 17. 83.
1509 17. 83.
1510 17. 83.
1511 17. 83.
1512 17. 83.
1513 17. 83.
1514 17. 83.
1515 17. 83.
1516 17. 83.
1517 17. 83.
1518 17. 83.
1519 17. 83.
1520 17. 83.
1521 17. 83.
1522 17. 83.
1523 17. 83.
1524 17. 83.
1525 17. 83.
1526 17. 83.
1527 17. 83.
1528 17. 83.
1529 17. 83.
1530 17. 83.
1531 17. 83.
1532 17. 83.
1533 17. 83.
1534 17. 83.
1535 17. 83.
1536 17. 83.
1537 17. 83.
1538 16. 84.
1539 16. 84.
1540 16. 84.
1541 16. 84.
1542 16. 84.
1543 16. 84.
1544 16. 84.
1545 16. 84.
1546 16. 84.
1547 15. 85.
1548 15. 85.
1549 15. 85.
1550 15. 85.
1551 15. 85.
1552 15. 85.
1553 15. 85.
1554 15. 85.
1555 15. 85.
1556 15. 85.
1557 16. 84.
1558 16. 84.
1559 16. 84.
1560 16. 84.
1561 16. 84.
1562 16. 84.
1563 16. 84.
1564 16. 84.
1565 16. 84.
1566 16. 84.
1567 16. 84.
1568 15. 85.
1569 15. 85.
1570 15. 85.
1571 15. 85.
1572 15. 85.
1573 15. 85.
1574 15. 85.
1575 15. 85.
1576 15. 85.
1577 15. 85.
1578 15. 85.
1579 14. 86.
1580 14. 86.
1581 14. 86.
1582 14. 86.
1583 14. 86.
1584 14. 86.
1585 14. 86.
1586 14. 86.
1587 14. 86.
1588 15. 85.
1589 15. 85.
1590 15. 85.
1591 15. 85.
1592 15. 85.
1593 15. 85.
1594 15. 85.
1595 15. 85.
1596 15. 85.
1597 15. 85.
1598 15. 85.
1599 15. 85.
1600 16. 84.
1601 16. 84.
1602 16. 84.
1603 16. 84.
1604 17. 83.
1605 17. 83.
1606 17. 83.
1607 17. 83.
1608 17. 83.
1609 17. 83.
1610 17. 83.
1611 17. 83.
1612 17. 83.
1613 17. 83.
1614 17. 83.
1615 17. 83.
1616 17. 83.
1617 17. 83.
1618 17. 83.
1619 17. 83.
1620 17. 83.
1621 17. 83.
1622 17. 83.
1623 17. 83.
1624 17. 83.
1625 17. 83.
1626 18. 82.
1627 18. 82.
1628 18. 82.
1629 19. 81.
1630 19. 81.
1631 19. 81.
1632 19. 81.
1633 18. 82.
1634 18. 82.
1635 18. 82.
1636 18. 82.
1637 18. 82.
1638 18. 82.
1639 18. 82.
1640 18. 82.
1641 18. 82.
1642 18. 82.
1643 18. 82.
1644 18. 82.
1645 17. 83.
1646 17. 83.
1647 16. 84.
1648 16. 84.
1649 16. 84.
1650 16. 84.
1651 16. 84.
1652 16. 84.
1653 16. 84.
1654 16. 84.
1655 16. 84.
1656 16. 84.
1657 16. 84.
1658 16. 84.
1659 16. 84.
1660 16. 84.
1661 16. 84.
1662 16. 84.
1663 16. 84.
1664 16. 84.
1665 16. 84.
1666 16. 84.
1667 16. 84.
1668 16. 84.
1669 16. 84.
1670 16. 84.
1671 16. 84.
1672 16. 84.
1673 16. 84.
1674 16. 84.
1675 16. 84.
1676 16. 84.
1677 16. 84.
1678 16. 84.
1679 16. 84.
1680 15. 85.
1681 16. 84.
1682 16. 84.
1683 15. 85.
1684 15. 85.
1685 15. 85.
1686 15. 85.
1687 15. 85.
1688 15. 85.
1689 15. 85.
1690 15. 85.
1691 14. 86.
1692 14. 86.
1693 14. 86.
1694 14. 86.
1695 14. 86.
1696 14. 86.
1697 14. 86.
1698 14. 86.
1699 14. 86.
1700 14. 86.
1701 14. 86.
1702 14. 86.
1703 14. 86.
1704 14. 86.
1705 14. 86.
1706 14. 86.
1707 14. 86.
1708 14. 86.
1709 14. 86.
1710 14. 86.
1711 14. 86.
1712 13. 87.
1713 13. 87.
1714 13. 87.
1715 13. 87.
1716 13. 87.
1717 13. 87.
1718 13. 87.
1719 13. 87.
1720 13. 87.
1721 12. 88.
1722 12. 88.
1723 12. 88.
1724 12. 88.
1725 12. 88.
1726 12. 88.
1727 12. 88.
1728 12. 88.
1729 12. 88.
1730 12. 88.
1731 12. 88.
1732 12. 88.
1733 12. 88.
1734 12. 88.
1735 12. 88.
1736 12. 88.
1737 12. 88.
1738 12. 88.
1739 12. 88.
1740 12. 88.
1741 12. 88.
1742 12. 88.
1743 12. 88.
1744 12. 88.
1745 13. 87.
1746 13. 87.
1747 13. 87.
1748 13. 87.
1749 13. 87.
1750 14. 86.
1751 14. 86.
1752 14. 86.
1753 14. 86.
1754 14. 86.
1755 13. 87.
1756 13. 87.
1757 14. 86.
1758 14. 86.
1759 14. 86.
1760 14. 86.
1761 14. 86.
1762 14. 86.
1763 14. 86.
1764 14. 86.
1765 14. 86.
1766 14. 86.
1767 14. 86.
1768 14. 86.
1769 14. 86.
1770 14. 86.
1771 15. 85.
1772 15. 85.
1773 15. 85.
1774 15. 85.
1775 15. 85.
1776 15. 85.
1777 15. 85.
1778 15. 85.
1779 15. 85.
1780 15. 85.
1781 15. 85.
1782 14. 86.
1783 14. 86.
1784 14. 86.
1785 14. 86.
1786 14. 86.
1787 14. 86.
1788 14. 86.
1789 14. 86.
1790 14. 86.
1791 14. 86.
1792 13. 87.
1793 13. 87.
1794 13. 87.
1795 14. 86.
1796 14. 86.
1797 14. 86.
1798 13. 87.
1799 13. 87.
1800 13. 87.
1801 13. 87.
1802 13. 87.
1803 13. 87.
1804 12. 88.
1805 12. 88.
1806 12. 88.
1807 13. 87.
1808 13. 87.
1809 14. 86.
1810 15. 85.
1811 15. 85.
1812 15. 85.
1813 15. 85.
1814 15. 85.
1815 15. 85.
1816 14. 86.
1817 14. 86.
1818 14. 86.
1819 14. 86.
1820 14. 86.
1821 14. 86.
1822 14. 86.
1823 14. 86.
1824 15. 85.
1825 15. 85.
1826 15. 85.
1827 15. 85.
1828 14. 86.
1829 14. 86.
1830 14. 86.
1831 14. 86.
1832 14. 86.
1833 14. 86.
1834 14. 86.
1835 14. 86.
1836 14. 86.
1837 14. 86.
1838 14. 86.
1839 14. 86.
1840 14. 86.
1841 14. 86.
1842 14. 86.
1843 14. 86.
1844 14. 86.
1845 14. 86.
1846 14. 86.
1847 14. 86.
1848 15. 85.
1849 15. 85.
1850 15. 85.
1851 15. 85.
1852 15. 85.
1853 15. 85.
1854 15. 85.
1855 15. 85.
1856 15. 85.
1857 14. 86.
1858 14. 86.
1859 14. 86.
1860 14. 86.
1861 14. 86.
1862 14. 86.
1863 14. 86.
1864 14. 86.
1865 14. 86.
1866 14. 86.
1867 13. 87.
1868 13. 87.
1869 13. 87.
1870 13. 87.
1871 13. 87.
1872 13. 87.
1873 13. 87.
1874 13. 87.
1875 13. 87.
1876 13. 87.
1877 13. 87.
1878 13. 87.
1879 12. 88.
1880 12. 88.
1881 12. 88.
1882 12. 88.
1883 12. 88.
1884 12. 88.
1885 12. 88.
1886 12. 88.
1887 12. 88.
1888 12. 88.
1889 12. 88.
1890 11. 89.
1891 11. 89.
1892 11. 89.
1893 11. 89.
1894 11. 89.
1895 11. 89.
1896 11. 89.
1897 11. 89.
1898 11. 89.
1899 11. 89.
1900 12. 88.
1901 12. 88.
1902 12. 88.
1903 12. 88.
1904 13. 87.
1905 13. 87.
1906 13. 87.
1907 14. 86.
1908 13. 87.
1909 13. 87.
1910 13. 87.
1911 13. 87.
1912 13. 87.
1913 13. 87.
1914 13. 87.
1915 13. 87.
1916 13. 87.
1917 13. 87.
1918 13. 87.
1919 13. 87.
1920 13. 87.
1921 13. 87.
1922 14. 86.
1923 15. 85.
1924 15. 85.
1925 15. 85.
1926 15. 85.
1927 15. 85.
1928 15. 85.
1929 15. 85.
1930 15. 85.
1931 15. 85.
1932 15. 85.
1933 15. 85.
1934 15. 85.
1935 15. 85.
1936 15. 85.
1937 15. 85.
1938 15. 85.
1939 15. 85.
1940 15. 85.
1941 15. 85.
1942 15. 85.
1943 15. 85.
1944 15. 85.
1945 15. 85.
1946 15. 85.
1947 15. 85.
1948 15. 85.
1949 15. 85.
1950 15. 85.
1951 15. 85.
1952 15. 85.
1953 14. 86.
1954 14. 86.
1955 14. 86.
1956 14. 86.
1957 14. 86.
1958 14. 86.
1959 14. 86.
1960 14. 86.
1961 14. 86.
1962 14. 86.
1963 14. 86.
1964 13. 87.
1965 13. 87.
1966 13. 87.
1967 13. 87.
1968 13. 87.
1969 13. 87.
1970 13. 87.
1971 13. 87.
1972 13. 87.
1973 13. 87.
1974 13. 87.
1975 13. 87.
1976 13. 87.
1977 13. 87.
1978 13. 87.
1979 13. 87.
1980 13. 87.
1981 13. 87.
1982 13. 87.
1983 13. 87.
1984 13. 87.
1985 13. 87.
1986 14. 86.
1987 14. 86.
1988 14. 86.
1989 14. 86.
1990 13. 87.
1991 13. 87.
1992 13. 87.
1993 13. 87.
1994 13. 87.
1995 13. 87.
1996 13. 87.
1997 13. 87.
1998 14. 86.
1999 14. 86.
2000 14. 86.
2001 14. 86.
2002 14. 86.
2003 15. 85.
2004 15. 85.
2005 15. 85.
2006 15. 85.
2007 15. 85.
2008 15. 85.
2009 15. 85.
2010 15. 85.
2011 15. 85.
2012 15. 85.
2013 15. 85.
2014 15. 85.
2015 15. 85.
2016 14. 86.
2017 14. 86.
2018 14. 86.
2019 15. 85.
2020 15. 85.
2021 15. 85.
2022 15. 85.
2023 15. 85.
2024 15. 85.
2025 15. 85.
2026 15. 85.
2027 15. 85.
2028 15. 85.
2029 15. 85.
2030 15. 85.
2031 15. 85.
2032 15. 85.
2033 15. 85.
2034 15. 85.
2035 16. 84.
2036 16. 84.
2037 17. 83.
2038 17. 83.
2039 17. 83.
2040 17. 83.
2041 17. 83.
2042 17. 83.
2043 17. 83.
2044 17. 83.
2045 17. 83.
2046 17. 83.
2047 17. 83.
2048 17. 83.
2049 17. 83.
2050 17. 83.
2051 17. 83.
2052 17. 83.
2053 17. 83.
2054 17. 83.
2055 16. 84.
2056 16. 84.
2057 16. 84.
2058 17. 83.
2059 17. 83.
2060 17. 83.
2061 17. 83.
2062 17. 83.
2063 17. 83.
2064 17. 83.
2065 17. 83.
2066 17. 83.
2067 16. 84.
2068 16. 84.
2069 16. 84.
2070 16. 84.
2071 16. 84.
2072 16. 84.
2073 16. 84.
2074 16. 84.
2075 16. 84.
2076 16. 84.
2077 16. 84.
2078 15. 85.
2079 15. 85.
2080 16. 84.
2081 16. 84.
2082 16. 84.
2083 17. 83.
2084 18. 82.
2085 18. 82.
2086 18. 82.
2087 18. 82.
2088 18. 82.
2089 18. 82.
2090 18. 82.
2091 17. 83.
2092 17. 83.
2093 17. 83.
2094 17. 83.
2095 17. 83.
2096 17. 83.
2097 17. 83.
2098 17. 83.
2099 17. 83.
2100 17. 83.
2101 17. 83.
2102 17. 83.
2103 17. 83.
2104 17. 83.
2105 17. 83.
2106 17. 83.
2107 17. 83.
2108 17. 83.
2109 17. 83.
2110 17. 83.
2111 17. 83.
2112 17. 83.
2113 17. 83.
2114 17. 83.
2115 17. 83.
2116 17. 83.
2117 18. 82.
2118 18. 82.
2119 18. 82.
2120 19. 81.
2121 19. 81.
2122 19. 81.
2123 19. 81.
2124 19. 81.
2125 19. 81.
2126 19. 81.
2127 19. 81.
2128 19. 81.
2129 19. 81.
2130 19. 81.
2131 19. 81.
2132 19. 81.
2133 19. 81.
2134 19. 81.
2135 18. 82.
2136 18. 82.
2137 18. 82.
2138 18. 82.
2139 18. 82.
2140 18. 82.
2141 18. 82.
2142 18. 82.
2143 19. 81.
2144 19. 81.
2145 19. 81.
2146 19. 81.
2147 19. 81.
2148 19. 81.
2149 19. 81.
2150 19. 81.
2151 19. 81.
2152 19. 81.
2153 20. 80.
2154 21. 79.
2155 21. 79.
2156 21. 79.
2157 21. 79.
2158 21. 79.
2159 21. 79.
2160 21. 79.
2161 21. 79.
2162 21. 79.
2163 21. 79.
2164 21. 79.
2165 20. 80.
2166 20. 80.
2167 20. 80.
2168 20. 80.
2169 20. 80.
2170 21. 79.
2171 21. 79.
2172 21. 79.
2173 21. 79.
2174 21. 79.
2175 21. 79.
2176 21. 79.
2177 21. 79.
2178 21. 79.
2179 21. 79.
2180 21. 79.
2181 21. 79.
2182 21. 79.
2183 21. 79.
2184 20. 80.
2185 20. 80.
2186 20. 80.
2187 20. 80.
2188 20. 80.
2189 20. 80.
2190 19. 81.
2191 19. 81.
2192 19. 81.
2193 19. 81.
2194 19. 81.
2195 19. 81.
2196 19. 81.
2197 19. 81.
2198 19. 81.
2199 19. 81.
2200 19. 81.
2201 19. 81.
2202 19. 81.
2203 19. 81.
2204 19. 81.
2205 19. 81.
2206 20. 80.
2207 19. 81.
2208 19. 81.
2209 19. 81.
2210 18. 82.
2211 18. 82.
2212 18. 82.
2213 18. 82.
2214 18. 82.
2215 18. 82.
2216 18. 82.
2217 18. 82.
2218 18. 82.
2219 18. 82.
2220 18. 82.
2221 18. 82.
2222 19. 81.
2223 18. 82.
2224 18. 82.
2225 18. 82.
2226 18. 82.
2227 18. 82.
2228 18. 82.
2229 17. 83.
2230 16. 84.
2231 16. 84.
2232 17. 83.
2233 17. 83.
2234 17. 83.
2235 17. 83.
2236 17. 83.
2237 17. 83.
2238 17. 83.
2239 18. 82.
2240 18. 82.
2241 18. 82.
2242 18. 82.
2243 18. 82.
2244 18. 82.
2245 19. 81.
2246 19. 81.
2247 19. 81.
2248 19. 81.
2249 19. 81.
2250 19. 81.
2251 19. 81.
2252 19. 81.
2253 19. 81.
2254 19. 81.
2255 19. 81.
2256 19. 81.
2257 19. 81.
2258 19. 81.
2259 19. 81.
2260 19. 81.
2261 19. 81.
2262 19. 81.
2263 19. 81.
2264 19. 81.
2265 19. 81.
2266 19. 81.
2267 19. 81.
2268 19. 81.
2269 20. 80.
2270 20. 80.
2271 21. 79.
2272 21. 79.
2273 22. 78.
2274 21. 79.
2275 20. 80.
2276 20. 80.
2277 20. 80.
2278 20. 80.
2279 20. 80.
2280 20. 80.
2281 20. 80.
2282 20. 80.
2283 20. 80.
2284 20. 80.
2285 20. 80.
2286 19. 81.
2287 19. 81.
2288 19. 81.
2289 20. 80.
2290 20. 80.
2291 21. 79.
2292 21. 79.
2293 21. 79.
2294 21. 79.
2295 21. 79.
2296 21. 79.
2297 21. 79.
2298 20. 80.
2299 20. 80.
2300 20. 80.
2301 20. 80.
2302 20. 80.
2303 20. 80.
2304 19. 81.
2305 19. 81.
2306 19. 81.
2307 19. 81.
2308 19. 81.
2309 19. 81.
2310 19. 81.
2311 19. 81.
2312 19. 81.
2313 19. 81.
2314 19. 81.
2315 19. 81.
2316 19. 81.
2317 19. 81.
2318 20. 80.
2319 20. 80.
2320 20. 80.
2321 20. 80.
2322 20. 80.
2323 20. 80.
2324 20. 80.
2325 20. 80.
2326 20. 80.
2327 20. 80.
2328 19. 81.
2329 19. 81.
2330 19. 81.
2331 19. 81.
2332 19. 81.
2333 19. 81.
2334 19. 81.
2335 19. 81.
2336 19. 81.
2337 19. 81.
2338 19. 81.
2339 19. 81.
2340 20. 80.
2341 21. 79.
2342 21. 79.
2343 21. 79.
2344 21. 79.
2345 21. 79.
2346 21. 79.
2347 21. 79.
2348 21. 79.
2349 21. 79.
2350 21. 79.
2351 21. 79.
2352 21. 79.
2353 21. 79.
2354 21. 79.
2355 21. 79.
2356 21. 79.
2357 21. 79.
2358 20. 80.
2359 20. 80.
2360 20. 80.
2361 20. 80.
2362 20. 80.
2363 20. 80.
2364 20. 80.
2365 20. 80.
2366 20. 80.
2367 20. 80.
2368 20. 80.
2369 20. 80.
2370 20. 80.
2371 20. 80.
2372 20. 80.
2373 21. 79.
2374 21. 79.
2375 21. 79.
2376 21. 79.
2377 20. 80.
2378 20. 80.
2379 20. 80.
2380 20. 80.
2381 20. 80.
2382 20. 80.
2383 20. 80.
2384 20. 80.
2385 21. 79.
2386 20. 80.
2387 20. 80.
2388 20. 80.
2389 20. 80.
2390 21. 79.
2391 21. 79.
2392 20. 80.
2393 20. 80.
2394 21. 79.
2395 21. 79.
2396 21. 79.
2397 21. 79.
2398 21. 79.
2399 21. 79.
2400 21. 79.
2401 21. 79.
2402 21. 79.
2403 20. 80.
2404 21. 79.
2405 21. 79.
2406 21. 79.
2407 21. 79.
2408 21. 79.
2409 21. 79.
2410 21. 79.
2411 21. 79.
2412 21. 79.
2413 21. 79.
2414 21. 79.
2415 21. 79.
2416 21. 79.
2417 21. 79.
2418 21. 79.
2419 21. 79.
2420 21. 79.
2421 21. 79.
2422 21. 79.
2423 20. 80.
2424 20. 80.
2425 20. 80.
2426 20. 80.
2427 20. 80.
2428 19. 81.
2429 20. 80.
2430 21. 79.
2431 21. 79.
2432 21. 79.
2433 21. 79.
2434 21. 79.
2435 22. 78.
2436 22. 78.
2437 22. 78.
2438 22. 78.
2439 22. 78.
2440 22. 78.
2441 21. 79.
2442 21. 79.
2443 21. 79.
2444 21. 79.
2445 22. 78.
2446 22. 78.
2447 22. 78.
2448 22. 78.
2449 22. 78.
2450 22. 78.
2451 22. 78.
2452 22. 78.
2453 22. 78.
2454 22. 78.
2455 22. 78.
2456 22. 78.
2457 22. 78.
2458 22. 78.
2459 22. 78.
2460 22. 78.
2461 22. 78.
2462 22. 78.
2463 21. 79.
2464 21. 79.
2465 21. 79.
2466 21. 79.
2467 21. 79.
2468 21. 79.
2469 21. 79.
2470 20. 80.
2471 19. 81.
2472 19. 81.
2473 18. 82.
2474 18. 82.
2475 19. 81.
2476 19. 81.
2477 19. 81.
2478 19. 81.
2479 19. 81.
2480 19. 81.
2481 19. 81.
2482 19. 81.
2483 19. 81.
2484 19. 81.
2485 19. 81.
2486 19. 81.
2487 19. 81.
2488 19. 81.
2489 18. 82.
2490 18. 82.
2491 18. 82.
2492 18. 82.
2493 18. 82.
2494 18. 82.
2495 18. 82.
2496 18. 82.
2497 18. 82.
2498 18. 82.
2499 18. 82.
2500 18. 82.
2501 18. 82.
2502 18. 82.
2503 18. 82.
2504 18. 82.
2505 18. 82.
2506 18. 82.
2507 19. 81.
2508 19. 81.
2509 19. 81.
2510 19. 81.
2511 19. 81.
2512 19. 81.
2513 19. 81.
2514 19. 81.
2515 19. 81.
2516 19. 81.
2517 19. 81.
2518 19. 81.
2519 20. 80.
2520 20. 80.
2521 20. 80.
2522 21. 79.
2523 21. 79.
2524 21. 79.
2525 21. 79.
2526 21. 79.
2527 21. 79.
2528 21. 79.
2529 21. 79.
2530 21. 79.
2531 21. 79.
2532 20. 80.
2533 20. 80.
2534 20. 80.
2535 20. 80.
2536 20. 80.
2537 20. 80.
2538 20. 80.
2539 20. 80.
2540 20. 80.
2541 20. 80.
2542 20. 80.
2543 20. 80.
2544 20. 80.
2545 20. 80.
2546 20. 80.
2547 20. 80.
2548 21. 79.
2549 21. 79.
2550 21. 79.
2551 20. 80.
2552 20. 80.
2553 20. 80.
2554 20. 80.
2555 19. 81.
2556 19. 81.
2557 19. 81.
2558 19. 81.
2559 19. 81.
2560 19. 81.
2561 19. 81.
2562 19. 81.
2563 20. 80.
2564 20. 80.
2565 19. 81.
2566 19. 81.
2567 19. 81.
2568 19. 81.
2569 18. 82.
2570 18. 82.
2571 18. 82.
2572 17. 83.
2573 17. 83.
2574 17. 83.
2575 17. 83.
2576 17. 83.
2577 17. 83.
2578 17. 83.
2579 17. 83.
2580 17. 83.
2581 17. 83.
2582 17. 83.
2583 18. 82.
2584 18. 82.
2585 18. 82.
2586 18. 82.
2587 18. 82.
2588 18. 82.
2589 17. 83.
2590 17. 83.
2591 17. 83.
2592 17. 83.
2593 17. 83.
2594 17. 83.
2595 17. 83.
2596 17. 83.
2597 17. 83.
2598 17. 83.
2599 17. 83.
2600 18. 82.
2601 18. 82.
2602 18. 82.
2603 18. 82.
2604 18. 82.
2605 18. 82.
2606 19. 81.
2607 19. 81.
2608 19. 81.
2609 19. 81.
2610 19. 81.
2611 19. 81.
2612 19. 81.
2613 19. 81.
2614 19. 81.
2615 19. 81.
2616 19. 81.
2617 18. 82.
2618 18. 82.
2619 18. 82.
2620 18. 82.
2621 18. 82.
2622 18. 82.
2623 18. 82.
2624 18. 82.
2625 18. 82.
2626 18. 82.
2627 18. 82.
2628 18. 82.
2629 18. 82.
2630 18. 82.
2631 18. 82.
2632 18. 82.
2633 18. 82.
2634 18. 82.
2635 18. 82.
2636 18. 82.
2637 18. 82.
2638 18. 82.
2639 18. 82.
2640 18. 82.
2641 18. 82.
2642 18. 82.
2643 18. 82.
2644 18. 82.
2645 18. 82.
2646 18. 82.
2647 18. 82.
2648 18. 82.
2649 17. 83.
2650 17. 83.
2651 17. 83.
2652 17. 83.
2653 17. 83.
2654 17. 83.
2655 17. 83.
2656 16. 84.
2657 16. 84.
2658 16. 84.
2659 16. 84.
2660 16. 84.
2661 16. 84.
2662 16. 84.
2663 16. 84.
2664 16. 84.
2665 16. 84.
2666 16. 84.
2667 16. 84.
2668 16. 84.
2669 16. 84.
2670 16. 84.
2671 16. 84.
2672 16. 84.
2673 16. 84.
2674 16. 84.
2675 16. 84.
2676 16. 84.
2677 16. 84.
2678 16. 84.
2679 15. 85.
2680 15. 85.
2681 15. 85.
2682 15. 85.
2683 15. 85.
2684 15. 85.
2685 15. 85.
2686 15. 85.
2687 15. 85.
2688 15. 85.
2689 15. 85.
2690 15. 85.
2691 15. 85.
2692 15. 85.
2693 15. 85.
2694 15. 85.
2695 14. 86.
2696 14. 86.
2697 14. 86.
2698 14. 86.
2699 14. 86.
2700 14. 86.
2701 13. 87.
2702 13. 87.
2703 13. 87.
2704 13. 87.
2705 13. 87.
2706 14. 86.
2707 14. 86.
2708 14. 86.
2709 13. 87.
2710 13. 87.
2711 13. 87.
2712 14. 86.
2713 14. 86.
2714 14. 86.
2715 14. 86.
2716 15. 85.
2717 15. 85.
2718 15. 85.
2719 15. 85.
2720 15. 85.
2721 15. 85.
2722 15. 85.
2723 15. 85.
2724 15. 85.
2725 15. 85.
2726 15. 85.
2727 15. 85.
2728 15. 85.
2729 15. 85.
2730 15. 85.
2731 15. 85.
2732 15. 85.
2733 15. 85.
2734 14. 86.
2735 14. 86.
2736 14. 86.
2737 14. 86.
2738 14. 86.
2739 13. 87.
2740 14. 86.
2741 14. 86.
2742 15. 85.
2743 15. 85.
2744 15. 85.
2745 16. 84.
2746 16. 84.
2747 16. 84.
2748 16. 84.
2749 16. 84.
2750 16. 84.
2751 16. 84.
2752 16. 84.
2753 16. 84.
2754 16. 84.
2755 16. 84.
2756 16. 84.
2757 17. 83.
2758 17. 83.
2759 16. 84.
2760 16. 84.
2761 15. 85.
2762 15. 85.
2763 15. 85.
2764 15. 85.
2765 15. 85.
2766 15. 85.
2767 15. 85.
2768 15. 85.
2769 15. 85.
2770 15. 85.
2771 15. 85.
2772 15. 85.
2773 15. 85.
2774 15. 85.
2775 15. 85.
2776 15. 85.
2777 15. 85.
2778 15. 85.
2779 15. 85.
2780 15. 85.
2781 16. 84.
2782 17. 83.
2783 17. 83.
2784 18. 82.
2785 18. 82.
2786 18. 82.
2787 18. 82.
2788 18. 82.
2789 18. 82.
2790 18. 82.
2791 18. 82.
2792 18. 82.
2793 18. 82.
2794 17. 83.
2795 17. 83.
2796 17. 83.
2797 17. 83.
2798 17. 83.
2799 17. 83.
2800 17. 83.
2801 17. 83.
2802 16. 84.
2803 16. 84.
2804 16. 84.
2805 16. 84.
2806 16. 84.
2807 16. 84.
2808 16. 84.
2809 16. 84.
2810 16. 84.
2811 16. 84.
2812 16. 84.
2813 16. 84.
2814 16. 84.
2815 16. 84.
2816 16. 84.
2817 16. 84.
2818 17. 83.
2819 17. 83.
2820 17. 83.
2821 17. 83.
2822 17. 83.
2823 17. 83.
2824 17. 83.
2825 17. 83.
2826 16. 84.
2827 16. 84.
2828 16. 84.
2829 16. 84.
2830 16. 84.
2831 16. 84.
2832 17. 83.
2833 17. 83.
2834 17. 83.
2835 17. 83.
2836 17. 83.
2837 17. 83.
2838 17. 83.
2839 17. 83.
2840 16. 84.
2841 16. 84.
2842 16. 84.
2843 16. 84.
2844 16. 84.
2845 16. 84.
2846 16. 84.
2847 16. 84.
2848 16. 84.
2849 16. 84.
2850 16. 84.
2851 16. 84.
2852 16. 84.
2853 16. 84.
2854 16. 84.
2855 16. 84.
2856 15. 85.
2857 15. 85.
2858 15. 85.
2859 15. 85.
2860 15. 85.
2861 15. 85.
2862 15. 85.
2863 15. 85.
2864 16. 84.
2865 16. 84.
2866 16. 84.
2867 16. 84.
2868 16. 84.
2869 16. 84.
2870 16. 84.
2871 16. 84.
2872 16. 84.
2873 16. 84.
2874 16. 84.
2875 16. 84.
2876 17. 83.
2877 17. 83.
2878 17. 83.
2879 16. 84.
2880 17. 83.
2881 17. 83.
2882 17. 83.
2883 17. 83.
2884 17. 83.
2885 17. 83.
2886 17. 83.
2887 17. 83.
2888 17. 83.
2889 17. 83.
2890 17. 83.
2891 17. 83.
2892 17. 83.
2893 17. 83.
2894 16. 84.
2895 16. 84.
2896 16. 84.
2897 16. 84.
2898 16. 84.
2899 15. 85.
2900 15. 85.
2901 15. 85.
2902 15. 85.
2903 15. 85.
2904 15. 85.
2905 15. 85.
2906 15. 85.
2907 15. 85.
2908 15. 85.
2909 15. 85.
2910 15. 85.
2911 15. 85.
2912 15. 85.
2913 15. 85.
2914 15. 85.
2915 15. 85.
2916 15. 85.
2917 15. 85.
2918 15. 85.
2919 15. 85.
2920 15. 85.
2921 15. 85.
2922 15. 85.
2923 15. 85.
2924 15. 85.
2925 16. 84.
2926 16. 84.
2927 16. 84.
2928 16. 84.
2929 16. 84.
2930 16. 84.
2931 17. 83.
2932 17. 83.
2933 17. 83.
2934 17. 83.
2935 16. 84.
2936 16. 84.
2937 15. 85.
2938 15. 85.
2939 15. 85.
2940 14. 86.
2941 15. 85.
2942 15. 85.
2943 15. 85.
2944 15. 85.
2945 16. 84.
2946 16. 84.
2947 16. 84.
2948 16. 84.
2949 16. 84.
2950 17. 83.
2951 17. 83.
2952 17. 83.
2953 17. 83.
2954 18. 82.
2955 18. 82.
2956 18. 82.
2957 18. 82.
2958 18. 82.
2959 18. 82.
2960 18. 82.
2961 18. 82.
2962 19. 81.
2963 19. 81.
2964 19. 81.
2965 18. 82.
2966 18. 82.
2967 18. 82.
2968 18. 82.
2969 17. 83.
2970 17. 83.
2971 17. 83.
2972 16. 84.
2973 16. 84.
2974 16. 84.
2975 16. 84.
2976 16. 84.
2977 17. 83.
2978 17. 83.
2979 17. 83.
2980 17. 83.
2981 17. 83.
2982 17. 83.
2983 17. 83.
2984 17. 83.
2985 17. 83.
2986 17. 83.
2987 17. 83.
2988 16. 84.
2989 16. 84.
2990 16. 84.
2991 16. 84.
2992 16. 84.
2993 16. 84.
2994 16. 84.
2995 16. 84.
2996 15. 85.
2997 15. 85.
2998 15. 85.
2999 14. 86.
3000 14. 86.
3001 14. 86.
3002 14. 86.
3003 14. 86.
3004 14. 86.
3005 14. 86.
3006 14. 86.
3007 14. 86.
3008 14. 86.
3009 14. 86.
3010 14. 86.
3011 14. 86.
3012 14. 86.
3013 14. 86.
3014 14. 86.
3015 14. 86.
3016 14. 86.
3017 14. 86.
3018 14. 86.
3019 14. 86.
3020 14. 86.
3021 14. 86.
3022 15. 85.
3023 15. 85.
3024 15. 85.
3025 15. 85.
3026 15. 85.
3027 15. 85.
3028 15. 85.
3029 15. 85.
3030 15. 85.
3031 15. 85.
3032 15. 85.
3033 15. 85.
3034 15. 85.
3035 15. 85.
3036 15. 85.
3037 15. 85.
3038 15. 85.
3039 14. 86.
3040 14. 86.
3041 14. 86.
3042 13. 87.
3043 14. 86.
3044 14. 86.
3045 14. 86.
3046 14. 86.
3047 14. 86.
3048 15. 85.
3049 15. 85.
3050 14. 86.
3051 14. 86.
3052 14. 86.
3053 14. 86.
3054 14. 86.
3055 14. 86.
3056 14. 86.
3057 14. 86.
3058 15. 85.
3059 15. 85.
3060 15. 85.
3061 15. 85.
3062 15. 85.
3063 15. 85.
3064 15. 85.
3065 15. 85.
3066 15. 85.
3067 15. 85.
3068 15. 85.
3069 15. 85.
3070 15. 85.
3071 14. 86.
3072 14. 86.
3073 14. 86.
3074 14. 86.
3075 14. 86.
3076 14. 86.
3077 14. 86.
3078 14. 86.
3079 13. 87.
3080 13. 87.
3081 13. 87.
3082 13. 87.
3083 13. 87.
3084 13. 87.
3085 13. 87.
3086 13. 87.
3087 14. 86.
3088 14. 86.
3089 14. 86.
3090 14. 86.
3091 14. 86.
3092 14. 86.
3093 14. 86.
3094 14. 86.
3095 14. 86.
3096 14. 86.
3097 14. 86.
3098 14. 86.
3099 14. 86.
3100 14. 86.
3101 14. 86.
3102 15. 85.
3103 14. 86.
3104 14. 86.
3105 14. 86.
3106 14. 86.
3107 14. 86.
3108 14. 86.
3109 14. 86.
3110 14. 86.
3111 13. 87.
3112 13. 87.
3113 12. 88.
3114 12. 88.
3115 12. 88.
3116 12. 88.
3117 12. 88.
3118 12. 88.
3119 11. 89.
3120 11. 89.
3121 11. 89.
3122 11. 89.
3123 11. 89.
3124 11. 89.
3125 11. 89.
3126 11. 89.
3127 11. 89.
3128 10. 90.
3129 10. 90.
3130 10. 90.
3131 10. 90.
3132 10. 90.
3133 10. 90.
3134 10. 90.
3135 10. 90.
3136 10. 90.
3137 10. 90.
3138 10. 90.
3139 10. 90.
3140 10. 90.
3141 10. 90.
3142 11. 89.
3143 11. 89.
3144 11. 89.
3145 11. 89.
3146 11. 89.
3147 11. 89.
3148 11. 89.
3149 11. 89.
3150 11. 89.
3151 11. 89.
3152 11. 89.
3153 11. 89.
3154 11. 89.
3155 12. 88.
3156 12. 88.
3157 12. 88.
3158 12. 88.
3159 12. 88.
3160 12. 88.
3161 12. 88.
3162 12. 88.
3163 12. 88.
3164 12. 88.
3165 12. 88.
3166 12. 88.
3167 12. 88.
3168 12. 88.
3169 12. 88.
3170 12. 88.
3171 12. 88.
3172 12. 88.
3173 13. 87.
3174 13. 87.
3175 13. 87.
3176 13. 87.
3177 13. 87.
3178 14. 86.
3179 14. 86.
3180 13. 87.
3181 13. 87.
3182 13. 87.
3183 12. 88.
3184 12. 88.
3185 12. 88.
3186 12. 88.
3187 12. 88.
3188 12. 88.
3189 13. 87.
3190 13. 87.
3191 13. 87.
3192 14. 86.
3193 14. 86.
3194 15. 85.
3195 15. 85.
3196 16. 84.
3197 16. 84.
3198 17. 83.
3199 16. 84.
3200 15. 85.
3201 15. 85.
3202 15. 85.
3203 15. 85.
3204 15. 85.
3205 15. 85.
3206 15. 85.
3207 15. 85.
3208 15. 85.
3209 15. 85.
3210 15. 85.
3211 15. 85.
3212 15. 85.
3213 15. 85.
3214 15. 85.
3215 15. 85.
3216 15. 85.
3217 15. 85.
3218 15. 85.
3219 15. 85.
3220 15. 85.
3221 16. 84.
3222 16. 84.
3223 16. 84.
3224 16. 84.
3225 16. 84.
3226 16. 84.
3227 16. 84.
3228 16. 84.
3229 16. 84.
3230 16. 84.
3231 16. 84.
3232 16. 84.
3233 17. 83.
3234 17. 83.
3235 17. 83.
3236 17. 83.
3237 17. 83.
3238 17. 83.
3239 17. 83.
3240 17. 83.
3241 17. 83.
3242 17. 83.
3243 17. 83.
3244 17. 83.
3245 17. 83.
3246 17. 83.
3247 17. 83.
3248 17. 83.
3249 17. 83.
3250 17. 83.
3251 17. 83.
3252 18. 82.
3253 18. 82.
3254 18. 82.
3255 18. 82.
3256 18. 82.
3257 18. 82.
3258 18. 82.
3259 18. 82.
3260 18. 82.
3261 18. 82.
3262 18. 82.
3263 19. 81.
3264 18. 82.
3265 18. 82.
3266 18. 82.
3267 18. 82.
3268 18. 82.
3269 18. 82.
3270 18. 82.
3271 18. 82.
3272 18. 82.
3273 18. 82.
3274 18. 82.
3275 18. 82.
3276 18. 82.
3277 19. 81.
3278 19. 81.
3279 19. 81.
3280 19. 81.
3281 19. 81.
3282 19. 81.
3283 19. 81.
3284 19. 81.
3285 19. 81.
3286 19. 81.
3287 19. 81.
3288 19. 81.
3289 19. 81.
3290 19. 81.
3291 19. 81.
3292 19. 81.
3293 19. 81.
3294 19. 81.
3295 19. 81.
3296 19. 81.
3297 20. 80.
3298 20. 80.
3299 21. 79.
3300 21. 79.
3301 21. 79.
3302 21. 79.
3303 21. 79.
3304 20. 80.
3305 20. 80.
3306 20. 80.
3307 20. 80.
3308 20. 80.
3309 21. 79.
3310 21. 79.
3311 20. 80.
3312 20. 80.
3313 20. 80.
3314 20. 80.
3315 20. 80.
3316 20. 80.
3317 20. 80.
3318 20. 80.
3319 20. 80.
3320 20. 80.
3321 20. 80.
3322 20. 80.
3323 20. 80.
3324 20. 80.
3325 20. 80.
3326 20. 80.
3327 20. 80.
3328 20. 80.
3329 20. 80.
3330 20. 80.
3331 20. 80.
3332 20. 80.
3333 20. 80.
3334 21. 79.
3335 21. 79.
3336 21. 79.
3337 20. 80.
3338 20. 80.
3339 20. 80.
3340 20. 80.
3341 20. 80.
3342 20. 80.
3343 19. 81.
3344 19. 81.
3345 19. 81.
3346 20. 80.
3347 20. 80.
3348 20. 80.
3349 20. 80.
3350 20. 80.
3351 19. 81.
3352 19. 81.
3353 19. 81.
3354 19. 81.
3355 19. 81.
3356 19. 81.
3357 19. 81.
3358 19. 81.
3359 19. 81.
3360 20. 80.
3361 20. 80.
3362 20. 80.
3363 20. 80.
3364 20. 80.
3365 20. 80.
3366 20. 80.
3367 20. 80.
3368 20. 80.
3369 20. 80.
3370 20. 80.
3371 20. 80.
3372 20. 80.
3373 20. 80.
3374 20. 80.
3375 20. 80.
3376 20. 80.
3377 20. 80.
3378 20. 80.
3379 20. 80.
3380 19. 81.
3381 18. 82.
3382 18. 82.
3383 18. 82.
3384 18. 82.
3385 18. 82.
3386 18. 82.
3387 18. 82.
3388 18. 82.
3389 18. 82.
3390 18. 82.
3391 17. 83.
3392 16. 84.
3393 16. 84.
3394 16. 84.
3395 16. 84.
3396 16. 84.
3397 16. 84.
3398 16. 84.
3399 16. 84.
3400 16. 84.
3401 16. 84.
3402 16. 84.
3403 16. 84.
3404 16. 84.
3405 16. 84.
3406 16. 84.
3407 16. 84.
3408 16. 84.
3409 16. 84.
3410 16. 84.
3411 16. 84.
3412 16. 84.
3413 16. 84.
3414 16. 84.
3415 16. 84.
3416 16. 84.
3417 15. 85.
3418 15. 85.
3419 15. 85.
3420 15. 85.
3421 15. 85.
3422 15. 85.
3423 15. 85.
3424 14. 86.
3425 14. 86.
3426 14. 86.
3427 14. 86.
3428 15. 85.
3429 15. 85.
3430 15. 85.
3431 15. 85.
3432 15. 85.
3433 15. 85.
3434 16. 84.
3435 16. 84.
3436 16. 84.
3437 16. 84.
3438 17. 83.
3439 17. 83.
3440 17. 83.
3441 16. 84.
3442 16. 84.
3443 16. 84.
3444 16. 84.
3445 16. 84.
3446 16. 84.
3447 16. 84.
3448 16. 84.
3449 16. 84.
3450 16. 84.
3451 16. 84.
3452 16. 84.
3453 16. 84.
3454 16. 84.
3455 16. 84.
3456 16. 84.
3457 16. 84.
3458 16. 84.
3459 16. 84.
3460 16. 84.
3461 16. 84.
3462 15. 85.
3463 15. 85.
3464 16. 84.
3465 16. 84.
3466 16. 84.
3467 16. 84.
3468 16. 84.
3469 16. 84.
3470 15. 85.
3471 15. 85.
3472 15. 85.
3473 15. 85.
3474 15. 85.
3475 15. 85.
3476 15. 85.
3477 15. 85.
3478 16. 84.
3479 16. 84.
3480 16. 84.
3481 16. 84.
3482 16. 84.
3483 16. 84.
3484 16. 84.
3485 16. 84.
3486 16. 84.
3487 16. 84.
3488 17. 83.
3489 17. 83.
3490 17. 83.
3491 17. 83.
3492 17. 83.
3493 16. 84.
3494 16. 84.
3495 16. 84.
3496 16. 84.
3497 15. 85.
3498 15. 85.
3499 15. 85.
3500 15. 85.
3501 15. 85.
3502 15. 85.
3503 15. 85.
3504 15. 85.
3505 15. 85.
3506 15. 85.
3507 15. 85.
3508 16. 84.
3509 17. 83.
3510 17. 83.
3511 17. 83.
3512 17. 83.
3513 17. 83.
3514 17. 83.
3515 17. 83.
3516 17. 83.
3517 17. 83.
3518 17. 83.
3519 17. 83.
3520 17. 83.
3521 17. 83.
3522 16. 84.
3523 16. 84.
3524 16. 84.
3525 16. 84.
3526 16. 84.
3527 17. 83.
3528 16. 84.
3529 16. 84.
3530 16. 84.
3531 16. 84.
3532 15. 85.
3533 15. 85.
3534 15. 85.
3535 15. 85.
3536 15. 85.
3537 15. 85.
3538 15. 85.
3539 15. 85.
3540 15. 85.
3541 14. 86.
3542 14. 86.
3543 14. 86.
3544 14. 86.
3545 13. 87.
3546 14. 86.
3547 14. 86.
3548 14. 86.
3549 14. 86.
3550 14. 86.
3551 14. 86.
3552 15. 85.
3553 15. 85.
3554 15. 85.
3555 15. 85.
3556 14. 86.
3557 14. 86.
3558 15. 85.
3559 15. 85.
3560 16. 84.
3561 16. 84.
3562 16. 84.
3563 16. 84.
3564 16. 84.
3565 16. 84.
3566 16. 84.
3567 16. 84.
3568 16. 84.
3569 16. 84.
3570 16. 84.
3571 16. 84.
3572 16. 84.
3573 16. 84.
3574 16. 84.
3575 16. 84.
3576 16. 84.
3577 16. 84.
3578 15. 85.
3579 15. 85.
3580 15. 85.
3581 15. 85.
3582 15. 85.
3583 15. 85.
3584 15. 85.
3585 15. 85.
3586 15. 85.
3587 15. 85.
3588 15. 85.
3589 15. 85.
3590 15. 85.
3591 15. 85.
3592 15. 85.
3593 15. 85.
3594 15. 85.
3595 15. 85.
3596 15. 85.
3597 15. 85.
3598 15. 85.
3599 15. 85.
3600 16. 84.
3601 16. 84.
3602 16. 84.
3603 16. 84.
3604 16. 84.
3605 16. 84.
3606 16. 84.
3607 16. 84.
3608 16. 84.
3609 16. 84.
3610 16. 84.
3611 16. 84.
3612 16. 84.
3613 16. 84.
3614 16. 84.
3615 16. 84.
3616 16. 84.
3617 15. 85.
3618 15. 85.
3619 15. 85.
3620 15. 85.
3621 15. 85.
3622 15. 85.
3623 15. 85.
3624 15. 85.
3625 15. 85.
3626 14. 86.
3627 14. 86.
3628 14. 86.
3629 13. 87.
3630 13. 87.
3631 13. 87.
3632 12. 88.
3633 12. 88.
3634 12. 88.
3635 12. 88.
3636 12. 88.
3637 12. 88.
3638 12. 88.
3639 12. 88.
3640 12. 88.
3641 13. 87.
3642 13. 87.
3643 13. 87.
3644 13. 87.
3645 13. 87.
3646 13. 87.
3647 13. 87.
3648 13. 87.
3649 13. 87.
3650 13. 87.
3651 13. 87.
3652 13. 87.
3653 13. 87.
3654 13. 87.
3655 13. 87.
3656 13. 87.
3657 13. 87.
3658 13. 87.
3659 13. 87.
3660 13. 87.
3661 13. 87.
3662 13. 87.
3663 13. 87.
3664 13. 87.
3665 13. 87.
3666 13. 87.
3667 13. 87.
3668 13. 87.
3669 13. 87.
3670 13. 87.
3671 13. 87.
3672 13. 87.
3673 13. 87.
3674 13. 87.
3675 13. 87.
3676 13. 87.
3677 13. 87.
3678 14. 86.
3679 14. 86.
3680 14. 86.
3681 14. 86.
3682 14. 86.
3683 14. 86.
3684 14. 86.
3685 14. 86.
3686 14. 86.
3687 13. 87.
3688 13. 87.
3689 13. 87.
3690 13. 87.
3691 13. 87.
3692 13. 87.
3693 13. 87.
3694 13. 87.
3695 13. 87.
3696 13. 87.
3697 12. 88.
3698 12. 88.
3699 12. 88.
3700 12. 88.
3701 12. 88.
3702 12. 88.
3703 12. 88.
3704 12. 88.
3705 12. 88.
3706 11. 89.
3707 11. 89.
3708 11. 89.
3709 11. 89.
3710 11. 89.
3711 11. 89.
3712 11. 89.
3713 11. 89.
3714 11. 89.
3715 11. 89.
3716 11. 89.
3717 11. 89.
3718 11. 89.
3719 11. 89.
3720 11. 89.
3721 11. 89.
3722 11. 89.
3723 12. 88.
3724 12. 88.
3725 12. 88.
3726 11. 89.
3727 11. 89.
3728 11. 89.
3729 11. 89.
3730 11. 89.
3731 11. 89.
3732 11. 89.
3733 11. 89.
3734 12. 88.
3735 12. 88.
3736 12. 88.
3737 12. 88.
3738 12. 88.
3739 12. 88.
3740 12. 88.
3741 12. 88.
3742 12. 88.
3743 12. 88.
3744 12. 88.
3745 12. 88.
3746 12. 88.
3747 12. 88.
3748 12. 88.
3749 12. 88.
3750 12. 88.
3751 12. 88.
3752 12. 88.
3753 12. 88.
3754 12. 88.
3755 12. 88.
3756 12. 88.
3757 12. 88.
3758 11. 89.
3759 12. 88.
3760 12. 88.
3761 12. 88.
3762 12. 88.
3763 12. 88.
3764 12. 88.
3765 12. 88.
3766 12. 88.
3767 12. 88.
3768 12. 88.
3769 12. 88.
3770 12. 88.
3771 12. 88.
3772 12. 88.
3773 12. 88.
3774 12. 88.
3775 12. 88.
3776 12. 88.
3777 12. 88.
3778 12. 88.
3779 12. 88.
3780 12. 88.
3781 12. 88.
3782 12. 88.
3783 12. 88.
3784 12. 88.
3785 12. 88.
3786 12. 88.
3787 12. 88.
3788 12. 88.
3789 12. 88.
3790 12. 88.
3791 12. 88.
3792 12. 88.
3793 12. 88.
3794 12. 88.
3795 13. 87.
3796 13. 87.
3797 13. 87.
3798 13. 87.
3799 14. 86.
3800 14. 86.
3801 14. 86.
3802 14. 86.
3803 14. 86.
3804 14. 86.
3805 14. 86.
3806 14. 86.
3807 14. 86.
3808 14. 86.
3809 14. 86.
3810 14. 86.
3811 14. 86.
3812 14. 86.
3813 14. 86.
3814 14. 86.
3815 14. 86.
3816 14. 86.
3817 14. 86.
3818 14. 86.
3819 14. 86.
3820 14. 86.
3821 14. 86.
3822 14. 86.
3823 14. 86.
3824 14. 86.
3825 14. 86.
3826 14. 86.
3827 15. 85.
3828 15. 85.
3829 15. 85.
3830 15. 85.
3831 15. 85.
3832 15. 85.
3833 15. 85.
3834 15. 85.
3835 14. 86.
3836 14. 86.
3837 14. 86.
3838 14. 86.
3839 14. 86.
3840 13. 87.
3841 13. 87.
3842 13. 87.
3843 13. 87.
3844 13. 87.
3845 13. 87.
3846 13. 87.
3847 13. 87.
3848 14. 86.
3849 14. 86.
3850 14. 86.
3851 14. 86.
3852 14. 86.
3853 14. 86.
3854 14. 86.
3855 13. 87.
3856 13. 87.
3857 13. 87.
3858 13. 87.
3859 13. 87.
3860 13. 87.
3861 13. 87.
3862 13. 87.
3863 13. 87.
3864 13. 87.
3865 14. 86.
3866 14. 86.
3867 13. 87.
3868 13. 87.
3869 13. 87.
3870 13. 87.
3871 13. 87.
3872 14. 86.
3873 14. 86.
3874 14. 86.
3875 14. 86.
3876 13. 87.
3877 14. 86.
3878 14. 86.
3879 14. 86.
3880 14. 86.
3881 15. 85.
3882 15. 85.
3883 15. 85.
3884 15. 85.
3885 15. 85.
3886 15. 85.
3887 14. 86.
3888 14. 86.
3889 14. 86.
3890 14. 86.
3891 14. 86.
3892 14. 86.
3893 14. 86.
3894 14. 86.
3895 14. 86.
3896 14. 86.
3897 14. 86.
3898 14. 86.
3899 14. 86.
3900 14. 86.
3901 14. 86.
3902 14. 86.
3903 14. 86.
3904 13. 87.
3905 13. 87.
3906 13. 87.
3907 13. 87.
3908 13. 87.
3909 13. 87.
3910 13. 87.
3911 14. 86.
3912 14. 86.
3913 14. 86.
3914 14. 86.
3915 14. 86.
3916 14. 86.
3917 15. 85.
3918 15. 85.
3919 15. 85.
3920 15. 85.
3921 15. 85.
3922 15. 85.
3923 15. 85.
3924 15. 85.
3925 15. 85.
3926 15. 85.
3927 15. 85.
3928 15. 85.
3929 15. 85.
3930 15. 85.
3931 15. 85.
3932 15. 85.
3933 16. 84.
3934 16. 84.
3935 16. 84.
3936 16. 84.
3937 16. 84.
3938 16. 84.
3939 16. 84.
3940 16. 84.
3941 16. 84.
3942 16. 84.
3943 15. 85.
3944 15. 85.
3945 14. 86.
3946 14. 86.
3947 14. 86.
3948 14. 86.
3949 13. 87.
3950 13. 87.
3951 13. 87.
3952 13. 87.
3953 13. 87.
3954 13. 87.
3955 13. 87.
3956 13. 87.
3957 13. 87.
3958 13. 87.
3959 13. 87.
3960 13. 87.
3961 13. 87.
3962 13. 87.
3963 12. 88.
3964 12. 88.
3965 12. 88.
3966 12. 88.
3967 12. 88.
3968 12. 88.
3969 12. 88.
3970 12. 88.
3971 12. 88.
3972 12. 88.
3973 12. 88.
3974 12. 88.
3975 12. 88.
3976 12. 88.
3977 12. 88.
3978 12. 88.
3979 12. 88.
3980 12. 88.
3981 12. 88.
3982 12. 88.
3983 12. 88.
3984 12. 88.
3985 12. 88.
3986 12. 88.
3987 12. 88.
3988 12. 88.
3989 12. 88.
3990 12. 88.
3991 12. 88.
3992 12. 88.
3993 11. 89.
3994 11. 89.
3995 10. 90.
3996 10. 90.
3997 10. 90.
3998 9. 91.
3999 9. 91.
4000 9. 91.
4001 9. 91.
4002 9. 91.
4003 9. 91.
4004 9. 91.
4005 9. 91.
4006 9. 91.
4007 8. 92.
4008 8. 92.
4009 8. 92.
4010 9. 91.
4011 9. 91.
4012 9. 91.
4013 9. 91.
4014 9. 91.
4015 9. 91.
4016 9. 91.
4017 8. 92.
4018 8. 92.
4019 7. 93.
4020 7. 93.
4021 7. 93.
4022 7. 93.
4023 8. 92.
4024 8. 92.
4025 8. 92.
4026 8. 92.
4027 8. 92.
4028 8. 92.
4029 8. 92.
4030 9. 91.
4031 9. 91.
4032 9. 91.
4033 10. 90.
4034 10. 90.
4035 10. 90.
4036 10. 90.
4037 9. 91.
4038 9. 91.
4039 9. 91.
4040 10. 90.
4041 10. 90.
4042 10. 90.
4043 10. 90.
4044 10. 90.
4045 10. 90.
4046 10. 90.
4047 10. 90.
4048 10. 90.
4049 10. 90.
4050 10. 90.
4051 10. 90.
4052 10. 90.
4053 10. 90.
4054 10. 90.
4055 10. 90.
4056 10. 90.
4057 10. 90.
4058 10. 90.
4059 10. 90.
4060 10. 90.
4061 10. 90.
4062 10. 90.
4063 10. 90.
4064 10. 90.
4065 10. 90.
4066 10. 90.
4067 11. 89.
4068 11. 89.
4069 11. 89.
4070 12. 88.
4071 12. 88.
4072 12. 88.
4073 12. 88.
4074 12. 88.
4075 12. 88.
4076 12. 88.
4077 12. 88.
4078 12. 88.
4079 12. 88.
4080 12. 88.
4081 12. 88.
4082 12. 88.
4083 12. 88.
4084 12. 88.
4085 12. 88.
4086 12. 88.
4087 12. 88.
4088 12. 88.
4089 12. 88.
4090 12. 88.
4091 12. 88.
4092 12. 88.
4093 13. 87.
4094 13. 87.
4095 13. 87.
4096 13. 87.
4097 13. 87.
4098 13. 87.
4099 13. 87.
4100 13. 87.
4101 13. 87.
4102 13. 87.
4103 13. 87.
4104 13. 87.
4105 13. 87.
4106 13. 87.
4107 13. 87.
4108 13. 87.
4109 13. 87.
4110 13. 87.
4111 13. 87.
4112 13. 87.
4113 14. 86.
4114 14. 86.
4115 14. 86.
4116 14. 86.
4117 14. 86.
4118 14. 86.
4119 14. 86.
4120 14. 86.
4121 14. 86.
4122 15. 85.
4123 15. 85.
4124 15. 85.
4125 15. 85.
4126 15. 85.
4127 15. 85.
4128 15. 85.
4129 15. 85.
4130 15. 85.
4131 15. 85.
4132 16. 84.
4133 16. 84.
4134 16. 84.
4135 16. 84.
4136 16. 84.
4137 16. 84.
4138 16. 84.
4139 16. 84.
4140 16. 84.
4141 16. 84.
4142 16. 84.
4143 16. 84.
4144 16. 84.
4145 16. 84.
4146 16. 84.
4147 16. 84.
4148 16. 84.
4149 16. 84.
4150 16. 84.
4151 16. 84.
4152 16. 84.
4153 16. 84.
4154 16. 84.
4155 16. 84.
4156 16. 84.
4157 16. 84.
4158 16. 84.
4159 16. 84.
4160 16. 84.
4161 16. 84.
4162 16. 84.
4163 16. 84.
4164 16. 84.
4165 15. 85.
4166 15. 85.
4167 15. 85.
4168 15. 85.
4169 15. 85.
4170 16. 84.
4171 16. 84.
4172 15. 85.
4173 15. 85.
4174 15. 85.
4175 15. 85.
4176 15. 85.
4177 15. 85.
4178 15. 85.
4179 15. 85.
4180 16. 84.
4181 16. 84.
4182 16. 84.
4183 16. 84.
4184 16. 84.
4185 16. 84.
4186 16. 84.
4187 16. 84.
4188 16. 84.
4189 17. 83.
4190 17. 83.
4191 17. 83.
4192 17. 83.
4193 16. 84.
4194 16. 84.
4195 16. 84.
4196 16. 84.
4197 16. 84.
4198 16. 84.
4199 16. 84.
4200 16. 84.
4201 16. 84.
4202 16. 84.
4203 16. 84.
4204 16. 84.
4205 16. 84.
4206 16. 84.
4207 16. 84.
4208 16. 84.
4209 16. 84.
4210 16. 84.
4211 16. 84.
4212 16. 84.
4213 16. 84.
4214 16. 84.
4215 16. 84.
4216 16. 84.
4217 16. 84.
4218 16. 84.
4219 16. 84.
4220 16. 84.
4221 16. 84.
4222 16. 84.
4223 16. 84.
4224 16. 84.
4225 16. 84.
4226 16. 84.
4227 16. 84.
4228 16. 84.
4229 16. 84.
4230 16. 84.
4231 17. 83.
4232 17. 83.
4233 17. 83.
4234 17. 83.
4235 17. 83.
4236 17. 83.
4237 17. 83.
4238 17. 83.
4239 18. 82.
4240 18. 82.
4241 18. 82.
4242 18. 82.
4243 18. 82.
4244 18. 82.
4245 18. 82.
4246 18. 82.
4247 18. 82.
4248 18. 82.
4249 18. 82.
4250 18. 82.
4251 18. 82.
4252 18. 82.
4253 17. 83.
4254 17. 83.
4255 17. 83.
4256 17. 83.
4257 17. 83.
4258 17. 83.
4259 17. 83.
4260 17. 83.
4261 17. 83.
4262 17. 83.
4263 17. 83.
4264 17. 83.
4265 17. 83.
4266 18. 82.
4267 18. 82.
4268 18. 82.
4269 18. 82.
4270 19. 81.
4271 19. 81.
4272 19. 81.
4273 19. 81.
4274 19. 81.
4275 19. 81.
4276 19. 81.
4277 19. 81.
4278 19. 81.
4279 18. 82.
4280 18. 82.
4281 17. 83.
4282 17. 83.
4283 17. 83.
4284 17. 83.
4285 17. 83.
4286 17. 83.
4287 17. 83.
4288 17. 83.
4289 17. 83.
4290 17. 83.
4291 17. 83.
4292 17. 83.
4293 17. 83.
4294 17. 83.
4295 17. 83.
4296 17. 83.
4297 17. 83.
4298 17. 83.
4299 16. 84.
4300 16. 84.
4301 16. 84.
4302 16. 84.
4303 16. 84.
4304 16. 84.
4305 16. 84.
4306 16. 84.
4307 16. 84.
4308 16. 84.
4309 15. 85.
4310 15. 85.
4311 15. 85.
4312 15. 85.
4313 14. 86.
4314 14. 86.
4315 14. 86.
4316 14. 86.
4317 14. 86.
4318 14. 86.
4319 14. 86.
4320 15. 85.
4321 15. 85.
4322 15. 85.
4323 14. 86.
4324 14. 86.
4325 15. 85.
4326 15. 85.
4327 15. 85.
4328 15. 85.
4329 15. 85.
4330 15. 85.
4331 15. 85.
4332 15. 85.
4333 15. 85.
4334 15. 85.
4335 15. 85.
4336 15. 85.
4337 15. 85.
4338 16. 84.
4339 16. 84.
4340 16. 84.
4341 16. 84.
4342 16. 84.
4343 16. 84.
4344 16. 84.
4345 16. 84.
4346 16. 84.
4347 16. 84.
4348 16. 84.
4349 17. 83.
4350 18. 82.
4351 18. 82.
4352 18. 82.
4353 18. 82.
4354 18. 82.
4355 18. 82.
4356 18. 82.
4357 18. 82.
4358 18. 82.
4359 18. 82.
4360 18. 82.
4361 17. 83.
4362 17. 83.
4363 17. 83.
4364 17. 83.
4365 17. 83.
4366 17. 83.
4367 17. 83.
4368 17. 83.
4369 17. 83.
4370 17. 83.
4371 17. 83.
4372 17. 83.
4373 17. 83.
4374 17. 83.
4375 17. 83.
4376 17. 83.
4377 17. 83.
4378 17. 83.
4379 18. 82.
4380 18. 82.
4381 18. 82.
4382 18. 82.
4383 18. 82.
4384 18. 82.
4385 18. 82.
4386 18. 82.
4387 17. 83.
4388 16. 84.
4389 16. 84.
4390 16. 84.
4391 16. 84.
4392 16. 84.
4393 16. 84.
4394 16. 84.
4395 16. 84.
4396 17. 83.
4397 16. 84.
4398 16. 84.
4399 16. 84.
4400 16. 84.
4401 16. 84.
4402 16. 84.
4403 16. 84.
4404 16. 84.
4405 16. 84.
4406 16. 84.
4407 16. 84.
4408 16. 84.
4409 16. 84.
4410 16. 84.
4411 16. 84.
4412 16. 84.
4413 16. 84.
4414 16. 84.
4415 16. 84.
4416 16. 84.
4417 16. 84.
4418 16. 84.
4419 16. 84.
4420 16. 84.
4421 16. 84.
4422 16. 84.
4423 16. 84.
4424 16. 84.
4425 16. 84.
4426 16. 84.
4427 16. 84.
4428 16. 84.
4429 17. 83.
4430 17. 83.
4431 17. 83.
4432 17. 83.
4433 17. 83.
4434 17. 83.
4435 17. 83.
4436 17. 83.
4437 17. 83.
4438 17. 83.
4439 17. 83.
4440 16. 84.
4441 16. 84.
4442 16. 84.
4443 16. 84.
4444 16. 84.
4445 17. 83.
4446 17. 83.
4447 17. 83.
4448 17. 83.
4449 17. 83.
4450 17. 83.
4451 17. 83.
4452 17. 83.
4453 17. 83.
4454 17. 83.
4455 17. 83.
4456 16. 84.
4457 16. 84.
4458 16. 84.
4459 16. 84.
4460 16. 84.
4461 16. 84.
4462 17. 83.
4463 17. 83.
4464 17. 83.
4465 17. 83.
4466 17. 83.
4467 17. 83.
4468 17. 83.
4469 17. 83.
4470 17. 83.
4471 17. 83.
4472 18. 82.
4473 18. 82.
4474 18. 82.
4475 18. 82.
4476 18. 82.
4477 18. 82.
4478 18. 82.
4479 18. 82.
4480 19. 81.
4481 19. 81.
4482 19. 81.
4483 19. 81.
4484 19. 81.
4485 19. 81.
4486 19. 81.
4487 19. 81.
4488 19. 81.
4489 19. 81.
4490 19. 81.
4491 19. 81.
4492 19. 81.
4493 19. 81.
4494 19. 81.
4495 20. 80.
4496 21. 79.
4497 21. 79.
4498 21. 79.
4499 21. 79.
4500 21. 79.
4501 21. 79.
4502 21. 79.
4503 21. 79.
4504 21. 79.
4505 21. 79.
4506 21. 79.
4507 20. 80.
4508 21. 79.
4509 21. 79.
4510 21. 79.
4511 21. 79.
4512 21. 79.
4513 21. 79.
4514 21. 79.
4515 21. 79.
4516 21. 79.
4517 21. 79.
4518 21. 79.
4519 21. 79.
4520 21. 79.
4521 21. 79.
4522 21. 79.
4523 21. 79.
4524 21. 79.
4525 21. 79.
4526 21. 79.
4527 21. 79.
4528 21. 79.
4529 21. 79.
4530 20. 80.
4531 20. 80.
4532 20. 80.
4533 20. 80.
4534 20. 80.
4535 20. 80.
4536 20. 80.
4537 20. 80.
4538 21. 79.
4539 22. 78.
4540 22. 78.
4541 22. 78.
4542 22. 78.
4543 22. 78.
4544 23. 77.
4545 23. 77.
4546 22. 78.
4547 21. 79.
4548 21. 79.
4549 21. 79.
4550 21. 79.
4551 21. 79.
4552 21. 79.
4553 22. 78.
4554 22. 78.
4555 22. 78.
4556 22. 78.
4557 22. 78.
4558 22. 78.
4559 22. 78.
4560 22. 78.
4561 22. 78.
4562 22. 78.
4563 22. 78.
4564 22. 78.
4565 22. 78.
4566 22. 78.
4567 22. 78.
4568 21. 79.
4569 21. 79.
4570 21. 79.
4571 21. 79.
4572 21. 79.
4573 21. 79.
4574 22. 78.
4575 22. 78.
4576 22. 78.
4577 22. 78.
4578 22. 78.
4579 22. 78.
4580 22. 78.
4581 22. 78.
4582 22. 78.
4583 22. 78.
4584 22. 78.
4585 22. 78.
4586 22. 78.
4587 22. 78.
4588 22. 78.
4589 22. 78.
4590 22. 78.
4591 22. 78.
4592 22. 78.
4593 22. 78.
4594 22. 78.
4595 22. 78.
4596 22. 78.
4597 22. 78.
4598 22. 78.
4599 22. 78.
4600 22. 78.
4601 22. 78.
4602 22. 78.
4603 22. 78.
4604 22. 78.
4605 22. 78.
4606 22. 78.
4607 22. 78.
4608 22. 78.
4609 22. 78.
4610 22. 78.
4611 22. 78.
4612 22. 78.
4613 22. 78.
4614 22. 78.
4615 22. 78.
4616 22. 78.
4617 22. 78.
4618 22. 78.
4619 22. 78.
4620 22. 78.
4621 22. 78.
4622 22. 78.
4623 23. 77.
4624 24. 76.
4625 24. 76.
4626 24. 76.
4627 24. 76.
4628 25. 75.
4629 25. 75.
4630 25. 75.
4631 25. 75.
4632 25. 75.
4633 25. 75.
4634 25. 75.
4635 25. 75.
4636 25. 75.
4637 25. 75.
4638 25. 75.
4639 25. 75.
4640 25. 75.
4641 24. 76.
4642 24. 76.
4643 25. 75.
4644 25. 75.
4645 25. 75.
4646 25. 75.
4647 25. 75.
4648 25. 75.
4649 25. 75.
4650 25. 75.
4651 25. 75.
4652 25. 75.
4653 25. 75.
4654 25. 75.
4655 25. 75.
4656 25. 75.
4657 25. 75.
4658 25. 75.
4659 25. 75.
4660 25. 75.
4661 25. 75.
4662 25. 75.
4663 25. 75.
4664 25. 75.
4665 25. 75.
4666 25. 75.
4667 25. 75.
4668 25. 75.
4669 25. 75.
4670 24. 76.
4671 25. 75.
4672 25. 75.
4673 24. 76.
4674 24. 76.
4675 24. 76.
4676 24. 76.
4677 24. 76.
4678 24. 76.
4679 24. 76.
4680 24. 76.
4681 24. 76.
4682 24. 76.
4683 24. 76.
4684 24. 76.
4685 24. 76.
4686 24. 76.
4687 23. 77.
4688 23. 77.
4689 24. 76.
4690 24. 76.
4691 24. 76.
4692 25. 75.
4693 25. 75.
4694 25. 75.
4695 25. 75.
4696 25. 75.
4697 25. 75.
4698 25. 75.
4699 25. 75.
4700 25. 75.
4701 25. 75.
4702 25. 75.
4703 25. 75.
4704 25. 75.
4705 25. 75.
4706 25. 75.
4707 25. 75.
4708 25. 75.
4709 25. 75.
4710 25. 75.
4711 25. 75.
4712 25. 75.
4713 25. 75.
4714 25. 75.
4715 25. 75.
4716 25. 75.
4717 25. 75.
4718 25. 75.
4719 24. 76.
4720 24. 76.
4721 24. 76.
4722 24. 76.
4723 24. 76.
4724 24. 76.
4725 24. 76.
4726 24. 76.
4727 24. 76.
4728 24. 76.
4729 24. 76.
4730 24. 76.
4731 23. 77.
4732 23. 77.
4733 23. 77.
4734 23. 77.
4735 23. 77.
4736 23. 77.
4737 23. 77.
4738 23. 77.
4739 23. 77.
4740 23. 77.
4741 23. 77.
4742 24. 76.
4743 24. 76.
4744 24. 76.
4745 24. 76.
4746 24. 76.
4747 24. 76.
4748 24. 76.
4749 25. 75.
4750 25. 75.
4751 25. 75.
4752 25. 75.
4753 25. 75.
4754 25. 75.
4755 25. 75.
4756 24. 76.
4757 24. 76.
4758 24. 76.
4759 24. 76.
4760 24. 76.
4761 24. 76.
4762 24. 76.
4763 23. 77.
4764 23. 77.
4765 23. 77.
4766 23. 77.
4767 23. 77.
4768 23. 77.
4769 23. 77.
4770 23. 77.
4771 23. 77.
4772 23. 77.
4773 24. 76.
4774 24. 76.
4775 24. 76.
4776 24. 76.
4777 24. 76.
4778 24. 76.
4779 24. 76.
4780 24. 76.
4781 24. 76.
4782 24. 76.
4783 24. 76.
4784 24. 76.
4785 24. 76.
4786 24. 76.
4787 24. 76.
4788 24. 76.
4789 24. 76.
4790 25. 75.
4791 25. 75.
4792 25. 75.
4793 25. 75.
4794 25. 75.
4795 24. 76.
4796 23. 77.
4797 23. 77.
4798 23. 77.
4799 23. 77.
4800 23. 77.
4801 22. 78.
4802 21. 79.
4803 21. 79.
4804 21. 79.
4805 21. 79.
4806 21. 79.
4807 20. 80.
4808 20. 80.
4809 20. 80.
4810 20. 80.
4811 20. 80.
4812 20. 80.
4813 20. 80.
4814 20. 80.
4815 20. 80.
4816 20. 80.
4817 20. 80.
4818 21. 79.
4819 21. 79.
4820 21. 79.
4821 21. 79.
4822 21. 79.
4823 21. 79.
4824 21. 79.
4825 21. 79.
4826 21. 79.
4827 21. 79.
4828 21. 79.
4829 21. 79.
4830 21. 79.
4831 21. 79.
4832 21. 79.
4833 22. 78.
4834 22. 78.
4835 22. 78.
4836 23. 77.
4837 23. 77.
4838 23. 77.
4839 23. 77.
4840 23. 77.
4841 23. 77.
4842 23. 77.
4843 23. 77.
4844 22. 78.
4845 22. 78.
4846 21. 79.
4847 21. 79.
4848 21. 79.
4849 21. 79.
4850 21. 79.
4851 21. 79.
4852 21. 79.
4853 21. 79.
4854 21. 79.
4855 21. 79.
4856 21. 79.
4857 21. 79.
4858 22. 78.
4859 22. 78.
4860 23. 77.
4861 23. 77.
4862 23. 77.
4863 24. 76.
4864 24. 76.
4865 24. 76.
4866 24. 76.
4867 24. 76.
4868 25. 75.
4869 25. 75.
4870 24. 76.
4871 25. 75.
4872 25. 75.
4873 25. 75.
4874 25. 75.
4875 25. 75.
4876 25. 75.
4877 26. 74.
4878 27. 73.
4879 27. 73.
4880 27. 73.
4881 27. 73.
4882 27. 73.
4883 26. 74.
4884 26. 74.
4885 26. 74.
4886 26. 74.
4887 26. 74.
4888 26. 74.
4889 26. 74.
4890 26. 74.
4891 26. 74.
4892 26. 74.
4893 26. 74.
4894 27. 73.
4895 27. 73.
4896 27. 73.
4897 27. 73.
4898 27. 73.
4899 27. 73.
4900 27. 73.
4901 27. 73.
4902 26. 74.
4903 27. 73.
4904 26. 74.
4905 26. 74.
4906 27. 73.
4907 27. 73.
4908 26. 74.
4909 26. 74.
4910 26. 74.
4911 27. 73.
4912 27. 73.
4913 27. 73.
4914 26. 74.
4915 26. 74.
4916 26. 74.
4917 26. 74.
4918 25. 75.
4919 25. 75.
4920 25. 75.
4921 25. 75.
4922 25. 75.
4923 25. 75.
4924 25. 75.
4925 25. 75.
4926 25. 75.
4927 25. 75.
4928 25. 75.
4929 25. 75.
4930 25. 75.
4931 25. 75.
4932 25. 75.
4933 25. 75.
4934 25. 75.
4935 25. 75.
4936 24. 76.
4937 24. 76.
4938 24. 76.
4939 24. 76.
4940 24. 76.
4941 24. 76.
4942 24. 76.
4943 24. 76.
4944 24. 76.
4945 24. 76.
4946 25. 75.
4947 26. 74.
4948 26. 74.
4949 26. 74.
4950 26. 74.
4951 26. 74.
4952 26. 74.
4953 27. 73.
4954 27. 73.
4955 27. 73.
4956 27. 73.
4957 27. 73.
4958 27. 73.
4959 27. 73.
4960 27. 73.
4961 27. 73.
4962 27. 73.
4963 27. 73.
4964 27. 73.
4965 27. 73.
4966 27. 73.
4967 27. 73.
4968 27. 73.
4969 27. 73.
4970 27. 73.
4971 27. 73.
4972 28. 72.
4973 28. 72.
4974 28. 72.
4975 28. 72.
4976 28. 72.
4977 28. 72.
4978 28. 72.
4979 28. 72.
4980 28. 72.
4981 28. 72.
4982 28. 72.
4983 28. 72.
4984 28. 72.
4985 28. 72.
4986 28. 72.
4987 29. 71.
4988 29. 71.
4989 29. 71.
4990 29. 71.
4991 29. 71.
4992 28. 72.
4993 28. 72.
4994 27. 73.
4995 27. 73.
4996 27. 73.
4997 27. 73.
4998 27. 73.
4999 26. 74.
5000 26. 74.
5001 25. 75.
5002 24. 76.
5003 24. 76.
5004 24. 76.
5005 24. 76.
5006 24. 76.
5007 24. 76.
5008 24. 76.
5009 24. 76.
5010 24. 76.
5011 24. 76.
5012 23. 77.
5013 23. 77.
5014 23. 77.
5015 23. 77.
5016 23. 77.
5017 24. 76.
5018 24. 76.
5019 23. 77.
5020 23. 77.
5021 23. 77.
5022 23. 77.
5023 23. 77.
5024 23. 77.
5025 24. 76.
5026 24. 76.
5027 24. 76.
5028 24. 76.
5029 23. 77.
5030 23. 77.
5031 23. 77.
5032 24. 76.
5033 24. 76.
5034 24. 76.
5035 24. 76.
5036 23. 77.
5037 23. 77.
5038 23. 77.
5039 23. 77.
5040 23. 77.
5041 23. 77.
5042 23. 77.
5043 23. 77.
5044 24. 76.
5045 24. 76.
5046 24. 76.
5047 24. 76.
5048 24. 76.
5049 24. 76.
5050 24. 76.
5051 24. 76.
5052 24. 76.
5053 24. 76.
5054 24. 76.
5055 24. 76.
5056 24. 76.
5057 23. 77.
5058 23. 77.
5059 23. 77.
5060 23. 77.
5061 24. 76.
5062 25. 75.
5063 24. 76.
5064 24. 76.
5065 24. 76.
5066 24. 76.
5067 24. 76.
5068 24. 76.
5069 24. 76.
5070 24. 76.
5071 24. 76.
5072 24. 76.
5073 24. 76.
5074 24. 76.
5075 24. 76.
5076 24. 76.
5077 24. 76.
5078 24. 76.
5079 24. 76.
5080 25. 75.
5081 25. 75.
5082 25. 75.
5083 25. 75.
5084 25. 75.
5085 24. 76.
5086 24. 76.
5087 23. 77.
5088 23. 77.
5089 23. 77.
5090 23. 77.
5091 23. 77.
5092 23. 77.
5093 24. 76.
5094 25. 75.
5095 25. 75.
5096 25. 75.
5097 25. 75.
5098 25. 75.
5099 25. 75.
5100 25. 75.
5101 25. 75.
5102 25. 75.
5103 25. 75.
5104 25. 75.
5105 25. 75.
5106 25. 75.
5107 24. 76.
5108 24. 76.
5109 24. 76.
5110 24. 76.
5111 23. 77.
5112 23. 77.
5113 23. 77.
5114 23. 77.
5115 23. 77.
5116 24. 76.
5117 24. 76.
5118 24. 76.
5119 25. 75.
5120 25. 75.
5121 25. 75.
5122 25. 75.
5123 25. 75.
5124 26. 74.
5125 26. 74.
5126 26. 74.
5127 26. 74.
5128 26. 74.
5129 26. 74.
5130 26. 74.
5131 26. 74.
5132 26. 74.
5133 26. 74.
5134 26. 74.
5135 26. 74.
5136 26. 74.
5137 26. 74.
5138 26. 74.
5139 27. 73.
5140 27. 73.
5141 27. 73.
5142 27. 73.
5143 27. 73.
5144 28. 72.
5145 29. 71.
5146 29. 71.
5147 28. 72.
5148 28. 72.
5149 28. 72.
5150 28. 72.
5151 28. 72.
5152 28. 72.
5153 28. 72.
5154 28. 72.
5155 28. 72.
5156 28. 72.
5157 28. 72.
5158 28. 72.
5159 28. 72.
5160 28. 72.
5161 28. 72.
5162 28. 72.
5163 28. 72.
5164 28. 72.
5165 28. 72.
5166 28. 72.
5167 28. 72.
5168 28. 72.
5169 28. 72.
5170 29. 71.
5171 29. 71.
5172 29. 71.
5173 28. 72.
5174 27. 73.
5175 27. 73.
5176 27. 73.
5177 27. 73.
5178 27. 73.
5179 27. 73.
5180 27. 73.
5181 27. 73.
5182 27. 73.
5183 27. 73.
5184 27. 73.
5185 27. 73.
5186 27. 73.
5187 27. 73.
5188 27. 73.
5189 27. 73.
5190 27. 73.
5191 27. 73.
5192 27. 73.
5193 27. 73.
5194 27. 73.
5195 27. 73.
5196 27. 73.
5197 27. 73.
5198 27. 73.
5199 27. 73.
5200 27. 73.
5201 27. 73.
5202 28. 72.
5203 28. 72.
5204 28. 72.
5205 27. 73.
5206 27. 73.
5207 27. 73.
5208 27. 73.
5209 27. 73.
5210 27. 73.
5211 28. 72.
5212 27. 73.
5213 27. 73.
5214 27. 73.
5215 27. 73.
5216 27. 73.
5217 27. 73.
5218 27. 73.
5219 27. 73.
5220 27. 73.
5221 27. 73.
5222 27. 73.
5223 26. 74.
5224 26. 74.
5225 25. 75.
5226 25. 75.
5227 25. 75.
5228 26. 74.
5229 26. 74.
5230 26. 74.
5231 26. 74.
5232 26. 74.
5233 26. 74.
5234 26. 74.
5235 26. 74.
5236 26. 74.
5237 26. 74.
5238 26. 74.
5239 26. 74.
5240 26. 74.
5241 25. 75.
5242 25. 75.
5243 25. 75.
5244 25. 75.
5245 25. 75.
5246 25. 75.
5247 25. 75.
5248 25. 75.
5249 25. 75.
5250 25. 75.
5251 25. 75.
5252 25. 75.
5253 25. 75.
5254 25. 75.
5255 25. 75.
5256 26. 74.
5257 26. 74.
5258 26. 74.
5259 26. 74.
5260 26. 74.
5261 26. 74.
5262 25. 75.
5263 25. 75.
5264 25. 75.
5265 25. 75.
5266 25. 75.
5267 25. 75.
5268 24. 76.
5269 24. 76.
5270 24. 76.
5271 24. 76.
5272 24. 76.
5273 24. 76.
5274 24. 76.
5275 24. 76.
5276 24. 76.
5277 24. 76.
5278 24. 76.
5279 24. 76.
5280 24. 76.
5281 24. 76.
5282 24. 76.
5283 23. 77.
5284 23. 77.
5285 23. 77.
5286 23. 77.
5287 23. 77.
5288 23. 77.
5289 23. 77.
5290 23. 77.
5291 23. 77.
5292 23. 77.
5293 23. 77.
5294 23. 77.
5295 23. 77.
5296 23. 77.
5297 23. 77.
5298 23. 77.
5299 23. 77.
5300 23. 77.
5301 23. 77.
5302 22. 78.
5303 22. 78.
5304 22. 78.
5305 22. 78.
5306 22. 78.
5307 22. 78.
5308 22. 78.
5309 22. 78.
5310 22. 78.
5311 23. 77.
5312 23. 77.
5313 24. 76.
5314 24. 76.
5315 24. 76.
5316 23. 77.
5317 23. 77.
5318 23. 77.
5319 23. 77.
5320 23. 77.
5321 23. 77.
5322 23. 77.
5323 23. 77.
5324 23. 77.
5325 23. 77.
5326 23. 77.
5327 23. 77.
5328 23. 77.
5329 23. 77.
5330 23. 77.
5331 24. 76.
5332 24. 76.
5333 24. 76.
5334 24. 76.
5335 25. 75.
5336 25. 75.
5337 25. 75.
5338 25. 75.
5339 25. 75.
5340 25. 75.
5341 25. 75.
5342 25. 75.
5343 25. 75.
5344 25. 75.
5345 26. 74.
5346 26. 74.
5347 25. 75.
5348 26. 74.
5349 26. 74.
5350 25. 75.
5351 25. 75.
5352 25. 75.
5353 25. 75.
5354 25. 75.
5355 25. 75.
5356 25. 75.
5357 25. 75.
5358 25. 75.
5359 25. 75.
5360 24. 76.
5361 23. 77.
5362 23. 77.
5363 23. 77.
5364 23. 77.
5365 22. 78.
5366 22. 78.
5367 22. 78.
5368 22. 78.
5369 22. 78.
5370 22. 78.
5371 22. 78.
5372 21. 79.
5373 21. 79.
5374 21. 79.
5375 21. 79.
5376 21. 79.
5377 21. 79.
5378 21. 79.
5379 21. 79.
5380 21. 79.
5381 20. 80.
5382 19. 81.
5383 19. 81.
5384 18. 82.
5385 18. 82.
5386 18. 82.
5387 18. 82.
5388 19. 81.
5389 19. 81.
5390 20. 80.
5391 20. 80.
5392 21. 79.
5393 21. 79.
5394 21. 79.
5395 21. 79.
5396 22. 78.
5397 22. 78.
5398 22. 78.
5399 22. 78.
5400 21. 79.
5401 21. 79.
5402 21. 79.
5403 21. 79.
5404 21. 79.
5405 20. 80.
5406 20. 80.
5407 20. 80.
5408 21. 79.
5409 20. 80.
5410 19. 81.
5411 19. 81.
5412 19. 81.
5413 20. 80.
5414 20. 80.
5415 21. 79.
5416 20. 80.
5417 20. 80.
5418 20. 80.
5419 20. 80.
5420 20. 80.
5421 20. 80.
5422 20. 80.
5423 20. 80.
5424 20. 80.
5425 19. 81.
5426 19. 81.
5427 19. 81.
5428 19. 81.
5429 19. 81.
5430 19. 81.
5431 19. 81.
5432 19. 81.
5433 19. 81.
5434 19. 81.
5435 19. 81.
5436 19. 81.
5437 20. 80.
5438 20. 80.
5439 20. 80.
5440 20. 80.
5441 20. 80.
5442 20. 80.
5443 19. 81.
5444 19. 81.
5445 19. 81.
5446 19. 81.
5447 19. 81.
5448 19. 81.
5449 19. 81.
5450 18. 82.
5451 17. 83.
5452 17. 83.
5453 17. 83.
5454 17. 83.
5455 18. 82.
5456 18. 82.
5457 18. 82.
5458 18. 82.
5459 18. 82.
5460 18. 82.
5461 18. 82.
5462 18. 82.
5463 18. 82.
5464 18. 82.
5465 18. 82.
5466 18. 82.
5467 18. 82.
5468 18. 82.
5469 18. 82.
5470 18. 82.
5471 18. 82.
5472 17. 83.
5473 17. 83.
5474 17. 83.
5475 17. 83.
5476 17. 83.
5477 17. 83.
5478 17. 83.
5479 18. 82.
5480 18. 82.
5481 18. 82.
5482 18. 82.
5483 18. 82.
5484 18. 82.
5485 18. 82.
5486 18. 82.
5487 18. 82.
5488 18. 82.
5489 18. 82.
5490 18. 82.
5491 18. 82.
5492 18. 82.
5493 18. 82.
5494 18. 82.
5495 18. 82.
5496 18. 82.
5497 18. 82.
5498 18. 82.
5499 18. 82.
5500 18. 82.
5501 17. 83.
5502 17. 83.
5503 17. 83.
5504 17. 83.
5505 17. 83.
5506 16. 84.
5507 16. 84.
5508 16. 84.
5509 16. 84.
5510 16. 84.
5511 16. 84.
5512 16. 84.
5513 16. 84.
5514 16. 84.
5515 16. 84.
5516 16. 84.
5517 16. 84.
5518 16. 84.
5519 16. 84.
5520 17. 83.
5521 17. 83.
5522 17. 83.
5523 17. 83.
5524 17. 83.
5525 17. 83.
5526 17. 83.
5527 17. 83.
5528 17. 83.
5529 17. 83.
5530 17. 83.
5531 17. 83.
5532 17. 83.
5533 16. 84.
5534 16. 84.
5535 16. 84.
5536 16. 84.
5537 16. 84.
5538 16. 84.
5539 16. 84.
5540 16. 84.
5541 16. 84.
5542 15. 85.
5543 15. 85.
5544 15. 85.
5545 15. 85.
5546 15. 85.
5547 16. 84.
5548 16. 84.
5549 16. 84.
5550 16. 84.
5551 16. 84.
5552 16. 84.
5553 16. 84.
5554 16. 84.
5555 16. 84.
5556 16. 84.
5557 16. 84.
5558 16. 84.
5559 16. 84.
5560 17. 83.
5561 17. 83.
5562 17. 83.
5563 17. 83.
5564 17. 83.
5565 17. 83.
5566 17. 83.
5567 16. 84.
5568 15. 85.
5569 16. 84.
5570 16. 84.
5571 16. 84.
5572 16. 84.
5573 16. 84.
5574 16. 84.
5575 16. 84.
5576 16. 84.
5577 16. 84.
5578 17. 83.
5579 17. 83.
5580 17. 83.
5581 16. 84.
5582 16. 84.
5583 16. 84.
5584 16. 84.
5585 16. 84.
5586 16. 84.
5587 16. 84.
5588 16. 84.
5589 16. 84.
5590 16. 84.
5591 16. 84.
5592 16. 84.
5593 16. 84.
5594 16. 84.
5595 16. 84.
5596 16. 84.
5597 16. 84.
5598 16. 84.
5599 16. 84.
5600 17. 83.
5601 17. 83.
5602 17. 83.
5603 17. 83.
5604 17. 83.
5605 16. 84.
5606 17. 83.
5607 17. 83.
5608 17. 83.
5609 17. 83.
5610 17. 83.
5611 17. 83.
5612 17. 83.
5613 17. 83.
5614 17. 83.
5615 18. 82.
5616 18. 82.
5617 18. 82.
5618 18. 82.
5619 18. 82.
5620 18. 82.
5621 19. 81.
5622 19. 81.
5623 19. 81.
5624 20. 80.
5625 20. 80.
5626 20. 80.
5627 20. 80.
5628 20. 80.
5629 21. 79.
5630 21. 79.
5631 20. 80.
5632 20. 80.
5633 20. 80.
5634 20. 80.
5635 19. 81.
5636 19. 81.
5637 19. 81.
5638 19. 81.
5639 19. 81.
5640 18. 82.
5641 18. 82.
5642 19. 81.
5643 18. 82.
5644 18. 82.
5645 18. 82.
5646 17. 83.
5647 17. 83.
5648 17. 83.
5649 17. 83.
5650 17. 83.
5651 17. 83.
5652 17. 83.
5653 17. 83.
5654 17. 83.
5655 17. 83.
5656 17. 83.
5657 17. 83.
5658 17. 83.
5659 17. 83.
5660 17. 83.
5661 17. 83.
5662 17. 83.
5663 17. 83.
5664 17. 83.
5665 17. 83.
5666 17. 83.
5667 17. 83.
5668 17. 83.
5669 17. 83.
5670 17. 83.
5671 17. 83.
5672 17. 83.
5673 17. 83.
5674 17. 83.
5675 17. 83.
5676 17. 83.
5677 17. 83.
5678 17. 83.
5679 17. 83.
5680 17. 83.
5681 17. 83.
5682 17. 83.
5683 17. 83.
5684 17. 83.
5685 17. 83.
5686 17. 83.
5687 17. 83.
5688 16. 84.
5689 16. 84.
5690 16. 84.
5691 16. 84.
5692 16. 84.
5693 15. 85.
5694 15. 85.
5695 15. 85.
5696 15. 85.
5697 15. 85.
5698 15. 85.
5699 15. 85.
5700 15. 85.
5701 15. 85.
5702 16. 84.
5703 16. 84.
5704 16. 84.
5705 16. 84.
5706 17. 83.
5707 17. 83.
5708 17. 83.
5709 17. 83.
5710 17. 83.
5711 17. 83.
5712 17. 83.
5713 17. 83.
5714 17. 83.
5715 17. 83.
5716 17. 83.
5717 17. 83.
5718 17. 83.
5719 17. 83.
5720 17. 83.
5721 16. 84.
5722 16. 84.
5723 16. 84.
5724 16. 84.
5725 16. 84.
5726 16. 84.
5727 16. 84.
5728 16. 84.
5729 16. 84.
5730 16. 84.
5731 16. 84.
5732 16. 84.
5733 17. 83.
5734 17. 83.
5735 17. 83.
5736 17. 83.
5737 17. 83.
5738 17. 83.
5739 17. 83.
5740 17. 83.
5741 17. 83.
5742 17. 83.
5743 17. 83.
5744 17. 83.
5745 17. 83.
5746 17. 83.
5747 17. 83.
5748 17. 83.
5749 17. 83.
5750 16. 84.
5751 16. 84.
5752 16. 84.
5753 16. 84.
5754 16. 84.
5755 16. 84.
5756 16. 84.
5757 15. 85.
5758 15. 85.
5759 15. 85.
5760 15. 85.
5761 15. 85.
5762 15. 85.
5763 15. 85.
5764 15. 85.
5765 16. 84.
5766 16. 84.
5767 16. 84.
5768 16. 84.
5769 16. 84.
5770 16. 84.
5771 16. 84.
5772 16. 84.
5773 16. 84.
5774 15. 85.
5775 15. 85.
5776 15. 85.
5777 15. 85.
5778 15. 85.
5779 16. 84.
5780 16. 84.
5781 16. 84.
5782 16. 84.
5783 16. 84.
5784 16. 84.
5785 16. 84.
5786 16. 84.
5787 16. 84.
5788 16. 84.
5789 16. 84.
5790 16. 84.
5791 15. 85.
5792 15. 85.
5793 15. 85.
5794 16. 84.
5795 16. 84.
5796 16. 84.
5797 16. 84.
5798 16. 84.
5799 17. 83.
5800 18. 82.
5801 18. 82.
5802 18. 82.
5803 18. 82.
5804 18. 82.
5805 18. 82.
5806 18. 82.
5807 18. 82.
5808 18. 82.
5809 18. 82.
5810 18. 82.
5811 18. 82.
5812 17. 83.
5813 17. 83.
5814 17. 83.
5815 17. 83.
5816 17. 83.
5817 17. 83.
5818 17. 83.
5819 17. 83.
5820 17. 83.
5821 17. 83.
5822 17. 83.
5823 17. 83.
5824 17. 83.
5825 17. 83.
5826 18. 82.
5827 18. 82.
5828 17. 83.
5829 17. 83.
5830 17. 83.
5831 17. 83.
5832 17. 83.
5833 17. 83.
5834 17. 83.
5835 18. 82.
5836 18. 82.
5837 18. 82.
5838 18. 82.
5839 18. 82.
5840 18. 82.
5841 18. 82.
5842 18. 82.
5843 19. 81.
5844 19. 81.
5845 20. 80.
5846 20. 80.
5847 20. 80.
5848 20. 80.
5849 20. 80.
5850 19. 81.
5851 19. 81.
5852 19. 81.
5853 19. 81.
5854 19. 81.
5855 19. 81.
5856 19. 81.
5857 19. 81.
5858 19. 81.
5859 19. 81.
5860 19. 81.
5861 19. 81.
5862 19. 81.
5863 19. 81.
5864 18. 82.
5865 19. 81.
5866 19. 81.
5867 19. 81.
5868 19. 81.
5869 19. 81.
5870 19. 81.
5871 19. 81.
5872 19. 81.
5873 19. 81.
5874 19. 81.
5875 19. 81.
5876 19. 81.
5877 19. 81.
5878 19. 81.
5879 19. 81.
5880 19. 81.
5881 19. 81.
5882 20. 80.
5883 21. 79.
5884 21. 79.
5885 21. 79.
5886 21. 79.
5887 21. 79.
5888 21. 79.
5889 20. 80.
5890 20. 80.
5891 20. 80.
5892 20. 80.
5893 20. 80.
5894 20. 80.
5895 20. 80.
5896 20. 80.
5897 21. 79.
5898 21. 79.
5899 21. 79.
5900 20. 80.
5901 20. 80.
5902 20. 80.
5903 20. 80.
5904 21. 79.
5905 21. 79.
5906 21. 79.
5907 21. 79.
5908 21. 79.
5909 21. 79.
5910 21. 79.
5911 21. 79.
5912 21. 79.
5913 21. 79.
5914 21. 79.
5915 21. 79.
5916 21. 79.
5917 21. 79.
5918 21. 79.
5919 21. 79.
5920 21. 79.
5921 21. 79.
5922 21. 79.
5923 21. 79.
5924 21. 79.
5925 21. 79.
5926 21. 79.
5927 20. 80.
5928 20. 80.
5929 20. 80.
5930 20. 80.
5931 20. 80.
5932 20. 80.
5933 20. 80.
5934 20. 80.
5935 19. 81.
5936 18. 82.
5937 18. 82.
5938 18. 82.
5939 17. 83.
5940 17. 83.
5941 17. 83.
5942 17. 83.
5943 16. 84.
5944 15. 85.
5945 15. 85.
5946 15. 85.
5947 15. 85.
5948 15. 85.
5949 16. 84.
5950 16. 84.
5951 16. 84.
5952 16. 84.
5953 16. 84.
5954 16. 84.
5955 16. 84.
5956 16. 84.
5957 16. 84.
5958 15. 85.
5959 15. 85.
5960 15. 85.
5961 15. 85.
5962 15. 85.
5963 15. 85.
5964 15. 85.
5965 15. 85.
5966 15. 85.
5967 14. 86.
5968 15. 85.
5969 15. 85.
5970 15. 85.
5971 15. 85.
5972 15. 85.
5973 15. 85.
5974 15. 85.
5975 15. 85.
5976 15. 85.
5977 14. 86.
5978 13. 87.
5979 13. 87.
5980 13. 87.
5981 13. 87.
5982 13. 87.
5983 13. 87.
5984 13. 87.
5985 13. 87.
5986 13. 87.
5987 13. 87.
5988 13. 87.
5989 13. 87.
5990 12. 88.
5991 12. 88.
5992 13. 87.
5993 13. 87.
5994 13. 87.
5995 13. 87.
5996 13. 87.
5997 13. 87.
5998 12. 88.
5999 12. 88.
6000 12. 88.
6001 12. 88.
6002 12. 88.
6003 12. 88.
6004 12. 88.
6005 12. 88.
6006 12. 88.
6007 12. 88.
6008 12. 88.
6009 12. 88.
6010 12. 88.
6011 12. 88.
6012 11. 89.
6013 11. 89.
6014 11. 89.
6015 11. 89.
6016 11. 89.
6017 11. 89.
6018 11. 89.
6019 11. 89.
6020 11. 89.
6021 11. 89.
6022 11. 89.
6023 11. 89.
6024 11. 89.
6025 11. 89.
6026 11. 89.
6027 10. 90.
6028 10. 90.
6029 10. 90.
6030 10. 90.
6031 10. 90.
6032 11. 89.
6033 11. 89.
6034 11. 89.
6035 11. 89.
6036 12. 88.
6037 12. 88.
6038 12. 88.
6039 12. 88.
6040 12. 88.
6041 12. 88.
6042 12. 88.
6043 12. 88.
6044 12. 88.
6045 12. 88.
6046 12. 88.
6047 12. 88.
6048 12. 88.
6049 12. 88.
6050 12. 88.
6051 12. 88.
6052 12. 88.
6053 12. 88.
6054 12. 88.
6055 12. 88.
6056 12. 88.
6057 12. 88.
6058 12. 88.
6059 13. 87.
6060 13. 87.
6061 13. 87.
6062 13. 87.
6063 14. 86.
6064 14. 86.
6065 14. 86.
6066 14. 86.
6067 14. 86.
6068 14. 86.
6069 14. 86.
6070 14. 86.
6071 15. 85.
6072 15. 85.
6073 15. 85.
6074 15. 85.
6075 15. 85.
6076 15. 85.
6077 15. 85.
6078 15. 85.
6079 15. 85.
6080 15. 85.
6081 15. 85.
6082 15. 85.
6083 15. 85.
6084 15. 85.
6085 15. 85.
6086 15. 85.
6087 15. 85.
6088 15. 85.
6089 15. 85.
6090 15. 85.
6091 15. 85.
6092 15. 85.
6093 15. 85.
6094 15. 85.
6095 15. 85.
6096 15. 85.
6097 15. 85.
6098 15. 85.
6099 15. 85.
6100 15. 85.
6101 15. 85.
6102 15. 85.
6103 15. 85.
6104 15. 85.
6105 15. 85.
6106 15. 85.
6107 15. 85.
6108 15. 85.
6109 15. 85.
6110 15. 85.
6111 15. 85.
6112 15. 85.
6113 15. 85.
6114 15. 85.
6115 15. 85.
6116 15. 85.
6117 15. 85.
6118 15. 85.
6119 15. 85.
6120 15. 85.
6121 15. 85.
6122 16. 84.
6123 16. 84.
6124 16. 84.
6125 16. 84.
6126 16. 84.
6127 16. 84.
6128 15. 85.
6129 15. 85.
6130 16. 84.
6131 17. 83.
6132 17. 83.
6133 17. 83.
6134 17. 83.
6135 17. 83.
6136 16. 84.
6137 16. 84.
6138 16. 84.
6139 16. 84.
6140 16. 84.
6141 16. 84.
6142 16. 84.
6143 16. 84.
6144 16. 84.
6145 16. 84.
6146 16. 84.
6147 16. 84.
6148 16. 84.
6149 16. 84.
6150 16. 84.
6151 16. 84.
6152 16. 84.
6153 16. 84.
6154 16. 84.
6155 16. 84.
6156 16. 84.
6157 17. 83.
6158 17. 83.
6159 17. 83.
6160 17. 83.
6161 16. 84.
6162 16. 84.
6163 16. 84.
6164 16. 84.
6165 16. 84.
6166 16. 84.
6167 16. 84.
6168 16. 84.
6169 16. 84.
6170 16. 84.
6171 16. 84.
6172 16. 84.
6173 16. 84.
6174 16. 84.
6175 16. 84.
6176 15. 85.
6177 15. 85.
6178 15. 85.
6179 15. 85.
6180 14. 86.
6181 14. 86.
6182 14. 86.
6183 14. 86.
6184 14. 86.
6185 14. 86.
6186 14. 86.
6187 14. 86.
6188 14. 86.
6189 14. 86.
6190 15. 85.
6191 14. 86.
6192 14. 86.
6193 13. 87.
6194 13. 87.
6195 13. 87.
6196 13. 87.
6197 13. 87.
6198 13. 87.
6199 12. 88.
6200 12. 88.
6201 12. 88.
6202 12. 88.
6203 12. 88.
6204 13. 87.
6205 13. 87.
6206 12. 88.
6207 12. 88.
6208 12. 88.
6209 12. 88.
6210 12. 88.
6211 12. 88.
6212 12. 88.
6213 12. 88.
6214 12. 88.
6215 12. 88.
6216 11. 89.
6217 11. 89.
6218 11. 89.
6219 11. 89.
6220 11. 89.
6221 11. 89.
6222 11. 89.
6223 11. 89.
6224 11. 89.
6225 11. 89.
6226 11. 89.
6227 11. 89.
6228 11. 89.
6229 11. 89.
6230 11. 89.
6231 12. 88.
6232 12. 88.
6233 12. 88.
6234 12. 88.
6235 12. 88.
6236 12. 88.
6237 12. 88.
6238 13. 87.
6239 12. 88.
6240 12. 88.
6241 12. 88.
6242 12. 88.
6243 12. 88.
6244 12. 88.
6245 12. 88.
6246 11. 89.
6247 11. 89.
6248 11. 89.
6249 11. 89.
6250 11. 89.
6251 12. 88.
6252 12. 88.
6253 12. 88.
6254 12. 88.
6255 12. 88.
6256 12. 88.
6257 12. 88.
6258 12. 88.
6259 12. 88.
6260 12. 88.
6261 13. 87.
6262 13. 87.
6263 13. 87.
6264 14. 86.
6265 14. 86.
6266 14. 86.
6267 13. 87.
6268 13. 87.
6269 12. 88.
6270 12. 88.
6271 12. 88.
6272 12. 88.
6273 12. 88.
6274 12. 88.
6275 12. 88.
6276 12. 88.
6277 11. 89.
6278 11. 89.
6279 11. 89.
6280 11. 89.
6281 11. 89.
6282 11. 89.
6283 11. 89.
6284 11. 89.
6285 11. 89.
6286 11. 89.
6287 12. 88.
6288 12. 88.
6289 12. 88.
6290 12. 88.
6291 12. 88.
6292 12. 88.
6293 12. 88.
6294 12. 88.
6295 12. 88.
6296 12. 88.
6297 12. 88.
6298 12. 88.
6299 13. 87.
6300 13. 87.
6301 13. 87.
6302 13. 87.
6303 13. 87.
6304 13. 87.
6305 13. 87.
6306 13. 87.
6307 13. 87.
6308 13. 87.
6309 13. 87.
6310 13. 87.
6311 13. 87.
6312 13. 87.
6313 13. 87.
6314 13. 87.
6315 13. 87.
6316 13. 87.
6317 13. 87.
6318 13. 87.
6319 13. 87.
6320 13. 87.
6321 13. 87.
6322 13. 87.
6323 13. 87.
6324 13. 87.
6325 13. 87.
6326 13. 87.
6327 13. 87.
6328 13. 87.
6329 13. 87.
6330 13. 87.
6331 13. 87.
6332 13. 87.
6333 13. 87.
6334 12. 88.
6335 12. 88.
6336 11. 89.
6337 12. 88.
6338 12. 88.
6339 12. 88.
6340 12. 88.
6341 12. 88.
6342 12. 88.
6343 13. 87.
6344 13. 87.
6345 13. 87.
6346 13. 87.
6347 13. 87.
6348 13. 87.
6349 13. 87.
6350 13. 87.
6351 13. 87.
6352 14. 86.
6353 14. 86.
6354 14. 86.
6355 14. 86.
6356 14. 86.
6357 14. 86.
6358 14. 86.
6359 14. 86.
6360 14. 86.
6361 14. 86.
6362 13. 87.
6363 13. 87.
6364 13. 87.
6365 13. 87.
6366 13. 87.
6367 13. 87.
6368 13. 87.
6369 13. 87.
6370 13. 87.
6371 13. 87.
6372 13. 87.
6373 13. 87.
6374 13. 87.
6375 12. 88.
6376 12. 88.
6377 12. 88.
6378 12. 88.
6379 12. 88.
6380 12. 88.
6381 12. 88.
6382 12. 88.
6383 12. 88.
6384 12. 88.
6385 12. 88.
6386 12. 88.
6387 12. 88.
6388 12. 88.
6389 12. 88.
6390 12. 88.
6391 12. 88.
6392 13. 87.
6393 13. 87.
6394 13. 87.
6395 13. 87.
6396 13. 87.
6397 12. 88.
6398 12. 88.
6399 12. 88.
6400 12. 88.
6401 12. 88.
6402 12. 88.
6403 11. 89.
6404 12. 88.
6405 12. 88.
6406 12. 88.
6407 12. 88.
6408 12. 88.
6409 11. 89.
6410 11. 89.
6411 11. 89.
6412 10. 90.
6413 10. 90.
6414 10. 90.
6415 10. 90.
6416 10. 90.
6417 10. 90.
6418 10. 90.
6419 10. 90.
6420 10. 90.
6421 10. 90.
6422 10. 90.
6423 10. 90.
6424 10. 90.
6425 10. 90.
6426 9. 91.
6427 9. 91.
6428 9. 91.
6429 9. 91.
6430 9. 91.
6431 9. 91.
6432 9. 91.
6433 8. 92.
6434 8. 92.
6435 8. 92.
6436 8. 92.
6437 8. 92.
6438 8. 92.
6439 8. 92.
6440 8. 92.
6441 9. 91.
6442 9. 91.
6443 9. 91.
6444 9. 91.
6445 9. 91.
6446 9. 91.
6447 9. 91.
6448 9. 91.
6449 9. 91.
6450 9. 91.
6451 9. 91.
6452 9. 91.
6453 9. 91.
6454 9. 91.
6455 10. 90.
6456 10. 90.
6457 10. 90.
6458 10. 90.
6459 10. 90.
6460 10. 90.
6461 10. 90.
6462 10. 90.
6463 10. 90.
6464 10. 90.
6465 10. 90.
6466 10. 90.
6467 11. 89.
6468 11. 89.
6469 11. 89.
6470 11. 89.
6471 11. 89.
6472 11. 89.
6473 11. 89.
6474 11. 89.
6475 11. 89.
6476 11. 89.
6477 11. 89.
6478 11. 89.
6479 11. 89.
6480 11. 89.
6481 11. 89.
6482 11. 89.
6483 11. 89.
6484 11. 89.
6485 11. 89.
6486 11. 89.
6487 11. 89.
6488 11. 89.
6489 12. 88.
6490 12. 88.
6491 12. 88.
6492 12. 88.
6493 12. 88.
6494 12. 88.
6495 12. 88.
6496 12. 88.
6497 12. 88.
6498 12. 88.
6499 12. 88.
6500 12. 88.
6501 12. 88.
6502 12. 88.
6503 12. 88.
6504 12. 88.
6505 12. 88.
6506 13. 87.
6507 13. 87.
6508 13. 87.
6509 13. 87.
6510 13. 87.
6511 13. 87.
6512 12. 88.
6513 12. 88.
6514 12. 88.
6515 12. 88.
6516 12. 88.
6517 12. 88.
6518 12. 88.
6519 12. 88.
6520 12. 88.
6521 12. 88.
6522 12. 88.
6523 12. 88.
6524 13. 87.
6525 14. 86.
6526 14. 86.
6527 14. 86.
6528 14. 86.
6529 14. 86.
6530 14. 86.
6531 14. 86.
6532 14. 86.
6533 15. 85.
6534 15. 85.
6535 15. 85.
6536 15. 85.
6537 15. 85.
6538 14. 86.
6539 14. 86.
6540 14. 86.
6541 14. 86.
6542 14. 86.
6543 14. 86.
6544 14. 86.
6545 14. 86.
6546 14. 86.
6547 13. 87.
6548 13. 87.
6549 13. 87.
6550 13. 87.
6551 13. 87.
6552 13. 87.
6553 13. 87.
6554 13. 87.
6555 13. 87.
6556 14. 86.
6557 14. 86.
6558 14. 86.
6559 14. 86.
6560 14. 86.
6561 14. 86.
6562 14. 86.
6563 14. 86.
6564 14. 86.
6565 14. 86.
6566 14. 86.
6567 14. 86.
6568 14. 86.
6569 14. 86.
6570 14. 86.
6571 14. 86.
6572 14. 86.
6573 14. 86.
6574 14. 86.
6575 14. 86.
6576 14. 86.
6577 14. 86.
6578 15. 85.
6579 15. 85.
6580 15. 85.
6581 14. 86.
6582 14. 86.
6583 14. 86.
6584 14. 86.
6585 14. 86.
6586 15. 85.
6587 15. 85.
6588 15. 85.
6589 15. 85.
6590 15. 85.
6591 15. 85.
6592 15. 85.
6593 15. 85.
6594 15. 85.
6595 15. 85.
6596 15. 85.
6597 15. 85.
6598 15. 85.
6599 15. 85.
6600 15. 85.
6601 15. 85.
6602 15. 85.
6603 14. 86.
6604 14. 86.
6605 14. 86.
6606 14. 86.
6607 14. 86.
6608 14. 86.
6609 14. 86.
6610 14. 86.
6611 14. 86.
6612 14. 86.
6613 14. 86.
6614 13. 87.
6615 13. 87.
6616 13. 87.
6617 13. 87.
6618 13. 87.
6619 13. 87.
6620 13. 87.
6621 13. 87.
6622 12. 88.
6623 11. 89.
6624 12. 88.
6625 12. 88.
6626 12. 88.
6627 12. 88.
6628 12. 88.
6629 12. 88.
6630 12. 88.
6631 12. 88.
6632 12. 88.
6633 12. 88.
6634 12. 88.
6635 12. 88.
6636 12. 88.
6637 12. 88.
6638 12. 88.
6639 12. 88.
6640 12. 88.
6641 12. 88.
6642 12. 88.
6643 12. 88.
6644 12. 88.
6645 12. 88.
6646 12. 88.
6647 12. 88.
6648 12. 88.
6649 12. 88.
6650 11. 89.
6651 11. 89.
6652 11. 89.
6653 11. 89.
6654 11. 89.
6655 11. 89.
6656 11. 89.
6657 11. 89.
6658 11. 89.
6659 11. 89.
6660 11. 89.
6661 12. 88.
6662 12. 88.
6663 12. 88.
6664 12. 88.
6665 12. 88.
6666 12. 88.
6667 12. 88.
6668 12. 88.
6669 11. 89.
6670 11. 89.
6671 11. 89.
6672 11. 89.
6673 11. 89.
6674 11. 89.
6675 11. 89.
6676 11. 89.
6677 11. 89.
6678 11. 89.
6679 11. 89.
6680 11. 89.
6681 11. 89.
6682 11. 89.
6683 12. 88.
6684 12. 88.
6685 11. 89.
6686 11. 89.
6687 11. 89.
6688 10. 90.
6689 10. 90.
6690 10. 90.
6691 10. 90.
6692 10. 90.
6693 10. 90.
6694 10. 90.
6695 10. 90.
6696 9. 91.
6697 9. 91.
6698 9. 91.
6699 9. 91.
6700 9. 91.
6701 9. 91.
6702 9. 91.
6703 9. 91.
6704 9. 91.
6705 9. 91.
6706 9. 91.
6707 9. 91.
6708 9. 91.
6709 9. 91.
6710 9. 91.
6711 9. 91.
6712 9. 91.
6713 9. 91.
6714 9. 91.
6715 9. 91.
6716 9. 91.
6717 9. 91.
6718 9. 91.
6719 9. 91.
6720 9. 91.
6721 9. 91.
6722 9. 91.
6723 9. 91.
6724 9. 91.
6725 9. 91.
6726 9. 91.
6727 9. 91.
6728 9. 91.
6729 9. 91.
6730 9. 91.
6731 9. 91.
6732 9. 91.
6733 9. 91.
6734 9. 91.
6735 9. 91.
6736 9. 91.
6737 9. 91.
6738 9. 91.
6739 9. 91.
6740 9. 91.
6741 9. 91.
6742 9. 91.
6743 9. 91.
6744 10. 90.
6745 10. 90.
6746 11. 89.
6747 10. 90.
6748 10. 90.
6749 10. 90.
6750 10. 90.
6751 10. 90.
6752 10. 90.
6753 10. 90.
6754 10. 90.
6755 10. 90.
6756 10. 90.
6757 10. 90.
6758 10. 90.
6759 10. 90.
6760 11. 89.
6761 11. 89.
6762 11. 89.
6763 10. 90.
6764 10. 90.
6765 10. 90.
6766 11. 89.
6767 11. 89.
6768 11. 89.
6769 11. 89.
6770 11. 89.
6771 11. 89.
6772 11. 89.
6773 11. 89.
6774 11. 89.
6775 10. 90.
6776 9. 91.
6777 9. 91.
6778 9. 91.
6779 9. 91.
6780 9. 91.
6781 9. 91.
6782 9. 91.
6783 9. 91.
6784 9. 91.
6785 9. 91.
6786 9. 91.
6787 9. 91.
6788 9. 91.
6789 9. 91.
6790 9. 91.
6791 9. 91.
6792 10. 90.
6793 10. 90.
6794 10. 90.
6795 10. 90.
6796 10. 90.
6797 10. 90.
6798 10. 90.
6799 10. 90.
6800 10. 90.
6801 10. 90.
6802 10. 90.
6803 10. 90.
6804 10. 90.
6805 9. 91.
6806 9. 91.
6807 9. 91.
6808 9. 91.
6809 9. 91.
6810 9. 91.
6811 9. 91.
6812 8. 92.
6813 8. 92.
6814 8. 92.
6815 8. 92.
6816 8. 92.
6817 8. 92.
6818 8. 92.
6819 8. 92.
6820 8. 92.
6821 8. 92.
6822 8. 92.
6823 8. 92.
6824 7. 93.
6825 7. 93.
6826 7. 93.
6827 7. 93.
6828 7. 93.
6829 8. 92.
6830 8. 92.
6831 8. 92.
6832 8. 92.
6833 8. 92.
6834 8. 92.
6835 8. 92.
6836 8. 92.
6837 8. 92.
6838 8. 92.
6839 8. 92.
6840 8. 92.
6841 8. 92.
6842 8. 92.
6843 8. 92.
6844 8. 92.
6845 8. 92.
6846 8. 92.
6847 8. 92.
6848 8. 92.
6849 8. 92.
6850 8. 92.
6851 7. 93.
6852 7. 93.
6853 7. 93.
6854 7. 93.
6855 7. 93.
6856 7. 93.
6857 7. 93.
6858 7. 93.
6859 7. 93.
6860 7. 93.
6861 7. 93.
6862 7. 93.
6863 7. 93.
6864 7. 93.
6865 7. 93.
6866 7. 93.
6867 7. 93.
6868 7. 93.
6869 7. 93.
6870 7. 93.
6871 7. 93.
6872 7. 93.
6873 7. 93.
6874 7. 93.
6875 7. 93.
6876 7. 93.
6877 7. 93.
6878 7. 93.
6879 6. 94.
6880 6. 94.
6881 6. 94.
6882 6. 94.
6883 6. 94.
6884 6. 94.
6885 6. 94.
6886 6. 94.
6887 6. 94.
6888 6. 94.
6889 6. 94.
6890 6. 94.
6891 6. 94.
6892 6. 94.
6893 6. 94.
6894 6. 94.
6895 6. 94.
6896 6. 94.
6897 6. 94.
6898 6. 94.
6899 6. 94.
6900 6. 94.
6901 6. 94.
6902 6. 94.
6903 6. 94.
6904 6. 94.
6905 6. 94.
6906 6. 94.
6907 6. 94.
6908 6. 94.
6909 6. 94.
6910 6. 94.
6911 6. 94.
6912 6. 94.
6913 6. 94.
6914 6. 94.
6915 6. 94.
6916 6. 94.
6917 6. 94.
6918 6. 94.
6919 6. 94.
6920 6. 94.
6921 6. 94.
6922 6. 94.
6923 6. 94.
6924 6. 94.
6925 6. 94.
6926 6. 94.
6927 6. 94.
6928 6. 94.
6929 6. 94.
6930 6. 94.
6931 6. 94.
6932 6. 94.
6933 6. 94.
6934 6. 94.
6935 6. 94.
6936 6. 94.
6937 6. 94.
6938 6. 94.
6939 6. 94.
6940 6. 94.
6941 6. 94.
6942 6. 94.
6943 6. 94.
6944 7. 93.
6945 7. 93.
6946 7. 93.
6947 7. 93.
6948 7. 93.
6949 7. 93.
6950 7. 93.
6951 7. 93.
6952 7. 93.
6953 7. 93.
6954 7. 93.
6955 7. 93.
6956 7. 93.
6957 7. 93.
6958 7. 93.
6959 7. 93.
6960 6. 94.
6961 6. 94.
6962 6. 94.
6963 6. 94.
6964 6. 94.
6965 6. 94.
6966 6. 94.
6967 6. 94.
6968 6. 94.
6969 6. 94.
6970 6. 94.
6971 6. 94.
6972 6. 94.
6973 5. 95.
6974 5. 95.
6975 5. 95.
6976 5. 95.
6977 5. 95.
6978 5. 95.
6979 5. 95.
6980 5. 95.
6981 5. 95.
6982 5. 95.
6983 5. 95.
6984 5. 95.
6985 5. 95.
6986 5. 95.
6987 5. 95.
6988 5. 95.
6989 5. 95.
6990 5. 95.
6991 5. 95.
6992 5. 95.
6993 5. 95.
6994 5. 95.
6995 5. 95.
6996 5. 95.
6997 5. 95.
6998 5. 95.
6999 4. 96.
7000 5. 95.
7001 5. 95.
7002 5. 95.
7003 5. 95.
7004 5. 95.
7005 5. 95.
7006 5. 95.
7007 5. 95.
7008 5. 95.
7009 5. 95.
7010 5. 95.
7011 5. 95.
7012 5. 95.
7013 5. 95.
7014 5. 95.
7015 5. 95.
7016 5. 95.
7017 5. 95.
7018 5. 95.
7019 5. 95.
7020 5. 95.
7021 5. 95.
7022 5. 95.
7023 5. 95.
7024 5. 95.
7025 5. 95.
7026 5. 95.
7027 5. 95.
7028 5. 95.
7029 5. 95.
7030 5. 95.
7031 5. 95.
7032 5. 95.
7033 5. 95.
7034 5. 95.
7035 4. 96.
7036 4. 96.
7037 4. 96.
7038 4. 96.
7039 4. 96.
7040 4. 96.
7041 4. 96.
7042 4. 96.
7043 4. 96.
7044 4. 96.
7045 4. 96.
7046 4. 96.
7047 4. 96.
7048 4. 96.
7049 4. 96.
7050 4. 96.
7051 4. 96.
7052 4. 96.
7053 4. 96.
7054 4. 96.
7055 4. 96.
7056 4. 96.
7057 4. 96.
7058 4. 96.
7059 4. 96.
7060 4. 96.
7061 4. 96.
7062 4. 96.
7063 4. 96.
7064 4. 96.
7065 4. 96.
7066 4. 96.
7067 4. 96.
7068 4. 96.
7069 4. 96.
7070 4. 96.
7071 4. 96.
7072 4. 96.
7073 4. 96.
7074 4. 96.
7075 4. 96.
7076 4. 96.
7077 4. 96.
7078 4. 96.
7079 4. 96.
7080 4. 96.
7081 4. 96.
7082 4. 96.
7083 4. 96.
7084 4. 96.
7085 4. 96.
7086 4. 96.
7087 4. 96.
7088 4. 96.
7089 4. 96.
7090 4. 96.
7091 4. 96.
7092 4. 96.
7093 4. 96.
7094 4. 96.
7095 4. 96.
7096 4. 96.
7097 4. 96.
7098 4. 96.
7099 4. 96.
7100 4. 96.
7101 4. 96.
7102 4. 96.
7103 4. 96.
7104 4. 96.
7105 4. 96.
7106 4. 96.
7107 4. 96.
7108 4. 96.
7109 4. 96.
7110 4. 96.
7111 4. 96.
7112 4. 96.
7113 4. 96.
7114 4. 96.
7115 4. 96.
7116 4. 96.
7117 4. 96.
7118 4. 96.
7119 4. 96.
7120 4. 96.
7121 4. 96.
7122 4. 96.
7123 4. 96.
7124 4. 96.
7125 4. 96.
7126 4. 96.
7127 4. 96.
7128 4. 96.
7129 4. 96.
7130 4. 96.
7131 4. 96.
7132 4. 96.
7133 4. 96.
7134 4. 96.
7135 4. 96.
7136 4. 96.
7137 4. 96.
7138 4. 96.
7139 4. 96.
7140 4. 96.
7141 4. 96.
7142 4. 96.
7143 4. 96.
7144 3. 97.
7145 3. 97.
7146 3. 97.
7147 3. 97.
7148 3. 97.
7149 3. 97.
7150 3. 97.
7151 3. 97.
7152 3. 97.
7153 3. 97.
7154 3. 97.
7155 3. 97.
7156 3. 97.
7157 3. 97.
7158 3. 97.
7159 3. 97.
7160 3. 97.
7161 3. 97.
7162 3. 97.
7163 3. 97.
7164 3. 97.
7165 3. 97.
7166 3. 97.
7167 3. 97.
7168 3. 97.
7169 3. 97.
7170 3. 97.
7171 3. 97.
7172 3. 97.
7173 3. 97.
7174 3. 97.
7175 3. 97.
7176 3. 97.
7177 3. 97.
7178 3. 97.
7179 3. 97.
7180 3. 97.
7181 3. 97.
7182 3. 97.
7183 3. 97.
7184 3. 97.
7185 3. 97.
7186 3. 97.
7187 3. 97.
7188 3. 97.
7189 3. 97.
7190 3. 97.
7191 3. 97.
7192 3. 97.
7193 3. 97.
7194 3. 97.
7195 3. 97.
7196 3. 97.
7197 3. 97.
7198 3. 97.
7199 3. 97.
7200 3. 97.
7201 3. 97.
7202 3. 97.
7203 3. 97.
7204 3. 97.
7205 3. 97.
7206 3. 97.
7207 3. 97.
7208 3. 97.
7209 3. 97.
7210 3. 97.
7211 3. 97.
7212 3. 97.
7213 3. 97.
7214 3. 97.
7215 3. 97.
7216 3. 97.
7217 3. 97.
7218 3. 97.
7219 3. 97.
7220 3. 97.
7221 3. 97.
7222 3. 97.
7223 3. 97.
7224 3. 97.
7225 3. 97.
7226 3. 97.
7227 3. 97.
7228 3. 97.
7229 3. 97.
7230 3. 97.
7231 3. 97.
7232 3. 97.
7233 4. 96.
7234 4. 96.
7235 4. 96.
7236 3. 97.
7237 3. 97.
7238 3. 97.
7239 3. 97.
7240 3. 97.
7241 3. 97.
7242 3. 97.
7243 3. 97.
7244 3. 97.
7245 3. 97.
7246 3. 97.
7247 3. 97.
7248 3. 97.
7249 3. 97.
7250 3. 97.
7251 3. 97.
7252 3. 97.
7253 3. 97.
7254 3. 97.
7255 3. 97.
7256 3. 97.
7257 4. 96.
7258 4. 96.
7259 4. 96.
7260 4. 96.
7261 4. 96.
7262 4. 96.
7263 4. 96.
7264 4. 96.
7265 4. 96.
7266 4. 96.
7267 4. 96.
7268 4. 96.
7269 4. 96.
7270 4. 96.
7271 4. 96.
7272 4. 96.
7273 4. 96.
7274 4. 96.
7275 4. 96.
7276 4. 96.
7277 4. 96.
7278 4. 96.
7279 4. 96.
7280 4. 96.
7281 4. 96.
7282 4. 96.
7283 4. 96.
7284 5. 95.
7285 5. 95.
7286 5. 95.
7287 5. 95.
7288 5. 95.
7289 5. 95.
7290 5. 95.
7291 5. 95.
7292 5. 95.
7293 5. 95.
7294 6. 94.
7295 6. 94.
7296 6. 94.
7297 6. 94.
7298 6. 94.
7299 6. 94.
7300 6. 94.
7301 6. 94.
7302 6. 94.
7303 6. 94.
7304 6. 94.
7305 6. 94.
7306 6. 94.
7307 6. 94.
7308 6. 94.
7309 6. 94.
7310 6. 94.
7311 6. 94.
7312 6. 94.
7313 6. 94.
7314 6. 94.
7315 6. 94.
7316 6. 94.
7317 6. 94.
7318 6. 94.
7319 6. 94.
7320 6. 94.
7321 6. 94.
7322 6. 94.
7323 5. 95.
7324 5. 95.
7325 5. 95.
7326 5. 95.
7327 5. 95.
7328 5. 95.
7329 5. 95.
7330 5. 95.
7331 5. 95.
7332 5. 95.
7333 5. 95.
7334 5. 95.
7335 5. 95.
7336 5. 95.
7337 5. 95.
7338 5. 95.
7339 5. 95.
7340 5. 95.
7341 5. 95.
7342 5. 95.
7343 5. 95.
7344 5. 95.
7345 5. 95.
7346 5. 95.
7347 5. 95.
7348 5. 95.
7349 5. 95.
7350 5. 95.
7351 5. 95.
7352 5. 95.
7353 5. 95.
7354 5. 95.
7355 5. 95.
7356 5. 95.
7357 5. 95.
7358 5. 95.
7359 5. 95.
7360 5. 95.
7361 5. 95.
7362 5. 95.
7363 5. 95.
7364 5. 95.
7365 5. 95.
7366 5. 95.
7367 5. 95.
7368 5. 95.
7369 5. 95.
7370 5. 95.
7371 5. 95.
7372 5. 95.
7373 5. 95.
7374 5. 95.
7375 5. 95.
7376 5. 95.
7377 5. 95.
7378 4. 96.
7379 4. 96.
7380 4. 96.
7381 4. 96.
7382 4. 96.
7383 4. 96.
7384 4. 96.
7385 4. 96.
7386 3. 97.
7387 3. 97.
7388 3. 97.
7389 3. 97.
7390 3. 97.
7391 3. 97.
7392 3. 97.
7393 3. 97.
7394 3. 97.
7395 3. 97.
7396 3. 97.
7397 3. 97.
7398 3. 97.
7399 3. 97.
7400 3. 97.
7401 3. 97.
7402 3. 97.
7403 3. 97.
7404 3. 97.
7405 3. 97.
7406 3. 97.
7407 3. 97.
7408 3. 97.
7409 3. 97.
7410 3. 97.
7411 3. 97.
7412 3. 97.
7413 3. 97.
7414 3. 97.
7415 3. 97.
7416 3. 97.
7417 3. 97.
7418 3. 97.
7419 3. 97.
7420 3. 97.
7421 3. 97.
7422 3. 97.
7423 3. 97.
7424 3. 97.
7425 3. 97.
7426 3. 97.
7427 3. 97.
7428 3. 97.
7429 2. 98.
7430 2. 98.
7431 2. 98.
7432 2. 98.
7433 2. 98.
7434 2. 98.
7435 2. 98.
7436 2. 98.
7437 2. 98.
7438 2. 98.
7439 2. 98.
7440 2. 98.
7441 2. 98.
7442 2. 98.
7443 2. 98.
7444 2. 98.
7445 2. 98.
7446 2. 98.
7447 2. 98.
7448 2. 98.
7449 2. 98.
7450 2. 98.
7451 2. 98.
7452 2. 98.
7453 2. 98.
7454 2. 98.
7455 2. 98.
7456 2. 98.
7457 2. 98.
7458 2. 98.
7459 2. 98.
7460 2. 98.
7461 2. 98.
7462 2. 98.
7463 2. 98.
7464 2. 98.
7465 2. 98.
7466 2. 98.
7467 2. 98.
7468 2. 98.
7469 2. 98.
7470 2. 98.
7471 1. 99.
7472 1. 99.
7473 1. 99.
7474 1. 99.
7475 1. 99.
7476 1. 99.
7477 1. 99.
7478 1. 99.
7479 1. 99.
7480 1. 99.
7481 1. 99.
7482 1. 99.
7483 1. 99.
7484 1. 99.
7485 1. 99.
7486 1. 99.
7487 1. 99.
7488 1. 99.
7489 1. 99.
7490 1. 99.
7491 1. 99.
7492 1. 99.
7493 1. 99.
7494 1. 99.
7495 1. 99.
7496 1. 99.
7497 1. 99.
7498 1. 99.
7499 1. 99.
7500 1. 99.
7501 1. 99.
7502 1. 99.
7503 1. 99.
7504 1. 99.
7505 1. 99.
7506 1. 99.
7507 1. 99.
7508 1. 99.
7509 1. 99.
7510 1. 99.
7511 1. 99.
7512 1. 99.
7513 1. 99.
7514 1. 99.
7515 1. 99.
7516 1. 99.
7517 1. 99.
7518 1. 99.
