0 14. 86.
1 14. 86.
2 14. 86.
3 14. 86.
4 14. 86.
5 14. 86.
6 14. 86.
7 15. 85.
8 15. 85.
9 16. 84.
10 16. 84.
11 16. 84.
12 16. 84.
13 16. 84.
14 16. 84.
15 17. 83.
16 16. 84.
17 16. 84.
18 15. 85.
19 15. 85.
20 15. 85.
21 15. 85.
22 15. 85.
23 15. 85.
24 15. 85.
25 15. 85.
26 16. 84.
27 15. 85.
28 16. 84.
29 16. 84.
30 15. 85.
31 15. 85.
32 15. 85.
33 16. 84.
34 17. 83.
35 17. 83.
36 17. 83.
37 17. 83.
38 17. 83.
39 17. 83.
40 17. 83.
41 17. 83.
42 17. 83.
43 17. 83.
44 17. 83.
45 17. 83.
46 17. 83.
47 18. 82.
48 18. 82.
49 18. 82.
50 18. 82.
51 18. 82.
52 18. 82.
53 18. 82.
54 18. 82.
55 18. 82.
56 17. 83.
57 17. 83.
58 16. 84.
59 16. 84.
60 17. 83.
61 17. 83.
62 17. 83.
63 17. 83.
64 17. 83.
65 17. 83.
66 17. 83.
67 17. 83.
68 17. 83.
69 17. 83.
70 16. 84.
71 16. 84.
72 16. 84.
73 16. 84.
74 16. 84.
75 17. 83.
76 17. 83.
77 17. 83.
78 17. 83.
79 17. 83.
80 17. 83.
81 17. 83.
82 18. 82.
83 19. 81.
84 20. 80.
85 20. 80.
86 19. 81.
87 19. 81.
88 19. 81.
89 19. 81.
90 19. 81.
91 19. 81.
92 19. 81.
93 19. 81.
94 19. 81.
95 19. 81.
96 19. 81.
97 19. 81.
98 19. 81.
99 19. 81.
100 19. 81.
101 19. 81.
102 19. 81.
103 19. 81.
104 19. 81.
105 19. 81.
106 19. 81.
107 19. 81.
108 20. 80.
109 20. 80.
110 20. 80.
111 20. 80.
112 20. 80.
113 20. 80.
114 20. 80.
115 19. 81.
116 20. 80.
117 20. 80.
118 20. 80.
119 20. 80.
120 20. 80.
121 20. 80.
122 20. 80.
123 20. 80.
124 20. 80.
125 20. 80.
126 20. 80.
127 20. 80.
128 21. 79.
129 21. 79.
130 21. 79.
131 20. 80.
132 20. 80.
133 20. 80.
134 20. 80.
135 19. 81.
136 19. 81.
137 19. 81.
138 19. 81.
139 19. 81.
140 19. 81.
141 19. 81.
142 19. 81.
143 19. 81.
144 19. 81.
145 19. 81.
146 19. 81.
147 19. 81.
148 19. 81.
149 19. 81.
150 19. 81.
151 19. 81.
152 19. 81.
153 19. 81.
154 19. 81.
155 19. 81.
156 19. 81.
157 20. 80.
158 20. 80.
159 20. 80.
160 19. 81.
161 19. 81.
162 20. 80.
163 20. 80.
164 21. 79.
165 21. 79.
166 20. 80.
167 20. 80.
168 20. 80.
169 20. 80.
170 20. 80.
171 20. 80.
172 20. 80.
173 20. 80.
174 20. 80.
175 20. 80.
176 20. 80.
177 20. 80.
178 19. 81.
179 19. 81.
180 19. 81.
181 19. 81.
182 19. 81.
183 19. 81.
184 19. 81.
185 19. 81.
186 19. 81.
187 19. 81.
188 19. 81.
189 19. 81.
190 19. 81.
191 19. 81.
192 20. 80.
193 20. 80.
194 20. 80.
195 20. 80.
196 20. 80.
197 20. 80.
198 20. 80.
199 21. 79.
200 21. 79.
201 21. 79.
202 21. 79.
203 21. 79.
204 21. 79.
205 21. 79.
206 21. 79.
207 21. 79.
208 21. 79.
209 21. 79.
210 21. 79.
211 22. 78.
212 22. 78.
213 22. 78.
214 22. 78.
215 22. 78.
216 22. 78.
217 21. 79.
218 20. 80.
219 20. 80.
220 20. 80.
221 20. 80.
222 20. 80.
223 20. 80.
224 21. 79.
225 21. 79.
226 21. 79.
227 21. 79.
228 21. 79.
229 21. 79.
230 21. 79.
231 21. 79.
232 21. 79.
233 21. 79.
234 21. 79.
235 21. 79.
236 21. 79.
237 20. 80.
238 20. 80.
239 20. 80.
240 20. 80.
241 20. 80.
242 20. 80.
243 20. 80.
244 20. 80.
245 20. 80.
246 20. 80.
247 20. 80.
248 20. 80.
249 20. 80.
250 20. 80.
251 20. 80.
252 20. 80.
253 19. 81.
254 19. 81.
255 20. 80.
256 20. 80.
257 20. 80.
258 20. 80.
259 20. 80.
260 20. 80.
261 20. 80.
262 20. 80.
263 20. 80.
264 20. 80.
265 20. 80.
266 20. 80.
267 20. 80.
268 20. 80.
269 20. 80.
270 20. 80.
271 20. 80.
272 21. 79.
273 21. 79.
274 22. 78.
275 22. 78.
276 22. 78.
277 22. 78.
278 22. 78.
279 22. 78.
280 21. 79.
281 20. 80.
282 20. 80.
283 20. 80.
284 20. 80.
285 20. 80.
286 20. 80.
287 20. 80.
288 20. 80.
289 21. 79.
290 21. 79.
291 21. 79.
292 21. 79.
293 21. 79.
294 21. 79.
295 21. 79.
296 21. 79.
297 22. 78.
298 22. 78.
299 22. 78.
300 23. 77.
301 23. 77.
302 22. 78.
303 22. 78.
304 22. 78.
305 22. 78.
306 22. 78.
307 22. 78.
308 22. 78.
309 22. 78.
310 22. 78.
311 22. 78.
312 22. 78.
313 22. 78.
314 22. 78.
315 21. 79.
316 21. 79.
317 21. 79.
318 21. 79.
319 22. 78.
320 22. 78.
321 22. 78.
322 21. 79.
323 21. 79.
324 21. 79.
325 21. 79.
326 21. 79.
327 21. 79.
328 21. 79.
329 21. 79.
330 21. 79.
331 22. 78.
332 22. 78.
333 22. 78.
334 22. 78.
335 22. 78.
336 22. 78.
337 22. 78.
338 22. 78.
339 22. 78.
340 22. 78.
341 22. 78.
342 22. 78.
343 22. 78.
344 23. 77.
345 23. 77.
346 23. 77.
347 23. 77.
348 23. 77.
349 23. 77.
350 23. 77.
351 23. 77.
352 23. 77.
353 23. 77.
354 22. 78.
355 22. 78.
356 23. 77.
357 23. 77.
358 22. 78.
359 22. 78.
360 22. 78.
361 23. 77.
362 23. 77.
363 23. 77.
364 23. 77.
365 22. 78.
366 22. 78.
367 22. 78.
368 22. 78.
369 21. 79.
370 21. 79.
371 21. 79.
372 21. 79.
373 21. 79.
374 22. 78.
375 22. 78.
376 22. 78.
377 22. 78.
378 22. 78.
379 22. 78.
380 22. 78.
381 22. 78.
382 23. 77.
383 23. 77.
384 23. 77.
385 23. 77.
386 23. 77.
387 22. 78.
388 22. 78.
389 22. 78.
390 22. 78.
391 22. 78.
392 23. 77.
393 23. 77.
394 23. 77.
395 23. 77.
396 23. 77.
397 23. 77.
398 23. 77.
399 23. 77.
400 23. 77.
401 23. 77.
402 23. 77.
403 23. 77.
404 23. 77.
405 24. 76.
406 24. 76.
407 24. 76.
408 24. 76.
409 24. 76.
410 25. 75.
411 25. 75.
412 25. 75.
413 25. 75.
414 25. 75.
415 25. 75.
416 25. 75.
417 25. 75.
418 25. 75.
419 25. 75.
420 25. 75.
421 25. 75.
422 24. 76.
423 24. 76.
424 24. 76.
425 24. 76.
426 24. 76.
427 24. 76.
428 25. 75.
429 24. 76.
430 24. 76.
431 24. 76.
432 24. 76.
433 25. 75.
434 25. 75.
435 25. 75.
436 25. 75.
437 25. 75.
438 25. 75.
439 25. 75.
440 25. 75.
441 25. 75.
442 25. 75.
443 25. 75.
444 25. 75.
445 24. 76.
446 24. 76.
447 24. 76.
448 25. 75.
449 25. 75.
450 26. 74.
451 26. 74.
452 26. 74.
453 26. 74.
454 26. 74.
455 27. 73.
456 28. 72.
457 28. 72.
458 28. 72.
459 28. 72.
460 27. 73.
461 27. 73.
462 27. 73.
463 27. 73.
464 27. 73.
465 27. 73.
466 27. 73.
467 27. 73.
468 27. 73.
469 27. 73.
470 27. 73.
471 27. 73.
472 27. 73.
473 27. 73.
474 26. 74.
475 26. 74.
476 27. 73.
477 27. 73.
478 28. 72.
479 28. 72.
480 27. 73.
481 28. 72.
482 28. 72.
483 28. 72.
484 28. 72.
485 28. 72.
486 28. 72.
487 28. 72.
488 28. 72.
489 28. 72.
490 28. 72.
491 27. 73.
492 27. 73.
493 27. 73.
494 27. 73.
495 27. 73.
496 27. 73.
497 27. 73.
498 27. 73.
499 27. 73.
500 27. 73.
501 27. 73.
502 27. 73.
503 27. 73.
504 27. 73.
505 28. 72.
506 28. 72.
507 28. 72.
508 29. 71.
509 28. 72.
510 28. 72.
511 29. 71.
512 29. 71.
513 29. 71.
514 29. 71.
515 29. 71.
516 29. 71.
517 29. 71.
518 29. 71.
519 29. 71.
520 29. 71.
521 29. 71.
522 29. 71.
523 29. 71.
524 29. 71.
525 28. 72.
526 28. 72.
527 28. 72.
528 28. 72.
529 28. 72.
530 27. 73.
531 27. 73.
532 27. 73.
533 27. 73.
534 27. 73.
535 27. 73.
536 27. 73.
537 27. 73.
538 27. 73.
539 27. 73.
540 27. 73.
541 27. 73.
542 26. 74.
543 26. 74.
544 27. 73.
545 27. 73.
546 27. 73.
547 27. 73.
548 27. 73.
549 27. 73.
550 27. 73.
551 28. 72.
552 27. 73.
553 26. 74.
554 26. 74.
555 26. 74.
556 26. 74.
557 26. 74.
558 27. 73.
559 27. 73.
560 27. 73.
561 27. 73.
562 27. 73.
563 27. 73.
564 27. 73.
565 27. 73.
566 27. 73.
567 27. 73.
568 27. 73.
569 28. 72.
570 28. 72.
571 28. 72.
572 28. 72.
573 28. 72.
574 29. 71.
575 29. 71.
576 29. 71.
577 29. 71.
578 29. 71.
579 29. 71.
580 29. 71.
581 29. 71.
582 29. 71.
583 29. 71.
584 29. 71.
585 29. 71.
586 29. 71.
587 29. 71.
588 29. 71.
589 29. 71.
590 29. 71.
591 29. 71.
592 29. 71.
593 29. 71.
594 29. 71.
595 30. 70.
596 30. 70.
597 30. 70.
598 30. 70.
599 29. 71.
600 29. 71.
601 29. 71.
602 29. 71.
603 29. 71.
604 29. 71.
605 29. 71.
606 29. 71.
607 29. 71.
608 29. 71.
609 29. 71.
610 29. 71.
611 29. 71.
612 29. 71.
613 29. 71.
614 29. 71.
615 29. 71.
616 29. 71.
617 29. 71.
618 29. 71.
619 29. 71.
620 29. 71.
621 30. 70.
622 30. 70.
623 30. 70.
624 30. 70.
625 29. 71.
626 29. 71.
627 29. 71.
628 29. 71.
629 28. 72.
630 27. 73.
631 27. 73.
632 27. 73.
633 27. 73.
634 26. 74.
635 25. 75.
636 25. 75.
637 25. 75.
638 25. 75.
639 25. 75.
640 25. 75.
641 25. 75.
642 25. 75.
643 25. 75.
644 25. 75.
645 26. 74.
646 26. 74.
647 26. 74.
648 27. 73.
649 27. 73.
650 27. 73.
651 28. 72.
652 28. 72.
653 28. 72.
654 28. 72.
655 28. 72.
656 28. 72.
657 28. 72.
658 28. 72.
659 28. 72.
660 28. 72.
661 28. 72.
662 27. 73.
663 27. 73.
664 26. 74.
665 26. 74.
666 26. 74.
667 26. 74.
668 27. 73.
669 27. 73.
670 27. 73.
671 27. 73.
672 27. 73.
673 27. 73.
674 27. 73.
675 27. 73.
676 27. 73.
677 27. 73.
678 27. 73.
679 27. 73.
680 27. 73.
681 27. 73.
682 27. 73.
683 27. 73.
684 26. 74.
685 26. 74.
686 26. 74.
687 27. 73.
688 27. 73.
689 27. 73.
690 27. 73.
691 28. 72.
692 28. 72.
693 28. 72.
694 28. 72.
695 28. 72.
696 28. 72.
697 28. 72.
698 28. 72.
699 28. 72.
700 28. 72.
701 28. 72.
702 28. 72.
703 28. 72.
704 28. 72.
705 28. 72.
706 28. 72.
707 29. 71.
708 30. 70.
709 30. 70.
710 30. 70.
711 29. 71.
712 29. 71.
713 29. 71.
714 29. 71.
715 28. 72.
716 28. 72.
717 28. 72.
718 28. 72.
719 28. 72.
720 28. 72.
721 28. 72.
722 28. 72.
723 28. 72.
724 28. 72.
725 27. 73.
726 27. 73.
727 27. 73.
728 27. 73.
729 26. 74.
730 26. 74.
731 26. 74.
732 26. 74.
733 26. 74.
734 26. 74.
735 26. 74.
736 25. 75.
737 25. 75.
738 25. 75.
739 25. 75.
740 25. 75.
741 26. 74.
742 27. 73.
743 28. 72.
744 28. 72.
745 28. 72.
746 29. 71.
747 28. 72.
748 28. 72.
749 27. 73.
750 27. 73.
751 27. 73.
752 27. 73.
753 27. 73.
754 27. 73.
755 27. 73.
756 27. 73.
757 28. 72.
758 28. 72.
759 28. 72.
760 28. 72.
761 28. 72.
762 28. 72.
763 28. 72.
764 28. 72.
765 28. 72.
766 29. 71.
767 29. 71.
768 29. 71.
769 29. 71.
770 29. 71.
771 29. 71.
772 28. 72.
773 28. 72.
774 28. 72.
775 28. 72.
776 28. 72.
777 28. 72.
778 28. 72.
779 28. 72.
780 28. 72.
781 27. 73.
782 28. 72.
783 28. 72.
784 28. 72.
785 29. 71.
786 29. 71.
787 28. 72.
788 27. 73.
789 27. 73.
790 27. 73.
791 27. 73.
792 27. 73.
793 26. 74.
794 26. 74.
795 26. 74.
796 25. 75.
797 25. 75.
798 25. 75.
799 25. 75.
800 25. 75.
801 24. 76.
802 24. 76.
803 24. 76.
804 25. 75.
805 24. 76.
806 24. 76.
807 23. 77.
808 23. 77.
809 23. 77.
810 23. 77.
811 23. 77.
812 23. 77.
813 22. 78.
814 22. 78.
815 22. 78.
816 21. 79.
817 21. 79.
818 21. 79.
819 21. 79.
820 21. 79.
821 21. 79.
822 21. 79.
823 20. 80.
824 20. 80.
825 20. 80.
826 20. 80.
827 20. 80.
828 20. 80.
829 20. 80.
830 19. 81.
831 18. 82.
832 18. 82.
833 18. 82.
834 18. 82.
835 18. 82.
836 18. 82.
837 17. 83.
838 16. 84.
839 16. 84.
840 16. 84.
841 15. 85.
842 14. 86.
843 14. 86.
844 14. 86.
845 14. 86.
846 15. 85.
847 14. 86.
848 15. 85.
849 15. 85.
850 15. 85.
851 15. 85.
852 15. 85.
853 15. 85.
854 15. 85.
855 14. 86.
856 14. 86.
857 14. 86.
858 14. 86.
859 14. 86.
860 14. 86.
861 14. 86.
862 14. 86.
863 14. 86.
864 14. 86.
865 14. 86.
866 14. 86.
867 14. 86.
868 14. 86.
869 14. 86.
870 14. 86.
871 14. 86.
872 14. 86.
873 14. 86.
874 14. 86.
875 14. 86.
876 14. 86.
877 14. 86.
878 15. 85.
879 15. 85.
880 15. 85.
881 15. 85.
882 15. 85.
883 15. 85.
884 15. 85.
885 15. 85.
886 15. 85.
887 15. 85.
888 15. 85.
889 15. 85.
890 15. 85.
891 15. 85.
892 14. 86.
893 14. 86.
894 14. 86.
895 14. 86.
896 13. 87.
897 14. 86.
898 14. 86.
899 14. 86.
900 15. 85.
901 15. 85.
902 15. 85.
903 15. 85.
904 15. 85.
905 15. 85.
906 15. 85.
907 15. 85.
908 15. 85.
909 15. 85.
910 15. 85.
911 15. 85.
912 15. 85.
913 16. 84.
914 16. 84.
915 16. 84.
916 16. 84.
917 16. 84.
918 16. 84.
919 16. 84.
920 16. 84.
921 16. 84.
922 16. 84.
923 16. 84.
924 17. 83.
925 17. 83.
926 17. 83.
927 16. 84.
928 16. 84.
929 16. 84.
930 16. 84.
931 16. 84.
932 16. 84.
933 16. 84.
934 16. 84.
935 16. 84.
936 16. 84.
937 16. 84.
938 16. 84.
939 16. 84.
940 16. 84.
941 16. 84.
942 16. 84.
943 16. 84.
944 16. 84.
945 16. 84.
946 15. 85.
947 15. 85.
948 15. 85.
949 15. 85.
950 15. 85.
951 15. 85.
952 15. 85.
953 15. 85.
954 15. 85.
955 15. 85.
956 15. 85.
957 15. 85.
958 15. 85.
959 15. 85.
960 15. 85.
961 15. 85.
962 15. 85.
963 15. 85.
964 14. 86.
965 14. 86.
966 14. 86.
967 14. 86.
968 14. 86.
969 14. 86.
970 14. 86.
971 14. 86.
972 14. 86.
973 14. 86.
974 14. 86.
975 15. 85.
976 15. 85.
977 15. 85.
978 15. 85.
979 15. 85.
980 15. 85.
981 15. 85.
982 15. 85.
983 15. 85.
984 15. 85.
985 15. 85.
986 15. 85.
987 15. 85.
988 15. 85.
989 15. 85.
990 15. 85.
991 15. 85.
992 15. 85.
993 16. 84.
994 16. 84.
995 16. 84.
996 16. 84.
997 16. 84.
998 16. 84.
999 16. 84.
1000 16. 84.
1001 16. 84.
1002 16. 84.
1003 16. 84.
1004 17. 83.
1005 17. 83.
1006 17. 83.
1007 16. 84.
1008 16. 84.
1009 16. 84.
1010 16. 84.
1011 16. 84.
1012 16. 84.
1013 15. 85.
1014 15. 85.
1015 15. 85.
1016 15. 85.
1017 15. 85.
1018 15. 85.
1019 15. 85.
1020 15. 85.
1021 15. 85.
1022 14. 86.
1023 14. 86.
1024 14. 86.
1025 14. 86.
1026 14. 86.
1027 14. 86.
1028 13. 87.
1029 13. 87.
1030 14. 86.
1031 14. 86.
1032 14. 86.
1033 13. 87.
1034 13. 87.
1035 13. 87.
1036 13. 87.
1037 13. 87.
1038 13. 87.
1039 13. 87.
1040 12. 88.
1041 12. 88.
1042 12. 88.
1043 11. 89.
1044 11. 89.
1045 11. 89.
1046 11. 89.
1047 11. 89.
1048 11. 89.
1049 11. 89.
1050 11. 89.
1051 11. 89.
1052 11. 89.
1053 11. 89.
1054 11. 89.
1055 11. 89.
1056 11. 89.
1057 11. 89.
1058 11. 89.
1059 11. 89.
1060 11. 89.
1061 10. 90.
1062 10. 90.
1063 10. 90.
1064 10. 90.
1065 10. 90.
1066 10. 90.
1067 10. 90.
1068 9. 91.
1069 9. 91.
1070 9. 91.
1071 9. 91.
1072 9. 91.
1073 9. 91.
1074 9. 91.
1075 9. 91.
1076 9. 91.
1077 9. 91.
1078 9. 91.
1079 9. 91.
1080 9. 91.
1081 9. 91.
1082 9. 91.
1083 10. 90.
1084 10. 90.
1085 10. 90.
1086 10. 90.
1087 10. 90.
1088 10. 90.
1089 10. 90.
1090 10. 90.
1091 11. 89.
1092 11. 89.
1093 11. 89.
1094 12. 88.
1095 12. 88.
1096 12. 88.
1097 12. 88.
1098 12. 88.
1099 12. 88.
1100 12. 88.
1101 12. 88.
1102 12. 88.
1103 12. 88.
1104 12. 88.
1105 12. 88.
1106 12. 88.
1107 12. 88.
1108 13. 87.
1109 13. 87.
1110 13. 87.
1111 13. 87.
1112 13. 87.
1113 13. 87.
1114 13. 87.
1115 13. 87.
1116 13. 87.
1117 13. 87.
1118 13. 87.
1119 13. 87.
1120 13. 87.
1121 13. 87.
1122 13. 87.
1123 13. 87.
1124 13. 87.
1125 14. 86.
1126 13. 87.
1127 13. 87.
1128 13. 87.
1129 13. 87.
1130 13. 87.
1131 14. 86.
1132 14. 86.
1133 14. 86.
1134 14. 86.
1135 14. 86.
1136 14. 86.
1137 15. 85.
1138 15. 85.
1139 14. 86.
1140 14. 86.
1141 13. 87.
1142 13. 87.
1143 13. 87.
1144 13. 87.
1145 13. 87.
1146 13. 87.
1147 13. 87.
1148 13. 87.
1149 13. 87.
1150 13. 87.
1151 13. 87.
1152 13. 87.
1153 13. 87.
1154 13. 87.
1155 13. 87.
1156 13. 87.
1157 13. 87.
1158 13. 87.
1159 13. 87.
1160 13. 87.
1161 13. 87.
1162 14. 86.
1163 14. 86.
1164 14. 86.
1165 14. 86.
1166 14. 86.
1167 14. 86.
1168 14. 86.
1169 14. 86.
1170 14. 86.
1171 14. 86.
1172 14. 86.
1173 14. 86.
1174 14. 86.
1175 13. 87.
1176 13. 87.
1177 13. 87.
1178 13. 87.
1179 13. 87.
1180 13. 87.
1181 13. 87.
1182 13. 87.
1183 13. 87.
1184 13. 87.
1185 13. 87.
1186 13. 87.
1187 13. 87.
1188 13. 87.
1189 13. 87.
1190 12. 88.
1191 12. 88.
1192 12. 88.
1193 12. 88.
1194 12. 88.
1195 12. 88.
1196 12. 88.
1197 12. 88.
1198 12. 88.
1199 12. 88.
1200 13. 87.
1201 13. 87.
1202 13. 87.
1203 13. 87.
1204 13. 87.
1205 13. 87.
1206 13. 87.
1207 13. 87.
1208 13. 87.
1209 13. 87.
1210 13. 87.
1211 13. 87.
1212 13. 87.
1213 13. 87.
1214 13. 87.
1215 13. 87.
1216 12. 88.
1217 12. 88.
1218 12. 88.
1219 12. 88.
1220 12. 88.
1221 12. 88.
1222 12. 88.
1223 12. 88.
1224 12. 88.
1225 12. 88.
1226 12. 88.
1227 12. 88.
1228 11. 89.
1229 12. 88.
1230 12. 88.
1231 12. 88.
1232 12. 88.
1233 12. 88.
1234 12. 88.
1235 12. 88.
1236 12. 88.
1237 12. 88.
1238 11. 89.
1239 11. 89.
1240 11. 89.
1241 11. 89.
1242 11. 89.
1243 11. 89.
1244 11. 89.
1245 11. 89.
1246 11. 89.
1247 11. 89.
1248 11. 89.
1249 11. 89.
1250 11. 89.
1251 11. 89.
1252 11. 89.
1253 11. 89.
1254 11. 89.
1255 11. 89.
1256 11. 89.
1257 11. 89.
1258 11. 89.
1259 11. 89.
1260 11. 89.
1261 12. 88.
1262 12. 88.
1263 12. 88.
1264 12. 88.
1265 12. 88.
1266 12. 88.
1267 13. 87.
1268 13. 87.
1269 13. 87.
1270 13. 87.
1271 13. 87.
1272 12. 88.
1273 13. 87.
1274 13. 87.
1275 13. 87.
1276 13. 87.
1277 13. 87.
1278 13. 87.
1279 12. 88.
1280 12. 88.
1281 12. 88.
1282 12. 88.
1283 12. 88.
1284 12. 88.
1285 12. 88.
1286 12. 88.
1287 12. 88.
1288 12. 88.
1289 12. 88.
1290 12. 88.
1291 12. 88.
1292 12. 88.
1293 11. 89.
1294 11. 89.
1295 11. 89.
1296 11. 89.
1297 11. 89.
1298 11. 89.
1299 11. 89.
1300 11. 89.
1301 11. 89.
1302 12. 88.
1303 12. 88.
1304 12. 88.
1305 12. 88.
1306 12. 88.
1307 12. 88.
1308 13. 87.
1309 13. 87.
1310 13. 87.
1311 13. 87.
1312 13. 87.
1313 13. 87.
1314 13. 87.
1315 13. 87.
1316 13. 87.
1317 13. 87.
1318 14. 86.
1319 14. 86.
1320 15. 85.
1321 15. 85.
1322 15. 85.
1323 15. 85.
1324 15. 85.
1325 15. 85.
1326 15. 85.
1327 14. 86.
1328 14. 86.
1329 14. 86.
1330 14. 86.
1331 14. 86.
1332 14. 86.
1333 14. 86.
1334 14. 86.
1335 14. 86.
1336 14. 86.
1337 14. 86.
1338 14. 86.
1339 14. 86.
1340 14. 86.
1341 14. 86.
1342 14. 86.
1343 14. 86.
1344 14. 86.
1345 13. 87.
1346 13. 87.
1347 13. 87.
1348 13. 87.
1349 13. 87.
1350 13. 87.
1351 12. 88.
1352 12. 88.
1353 12. 88.
1354 12. 88.
1355 12. 88.
1356 12. 88.
1357 12. 88.
1358 12. 88.
1359 12. 88.
1360 12. 88.
1361 12. 88.
1362 12. 88.
1363 12. 88.
1364 12. 88.
1365 12. 88.
1366 12. 88.
1367 11. 89.
1368 11. 89.
1369 11. 89.
1370 12. 88.
1371 12. 88.
1372 12. 88.
1373 12. 88.
1374 12. 88.
1375 12. 88.
1376 12. 88.
1377 12. 88.
1378 12. 88.
1379 12. 88.
1380 11. 89.
1381 11. 89.
1382 11. 89.
1383 12. 88.
1384 12. 88.
1385 12. 88.
1386 12. 88.
1387 12. 88.
1388 12. 88.
1389 12. 88.
1390 12. 88.
1391 12. 88.
1392 12. 88.
1393 12. 88.
1394 12. 88.
1395 12. 88.
1396 12. 88.
1397 12. 88.
1398 12. 88.
1399 12. 88.
1400 12. 88.
1401 12. 88.
1402 12. 88.
1403 12. 88.
1404 11. 89.
1405 11. 89.
1406 11. 89.
1407 11. 89.
1408 12. 88.
1409 12. 88.
1410 12. 88.
1411 12. 88.
1412 12. 88.
1413 12. 88.
1414 12. 88.
1415 12. 88.
1416 12. 88.
1417 12. 88.
1418 12. 88.
1419 12. 88.
1420 12. 88.
1421 12. 88.
1422 12. 88.
1423 12. 88.
1424 12. 88.
1425 12. 88.
1426 13. 87.
1427 13. 87.
1428 13. 87.
1429 13. 87.
1430 13. 87.
1431 13. 87.
1432 13. 87.
1433 13. 87.
1434 13. 87.
1435 13. 87.
1436 13. 87.
1437 13. 87.
1438 13. 87.
1439 13. 87.
1440 13. 87.
1441 13. 87.
1442 13. 87.
1443 13. 87.
1444 13. 87.
1445 13. 87.
1446 13. 87.
1447 14. 86.
1448 14. 86.
1449 14. 86.
1450 14. 86.
1451 14. 86.
1452 14. 86.
1453 14. 86.
1454 14. 86.
1455 14. 86.
1456 14. 86.
1457 14. 86.
1458 14. 86.
1459 14. 86.
1460 14. 86.
1461 14. 86.
1462 14. 86.
1463 14. 86.
1464 14. 86.
1465 14. 86.
1466 14. 86.
1467 14. 86.
1468 14. 86.
1469 13. 87.
1470 13. 87.
1471 13. 87.
1472 13. 87.
1473 13. 87.
1474 13. 87.
1475 13. 87.
1476 13. 87.
1477 12. 88.
1478 12. 88.
1479 12. 88.
1480 12. 88.
1481 12. 88.
1482 12. 88.
1483 12. 88.
1484 12. 88.
1485 12. 88.
1486 11. 89.
1487 11. 89.
1488 11. 89.
1489 11. 89.
1490 11. 89.
1491 11. 89.
1492 11. 89.
1493 11. 89.
1494 11. 89.
1495 11. 89.
1496 12. 88.
1497 12. 88.
1498 12. 88.
1499 12. 88.
1500 12. 88.
1501 13. 87.
1502 13. 87.
1503 13. 87.
1504 13. 87.
1505 13. 87.
1506 13. 87.
1507 13. 87.
1508 13. 87.
1509 13. 87.
1510 13. 87.
1511 13. 87.
1512 13. 87.
1513 13. 87.
1514 13. 87.
1515 13. 87.
1516 13. 87.
1517 13. 87.
1518 13. 87.
1519 13. 87.
1520 13. 87.
1521 13. 87.
1522 13. 87.
1523 13. 87.
1524 13. 87.
1525 13. 87.
1526 13. 87.
1527 14. 86.
1528 14. 86.
1529 14. 86.
1530 14. 86.
1531 14. 86.
1532 14. 86.
1533 14. 86.
1534 14. 86.
1535 14. 86.
1536 14. 86.
1537 14. 86.
1538 14. 86.
1539 14. 86.
1540 14. 86.
1541 14. 86.
1542 14. 86.
1543 14. 86.
1544 14. 86.
1545 14. 86.
1546 14. 86.
1547 14. 86.
1548 15. 85.
1549 15. 85.
1550 15. 85.
1551 15. 85.
1552 15. 85.
1553 15. 85.
1554 15. 85.
1555 15. 85.
1556 15. 85.
1557 15. 85.
1558 15. 85.
1559 15. 85.
1560 15. 85.
1561 15. 85.
1562 15. 85.
1563 15. 85.
1564 15. 85.
1565 15. 85.
1566 15. 85.
1567 15. 85.
1568 15. 85.
1569 16. 84.
1570 16. 84.
1571 16. 84.
1572 16. 84.
1573 16. 84.
1574 16. 84.
1575 16. 84.
1576 16. 84.
1577 16. 84.
1578 16. 84.
1579 16. 84.
1580 16. 84.
1581 16. 84.
1582 16. 84.
1583 16. 84.
1584 16. 84.
1585 16. 84.
1586 16. 84.
1587 15. 85.
1588 15. 85.
1589 15. 85.
1590 16. 84.
1591 16. 84.
1592 16. 84.
1593 16. 84.
1594 16. 84.
1595 16. 84.
1596 16. 84.
1597 16. 84.
1598 15. 85.
1599 15. 85.
1600 15. 85.
1601 15. 85.
1602 15. 85.
1603 15. 85.
1604 15. 85.
1605 15. 85.
1606 15. 85.
1607 15. 85.
1608 15. 85.
1609 15. 85.
1610 15. 85.
1611 15. 85.
1612 15. 85.
1613 15. 85.
1614 15. 85.
1615 15. 85.
1616 15. 85.
1617 15. 85.
1618 15. 85.
1619 15. 85.
1620 15. 85.
1621 15. 85.
1622 15. 85.
1623 14. 86.
1624 14. 86.
1625 14. 86.
1626 14. 86.
1627 14. 86.
1628 14. 86.
1629 14. 86.
1630 14. 86.
1631 14. 86.
1632 14. 86.
1633 14. 86.
1634 14. 86.
1635 14. 86.
1636 14. 86.
1637 14. 86.
1638 14. 86.
1639 13. 87.
1640 13. 87.
1641 13. 87.
1642 13. 87.
1643 14. 86.
1644 14. 86.
1645 14. 86.
1646 15. 85.
1647 15. 85.
1648 15. 85.
1649 15. 85.
1650 15. 85.
1651 15. 85.
1652 14. 86.
1653 14. 86.
1654 14. 86.
1655 14. 86.
1656 14. 86.
1657 14. 86.
1658 14. 86.
1659 14. 86.
1660 15. 85.
1661 15. 85.
1662 15. 85.
1663 15. 85.
1664 15. 85.
1665 15. 85.
1666 15. 85.
1667 15. 85.
1668 15. 85.
1669 15. 85.
1670 15. 85.
1671 16. 84.
1672 16. 84.
1673 16. 84.
1674 16. 84.
1675 16. 84.
1676 16. 84.
1677 16. 84.
1678 16. 84.
1679 16. 84.
1680 16. 84.
1681 16. 84.
1682 16. 84.
1683 16. 84.
1684 16. 84.
1685 16. 84.
1686 16. 84.
1687 16. 84.
1688 15. 85.
1689 15. 85.
1690 15. 85.
1691 15. 85.
1692 15. 85.
1693 15. 85.
1694 15. 85.
1695 15. 85.
1696 15. 85.
1697 15. 85.
1698 15. 85.
1699 15. 85.
1700 15. 85.
1701 15. 85.
1702 15. 85.
1703 15. 85.
1704 15. 85.
1705 15. 85.
1706 15. 85.
1707 15. 85.
1708 15. 85.
1709 15. 85.
1710 15. 85.
1711 15. 85.
1712 15. 85.
1713 15. 85.
1714 15. 85.
1715 15. 85.
1716 15. 85.
1717 15. 85.
1718 15. 85.
1719 16. 84.
1720 16. 84.
1721 16. 84.
1722 15. 85.
1723 15. 85.
1724 15. 85.
1725 15. 85.
1726 15. 85.
1727 15. 85.
1728 15. 85.
1729 15. 85.
1730 15. 85.
1731 15. 85.
1732 15. 85.
1733 15. 85.
1734 16. 84.
1735 16. 84.
1736 16. 84.
1737 16. 84.
1738 16. 84.
1739 16. 84.
1740 16. 84.
1741 16. 84.
1742 16. 84.
1743 15. 85.
1744 15. 85.
1745 15. 85.
1746 15. 85.
1747 15. 85.
1748 15. 85.
1749 15. 85.
1750 15. 85.
1751 15. 85.
1752 15. 85.
1753 15. 85.
1754 15. 85.
1755 14. 86.
1756 14. 86.
1757 14. 86.
1758 14. 86.
1759 14. 86.
1760 14. 86.
1761 14. 86.
1762 14. 86.
1763 14. 86.
1764 14. 86.
1765 14. 86.
1766 14. 86.
1767 14. 86.
1768 14. 86.
1769 13. 87.
1770 13. 87.
1771 12. 88.
1772 12. 88.
1773 12. 88.
1774 12. 88.
1775 12. 88.
1776 12. 88.
1777 12. 88.
1778 12. 88.
1779 12. 88.
1780 12. 88.
1781 12. 88.
1782 12. 88.
1783 12. 88.
1784 12. 88.
1785 12. 88.
1786 12. 88.
1787 12. 88.
1788 12. 88.
1789 12. 88.
1790 12. 88.
1791 12. 88.
1792 12. 88.
1793 12. 88.
1794 12. 88.
1795 12. 88.
1796 12. 88.
1797 12. 88.
1798 12. 88.
1799 12. 88.
1800 12. 88.
1801 12. 88.
1802 12. 88.
1803 12. 88.
1804 12. 88.
1805 12. 88.
1806 12. 88.
1807 12. 88.
1808 12. 88.
1809 12. 88.
1810 12. 88.
1811 12. 88.
1812 12. 88.
1813 12. 88.
1814 12. 88.
1815 12. 88.
1816 12. 88.
1817 12. 88.
1818 12. 88.
1819 12. 88.
1820 11. 89.
1821 11. 89.
1822 11. 89.
1823 11. 89.
1824 11. 89.
1825 11. 89.
1826 11. 89.
1827 11. 89.
1828 11. 89.
1829 11. 89.
1830 11. 89.
1831 11. 89.
1832 11. 89.
1833 11. 89.
1834 11. 89.
1835 11. 89.
1836 11. 89.
1837 11. 89.
1838 11. 89.
1839 11. 89.
1840 11. 89.
1841 11. 89.
1842 11. 89.
1843 11. 89.
1844 11. 89.
1845 11. 89.
1846 11. 89.
1847 10. 90.
1848 10. 90.
1849 10. 90.
1850 9. 91.
1851 9. 91.
1852 8. 92.
1853 8. 92.
1854 8. 92.
1855 8. 92.
1856 8. 92.
1857 8. 92.
1858 8. 92.
1859 8. 92.
1860 8. 92.
1861 8. 92.
1862 8. 92.
1863 7. 93.
1864 7. 93.
1865 7. 93.
1866 6. 94.
1867 6. 94.
1868 6. 94.
1869 6. 94.
1870 6. 94.
1871 6. 94.
1872 6. 94.
1873 6. 94.
1874 6. 94.
1875 6. 94.
1876 6. 94.
1877 6. 94.
1878 6. 94.
1879 6. 94.
1880 6. 94.
1881 6. 94.
1882 6. 94.
1883 6. 94.
1884 6. 94.
1885 6. 94.
1886 6. 94.
1887 6. 94.
1888 6. 94.
1889 6. 94.
1890 6. 94.
1891 5. 95.
1892 6. 94.
1893 7. 93.
1894 7. 93.
1895 7. 93.
1896 7. 93.
1897 7. 93.
1898 6. 94.
1899 6. 94.
1900 6. 94.
1901 6. 94.
1902 6. 94.
1903 6. 94.
1904 6. 94.
1905 6. 94.
1906 6. 94.
1907 6. 94.
1908 6. 94.
1909 6. 94.
1910 6. 94.
1911 6. 94.
1912 6. 94.
1913 6. 94.
1914 6. 94.
1915 6. 94.
1916 6. 94.
1917 6. 94.
1918 7. 93.
1919 7. 93.
1920 7. 93.
1921 8. 92.
1922 8. 92.
1923 8. 92.
1924 8. 92.
1925 9. 91.
1926 9. 91.
1927 9. 91.
1928 9. 91.
1929 9. 91.
1930 9. 91.
1931 9. 91.
1932 9. 91.
1933 9. 91.
1934 9. 91.
1935 9. 91.
1936 9. 91.
1937 8. 92.
1938 8. 92.
1939 8. 92.
1940 8. 92.
1941 7. 93.
1942 7. 93.
1943 7. 93.
1944 7. 93.
1945 7. 93.
1946 7. 93.
1947 7. 93.
1948 7. 93.
1949 7. 93.
1950 7. 93.
1951 7. 93.
1952 7. 93.
1953 7. 93.
1954 7. 93.
1955 7. 93.
1956 7. 93.
1957 7. 93.
1958 7. 93.
1959 7. 93.
1960 7. 93.
1961 8. 92.
1962 7. 93.
1963 7. 93.
1964 7. 93.
1965 7. 93.
1966 7. 93.
1967 7. 93.
1968 7. 93.
1969 7. 93.
1970 7. 93.
1971 7. 93.
1972 7. 93.
1973 7. 93.
1974 7. 93.
1975 7. 93.
1976 7. 93.
1977 7. 93.
1978 7. 93.
1979 7. 93.
1980 7. 93.
1981 7. 93.
1982 7. 93.
1983 7. 93.
1984 7. 93.
1985 7. 93.
1986 7. 93.
1987 6. 94.
1988 6. 94.
1989 6. 94.
1990 6. 94.
1991 6. 94.
1992 6. 94.
1993 6. 94.
1994 6. 94.
1995 6. 94.
1996 6. 94.
1997 6. 94.
1998 6. 94.
1999 7. 93.
2000 7. 93.
2001 7. 93.
2002 7. 93.
2003 7. 93.
2004 7. 93.
2005 7. 93.
2006 7. 93.
2007 7. 93.
2008 7. 93.
2009 7. 93.
2010 8. 92.
2011 8. 92.
2012 8. 92.
2013 8. 92.
2014 8. 92.
2015 8. 92.
2016 8. 92.
2017 8. 92.
2018 8. 92.
2019 8. 92.
2020 8. 92.
2021 9. 91.
2022 9. 91.
2023 9. 91.
2024 9. 91.
2025 9. 91.
2026 9. 91.
2027 9. 91.
2028 9. 91.
2029 10. 90.
2030 10. 90.
2031 10. 90.
2032 10. 90.
2033 10. 90.
2034 10. 90.
2035 10. 90.
2036 10. 90.
2037 10. 90.
2038 10. 90.
2039 10. 90.
2040 10. 90.
2041 10. 90.
2042 10. 90.
2043 10. 90.
2044 9. 91.
2045 9. 91.
2046 9. 91.
2047 9. 91.
2048 9. 91.
2049 9. 91.
2050 9. 91.
2051 9. 91.
2052 9. 91.
2053 9. 91.
2054 9. 91.
2055 9. 91.
2056 9. 91.
2057 9. 91.
2058 9. 91.
2059 9. 91.
2060 9. 91.
2061 9. 91.
2062 9. 91.
2063 9. 91.
2064 9. 91.
2065 9. 91.
2066 8. 92.
2067 8. 92.
2068 8. 92.
2069 8. 92.
2070 8. 92.
2071 8. 92.
2072 8. 92.
2073 8. 92.
2074 8. 92.
2075 8. 92.
2076 8. 92.
2077 8. 92.
2078 8. 92.
2079 8. 92.
2080 8. 92.
2081 8. 92.
2082 8. 92.
2083 8. 92.
2084 8. 92.
2085 8. 92.
2086 8. 92.
2087 8. 92.
2088 8. 92.
2089 7. 93.
2090 7. 93.
2091 7. 93.
2092 7. 93.
2093 7. 93.
2094 7. 93.
2095 7. 93.
2096 7. 93.
2097 7. 93.
2098 7. 93.
2099 7. 93.
2100 7. 93.
2101 7. 93.
2102 7. 93.
2103 7. 93.
2104 7. 93.
2105 7. 93.
2106 7. 93.
2107 7. 93.
2108 7. 93.
2109 7. 93.
2110 7. 93.
2111 6. 94.
2112 6. 94.
2113 6. 94.
2114 6. 94.
2115 6. 94.
2116 6. 94.
2117 6. 94.
2118 6. 94.
2119 6. 94.
2120 6. 94.
2121 6. 94.
2122 6. 94.
2123 6. 94.
2124 6. 94.
2125 7. 93.
2126 7. 93.
2127 7. 93.
2128 7. 93.
2129 7. 93.
2130 7. 93.
2131 7. 93.
2132 7. 93.
2133 6. 94.
2134 6. 94.
2135 6. 94.
2136 6. 94.
2137 6. 94.
2138 6. 94.
2139 6. 94.
2140 6. 94.
2141 6. 94.
2142 6. 94.
2143 6. 94.
2144 6. 94.
2145 6. 94.
2146 6. 94.
2147 6. 94.
2148 6. 94.
2149 6. 94.
2150 6. 94.
2151 6. 94.
2152 6. 94.
2153 6. 94.
2154 6. 94.
2155 6. 94.
2156 6. 94.
2157 6. 94.
2158 6. 94.
2159 6. 94.
2160 6. 94.
2161 6. 94.
2162 6. 94.
2163 6. 94.
2164 6. 94.
2165 6. 94.
2166 6. 94.
2167 6. 94.
2168 6. 94.
2169 6. 94.
2170 6. 94.
2171 6. 94.
2172 6. 94.
2173 6. 94.
2174 6. 94.
2175 6. 94.
2176 6. 94.
2177 6. 94.
2178 6. 94.
2179 6. 94.
2180 6. 94.
2181 6. 94.
2182 6. 94.
2183 6. 94.
2184 6. 94.
2185 6. 94.
2186 6. 94.
2187 6. 94.
2188 6. 94.
2189 6. 94.
2190 6. 94.
2191 6. 94.
2192 6. 94.
2193 6. 94.
2194 6. 94.
2195 6. 94.
2196 6. 94.
2197 6. 94.
2198 6. 94.
2199 6. 94.
2200 5. 95.
2201 5. 95.
2202 5. 95.
2203 5. 95.
2204 5. 95.
2205 5. 95.
2206 5. 95.
2207 5. 95.
2208 5. 95.
2209 5. 95.
2210 5. 95.
2211 5. 95.
2212 5. 95.
2213 5. 95.
2214 5. 95.
2215 5. 95.
2216 5. 95.
2217 5. 95.
2218 5. 95.
2219 5. 95.
2220 5. 95.
2221 5. 95.
2222 5. 95.
2223 5. 95.
2224 5. 95.
2225 5. 95.
2226 5. 95.
2227 5. 95.
2228 5. 95.
2229 5. 95.
2230 5. 95.
2231 5. 95.
2232 5. 95.
2233 5. 95.
2234 5. 95.
2235 5. 95.
2236 5. 95.
2237 5. 95.
2238 5. 95.
2239 5. 95.
2240 5. 95.
2241 5. 95.
2242 5. 95.
2243 5. 95.
2244 5. 95.
2245 5. 95.
2246 5. 95.
2247 5. 95.
2248 5. 95.
2249 5. 95.
2250 5. 95.
2251 5. 95.
2252 5. 95.
2253 5. 95.
2254 5. 95.
2255 5. 95.
2256 5. 95.
2257 5. 95.
2258 5. 95.
2259 5. 95.
2260 5. 95.
2261 5. 95.
2262 5. 95.
2263 5. 95.
2264 5. 95.
2265 5. 95.
2266 5. 95.
2267 5. 95.
2268 5. 95.
2269 5. 95.
2270 5. 95.
2271 5. 95.
2272 5. 95.
2273 5. 95.
2274 5. 95.
2275 5. 95.
2276 5. 95.
2277 5. 95.
2278 5. 95.
2279 5. 95.
2280 5. 95.
2281 5. 95.
2282 5. 95.
2283 5. 95.
2284 5. 95.
2285 5. 95.
2286 5. 95.
2287 5. 95.
2288 5. 95.
2289 5. 95.
2290 5. 95.
2291 5. 95.
2292 6. 94.
2293 6. 94.
2294 6. 94.
2295 6. 94.
2296 6. 94.
2297 6. 94.
2298 6. 94.
2299 6. 94.
2300 6. 94.
2301 6. 94.
2302 6. 94.
2303 6. 94.
2304 6. 94.
2305 6. 94.
2306 6. 94.
2307 6. 94.
2308 6. 94.
2309 6. 94.
2310 6. 94.
2311 6. 94.
2312 6. 94.
2313 6. 94.
2314 6. 94.
2315 5. 95.
2316 5. 95.
2317 5. 95.
2318 5. 95.
2319 5. 95.
2320 5. 95.
2321 5. 95.
2322 5. 95.
2323 5. 95.
2324 5. 95.
2325 5. 95.
2326 5. 95.
2327 5. 95.
2328 5. 95.
2329 5. 95.
2330 5. 95.
2331 5. 95.
2332 5. 95.
2333 5. 95.
2334 6. 94.
2335 6. 94.
2336 6. 94.
2337 6. 94.
2338 6. 94.
2339 6. 94.
2340 6. 94.
2341 6. 94.
2342 6. 94.
2343 6. 94.
2344 6. 94.
2345 6. 94.
2346 6. 94.
2347 6. 94.
2348 6. 94.
2349 6. 94.
2350 7. 93.
2351 7. 93.
2352 7. 93.
2353 7. 93.
2354 7. 93.
2355 7. 93.
2356 7. 93.
2357 7. 93.
2358 7. 93.
2359 7. 93.
2360 7. 93.
2361 7. 93.
2362 7. 93.
2363 7. 93.
2364 7. 93.
2365 7. 93.
2366 7. 93.
2367 7. 93.
2368 7. 93.
2369 7. 93.
2370 7. 93.
2371 7. 93.
2372 7. 93.
2373 7. 93.
2374 7. 93.
2375 7. 93.
2376 7. 93.
2377 7. 93.
2378 7. 93.
2379 7. 93.
2380 7. 93.
2381 7. 93.
2382 7. 93.
2383 7. 93.
2384 7. 93.
2385 7. 93.
2386 7. 93.
2387 7. 93.
2388 7. 93.
2389 7. 93.
2390 7. 93.
2391 7. 93.
2392 7. 93.
2393 7. 93.
2394 7. 93.
2395 7. 93.
2396 8. 92.
2397 8. 92.
2398 8. 92.
2399 8. 92.
2400 8. 92.
2401 8. 92.
2402 8. 92.
2403 8. 92.
2404 8. 92.
2405 8. 92.
2406 8. 92.
2407 8. 92.
2408 8. 92.
2409 8. 92.
2410 8. 92.
2411 8. 92.
2412 8. 92.
2413 8. 92.
2414 8. 92.
2415 8. 92.
2416 8. 92.
2417 8. 92.
2418 8. 92.
2419 8. 92.
2420 8. 92.
2421 8. 92.
2422 8. 92.
2423 8. 92.
2424 8. 92.
2425 8. 92.
2426 8. 92.
2427 8. 92.
2428 9. 91.
2429 10. 90.
2430 10. 90.
2431 11. 89.
2432 11. 89.
2433 10. 90.
2434 10. 90.
2435 10. 90.
2436 10. 90.
2437 9. 91.
2438 9. 91.
2439 9. 91.
2440 9. 91.
2441 8. 92.
2442 8. 92.
2443 8. 92.
2444 8. 92.
2445 8. 92.
2446 8. 92.
2447 8. 92.
2448 8. 92.
2449 9. 91.
2450 9. 91.
2451 10. 90.
2452 10. 90.
2453 10. 90.
2454 10. 90.
2455 10. 90.
2456 10. 90.
2457 10. 90.
2458 10. 90.
2459 10. 90.
2460 10. 90.
2461 10. 90.
2462 10. 90.
2463 10. 90.
2464 10. 90.
2465 10. 90.
2466 10. 90.
2467 10. 90.
2468 10. 90.
2469 10. 90.
2470 10. 90.
2471 10. 90.
2472 10. 90.
2473 10. 90.
2474 10. 90.
2475 9. 91.
2476 9. 91.
2477 9. 91.
2478 9. 91.
2479 9. 91.
2480 9. 91.
2481 9. 91.
2482 9. 91.
2483 9. 91.
2484 9. 91.
2485 9. 91.
2486 9. 91.
2487 9. 91.
2488 9. 91.
2489 9. 91.
2490 9. 91.
2491 9. 91.
2492 9. 91.
2493 9. 91.
2494 9. 91.
2495 9. 91.
2496 9. 91.
2497 9. 91.
2498 9. 91.
2499 9. 91.
2500 9. 91.
2501 10. 90.
2502 10. 90.
2503 9. 91.
2504 9. 91.
2505 9. 91.
2506 9. 91.
2507 9. 91.
2508 9. 91.
2509 9. 91.
2510 9. 91.
2511 9. 91.
2512 8. 92.
2513 8. 92.
2514 8. 92.
2515 8. 92.
2516 8. 92.
2517 8. 92.
2518 8. 92.
2519 8. 92.
2520 8. 92.
2521 7. 93.
2522 7. 93.
2523 7. 93.
2524 7. 93.
2525 7. 93.
2526 7. 93.
2527 7. 93.
2528 7. 93.
2529 7. 93.
2530 7. 93.
2531 7. 93.
2532 7. 93.
2533 7. 93.
2534 7. 93.
2535 7. 93.
2536 7. 93.
2537 7. 93.
2538 7. 93.
2539 8. 92.
2540 8. 92.
2541 8. 92.
2542 8. 92.
2543 8. 92.
2544 8. 92.
2545 8. 92.
2546 8. 92.
2547 8. 92.
2548 8. 92.
2549 8. 92.
2550 7. 93.
2551 7. 93.
2552 7. 93.
2553 7. 93.
2554 7. 93.
2555 7. 93.
2556 7. 93.
2557 6. 94.
2558 6. 94.
2559 6. 94.
2560 6. 94.
2561 6. 94.
2562 6. 94.
2563 6. 94.
2564 6. 94.
2565 5. 95.
2566 5. 95.
2567 5. 95.
2568 5. 95.
2569 5. 95.
2570 5. 95.
2571 5. 95.
2572 5. 95.
2573 5. 95.
2574 5. 95.
2575 5. 95.
2576 5. 95.
2577 5. 95.
2578 5. 95.
2579 5. 95.
2580 5. 95.
2581 5. 95.
2582 5. 95.
2583 5. 95.
2584 5. 95.
2585 5. 95.
2586 5. 95.
2587 5. 95.
2588 5. 95.
2589 5. 95.
2590 5. 95.
2591 5. 95.
2592 5. 95.
2593 4. 96.
2594 4. 96.
2595 4. 96.
2596 4. 96.
2597 4. 96.
2598 4. 96.
2599 4. 96.
2600 4. 96.
2601 4. 96.
2602 4. 96.
2603 4. 96.
2604 4. 96.
2605 4. 96.
2606 4. 96.
2607 4. 96.
2608 4. 96.
2609 4. 96.
2610 4. 96.
2611 4. 96.
2612 4. 96.
2613 4. 96.
2614 4. 96.
2615 4. 96.
2616 4. 96.
2617 4. 96.
2618 4. 96.
2619 4. 96.
2620 4. 96.
2621 5. 95.
2622 5. 95.
2623 5. 95.
2624 5. 95.
2625 5. 95.
2626 5. 95.
2627 5. 95.
2628 5. 95.
2629 4. 96.
2630 4. 96.
2631 4. 96.
2632 4. 96.
2633 4. 96.
2634 4. 96.
2635 4. 96.
2636 4. 96.
2637 4. 96.
2638 4. 96.
2639 4. 96.
2640 5. 95.
2641 5. 95.
2642 5. 95.
2643 5. 95.
2644 5. 95.
2645 5. 95.
2646 5. 95.
2647 5. 95.
2648 5. 95.
2649 5. 95.
2650 5. 95.
2651 5. 95.
2652 5. 95.
2653 5. 95.
2654 5. 95.
2655 5. 95.
2656 5. 95.
2657 5. 95.
2658 5. 95.
2659 5. 95.
2660 5. 95.
2661 5. 95.
2662 5. 95.
2663 5. 95.
2664 5. 95.
2665 5. 95.
2666 5. 95.
2667 6. 94.
2668 6. 94.
2669 6. 94.
2670 6. 94.
2671 6. 94.
2672 6. 94.
2673 6. 94.
2674 6. 94.
2675 6. 94.
2676 6. 94.
2677 6. 94.
2678 6. 94.
2679 6. 94.
2680 6. 94.
2681 6. 94.
2682 6. 94.
2683 6. 94.
2684 6. 94.
2685 6. 94.
2686 6. 94.
2687 6. 94.
2688 6. 94.
2689 6. 94.
2690 6. 94.
2691 6. 94.
2692 6. 94.
2693 6. 94.
2694 6. 94.
2695 6. 94.
2696 6. 94.
2697 6. 94.
2698 6. 94.
2699 6. 94.
2700 6. 94.
2701 6. 94.
2702 6. 94.
2703 6. 94.
2704 6. 94.
2705 6. 94.
2706 6. 94.
2707 6. 94.
2708 6. 94.
2709 6. 94.
2710 6. 94.
2711 6. 94.
2712 6. 94.
2713 6. 94.
2714 5. 95.
2715 6. 94.
2716 6. 94.
2717 5. 95.
2718 5. 95.
2719 5. 95.
2720 5. 95.
2721 5. 95.
2722 5. 95.
2723 5. 95.
2724 5. 95.
2725 4. 96.
2726 4. 96.
2727 4. 96.
2728 4. 96.
2729 4. 96.
2730 4. 96.
2731 4. 96.
2732 4. 96.
2733 4. 96.
2734 4. 96.
2735 4. 96.
2736 4. 96.
2737 4. 96.
2738 4. 96.
2739 4. 96.
2740 4. 96.
2741 4. 96.
2742 4. 96.
2743 4. 96.
2744 4. 96.
2745 4. 96.
2746 4. 96.
2747 4. 96.
2748 4. 96.
2749 4. 96.
2750 4. 96.
2751 4. 96.
2752 4. 96.
2753 4. 96.
2754 4. 96.
2755 4. 96.
2756 4. 96.
2757 4. 96.
2758 4. 96.
2759 4. 96.
2760 4. 96.
2761 4. 96.
2762 4. 96.
2763 3. 97.
2764 3. 97.
2765 3. 97.
2766 3. 97.
2767 3. 97.
2768 3. 97.
2769 3. 97.
2770 3. 97.
2771 3. 97.
2772 3. 97.
2773 3. 97.
2774 3. 97.
2775 3. 97.
2776 3. 97.
2777 3. 97.
2778 3. 97.
2779 3. 97.
2780 3. 97.
2781 3. 97.
2782 3. 97.
2783 3. 97.
2784 3. 97.
2785 3. 97.
2786 3. 97.
2787 3. 97.
2788 3. 97.
2789 3. 97.
2790 3. 97.
2791 3. 97.
2792 3. 97.
2793 3. 97.
2794 3. 97.
2795 3. 97.
2796 3. 97.
2797 3. 97.
2798 3. 97.
2799 3. 97.
2800 3. 97.
2801 3. 97.
2802 3. 97.
2803 3. 97.
2804 3. 97.
2805 3. 97.
2806 3. 97.
2807 3. 97.
2808 3. 97.
2809 3. 97.
2810 3. 97.
2811 3. 97.
2812 3. 97.
2813 4. 96.
2814 4. 96.
2815 4. 96.
2816 5. 95.
2817 5. 95.
2818 5. 95.
2819 5. 95.
2820 5. 95.
2821 5. 95.
2822 5. 95.
2823 5. 95.
2824 5. 95.
2825 5. 95.
2826 5. 95.
2827 5. 95.
2828 5. 95.
2829 5. 95.
2830 5. 95.
2831 5. 95.
2832 5. 95.
2833 5. 95.
2834 5. 95.
2835 5. 95.
2836 5. 95.
2837 5. 95.
2838 5. 95.
2839 5. 95.
2840 5. 95.
2841 5. 95.
2842 5. 95.
2843 5. 95.
2844 4. 96.
2845 4. 96.
2846 4. 96.
2847 4. 96.
2848 4. 96.
2849 4. 96.
2850 4. 96.
2851 4. 96.
2852 4. 96.
2853 4. 96.
2854 4. 96.
2855 4. 96.
2856 4. 96.
2857 4. 96.
2858 4. 96.
2859 4. 96.
2860 4. 96.
2861 4. 96.
2862 4. 96.
2863 4. 96.
2864 4. 96.
2865 4. 96.
2866 4. 96.
2867 4. 96.
2868 4. 96.
2869 4. 96.
2870 4. 96.
2871 4. 96.
2872 4. 96.
2873 4. 96.
2874 4. 96.
2875 4. 96.
2876 4. 96.
2877 4. 96.
2878 4. 96.
2879 4. 96.
2880 5. 95.
2881 5. 95.
2882 5. 95.
2883 5. 95.
2884 5. 95.
2885 5. 95.
2886 5. 95.
2887 5. 95.
2888 5. 95.
2889 5. 95.
2890 5. 95.
2891 5. 95.
2892 5. 95.
2893 5. 95.
2894 5. 95.
2895 5. 95.
2896 5. 95.
2897 5. 95.
2898 5. 95.
2899 5. 95.
2900 5. 95.
2901 5. 95.
2902 5. 95.
2903 5. 95.
2904 5. 95.
2905 5. 95.
2906 5. 95.
2907 5. 95.
2908 5. 95.
2909 5. 95.
2910 5. 95.
2911 5. 95.
2912 5. 95.
2913 5. 95.
2914 5. 95.
2915 5. 95.
2916 5. 95.
2917 5. 95.
2918 5. 95.
2919 5. 95.
2920 5. 95.
2921 5. 95.
2922 5. 95.
2923 5. 95.
2924 5. 95.
2925 5. 95.
2926 5. 95.
2927 5. 95.
2928 5. 95.
2929 5. 95.
2930 5. 95.
2931 5. 95.
2932 5. 95.
2933 5. 95.
2934 5. 95.
2935 5. 95.
2936 6. 94.
2937 6. 94.
2938 6. 94.
2939 6. 94.
2940 6. 94.
2941 6. 94.
2942 6. 94.
2943 6. 94.
2944 6. 94.
2945 6. 94.
2946 6. 94.
2947 6. 94.
2948 6. 94.
2949 7. 93.
2950 7. 93.
2951 7. 93.
2952 7. 93.
2953 7. 93.
2954 7. 93.
2955 7. 93.
2956 7. 93.
2957 7. 93.
2958 7. 93.
2959 7. 93.
2960 7. 93.
2961 7. 93.
2962 7. 93.
2963 7. 93.
2964 7. 93.
2965 6. 94.
2966 6. 94.
2967 6. 94.
2968 6. 94.
2969 6. 94.
2970 6. 94.
2971 6. 94.
2972 6. 94.
2973 6. 94.
2974 6. 94.
2975 6. 94.
2976 6. 94.
2977 6. 94.
2978 6. 94.
2979 6. 94.
2980 6. 94.
2981 6. 94.
2982 6. 94.
2983 6. 94.
2984 6. 94.
2985 6. 94.
2986 6. 94.
2987 6. 94.
2988 6. 94.
2989 6. 94.
2990 6. 94.
2991 6. 94.
2992 6. 94.
2993 6. 94.
2994 6. 94.
2995 5. 95.
2996 5. 95.
2997 5. 95.
2998 5. 95.
2999 5. 95.
3000 5. 95.
3001 5. 95.
3002 5. 95.
3003 5. 95.
3004 5. 95.
3005 5. 95.
3006 5. 95.
3007 5. 95.
3008 5. 95.
3009 5. 95.
3010 5. 95.
3011 5. 95.
3012 5. 95.
3013 5. 95.
3014 5. 95.
3015 5. 95.
3016 5. 95.
3017 5. 95.
3018 5. 95.
3019 5. 95.
3020 5. 95.
3021 5. 95.
3022 5. 95.
3023 5. 95.
3024 5. 95.
3025 5. 95.
3026 5. 95.
3027 5. 95.
3028 5. 95.
3029 5. 95.
3030 5. 95.
3031 5. 95.
3032 5. 95.
3033 5. 95.
3034 5. 95.
3035 6. 94.
3036 6. 94.
3037 6. 94.
3038 6. 94.
3039 6. 94.
3040 6. 94.
3041 6. 94.
3042 6. 94.
3043 6. 94.
3044 6. 94.
3045 6. 94.
3046 6. 94.
3047 6. 94.
3048 6. 94.
3049 6. 94.
3050 6. 94.
3051 6. 94.
3052 6. 94.
3053 6. 94.
3054 7. 93.
3055 7. 93.
3056 7. 93.
3057 7. 93.
3058 7. 93.
3059 7. 93.
3060 7. 93.
3061 7. 93.
3062 7. 93.
3063 7. 93.
3064 7. 93.
3065 7. 93.
3066 7. 93.
3067 7. 93.
3068 7. 93.
3069 7. 93.
3070 7. 93.
3071 7. 93.
3072 7. 93.
3073 7. 93.
3074 7. 93.
3075 8. 92.
3076 8. 92.
3077 8. 92.
3078 8. 92.
3079 8. 92.
3080 8. 92.
3081 8. 92.
3082 9. 91.
3083 9. 91.
3084 9. 91.
3085 9. 91.
3086 9. 91.
3087 9. 91.
3088 10. 90.
3089 10. 90.
3090 10. 90.
3091 10. 90.
3092 10. 90.
3093 10. 90.
3094 10. 90.
3095 10. 90.
3096 10. 90.
3097 10. 90.
3098 10. 90.
3099 10. 90.
3100 10. 90.
3101 10. 90.
3102 10. 90.
3103 10. 90.
3104 10. 90.
3105 10. 90.
3106 10. 90.
3107 10. 90.
3108 10. 90.
3109 10. 90.
3110 10. 90.
3111 10. 90.
3112 10. 90.
3113 10. 90.
3114 10. 90.
3115 10. 90.
3116 9. 91.
3117 9. 91.
3118 9. 91.
3119 9. 91.
3120 9. 91.
3121 9. 91.
3122 9. 91.
3123 9. 91.
3124 9. 91.
3125 9. 91.
3126 9. 91.
3127 9. 91.
3128 9. 91.
3129 9. 91.
3130 9. 91.
3131 9. 91.
3132 9. 91.
3133 9. 91.
3134 9. 91.
3135 9. 91.
3136 9. 91.
3137 9. 91.
3138 9. 91.
3139 9. 91.
3140 9. 91.
3141 9. 91.
3142 9. 91.
3143 9. 91.
3144 9. 91.
3145 9. 91.
3146 9. 91.
3147 9. 91.
3148 9. 91.
3149 9. 91.
3150 9. 91.
3151 9. 91.
3152 9. 91.
3153 9. 91.
3154 9. 91.
3155 9. 91.
3156 9. 91.
3157 9. 91.
3158 9. 91.
3159 9. 91.
3160 9. 91.
3161 9. 91.
3162 9. 91.
3163 9. 91.
3164 9. 91.
3165 9. 91.
3166 9. 91.
3167 9. 91.
3168 8. 92.
3169 8. 92.
3170 8. 92.
3171 8. 92.
3172 8. 92.
3173 8. 92.
3174 8. 92.
3175 8. 92.
3176 8. 92.
3177 8. 92.
3178 8. 92.
3179 7. 93.
3180 7. 93.
3181 6. 94.
3182 6. 94.
3183 6. 94.
3184 6. 94.
3185 6. 94.
3186 6. 94.
3187 6. 94.
3188 6. 94.
3189 6. 94.
3190 6. 94.
3191 6. 94.
3192 7. 93.
3193 7. 93.
3194 7. 93.
3195 7. 93.
3196 7. 93.
3197 7. 93.
3198 7. 93.
3199 7. 93.
3200 7. 93.
3201 7. 93.
3202 8. 92.
3203 8. 92.
3204 8. 92.
3205 7. 93.
3206 7. 93.
3207 7. 93.
3208 7. 93.
3209 7. 93.
3210 7. 93.
3211 7. 93.
3212 7. 93.
3213 7. 93.
3214 7. 93.
3215 7. 93.
3216 7. 93.
3217 7. 93.
3218 7. 93.
3219 7. 93.
3220 7. 93.
3221 7. 93.
3222 7. 93.
3223 7. 93.
3224 6. 94.
3225 6. 94.
3226 6. 94.
3227 6. 94.
3228 6. 94.
3229 6. 94.
3230 6. 94.
3231 6. 94.
3232 6. 94.
3233 6. 94.
3234 6. 94.
3235 6. 94.
3236 6. 94.
3237 6. 94.
3238 6. 94.
3239 6. 94.
3240 6. 94.
3241 6. 94.
3242 6. 94.
3243 6. 94.
3244 6. 94.
3245 5. 95.
3246 5. 95.
3247 5. 95.
3248 6. 94.
3249 6. 94.
3250 6. 94.
3251 6. 94.
3252 6. 94.
3253 6. 94.
3254 6. 94.
3255 6. 94.
3256 6. 94.
3257 6. 94.
3258 6. 94.
3259 6. 94.
3260 6. 94.
3261 6. 94.
3262 7. 93.
3263 7. 93.
3264 7. 93.
3265 7. 93.
3266 7. 93.
3267 7. 93.
3268 7. 93.
3269 7. 93.
3270 7. 93.
3271 7. 93.
3272 7. 93.
3273 7. 93.
3274 7. 93.
3275 7. 93.
3276 7. 93.
3277 7. 93.
3278 7. 93.
3279 7. 93.
3280 7. 93.
3281 7. 93.
3282 7. 93.
3283 7. 93.
3284 7. 93.
3285 7. 93.
3286 7. 93.
3287 7. 93.
3288 7. 93.
3289 7. 93.
3290 7. 93.
3291 7. 93.
3292 7. 93.
3293 7. 93.
3294 7. 93.
3295 6. 94.
3296 6. 94.
3297 6. 94.
3298 6. 94.
3299 6. 94.
3300 6. 94.
3301 6. 94.
3302 5. 95.
3303 5. 95.
3304 5. 95.
3305 5. 95.
3306 5. 95.
3307 5. 95.
3308 5. 95.
3309 5. 95.
3310 5. 95.
3311 5. 95.
3312 5. 95.
3313 5. 95.
3314 5. 95.
3315 5. 95.
3316 5. 95.
3317 5. 95.
3318 5. 95.
3319 5. 95.
3320 5. 95.
3321 5. 95.
3322 5. 95.
3323 5. 95.
3324 5. 95.
3325 5. 95.
3326 5. 95.
3327 5. 95.
3328 5. 95.
3329 5. 95.
3330 5. 95.
3331 5. 95.
3332 5. 95.
3333 5. 95.
3334 5. 95.
3335 5. 95.
3336 5. 95.
3337 5. 95.
3338 5. 95.
3339 5. 95.
3340 5. 95.
3341 5. 95.
3342 5. 95.
3343 5. 95.
3344 5. 95.
3345 5. 95.
3346 5. 95.
3347 5. 95.
3348 5. 95.
3349 5. 95.
3350 5. 95.
3351 5. 95.
3352 5. 95.
3353 5. 95.
3354 5. 95.
3355 5. 95.
3356 5. 95.
3357 5. 95.
3358 5. 95.
3359 5. 95.
3360 5. 95.
3361 5. 95.
3362 5. 95.
3363 5. 95.
3364 5. 95.
3365 5. 95.
3366 5. 95.
3367 5. 95.
3368 5. 95.
3369 5. 95.
3370 5. 95.
3371 5. 95.
3372 5. 95.
3373 5. 95.
3374 5. 95.
3375 5. 95.
3376 5. 95.
3377 5. 95.
3378 5. 95.
3379 5. 95.
3380 5. 95.
3381 5. 95.
3382 5. 95.
3383 5. 95.
3384 5. 95.
3385 5. 95.
3386 5. 95.
3387 5. 95.
3388 5. 95.
3389 4. 96.
3390 4. 96.
3391 4. 96.
3392 3. 97.
3393 3. 97.
3394 3. 97.
3395 3. 97.
3396 3. 97.
3397 3. 97.
3398 3. 97.
3399 3. 97.
3400 4. 96.
3401 4. 96.
3402 4. 96.
3403 4. 96.
3404 4. 96.
3405 4. 96.
3406 4. 96.
3407 4. 96.
3408 4. 96.
3409 4. 96.
3410 4. 96.
3411 4. 96.
3412 4. 96.
3413 4. 96.
3414 4. 96.
3415 4. 96.
3416 4. 96.
3417 4. 96.
3418 4. 96.
3419 4. 96.
3420 4. 96.
3421 4. 96.
3422 4. 96.
3423 4. 96.
3424 4. 96.
3425 4. 96.
3426 4. 96.
3427 4. 96.
3428 4. 96.
3429 4. 96.
3430 4. 96.
3431 4. 96.
3432 4. 96.
3433 4. 96.
3434 4. 96.
3435 4. 96.
3436 4. 96.
3437 4. 96.
3438 4. 96.
3439 4. 96.
3440 4. 96.
3441 4. 96.
3442 4. 96.
3443 4. 96.
3444 4. 96.
3445 4. 96.
3446 4. 96.
3447 4. 96.
3448 4. 96.
3449 4. 96.
3450 4. 96.
3451 4. 96.
3452 4. 96.
3453 3. 97.
3454 3. 97.
3455 3. 97.
3456 3. 97.
3457 3. 97.
3458 3. 97.
3459 3. 97.
3460 3. 97.
3461 3. 97.
3462 3. 97.
3463 3. 97.
3464 3. 97.
3465 3. 97.
3466 3. 97.
3467 3. 97.
3468 3. 97.
3469 3. 97.
3470 3. 97.
3471 3. 97.
3472 3. 97.
3473 3. 97.
3474 3. 97.
3475 3. 97.
3476 4. 96.
3477 3. 97.
3478 3. 97.
3479 3. 97.
3480 3. 97.
3481 3. 97.
3482 3. 97.
3483 3. 97.
3484 3. 97.
3485 3. 97.
3486 3. 97.
3487 3. 97.
3488 3. 97.
3489 3. 97.
3490 3. 97.
3491 3. 97.
3492 3. 97.
3493 3. 97.
3494 3. 97.
3495 3. 97.
3496 3. 97.
3497 3. 97.
3498 3. 97.
3499 3. 97.
3500 3. 97.
3501 3. 97.
3502 3. 97.
3503 3. 97.
3504 3. 97.
3505 3. 97.
3506 3. 97.
3507 3. 97.
3508 3. 97.
3509 3. 97.
3510 2. 98.
3511 2. 98.
3512 2. 98.
3513 2. 98.
3514 2. 98.
3515 2. 98.
3516 2. 98.
3517 2. 98.
3518 2. 98.
3519 2. 98.
3520 2. 98.
3521 2. 98.
3522 2. 98.
3523 2. 98.
3524 2. 98.
3525 2. 98.
3526 2. 98.
3527 2. 98.
3528 2. 98.
3529 2. 98.
3530 2. 98.
3531 2. 98.
3532 2. 98.
3533 2. 98.
3534 2. 98.
3535 2. 98.
3536 2. 98.
3537 2. 98.
3538 2. 98.
3539 1. 99.
3540 1. 99.
3541 1. 99.
3542 1. 99.
3543 1. 99.
3544 1. 99.
3545 1. 99.
3546 1. 99.
3547 1. 99.
3548 1. 99.
3549 1. 99.
3550 1. 99.
3551 1. 99.
3552 1. 99.
3553 1. 99.
3554 1. 99.
3555 1. 99.
3556 1. 99.
3557 1. 99.
3558 1. 99.
3559 1. 99.
3560 1. 99.
3561 1. 99.
3562 1. 99.
3563 1. 99.
3564 1. 99.
3565 1. 99.
3566 1. 99.
3567 1. 99.
3568 1. 99.
3569 1. 99.
3570 1. 99.
3571 1. 99.
3572 1. 99.
3573 1. 99.
3574 1. 99.
3575 1. 99.
3576 1. 99.
3577 1. 99.
3578 1. 99.
3579 1. 99.
3580 1. 99.
3581 1. 99.
3582 1. 99.
3583 1. 99.
3584 1. 99.
3585 1. 99.
3586 1. 99.
3587 1. 99.
3588 1. 99.
3589 1. 99.
3590 1. 99.
3591 1. 99.
3592 1. 99.
3593 1. 99.
3594 1. 99.
3595 1. 99.
3596 1. 99.
3597 1. 99.
3598 1. 99.
3599 1. 99.
3600 1. 99.
3601 1. 99.
3602 1. 99.
3603 1. 99.
3604 1. 99.
