0 18. 82.
1 18. 82.
2 18. 82.
3 17. 83.
4 17. 83.
5 17. 83.
6 17. 83.
7 17. 83.
8 17. 83.
9 17. 83.
10 17. 83.
11 16. 84.
12 16. 84.
13 16. 84.
14 16. 84.
15 16. 84.
16 16. 84.
17 16. 84.
18 16. 84.
19 16. 84.
20 16. 84.
21 17. 83.
22 17. 83.
23 17. 83.
24 17. 83.
25 17. 83.
26 17. 83.
27 17. 83.
28 17. 83.
29 17. 83.
30 18. 82.
31 17. 83.
32 16. 84.
33 16. 84.
34 16. 84.
35 16. 84.
36 16. 84.
37 16. 84.
38 16. 84.
39 16. 84.
40 16. 84.
41 16. 84.
42 16. 84.
43 16. 84.
44 16. 84.
45 17. 83.
46 18. 82.
47 18. 82.
48 18. 82.
49 18. 82.
50 18. 82.
51 18. 82.
52 18. 82.
53 18. 82.
54 18. 82.
55 18. 82.
56 18. 82.
57 18. 82.
58 18. 82.
59 18. 82.
60 18. 82.
61 18. 82.
62 18. 82.
63 19. 81.
64 19. 81.
65 20. 80.
66 20. 80.
67 20. 80.
68 19. 81.
69 19. 81.
70 19. 81.
71 19. 81.
72 19. 81.
73 20. 80.
74 20. 80.
75 20. 80.
76 20. 80.
77 19. 81.
78 19. 81.
79 19. 81.
80 19. 81.
81 19. 81.
82 19. 81.
83 20. 80.
84 20. 80.
85 20. 80.
86 20. 80.
87 20. 80.
88 20. 80.
89 21. 79.
90 21. 79.
91 22. 78.
92 22. 78.
93 22. 78.
94 22. 78.
95 22. 78.
96 22. 78.
97 22. 78.
98 22. 78.
99 21. 79.
100 21. 79.
101 21. 79.
102 21. 79.
103 21. 79.
104 21. 79.
105 21. 79.
106 21. 79.
107 21. 79.
108 21. 79.
109 21. 79.
110 21. 79.
111 21. 79.
112 21. 79.
113 21. 79.
114 21. 79.
115 21. 79.
116 21. 79.
117 21. 79.
118 21. 79.
119 20. 80.
120 20. 80.
121 20. 80.
122 20. 80.
123 20. 80.
124 20. 80.
125 20. 80.
126 20. 80.
127 20. 80.
128 21. 79.
129 21. 79.
130 21. 79.
131 21. 79.
132 21. 79.
133 21. 79.
134 21. 79.
135 21. 79.
136 21. 79.
137 20. 80.
138 21. 79.
139 21. 79.
140 21. 79.
141 21. 79.
142 21. 79.
143 21. 79.
144 21. 79.
145 21. 79.
146 21. 79.
147 20. 80.
148 19. 81.
149 20. 80.
150 20. 80.
151 20. 80.
152 20. 80.
153 20. 80.
154 20. 80.
155 20. 80.
156 20. 80.
157 20. 80.
158 20. 80.
159 21. 79.
160 21. 79.
161 21. 79.
162 21. 79.
163 21. 79.
164 21. 79.
165 21. 79.
166 20. 80.
167 20. 80.
168 21. 79.
169 21. 79.
170 21. 79.
171 20. 80.
172 20. 80.
173 20. 80.
174 20. 80.
175 21. 79.
176 21. 79.
177 21. 79.
178 22. 78.
179 22. 78.
180 22. 78.
181 22. 78.
182 23. 77.
183 23. 77.
184 24. 76.
185 23. 77.
186 24. 76.
187 24. 76.
188 25. 75.
189 25. 75.
190 24. 76.
191 24. 76.
192 23. 77.
193 23. 77.
194 23. 77.
195 23. 77.
196 23. 77.
197 23. 77.
198 22. 78.
199 23. 77.
200 23. 77.
201 23. 77.
202 24. 76.
203 24. 76.
204 24. 76.
205 24. 76.
206 24. 76.
207 24. 76.
208 24. 76.
209 24. 76.
210 24. 76.
211 24. 76.
212 24. 76.
213 24. 76.
214 24. 76.
215 24. 76.
216 24. 76.
217 24. 76.
218 24. 76.
219 24. 76.
220 25. 75.
221 25. 75.
222 25. 75.
223 26. 74.
224 26. 74.
225 26. 74.
226 26. 74.
227 26. 74.
228 27. 73.
229 27. 73.
230 27. 73.
231 27. 73.
232 27. 73.
233 27. 73.
234 28. 72.
235 28. 72.
236 28. 72.
237 28. 72.
238 28. 72.
239 29. 71.
240 29. 71.
241 29. 71.
242 29. 71.
243 29. 71.
244 29. 71.
245 30. 70.
246 30. 70.
247 30. 70.
248 30. 70.
249 30. 70.
250 30. 70.
251 31. 69.
252 30. 70.
253 30. 70.
254 30. 70.
255 30. 70.
256 29. 71.
257 28. 72.
258 27. 73.
259 27. 73.
260 27. 73.
261 27. 73.
262 27. 73.
263 27. 73.
264 27. 73.
265 27. 73.
266 27. 73.
267 27. 73.
268 27. 73.
269 27. 73.
270 27. 73.
271 27. 73.
272 28. 72.
273 27. 73.
274 27. 73.
275 27. 73.
276 27. 73.
277 27. 73.
278 27. 73.
279 28. 72.
280 28. 72.
281 28. 72.
282 29. 71.
283 29. 71.
284 29. 71.
285 29. 71.
286 29. 71.
287 29. 71.
288 29. 71.
289 29. 71.
290 29. 71.
291 29. 71.
292 29. 71.
293 29. 71.
294 28. 72.
295 29. 71.
296 29. 71.
297 29. 71.
298 29. 71.
299 29. 71.
300 28. 72.
301 28. 72.
302 28. 72.
303 28. 72.
304 28. 72.
305 28. 72.
306 28. 72.
307 28. 72.
308 28. 72.
309 28. 72.
310 28. 72.
311 28. 72.
312 28. 72.
313 28. 72.
314 29. 71.
315 29. 71.
316 29. 71.
317 29. 71.
318 29. 71.
319 28. 72.
320 27. 73.
321 27. 73.
322 27. 73.
323 28. 72.
324 28. 72.
325 28. 72.
326 28. 72.
327 27. 73.
328 27. 73.
329 27. 73.
330 27. 73.
331 28. 72.
332 28. 72.
333 28. 72.
334 28. 72.
335 28. 72.
336 29. 71.
337 29. 71.
338 29. 71.
339 28. 72.
340 28. 72.
341 29. 71.
342 30. 70.
343 30. 70.
344 30. 70.
345 30. 70.
346 30. 70.
347 30. 70.
348 30. 70.
349 30. 70.
350 30. 70.
351 30. 70.
352 30. 70.
353 30. 70.
354 30. 70.
355 30. 70.
356 30. 70.
357 29. 71.
358 29. 71.
359 29. 71.
360 29. 71.
361 29. 71.
362 29. 71.
363 28. 72.
364 28. 72.
365 28. 72.
366 28. 72.
367 28. 72.
368 28. 72.
369 29. 71.
370 29. 71.
371 29. 71.
372 29. 71.
373 29. 71.
374 29. 71.
375 29. 71.
376 29. 71.
377 29. 71.
378 29. 71.
379 29. 71.
380 29. 71.
381 29. 71.
382 30. 70.
383 30. 70.
384 29. 71.
385 30. 70.
386 30. 70.
387 30. 70.
388 30. 70.
389 29. 71.
390 28. 72.
391 27. 73.
392 27. 73.
393 27. 73.
394 27. 73.
395 27. 73.
396 27. 73.
397 27. 73.
398 27. 73.
399 27. 73.
400 27. 73.
401 27. 73.
402 27. 73.
403 27. 73.
404 27. 73.
405 27. 73.
406 28. 72.
407 28. 72.
408 28. 72.
409 28. 72.
410 27. 73.
411 27. 73.
412 27. 73.
413 27. 73.
414 27. 73.
415 27. 73.
416 27. 73.
417 27. 73.
418 27. 73.
419 26. 74.
420 25. 75.
421 25. 75.
422 25. 75.
423 25. 75.
424 26. 74.
425 26. 74.
426 26. 74.
427 26. 74.
428 26. 74.
429 26. 74.
430 25. 75.
431 25. 75.
432 26. 74.
433 26. 74.
434 26. 74.
435 26. 74.
436 26. 74.
437 26. 74.
438 26. 74.
439 26. 74.
440 26. 74.
441 26. 74.
442 26. 74.
443 26. 74.
444 26. 74.
445 26. 74.
446 26. 74.
447 26. 74.
448 26. 74.
449 26. 74.
450 27. 73.
451 27. 73.
452 27. 73.
453 28. 72.
454 28. 72.
455 29. 71.
456 29. 71.
457 29. 71.
458 29. 71.
459 29. 71.
460 29. 71.
461 29. 71.
462 30. 70.
463 31. 69.
464 31. 69.
465 31. 69.
466 32. 68.
467 32. 68.
468 32. 68.
469 33. 67.
470 33. 67.
471 33. 67.
472 33. 67.
473 32. 68.
474 32. 68.
475 32. 68.
476 33. 67.
477 32. 68.
478 32. 68.
479 32. 68.
480 32. 68.
481 32. 68.
482 32. 68.
483 32. 68.
484 32. 68.
485 33. 67.
486 33. 67.
487 34. 66.
488 34. 66.
489 34. 66.
490 35. 65.
491 35. 65.
492 35. 65.
493 34. 66.
494 34. 66.
495 34. 66.
496 34. 66.
497 34. 66.
498 34. 66.
499 34. 66.
500 34. 66.
501 34. 66.
502 34. 66.
503 34. 66.
504 34. 66.
505 34. 66.
506 34. 66.
507 34. 66.
508 34. 66.
509 34. 66.
510 34. 66.
511 34. 66.
512 34. 66.
513 35. 65.
514 35. 65.
515 35. 65.
516 35. 65.
517 35. 65.
518 35. 65.
519 35. 65.
520 36. 64.
521 36. 64.
522 37. 63.
523 37. 63.
524 37. 63.
525 37. 63.
526 37. 63.
527 37. 63.
528 37. 63.
529 36. 64.
530 36. 64.
531 36. 64.
532 36. 64.
533 36. 64.
534 37. 63.
535 37. 63.
536 37. 63.
537 37. 63.
538 37. 63.
539 37. 63.
540 37. 63.
541 37. 63.
542 37. 63.
543 38. 62.
544 38. 62.
545 38. 62.
546 38. 62.
547 38. 62.
548 38. 62.
549 38. 62.
550 38. 62.
551 38. 62.
552 38. 62.
553 37. 63.
554 37. 63.
555 37. 63.
556 37. 63.
557 37. 63.
558 37. 63.
559 37. 63.
560 37. 63.
561 37. 63.
562 37. 63.
563 37. 63.
564 37. 63.
565 37. 63.
566 37. 63.
567 37. 63.
568 37. 63.
569 37. 63.
570 37. 63.
571 37. 63.
572 37. 63.
573 37. 63.
574 37. 63.
575 37. 63.
576 38. 62.
577 38. 62.
578 38. 62.
579 38. 62.
580 38. 62.
581 39. 61.
582 39. 61.
583 39. 61.
584 39. 61.
585 39. 61.
586 39. 61.
587 39. 61.
588 39. 61.
589 38. 62.
590 37. 63.
591 36. 64.
592 36. 64.
593 36. 64.
594 36. 64.
595 36. 64.
596 36. 64.
597 36. 64.
598 36. 64.
599 36. 64.
600 36. 64.
601 36. 64.
602 36. 64.
603 36. 64.
604 36. 64.
605 36. 64.
606 36. 64.
607 36. 64.
608 36. 64.
609 36. 64.
610 36. 64.
611 36. 64.
612 36. 64.
613 37. 63.
614 37. 63.
615 36. 64.
616 36. 64.
617 36. 64.
618 36. 64.
619 36. 64.
620 36. 64.
621 35. 65.
622 35. 65.
623 36. 64.
624 36. 64.
625 36. 64.
626 36. 64.
627 36. 64.
628 35. 65.
629 35. 65.
630 35. 65.
631 34. 66.
632 34. 66.
633 34. 66.
634 34. 66.
635 34. 66.
636 33. 67.
637 33. 67.
638 33. 67.
639 33. 67.
640 33. 67.
641 33. 67.
642 33. 67.
643 33. 67.
644 34. 66.
645 34. 66.
646 35. 65.
647 35. 65.
648 35. 65.
649 36. 64.
650 35. 65.
651 35. 65.
652 35. 65.
653 35. 65.
654 35. 65.
655 35. 65.
656 35. 65.
657 35. 65.
658 34. 66.
659 35. 65.
660 35. 65.
661 34. 66.
662 35. 65.
663 35. 65.
664 35. 65.
665 35. 65.
666 35. 65.
667 35. 65.
668 35. 65.
669 35. 65.
670 35. 65.
671 35. 65.
672 35. 65.
673 34. 66.
674 34. 66.
675 34. 66.
676 34. 66.
677 34. 66.
678 34. 66.
679 34. 66.
680 34. 66.
681 34. 66.
682 34. 66.
683 34. 66.
684 34. 66.
685 34. 66.
686 34. 66.
687 34. 66.
688 34. 66.
689 35. 65.
690 34. 66.
691 33. 67.
692 33. 67.
693 33. 67.
694 33. 67.
695 33. 67.
696 33. 67.
697 34. 66.
698 34. 66.
699 34. 66.
700 34. 66.
701 34. 66.
702 33. 67.
703 33. 67.
704 33. 67.
705 33. 67.
706 33. 67.
707 33. 67.
708 34. 66.
709 34. 66.
710 34. 66.
711 34. 66.
712 33. 67.
713 32. 68.
714 32. 68.
715 32. 68.
716 33. 67.
717 33. 67.
718 34. 66.
719 34. 66.
720 35. 65.
721 35. 65.
722 35. 65.
723 35. 65.
724 35. 65.
725 35. 65.
726 35. 65.
727 35. 65.
728 36. 64.
729 36. 64.
730 36. 64.
731 37. 63.
732 37. 63.
733 37. 63.
734 36. 64.
735 36. 64.
736 35. 65.
737 34. 66.
738 34. 66.
739 34. 66.
740 34. 66.
741 34. 66.
742 34. 66.
743 34. 66.
744 34. 66.
745 35. 65.
746 35. 65.
747 35. 65.
748 35. 65.
749 35. 65.
750 35. 65.
751 35. 65.
752 35. 65.
753 35. 65.
754 35. 65.
755 34. 66.
756 34. 66.
757 34. 66.
758 34. 66.
759 34. 66.
760 34. 66.
761 34. 66.
762 34. 66.
763 34. 66.
764 34. 66.
765 34. 66.
766 34. 66.
767 35. 65.
768 35. 65.
769 36. 64.
770 36. 64.
771 36. 64.
772 36. 64.
773 36. 64.
774 35. 65.
775 35. 65.
776 35. 65.
777 35. 65.
778 35. 65.
779 35. 65.
780 34. 66.
781 34. 66.
782 34. 66.
783 35. 65.
784 35. 65.
785 35. 65.
786 35. 65.
787 34. 66.
788 34. 66.
789 33. 67.
790 32. 68.
791 32. 68.
792 31. 69.
793 31. 69.
794 30. 70.
795 30. 70.
796 30. 70.
797 30. 70.
798 31. 69.
799 31. 69.
800 31. 69.
801 31. 69.
802 31. 69.
803 32. 68.
804 31. 69.
805 30. 70.
806 29. 71.
807 29. 71.
808 29. 71.
809 29. 71.
810 29. 71.
811 29. 71.
812 29. 71.
813 29. 71.
814 29. 71.
815 29. 71.
816 29. 71.
817 28. 72.
818 28. 72.
819 28. 72.
820 28. 72.
821 28. 72.
822 28. 72.
823 28. 72.
824 28. 72.
825 28. 72.
826 28. 72.
827 29. 71.
828 29. 71.
829 29. 71.
830 29. 71.
831 30. 70.
832 30. 70.
833 30. 70.
834 31. 69.
835 31. 69.
836 31. 69.
837 31. 69.
838 31. 69.
839 31. 69.
840 30. 70.
841 31. 69.
842 31. 69.
843 31. 69.
844 31. 69.
845 31. 69.
846 31. 69.
847 31. 69.
848 31. 69.
849 31. 69.
850 30. 70.
851 31. 69.
852 31. 69.
853 32. 68.
854 32. 68.
855 33. 67.
856 33. 67.
857 33. 67.
858 33. 67.
859 33. 67.
860 33. 67.
861 33. 67.
862 33. 67.
863 33. 67.
864 33. 67.
865 33. 67.
866 33. 67.
867 34. 66.
868 35. 65.
869 35. 65.
870 35. 65.
871 35. 65.
872 35. 65.
873 35. 65.
874 35. 65.
875 35. 65.
876 35. 65.
877 34. 66.
878 34. 66.
879 35. 65.
880 35. 65.
881 35. 65.
882 34. 66.
883 33. 67.
884 32. 68.
885 33. 67.
886 33. 67.
887 33. 67.
888 33. 67.
889 32. 68.
890 32. 68.
891 32. 68.
892 32. 68.
893 32. 68.
894 32. 68.
895 31. 69.
896 31. 69.
897 30. 70.
898 29. 71.
899 29. 71.
900 29. 71.
901 29. 71.
902 29. 71.
903 29. 71.
904 29. 71.
905 29. 71.
906 29. 71.
907 29. 71.
908 29. 71.
909 29. 71.
910 29. 71.
911 29. 71.
912 29. 71.
913 29. 71.
914 30. 70.
915 30. 70.
916 30. 70.
917 30. 70.
918 30. 70.
919 30. 70.
920 30. 70.
921 31. 69.
922 30. 70.
923 30. 70.
924 30. 70.
925 30. 70.
926 30. 70.
927 30. 70.
928 31. 69.
929 30. 70.
930 30. 70.
931 30. 70.
932 29. 71.
933 29. 71.
934 29. 71.
935 30. 70.
936 30. 70.
937 29. 71.
938 29. 71.
939 30. 70.
940 30. 70.
941 30. 70.
942 29. 71.
943 29. 71.
944 29. 71.
945 28. 72.
946 28. 72.
947 28. 72.
948 28. 72.
949 28. 72.
950 28. 72.
951 28. 72.
952 28. 72.
953 27. 73.
954 27. 73.
955 27. 73.
956 26. 74.
957 26. 74.
958 26. 74.
959 26. 74.
960 26. 74.
961 26. 74.
962 27. 73.
963 27. 73.
964 26. 74.
965 26. 74.
966 25. 75.
967 25. 75.
968 25. 75.
969 25. 75.
970 25. 75.
971 25. 75.
972 24. 76.
973 24. 76.
974 25. 75.
975 25. 75.
976 25. 75.
977 25. 75.
978 24. 76.
979 24. 76.
980 24. 76.
981 24. 76.
982 24. 76.
983 25. 75.
984 24. 76.
985 24. 76.
986 24. 76.
987 24. 76.
988 25. 75.
989 25. 75.
990 25. 75.
991 25. 75.
992 25. 75.
993 25. 75.
994 25. 75.
995 25. 75.
996 24. 76.
997 24. 76.
998 24. 76.
999 24. 76.
1000 23. 77.
1001 23. 77.
1002 23. 77.
1003 23. 77.
1004 23. 77.
1005 23. 77.
1006 23. 77.
1007 23. 77.
1008 23. 77.
1009 22. 78.
1010 23. 77.
1011 24. 76.
1012 24. 76.
1013 24. 76.
1014 24. 76.
1015 25. 75.
1016 25. 75.
1017 26. 74.
1018 26. 74.
1019 26. 74.
1020 26. 74.
1021 26. 74.
1022 26. 74.
1023 25. 75.
1024 25. 75.
1025 26. 74.
1026 26. 74.
1027 25. 75.
1028 26. 74.
1029 26. 74.
1030 26. 74.
1031 27. 73.
1032 27. 73.
1033 27. 73.
1034 27. 73.
1035 27. 73.
1036 27. 73.
1037 27. 73.
1038 27. 73.
1039 26. 74.
1040 26. 74.
1041 26. 74.
1042 26. 74.
1043 26. 74.
1044 26. 74.
1045 26. 74.
1046 26. 74.
1047 26. 74.
1048 26. 74.
1049 26. 74.
1050 25. 75.
1051 25. 75.
1052 26. 74.
1053 26. 74.
1054 26. 74.
1055 26. 74.
1056 26. 74.
1057 26. 74.
1058 26. 74.
1059 25. 75.
1060 25. 75.
1061 25. 75.
1062 25. 75.
1063 25. 75.
1064 25. 75.
1065 25. 75.
1066 25. 75.
1067 25. 75.
1068 25. 75.
1069 25. 75.
1070 26. 74.
1071 26. 74.
1072 25. 75.
1073 25. 75.
1074 25. 75.
1075 25. 75.
1076 25. 75.
1077 25. 75.
1078 25. 75.
1079 25. 75.
1080 25. 75.
1081 25. 75.
1082 25. 75.
1083 25. 75.
1084 24. 76.
1085 24. 76.
1086 24. 76.
1087 24. 76.
1088 24. 76.
1089 25. 75.
1090 24. 76.
1091 24. 76.
1092 25. 75.
1093 25. 75.
1094 24. 76.
1095 24. 76.
1096 24. 76.
1097 24. 76.
1098 24. 76.
1099 23. 77.
1100 23. 77.
1101 23. 77.
1102 23. 77.
1103 23. 77.
1104 23. 77.
1105 23. 77.
1106 23. 77.
1107 23. 77.
1108 24. 76.
1109 24. 76.
1110 24. 76.
1111 24. 76.
1112 24. 76.
1113 24. 76.
1114 24. 76.
1115 24. 76.
1116 24. 76.
1117 24. 76.
1118 24. 76.
1119 24. 76.
1120 24. 76.
1121 24. 76.
1122 24. 76.
1123 24. 76.
1124 24. 76.
1125 24. 76.
1126 24. 76.
1127 24. 76.
1128 24. 76.
1129 24. 76.
1130 24. 76.
1131 24. 76.
1132 24. 76.
1133 23. 77.
1134 24. 76.
1135 24. 76.
1136 24. 76.
1137 24. 76.
1138 24. 76.
1139 24. 76.
1140 24. 76.
1141 24. 76.
1142 23. 77.
1143 23. 77.
1144 22. 78.
1145 22. 78.
1146 22. 78.
1147 22. 78.
1148 22. 78.
1149 22. 78.
1150 22. 78.
1151 22. 78.
1152 22. 78.
1153 22. 78.
1154 22. 78.
1155 22. 78.
1156 22. 78.
1157 23. 77.
1158 23. 77.
1159 23. 77.
1160 23. 77.
1161 22. 78.
1162 22. 78.
1163 22. 78.
1164 23. 77.
1165 23. 77.
1166 23. 77.
1167 23. 77.
1168 23. 77.
1169 23. 77.
1170 23. 77.
1171 23. 77.
1172 24. 76.
1173 24. 76.
1174 24. 76.
1175 23. 77.
1176 23. 77.
1177 23. 77.
1178 23. 77.
1179 23. 77.
1180 22. 78.
1181 22. 78.
1182 23. 77.
1183 24. 76.
1184 24. 76.
1185 24. 76.
1186 24. 76.
1187 23. 77.
1188 23. 77.
1189 23. 77.
1190 23. 77.
1191 23. 77.
1192 22. 78.
1193 21. 79.
1194 21. 79.
1195 21. 79.
1196 21. 79.
1197 21. 79.
1198 21. 79.
1199 21. 79.
1200 22. 78.
1201 22. 78.
1202 23. 77.
1203 23. 77.
1204 24. 76.
1205 24. 76.
1206 24. 76.
1207 24. 76.
1208 24. 76.
1209 24. 76.
1210 24. 76.
1211 24. 76.
1212 24. 76.
1213 24. 76.
1214 24. 76.
1215 24. 76.
1216 24. 76.
1217 24. 76.
1218 24. 76.
1219 24. 76.
1220 24. 76.
1221 24. 76.
1222 24. 76.
1223 24. 76.
1224 24. 76.
1225 24. 76.
1226 24. 76.
1227 24. 76.
1228 24. 76.
1229 24. 76.
1230 23. 77.
1231 23. 77.
1232 23. 77.
1233 24. 76.
1234 24. 76.
1235 25. 75.
1236 25. 75.
1237 25. 75.
1238 25. 75.
1239 25. 75.
1240 25. 75.
1241 25. 75.
1242 24. 76.
1243 24. 76.
1244 24. 76.
1245 24. 76.
1246 24. 76.
1247 24. 76.
1248 23. 77.
1249 22. 78.
1250 22. 78.
1251 22. 78.
1252 22. 78.
1253 22. 78.
1254 22. 78.
1255 22. 78.
1256 22. 78.
1257 22. 78.
1258 22. 78.
1259 21. 79.
1260 21. 79.
1261 21. 79.
1262 22. 78.
1263 22. 78.
1264 22. 78.
1265 22. 78.
1266 22. 78.
1267 22. 78.
1268 22. 78.
1269 22. 78.
1270 22. 78.
1271 22. 78.
1272 22. 78.
1273 22. 78.
1274 22. 78.
1275 22. 78.
1276 22. 78.
1277 23. 77.
1278 23. 77.
1279 23. 77.
1280 23. 77.
1281 23. 77.
1282 23. 77.
1283 23. 77.
1284 23. 77.
1285 23. 77.
1286 23. 77.
1287 24. 76.
1288 24. 76.
1289 23. 77.
1290 23. 77.
1291 23. 77.
1292 22. 78.
1293 22. 78.
1294 22. 78.
1295 22. 78.
1296 23. 77.
1297 24. 76.
1298 24. 76.
1299 24. 76.
1300 24. 76.
1301 23. 77.
1302 23. 77.
1303 23. 77.
1304 23. 77.
1305 23. 77.
1306 23. 77.
1307 23. 77.
1308 23. 77.
1309 23. 77.
1310 22. 78.
1311 22. 78.
1312 22. 78.
1313 23. 77.
1314 23. 77.
1315 23. 77.
1316 23. 77.
1317 23. 77.
1318 24. 76.
1319 24. 76.
1320 24. 76.
1321 23. 77.
1322 24. 76.
1323 24. 76.
1324 24. 76.
1325 24. 76.
1326 24. 76.
1327 24. 76.
1328 24. 76.
1329 24. 76.
1330 24. 76.
1331 23. 77.
1332 24. 76.
1333 24. 76.
1334 24. 76.
1335 24. 76.
1336 24. 76.
1337 24. 76.
1338 24. 76.
1339 24. 76.
1340 24. 76.
1341 24. 76.
1342 24. 76.
1343 24. 76.
1344 24. 76.
1345 24. 76.
1346 24. 76.
1347 24. 76.
1348 24. 76.
1349 24. 76.
1350 24. 76.
1351 24. 76.
1352 23. 77.
1353 23. 77.
1354 24. 76.
1355 24. 76.
1356 23. 77.
1357 24. 76.
1358 24. 76.
1359 24. 76.
1360 24. 76.
1361 24. 76.
1362 24. 76.
1363 24. 76.
1364 24. 76.
1365 24. 76.
1366 24. 76.
1367 25. 75.
1368 25. 75.
1369 25. 75.
1370 25. 75.
1371 25. 75.
1372 25. 75.
1373 24. 76.
1374 24. 76.
1375 24. 76.
1376 24. 76.
1377 24. 76.
1378 24. 76.
1379 23. 77.
1380 23. 77.
1381 23. 77.
1382 24. 76.
1383 24. 76.
1384 25. 75.
1385 25. 75.
1386 24. 76.
1387 24. 76.
1388 24. 76.
1389 24. 76.
1390 24. 76.
1391 25. 75.
1392 24. 76.
1393 24. 76.
1394 25. 75.
1395 25. 75.
1396 25. 75.
1397 25. 75.
1398 25. 75.
1399 25. 75.
1400 25. 75.
1401 25. 75.
1402 25. 75.
1403 25. 75.
1404 25. 75.
1405 25. 75.
1406 25. 75.
1407 25. 75.
1408 25. 75.
1409 26. 74.
1410 25. 75.
1411 25. 75.
1412 25. 75.
1413 25. 75.
1414 25. 75.
1415 25. 75.
1416 24. 76.
1417 23. 77.
1418 23. 77.
1419 23. 77.
1420 23. 77.
1421 23. 77.
1422 22. 78.
1423 22. 78.
1424 22. 78.
1425 22. 78.
1426 22. 78.
1427 22. 78.
1428 23. 77.
1429 23. 77.
1430 23. 77.
1431 23. 77.
1432 23. 77.
1433 22. 78.
1434 22. 78.
1435 22. 78.
1436 22. 78.
1437 23. 77.
1438 23. 77.
1439 23. 77.
1440 23. 77.
1441 23. 77.
1442 23. 77.
1443 23. 77.
1444 23. 77.
1445 23. 77.
1446 23. 77.
1447 23. 77.
1448 23. 77.
1449 23. 77.
1450 22. 78.
1451 22. 78.
1452 22. 78.
1453 23. 77.
1454 23. 77.
1455 23. 77.
1456 23. 77.
1457 23. 77.
1458 23. 77.
1459 24. 76.
1460 24. 76.
1461 24. 76.
1462 24. 76.
1463 23. 77.
1464 23. 77.
1465 23. 77.
1466 23. 77.
1467 24. 76.
1468 24. 76.
1469 24. 76.
1470 24. 76.
1471 24. 76.
1472 24. 76.
1473 23. 77.
1474 23. 77.
1475 24. 76.
1476 24. 76.
1477 24. 76.
1478 23. 77.
1479 23. 77.
1480 23. 77.
1481 23. 77.
1482 23. 77.
1483 24. 76.
1484 25. 75.
1485 25. 75.
1486 24. 76.
1487 23. 77.
1488 23. 77.
1489 23. 77.
1490 22. 78.
1491 22. 78.
1492 22. 78.
1493 22. 78.
1494 21. 79.
1495 21. 79.
1496 22. 78.
1497 22. 78.
1498 22. 78.
1499 21. 79.
1500 21. 79.
1501 21. 79.
1502 21. 79.
1503 22. 78.
1504 22. 78.
1505 22. 78.
1506 22. 78.
1507 22. 78.
1508 22. 78.
1509 22. 78.
1510 22. 78.
1511 22. 78.
1512 22. 78.
1513 22. 78.
1514 22. 78.
1515 22. 78.
1516 22. 78.
1517 22. 78.
1518 21. 79.
1519 21. 79.
1520 21. 79.
1521 21. 79.
1522 21. 79.
1523 21. 79.
1524 21. 79.
1525 21. 79.
1526 21. 79.
1527 21. 79.
1528 21. 79.
1529 21. 79.
1530 21. 79.
1531 21. 79.
1532 21. 79.
1533 21. 79.
1534 21. 79.
1535 21. 79.
1536 21. 79.
1537 21. 79.
1538 21. 79.
1539 22. 78.
1540 22. 78.
1541 22. 78.
1542 22. 78.
1543 22. 78.
1544 22. 78.
1545 22. 78.
1546 22. 78.
1547 22. 78.
1548 22. 78.
1549 22. 78.
1550 22. 78.
1551 22. 78.
1552 21. 79.
1553 21. 79.
1554 21. 79.
1555 21. 79.
1556 21. 79.
1557 21. 79.
1558 21. 79.
1559 21. 79.
1560 21. 79.
1561 21. 79.
1562 21. 79.
1563 21. 79.
1564 21. 79.
1565 22. 78.
1566 22. 78.
1567 22. 78.
1568 22. 78.
1569 22. 78.
1570 22. 78.
1571 22. 78.
1572 23. 77.
1573 23. 77.
1574 23. 77.
1575 23. 77.
1576 23. 77.
1577 24. 76.
1578 24. 76.
1579 24. 76.
1580 24. 76.
1581 25. 75.
1582 25. 75.
1583 24. 76.
1584 24. 76.
1585 25. 75.
1586 25. 75.
1587 25. 75.
1588 25. 75.
1589 25. 75.
1590 25. 75.
1591 26. 74.
1592 26. 74.
1593 26. 74.
1594 26. 74.
1595 26. 74.
1596 26. 74.
1597 26. 74.
1598 27. 73.
1599 26. 74.
1600 26. 74.
1601 26. 74.
1602 25. 75.
1603 25. 75.
1604 25. 75.
1605 25. 75.
1606 25. 75.
1607 25. 75.
1608 25. 75.
1609 25. 75.
1610 26. 74.
1611 26. 74.
1612 26. 74.
1613 26. 74.
1614 26. 74.
1615 26. 74.
1616 26. 74.
1617 26. 74.
1618 26. 74.
1619 26. 74.
1620 27. 73.
1621 28. 72.
1622 28. 72.
1623 28. 72.
1624 28. 72.
1625 28. 72.
1626 28. 72.
1627 28. 72.
1628 28. 72.
1629 28. 72.
1630 28. 72.
1631 27. 73.
1632 28. 72.
1633 28. 72.
1634 28. 72.
1635 28. 72.
1636 28. 72.
1637 28. 72.
1638 28. 72.
1639 28. 72.
1640 28. 72.
1641 28. 72.
1642 28. 72.
1643 28. 72.
1644 28. 72.
1645 28. 72.
1646 28. 72.
1647 28. 72.
1648 28. 72.
1649 28. 72.
1650 28. 72.
1651 28. 72.
1652 28. 72.
1653 28. 72.
1654 28. 72.
1655 28. 72.
1656 29. 71.
1657 29. 71.
1658 28. 72.
1659 28. 72.
1660 28. 72.
1661 28. 72.
1662 28. 72.
1663 28. 72.
1664 28. 72.
1665 28. 72.
1666 29. 71.
1667 30. 70.
1668 31. 69.
1669 30. 70.
1670 30. 70.
1671 30. 70.
1672 30. 70.
1673 30. 70.
1674 31. 69.
1675 31. 69.
1676 30. 70.
1677 31. 69.
1678 31. 69.
1679 32. 68.
1680 33. 67.
1681 32. 68.
1682 32. 68.
1683 32. 68.
1684 32. 68.
1685 32. 68.
1686 33. 67.
1687 33. 67.
1688 33. 67.
1689 33. 67.
1690 33. 67.
1691 34. 66.
1692 34. 66.
1693 34. 66.
1694 34. 66.
1695 35. 65.
1696 35. 65.
1697 35. 65.
1698 35. 65.
1699 36. 64.
1700 36. 64.
1701 35. 65.
1702 35. 65.
1703 35. 65.
1704 35. 65.
1705 35. 65.
1706 35. 65.
1707 35. 65.
1708 35. 65.
1709 35. 65.
1710 35. 65.
1711 35. 65.
1712 34. 66.
1713 34. 66.
1714 34. 66.
1715 34. 66.
1716 35. 65.
1717 35. 65.
1718 35. 65.
1719 35. 65.
1720 35. 65.
1721 34. 66.
1722 34. 66.
1723 34. 66.
1724 34. 66.
1725 35. 65.
1726 35. 65.
1727 35. 65.
1728 35. 65.
1729 35. 65.
1730 35. 65.
1731 34. 66.
1732 33. 67.
1733 33. 67.
1734 32. 68.
1735 32. 68.
1736 32. 68.
1737 32. 68.
1738 32. 68.
1739 32. 68.
1740 31. 69.
1741 30. 70.
1742 30. 70.
1743 30. 70.
1744 30. 70.
1745 30. 70.
1746 30. 70.
1747 30. 70.
1748 30. 70.
1749 30. 70.
1750 31. 69.
1751 31. 69.
1752 30. 70.
1753 30. 70.
1754 30. 70.
1755 30. 70.
1756 30. 70.
1757 31. 69.
1758 31. 69.
1759 31. 69.
1760 31. 69.
1761 30. 70.
1762 30. 70.
1763 29. 71.
1764 30. 70.
1765 30. 70.
1766 30. 70.
1767 31. 69.
1768 31. 69.
1769 31. 69.
1770 31. 69.
1771 30. 70.
1772 30. 70.
1773 30. 70.
1774 30. 70.
1775 30. 70.
1776 29. 71.
1777 28. 72.
1778 28. 72.
1779 28. 72.
1780 28. 72.
1781 29. 71.
1782 29. 71.
1783 29. 71.
1784 29. 71.
1785 30. 70.
1786 30. 70.
1787 30. 70.
1788 30. 70.
1789 30. 70.
1790 30. 70.
1791 30. 70.
1792 30. 70.
1793 30. 70.
1794 30. 70.
1795 30. 70.
1796 30. 70.
1797 29. 71.
1798 29. 71.
1799 29. 71.
1800 29. 71.
1801 28. 72.
1802 28. 72.
1803 28. 72.
1804 28. 72.
1805 28. 72.
1806 28. 72.
1807 28. 72.
1808 28. 72.
1809 28. 72.
1810 28. 72.
1811 28. 72.
1812 29. 71.
1813 29. 71.
1814 28. 72.
1815 27. 73.
1816 27. 73.
1817 27. 73.
1818 27. 73.
1819 28. 72.
1820 29. 71.
1821 28. 72.
1822 28. 72.
1823 28. 72.
1824 28. 72.
1825 27. 73.
1826 27. 73.
1827 27. 73.
1828 28. 72.
1829 28. 72.
1830 28. 72.
1831 28. 72.
1832 28. 72.
1833 27. 73.
1834 27. 73.
1835 27. 73.
1836 27. 73.
1837 26. 74.
1838 26. 74.
1839 27. 73.
1840 27. 73.
1841 27. 73.
1842 27. 73.
1843 27. 73.
1844 26. 74.
1845 25. 75.
1846 25. 75.
1847 25. 75.
1848 24. 76.
1849 24. 76.
1850 24. 76.
1851 25. 75.
1852 25. 75.
1853 25. 75.
1854 24. 76.
1855 24. 76.
1856 24. 76.
1857 25. 75.
1858 25. 75.
1859 25. 75.
1860 25. 75.
1861 25. 75.
1862 25. 75.
1863 25. 75.
1864 26. 74.
1865 26. 74.
1866 26. 74.
1867 26. 74.
1868 26. 74.
1869 27. 73.
1870 27. 73.
1871 27. 73.
1872 27. 73.
1873 27. 73.
1874 26. 74.
1875 26. 74.
1876 26. 74.
1877 27. 73.
1878 27. 73.
1879 27. 73.
1880 28. 72.
1881 28. 72.
1882 28. 72.
1883 28. 72.
1884 28. 72.
1885 28. 72.
1886 28. 72.
1887 28. 72.
1888 27. 73.
1889 26. 74.
1890 25. 75.
1891 25. 75.
1892 26. 74.
1893 26. 74.
1894 26. 74.
1895 26. 74.
1896 26. 74.
1897 26. 74.
1898 26. 74.
1899 26. 74.
1900 26. 74.
1901 26. 74.
1902 26. 74.
1903 26. 74.
1904 27. 73.
1905 26. 74.
1906 26. 74.
1907 26. 74.
1908 27. 73.
1909 28. 72.
1910 28. 72.
1911 28. 72.
1912 29. 71.
1913 29. 71.
1914 29. 71.
1915 29. 71.
1916 29. 71.
1917 29. 71.
1918 29. 71.
1919 29. 71.
1920 29. 71.
1921 29. 71.
1922 29. 71.
1923 29. 71.
1924 29. 71.
1925 28. 72.
1926 28. 72.
1927 28. 72.
1928 28. 72.
1929 27. 73.
1930 27. 73.
1931 27. 73.
1932 27. 73.
1933 26. 74.
1934 25. 75.
1935 24. 76.
1936 24. 76.
1937 24. 76.
1938 23. 77.
1939 23. 77.
1940 23. 77.
1941 23. 77.
1942 23. 77.
1943 24. 76.
1944 24. 76.
1945 24. 76.
1946 25. 75.
1947 25. 75.
1948 26. 74.
1949 26. 74.
1950 26. 74.
1951 26. 74.
1952 26. 74.
1953 26. 74.
1954 26. 74.
1955 26. 74.
1956 26. 74.
1957 26. 74.
1958 26. 74.
1959 26. 74.
1960 26. 74.
1961 26. 74.
1962 26. 74.
1963 26. 74.
1964 26. 74.
1965 26. 74.
1966 25. 75.
1967 26. 74.
1968 27. 73.
1969 27. 73.
1970 27. 73.
1971 27. 73.
1972 27. 73.
1973 27. 73.
1974 27. 73.
1975 28. 72.
1976 28. 72.
1977 28. 72.
1978 28. 72.
1979 28. 72.
1980 28. 72.
1981 28. 72.
1982 28. 72.
1983 28. 72.
1984 28. 72.
1985 29. 71.
1986 30. 70.
1987 30. 70.
1988 30. 70.
1989 30. 70.
1990 30. 70.
1991 30. 70.
1992 30. 70.
1993 30. 70.
1994 30. 70.
1995 30. 70.
1996 30. 70.
1997 30. 70.
1998 30. 70.
1999 30. 70.
2000 30. 70.
2001 30. 70.
2002 31. 69.
2003 31. 69.
2004 31. 69.
2005 31. 69.
2006 30. 70.
2007 30. 70.
2008 30. 70.
2009 30. 70.
2010 30. 70.
2011 29. 71.
2012 28. 72.
2013 28. 72.
2014 28. 72.
2015 28. 72.
2016 27. 73.
2017 27. 73.
2018 27. 73.
2019 27. 73.
2020 27. 73.
2021 26. 74.
2022 26. 74.
2023 27. 73.
2024 27. 73.
2025 27. 73.
2026 28. 72.
2027 28. 72.
2028 28. 72.
2029 28. 72.
2030 28. 72.
2031 28. 72.
2032 28. 72.
2033 28. 72.
2034 28. 72.
2035 28. 72.
2036 28. 72.
2037 28. 72.
2038 28. 72.
2039 28. 72.
2040 28. 72.
2041 28. 72.
2042 28. 72.
2043 28. 72.
2044 28. 72.
2045 28. 72.
2046 28. 72.
2047 28. 72.
2048 27. 73.
2049 27. 73.
2050 26. 74.
2051 27. 73.
2052 27. 73.
2053 27. 73.
2054 27. 73.
2055 27. 73.
2056 27. 73.
2057 27. 73.
2058 27. 73.
2059 27. 73.
2060 27. 73.
2061 27. 73.
2062 27. 73.
2063 26. 74.
2064 27. 73.
2065 27. 73.
2066 27. 73.
2067 27. 73.
2068 27. 73.
2069 28. 72.
2070 29. 71.
2071 29. 71.
2072 29. 71.
2073 29. 71.
2074 29. 71.
2075 29. 71.
2076 29. 71.
2077 28. 72.
2078 27. 73.
2079 27. 73.
2080 27. 73.
2081 27. 73.
2082 27. 73.
2083 26. 74.
2084 26. 74.
2085 27. 73.
2086 26. 74.
2087 25. 75.
2088 25. 75.
2089 25. 75.
2090 25. 75.
2091 25. 75.
2092 25. 75.
2093 25. 75.
2094 25. 75.
2095 25. 75.
2096 24. 76.
2097 24. 76.
2098 24. 76.
2099 24. 76.
2100 23. 77.
2101 23. 77.
2102 23. 77.
2103 23. 77.
2104 22. 78.
2105 22. 78.
2106 22. 78.
2107 21. 79.
2108 21. 79.
2109 21. 79.
2110 21. 79.
2111 21. 79.
2112 22. 78.
2113 22. 78.
2114 22. 78.
2115 22. 78.
2116 22. 78.
2117 22. 78.
2118 21. 79.
2119 21. 79.
2120 21. 79.
2121 21. 79.
2122 21. 79.
2123 21. 79.
2124 21. 79.
2125 21. 79.
2126 21. 79.
2127 20. 80.
2128 20. 80.
2129 20. 80.
2130 20. 80.
2131 20. 80.
2132 20. 80.
2133 19. 81.
2134 19. 81.
2135 20. 80.
2136 20. 80.
2137 20. 80.
2138 20. 80.
2139 20. 80.
2140 20. 80.
2141 20. 80.
2142 20. 80.
2143 20. 80.
2144 20. 80.
2145 20. 80.
2146 20. 80.
2147 20. 80.
2148 20. 80.
2149 20. 80.
2150 20. 80.
2151 20. 80.
2152 19. 81.
2153 19. 81.
2154 19. 81.
2155 19. 81.
2156 19. 81.
2157 19. 81.
2158 19. 81.
2159 19. 81.
2160 18. 82.
2161 19. 81.
2162 19. 81.
2163 19. 81.
2164 19. 81.
2165 19. 81.
2166 19. 81.
2167 19. 81.
2168 18. 82.
2169 18. 82.
2170 18. 82.
2171 18. 82.
2172 18. 82.
2173 18. 82.
2174 18. 82.
2175 18. 82.
2176 19. 81.
2177 19. 81.
2178 19. 81.
2179 18. 82.
2180 18. 82.
2181 18. 82.
2182 18. 82.
2183 18. 82.
2184 18. 82.
2185 18. 82.
2186 18. 82.
2187 19. 81.
2188 19. 81.
2189 19. 81.
2190 19. 81.
2191 20. 80.
2192 20. 80.
2193 20. 80.
2194 21. 79.
2195 21. 79.
2196 21. 79.
2197 21. 79.
2198 21. 79.
2199 21. 79.
2200 20. 80.
2201 20. 80.
2202 20. 80.
2203 20. 80.
2204 19. 81.
2205 19. 81.
2206 19. 81.
2207 19. 81.
2208 19. 81.
2209 19. 81.
2210 19. 81.
2211 19. 81.
2212 19. 81.
2213 19. 81.
2214 19. 81.
2215 19. 81.
2216 19. 81.
2217 20. 80.
2218 20. 80.
2219 20. 80.
2220 20. 80.
2221 20. 80.
2222 20. 80.
2223 21. 79.
2224 21. 79.
2225 21. 79.
2226 21. 79.
2227 21. 79.
2228 21. 79.
2229 21. 79.
2230 21. 79.
2231 21. 79.
2232 21. 79.
2233 21. 79.
2234 21. 79.
2235 21. 79.
2236 21. 79.
2237 21. 79.
2238 21. 79.
2239 21. 79.
2240 21. 79.
2241 21. 79.
2242 21. 79.
2243 21. 79.
2244 21. 79.
2245 21. 79.
2246 22. 78.
2247 22. 78.
2248 22. 78.
2249 22. 78.
2250 22. 78.
2251 22. 78.
2252 22. 78.
2253 22. 78.
2254 22. 78.
2255 22. 78.
2256 22. 78.
2257 22. 78.
2258 22. 78.
2259 22. 78.
2260 22. 78.
2261 22. 78.
2262 22. 78.
2263 22. 78.
2264 22. 78.
2265 22. 78.
2266 21. 79.
2267 21. 79.
2268 21. 79.
2269 21. 79.
2270 21. 79.
2271 22. 78.
2272 22. 78.
2273 22. 78.
2274 22. 78.
2275 22. 78.
2276 22. 78.
2277 22. 78.
2278 22. 78.
2279 22. 78.
2280 22. 78.
2281 22. 78.
2282 22. 78.
2283 22. 78.
2284 22. 78.
2285 22. 78.
2286 22. 78.
2287 22. 78.
2288 22. 78.
2289 22. 78.
2290 22. 78.
2291 22. 78.
2292 22. 78.
2293 22. 78.
2294 22. 78.
2295 22. 78.
2296 21. 79.
2297 21. 79.
2298 21. 79.
2299 21. 79.
2300 21. 79.
2301 20. 80.
2302 20. 80.
2303 20. 80.
2304 20. 80.
2305 20. 80.
2306 20. 80.
2307 20. 80.
2308 20. 80.
2309 20. 80.
2310 20. 80.
2311 20. 80.
2312 20. 80.
2313 21. 79.
2314 21. 79.
2315 21. 79.
2316 21. 79.
2317 21. 79.
2318 21. 79.
2319 20. 80.
2320 20. 80.
2321 20. 80.
2322 20. 80.
2323 20. 80.
2324 20. 80.
2325 20. 80.
2326 20. 80.
2327 19. 81.
2328 19. 81.
2329 19. 81.
2330 20. 80.
2331 20. 80.
2332 20. 80.
2333 19. 81.
2334 19. 81.
2335 18. 82.
2336 17. 83.
2337 17. 83.
2338 18. 82.
2339 18. 82.
2340 18. 82.
2341 19. 81.
2342 19. 81.
2343 20. 80.
2344 20. 80.
2345 20. 80.
2346 20. 80.
2347 20. 80.
2348 20. 80.
2349 21. 79.
2350 21. 79.
2351 21. 79.
2352 21. 79.
2353 21. 79.
2354 22. 78.
2355 22. 78.
2356 22. 78.
2357 22. 78.
2358 22. 78.
2359 22. 78.
2360 22. 78.
2361 22. 78.
2362 22. 78.
2363 22. 78.
2364 22. 78.
2365 22. 78.
2366 22. 78.
2367 23. 77.
2368 23. 77.
2369 23. 77.
2370 23. 77.
2371 23. 77.
2372 23. 77.
2373 23. 77.
2374 23. 77.
2375 23. 77.
2376 23. 77.
2377 23. 77.
2378 23. 77.
2379 22. 78.
2380 22. 78.
2381 22. 78.
2382 21. 79.
2383 21. 79.
2384 20. 80.
2385 20. 80.
2386 20. 80.
2387 20. 80.
2388 20. 80.
2389 19. 81.
2390 19. 81.
2391 20. 80.
2392 20. 80.
2393 21. 79.
2394 21. 79.
2395 21. 79.
2396 21. 79.
2397 21. 79.
2398 21. 79.
2399 21. 79.
2400 21. 79.
2401 21. 79.
2402 21. 79.
2403 21. 79.
2404 21. 79.
2405 21. 79.
2406 21. 79.
2407 21. 79.
2408 21. 79.
2409 21. 79.
2410 20. 80.
2411 20. 80.
2412 20. 80.
2413 20. 80.
2414 19. 81.
2415 19. 81.
2416 19. 81.
2417 19. 81.
2418 19. 81.
2419 19. 81.
2420 19. 81.
2421 19. 81.
2422 20. 80.
2423 20. 80.
2424 20. 80.
2425 20. 80.
2426 19. 81.
2427 19. 81.
2428 19. 81.
2429 19. 81.
2430 19. 81.
2431 19. 81.
2432 19. 81.
2433 19. 81.
2434 19. 81.
2435 19. 81.
2436 19. 81.
2437 19. 81.
2438 19. 81.
2439 19. 81.
2440 19. 81.
2441 19. 81.
2442 19. 81.
2443 19. 81.
2444 20. 80.
2445 20. 80.
2446 19. 81.
2447 19. 81.
2448 19. 81.
2449 19. 81.
2450 19. 81.
2451 19. 81.
2452 19. 81.
2453 19. 81.
2454 18. 82.
2455 19. 81.
2456 19. 81.
2457 19. 81.
2458 19. 81.
2459 19. 81.
2460 19. 81.
2461 19. 81.
2462 18. 82.
2463 18. 82.
2464 18. 82.
2465 18. 82.
2466 18. 82.
2467 17. 83.
2468 18. 82.
2469 17. 83.
2470 17. 83.
2471 17. 83.
2472 17. 83.
2473 17. 83.
2474 17. 83.
2475 17. 83.
2476 16. 84.
2477 16. 84.
2478 16. 84.
2479 16. 84.
2480 16. 84.
2481 16. 84.
2482 16. 84.
2483 17. 83.
2484 17. 83.
2485 17. 83.
2486 17. 83.
2487 17. 83.
2488 18. 82.
2489 18. 82.
2490 17. 83.
2491 17. 83.
2492 17. 83.
2493 17. 83.
2494 18. 82.
2495 18. 82.
2496 18. 82.
2497 18. 82.
2498 18. 82.
2499 17. 83.
2500 17. 83.
2501 17. 83.
2502 17. 83.
2503 18. 82.
2504 18. 82.
2505 17. 83.
2506 17. 83.
2507 17. 83.
2508 16. 84.
2509 15. 85.
2510 15. 85.
2511 15. 85.
2512 15. 85.
2513 15. 85.
2514 15. 85.
2515 15. 85.
2516 15. 85.
2517 15. 85.
2518 16. 84.
2519 16. 84.
2520 16. 84.
2521 17. 83.
2522 17. 83.
2523 17. 83.
2524 17. 83.
2525 17. 83.
2526 18. 82.
2527 18. 82.
2528 18. 82.
2529 18. 82.
2530 17. 83.
2531 17. 83.
2532 18. 82.
2533 19. 81.
2534 19. 81.
2535 19. 81.
2536 18. 82.
2537 17. 83.
2538 16. 84.
2539 16. 84.
2540 17. 83.
2541 17. 83.
2542 17. 83.
2543 17. 83.
2544 17. 83.
2545 16. 84.
2546 16. 84.
2547 16. 84.
2548 16. 84.
2549 16. 84.
2550 16. 84.
2551 16. 84.
2552 16. 84.
2553 16. 84.
2554 16. 84.
2555 15. 85.
2556 15. 85.
2557 15. 85.
2558 15. 85.
2559 15. 85.
2560 15. 85.
2561 14. 86.
2562 14. 86.
2563 14. 86.
2564 14. 86.
2565 14. 86.
2566 14. 86.
2567 14. 86.
2568 14. 86.
2569 15. 85.
2570 15. 85.
2571 15. 85.
2572 15. 85.
2573 15. 85.
2574 15. 85.
2575 15. 85.
2576 15. 85.
2577 15. 85.
2578 15. 85.
2579 15. 85.
2580 15. 85.
2581 15. 85.
2582 15. 85.
2583 15. 85.
2584 16. 84.
2585 16. 84.
2586 16. 84.
2587 16. 84.
2588 16. 84.
2589 15. 85.
2590 15. 85.
2591 15. 85.
2592 15. 85.
2593 15. 85.
2594 15. 85.
2595 15. 85.
2596 14. 86.
2597 14. 86.
2598 14. 86.
2599 14. 86.
2600 14. 86.
2601 14. 86.
2602 14. 86.
2603 14. 86.
2604 14. 86.
2605 14. 86.
2606 13. 87.
2607 13. 87.
2608 13. 87.
2609 14. 86.
2610 14. 86.
2611 14. 86.
2612 14. 86.
2613 14. 86.
2614 14. 86.
2615 14. 86.
2616 14. 86.
2617 14. 86.
2618 14. 86.
2619 14. 86.
2620 14. 86.
2621 14. 86.
2622 14. 86.
2623 14. 86.
2624 14. 86.
2625 14. 86.
2626 14. 86.
2627 14. 86.
2628 14. 86.
2629 14. 86.
2630 14. 86.
2631 14. 86.
2632 14. 86.
2633 14. 86.
2634 14. 86.
2635 14. 86.
2636 14. 86.
2637 14. 86.
2638 14. 86.
2639 14. 86.
2640 14. 86.
2641 14. 86.
2642 14. 86.
2643 13. 87.
2644 13. 87.
2645 13. 87.
2646 13. 87.
2647 13. 87.
2648 13. 87.
2649 14. 86.
2650 14. 86.
2651 15. 85.
2652 15. 85.
2653 15. 85.
2654 16. 84.
2655 16. 84.
2656 16. 84.
2657 16. 84.
2658 16. 84.
2659 16. 84.
2660 16. 84.
2661 16. 84.
2662 17. 83.
2663 17. 83.
2664 17. 83.
2665 17. 83.
2666 17. 83.
2667 17. 83.
2668 17. 83.
2669 17. 83.
2670 17. 83.
2671 17. 83.
2672 17. 83.
2673 17. 83.
2674 17. 83.
2675 17. 83.
2676 17. 83.
2677 17. 83.
2678 18. 82.
2679 18. 82.
2680 18. 82.
2681 18. 82.
2682 18. 82.
2683 18. 82.
2684 18. 82.
2685 18. 82.
2686 18. 82.
2687 18. 82.
2688 18. 82.
2689 18. 82.
2690 18. 82.
2691 18. 82.
2692 18. 82.
2693 18. 82.
2694 18. 82.
2695 18. 82.
2696 18. 82.
2697 18. 82.
2698 18. 82.
2699 18. 82.
2700 18. 82.
2701 17. 83.
2702 17. 83.
2703 17. 83.
2704 17. 83.
2705 18. 82.
2706 19. 81.
2707 19. 81.
2708 19. 81.
2709 19. 81.
2710 19. 81.
2711 19. 81.
2712 19. 81.
2713 19. 81.
2714 19. 81.
2715 19. 81.
2716 19. 81.
2717 19. 81.
2718 19. 81.
2719 19. 81.
2720 19. 81.
2721 19. 81.
2722 19. 81.
2723 20. 80.
2724 19. 81.
2725 19. 81.
2726 19. 81.
2727 19. 81.
2728 19. 81.
2729 19. 81.
2730 19. 81.
2731 19. 81.
2732 19. 81.
2733 19. 81.
2734 20. 80.
2735 20. 80.
2736 20. 80.
2737 19. 81.
2738 18. 82.
2739 18. 82.
2740 18. 82.
2741 18. 82.
2742 18. 82.
2743 18. 82.
2744 17. 83.
2745 17. 83.
2746 17. 83.
2747 17. 83.
2748 17. 83.
2749 17. 83.
2750 16. 84.
2751 16. 84.
2752 16. 84.
2753 16. 84.
2754 16. 84.
2755 16. 84.
2756 16. 84.
2757 15. 85.
2758 16. 84.
2759 16. 84.
2760 16. 84.
2761 16. 84.
2762 16. 84.
2763 16. 84.
2764 16. 84.
2765 16. 84.
2766 16. 84.
2767 16. 84.
2768 16. 84.
2769 16. 84.
2770 16. 84.
2771 16. 84.
2772 15. 85.
2773 15. 85.
2774 15. 85.
2775 15. 85.
2776 15. 85.
2777 15. 85.
2778 15. 85.
2779 15. 85.
2780 15. 85.
2781 15. 85.
2782 14. 86.
2783 14. 86.
2784 14. 86.
2785 14. 86.
2786 13. 87.
2787 13. 87.
2788 13. 87.
2789 13. 87.
2790 14. 86.
2791 14. 86.
2792 14. 86.
2793 13. 87.
2794 13. 87.
2795 13. 87.
2796 13. 87.
2797 12. 88.
2798 12. 88.
2799 12. 88.
2800 12. 88.
2801 12. 88.
2802 12. 88.
2803 12. 88.
2804 12. 88.
2805 12. 88.
2806 12. 88.
2807 12. 88.
2808 12. 88.
2809 12. 88.
2810 12. 88.
2811 12. 88.
2812 12. 88.
2813 12. 88.
2814 12. 88.
2815 12. 88.
2816 12. 88.
2817 13. 87.
2818 13. 87.
2819 13. 87.
2820 12. 88.
2821 12. 88.
2822 12. 88.
2823 13. 87.
2824 12. 88.
2825 12. 88.
2826 12. 88.
2827 12. 88.
2828 13. 87.
2829 13. 87.
2830 13. 87.
2831 13. 87.
2832 14. 86.
2833 14. 86.
2834 14. 86.
2835 14. 86.
2836 14. 86.
2837 14. 86.
2838 15. 85.
2839 16. 84.
2840 16. 84.
2841 16. 84.
2842 16. 84.
2843 16. 84.
2844 16. 84.
2845 16. 84.
2846 17. 83.
2847 18. 82.
2848 18. 82.
2849 18. 82.
2850 18. 82.
2851 18. 82.
2852 17. 83.
2853 17. 83.
2854 17. 83.
2855 17. 83.
2856 17. 83.
2857 17. 83.
2858 17. 83.
2859 16. 84.
2860 16. 84.
2861 16. 84.
2862 16. 84.
2863 16. 84.
2864 16. 84.
2865 16. 84.
2866 16. 84.
2867 16. 84.
2868 16. 84.
2869 16. 84.
2870 16. 84.
2871 16. 84.
2872 16. 84.
2873 16. 84.
2874 16. 84.
2875 16. 84.
2876 16. 84.
2877 16. 84.
2878 16. 84.
2879 16. 84.
2880 16. 84.
2881 16. 84.
2882 16. 84.
2883 17. 83.
2884 17. 83.
2885 17. 83.
2886 17. 83.
2887 17. 83.
2888 17. 83.
2889 17. 83.
2890 17. 83.
2891 17. 83.
2892 17. 83.
2893 17. 83.
2894 17. 83.
2895 17. 83.
2896 17. 83.
2897 18. 82.
2898 18. 82.
2899 18. 82.
2900 18. 82.
2901 18. 82.
2902 18. 82.
2903 18. 82.
2904 18. 82.
2905 18. 82.
2906 18. 82.
2907 18. 82.
2908 18. 82.
2909 17. 83.
2910 17. 83.
2911 17. 83.
2912 17. 83.
2913 17. 83.
2914 17. 83.
2915 17. 83.
2916 17. 83.
2917 17. 83.
2918 18. 82.
2919 17. 83.
2920 17. 83.
2921 17. 83.
2922 17. 83.
2923 17. 83.
2924 17. 83.
2925 17. 83.
2926 17. 83.
2927 17. 83.
2928 18. 82.
2929 18. 82.
2930 19. 81.
2931 19. 81.
2932 19. 81.
2933 19. 81.
2934 19. 81.
2935 19. 81.
2936 19. 81.
2937 20. 80.
2938 21. 79.
2939 21. 79.
2940 21. 79.
2941 21. 79.
2942 21. 79.
2943 21. 79.
2944 20. 80.
2945 20. 80.
2946 20. 80.
2947 20. 80.
2948 20. 80.
2949 20. 80.
2950 20. 80.
2951 20. 80.
2952 19. 81.
2953 19. 81.
2954 19. 81.
2955 19. 81.
2956 19. 81.
2957 19. 81.
2958 20. 80.
2959 20. 80.
2960 20. 80.
2961 20. 80.
2962 19. 81.
2963 19. 81.
2964 19. 81.
2965 19. 81.
2966 19. 81.
2967 19. 81.
2968 18. 82.
2969 18. 82.
2970 18. 82.
2971 18. 82.
2972 18. 82.
2973 18. 82.
2974 18. 82.
2975 18. 82.
2976 18. 82.
2977 18. 82.
2978 18. 82.
2979 18. 82.
2980 19. 81.
2981 19. 81.
2982 19. 81.
2983 19. 81.
2984 19. 81.
2985 19. 81.
2986 19. 81.
2987 19. 81.
2988 18. 82.
2989 18. 82.
2990 18. 82.
2991 18. 82.
2992 18. 82.
2993 18. 82.
2994 18. 82.
2995 18. 82.
2996 18. 82.
2997 18. 82.
2998 18. 82.
2999 18. 82.
3000 18. 82.
3001 18. 82.
3002 18. 82.
3003 18. 82.
3004 18. 82.
3005 19. 81.
3006 19. 81.
3007 19. 81.
3008 20. 80.
3009 20. 80.
3010 20. 80.
3011 20. 80.
3012 20. 80.
3013 20. 80.
3014 20. 80.
3015 20. 80.
3016 20. 80.
3017 20. 80.
3018 20. 80.
3019 20. 80.
3020 20. 80.
3021 20. 80.
3022 20. 80.
3023 20. 80.
3024 19. 81.
3025 20. 80.
3026 19. 81.
3027 19. 81.
3028 19. 81.
3029 19. 81.
3030 19. 81.
3031 19. 81.
3032 19. 81.
3033 19. 81.
3034 19. 81.
3035 19. 81.
3036 19. 81.
3037 20. 80.
3038 20. 80.
3039 19. 81.
3040 19. 81.
3041 19. 81.
3042 19. 81.
3043 19. 81.
3044 19. 81.
3045 19. 81.
3046 19. 81.
3047 19. 81.
3048 19. 81.
3049 19. 81.
3050 19. 81.
3051 19. 81.
3052 19. 81.
3053 19. 81.
3054 18. 82.
3055 18. 82.
3056 18. 82.
3057 19. 81.
3058 19. 81.
3059 19. 81.
3060 19. 81.
3061 19. 81.
3062 19. 81.
3063 20. 80.
3064 20. 80.
3065 21. 79.
3066 21. 79.
3067 21. 79.
3068 22. 78.
3069 22. 78.
3070 22. 78.
3071 22. 78.
3072 22. 78.
3073 21. 79.
3074 21. 79.
3075 21. 79.
3076 21. 79.
3077 22. 78.
3078 22. 78.
3079 22. 78.
3080 22. 78.
3081 22. 78.
3082 22. 78.
3083 22. 78.
3084 22. 78.
3085 21. 79.
3086 20. 80.
3087 20. 80.
3088 20. 80.
3089 20. 80.
3090 20. 80.
3091 20. 80.
3092 20. 80.
3093 20. 80.
3094 21. 79.
3095 21. 79.
3096 21. 79.
3097 21. 79.
3098 21. 79.
3099 21. 79.
3100 21. 79.
3101 21. 79.
3102 22. 78.
3103 22. 78.
3104 22. 78.
3105 22. 78.
3106 22. 78.
3107 22. 78.
3108 22. 78.
3109 22. 78.
3110 22. 78.
3111 22. 78.
3112 22. 78.
3113 21. 79.
3114 21. 79.
3115 21. 79.
3116 20. 80.
3117 20. 80.
3118 20. 80.
3119 20. 80.
3120 20. 80.
3121 20. 80.
3122 20. 80.
3123 20. 80.
3124 20. 80.
3125 20. 80.
3126 20. 80.
3127 20. 80.
3128 20. 80.
3129 19. 81.
3130 19. 81.
3131 19. 81.
3132 19. 81.
3133 19. 81.
3134 19. 81.
3135 19. 81.
3136 19. 81.
3137 19. 81.
3138 19. 81.
3139 19. 81.
3140 19. 81.
3141 19. 81.
3142 19. 81.
3143 19. 81.
3144 19. 81.
3145 19. 81.
3146 19. 81.
3147 19. 81.
3148 19. 81.
3149 18. 82.
3150 18. 82.
3151 19. 81.
3152 19. 81.
3153 19. 81.
3154 19. 81.
3155 19. 81.
3156 19. 81.
3157 20. 80.
3158 20. 80.
3159 20. 80.
3160 20. 80.
3161 19. 81.
3162 19. 81.
3163 19. 81.
3164 20. 80.
3165 20. 80.
3166 20. 80.
3167 20. 80.
3168 20. 80.
3169 20. 80.
3170 20. 80.
3171 20. 80.
3172 20. 80.
3173 20. 80.
3174 20. 80.
3175 20. 80.
3176 20. 80.
3177 20. 80.
3178 20. 80.
3179 20. 80.
3180 20. 80.
3181 20. 80.
3182 20. 80.
3183 20. 80.
3184 20. 80.
3185 20. 80.
3186 20. 80.
3187 20. 80.
3188 20. 80.
3189 20. 80.
3190 20. 80.
3191 20. 80.
3192 20. 80.
3193 20. 80.
3194 20. 80.
3195 20. 80.
3196 20. 80.
3197 21. 79.
3198 21. 79.
3199 20. 80.
3200 20. 80.
3201 19. 81.
3202 19. 81.
3203 19. 81.
3204 18. 82.
3205 18. 82.
3206 18. 82.
3207 18. 82.
3208 19. 81.
3209 19. 81.
3210 19. 81.
3211 20. 80.
3212 20. 80.
3213 21. 79.
3214 21. 79.
3215 21. 79.
3216 22. 78.
3217 22. 78.
3218 22. 78.
3219 22. 78.
3220 22. 78.
3221 22. 78.
3222 22. 78.
3223 22. 78.
3224 22. 78.
3225 22. 78.
3226 22. 78.
3227 22. 78.
3228 22. 78.
3229 22. 78.
3230 22. 78.
3231 22. 78.
3232 22. 78.
3233 22. 78.
3234 22. 78.
3235 22. 78.
3236 22. 78.
3237 22. 78.
3238 22. 78.
3239 22. 78.
3240 21. 79.
3241 21. 79.
3242 22. 78.
3243 22. 78.
3244 22. 78.
3245 22. 78.
3246 22. 78.
3247 22. 78.
3248 22. 78.
3249 22. 78.
3250 23. 77.
3251 24. 76.
3252 24. 76.
3253 23. 77.
3254 22. 78.
3255 22. 78.
3256 22. 78.
3257 22. 78.
3258 22. 78.
3259 22. 78.
3260 23. 77.
3261 23. 77.
3262 23. 77.
3263 23. 77.
3264 23. 77.
3265 23. 77.
3266 23. 77.
3267 23. 77.
3268 23. 77.
3269 23. 77.
3270 23. 77.
3271 23. 77.
3272 23. 77.
3273 23. 77.
3274 23. 77.
3275 23. 77.
3276 23. 77.
3277 22. 78.
3278 22. 78.
3279 22. 78.
3280 23. 77.
3281 23. 77.
3282 23. 77.
3283 23. 77.
3284 23. 77.
3285 23. 77.
3286 22. 78.
3287 22. 78.
3288 23. 77.
3289 23. 77.
3290 22. 78.
3291 22. 78.
3292 22. 78.
3293 22. 78.
3294 22. 78.
3295 22. 78.
3296 22. 78.
3297 22. 78.
3298 22. 78.
3299 23. 77.
3300 23. 77.
3301 23. 77.
3302 23. 77.
3303 23. 77.
3304 23. 77.
3305 24. 76.
3306 23. 77.
3307 22. 78.
3308 22. 78.
3309 22. 78.
3310 22. 78.
3311 22. 78.
3312 22. 78.
3313 22. 78.
3314 21. 79.
3315 21. 79.
3316 21. 79.
3317 21. 79.
3318 21. 79.
3319 21. 79.
3320 21. 79.
3321 21. 79.
3322 21. 79.
3323 21. 79.
3324 21. 79.
3325 21. 79.
3326 21. 79.
3327 21. 79.
3328 21. 79.
3329 21. 79.
3330 21. 79.
3331 21. 79.
3332 20. 80.
3333 20. 80.
3334 20. 80.
3335 20. 80.
3336 20. 80.
3337 20. 80.
3338 20. 80.
3339 20. 80.
3340 20. 80.
3341 21. 79.
3342 21. 79.
3343 22. 78.
3344 22. 78.
3345 21. 79.
3346 21. 79.
3347 21. 79.
3348 21. 79.
3349 21. 79.
3350 21. 79.
3351 21. 79.
3352 21. 79.
3353 21. 79.
3354 21. 79.
3355 21. 79.
3356 21. 79.
3357 21. 79.
3358 21. 79.
3359 21. 79.
3360 21. 79.
3361 21. 79.
3362 21. 79.
3363 21. 79.
3364 21. 79.
3365 21. 79.
3366 21. 79.
3367 21. 79.
3368 22. 78.
3369 21. 79.
3370 21. 79.
3371 21. 79.
3372 21. 79.
3373 21. 79.
3374 22. 78.
3375 23. 77.
3376 23. 77.
3377 23. 77.
3378 23. 77.
3379 24. 76.
3380 24. 76.
3381 24. 76.
3382 25. 75.
3383 25. 75.
3384 25. 75.
3385 26. 74.
3386 26. 74.
3387 26. 74.
3388 26. 74.
3389 26. 74.
3390 26. 74.
3391 26. 74.
3392 25. 75.
3393 25. 75.
3394 25. 75.
3395 26. 74.
3396 25. 75.
3397 25. 75.
3398 25. 75.
3399 24. 76.
3400 24. 76.
3401 24. 76.
3402 24. 76.
3403 23. 77.
3404 23. 77.
3405 23. 77.
3406 23. 77.
3407 23. 77.
3408 23. 77.
3409 24. 76.
3410 24. 76.
3411 24. 76.
3412 24. 76.
3413 24. 76.
3414 25. 75.
3415 25. 75.
3416 25. 75.
3417 25. 75.
3418 25. 75.
3419 25. 75.
3420 25. 75.
3421 25. 75.
3422 25. 75.
3423 24. 76.
3424 25. 75.
3425 24. 76.
3426 24. 76.
3427 24. 76.
3428 24. 76.
3429 24. 76.
3430 24. 76.
3431 24. 76.
3432 24. 76.
3433 24. 76.
3434 23. 77.
3435 23. 77.
3436 23. 77.
3437 23. 77.
3438 23. 77.
3439 23. 77.
3440 24. 76.
3441 24. 76.
3442 25. 75.
3443 25. 75.
3444 25. 75.
3445 25. 75.
3446 25. 75.
3447 25. 75.
3448 25. 75.
3449 25. 75.
3450 25. 75.
3451 25. 75.
3452 25. 75.
3453 25. 75.
3454 25. 75.
3455 26. 74.
3456 26. 74.
3457 26. 74.
3458 26. 74.
3459 26. 74.
3460 26. 74.
3461 26. 74.
3462 26. 74.
3463 26. 74.
3464 26. 74.
3465 25. 75.
3466 25. 75.
3467 25. 75.
3468 25. 75.
3469 26. 74.
3470 25. 75.
3471 25. 75.
3472 25. 75.
3473 25. 75.
3474 25. 75.
3475 25. 75.
3476 25. 75.
3477 25. 75.
3478 25. 75.
3479 25. 75.
3480 25. 75.
3481 25. 75.
3482 25. 75.
3483 26. 74.
3484 26. 74.
3485 26. 74.
3486 26. 74.
3487 26. 74.
3488 26. 74.
3489 26. 74.
3490 26. 74.
3491 26. 74.
3492 26. 74.
3493 27. 73.
3494 26. 74.
3495 25. 75.
3496 25. 75.
3497 26. 74.
3498 25. 75.
3499 25. 75.
3500 25. 75.
3501 25. 75.
3502 25. 75.
3503 25. 75.
3504 25. 75.
3505 26. 74.
3506 26. 74.
3507 26. 74.
3508 26. 74.
3509 26. 74.
3510 26. 74.
3511 26. 74.
3512 25. 75.
3513 25. 75.
3514 25. 75.
3515 25. 75.
3516 25. 75.
3517 25. 75.
3518 25. 75.
3519 25. 75.
3520 24. 76.
3521 24. 76.
3522 24. 76.
3523 24. 76.
3524 24. 76.
3525 24. 76.
3526 24. 76.
3527 24. 76.
3528 24. 76.
3529 23. 77.
3530 23. 77.
3531 23. 77.
3532 23. 77.
3533 23. 77.
3534 23. 77.
3535 23. 77.
3536 23. 77.
3537 23. 77.
3538 23. 77.
3539 22. 78.
3540 22. 78.
3541 22. 78.
3542 22. 78.
3543 22. 78.
3544 22. 78.
3545 22. 78.
3546 22. 78.
3547 22. 78.
3548 23. 77.
3549 24. 76.
3550 24. 76.
3551 24. 76.
3552 24. 76.
3553 24. 76.
3554 24. 76.
3555 24. 76.
3556 24. 76.
3557 24. 76.
3558 24. 76.
3559 24. 76.
3560 24. 76.
3561 24. 76.
3562 24. 76.
3563 24. 76.
3564 24. 76.
3565 24. 76.
3566 24. 76.
3567 24. 76.
3568 24. 76.
3569 24. 76.
3570 24. 76.
3571 24. 76.
3572 24. 76.
3573 24. 76.
3574 23. 77.
3575 23. 77.
3576 23. 77.
3577 23. 77.
3578 23. 77.
3579 23. 77.
3580 23. 77.
3581 23. 77.
3582 23. 77.
3583 23. 77.
3584 22. 78.
3585 22. 78.
3586 22. 78.
3587 22. 78.
3588 22. 78.
3589 22. 78.
3590 22. 78.
3591 22. 78.
3592 22. 78.
3593 22. 78.
3594 21. 79.
3595 21. 79.
3596 21. 79.
3597 21. 79.
3598 21. 79.
3599 21. 79.
3600 21. 79.
3601 20. 80.
3602 20. 80.
3603 20. 80.
3604 20. 80.
3605 20. 80.
3606 20. 80.
3607 20. 80.
3608 20. 80.
3609 20. 80.
3610 20. 80.
3611 20. 80.
3612 21. 79.
3613 20. 80.
3614 20. 80.
3615 20. 80.
3616 20. 80.
3617 20. 80.
3618 21. 79.
3619 21. 79.
3620 21. 79.
3621 21. 79.
3622 22. 78.
3623 22. 78.
3624 22. 78.
3625 22. 78.
3626 22. 78.
3627 22. 78.
3628 22. 78.
3629 22. 78.
3630 23. 77.
3631 22. 78.
3632 22. 78.
3633 22. 78.
3634 22. 78.
3635 22. 78.
3636 22. 78.
3637 21. 79.
3638 21. 79.
3639 21. 79.
3640 21. 79.
3641 21. 79.
3642 20. 80.
3643 20. 80.
3644 20. 80.
3645 20. 80.
3646 20. 80.
3647 20. 80.
3648 20. 80.
3649 20. 80.
3650 20. 80.
3651 20. 80.
3652 20. 80.
3653 20. 80.
3654 19. 81.
3655 20. 80.
3656 19. 81.
3657 19. 81.
3658 20. 80.
3659 20. 80.
3660 20. 80.
3661 19. 81.
3662 19. 81.
3663 20. 80.
3664 20. 80.
3665 21. 79.
3666 20. 80.
3667 20. 80.
3668 20. 80.
3669 20. 80.
3670 21. 79.
3671 21. 79.
3672 21. 79.
3673 21. 79.
3674 21. 79.
3675 21. 79.
3676 21. 79.
3677 21. 79.
3678 21. 79.
3679 21. 79.
3680 20. 80.
3681 20. 80.
3682 20. 80.
3683 20. 80.
3684 20. 80.
3685 20. 80.
3686 20. 80.
3687 20. 80.
3688 21. 79.
3689 21. 79.
3690 21. 79.
3691 21. 79.
3692 21. 79.
3693 21. 79.
3694 21. 79.
3695 21. 79.
3696 21. 79.
3697 21. 79.
3698 21. 79.
3699 21. 79.
3700 21. 79.
3701 20. 80.
3702 20. 80.
3703 20. 80.
3704 20. 80.
3705 20. 80.
3706 20. 80.
3707 21. 79.
3708 21. 79.
3709 22. 78.
3710 22. 78.
3711 22. 78.
3712 22. 78.
3713 22. 78.
3714 22. 78.
3715 22. 78.
3716 22. 78.
3717 22. 78.
3718 23. 77.
3719 23. 77.
3720 23. 77.
3721 23. 77.
3722 24. 76.
3723 24. 76.
3724 24. 76.
3725 24. 76.
3726 25. 75.
3727 25. 75.
3728 25. 75.
3729 25. 75.
3730 24. 76.
3731 25. 75.
3732 25. 75.
3733 25. 75.
3734 25. 75.
3735 25. 75.
3736 25. 75.
3737 25. 75.
3738 24. 76.
3739 23. 77.
3740 23. 77.
3741 23. 77.
3742 23. 77.
3743 24. 76.
3744 25. 75.
3745 25. 75.
3746 25. 75.
3747 25. 75.
3748 25. 75.
3749 25. 75.
3750 25. 75.
3751 24. 76.
3752 24. 76.
3753 24. 76.
3754 24. 76.
3755 25. 75.
3756 25. 75.
3757 25. 75.
3758 25. 75.
3759 25. 75.
3760 25. 75.
3761 25. 75.
3762 25. 75.
3763 25. 75.
3764 25. 75.
3765 25. 75.
3766 25. 75.
3767 25. 75.
3768 25. 75.
3769 25. 75.
3770 25. 75.
3771 25. 75.
3772 25. 75.
3773 25. 75.
3774 25. 75.
3775 26. 74.
3776 25. 75.
3777 26. 74.
3778 25. 75.
3779 24. 76.
3780 24. 76.
3781 24. 76.
3782 24. 76.
3783 24. 76.
3784 24. 76.
3785 24. 76.
3786 24. 76.
3787 24. 76.
3788 24. 76.
3789 24. 76.
3790 24. 76.
3791 23. 77.
3792 23. 77.
3793 24. 76.
3794 24. 76.
3795 24. 76.
3796 24. 76.
3797 24. 76.
3798 24. 76.
3799 24. 76.
3800 24. 76.
3801 24. 76.
3802 24. 76.
3803 24. 76.
3804 24. 76.
3805 24. 76.
3806 24. 76.
3807 24. 76.
3808 24. 76.
3809 24. 76.
3810 25. 75.
3811 25. 75.
3812 26. 74.
3813 26. 74.
3814 26. 74.
3815 26. 74.
3816 25. 75.
3817 25. 75.
3818 26. 74.
3819 26. 74.
3820 26. 74.
3821 26. 74.
3822 26. 74.
3823 26. 74.
3824 26. 74.
3825 26. 74.
3826 26. 74.
3827 26. 74.
3828 27. 73.
3829 28. 72.
3830 28. 72.
3831 28. 72.
3832 28. 72.
3833 28. 72.
3834 29. 71.
3835 29. 71.
3836 29. 71.
3837 29. 71.
3838 29. 71.
3839 29. 71.
3840 29. 71.
3841 29. 71.
3842 29. 71.
3843 29. 71.
3844 29. 71.
3845 30. 70.
3846 30. 70.
3847 30. 70.
3848 30. 70.
3849 30. 70.
3850 29. 71.
3851 29. 71.
3852 28. 72.
3853 28. 72.
3854 29. 71.
3855 29. 71.
3856 29. 71.
3857 29. 71.
3858 29. 71.
3859 29. 71.
3860 29. 71.
3861 29. 71.
3862 29. 71.
3863 29. 71.
3864 28. 72.
3865 28. 72.
3866 28. 72.
3867 27. 73.
3868 27. 73.
3869 27. 73.
3870 27. 73.
3871 27. 73.
3872 27. 73.
3873 26. 74.
3874 26. 74.
3875 26. 74.
3876 26. 74.
3877 26. 74.
3878 26. 74.
3879 27. 73.
3880 27. 73.
3881 27. 73.
3882 28. 72.
3883 28. 72.
3884 28. 72.
3885 28. 72.
3886 28. 72.
3887 28. 72.
3888 28. 72.
3889 28. 72.
3890 28. 72.
3891 28. 72.
3892 28. 72.
3893 28. 72.
3894 28. 72.
3895 28. 72.
3896 28. 72.
3897 28. 72.
3898 28. 72.
3899 28. 72.
3900 28. 72.
3901 28. 72.
3902 28. 72.
3903 28. 72.
3904 28. 72.
3905 28. 72.
3906 28. 72.
3907 28. 72.
3908 28. 72.
3909 28. 72.
3910 27. 73.
3911 27. 73.
3912 27. 73.
3913 27. 73.
3914 27. 73.
3915 27. 73.
3916 27. 73.
3917 27. 73.
3918 28. 72.
3919 28. 72.
3920 28. 72.
3921 27. 73.
3922 27. 73.
3923 27. 73.
3924 27. 73.
3925 27. 73.
3926 27. 73.
3927 27. 73.
3928 28. 72.
3929 29. 71.
3930 29. 71.
3931 30. 70.
3932 30. 70.
3933 30. 70.
3934 30. 70.
3935 30. 70.
3936 29. 71.
3937 28. 72.
3938 27. 73.
3939 27. 73.
3940 26. 74.
3941 26. 74.
3942 26. 74.
3943 27. 73.
3944 27. 73.
3945 27. 73.
3946 27. 73.
3947 27. 73.
3948 28. 72.
3949 28. 72.
3950 29. 71.
3951 30. 70.
3952 30. 70.
3953 30. 70.
3954 30. 70.
3955 31. 69.
3956 32. 68.
3957 32. 68.
3958 32. 68.
3959 32. 68.
3960 32. 68.
3961 32. 68.
3962 32. 68.
3963 32. 68.
3964 31. 69.
3965 31. 69.
3966 31. 69.
3967 31. 69.
3968 31. 69.
3969 31. 69.
3970 30. 70.
3971 30. 70.
3972 30. 70.
3973 30. 70.
3974 30. 70.
3975 30. 70.
3976 30. 70.
3977 30. 70.
3978 30. 70.
3979 30. 70.
3980 30. 70.
3981 30. 70.
3982 30. 70.
3983 30. 70.
3984 29. 71.
3985 29. 71.
3986 29. 71.
3987 29. 71.
3988 30. 70.
3989 30. 70.
3990 30. 70.
3991 30. 70.
3992 31. 69.
3993 30. 70.
3994 30. 70.
3995 30. 70.
3996 30. 70.
3997 31. 69.
3998 31. 69.
3999 30. 70.
4000 29. 71.
4001 30. 70.
4002 30. 70.
4003 30. 70.
4004 30. 70.
4005 29. 71.
4006 29. 71.
4007 29. 71.
4008 29. 71.
4009 29. 71.
4010 28. 72.
4011 29. 71.
4012 29. 71.
4013 29. 71.
4014 29. 71.
4015 30. 70.
4016 30. 70.
4017 30. 70.
4018 30. 70.
4019 31. 69.
4020 31. 69.
4021 30. 70.
4022 29. 71.
4023 29. 71.
4024 29. 71.
4025 29. 71.
4026 30. 70.
4027 30. 70.
4028 30. 70.
4029 30. 70.
4030 30. 70.
4031 30. 70.
4032 30. 70.
4033 30. 70.
4034 30. 70.
4035 30. 70.
4036 29. 71.
4037 30. 70.
4038 29. 71.
4039 29. 71.
4040 29. 71.
4041 29. 71.
4042 29. 71.
4043 29. 71.
4044 30. 70.
4045 30. 70.
4046 30. 70.
4047 31. 69.
4048 31. 69.
4049 31. 69.
4050 31. 69.
4051 31. 69.
4052 31. 69.
4053 31. 69.
4054 31. 69.
4055 32. 68.
4056 32. 68.
4057 32. 68.
4058 32. 68.
4059 32. 68.
4060 32. 68.
4061 31. 69.
4062 30. 70.
4063 30. 70.
4064 30. 70.
4065 30. 70.
4066 30. 70.
4067 29. 71.
4068 30. 70.
4069 30. 70.
4070 30. 70.
4071 30. 70.
4072 30. 70.
4073 31. 69.
4074 32. 68.
4075 32. 68.
4076 33. 67.
4077 33. 67.
4078 33. 67.
4079 33. 67.
4080 33. 67.
4081 33. 67.
4082 33. 67.
4083 33. 67.
4084 33. 67.
4085 33. 67.
4086 33. 67.
4087 33. 67.
4088 32. 68.
4089 32. 68.
4090 32. 68.
4091 32. 68.
4092 31. 69.
4093 32. 68.
4094 31. 69.
4095 31. 69.
4096 31. 69.
4097 30. 70.
4098 30. 70.
4099 30. 70.
4100 30. 70.
4101 29. 71.
4102 29. 71.
4103 29. 71.
4104 29. 71.
4105 29. 71.
4106 29. 71.
4107 29. 71.
4108 29. 71.
4109 29. 71.
4110 29. 71.
4111 30. 70.
4112 30. 70.
4113 30. 70.
4114 29. 71.
4115 29. 71.
4116 29. 71.
4117 29. 71.
4118 30. 70.
4119 30. 70.
4120 30. 70.
4121 30. 70.
4122 30. 70.
4123 31. 69.
4124 31. 69.
4125 31. 69.
4126 31. 69.
4127 31. 69.
4128 31. 69.
4129 31. 69.
4130 31. 69.
4131 31. 69.
4132 31. 69.
4133 31. 69.
4134 32. 68.
4135 32. 68.
4136 32. 68.
4137 32. 68.
4138 32. 68.
4139 32. 68.
4140 32. 68.
4141 32. 68.
4142 33. 67.
4143 33. 67.
4144 33. 67.
4145 33. 67.
4146 33. 67.
4147 34. 66.
4148 34. 66.
4149 34. 66.
4150 33. 67.
4151 33. 67.
4152 33. 67.
4153 33. 67.
4154 34. 66.
4155 34. 66.
4156 34. 66.
4157 34. 66.
4158 34. 66.
4159 34. 66.
4160 35. 65.
4161 35. 65.
4162 35. 65.
4163 35. 65.
4164 35. 65.
4165 35. 65.
4166 35. 65.
4167 35. 65.
4168 35. 65.
4169 35. 65.
4170 34. 66.
4171 34. 66.
4172 34. 66.
4173 35. 65.
4174 35. 65.
4175 35. 65.
4176 34. 66.
4177 34. 66.
4178 33. 67.
4179 33. 67.
4180 33. 67.
4181 33. 67.
4182 33. 67.
4183 33. 67.
4184 33. 67.
4185 33. 67.
4186 33. 67.
4187 32. 68.
4188 32. 68.
4189 32. 68.
4190 32. 68.
4191 32. 68.
4192 32. 68.
4193 32. 68.
4194 32. 68.
4195 32. 68.
4196 32. 68.
4197 32. 68.
4198 32. 68.
4199 32. 68.
4200 32. 68.
4201 32. 68.
4202 32. 68.
4203 32. 68.
4204 32. 68.
4205 32. 68.
4206 32. 68.
4207 32. 68.
4208 32. 68.
4209 32. 68.
4210 33. 67.
4211 33. 67.
4212 33. 67.
4213 33. 67.
4214 32. 68.
4215 33. 67.
4216 33. 67.
4217 33. 67.
4218 33. 67.
4219 33. 67.
4220 33. 67.
4221 33. 67.
4222 33. 67.
4223 33. 67.
4224 33. 67.
4225 33. 67.
4226 32. 68.
4227 32. 68.
4228 32. 68.
4229 32. 68.
4230 32. 68.
4231 32. 68.
4232 32. 68.
4233 32. 68.
4234 33. 67.
4235 33. 67.
4236 34. 66.
4237 34. 66.
4238 34. 66.
4239 34. 66.
4240 34. 66.
4241 34. 66.
4242 33. 67.
4243 33. 67.
4244 33. 67.
4245 33. 67.
4246 33. 67.
4247 33. 67.
4248 33. 67.
4249 33. 67.
4250 33. 67.
4251 33. 67.
4252 34. 66.
4253 34. 66.
4254 35. 65.
4255 35. 65.
4256 35. 65.
4257 34. 66.
4258 34. 66.
4259 34. 66.
4260 34. 66.
4261 34. 66.
4262 34. 66.
4263 33. 67.
4264 33. 67.
4265 34. 66.
4266 34. 66.
4267 33. 67.
4268 32. 68.
4269 32. 68.
4270 32. 68.
4271 32. 68.
4272 31. 69.
4273 31. 69.
4274 31. 69.
4275 31. 69.
4276 31. 69.
4277 31. 69.
4278 32. 68.
4279 32. 68.
4280 32. 68.
4281 32. 68.
4282 31. 69.
4283 31. 69.
4284 32. 68.
4285 33. 67.
4286 33. 67.
4287 32. 68.
4288 32. 68.
4289 31. 69.
4290 31. 69.
4291 32. 68.
4292 32. 68.
4293 32. 68.
4294 32. 68.
4295 32. 68.
4296 32. 68.
4297 32. 68.
4298 33. 67.
4299 33. 67.
4300 32. 68.
4301 32. 68.
4302 32. 68.
4303 32. 68.
4304 31. 69.
4305 31. 69.
4306 32. 68.
4307 32. 68.
4308 32. 68.
4309 32. 68.
4310 32. 68.
4311 32. 68.
4312 32. 68.
4313 31. 69.
4314 31. 69.
4315 31. 69.
4316 31. 69.
4317 31. 69.
4318 31. 69.
4319 31. 69.
4320 31. 69.
4321 30. 70.
4322 30. 70.
4323 30. 70.
4324 29. 71.
4325 29. 71.
4326 29. 71.
4327 28. 72.
4328 29. 71.
4329 29. 71.
4330 29. 71.
4331 29. 71.
4332 29. 71.
4333 29. 71.
4334 28. 72.
4335 28. 72.
4336 27. 73.
4337 27. 73.
4338 26. 74.
4339 26. 74.
4340 27. 73.
4341 27. 73.
4342 27. 73.
4343 27. 73.
4344 27. 73.
4345 27. 73.
4346 27. 73.
4347 26. 74.
4348 26. 74.
4349 26. 74.
4350 26. 74.
4351 26. 74.
4352 27. 73.
4353 27. 73.
4354 27. 73.
4355 27. 73.
4356 27. 73.
4357 27. 73.
4358 27. 73.
4359 27. 73.
4360 27. 73.
4361 27. 73.
4362 27. 73.
4363 27. 73.
4364 27. 73.
4365 27. 73.
4366 28. 72.
4367 28. 72.
4368 28. 72.
4369 28. 72.
4370 28. 72.
4371 27. 73.
4372 27. 73.
4373 27. 73.
4374 27. 73.
4375 28. 72.
4376 28. 72.
4377 29. 71.
4378 29. 71.
4379 29. 71.
4380 30. 70.
4381 30. 70.
4382 30. 70.
4383 30. 70.
4384 30. 70.
4385 30. 70.
4386 30. 70.
4387 30. 70.
4388 30. 70.
4389 31. 69.
4390 31. 69.
4391 31. 69.
4392 31. 69.
4393 31. 69.
4394 31. 69.
4395 30. 70.
4396 30. 70.
4397 30. 70.
4398 30. 70.
4399 30. 70.
4400 30. 70.
4401 30. 70.
4402 30. 70.
4403 30. 70.
4404 30. 70.
4405 30. 70.
4406 31. 69.
4407 31. 69.
4408 31. 69.
4409 31. 69.
4410 31. 69.
4411 31. 69.
4412 31. 69.
4413 30. 70.
4414 30. 70.
4415 30. 70.
4416 30. 70.
4417 30. 70.
4418 30. 70.
4419 31. 69.
4420 31. 69.
4421 31. 69.
4422 31. 69.
4423 31. 69.
4424 31. 69.
4425 31. 69.
4426 30. 70.
4427 30. 70.
4428 30. 70.
4429 29. 71.
4430 29. 71.
4431 29. 71.
4432 29. 71.
4433 29. 71.
4434 29. 71.
4435 29. 71.
4436 29. 71.
4437 29. 71.
4438 28. 72.
4439 28. 72.
4440 28. 72.
4441 28. 72.
4442 29. 71.
4443 29. 71.
4444 29. 71.
4445 29. 71.
4446 29. 71.
4447 29. 71.
4448 29. 71.
4449 29. 71.
4450 29. 71.
4451 28. 72.
4452 28. 72.
4453 28. 72.
4454 28. 72.
4455 28. 72.
4456 28. 72.
4457 28. 72.
4458 28. 72.
4459 28. 72.
4460 28. 72.
4461 28. 72.
4462 28. 72.
4463 28. 72.
4464 29. 71.
4465 29. 71.
4466 29. 71.
4467 29. 71.
4468 28. 72.
4469 28. 72.
4470 27. 73.
4471 27. 73.
4472 27. 73.
4473 27. 73.
4474 26. 74.
4475 26. 74.
4476 26. 74.
4477 26. 74.
4478 26. 74.
4479 26. 74.
4480 26. 74.
4481 26. 74.
4482 26. 74.
4483 26. 74.
4484 26. 74.
4485 26. 74.
4486 27. 73.
4487 27. 73.
4488 27. 73.
4489 27. 73.
4490 27. 73.
4491 27. 73.
4492 27. 73.
4493 27. 73.
4494 27. 73.
4495 27. 73.
4496 27. 73.
4497 27. 73.
4498 27. 73.
4499 27. 73.
4500 27. 73.
4501 27. 73.
4502 26. 74.
4503 25. 75.
4504 25. 75.
4505 25. 75.
4506 25. 75.
4507 25. 75.
4508 26. 74.
4509 26. 74.
4510 27. 73.
4511 27. 73.
4512 27. 73.
4513 27. 73.
4514 27. 73.
4515 27. 73.
4516 26. 74.
4517 27. 73.
4518 27. 73.
4519 27. 73.
4520 28. 72.
4521 28. 72.
4522 28. 72.
4523 29. 71.
4524 29. 71.
4525 29. 71.
4526 29. 71.
4527 29. 71.
4528 29. 71.
4529 29. 71.
4530 30. 70.
4531 30. 70.
4532 30. 70.
4533 30. 70.
4534 30. 70.
4535 31. 69.
4536 31. 69.
4537 31. 69.
4538 31. 69.
4539 31. 69.
4540 31. 69.
4541 31. 69.
4542 31. 69.
4543 30. 70.
4544 30. 70.
4545 30. 70.
4546 29. 71.
4547 29. 71.
4548 29. 71.
4549 29. 71.
4550 29. 71.
4551 29. 71.
4552 30. 70.
4553 30. 70.
4554 30. 70.
4555 30. 70.
4556 30. 70.
4557 30. 70.
4558 30. 70.
4559 30. 70.
4560 30. 70.
4561 30. 70.
4562 30. 70.
4563 30. 70.
4564 30. 70.
4565 31. 69.
4566 31. 69.
4567 31. 69.
4568 32. 68.
4569 32. 68.
4570 32. 68.
4571 32. 68.
4572 32. 68.
4573 32. 68.
4574 32. 68.
4575 32. 68.
4576 32. 68.
4577 32. 68.
4578 32. 68.
4579 32. 68.
4580 32. 68.
4581 32. 68.
4582 33. 67.
4583 33. 67.
4584 33. 67.
4585 33. 67.
4586 34. 66.
4587 34. 66.
4588 34. 66.
4589 34. 66.
4590 34. 66.
4591 34. 66.
4592 34. 66.
4593 34. 66.
4594 34. 66.
4595 34. 66.
4596 34. 66.
4597 35. 65.
4598 35. 65.
4599 35. 65.
4600 34. 66.
4601 34. 66.
4602 34. 66.
4603 34. 66.
4604 34. 66.
4605 34. 66.
4606 34. 66.
4607 33. 67.
4608 33. 67.
4609 33. 67.
4610 33. 67.
4611 33. 67.
4612 33. 67.
4613 33. 67.
4614 33. 67.
4615 33. 67.
4616 33. 67.
4617 33. 67.
4618 34. 66.
4619 35. 65.
4620 35. 65.
4621 35. 65.
4622 35. 65.
4623 35. 65.
4624 35. 65.
4625 35. 65.
4626 35. 65.
4627 35. 65.
4628 34. 66.
4629 33. 67.
4630 33. 67.
4631 33. 67.
4632 33. 67.
4633 33. 67.
4634 33. 67.
4635 33. 67.
4636 33. 67.
4637 33. 67.
4638 33. 67.
4639 33. 67.
4640 33. 67.
4641 33. 67.
4642 33. 67.
4643 33. 67.
4644 33. 67.
4645 33. 67.
4646 33. 67.
4647 32. 68.
4648 32. 68.
4649 32. 68.
4650 33. 67.
4651 33. 67.
4652 33. 67.
4653 33. 67.
4654 33. 67.
4655 33. 67.
4656 32. 68.
4657 32. 68.
4658 32. 68.
4659 33. 67.
4660 33. 67.
4661 33. 67.
4662 34. 66.
4663 33. 67.
4664 32. 68.
4665 32. 68.
4666 32. 68.
4667 32. 68.
4668 32. 68.
4669 31. 69.
4670 31. 69.
4671 31. 69.
4672 31. 69.
4673 32. 68.
4674 32. 68.
4675 32. 68.
4676 32. 68.
4677 31. 69.
4678 30. 70.
4679 30. 70.
4680 30. 70.
4681 30. 70.
4682 31. 69.
4683 31. 69.
4684 31. 69.
4685 31. 69.
4686 31. 69.
4687 31. 69.
4688 30. 70.
4689 30. 70.
4690 30. 70.
4691 30. 70.
4692 30. 70.
4693 29. 71.
4694 29. 71.
4695 29. 71.
4696 29. 71.
4697 30. 70.
4698 30. 70.
4699 30. 70.
4700 30. 70.
4701 30. 70.
4702 30. 70.
4703 30. 70.
4704 29. 71.
4705 29. 71.
4706 29. 71.
4707 29. 71.
4708 29. 71.
4709 30. 70.
4710 30. 70.
4711 30. 70.
4712 30. 70.
4713 31. 69.
4714 31. 69.
4715 31. 69.
4716 31. 69.
4717 31. 69.
4718 30. 70.
4719 31. 69.
4720 31. 69.
4721 31. 69.
4722 31. 69.
4723 31. 69.
4724 31. 69.
4725 31. 69.
4726 31. 69.
4727 30. 70.
4728 30. 70.
4729 30. 70.
4730 30. 70.
4731 30. 70.
4732 29. 71.
4733 29. 71.
4734 29. 71.
4735 29. 71.
4736 29. 71.
4737 29. 71.
4738 29. 71.
4739 30. 70.
4740 30. 70.
4741 30. 70.
4742 30. 70.
4743 30. 70.
4744 29. 71.
4745 30. 70.
4746 30. 70.
4747 30. 70.
4748 30. 70.
4749 30. 70.
4750 30. 70.
4751 30. 70.
4752 30. 70.
4753 30. 70.
4754 30. 70.
4755 30. 70.
4756 30. 70.
4757 29. 71.
4758 29. 71.
4759 29. 71.
4760 29. 71.
4761 28. 72.
4762 28. 72.
4763 28. 72.
4764 28. 72.
4765 28. 72.
4766 28. 72.
4767 28. 72.
4768 28. 72.
4769 28. 72.
4770 28. 72.
4771 28. 72.
4772 28. 72.
4773 28. 72.
4774 28. 72.
4775 28. 72.
4776 28. 72.
4777 28. 72.
4778 28. 72.
4779 27. 73.
4780 27. 73.
4781 27. 73.
4782 27. 73.
4783 27. 73.
4784 27. 73.
4785 26. 74.
4786 26. 74.
4787 26. 74.
4788 26. 74.
4789 26. 74.
4790 26. 74.
4791 26. 74.
4792 26. 74.
4793 26. 74.
4794 26. 74.
4795 26. 74.
4796 26. 74.
4797 26. 74.
4798 26. 74.
4799 26. 74.
4800 26. 74.
4801 26. 74.
4802 26. 74.
4803 26. 74.
4804 26. 74.
4805 26. 74.
4806 26. 74.
4807 26. 74.
4808 26. 74.
4809 26. 74.
4810 25. 75.
4811 25. 75.
4812 25. 75.
4813 24. 76.
4814 24. 76.
4815 24. 76.
4816 24. 76.
4817 24. 76.
4818 24. 76.
4819 24. 76.
4820 24. 76.
4821 24. 76.
4822 24. 76.
4823 24. 76.
4824 24. 76.
4825 24. 76.
4826 25. 75.
4827 25. 75.
4828 25. 75.
4829 25. 75.
4830 25. 75.
4831 25. 75.
4832 25. 75.
4833 24. 76.
4834 24. 76.
4835 24. 76.
4836 25. 75.
4837 25. 75.
4838 25. 75.
4839 25. 75.
4840 25. 75.
4841 25. 75.
4842 25. 75.
4843 25. 75.
4844 25. 75.
4845 25. 75.
4846 25. 75.
4847 25. 75.
4848 25. 75.
4849 25. 75.
4850 25. 75.
4851 25. 75.
4852 25. 75.
4853 25. 75.
4854 25. 75.
4855 24. 76.
4856 24. 76.
4857 24. 76.
4858 24. 76.
4859 25. 75.
4860 25. 75.
4861 25. 75.
4862 24. 76.
4863 24. 76.
4864 25. 75.
4865 25. 75.
4866 24. 76.
4867 24. 76.
4868 24. 76.
4869 25. 75.
4870 25. 75.
4871 24. 76.
4872 24. 76.
4873 24. 76.
4874 24. 76.
4875 24. 76.
4876 24. 76.
4877 24. 76.
4878 24. 76.
4879 24. 76.
4880 24. 76.
4881 24. 76.
4882 24. 76.
4883 24. 76.
4884 24. 76.
4885 24. 76.
4886 24. 76.
4887 23. 77.
4888 23. 77.
4889 23. 77.
4890 23. 77.
4891 23. 77.
4892 23. 77.
4893 23. 77.
4894 24. 76.
4895 24. 76.
4896 24. 76.
4897 24. 76.
4898 24. 76.
4899 24. 76.
4900 24. 76.
4901 24. 76.
4902 24. 76.
4903 25. 75.
4904 25. 75.
4905 25. 75.
4906 24. 76.
4907 24. 76.
4908 24. 76.
4909 24. 76.
4910 24. 76.
4911 24. 76.
4912 24. 76.
4913 24. 76.
4914 24. 76.
4915 24. 76.
4916 24. 76.
4917 24. 76.
4918 24. 76.
4919 25. 75.
4920 26. 74.
4921 26. 74.
4922 27. 73.
4923 27. 73.
4924 27. 73.
4925 26. 74.
4926 25. 75.
4927 25. 75.
4928 25. 75.
4929 25. 75.
4930 25. 75.
4931 25. 75.
4932 25. 75.
4933 25. 75.
4934 25. 75.
4935 25. 75.
4936 25. 75.
4937 26. 74.
4938 26. 74.
4939 26. 74.
4940 26. 74.
4941 26. 74.
4942 26. 74.
4943 26. 74.
4944 26. 74.
4945 26. 74.
4946 25. 75.
4947 26. 74.
4948 25. 75.
4949 25. 75.
4950 25. 75.
4951 24. 76.
4952 24. 76.
4953 24. 76.
4954 24. 76.
4955 24. 76.
4956 24. 76.
4957 24. 76.
4958 25. 75.
4959 25. 75.
4960 25. 75.
4961 25. 75.
4962 25. 75.
4963 25. 75.
4964 26. 74.
4965 27. 73.
4966 27. 73.
4967 27. 73.
4968 26. 74.
4969 26. 74.
4970 26. 74.
4971 26. 74.
4972 26. 74.
4973 26. 74.
4974 26. 74.
4975 26. 74.
4976 26. 74.
4977 26. 74.
4978 26. 74.
4979 26. 74.
4980 26. 74.
4981 26. 74.
4982 26. 74.
4983 26. 74.
4984 26. 74.
4985 26. 74.
4986 26. 74.
4987 26. 74.
4988 26. 74.
4989 26. 74.
4990 26. 74.
4991 26. 74.
4992 26. 74.
4993 26. 74.
4994 26. 74.
4995 26. 74.
4996 26. 74.
4997 26. 74.
4998 26. 74.
4999 26. 74.
5000 26. 74.
5001 26. 74.
5002 26. 74.
5003 26. 74.
5004 27. 73.
5005 27. 73.
5006 28. 72.
5007 28. 72.
5008 29. 71.
5009 29. 71.
5010 29. 71.
5011 29. 71.
5012 29. 71.
5013 29. 71.
5014 29. 71.
5015 28. 72.
5016 28. 72.
5017 28. 72.
5018 28. 72.
5019 28. 72.
5020 28. 72.
5021 28. 72.
5022 28. 72.
5023 28. 72.
5024 28. 72.
5025 28. 72.
5026 28. 72.
5027 28. 72.
5028 29. 71.
5029 29. 71.
5030 29. 71.
5031 29. 71.
5032 29. 71.
5033 29. 71.
5034 29. 71.
5035 29. 71.
5036 30. 70.
5037 30. 70.
5038 30. 70.
5039 30. 70.
5040 30. 70.
5041 30. 70.
5042 30. 70.
5043 30. 70.
5044 30. 70.
5045 30. 70.
5046 30. 70.
5047 30. 70.
5048 29. 71.
5049 29. 71.
5050 29. 71.
5051 29. 71.
5052 28. 72.
5053 27. 73.
5054 27. 73.
5055 27. 73.
5056 27. 73.
5057 27. 73.
5058 27. 73.
5059 27. 73.
5060 27. 73.
5061 28. 72.
5062 28. 72.
5063 27. 73.
5064 26. 74.
5065 26. 74.
5066 26. 74.
5067 26. 74.
5068 26. 74.
5069 26. 74.
5070 25. 75.
5071 25. 75.
5072 25. 75.
5073 25. 75.
5074 25. 75.
5075 25. 75.
5076 24. 76.
5077 24. 76.
5078 24. 76.
5079 24. 76.
5080 23. 77.
5081 23. 77.
5082 23. 77.
5083 23. 77.
5084 23. 77.
5085 23. 77.
5086 24. 76.
5087 24. 76.
5088 24. 76.
5089 24. 76.
5090 24. 76.
5091 24. 76.
5092 24. 76.
5093 24. 76.
5094 24. 76.
5095 24. 76.
5096 24. 76.
5097 23. 77.
5098 22. 78.
5099 22. 78.
5100 22. 78.
5101 22. 78.
5102 22. 78.
5103 22. 78.
5104 22. 78.
5105 22. 78.
5106 22. 78.
5107 22. 78.
5108 22. 78.
5109 22. 78.
5110 22. 78.
5111 22. 78.
5112 22. 78.
5113 21. 79.
5114 20. 80.
5115 20. 80.
5116 20. 80.
5117 20. 80.
5118 20. 80.
5119 20. 80.
5120 20. 80.
5121 20. 80.
5122 20. 80.
5123 21. 79.
5124 21. 79.
5125 21. 79.
5126 21. 79.
5127 22. 78.
5128 22. 78.
5129 21. 79.
5130 21. 79.
5131 21. 79.
5132 21. 79.
5133 21. 79.
5134 21. 79.
5135 21. 79.
5136 22. 78.
5137 22. 78.
5138 22. 78.
5139 22. 78.
5140 22. 78.
5141 22. 78.
5142 22. 78.
5143 21. 79.
5144 20. 80.
5145 20. 80.
5146 20. 80.
5147 20. 80.
5148 20. 80.
5149 20. 80.
5150 19. 81.
5151 19. 81.
5152 19. 81.
5153 19. 81.
5154 19. 81.
5155 19. 81.
5156 19. 81.
5157 19. 81.
5158 19. 81.
5159 19. 81.
5160 19. 81.
5161 20. 80.
5162 19. 81.
5163 19. 81.
5164 19. 81.
5165 18. 82.
5166 18. 82.
5167 19. 81.
5168 19. 81.
5169 19. 81.
5170 19. 81.
5171 19. 81.
5172 19. 81.
5173 19. 81.
5174 20. 80.
5175 20. 80.
5176 20. 80.
5177 20. 80.
5178 19. 81.
5179 19. 81.
5180 19. 81.
5181 19. 81.
5182 19. 81.
5183 19. 81.
5184 19. 81.
5185 19. 81.
5186 18. 82.
5187 18. 82.
5188 18. 82.
5189 18. 82.
5190 18. 82.
5191 18. 82.
5192 18. 82.
5193 18. 82.
5194 17. 83.
5195 17. 83.
5196 17. 83.
5197 17. 83.
5198 16. 84.
5199 16. 84.
5200 16. 84.
5201 16. 84.
5202 16. 84.
5203 17. 83.
5204 17. 83.
5205 17. 83.
5206 17. 83.
5207 17. 83.
5208 17. 83.
5209 17. 83.
5210 17. 83.
5211 17. 83.
5212 16. 84.
5213 16. 84.
5214 15. 85.
5215 15. 85.
5216 15. 85.
5217 15. 85.
5218 15. 85.
5219 15. 85.
5220 15. 85.
5221 15. 85.
5222 15. 85.
5223 15. 85.
5224 15. 85.
5225 15. 85.
5226 15. 85.
5227 15. 85.
5228 14. 86.
5229 14. 86.
5230 14. 86.
5231 13. 87.
5232 13. 87.
5233 13. 87.
5234 13. 87.
5235 12. 88.
5236 12. 88.
5237 12. 88.
5238 12. 88.
5239 12. 88.
5240 12. 88.
5241 12. 88.
5242 12. 88.
5243 13. 87.
5244 13. 87.
5245 13. 87.
5246 13. 87.
5247 13. 87.
5248 13. 87.
5249 13. 87.
5250 13. 87.
5251 13. 87.
5252 13. 87.
5253 13. 87.
5254 13. 87.
5255 13. 87.
5256 13. 87.
5257 12. 88.
5258 12. 88.
5259 13. 87.
5260 13. 87.
5261 13. 87.
5262 13. 87.
5263 13. 87.
5264 13. 87.
5265 13. 87.
5266 13. 87.
5267 13. 87.
5268 13. 87.
5269 14. 86.
5270 14. 86.
5271 14. 86.
5272 14. 86.
5273 14. 86.
5274 14. 86.
5275 14. 86.
5276 14. 86.
5277 14. 86.
5278 14. 86.
5279 14. 86.
5280 14. 86.
5281 14. 86.
5282 14. 86.
5283 14. 86.
5284 15. 85.
5285 15. 85.
5286 15. 85.
5287 15. 85.
5288 15. 85.
5289 15. 85.
5290 15. 85.
5291 15. 85.
5292 15. 85.
5293 15. 85.
5294 15. 85.
5295 15. 85.
5296 15. 85.
5297 15. 85.
5298 15. 85.
5299 15. 85.
5300 15. 85.
5301 15. 85.
5302 15. 85.
5303 16. 84.
5304 16. 84.
5305 16. 84.
5306 16. 84.
5307 16. 84.
5308 16. 84.
5309 16. 84.
5310 16. 84.
5311 16. 84.
5312 16. 84.
5313 16. 84.
5314 15. 85.
5315 15. 85.
5316 15. 85.
5317 16. 84.
5318 16. 84.
5319 16. 84.
5320 16. 84.
5321 15. 85.
5322 16. 84.
5323 16. 84.
5324 16. 84.
5325 16. 84.
5326 16. 84.
5327 16. 84.
5328 16. 84.
5329 16. 84.
5330 16. 84.
5331 16. 84.
5332 16. 84.
5333 16. 84.
5334 16. 84.
5335 16. 84.
5336 16. 84.
5337 16. 84.
5338 15. 85.
5339 15. 85.
5340 14. 86.
5341 14. 86.
5342 14. 86.
5343 14. 86.
5344 14. 86.
5345 14. 86.
5346 14. 86.
5347 15. 85.
5348 15. 85.
5349 15. 85.
5350 15. 85.
5351 15. 85.
5352 15. 85.
5353 15. 85.
5354 15. 85.
5355 15. 85.
5356 15. 85.
5357 15. 85.
5358 15. 85.
5359 15. 85.
5360 15. 85.
5361 16. 84.
5362 16. 84.
5363 16. 84.
5364 16. 84.
5365 16. 84.
5366 17. 83.
5367 17. 83.
5368 16. 84.
5369 16. 84.
5370 17. 83.
5371 17. 83.
5372 16. 84.
5373 16. 84.
5374 16. 84.
5375 16. 84.
5376 16. 84.
5377 16. 84.
5378 16. 84.
5379 16. 84.
5380 16. 84.
5381 16. 84.
5382 16. 84.
5383 16. 84.
5384 16. 84.
5385 17. 83.
5386 17. 83.
5387 17. 83.
5388 17. 83.
5389 17. 83.
5390 17. 83.
5391 17. 83.
5392 16. 84.
5393 16. 84.
5394 16. 84.
5395 16. 84.
5396 16. 84.
5397 15. 85.
5398 15. 85.
5399 15. 85.
5400 15. 85.
5401 15. 85.
5402 15. 85.
5403 15. 85.
5404 15. 85.
5405 15. 85.
5406 15. 85.
5407 15. 85.
5408 15. 85.
5409 15. 85.
5410 15. 85.
5411 15. 85.
5412 15. 85.
5413 15. 85.
5414 15. 85.
5415 14. 86.
5416 15. 85.
5417 15. 85.
5418 15. 85.
5419 15. 85.
5420 15. 85.
5421 14. 86.
5422 15. 85.
5423 15. 85.
5424 15. 85.
5425 15. 85.
5426 15. 85.
5427 15. 85.
5428 15. 85.
5429 15. 85.
5430 15. 85.
5431 15. 85.
5432 15. 85.
5433 15. 85.
5434 15. 85.
5435 15. 85.
5436 15. 85.
5437 15. 85.
5438 15. 85.
5439 15. 85.
5440 15. 85.
5441 15. 85.
5442 15. 85.
5443 14. 86.
5444 14. 86.
5445 14. 86.
5446 14. 86.
5447 14. 86.
5448 14. 86.
5449 14. 86.
5450 14. 86.
5451 14. 86.
5452 14. 86.
5453 14. 86.
5454 14. 86.
5455 14. 86.
5456 14. 86.
5457 14. 86.
5458 14. 86.
5459 14. 86.
5460 14. 86.
5461 15. 85.
5462 15. 85.
5463 15. 85.
5464 15. 85.
5465 16. 84.
5466 16. 84.
5467 16. 84.
5468 16. 84.
5469 16. 84.
5470 16. 84.
5471 16. 84.
5472 16. 84.
5473 16. 84.
5474 16. 84.
5475 16. 84.
5476 16. 84.
5477 16. 84.
5478 16. 84.
5479 16. 84.
5480 15. 85.
5481 15. 85.
5482 15. 85.
5483 15. 85.
5484 15. 85.
5485 14. 86.
5486 14. 86.
5487 14. 86.
5488 14. 86.
5489 14. 86.
5490 15. 85.
5491 15. 85.
5492 15. 85.
5493 14. 86.
5494 14. 86.
5495 14. 86.
5496 14. 86.
5497 14. 86.
5498 14. 86.
5499 14. 86.
5500 14. 86.
5501 14. 86.
5502 14. 86.
5503 14. 86.
5504 14. 86.
5505 14. 86.
5506 14. 86.
5507 14. 86.
5508 14. 86.
5509 14. 86.
5510 15. 85.
5511 15. 85.
5512 15. 85.
5513 16. 84.
5514 16. 84.
5515 16. 84.
5516 17. 83.
5517 17. 83.
5518 17. 83.
5519 17. 83.
5520 17. 83.
5521 17. 83.
5522 17. 83.
5523 17. 83.
5524 18. 82.
5525 18. 82.
5526 18. 82.
5527 18. 82.
5528 18. 82.
5529 18. 82.
5530 18. 82.
5531 18. 82.
5532 18. 82.
5533 18. 82.
5534 18. 82.
5535 18. 82.
5536 18. 82.
5537 18. 82.
5538 18. 82.
5539 18. 82.
5540 18. 82.
5541 18. 82.
5542 17. 83.
5543 16. 84.
5544 16. 84.
5545 16. 84.
5546 16. 84.
5547 16. 84.
5548 16. 84.
5549 16. 84.
5550 15. 85.
5551 15. 85.
5552 15. 85.
5553 15. 85.
5554 15. 85.
5555 15. 85.
5556 15. 85.
5557 15. 85.
5558 15. 85.
5559 15. 85.
5560 15. 85.
5561 15. 85.
5562 14. 86.
5563 14. 86.
5564 14. 86.
5565 15. 85.
5566 15. 85.
5567 14. 86.
5568 14. 86.
5569 14. 86.
5570 14. 86.
5571 14. 86.
5572 14. 86.
5573 14. 86.
5574 13. 87.
5575 12. 88.
5576 12. 88.
5577 12. 88.
5578 12. 88.
5579 12. 88.
5580 12. 88.
5581 12. 88.
5582 12. 88.
5583 12. 88.
5584 12. 88.
5585 12. 88.
5586 12. 88.
5587 12. 88.
5588 12. 88.
5589 12. 88.
5590 12. 88.
5591 12. 88.
5592 12. 88.
5593 12. 88.
5594 12. 88.
5595 13. 87.
5596 13. 87.
5597 13. 87.
5598 13. 87.
5599 13. 87.
5600 13. 87.
5601 13. 87.
5602 13. 87.
5603 13. 87.
5604 13. 87.
5605 13. 87.
5606 13. 87.
5607 13. 87.
5608 12. 88.
5609 12. 88.
5610 12. 88.
5611 12. 88.
5612 12. 88.
5613 12. 88.
5614 12. 88.
5615 12. 88.
5616 12. 88.
5617 12. 88.
5618 12. 88.
5619 12. 88.
5620 11. 89.
5621 11. 89.
5622 11. 89.
5623 11. 89.
5624 11. 89.
5625 11. 89.
5626 11. 89.
5627 11. 89.
5628 11. 89.
5629 11. 89.
5630 11. 89.
5631 11. 89.
5632 11. 89.
5633 11. 89.
5634 11. 89.
5635 11. 89.
5636 11. 89.
5637 10. 90.
5638 10. 90.
5639 10. 90.
5640 10. 90.
5641 10. 90.
5642 10. 90.
5643 10. 90.
5644 10. 90.
5645 10. 90.
5646 10. 90.
5647 10. 90.
5648 10. 90.
5649 10. 90.
5650 10. 90.
5651 10. 90.
5652 10. 90.
5653 10. 90.
5654 10. 90.
5655 10. 90.
5656 10. 90.
5657 10. 90.
5658 10. 90.
5659 10. 90.
5660 10. 90.
5661 10. 90.
5662 10. 90.
5663 10. 90.
5664 10. 90.
5665 10. 90.
5666 10. 90.
5667 10. 90.
5668 10. 90.
5669 10. 90.
5670 10. 90.
5671 10. 90.
5672 10. 90.
5673 10. 90.
5674 10. 90.
5675 10. 90.
5676 10. 90.
5677 10. 90.
5678 10. 90.
5679 11. 89.
5680 11. 89.
5681 11. 89.
5682 11. 89.
5683 11. 89.
5684 11. 89.
5685 11. 89.
5686 11. 89.
5687 11. 89.
5688 11. 89.
5689 11. 89.
5690 11. 89.
5691 11. 89.
5692 11. 89.
5693 11. 89.
5694 11. 89.
5695 11. 89.
5696 11. 89.
5697 12. 88.
5698 11. 89.
5699 11. 89.
5700 11. 89.
5701 11. 89.
5702 11. 89.
5703 11. 89.
5704 11. 89.
5705 11. 89.
5706 11. 89.
5707 11. 89.
5708 11. 89.
5709 11. 89.
5710 11. 89.
5711 11. 89.
5712 11. 89.
5713 11. 89.
5714 11. 89.
5715 11. 89.
5716 11. 89.
5717 11. 89.
5718 11. 89.
5719 10. 90.
5720 10. 90.
5721 10. 90.
5722 11. 89.
5723 11. 89.
5724 11. 89.
5725 11. 89.
5726 11. 89.
5727 11. 89.
5728 11. 89.
5729 11. 89.
5730 11. 89.
5731 11. 89.
5732 11. 89.
5733 11. 89.
5734 11. 89.
5735 11. 89.
5736 11. 89.
5737 11. 89.
5738 11. 89.
5739 10. 90.
5740 10. 90.
5741 10. 90.
5742 10. 90.
5743 10. 90.
5744 10. 90.
5745 10. 90.
5746 10. 90.
5747 10. 90.
5748 10. 90.
5749 10. 90.
5750 9. 91.
5751 9. 91.
5752 9. 91.
5753 9. 91.
5754 9. 91.
5755 9. 91.
5756 9. 91.
5757 9. 91.
5758 9. 91.
5759 9. 91.
5760 9. 91.
5761 10. 90.
5762 10. 90.
5763 10. 90.
5764 10. 90.
5765 10. 90.
5766 10. 90.
5767 10. 90.
5768 10. 90.
5769 10. 90.
5770 10. 90.
5771 10. 90.
5772 10. 90.
5773 10. 90.
5774 10. 90.
5775 10. 90.
5776 10. 90.
5777 10. 90.
5778 10. 90.
5779 10. 90.
5780 10. 90.
5781 10. 90.
5782 10. 90.
5783 10. 90.
5784 10. 90.
5785 10. 90.
5786 10. 90.
5787 10. 90.
5788 10. 90.
5789 10. 90.
5790 10. 90.
5791 10. 90.
5792 10. 90.
5793 10. 90.
5794 10. 90.
5795 10. 90.
5796 10. 90.
5797 10. 90.
5798 11. 89.
5799 12. 88.
5800 12. 88.
5801 11. 89.
5802 11. 89.
5803 11. 89.
5804 10. 90.
5805 11. 89.
5806 10. 90.
5807 10. 90.
5808 10. 90.
5809 10. 90.
5810 10. 90.
5811 10. 90.
5812 11. 89.
5813 11. 89.
5814 11. 89.
5815 11. 89.
5816 11. 89.
5817 11. 89.
5818 11. 89.
5819 11. 89.
5820 11. 89.
5821 11. 89.
5822 11. 89.
5823 11. 89.
5824 11. 89.
5825 11. 89.
5826 11. 89.
5827 11. 89.
5828 10. 90.
5829 10. 90.
5830 10. 90.
5831 10. 90.
5832 9. 91.
5833 9. 91.
5834 9. 91.
5835 9. 91.
5836 9. 91.
5837 9. 91.
5838 9. 91.
5839 9. 91.
5840 9. 91.
5841 9. 91.
5842 9. 91.
5843 9. 91.
5844 9. 91.
5845 9. 91.
5846 9. 91.
5847 9. 91.
5848 9. 91.
5849 8. 92.
5850 8. 92.
5851 8. 92.
5852 8. 92.
5853 8. 92.
5854 8. 92.
5855 7. 93.
5856 7. 93.
5857 7. 93.
5858 7. 93.
5859 7. 93.
5860 7. 93.
5861 8. 92.
5862 8. 92.
5863 8. 92.
5864 8. 92.
5865 8. 92.
5866 8. 92.
5867 8. 92.
5868 8. 92.
5869 8. 92.
5870 8. 92.
5871 8. 92.
5872 8. 92.
5873 8. 92.
5874 8. 92.
5875 8. 92.
5876 8. 92.
5877 8. 92.
5878 8. 92.
5879 8. 92.
5880 8. 92.
5881 8. 92.
5882 8. 92.
5883 8. 92.
5884 8. 92.
5885 8. 92.
5886 8. 92.
5887 8. 92.
5888 8. 92.
5889 8. 92.
5890 8. 92.
5891 8. 92.
5892 8. 92.
5893 8. 92.
5894 8. 92.
5895 8. 92.
5896 8. 92.
5897 8. 92.
5898 8. 92.
5899 8. 92.
5900 8. 92.
5901 8. 92.
5902 8. 92.
5903 8. 92.
5904 8. 92.
5905 8. 92.
5906 8. 92.
5907 8. 92.
5908 8. 92.
5909 8. 92.
5910 8. 92.
5911 8. 92.
5912 8. 92.
5913 8. 92.
5914 8. 92.
5915 8. 92.
5916 8. 92.
5917 8. 92.
5918 8. 92.
5919 8. 92.
5920 8. 92.
5921 8. 92.
5922 8. 92.
5923 9. 91.
5924 10. 90.
5925 10. 90.
5926 10. 90.
5927 9. 91.
5928 10. 90.
5929 10. 90.
5930 10. 90.
5931 10. 90.
5932 10. 90.
5933 10. 90.
5934 10. 90.
5935 10. 90.
5936 10. 90.
5937 10. 90.
5938 10. 90.
5939 10. 90.
5940 9. 91.
5941 9. 91.
5942 9. 91.
5943 9. 91.
5944 8. 92.
5945 8. 92.
5946 7. 93.
5947 7. 93.
5948 7. 93.
5949 7. 93.
5950 7. 93.
5951 7. 93.
5952 8. 92.
5953 8. 92.
5954 8. 92.
5955 8. 92.
5956 8. 92.
5957 8. 92.
5958 8. 92.
5959 8. 92.
5960 9. 91.
5961 9. 91.
5962 9. 91.
5963 9. 91.
5964 9. 91.
5965 9. 91.
5966 10. 90.
5967 9. 91.
5968 9. 91.
5969 9. 91.
5970 9. 91.
5971 9. 91.
5972 9. 91.
5973 9. 91.
5974 9. 91.
5975 8. 92.
5976 8. 92.
5977 8. 92.
5978 8. 92.
5979 8. 92.
5980 8. 92.
5981 8. 92.
5982 8. 92.
5983 8. 92.
5984 7. 93.
5985 7. 93.
5986 7. 93.
5987 7. 93.
5988 7. 93.
5989 7. 93.
5990 7. 93.
5991 7. 93.
5992 7. 93.
5993 7. 93.
5994 7. 93.
5995 7. 93.
5996 7. 93.
5997 7. 93.
5998 8. 92.
5999 8. 92.
6000 7. 93.
6001 7. 93.
6002 7. 93.
6003 7. 93.
6004 7. 93.
6005 7. 93.
6006 7. 93.
6007 7. 93.
6008 7. 93.
6009 7. 93.
6010 7. 93.
6011 7. 93.
6012 7. 93.
6013 8. 92.
6014 8. 92.
6015 8. 92.
6016 8. 92.
6017 8. 92.
6018 8. 92.
6019 8. 92.
6020 8. 92.
6021 9. 91.
6022 9. 91.
6023 9. 91.
6024 9. 91.
6025 9. 91.
6026 9. 91.
6027 9. 91.
6028 9. 91.
6029 9. 91.
6030 9. 91.
6031 9. 91.
6032 9. 91.
6033 9. 91.
6034 9. 91.
6035 9. 91.
6036 9. 91.
6037 10. 90.
6038 10. 90.
6039 10. 90.
6040 10. 90.
6041 10. 90.
6042 10. 90.
6043 10. 90.
6044 10. 90.
6045 10. 90.
6046 10. 90.
6047 10. 90.
6048 10. 90.
6049 10. 90.
6050 11. 89.
6051 11. 89.
6052 10. 90.
6053 10. 90.
6054 10. 90.
6055 10. 90.
6056 10. 90.
6057 10. 90.
6058 10. 90.
6059 10. 90.
6060 10. 90.
6061 10. 90.
6062 10. 90.
6063 10. 90.
6064 10. 90.
6065 10. 90.
6066 10. 90.
6067 10. 90.
6068 10. 90.
6069 10. 90.
6070 10. 90.
6071 10. 90.
6072 10. 90.
6073 9. 91.
6074 9. 91.
6075 9. 91.
6076 9. 91.
6077 8. 92.
6078 8. 92.
6079 8. 92.
6080 8. 92.
6081 8. 92.
6082 8. 92.
6083 8. 92.
6084 8. 92.
6085 8. 92.
6086 9. 91.
6087 10. 90.
6088 10. 90.
6089 10. 90.
6090 10. 90.
6091 10. 90.
6092 10. 90.
6093 10. 90.
6094 10. 90.
6095 10. 90.
6096 10. 90.
6097 10. 90.
6098 10. 90.
6099 10. 90.
6100 10. 90.
6101 10. 90.
6102 10. 90.
6103 10. 90.
6104 10. 90.
6105 10. 90.
6106 10. 90.
6107 9. 91.
6108 9. 91.
6109 9. 91.
6110 9. 91.
6111 9. 91.
6112 9. 91.
6113 9. 91.
6114 9. 91.
6115 9. 91.
6116 8. 92.
6117 8. 92.
6118 8. 92.
6119 9. 91.
6120 8. 92.
6121 8. 92.
6122 8. 92.
6123 8. 92.
6124 7. 93.
6125 7. 93.
6126 7. 93.
6127 7. 93.
6128 7. 93.
6129 7. 93.
6130 7. 93.
6131 7. 93.
6132 7. 93.
6133 7. 93.
6134 7. 93.
6135 7. 93.
6136 7. 93.
6137 7. 93.
6138 7. 93.
6139 7. 93.
6140 7. 93.
6141 7. 93.
6142 7. 93.
6143 7. 93.
6144 7. 93.
6145 7. 93.
6146 7. 93.
6147 7. 93.
6148 7. 93.
6149 7. 93.
6150 7. 93.
6151 7. 93.
6152 7. 93.
6153 7. 93.
6154 7. 93.
6155 7. 93.
6156 7. 93.
6157 7. 93.
6158 7. 93.
6159 7. 93.
6160 6. 94.
6161 6. 94.
6162 6. 94.
6163 6. 94.
6164 6. 94.
6165 6. 94.
6166 6. 94.
6167 6. 94.
6168 6. 94.
6169 6. 94.
6170 6. 94.
6171 6. 94.
6172 6. 94.
6173 6. 94.
6174 6. 94.
6175 6. 94.
6176 6. 94.
6177 6. 94.
6178 6. 94.
6179 6. 94.
6180 6. 94.
6181 6. 94.
6182 5. 95.
6183 5. 95.
6184 5. 95.
6185 5. 95.
6186 5. 95.
6187 5. 95.
6188 5. 95.
6189 5. 95.
6190 5. 95.
6191 5. 95.
6192 5. 95.
6193 5. 95.
6194 5. 95.
6195 5. 95.
6196 5. 95.
6197 5. 95.
6198 5. 95.
6199 5. 95.
6200 5. 95.
6201 5. 95.
6202 5. 95.
6203 5. 95.
6204 5. 95.
6205 5. 95.
6206 5. 95.
6207 5. 95.
6208 5. 95.
6209 5. 95.
6210 5. 95.
6211 5. 95.
6212 5. 95.
6213 5. 95.
6214 4. 96.
6215 4. 96.
6216 4. 96.
6217 4. 96.
6218 4. 96.
6219 4. 96.
6220 4. 96.
6221 4. 96.
6222 4. 96.
6223 3. 97.
6224 3. 97.
6225 3. 97.
6226 3. 97.
6227 3. 97.
6228 3. 97.
6229 3. 97.
6230 3. 97.
6231 3. 97.
6232 3. 97.
6233 3. 97.
6234 3. 97.
6235 3. 97.
6236 3. 97.
6237 3. 97.
6238 3. 97.
6239 3. 97.
6240 3. 97.
6241 3. 97.
6242 3. 97.
6243 3. 97.
6244 3. 97.
6245 3. 97.
6246 3. 97.
6247 3. 97.
6248 3. 97.
6249 3. 97.
6250 3. 97.
6251 3. 97.
6252 3. 97.
6253 3. 97.
6254 3. 97.
6255 3. 97.
6256 3. 97.
6257 3. 97.
6258 3. 97.
6259 3. 97.
6260 3. 97.
6261 3. 97.
6262 3. 97.
6263 2. 98.
6264 2. 98.
6265 2. 98.
6266 2. 98.
6267 2. 98.
6268 2. 98.
6269 2. 98.
6270 2. 98.
6271 2. 98.
6272 2. 98.
6273 2. 98.
6274 2. 98.
6275 2. 98.
6276 2. 98.
6277 2. 98.
6278 2. 98.
6279 2. 98.
6280 2. 98.
6281 2. 98.
6282 2. 98.
6283 2. 98.
6284 2. 98.
6285 2. 98.
6286 2. 98.
6287 2. 98.
6288 2. 98.
6289 1. 99.
6290 1. 99.
6291 1. 99.
6292 1. 99.
6293 1. 99.
6294 1. 99.
6295 1. 99.
6296 1. 99.
6297 1. 99.
6298 2. 98.
6299 2. 98.
6300 2. 98.
6301 2. 98.
6302 2. 98.
6303 2. 98.
6304 2. 98.
6305 2. 98.
6306 2. 98.
6307 2. 98.
6308 2. 98.
6309 2. 98.
6310 2. 98.
6311 2. 98.
6312 2. 98.
6313 2. 98.
6314 2. 98.
6315 2. 98.
6316 2. 98.
6317 2. 98.
6318 3. 97.
6319 3. 97.
6320 3. 97.
6321 3. 97.
6322 2. 98.
6323 2. 98.
6324 2. 98.
6325 2. 98.
6326 2. 98.
6327 2. 98.
6328 2. 98.
6329 2. 98.
6330 2. 98.
6331 2. 98.
6332 2. 98.
6333 2. 98.
6334 2. 98.
6335 2. 98.
6336 2. 98.
6337 2. 98.
6338 2. 98.
6339 2. 98.
6340 2. 98.
6341 2. 98.
6342 2. 98.
6343 2. 98.
6344 2. 98.
6345 2. 98.
6346 2. 98.
6347 2. 98.
6348 2. 98.
6349 3. 97.
6350 3. 97.
6351 3. 97.
6352 3. 97.
6353 3. 97.
6354 3. 97.
6355 3. 97.
6356 3. 97.
6357 3. 97.
6358 3. 97.
6359 3. 97.
6360 3. 97.
6361 3. 97.
6362 3. 97.
6363 3. 97.
6364 3. 97.
6365 3. 97.
6366 3. 97.
6367 3. 97.
6368 3. 97.
6369 3. 97.
6370 3. 97.
6371 3. 97.
6372 3. 97.
6373 3. 97.
6374 3. 97.
6375 3. 97.
6376 3. 97.
6377 3. 97.
6378 3. 97.
6379 3. 97.
6380 3. 97.
6381 3. 97.
6382 3. 97.
6383 3. 97.
6384 3. 97.
6385 3. 97.
6386 3. 97.
6387 3. 97.
6388 3. 97.
6389 3. 97.
6390 3. 97.
6391 3. 97.
6392 3. 97.
6393 3. 97.
6394 3. 97.
6395 3. 97.
6396 3. 97.
6397 3. 97.
6398 3. 97.
6399 3. 97.
6400 3. 97.
6401 3. 97.
6402 3. 97.
6403 3. 97.
6404 3. 97.
6405 3. 97.
6406 3. 97.
6407 3. 97.
6408 3. 97.
6409 3. 97.
6410 3. 97.
6411 3. 97.
6412 3. 97.
6413 3. 97.
6414 3. 97.
6415 3. 97.
6416 3. 97.
6417 3. 97.
6418 3. 97.
6419 3. 97.
6420 3. 97.
6421 3. 97.
6422 3. 97.
6423 3. 97.
6424 3. 97.
6425 3. 97.
6426 3. 97.
6427 3. 97.
6428 3. 97.
6429 3. 97.
6430 3. 97.
6431 3. 97.
6432 3. 97.
6433 3. 97.
6434 3. 97.
6435 3. 97.
6436 3. 97.
6437 3. 97.
6438 3. 97.
6439 3. 97.
6440 3. 97.
6441 3. 97.
6442 3. 97.
6443 3. 97.
6444 3. 97.
6445 3. 97.
6446 3. 97.
6447 3. 97.
6448 3. 97.
6449 3. 97.
6450 3. 97.
6451 3. 97.
6452 3. 97.
6453 3. 97.
6454 3. 97.
6455 3. 97.
6456 3. 97.
6457 3. 97.
6458 3. 97.
6459 3. 97.
6460 3. 97.
6461 3. 97.
6462 3. 97.
6463 3. 97.
6464 3. 97.
6465 3. 97.
6466 3. 97.
6467 3. 97.
6468 3. 97.
6469 3. 97.
6470 3. 97.
6471 3. 97.
6472 3. 97.
6473 3. 97.
6474 3. 97.
6475 3. 97.
6476 3. 97.
6477 3. 97.
6478 3. 97.
6479 3. 97.
6480 3. 97.
6481 3. 97.
6482 3. 97.
6483 3. 97.
6484 3. 97.
6485 3. 97.
6486 3. 97.
6487 3. 97.
6488 3. 97.
6489 3. 97.
6490 3. 97.
6491 3. 97.
6492 3. 97.
6493 3. 97.
6494 3. 97.
6495 4. 96.
6496 4. 96.
6497 4. 96.
6498 4. 96.
6499 4. 96.
6500 4. 96.
6501 4. 96.
6502 4. 96.
6503 4. 96.
6504 4. 96.
6505 4. 96.
6506 4. 96.
6507 5. 95.
6508 5. 95.
6509 5. 95.
6510 5. 95.
6511 5. 95.
6512 5. 95.
6513 5. 95.
6514 5. 95.
6515 5. 95.
6516 5. 95.
6517 5. 95.
6518 5. 95.
6519 5. 95.
6520 5. 95.
6521 5. 95.
6522 5. 95.
6523 5. 95.
6524 5. 95.
6525 5. 95.
6526 5. 95.
6527 5. 95.
6528 4. 96.
6529 4. 96.
6530 4. 96.
6531 4. 96.
6532 4. 96.
6533 4. 96.
6534 4. 96.
6535 4. 96.
6536 4. 96.
6537 4. 96.
6538 4. 96.
6539 4. 96.
6540 4. 96.
6541 4. 96.
6542 4. 96.
6543 4. 96.
6544 4. 96.
6545 4. 96.
6546 4. 96.
6547 4. 96.
6548 4. 96.
6549 4. 96.
6550 4. 96.
6551 5. 95.
6552 5. 95.
6553 5. 95.
6554 5. 95.
6555 5. 95.
6556 5. 95.
6557 5. 95.
6558 5. 95.
6559 5. 95.
6560 5. 95.
6561 5. 95.
6562 5. 95.
6563 5. 95.
6564 5. 95.
6565 5. 95.
6566 5. 95.
6567 5. 95.
6568 5. 95.
6569 5. 95.
6570 5. 95.
6571 5. 95.
6572 5. 95.
6573 5. 95.
6574 5. 95.
6575 5. 95.
6576 5. 95.
6577 5. 95.
6578 5. 95.
6579 5. 95.
6580 5. 95.
6581 5. 95.
6582 5. 95.
6583 5. 95.
6584 5. 95.
6585 5. 95.
6586 5. 95.
6587 5. 95.
6588 5. 95.
6589 5. 95.
6590 5. 95.
6591 5. 95.
6592 5. 95.
6593 5. 95.
6594 5. 95.
6595 5. 95.
6596 5. 95.
6597 5. 95.
6598 5. 95.
6599 5. 95.
6600 5. 95.
6601 5. 95.
6602 5. 95.
6603 5. 95.
6604 5. 95.
6605 4. 96.
6606 4. 96.
6607 5. 95.
6608 5. 95.
6609 4. 96.
6610 4. 96.
6611 4. 96.
6612 4. 96.
6613 4. 96.
6614 4. 96.
6615 4. 96.
6616 4. 96.
6617 4. 96.
6618 4. 96.
6619 4. 96.
6620 4. 96.
6621 4. 96.
6622 4. 96.
6623 4. 96.
6624 4. 96.
6625 4. 96.
6626 4. 96.
6627 4. 96.
6628 4. 96.
6629 4. 96.
6630 4. 96.
6631 4. 96.
6632 4. 96.
6633 4. 96.
6634 4. 96.
6635 4. 96.
6636 4. 96.
6637 4. 96.
6638 4. 96.
6639 4. 96.
6640 4. 96.
6641 4. 96.
6642 4. 96.
6643 4. 96.
6644 4. 96.
6645 4. 96.
6646 4. 96.
6647 4. 96.
6648 5. 95.
6649 5. 95.
6650 5. 95.
6651 5. 95.
6652 5. 95.
6653 5. 95.
6654 5. 95.
6655 5. 95.
6656 5. 95.
6657 5. 95.
6658 5. 95.
6659 5. 95.
6660 5. 95.
6661 5. 95.
6662 4. 96.
6663 4. 96.
6664 4. 96.
6665 4. 96.
6666 4. 96.
6667 4. 96.
6668 4. 96.
6669 4. 96.
6670 4. 96.
6671 4. 96.
6672 4. 96.
6673 4. 96.
6674 4. 96.
6675 4. 96.
6676 4. 96.
6677 4. 96.
6678 4. 96.
6679 4. 96.
6680 4. 96.
6681 4. 96.
6682 4. 96.
6683 4. 96.
6684 4. 96.
6685 4. 96.
6686 3. 97.
6687 3. 97.
6688 3. 97.
6689 3. 97.
6690 3. 97.
6691 3. 97.
6692 2. 98.
6693 2. 98.
6694 2. 98.
6695 2. 98.
6696 2. 98.
6697 2. 98.
6698 2. 98.
6699 2. 98.
6700 2. 98.
6701 2. 98.
6702 2. 98.
6703 2. 98.
6704 2. 98.
6705 2. 98.
6706 2. 98.
6707 2. 98.
6708 2. 98.
6709 2. 98.
6710 2. 98.
6711 2. 98.
6712 2. 98.
6713 2. 98.
6714 2. 98.
6715 2. 98.
6716 2. 98.
6717 2. 98.
6718 2. 98.
6719 2. 98.
6720 2. 98.
6721 2. 98.
6722 3. 97.
6723 3. 97.
6724 3. 97.
6725 3. 97.
6726 3. 97.
6727 3. 97.
6728 3. 97.
6729 3. 97.
6730 3. 97.
6731 3. 97.
6732 3. 97.
6733 3. 97.
6734 3. 97.
6735 3. 97.
6736 3. 97.
6737 3. 97.
6738 3. 97.
6739 3. 97.
6740 3. 97.
6741 3. 97.
6742 3. 97.
6743 3. 97.
6744 3. 97.
6745 3. 97.
6746 3. 97.
6747 2. 98.
6748 2. 98.
6749 2. 98.
6750 2. 98.
6751 2. 98.
6752 2. 98.
6753 2. 98.
6754 2. 98.
6755 2. 98.
6756 2. 98.
6757 2. 98.
6758 2. 98.
6759 2. 98.
6760 2. 98.
6761 2. 98.
6762 2. 98.
6763 2. 98.
6764 2. 98.
6765 2. 98.
6766 3. 97.
6767 3. 97.
6768 3. 97.
6769 3. 97.
6770 3. 97.
6771 3. 97.
6772 3. 97.
6773 2. 98.
6774 2. 98.
6775 2. 98.
6776 2. 98.
6777 2. 98.
6778 2. 98.
6779 2. 98.
6780 2. 98.
6781 2. 98.
6782 2. 98.
6783 2. 98.
6784 2. 98.
6785 2. 98.
6786 2. 98.
6787 2. 98.
6788 2. 98.
6789 2. 98.
6790 2. 98.
6791 2. 98.
6792 2. 98.
6793 2. 98.
6794 2. 98.
6795 2. 98.
6796 2. 98.
6797 2. 98.
6798 2. 98.
6799 2. 98.
6800 2. 98.
6801 2. 98.
6802 2. 98.
6803 2. 98.
6804 2. 98.
6805 2. 98.
6806 2. 98.
6807 2. 98.
6808 2. 98.
6809 2. 98.
6810 2. 98.
6811 2. 98.
6812 2. 98.
6813 2. 98.
6814 2. 98.
6815 2. 98.
6816 2. 98.
6817 2. 98.
6818 2. 98.
6819 2. 98.
6820 2. 98.
6821 2. 98.
6822 2. 98.
6823 2. 98.
6824 2. 98.
6825 2. 98.
6826 2. 98.
6827 2. 98.
6828 2. 98.
6829 2. 98.
6830 2. 98.
6831 2. 98.
6832 2. 98.
6833 2. 98.
6834 2. 98.
6835 2. 98.
6836 2. 98.
6837 2. 98.
6838 2. 98.
6839 2. 98.
6840 2. 98.
6841 2. 98.
6842 2. 98.
6843 1. 99.
6844 1. 99.
6845 1. 99.
6846 1. 99.
6847 1. 99.
6848 1. 99.
6849 1. 99.
6850 1. 99.
6851 1. 99.
6852 1. 99.
6853 1. 99.
6854 1. 99.
6855 1. 99.
6856 1. 99.
6857 1. 99.
6858 1. 99.
6859 1. 99.
6860 1. 99.
6861 1. 99.
6862 1. 99.
6863 1. 99.
6864 1. 99.
6865 1. 99.
6866 1. 99.
6867 1. 99.
6868 1. 99.
6869 1. 99.
6870 1. 99.
6871 1. 99.
6872 1. 99.
6873 1. 99.
6874 1. 99.
6875 1. 99.
6876 1. 99.
6877 1. 99.
6878 1. 99.
6879 1. 99.
6880 1. 99.
6881 1. 99.
6882 1. 99.
6883 1. 99.
6884 1. 99.
6885 1. 99.
6886 1. 99.
6887 1. 99.
6888 1. 99.
6889 1. 99.
6890 1. 99.
6891 1. 99.
6892 1. 99.
6893 2. 98.
6894 2. 98.
6895 2. 98.
6896 2. 98.
6897 2. 98.
6898 2. 98.
6899 2. 98.
6900 2. 98.
6901 2. 98.
6902 2. 98.
6903 2. 98.
6904 2. 98.
6905 2. 98.
6906 2. 98.
6907 2. 98.
6908 2. 98.
6909 2. 98.
6910 2. 98.
6911 2. 98.
6912 2. 98.
6913 2. 98.
6914 2. 98.
6915 2. 98.
6916 2. 98.
6917 2. 98.
6918 2. 98.
6919 2. 98.
6920 2. 98.
6921 2. 98.
6922 2. 98.
6923 2. 98.
6924 2. 98.
6925 2. 98.
6926 2. 98.
6927 2. 98.
6928 2. 98.
6929 2. 98.
6930 2. 98.
6931 2. 98.
6932 2. 98.
6933 2. 98.
6934 2. 98.
6935 2. 98.
6936 2. 98.
6937 2. 98.
6938 2. 98.
6939 2. 98.
6940 2. 98.
6941 2. 98.
6942 2. 98.
6943 1. 99.
6944 1. 99.
6945 1. 99.
6946 1. 99.
6947 1. 99.
6948 1. 99.
6949 1. 99.
6950 1. 99.
6951 1. 99.
6952 1. 99.
6953 1. 99.
6954 1. 99.
6955 1. 99.
6956 1. 99.
6957 1. 99.
6958 1. 99.
6959 1. 99.
6960 1. 99.
6961 1. 99.
6962 1. 99.
6963 1. 99.
6964 1. 99.
6965 1. 99.
6966 1. 99.
6967 1. 99.
6968 1. 99.
6969 1. 99.
6970 1. 99.
6971 1. 99.
6972 1. 99.
6973 1. 99.
6974 1. 99.
6975 1. 99.
6976 1. 99.
6977 1. 99.
6978 1. 99.
6979 1. 99.
6980 1. 99.
6981 1. 99.
6982 1. 99.
6983 1. 99.
6984 1. 99.
6985 1. 99.
6986 1. 99.
6987 1. 99.
6988 1. 99.
6989 1. 99.
6990 1. 99.
6991 1. 99.
6992 1. 99.
6993 1. 99.
6994 1. 99.
6995 1. 99.
6996 1. 99.
6997 1. 99.
6998 1. 99.
6999 1. 99.
7000 1. 99.
7001 1. 99.
7002 1. 99.
7003 1. 99.
7004 1. 99.
7005 1. 99.
7006 1. 99.
7007 1. 99.
7008 1. 99.
7009 1. 99.
7010 1. 99.
7011 1. 99.
7012 1. 99.
7013 1. 99.
7014 1. 99.
7015 1. 99.
7016 1. 99.
7017 1. 99.
7018 1. 99.
7019 1. 99.
7020 1. 99.
7021 1. 99.
7022 1. 99.
7023 1. 99.
7024 1. 99.
7025 1. 99.
7026 1. 99.
7027 1. 99.
7028 1. 99.
7029 1. 99.
7030 1. 99.
7031 1. 99.
7032 1. 99.
7033 1. 99.
7034 1. 99.
7035 1. 99.
7036 1. 99.
7037 2. 98.
7038 2. 98.
7039 2. 98.
7040 2. 98.
7041 2. 98.
7042 2. 98.
7043 2. 98.
7044 2. 98.
7045 2. 98.
7046 2. 98.
7047 2. 98.
7048 2. 98.
7049 2. 98.
7050 2. 98.
7051 2. 98.
7052 2. 98.
7053 1. 99.
7054 1. 99.
7055 1. 99.
7056 1. 99.
7057 1. 99.
7058 1. 99.
7059 1. 99.
7060 1. 99.
7061 1. 99.
7062 1. 99.
7063 1. 99.
7064 1. 99.
7065 1. 99.
7066 1. 99.
7067 1. 99.
7068 1. 99.
7069 1. 99.
7070 1. 99.
7071 1. 99.
7072 1. 99.
7073 1. 99.
7074 1. 99.
7075 1. 99.
7076 1. 99.
7077 1. 99.
7078 1. 99.
7079 1. 99.
7080 1. 99.
7081 1. 99.
7082 1. 99.
7083 1. 99.
7084 1. 99.
7085 1. 99.
7086 1. 99.
7087 1. 99.
7088 1. 99.
7089 1. 99.
7090 1. 99.
7091 1. 99.
7092 1. 99.
7093 1. 99.
7094 1. 99.
7095 1. 99.
7096 1. 99.
7097 1. 99.
7098 1. 99.
7099 1. 99.
7100 1. 99.
7101 1. 99.
7102 1. 99.
7103 1. 99.
7104 1. 99.
7105 1. 99.
7106 1. 99.
7107 1. 99.
7108 1. 99.
7109 1. 99.
7110 1. 99.
7111 1. 99.
7112 1. 99.
7113 1. 99.
7114 1. 99.
7115 1. 99.
7116 1. 99.
7117 1. 99.
7118 1. 99.
7119 1. 99.
7120 1. 99.
7121 1. 99.
7122 1. 99.
7123 1. 99.
7124 1. 99.
7125 1. 99.
7126 1. 99.
7127 1. 99.
7128 1. 99.
7129 1. 99.
7130 1. 99.
7131 1. 99.
7132 1. 99.
7133 1. 99.
7134 1. 99.
7135 1. 99.
7136 1. 99.
7137 1. 99.
7138 1. 99.
7139 1. 99.
7140 1. 99.
7141 1. 99.
7142 1. 99.
7143 1. 99.
7144 1. 99.
7145 1. 99.
7146 1. 99.
7147 1. 99.
7148 1. 99.
7149 1. 99.
7150 1. 99.
7151 1. 99.
7152 1. 99.
7153 1. 99.
7154 1. 99.
7155 1. 99.
7156 1. 99.
7157 1. 99.
7158 1. 99.
7159 1. 99.
7160 1. 99.
7161 1. 99.
7162 1. 99.
7163 1. 99.
7164 1. 99.
7165 1. 99.
7166 1. 99.
7167 1. 99.
7168 1. 99.
7169 1. 99.
7170 1. 99.
7171 1. 99.
7172 1. 99.
7173 1. 99.
7174 1. 99.
7175 1. 99.
7176 1. 99.
7177 1. 99.
7178 1. 99.
7179 1. 99.
7180 1. 99.
7181 1. 99.
7182 1. 99.
7183 1. 99.
7184 1. 99.
7185 1. 99.
7186 1. 99.
7187 1. 99.
7188 1. 99.
7189 1. 99.
7190 1. 99.
7191 1. 99.
7192 1. 99.
7193 1. 99.
7194 1. 99.
7195 1. 99.
7196 1. 99.
7197 1. 99.
7198 1. 99.
7199 1. 99.
7200 1. 99.
7201 1. 99.
7202 1. 99.
7203 1. 99.
7204 1. 99.
7205 2. 98.
7206 2. 98.
7207 2. 98.
7208 2. 98.
7209 2. 98.
7210 2. 98.
7211 2. 98.
7212 2. 98.
7213 2. 98.
7214 2. 98.
7215 2. 98.
7216 2. 98.
7217 2. 98.
7218 2. 98.
7219 2. 98.
7220 2. 98.
7221 2. 98.
7222 2. 98.
7223 2. 98.
7224 2. 98.
7225 2. 98.
7226 2. 98.
7227 2. 98.
7228 2. 98.
7229 2. 98.
7230 2. 98.
7231 2. 98.
7232 2. 98.
7233 2. 98.
7234 2. 98.
7235 2. 98.
7236 2. 98.
7237 2. 98.
7238 1. 99.
7239 1. 99.
7240 1. 99.
7241 1. 99.
7242 1. 99.
7243 1. 99.
7244 1. 99.
7245 1. 99.
7246 1. 99.
7247 1. 99.
7248 1. 99.
7249 1. 99.
7250 1. 99.
7251 1. 99.
7252 1. 99.
7253 1. 99.
7254 1. 99.
7255 1. 99.
7256 1. 99.
7257 1. 99.
7258 1. 99.
7259 1. 99.
7260 1. 99.
7261 1. 99.
7262 1. 99.
7263 1. 99.
7264 1. 99.
7265 1. 99.
7266 1. 99.
7267 1. 99.
7268 1. 99.
7269 1. 99.
7270 1. 99.
7271 1. 99.
7272 1. 99.
7273 1. 99.
7274 1. 99.
7275 1. 99.
7276 1. 99.
7277 1. 99.
7278 1. 99.
7279 1. 99.
7280 1. 99.
7281 1. 99.
7282 1. 99.
7283 1. 99.
7284 1. 99.
7285 1. 99.
7286 1. 99.
7287 1. 99.
7288 1. 99.
7289 1. 99.
7290 1. 99.
7291 1. 99.
7292 1. 99.
7293 1. 99.
7294 1. 99.
7295 1. 99.
7296 1. 99.
7297 1. 99.
7298 1. 99.
7299 2. 98.
7300 2. 98.
7301 2. 98.
7302 2. 98.
7303 2. 98.
7304 2. 98.
7305 2. 98.
7306 2. 98.
7307 2. 98.
7308 2. 98.
7309 2. 98.
7310 2. 98.
7311 2. 98.
7312 2. 98.
7313 2. 98.
7314 2. 98.
7315 2. 98.
7316 2. 98.
7317 2. 98.
7318 2. 98.
7319 2. 98.
7320 2. 98.
7321 2. 98.
7322 2. 98.
7323 2. 98.
7324 2. 98.
7325 2. 98.
7326 2. 98.
7327 1. 99.
7328 1. 99.
7329 1. 99.
7330 1. 99.
7331 1. 99.
7332 1. 99.
