0 27. 73.
1 28. 72.
2 28. 72.
3 28. 72.
4 29. 71.
5 29. 71.
6 30. 70.
7 30. 70.
8 30. 70.
9 30. 70.
10 30. 70.
11 30. 70.
12 30. 70.
13 31. 69.
14 31. 69.
15 30. 70.
16 30. 70.
17 31. 69.
18 32. 68.
19 32. 68.
20 32. 68.
21 31. 69.
22 31. 69.
23 31. 69.
24 32. 68.
25 32. 68.
26 32. 68.
27 32. 68.
28 33. 67.
29 33. 67.
30 32. 68.
31 32. 68.
32 33. 67.
33 33. 67.
34 34. 66.
35 33. 67.
36 33. 67.
37 33. 67.
38 33. 67.
39 33. 67.
40 34. 66.
41 34. 66.
42 33. 67.
43 34. 66.
44 34. 66.
45 34. 66.
46 35. 65.
47 35. 65.
48 35. 65.
49 35. 65.
50 35. 65.
51 35. 65.
52 36. 64.
53 36. 64.
54 36. 64.
55 36. 64.
56 36. 64.
57 35. 65.
58 35. 65.
59 35. 65.
60 35. 65.
61 35. 65.
62 35. 65.
63 36. 64.
64 37. 63.
65 37. 63.
66 37. 63.
67 37. 63.
68 37. 63.
69 37. 63.
70 37. 63.
71 37. 63.
72 36. 64.
73 36. 64.
74 36. 64.
75 36. 64.
76 36. 64.
77 36. 64.
78 36. 64.
79 36. 64.
80 37. 63.
81 38. 62.
82 38. 62.
83 39. 61.
84 39. 61.
85 39. 61.
86 39. 61.
87 39. 61.
88 39. 61.
89 39. 61.
90 40. 60.
91 40. 60.
92 39. 61.
93 40. 60.
94 39. 61.
95 39. 61.
96 40. 60.
97 40. 60.
98 40. 60.
99 41. 59.
100 40. 60.
101 41. 59.
102 41. 59.
103 41. 59.
104 41. 59.
105 40. 60.
106 40. 60.
107 40. 60.
108 41. 59.
109 41. 59.
110 41. 59.
111 41. 59.
112 41. 59.
113 41. 59.
114 41. 59.
115 41. 59.
116 41. 59.
117 41. 59.
118 40. 60.
119 40. 60.
120 40. 60.
121 40. 60.
122 40. 60.
123 41. 59.
124 41. 59.
125 41. 59.
126 40. 60.
127 40. 60.
128 40. 60.
129 40. 60.
130 40. 60.
131 41. 59.
132 41. 59.
133 41. 59.
134 41. 59.
135 41. 59.
136 41. 59.
137 41. 59.
138 42. 58.
139 42. 58.
140 42. 58.
141 41. 59.
142 40. 60.
143 39. 61.
144 38. 62.
145 38. 62.
146 39. 61.
147 39. 61.
148 39. 61.
149 39. 61.
150 39. 61.
151 38. 62.
152 38. 62.
153 38. 62.
154 38. 62.
155 38. 62.
156 38. 62.
157 38. 62.
158 38. 62.
159 38. 62.
160 39. 61.
161 39. 61.
162 39. 61.
163 40. 60.
164 40. 60.
165 41. 59.
166 41. 59.
167 41. 59.
168 41. 59.
169 41. 59.
170 42. 58.
171 42. 58.
172 41. 59.
173 41. 59.
174 42. 58.
175 42. 58.
176 41. 59.
177 42. 58.
178 42. 58.
179 42. 58.
180 42. 58.
181 42. 58.
182 41. 59.
183 41. 59.
184 41. 59.
185 41. 59.
186 41. 59.
187 41. 59.
188 41. 59.
189 40. 60.
190 41. 59.
191 41. 59.
192 42. 58.
193 42. 58.
194 42. 58.
195 41. 59.
196 42. 58.
197 42. 58.
198 42. 58.
199 42. 58.
200 42. 58.
201 42. 58.
202 42. 58.
203 42. 58.
204 42. 58.
205 42. 58.
206 42. 58.
207 42. 58.
208 42. 58.
209 42. 58.
210 42. 58.
211 42. 58.
212 41. 59.
213 41. 59.
214 41. 59.
215 41. 59.
216 41. 59.
217 41. 59.
218 41. 59.
219 42. 58.
220 42. 58.
221 42. 58.
222 42. 58.
223 41. 59.
224 41. 59.
225 41. 59.
226 41. 59.
227 41. 59.
228 41. 59.
229 40. 60.
230 40. 60.
231 41. 59.
232 41. 59.
233 42. 58.
234 43. 57.
235 44. 56.
236 44. 56.
237 44. 56.
238 43. 57.
239 43. 57.
240 43. 57.
241 43. 57.
242 43. 57.
243 43. 57.
244 43. 57.
245 43. 57.
246 43. 57.
247 43. 57.
248 43. 57.
249 42. 58.
250 41. 59.
251 41. 59.
252 41. 59.
253 41. 59.
254 41. 59.
255 42. 58.
256 42. 58.
257 42. 58.
258 43. 57.
259 43. 57.
260 43. 57.
261 43. 57.
262 43. 57.
263 43. 57.
264 43. 57.
265 43. 57.
266 43. 57.
267 43. 57.
268 42. 58.
269 42. 58.
270 42. 58.
271 42. 58.
272 42. 58.
273 42. 58.
274 42. 58.
275 42. 58.
276 42. 58.
277 42. 58.
278 41. 59.
279 41. 59.
280 41. 59.
281 41. 59.
282 41. 59.
283 41. 59.
284 41. 59.
285 41. 59.
286 41. 59.
287 41. 59.
288 41. 59.
289 42. 58.
290 42. 58.
291 41. 59.
292 41. 59.
293 41. 59.
294 41. 59.
295 41. 59.
296 41. 59.
297 41. 59.
298 40. 60.
299 40. 60.
300 39. 61.
301 39. 61.
302 39. 61.
303 39. 61.
304 38. 62.
305 38. 62.
306 38. 62.
307 38. 62.
308 37. 63.
309 37. 63.
310 36. 64.
311 35. 65.
312 35. 65.
313 34. 66.
314 33. 67.
315 33. 67.
316 33. 67.
317 33. 67.
318 34. 66.
319 33. 67.
320 32. 68.
321 32. 68.
322 31. 69.
323 31. 69.
324 32. 68.
325 32. 68.
326 32. 68.
327 32. 68.
328 32. 68.
329 32. 68.
330 32. 68.
331 32. 68.
332 33. 67.
333 33. 67.
334 33. 67.
335 33. 67.
336 33. 67.
337 33. 67.
338 33. 67.
339 33. 67.
340 33. 67.
341 33. 67.
342 33. 67.
343 33. 67.
344 33. 67.
345 33. 67.
346 33. 67.
347 33. 67.
348 33. 67.
349 34. 66.
350 34. 66.
351 34. 66.
352 35. 65.
353 35. 65.
354 36. 64.
355 36. 64.
356 37. 63.
357 37. 63.
358 37. 63.
359 37. 63.
360 37. 63.
361 37. 63.
362 36. 64.
363 36. 64.
364 36. 64.
365 36. 64.
366 36. 64.
367 36. 64.
368 36. 64.
369 36. 64.
370 36. 64.
371 36. 64.
372 36. 64.
373 36. 64.
374 36. 64.
375 36. 64.
376 36. 64.
377 35. 65.
378 35. 65.
379 36. 64.
380 36. 64.
381 36. 64.
382 35. 65.
383 35. 65.
384 35. 65.
385 35. 65.
386 35. 65.
387 36. 64.
388 36. 64.
389 36. 64.
390 36. 64.
391 36. 64.
392 36. 64.
393 36. 64.
394 36. 64.
395 36. 64.
396 36. 64.
397 36. 64.
398 36. 64.
399 36. 64.
400 35. 65.
401 35. 65.
402 36. 64.
403 36. 64.
404 36. 64.
405 36. 64.
406 36. 64.
407 36. 64.
408 37. 63.
409 37. 63.
410 37. 63.
411 38. 62.
412 37. 63.
413 37. 63.
414 37. 63.
415 37. 63.
416 37. 63.
417 36. 64.
418 35. 65.
419 35. 65.
420 35. 65.
421 35. 65.
422 35. 65.
423 35. 65.
424 35. 65.
425 35. 65.
426 35. 65.
427 35. 65.
428 35. 65.
429 35. 65.
430 35. 65.
431 35. 65.
432 35. 65.
433 35. 65.
434 35. 65.
435 35. 65.
436 36. 64.
437 35. 65.
438 35. 65.
439 35. 65.
440 34. 66.
441 34. 66.
442 34. 66.
443 34. 66.
444 34. 66.
445 34. 66.
446 34. 66.
447 34. 66.
448 34. 66.
449 34. 66.
450 33. 67.
451 33. 67.
452 34. 66.
453 34. 66.
454 34. 66.
455 33. 67.
456 33. 67.
457 33. 67.
458 34. 66.
459 35. 65.
460 35. 65.
461 35. 65.
462 36. 64.
463 35. 65.
464 36. 64.
465 36. 64.
466 37. 63.
467 38. 62.
468 38. 62.
469 37. 63.
470 37. 63.
471 37. 63.
472 37. 63.
473 37. 63.
474 37. 63.
475 37. 63.
476 37. 63.
477 37. 63.
478 37. 63.
479 37. 63.
480 37. 63.
481 37. 63.
482 37. 63.
483 37. 63.
484 36. 64.
485 36. 64.
486 36. 64.
487 36. 64.
488 36. 64.
489 37. 63.
490 36. 64.
491 36. 64.
492 37. 63.
493 37. 63.
494 37. 63.
495 37. 63.
496 37. 63.
497 38. 62.
498 38. 62.
499 37. 63.
500 37. 63.
501 37. 63.
502 36. 64.
503 36. 64.
504 36. 64.
505 36. 64.
506 36. 64.
507 36. 64.
508 36. 64.
509 35. 65.
510 34. 66.
511 34. 66.
512 34. 66.
513 34. 66.
514 34. 66.
515 34. 66.
516 34. 66.
517 34. 66.
518 34. 66.
519 34. 66.
520 34. 66.
521 35. 65.
522 35. 65.
523 35. 65.
524 35. 65.
525 35. 65.
526 35. 65.
527 34. 66.
528 34. 66.
529 34. 66.
530 34. 66.
531 34. 66.
532 34. 66.
533 34. 66.
534 34. 66.
535 34. 66.
536 34. 66.
537 34. 66.
538 35. 65.
539 35. 65.
540 35. 65.
541 35. 65.
542 36. 64.
543 36. 64.
544 36. 64.
545 36. 64.
546 36. 64.
547 37. 63.
548 38. 62.
549 38. 62.
550 37. 63.
551 37. 63.
552 37. 63.
553 37. 63.
554 37. 63.
555 37. 63.
556 37. 63.
557 37. 63.
558 37. 63.
559 37. 63.
560 38. 62.
561 38. 62.
562 38. 62.
563 38. 62.
564 38. 62.
565 38. 62.
566 38. 62.
567 38. 62.
568 38. 62.
569 38. 62.
570 37. 63.
571 37. 63.
572 37. 63.
573 37. 63.
574 37. 63.
575 37. 63.
576 37. 63.
577 37. 63.
578 37. 63.
579 38. 62.
580 38. 62.
581 38. 62.
582 37. 63.
583 37. 63.
584 37. 63.
585 36. 64.
586 35. 65.
587 35. 65.
588 36. 64.
589 36. 64.
590 35. 65.
591 35. 65.
592 35. 65.
593 35. 65.
594 34. 66.
595 34. 66.
596 35. 65.
597 35. 65.
598 34. 66.
599 34. 66.
600 34. 66.
601 33. 67.
602 33. 67.
603 33. 67.
604 33. 67.
605 32. 68.
606 31. 69.
607 31. 69.
608 32. 68.
609 33. 67.
610 33. 67.
611 33. 67.
612 33. 67.
613 33. 67.
614 33. 67.
615 33. 67.
616 34. 66.
617 34. 66.
618 34. 66.
619 34. 66.
620 33. 67.
621 33. 67.
622 33. 67.
623 33. 67.
624 33. 67.
625 33. 67.
626 33. 67.
627 33. 67.
628 32. 68.
629 32. 68.
630 32. 68.
631 32. 68.
632 33. 67.
633 32. 68.
634 32. 68.
635 32. 68.
636 32. 68.
637 32. 68.
638 32. 68.
639 31. 69.
640 30. 70.
641 30. 70.
642 30. 70.
643 29. 71.
644 29. 71.
645 29. 71.
646 29. 71.
647 28. 72.
648 28. 72.
649 28. 72.
650 28. 72.
651 27. 73.
652 27. 73.
653 27. 73.
654 27. 73.
655 27. 73.
656 27. 73.
657 27. 73.
658 27. 73.
659 26. 74.
660 26. 74.
661 26. 74.
662 26. 74.
663 26. 74.
664 26. 74.
665 26. 74.
666 26. 74.
667 26. 74.
668 26. 74.
669 25. 75.
670 24. 76.
671 23. 77.
672 23. 77.
673 23. 77.
674 23. 77.
675 23. 77.
676 23. 77.
677 23. 77.
678 23. 77.
679 23. 77.
680 23. 77.
681 23. 77.
682 22. 78.
683 22. 78.
684 22. 78.
685 22. 78.
686 22. 78.
687 23. 77.
688 23. 77.
689 23. 77.
690 23. 77.
691 23. 77.
692 23. 77.
693 23. 77.
694 23. 77.
695 23. 77.
696 23. 77.
697 22. 78.
698 21. 79.
699 21. 79.
700 21. 79.
701 21. 79.
702 21. 79.
703 21. 79.
704 21. 79.
705 21. 79.
706 21. 79.
707 21. 79.
708 21. 79.
709 21. 79.
710 20. 80.
711 20. 80.
712 20. 80.
713 20. 80.
714 19. 81.
715 19. 81.
716 19. 81.
717 19. 81.
718 19. 81.
719 19. 81.
720 19. 81.
721 19. 81.
722 19. 81.
723 19. 81.
724 19. 81.
725 19. 81.
726 19. 81.
727 19. 81.
728 19. 81.
729 19. 81.
730 20. 80.
731 20. 80.
732 20. 80.
733 20. 80.
734 20. 80.
735 20. 80.
736 20. 80.
737 21. 79.
738 21. 79.
739 21. 79.
740 21. 79.
741 22. 78.
742 22. 78.
743 23. 77.
744 23. 77.
745 23. 77.
746 23. 77.
747 23. 77.
748 23. 77.
749 22. 78.
750 22. 78.
751 22. 78.
752 22. 78.
753 22. 78.
754 22. 78.
755 22. 78.
756 22. 78.
757 22. 78.
758 21. 79.
759 21. 79.
760 21. 79.
761 21. 79.
762 22. 78.
763 22. 78.
764 22. 78.
765 22. 78.
766 22. 78.
767 22. 78.
768 22. 78.
769 22. 78.
770 22. 78.
771 21. 79.
772 21. 79.
773 21. 79.
774 21. 79.
775 21. 79.
776 21. 79.
777 21. 79.
778 21. 79.
779 21. 79.
780 21. 79.
781 21. 79.
782 21. 79.
783 21. 79.
784 20. 80.
785 20. 80.
786 20. 80.
787 20. 80.
788 20. 80.
789 20. 80.
790 20. 80.
791 20. 80.
792 20. 80.
793 20. 80.
794 20. 80.
795 20. 80.
796 19. 81.
797 20. 80.
798 20. 80.
799 20. 80.
800 19. 81.
801 19. 81.
802 19. 81.
803 19. 81.
804 20. 80.
805 19. 81.
806 19. 81.
807 19. 81.
808 19. 81.
809 19. 81.
810 19. 81.
811 19. 81.
812 19. 81.
813 19. 81.
814 19. 81.
815 18. 82.
816 18. 82.
817 18. 82.
818 18. 82.
819 17. 83.
820 17. 83.
821 18. 82.
822 18. 82.
823 18. 82.
824 18. 82.
825 17. 83.
826 17. 83.
827 17. 83.
828 17. 83.
829 17. 83.
830 17. 83.
831 18. 82.
832 18. 82.
833 18. 82.
834 18. 82.
835 18. 82.
836 18. 82.
837 18. 82.
838 18. 82.
839 18. 82.
840 18. 82.
841 17. 83.
842 17. 83.
843 17. 83.
844 17. 83.
845 17. 83.
846 17. 83.
847 17. 83.
848 17. 83.
849 17. 83.
850 17. 83.
851 17. 83.
852 17. 83.
853 16. 84.
854 16. 84.
855 16. 84.
856 16. 84.
857 16. 84.
858 16. 84.
859 17. 83.
860 17. 83.
861 17. 83.
862 17. 83.
863 17. 83.
864 17. 83.
865 17. 83.
866 17. 83.
867 18. 82.
868 18. 82.
869 18. 82.
870 18. 82.
871 18. 82.
872 18. 82.
873 18. 82.
874 19. 81.
875 19. 81.
876 19. 81.
877 19. 81.
878 19. 81.
879 20. 80.
880 20. 80.
881 20. 80.
882 20. 80.
883 20. 80.
884 20. 80.
885 20. 80.
886 20. 80.
887 20. 80.
888 20. 80.
889 20. 80.
890 20. 80.
891 20. 80.
892 20. 80.
893 20. 80.
894 20. 80.
895 20. 80.
896 20. 80.
897 20. 80.
898 20. 80.
899 20. 80.
900 20. 80.
901 20. 80.
902 20. 80.
903 21. 79.
904 20. 80.
905 20. 80.
906 20. 80.
907 20. 80.
908 20. 80.
909 20. 80.
910 20. 80.
911 20. 80.
912 20. 80.
913 21. 79.
914 21. 79.
915 21. 79.
916 21. 79.
917 21. 79.
918 21. 79.
919 21. 79.
920 21. 79.
921 21. 79.
922 21. 79.
923 21. 79.
924 21. 79.
925 21. 79.
926 20. 80.
927 20. 80.
928 20. 80.
929 20. 80.
930 20. 80.
931 20. 80.
932 21. 79.
933 21. 79.
934 21. 79.
935 21. 79.
936 21. 79.
937 21. 79.
938 21. 79.
939 20. 80.
940 19. 81.
941 19. 81.
942 19. 81.
943 19. 81.
944 19. 81.
945 19. 81.
946 18. 82.
947 18. 82.
948 18. 82.
949 18. 82.
950 17. 83.
951 18. 82.
952 18. 82.
953 18. 82.
954 18. 82.
955 18. 82.
956 18. 82.
957 18. 82.
958 17. 83.
959 17. 83.
960 17. 83.
961 17. 83.
962 17. 83.
963 17. 83.
964 18. 82.
965 18. 82.
966 18. 82.
967 18. 82.
968 18. 82.
969 18. 82.
970 17. 83.
971 17. 83.
972 17. 83.
973 17. 83.
974 17. 83.
975 16. 84.
976 16. 84.
977 16. 84.
978 16. 84.
979 16. 84.
980 17. 83.
981 17. 83.
982 18. 82.
983 19. 81.
984 19. 81.
985 19. 81.
986 19. 81.
987 19. 81.
988 19. 81.
989 19. 81.
990 19. 81.
991 19. 81.
992 19. 81.
993 19. 81.
994 18. 82.
995 18. 82.
996 18. 82.
997 18. 82.
998 18. 82.
999 18. 82.
1000 18. 82.
1001 18. 82.
1002 18. 82.
1003 18. 82.
1004 18. 82.
1005 18. 82.
1006 18. 82.
1007 18. 82.
1008 18. 82.
1009 18. 82.
1010 17. 83.
1011 17. 83.
1012 17. 83.
1013 17. 83.
1014 17. 83.
1015 17. 83.
1016 17. 83.
1017 17. 83.
1018 17. 83.
1019 16. 84.
1020 16. 84.
1021 16. 84.
1022 16. 84.
1023 16. 84.
1024 16. 84.
1025 16. 84.
1026 16. 84.
1027 16. 84.
1028 16. 84.
1029 16. 84.
1030 16. 84.
1031 16. 84.
1032 16. 84.
1033 16. 84.
1034 16. 84.
1035 16. 84.
1036 16. 84.
1037 16. 84.
1038 15. 85.
1039 15. 85.
1040 15. 85.
1041 15. 85.
1042 15. 85.
1043 15. 85.
1044 15. 85.
1045 15. 85.
1046 15. 85.
1047 16. 84.
1048 16. 84.
1049 16. 84.
1050 16. 84.
1051 16. 84.
1052 16. 84.
1053 16. 84.
1054 16. 84.
1055 16. 84.
1056 16. 84.
1057 16. 84.
1058 16. 84.
1059 16. 84.
1060 15. 85.
1061 15. 85.
1062 15. 85.
1063 15. 85.
1064 15. 85.
1065 15. 85.
1066 15. 85.
1067 15. 85.
1068 15. 85.
1069 15. 85.
1070 14. 86.
1071 15. 85.
1072 15. 85.
1073 15. 85.
1074 15. 85.
1075 15. 85.
1076 15. 85.
1077 15. 85.
1078 15. 85.
1079 15. 85.
1080 15. 85.
1081 15. 85.
1082 15. 85.
1083 15. 85.
1084 15. 85.
1085 16. 84.
1086 16. 84.
1087 15. 85.
1088 15. 85.
1089 15. 85.
1090 15. 85.
1091 15. 85.
1092 15. 85.
1093 14. 86.
1094 14. 86.
1095 14. 86.
1096 14. 86.
1097 14. 86.
1098 14. 86.
1099 13. 87.
1100 13. 87.
1101 14. 86.
1102 14. 86.
1103 14. 86.
1104 14. 86.
1105 14. 86.
1106 14. 86.
1107 13. 87.
1108 13. 87.
1109 13. 87.
1110 13. 87.
1111 13. 87.
1112 13. 87.
1113 13. 87.
1114 13. 87.
1115 13. 87.
1116 13. 87.
1117 13. 87.
1118 13. 87.
1119 13. 87.
1120 13. 87.
1121 13. 87.
1122 13. 87.
1123 13. 87.
1124 13. 87.
1125 13. 87.
1126 13. 87.
1127 13. 87.
1128 13. 87.
1129 13. 87.
1130 13. 87.
1131 13. 87.
1132 13. 87.
1133 13. 87.
1134 13. 87.
1135 13. 87.
1136 13. 87.
1137 13. 87.
1138 13. 87.
1139 13. 87.
1140 13. 87.
1141 13. 87.
1142 13. 87.
1143 13. 87.
1144 12. 88.
1145 12. 88.
1146 12. 88.
1147 12. 88.
1148 12. 88.
1149 12. 88.
1150 12. 88.
1151 12. 88.
1152 12. 88.
1153 12. 88.
1154 12. 88.
1155 12. 88.
1156 12. 88.
1157 12. 88.
1158 12. 88.
1159 12. 88.
1160 12. 88.
1161 12. 88.
1162 12. 88.
1163 13. 87.
1164 13. 87.
1165 13. 87.
1166 13. 87.
1167 13. 87.
1168 13. 87.
1169 13. 87.
1170 14. 86.
1171 14. 86.
1172 14. 86.
1173 14. 86.
1174 14. 86.
1175 14. 86.
1176 14. 86.
1177 14. 86.
1178 14. 86.
1179 14. 86.
1180 14. 86.
1181 14. 86.
1182 14. 86.
1183 15. 85.
1184 15. 85.
1185 15. 85.
1186 15. 85.
1187 15. 85.
1188 15. 85.
1189 15. 85.
1190 15. 85.
1191 15. 85.
1192 15. 85.
1193 15. 85.
1194 15. 85.
1195 15. 85.
1196 15. 85.
1197 15. 85.
1198 15. 85.
1199 15. 85.
1200 15. 85.
1201 15. 85.
1202 15. 85.
1203 15. 85.
1204 15. 85.
1205 15. 85.
1206 15. 85.
1207 15. 85.
1208 15. 85.
1209 16. 84.
1210 16. 84.
1211 16. 84.
1212 16. 84.
1213 16. 84.
1214 16. 84.
1215 16. 84.
1216 16. 84.
1217 16. 84.
1218 16. 84.
1219 16. 84.
1220 16. 84.
1221 16. 84.
1222 16. 84.
1223 16. 84.
1224 16. 84.
1225 16. 84.
1226 16. 84.
1227 16. 84.
1228 16. 84.
1229 17. 83.
1230 17. 83.
1231 17. 83.
1232 18. 82.
1233 18. 82.
1234 18. 82.
1235 18. 82.
1236 17. 83.
1237 17. 83.
1238 17. 83.
1239 17. 83.
1240 17. 83.
1241 17. 83.
1242 16. 84.
1243 16. 84.
1244 16. 84.
1245 16. 84.
1246 16. 84.
1247 16. 84.
1248 16. 84.
1249 17. 83.
1250 17. 83.
1251 17. 83.
1252 17. 83.
1253 18. 82.
1254 18. 82.
1255 18. 82.
1256 18. 82.
1257 19. 81.
1258 19. 81.
1259 19. 81.
1260 19. 81.
1261 19. 81.
1262 18. 82.
1263 18. 82.
1264 18. 82.
1265 18. 82.
1266 18. 82.
1267 18. 82.
1268 18. 82.
1269 18. 82.
1270 18. 82.
1271 18. 82.
1272 18. 82.
1273 18. 82.
1274 18. 82.
1275 18. 82.
1276 18. 82.
1277 18. 82.
1278 19. 81.
1279 19. 81.
1280 19. 81.
1281 19. 81.
1282 18. 82.
1283 18. 82.
1284 19. 81.
1285 19. 81.
1286 19. 81.
1287 19. 81.
1288 19. 81.
1289 19. 81.
1290 20. 80.
1291 20. 80.
1292 20. 80.
1293 21. 79.
1294 21. 79.
1295 21. 79.
1296 21. 79.
1297 21. 79.
1298 21. 79.
1299 21. 79.
1300 21. 79.
1301 21. 79.
1302 20. 80.
1303 20. 80.
1304 20. 80.
1305 19. 81.
1306 19. 81.
1307 19. 81.
1308 20. 80.
1309 20. 80.
1310 20. 80.
1311 20. 80.
1312 21. 79.
1313 21. 79.
1314 21. 79.
1315 21. 79.
1316 22. 78.
1317 22. 78.
1318 22. 78.
1319 22. 78.
1320 22. 78.
1321 21. 79.
1322 21. 79.
1323 21. 79.
1324 21. 79.
1325 21. 79.
1326 21. 79.
1327 21. 79.
1328 21. 79.
1329 22. 78.
1330 22. 78.
1331 22. 78.
1332 22. 78.
1333 22. 78.
1334 22. 78.
1335 22. 78.
1336 22. 78.
1337 22. 78.
1338 22. 78.
1339 22. 78.
1340 22. 78.
1341 22. 78.
1342 22. 78.
1343 22. 78.
1344 22. 78.
1345 22. 78.
1346 22. 78.
1347 22. 78.
1348 22. 78.
1349 22. 78.
1350 22. 78.
1351 22. 78.
1352 22. 78.
1353 22. 78.
1354 22. 78.
1355 22. 78.
1356 22. 78.
1357 22. 78.
1358 22. 78.
1359 22. 78.
1360 21. 79.
1361 20. 80.
1362 20. 80.
1363 20. 80.
1364 20. 80.
1365 19. 81.
1366 19. 81.
1367 19. 81.
1368 19. 81.
1369 19. 81.
1370 19. 81.
1371 19. 81.
1372 19. 81.
1373 19. 81.
1374 19. 81.
1375 19. 81.
1376 19. 81.
1377 19. 81.
1378 19. 81.
1379 19. 81.
1380 19. 81.
1381 19. 81.
1382 19. 81.
1383 18. 82.
1384 18. 82.
1385 19. 81.
1386 19. 81.
1387 19. 81.
1388 19. 81.
1389 19. 81.
1390 19. 81.
1391 19. 81.
1392 19. 81.
1393 20. 80.
1394 20. 80.
1395 20. 80.
1396 20. 80.
1397 20. 80.
1398 20. 80.
1399 20. 80.
1400 19. 81.
1401 19. 81.
1402 18. 82.
1403 18. 82.
1404 19. 81.
1405 19. 81.
1406 19. 81.
1407 19. 81.
1408 19. 81.
1409 19. 81.
1410 19. 81.
1411 19. 81.
1412 19. 81.
1413 19. 81.
1414 19. 81.
1415 19. 81.
1416 19. 81.
1417 19. 81.
1418 19. 81.
1419 19. 81.
1420 19. 81.
1421 19. 81.
1422 19. 81.
1423 19. 81.
1424 19. 81.
1425 19. 81.
1426 19. 81.
1427 19. 81.
1428 19. 81.
1429 19. 81.
1430 19. 81.
1431 19. 81.
1432 19. 81.
1433 19. 81.
1434 19. 81.
1435 19. 81.
1436 19. 81.
1437 19. 81.
1438 19. 81.
1439 19. 81.
1440 19. 81.
1441 19. 81.
1442 19. 81.
1443 19. 81.
1444 19. 81.
1445 19. 81.
1446 19. 81.
1447 19. 81.
1448 19. 81.
1449 19. 81.
1450 19. 81.
1451 19. 81.
1452 19. 81.
1453 19. 81.
1454 19. 81.
1455 19. 81.
1456 19. 81.
1457 19. 81.
1458 18. 82.
1459 18. 82.
1460 18. 82.
1461 18. 82.
1462 18. 82.
1463 18. 82.
1464 18. 82.
1465 18. 82.
1466 18. 82.
1467 18. 82.
1468 18. 82.
1469 17. 83.
1470 17. 83.
1471 17. 83.
1472 17. 83.
1473 17. 83.
1474 16. 84.
1475 16. 84.
1476 16. 84.
1477 17. 83.
1478 17. 83.
1479 18. 82.
1480 18. 82.
1481 18. 82.
1482 18. 82.
1483 19. 81.
1484 19. 81.
1485 18. 82.
1486 18. 82.
1487 18. 82.
1488 18. 82.
1489 18. 82.
1490 18. 82.
1491 18. 82.
1492 18. 82.
1493 17. 83.
1494 18. 82.
1495 18. 82.
1496 18. 82.
1497 18. 82.
1498 17. 83.
1499 17. 83.
1500 17. 83.
1501 17. 83.
1502 17. 83.
1503 17. 83.
1504 17. 83.
1505 17. 83.
1506 17. 83.
1507 17. 83.
1508 17. 83.
1509 17. 83.
1510 17. 83.
1511 17. 83.
1512 17. 83.
1513 17. 83.
1514 17. 83.
1515 17. 83.
1516 17. 83.
1517 17. 83.
1518 17. 83.
1519 16. 84.
1520 17. 83.
1521 16. 84.
1522 16. 84.
1523 16. 84.
1524 16. 84.
1525 16. 84.
1526 16. 84.
1527 16. 84.
1528 16. 84.
1529 16. 84.
1530 16. 84.
1531 16. 84.
1532 16. 84.
1533 16. 84.
1534 16. 84.
1535 16. 84.
1536 15. 85.
1537 15. 85.
1538 15. 85.
1539 15. 85.
1540 15. 85.
1541 14. 86.
1542 14. 86.
1543 14. 86.
1544 14. 86.
1545 14. 86.
1546 14. 86.
1547 14. 86.
1548 14. 86.
1549 14. 86.
1550 13. 87.
1551 13. 87.
1552 13. 87.
1553 13. 87.
1554 13. 87.
1555 13. 87.
1556 13. 87.
1557 13. 87.
1558 12. 88.
1559 12. 88.
1560 12. 88.
1561 12. 88.
1562 12. 88.
1563 12. 88.
1564 12. 88.
1565 12. 88.
1566 11. 89.
1567 11. 89.
1568 12. 88.
1569 13. 87.
1570 13. 87.
1571 13. 87.
1572 13. 87.
1573 13. 87.
1574 14. 86.
1575 14. 86.
1576 14. 86.
1577 14. 86.
1578 14. 86.
1579 14. 86.
1580 14. 86.
1581 14. 86.
1582 14. 86.
1583 13. 87.
1584 13. 87.
1585 13. 87.
1586 13. 87.
1587 13. 87.
1588 13. 87.
1589 13. 87.
1590 13. 87.
1591 13. 87.
1592 13. 87.
1593 13. 87.
1594 13. 87.
1595 13. 87.
1596 13. 87.
1597 13. 87.
1598 13. 87.
1599 13. 87.
1600 13. 87.
1601 13. 87.
1602 13. 87.
1603 13. 87.
1604 14. 86.
1605 14. 86.
1606 14. 86.
1607 14. 86.
1608 13. 87.
1609 13. 87.
1610 13. 87.
1611 13. 87.
1612 13. 87.
1613 14. 86.
1614 13. 87.
1615 13. 87.
1616 13. 87.
1617 13. 87.
1618 13. 87.
1619 13. 87.
1620 13. 87.
1621 13. 87.
1622 13. 87.
1623 12. 88.
1624 12. 88.
1625 12. 88.
1626 12. 88.
1627 12. 88.
1628 12. 88.
1629 12. 88.
1630 12. 88.
1631 13. 87.
1632 13. 87.
1633 13. 87.
1634 13. 87.
1635 13. 87.
1636 14. 86.
1637 14. 86.
1638 14. 86.
1639 14. 86.
1640 14. 86.
1641 13. 87.
1642 13. 87.
1643 13. 87.
1644 13. 87.
1645 13. 87.
1646 13. 87.
1647 13. 87.
1648 13. 87.
1649 13. 87.
1650 13. 87.
1651 13. 87.
1652 13. 87.
1653 13. 87.
1654 13. 87.
1655 13. 87.
1656 14. 86.
1657 14. 86.
1658 14. 86.
1659 14. 86.
1660 14. 86.
1661 14. 86.
1662 14. 86.
1663 14. 86.
1664 14. 86.
1665 14. 86.
1666 14. 86.
1667 14. 86.
1668 14. 86.
1669 14. 86.
1670 14. 86.
1671 14. 86.
1672 14. 86.
1673 14. 86.
1674 14. 86.
1675 14. 86.
1676 14. 86.
1677 14. 86.
1678 14. 86.
1679 14. 86.
1680 14. 86.
1681 14. 86.
1682 14. 86.
1683 14. 86.
1684 14. 86.
1685 15. 85.
1686 15. 85.
1687 15. 85.
1688 15. 85.
1689 15. 85.
1690 14. 86.
1691 14. 86.
1692 14. 86.
1693 14. 86.
1694 14. 86.
1695 14. 86.
1696 14. 86.
1697 14. 86.
1698 14. 86.
1699 14. 86.
1700 14. 86.
1701 14. 86.
1702 14. 86.
1703 14. 86.
1704 14. 86.
1705 14. 86.
1706 14. 86.
1707 14. 86.
1708 14. 86.
1709 14. 86.
1710 14. 86.
1711 14. 86.
1712 14. 86.
1713 14. 86.
1714 14. 86.
1715 15. 85.
1716 15. 85.
1717 15. 85.
1718 16. 84.
1719 16. 84.
1720 16. 84.
1721 16. 84.
1722 16. 84.
1723 16. 84.
1724 16. 84.
1725 16. 84.
1726 16. 84.
1727 15. 85.
1728 15. 85.
1729 15. 85.
1730 15. 85.
1731 15. 85.
1732 14. 86.
1733 14. 86.
1734 14. 86.
1735 15. 85.
1736 15. 85.
1737 14. 86.
1738 14. 86.
1739 15. 85.
1740 16. 84.
1741 16. 84.
1742 16. 84.
1743 16. 84.
1744 16. 84.
1745 16. 84.
1746 16. 84.
1747 16. 84.
1748 16. 84.
1749 16. 84.
1750 16. 84.
1751 16. 84.
1752 16. 84.
1753 16. 84.
1754 15. 85.
1755 15. 85.
1756 15. 85.
1757 15. 85.
1758 14. 86.
1759 14. 86.
1760 14. 86.
1761 14. 86.
1762 14. 86.
1763 14. 86.
1764 14. 86.
1765 14. 86.
1766 14. 86.
1767 14. 86.
1768 14. 86.
1769 14. 86.
1770 14. 86.
1771 14. 86.
1772 14. 86.
1773 13. 87.
1774 13. 87.
1775 13. 87.
1776 13. 87.
1777 13. 87.
1778 13. 87.
1779 13. 87.
1780 13. 87.
1781 13. 87.
1782 14. 86.
1783 14. 86.
1784 14. 86.
1785 15. 85.
1786 15. 85.
1787 15. 85.
1788 15. 85.
1789 15. 85.
1790 15. 85.
1791 16. 84.
1792 16. 84.
1793 16. 84.
1794 16. 84.
1795 16. 84.
1796 16. 84.
1797 16. 84.
1798 16. 84.
1799 17. 83.
1800 17. 83.
1801 17. 83.
1802 17. 83.
1803 17. 83.
1804 16. 84.
1805 16. 84.
1806 16. 84.
1807 16. 84.
1808 16. 84.
1809 15. 85.
1810 16. 84.
1811 16. 84.
1812 16. 84.
1813 16. 84.
1814 16. 84.
1815 17. 83.
1816 17. 83.
1817 17. 83.
1818 17. 83.
1819 17. 83.
1820 17. 83.
1821 17. 83.
1822 16. 84.
1823 16. 84.
1824 16. 84.
1825 16. 84.
1826 16. 84.
1827 15. 85.
1828 15. 85.
1829 15. 85.
1830 15. 85.
1831 14. 86.
1832 14. 86.
1833 14. 86.
1834 14. 86.
1835 14. 86.
1836 14. 86.
1837 14. 86.
1838 14. 86.
1839 14. 86.
1840 14. 86.
1841 13. 87.
1842 14. 86.
1843 14. 86.
1844 14. 86.
1845 14. 86.
1846 14. 86.
1847 14. 86.
1848 14. 86.
1849 14. 86.
1850 13. 87.
1851 13. 87.
1852 13. 87.
1853 12. 88.
1854 12. 88.
1855 12. 88.
1856 12. 88.
1857 12. 88.
1858 13. 87.
1859 13. 87.
1860 13. 87.
1861 13. 87.
1862 13. 87.
1863 13. 87.
1864 13. 87.
1865 13. 87.
1866 13. 87.
1867 13. 87.
1868 13. 87.
1869 13. 87.
1870 14. 86.
1871 14. 86.
1872 14. 86.
1873 14. 86.
1874 14. 86.
1875 14. 86.
1876 14. 86.
1877 14. 86.
1878 14. 86.
1879 14. 86.
1880 14. 86.
1881 14. 86.
1882 15. 85.
1883 15. 85.
1884 15. 85.
1885 15. 85.
1886 15. 85.
1887 15. 85.
1888 15. 85.
1889 15. 85.
1890 14. 86.
1891 14. 86.
1892 14. 86.
1893 14. 86.
1894 14. 86.
1895 14. 86.
1896 14. 86.
1897 14. 86.
1898 14. 86.
1899 14. 86.
1900 14. 86.
1901 14. 86.
1902 14. 86.
1903 14. 86.
1904 14. 86.
1905 14. 86.
1906 14. 86.
1907 15. 85.
1908 15. 85.
1909 15. 85.
1910 15. 85.
1911 15. 85.
1912 15. 85.
1913 15. 85.
1914 15. 85.
1915 15. 85.
1916 15. 85.
1917 15. 85.
1918 15. 85.
1919 15. 85.
1920 15. 85.
1921 15. 85.
1922 15. 85.
1923 15. 85.
1924 15. 85.
1925 16. 84.
1926 17. 83.
1927 17. 83.
1928 17. 83.
1929 17. 83.
1930 17. 83.
1931 17. 83.
1932 17. 83.
1933 17. 83.
1934 17. 83.
1935 17. 83.
1936 17. 83.
1937 17. 83.
1938 17. 83.
1939 17. 83.
1940 17. 83.
1941 17. 83.
1942 17. 83.
1943 16. 84.
1944 16. 84.
1945 16. 84.
1946 17. 83.
1947 17. 83.
1948 16. 84.
1949 16. 84.
1950 16. 84.
1951 16. 84.
1952 16. 84.
1953 16. 84.
1954 16. 84.
1955 16. 84.
1956 16. 84.
1957 16. 84.
1958 17. 83.
1959 17. 83.
1960 17. 83.
1961 17. 83.
1962 17. 83.
1963 17. 83.
1964 17. 83.
1965 17. 83.
1966 16. 84.
1967 16. 84.
1968 16. 84.
1969 16. 84.
1970 16. 84.
1971 16. 84.
1972 16. 84.
1973 16. 84.
1974 16. 84.
1975 17. 83.
1976 17. 83.
1977 16. 84.
1978 16. 84.
1979 16. 84.
1980 16. 84.
1981 16. 84.
1982 16. 84.
1983 16. 84.
1984 16. 84.
1985 16. 84.
1986 16. 84.
1987 16. 84.
1988 16. 84.
1989 16. 84.
1990 16. 84.
1991 17. 83.
1992 17. 83.
1993 17. 83.
1994 16. 84.
1995 15. 85.
1996 15. 85.
1997 15. 85.
1998 15. 85.
1999 15. 85.
2000 15. 85.
2001 15. 85.
2002 15. 85.
2003 15. 85.
2004 15. 85.
2005 15. 85.
2006 15. 85.
2007 15. 85.
2008 15. 85.
2009 15. 85.
2010 15. 85.
2011 15. 85.
2012 15. 85.
2013 14. 86.
2014 14. 86.
2015 14. 86.
2016 13. 87.
2017 13. 87.
2018 13. 87.
2019 13. 87.
2020 13. 87.
2021 13. 87.
2022 13. 87.
2023 13. 87.
2024 12. 88.
2025 12. 88.
2026 12. 88.
2027 12. 88.
2028 12. 88.
2029 12. 88.
2030 12. 88.
2031 12. 88.
2032 12. 88.
2033 12. 88.
2034 12. 88.
2035 12. 88.
2036 12. 88.
2037 12. 88.
2038 12. 88.
2039 12. 88.
2040 12. 88.
2041 12. 88.
2042 12. 88.
2043 12. 88.
2044 12. 88.
2045 13. 87.
2046 14. 86.
2047 14. 86.
2048 14. 86.
2049 14. 86.
2050 13. 87.
2051 13. 87.
2052 13. 87.
2053 13. 87.
2054 12. 88.
2055 12. 88.
2056 12. 88.
2057 13. 87.
2058 13. 87.
2059 12. 88.
2060 12. 88.
2061 13. 87.
2062 13. 87.
2063 13. 87.
2064 13. 87.
2065 13. 87.
2066 13. 87.
2067 13. 87.
2068 13. 87.
2069 13. 87.
2070 13. 87.
2071 13. 87.
2072 13. 87.
2073 14. 86.
2074 14. 86.
2075 14. 86.
2076 14. 86.
2077 14. 86.
2078 14. 86.
2079 14. 86.
2080 14. 86.
2081 14. 86.
2082 13. 87.
2083 13. 87.
2084 13. 87.
2085 13. 87.
2086 13. 87.
2087 13. 87.
2088 13. 87.
2089 13. 87.
2090 13. 87.
2091 12. 88.
2092 12. 88.
2093 12. 88.
2094 12. 88.
2095 12. 88.
2096 12. 88.
2097 12. 88.
2098 12. 88.
2099 12. 88.
2100 12. 88.
2101 12. 88.
2102 12. 88.
2103 12. 88.
2104 12. 88.
2105 12. 88.
2106 12. 88.
2107 12. 88.
2108 12. 88.
2109 12. 88.
2110 12. 88.
2111 12. 88.
2112 12. 88.
2113 12. 88.
2114 12. 88.
2115 12. 88.
2116 12. 88.
2117 12. 88.
2118 12. 88.
2119 11. 89.
2120 11. 89.
2121 11. 89.
2122 11. 89.
2123 11. 89.
2124 11. 89.
2125 11. 89.
2126 12. 88.
2127 12. 88.
2128 12. 88.
2129 12. 88.
2130 12. 88.
2131 12. 88.
2132 12. 88.
2133 12. 88.
2134 11. 89.
2135 11. 89.
2136 10. 90.
2137 10. 90.
2138 9. 91.
2139 9. 91.
2140 9. 91.
2141 9. 91.
2142 9. 91.
2143 9. 91.
2144 9. 91.
2145 9. 91.
2146 9. 91.
2147 9. 91.
2148 9. 91.
2149 9. 91.
2150 9. 91.
2151 9. 91.
2152 9. 91.
2153 9. 91.
2154 9. 91.
2155 9. 91.
2156 9. 91.
2157 9. 91.
2158 9. 91.
2159 9. 91.
2160 9. 91.
2161 9. 91.
2162 9. 91.
2163 9. 91.
2164 9. 91.
2165 9. 91.
2166 9. 91.
2167 9. 91.
2168 9. 91.
2169 9. 91.
2170 9. 91.
2171 9. 91.
2172 9. 91.
2173 10. 90.
2174 10. 90.
2175 10. 90.
2176 10. 90.
2177 10. 90.
2178 10. 90.
2179 10. 90.
2180 10. 90.
2181 10. 90.
2182 10. 90.
2183 10. 90.
2184 10. 90.
2185 10. 90.
2186 10. 90.
2187 10. 90.
2188 10. 90.
2189 10. 90.
2190 10. 90.
2191 9. 91.
2192 8. 92.
2193 8. 92.
2194 8. 92.
2195 8. 92.
2196 8. 92.
2197 9. 91.
2198 9. 91.
2199 10. 90.
2200 10. 90.
2201 10. 90.
2202 10. 90.
2203 10. 90.
2204 10. 90.
2205 10. 90.
2206 10. 90.
2207 10. 90.
2208 10. 90.
2209 10. 90.
2210 10. 90.
2211 10. 90.
2212 10. 90.
2213 10. 90.
2214 9. 91.
2215 9. 91.
2216 9. 91.
2217 9. 91.
2218 9. 91.
2219 9. 91.
2220 9. 91.
2221 8. 92.
2222 8. 92.
2223 8. 92.
2224 8. 92.
2225 8. 92.
2226 8. 92.
2227 8. 92.
2228 8. 92.
2229 8. 92.
2230 8. 92.
2231 8. 92.
2232 9. 91.
2233 9. 91.
2234 9. 91.
2235 9. 91.
2236 9. 91.
2237 9. 91.
2238 9. 91.
2239 9. 91.
2240 9. 91.
2241 9. 91.
2242 9. 91.
2243 9. 91.
2244 9. 91.
2245 9. 91.
2246 9. 91.
2247 9. 91.
2248 9. 91.
2249 9. 91.
2250 9. 91.
2251 9. 91.
2252 9. 91.
2253 9. 91.
2254 9. 91.
2255 9. 91.
2256 9. 91.
2257 9. 91.
2258 9. 91.
2259 9. 91.
2260 9. 91.
2261 9. 91.
2262 9. 91.
2263 9. 91.
2264 9. 91.
2265 9. 91.
2266 9. 91.
2267 9. 91.
2268 9. 91.
2269 9. 91.
2270 9. 91.
2271 9. 91.
2272 9. 91.
2273 9. 91.
2274 9. 91.
2275 9. 91.
2276 9. 91.
2277 9. 91.
2278 9. 91.
2279 8. 92.
2280 8. 92.
2281 9. 91.
2282 10. 90.
2283 10. 90.
2284 10. 90.
2285 10. 90.
2286 10. 90.
2287 10. 90.
2288 10. 90.
2289 10. 90.
2290 10. 90.
2291 10. 90.
2292 10. 90.
2293 10. 90.
2294 10. 90.
2295 10. 90.
2296 10. 90.
2297 9. 91.
2298 9. 91.
2299 9. 91.
2300 9. 91.
2301 8. 92.
2302 8. 92.
2303 8. 92.
2304 8. 92.
2305 8. 92.
2306 8. 92.
2307 8. 92.
2308 7. 93.
2309 7. 93.
2310 7. 93.
2311 7. 93.
2312 7. 93.
2313 7. 93.
2314 7. 93.
2315 7. 93.
2316 7. 93.
2317 7. 93.
2318 7. 93.
2319 7. 93.
2320 7. 93.
2321 7. 93.
2322 8. 92.
2323 8. 92.
2324 8. 92.
2325 8. 92.
2326 8. 92.
2327 8. 92.
2328 8. 92.
2329 8. 92.
2330 8. 92.
2331 8. 92.
2332 8. 92.
2333 8. 92.
2334 8. 92.
2335 8. 92.
2336 8. 92.
2337 8. 92.
2338 8. 92.
2339 8. 92.
2340 8. 92.
2341 8. 92.
2342 8. 92.
2343 8. 92.
2344 8. 92.
2345 9. 91.
2346 8. 92.
2347 8. 92.
2348 8. 92.
2349 8. 92.
2350 8. 92.
2351 8. 92.
2352 8. 92.
2353 8. 92.
2354 8. 92.
2355 7. 93.
2356 7. 93.
2357 7. 93.
2358 7. 93.
2359 7. 93.
2360 7. 93.
2361 7. 93.
2362 7. 93.
2363 7. 93.
2364 7. 93.
2365 7. 93.
2366 7. 93.
2367 7. 93.
2368 7. 93.
2369 7. 93.
2370 7. 93.
2371 7. 93.
2372 7. 93.
2373 7. 93.
2374 7. 93.
2375 7. 93.
2376 7. 93.
2377 7. 93.
2378 7. 93.
2379 7. 93.
2380 7. 93.
2381 7. 93.
2382 7. 93.
2383 7. 93.
2384 7. 93.
2385 7. 93.
2386 7. 93.
2387 7. 93.
2388 7. 93.
2389 7. 93.
2390 8. 92.
2391 8. 92.
2392 8. 92.
2393 8. 92.
2394 8. 92.
2395 8. 92.
2396 8. 92.
2397 8. 92.
2398 8. 92.
2399 8. 92.
2400 8. 92.
2401 8. 92.
2402 8. 92.
2403 8. 92.
2404 9. 91.
2405 9. 91.
2406 9. 91.
2407 9. 91.
2408 10. 90.
2409 10. 90.
2410 10. 90.
2411 10. 90.
2412 10. 90.
2413 10. 90.
2414 10. 90.
2415 10. 90.
2416 10. 90.
2417 10. 90.
2418 10. 90.
2419 10. 90.
2420 10. 90.
2421 10. 90.
2422 10. 90.
2423 10. 90.
2424 10. 90.
2425 10. 90.
2426 10. 90.
2427 10. 90.
2428 10. 90.
2429 10. 90.
2430 10. 90.
2431 10. 90.
2432 10. 90.
2433 10. 90.
2434 10. 90.
2435 9. 91.
2436 9. 91.
2437 9. 91.
2438 9. 91.
2439 9. 91.
2440 9. 91.
2441 10. 90.
2442 10. 90.
2443 10. 90.
2444 10. 90.
2445 10. 90.
2446 10. 90.
2447 10. 90.
2448 10. 90.
2449 10. 90.
2450 10. 90.
2451 10. 90.
2452 10. 90.
2453 10. 90.
2454 10. 90.
2455 11. 89.
2456 11. 89.
2457 12. 88.
2458 12. 88.
2459 12. 88.
2460 12. 88.
2461 12. 88.
2462 13. 87.
2463 13. 87.
2464 13. 87.
2465 13. 87.
2466 13. 87.
2467 13. 87.
2468 13. 87.
2469 13. 87.
2470 13. 87.
2471 13. 87.
2472 13. 87.
2473 13. 87.
2474 13. 87.
2475 12. 88.
2476 12. 88.
2477 12. 88.
2478 12. 88.
2479 12. 88.
2480 12. 88.
2481 12. 88.
2482 12. 88.
2483 12. 88.
2484 12. 88.
2485 12. 88.
2486 12. 88.
2487 12. 88.
2488 12. 88.
2489 12. 88.
2490 12. 88.
2491 12. 88.
2492 12. 88.
2493 11. 89.
2494 11. 89.
2495 11. 89.
2496 11. 89.
2497 11. 89.
2498 10. 90.
2499 10. 90.
2500 9. 91.
2501 9. 91.
2502 9. 91.
2503 9. 91.
2504 9. 91.
2505 9. 91.
2506 9. 91.
2507 9. 91.
2508 10. 90.
2509 10. 90.
2510 10. 90.
2511 10. 90.
2512 10. 90.
2513 10. 90.
2514 11. 89.
2515 11. 89.
2516 11. 89.
2517 11. 89.
2518 11. 89.
2519 11. 89.
2520 11. 89.
2521 10. 90.
2522 10. 90.
2523 9. 91.
2524 9. 91.
2525 9. 91.
2526 9. 91.
2527 8. 92.
2528 8. 92.
2529 8. 92.
2530 8. 92.
2531 8. 92.
2532 8. 92.
2533 8. 92.
2534 8. 92.
2535 8. 92.
2536 8. 92.
2537 8. 92.
2538 8. 92.
2539 8. 92.
2540 8. 92.
2541 8. 92.
2542 8. 92.
2543 9. 91.
2544 9. 91.
2545 9. 91.
2546 9. 91.
2547 9. 91.
2548 9. 91.
2549 9. 91.
2550 9. 91.
2551 9. 91.
2552 9. 91.
2553 9. 91.
2554 9. 91.
2555 9. 91.
2556 9. 91.
2557 9. 91.
2558 9. 91.
2559 9. 91.
2560 9. 91.
2561 9. 91.
2562 9. 91.
2563 9. 91.
2564 9. 91.
2565 9. 91.
2566 10. 90.
2567 10. 90.
2568 10. 90.
2569 10. 90.
2570 10. 90.
2571 10. 90.
2572 10. 90.
2573 11. 89.
2574 11. 89.
2575 11. 89.
2576 11. 89.
2577 11. 89.
2578 11. 89.
2579 11. 89.
2580 11. 89.
2581 11. 89.
2582 11. 89.
2583 11. 89.
2584 12. 88.
2585 12. 88.
2586 12. 88.
2587 12. 88.
2588 12. 88.
2589 12. 88.
2590 12. 88.
2591 12. 88.
2592 12. 88.
2593 12. 88.
2594 12. 88.
2595 12. 88.
2596 12. 88.
2597 12. 88.
2598 12. 88.
2599 12. 88.
2600 12. 88.
2601 12. 88.
2602 12. 88.
2603 11. 89.
2604 11. 89.
2605 11. 89.
2606 11. 89.
2607 11. 89.
2608 11. 89.
2609 11. 89.
2610 11. 89.
2611 11. 89.
2612 11. 89.
2613 11. 89.
2614 11. 89.
2615 11. 89.
2616 11. 89.
2617 11. 89.
2618 11. 89.
2619 11. 89.
2620 11. 89.
2621 11. 89.
2622 11. 89.
2623 11. 89.
2624 11. 89.
2625 11. 89.
2626 11. 89.
2627 11. 89.
2628 11. 89.
2629 11. 89.
2630 11. 89.
2631 11. 89.
2632 11. 89.
2633 11. 89.
2634 11. 89.
2635 11. 89.
2636 11. 89.
2637 11. 89.
2638 11. 89.
2639 11. 89.
2640 10. 90.
2641 10. 90.
2642 10. 90.
2643 10. 90.
2644 10. 90.
2645 10. 90.
2646 10. 90.
2647 10. 90.
2648 10. 90.
2649 10. 90.
2650 10. 90.
2651 10. 90.
2652 10. 90.
2653 10. 90.
2654 10. 90.
2655 10. 90.
2656 10. 90.
2657 10. 90.
2658 10. 90.
2659 10. 90.
2660 9. 91.
2661 9. 91.
2662 9. 91.
2663 9. 91.
2664 9. 91.
2665 9. 91.
2666 9. 91.
2667 9. 91.
2668 9. 91.
2669 9. 91.
2670 9. 91.
2671 9. 91.
2672 9. 91.
2673 9. 91.
2674 9. 91.
2675 9. 91.
2676 8. 92.
2677 8. 92.
2678 8. 92.
2679 9. 91.
2680 9. 91.
2681 9. 91.
2682 9. 91.
2683 9. 91.
2684 9. 91.
2685 9. 91.
2686 9. 91.
2687 9. 91.
2688 9. 91.
2689 9. 91.
2690 8. 92.
2691 8. 92.
2692 9. 91.
2693 8. 92.
2694 8. 92.
2695 8. 92.
2696 8. 92.
2697 8. 92.
2698 8. 92.
2699 8. 92.
2700 8. 92.
2701 8. 92.
2702 8. 92.
2703 8. 92.
2704 8. 92.
2705 8. 92.
2706 8. 92.
2707 8. 92.
2708 8. 92.
2709 9. 91.
2710 8. 92.
2711 8. 92.
2712 8. 92.
2713 8. 92.
2714 8. 92.
2715 8. 92.
2716 8. 92.
2717 8. 92.
2718 8. 92.
2719 8. 92.
2720 8. 92.
2721 7. 93.
2722 7. 93.
2723 7. 93.
2724 7. 93.
2725 6. 94.
2726 6. 94.
2727 6. 94.
2728 6. 94.
2729 6. 94.
2730 6. 94.
2731 6. 94.
2732 6. 94.
2733 6. 94.
2734 6. 94.
2735 6. 94.
2736 6. 94.
2737 6. 94.
2738 6. 94.
2739 6. 94.
2740 6. 94.
2741 6. 94.
2742 6. 94.
2743 5. 95.
2744 5. 95.
2745 5. 95.
2746 5. 95.
2747 5. 95.
2748 5. 95.
2749 5. 95.
2750 5. 95.
2751 5. 95.
2752 6. 94.
2753 6. 94.
2754 6. 94.
2755 6. 94.
2756 6. 94.
2757 6. 94.
2758 6. 94.
2759 6. 94.
2760 6. 94.
2761 6. 94.
2762 7. 93.
2763 7. 93.
2764 7. 93.
2765 7. 93.
2766 7. 93.
2767 7. 93.
2768 7. 93.
2769 7. 93.
2770 7. 93.
2771 7. 93.
2772 7. 93.
2773 6. 94.
2774 6. 94.
2775 6. 94.
2776 5. 95.
2777 5. 95.
2778 6. 94.
2779 6. 94.
2780 6. 94.
2781 6. 94.
2782 6. 94.
2783 6. 94.
2784 6. 94.
2785 6. 94.
2786 6. 94.
2787 6. 94.
2788 6. 94.
2789 6. 94.
2790 6. 94.
2791 5. 95.
2792 5. 95.
2793 5. 95.
2794 5. 95.
2795 5. 95.
2796 5. 95.
2797 5. 95.
2798 5. 95.
2799 5. 95.
2800 5. 95.
2801 5. 95.
2802 5. 95.
2803 5. 95.
2804 5. 95.
2805 5. 95.
2806 5. 95.
2807 5. 95.
2808 5. 95.
2809 5. 95.
2810 5. 95.
2811 5. 95.
2812 5. 95.
2813 5. 95.
2814 5. 95.
2815 5. 95.
2816 5. 95.
2817 5. 95.
2818 5. 95.
2819 5. 95.
2820 5. 95.
2821 5. 95.
2822 5. 95.
2823 5. 95.
2824 5. 95.
2825 5. 95.
2826 5. 95.
2827 6. 94.
2828 6. 94.
2829 6. 94.
2830 6. 94.
2831 6. 94.
2832 6. 94.
2833 6. 94.
2834 6. 94.
2835 6. 94.
2836 6. 94.
2837 6. 94.
2838 6. 94.
2839 6. 94.
2840 6. 94.
2841 6. 94.
2842 6. 94.
2843 6. 94.
2844 6. 94.
2845 6. 94.
2846 6. 94.
2847 6. 94.
2848 6. 94.
2849 6. 94.
2850 6. 94.
2851 6. 94.
2852 7. 93.
2853 7. 93.
2854 7. 93.
2855 7. 93.
2856 7. 93.
2857 7. 93.
2858 7. 93.
2859 7. 93.
2860 7. 93.
2861 7. 93.
2862 7. 93.
2863 7. 93.
2864 7. 93.
2865 7. 93.
2866 7. 93.
2867 7. 93.
2868 7. 93.
2869 7. 93.
2870 7. 93.
2871 7. 93.
2872 7. 93.
2873 7. 93.
2874 6. 94.
2875 6. 94.
2876 6. 94.
2877 5. 95.
2878 5. 95.
2879 5. 95.
2880 5. 95.
2881 5. 95.
2882 5. 95.
2883 5. 95.
2884 5. 95.
2885 5. 95.
2886 5. 95.
2887 4. 96.
2888 4. 96.
2889 4. 96.
2890 4. 96.
2891 4. 96.
2892 4. 96.
2893 4. 96.
2894 4. 96.
2895 5. 95.
2896 5. 95.
2897 4. 96.
2898 4. 96.
2899 4. 96.
2900 4. 96.
2901 4. 96.
2902 4. 96.
2903 4. 96.
2904 4. 96.
2905 4. 96.
2906 4. 96.
2907 3. 97.
2908 3. 97.
2909 3. 97.
2910 3. 97.
2911 3. 97.
2912 3. 97.
2913 3. 97.
2914 3. 97.
2915 3. 97.
2916 3. 97.
2917 3. 97.
2918 3. 97.
2919 3. 97.
2920 3. 97.
2921 3. 97.
2922 3. 97.
2923 3. 97.
2924 3. 97.
2925 3. 97.
2926 3. 97.
2927 3. 97.
2928 3. 97.
2929 3. 97.
2930 3. 97.
2931 3. 97.
2932 3. 97.
2933 3. 97.
2934 3. 97.
2935 3. 97.
2936 3. 97.
2937 3. 97.
2938 3. 97.
2939 3. 97.
2940 3. 97.
2941 3. 97.
2942 3. 97.
2943 3. 97.
2944 3. 97.
2945 3. 97.
2946 3. 97.
2947 2. 98.
2948 2. 98.
2949 2. 98.
2950 2. 98.
2951 2. 98.
2952 2. 98.
2953 2. 98.
2954 2. 98.
2955 2. 98.
2956 2. 98.
2957 2. 98.
2958 2. 98.
2959 2. 98.
2960 2. 98.
2961 2. 98.
2962 2. 98.
2963 2. 98.
2964 2. 98.
2965 2. 98.
2966 2. 98.
2967 2. 98.
2968 2. 98.
2969 2. 98.
2970 2. 98.
2971 2. 98.
2972 2. 98.
2973 2. 98.
2974 2. 98.
2975 2. 98.
2976 2. 98.
2977 2. 98.
2978 2. 98.
2979 2. 98.
2980 2. 98.
2981 2. 98.
2982 2. 98.
2983 2. 98.
2984 2. 98.
2985 2. 98.
2986 2. 98.
2987 2. 98.
2988 2. 98.
2989 2. 98.
2990 2. 98.
2991 2. 98.
2992 2. 98.
2993 2. 98.
2994 2. 98.
2995 2. 98.
2996 2. 98.
2997 2. 98.
2998 3. 97.
2999 3. 97.
3000 3. 97.
3001 3. 97.
3002 3. 97.
3003 3. 97.
3004 3. 97.
3005 3. 97.
3006 3. 97.
3007 3. 97.
3008 3. 97.
3009 3. 97.
3010 3. 97.
3011 3. 97.
3012 3. 97.
3013 3. 97.
3014 3. 97.
3015 4. 96.
3016 4. 96.
3017 4. 96.
3018 4. 96.
3019 4. 96.
3020 4. 96.
3021 4. 96.
3022 4. 96.
3023 4. 96.
3024 4. 96.
3025 4. 96.
3026 4. 96.
3027 4. 96.
3028 4. 96.
3029 4. 96.
3030 3. 97.
3031 3. 97.
3032 3. 97.
3033 3. 97.
3034 3. 97.
3035 3. 97.
3036 3. 97.
3037 3. 97.
3038 3. 97.
3039 3. 97.
3040 3. 97.
3041 3. 97.
3042 3. 97.
3043 3. 97.
3044 3. 97.
3045 3. 97.
3046 3. 97.
3047 3. 97.
3048 3. 97.
3049 3. 97.
3050 3. 97.
3051 3. 97.
3052 3. 97.
3053 3. 97.
3054 3. 97.
3055 3. 97.
3056 3. 97.
3057 3. 97.
3058 3. 97.
3059 3. 97.
3060 3. 97.
3061 3. 97.
3062 3. 97.
3063 3. 97.
3064 3. 97.
3065 3. 97.
3066 3. 97.
3067 3. 97.
3068 3. 97.
3069 3. 97.
3070 3. 97.
3071 3. 97.
3072 3. 97.
3073 3. 97.
3074 3. 97.
3075 3. 97.
3076 3. 97.
3077 3. 97.
3078 3. 97.
3079 3. 97.
3080 3. 97.
3081 3. 97.
3082 3. 97.
3083 3. 97.
3084 3. 97.
3085 3. 97.
3086 2. 98.
3087 2. 98.
3088 2. 98.
3089 2. 98.
3090 2. 98.
3091 2. 98.
3092 2. 98.
3093 2. 98.
3094 2. 98.
3095 2. 98.
3096 2. 98.
3097 2. 98.
3098 2. 98.
3099 2. 98.
3100 2. 98.
3101 2. 98.
3102 2. 98.
3103 2. 98.
3104 2. 98.
3105 2. 98.
3106 2. 98.
3107 2. 98.
3108 2. 98.
3109 2. 98.
3110 2. 98.
3111 2. 98.
3112 2. 98.
3113 2. 98.
3114 2. 98.
3115 2. 98.
3116 2. 98.
3117 2. 98.
3118 2. 98.
3119 2. 98.
3120 2. 98.
3121 2. 98.
3122 2. 98.
3123 2. 98.
3124 1. 99.
3125 1. 99.
3126 1. 99.
3127 1. 99.
3128 1. 99.
3129 1. 99.
3130 1. 99.
3131 1. 99.
3132 1. 99.
3133 1. 99.
3134 1. 99.
3135 1. 99.
3136 1. 99.
3137 1. 99.
3138 1. 99.
3139 1. 99.
3140 1. 99.
3141 1. 99.
3142 1. 99.
3143 1. 99.
3144 1. 99.
3145 1. 99.
3146 1. 99.
3147 1. 99.
3148 1. 99.
3149 1. 99.
3150 1. 99.
3151 1. 99.
3152 1. 99.
3153 1. 99.
3154 1. 99.
3155 1. 99.
3156 1. 99.
3157 1. 99.
3158 1. 99.
3159 1. 99.
3160 1. 99.
3161 1. 99.
3162 1. 99.
3163 1. 99.
3164 1. 99.
3165 1. 99.
3166 1. 99.
3167 1. 99.
3168 1. 99.
3169 1. 99.
3170 1. 99.
3171 1. 99.
3172 1. 99.
3173 1. 99.
3174 1. 99.
3175 1. 99.
3176 1. 99.
3177 1. 99.
3178 1. 99.
3179 1. 99.
3180 1. 99.
3181 1. 99.
3182 1. 99.
3183 1. 99.
3184 1. 99.
3185 1. 99.
3186 1. 99.
3187 1. 99.
3188 1. 99.
3189 1. 99.
3190 1. 99.
3191 1. 99.
3192 1. 99.
3193 1. 99.
3194 1. 99.
3195 1. 99.
3196 1. 99.
3197 1. 99.
3198 1. 99.
3199 1. 99.
3200 1. 99.
3201 1. 99.
3202 1. 99.
3203 1. 99.
3204 1. 99.
3205 1. 99.
3206 1. 99.
3207 1. 99.
3208 1. 99.
3209 1. 99.
3210 1. 99.
3211 1. 99.
3212 1. 99.
3213 1. 99.
3214 1. 99.
3215 1. 99.
3216 1. 99.
3217 1. 99.
3218 1. 99.
3219 1. 99.
3220 1. 99.
3221 1. 99.
3222 1. 99.
3223 1. 99.
3224 1. 99.
3225 1. 99.
3226 1. 99.
3227 1. 99.
3228 1. 99.
3229 1. 99.
3230 1. 99.
3231 1. 99.
3232 1. 99.
3233 1. 99.
3234 1. 99.
3235 1. 99.
3236 1. 99.
3237 1. 99.
3238 1. 99.
3239 1. 99.
3240 1. 99.
3241 1. 99.
3242 1. 99.
3243 1. 99.
3244 1. 99.
3245 1. 99.
3246 1. 99.
3247 1. 99.
3248 1. 99.
3249 1. 99.
3250 1. 99.
3251 1. 99.
3252 1. 99.
3253 1. 99.
3254 1. 99.
3255 1. 99.
3256 1. 99.
3257 1. 99.
3258 1. 99.
3259 1. 99.
3260 1. 99.
3261 1. 99.
3262 1. 99.
3263 1. 99.
3264 1. 99.
3265 1. 99.
3266 1. 99.
3267 1. 99.
3268 1. 99.
3269 1. 99.
3270 1. 99.
3271 1. 99.
3272 1. 99.
3273 1. 99.
3274 1. 99.
3275 1. 99.
3276 1. 99.
3277 1. 99.
3278 1. 99.
3279 1. 99.
3280 1. 99.
3281 1. 99.
3282 1. 99.
3283 1. 99.
3284 1. 99.
3285 1. 99.
3286 1. 99.
3287 1. 99.
3288 1. 99.
3289 1. 99.
3290 1. 99.
3291 1. 99.
3292 1. 99.
3293 1. 99.
3294 1. 99.
3295 1. 99.
3296 1. 99.
3297 1. 99.
3298 1. 99.
3299 1. 99.
3300 1. 99.
3301 1. 99.
3302 1. 99.
3303 1. 99.
3304 1. 99.
3305 1. 99.
3306 1. 99.
3307 1. 99.
3308 1. 99.
3309 1. 99.
3310 1. 99.
3311 1. 99.
3312 1. 99.
3313 1. 99.
3314 1. 99.
3315 1. 99.
3316 1. 99.
3317 1. 99.
3318 1. 99.
3319 1. 99.
3320 1. 99.
3321 1. 99.
3322 1. 99.
3323 1. 99.
3324 1. 99.
3325 1. 99.
3326 1. 99.
3327 1. 99.
3328 1. 99.
3329 1. 99.
3330 1. 99.
3331 1. 99.
3332 1. 99.
3333 1. 99.
3334 1. 99.
3335 1. 99.
3336 1. 99.
3337 1. 99.
3338 1. 99.
3339 1. 99.
3340 1. 99.
3341 2. 98.
3342 2. 98.
3343 2. 98.
3344 2. 98.
3345 2. 98.
3346 2. 98.
3347 2. 98.
3348 2. 98.
3349 1. 99.
3350 1. 99.
3351 1. 99.
3352 1. 99.
3353 1. 99.
3354 1. 99.
3355 1. 99.
3356 1. 99.
3357 1. 99.
3358 1. 99.
3359 1. 99.
3360 1. 99.
3361 1. 99.
3362 1. 99.
3363 1. 99.
3364 1. 99.
3365 1. 99.
3366 1. 99.
3367 1. 99.
3368 1. 99.
3369 1. 99.
3370 1. 99.
3371 1. 99.
3372 1. 99.
3373 1. 99.
3374 1. 99.
3375 1. 99.
3376 1. 99.
3377 1. 99.
3378 1. 99.
3379 1. 99.
3380 1. 99.
3381 1. 99.
3382 1. 99.
3383 1. 99.
3384 1. 99.
3385 1. 99.
3386 1. 99.
3387 1. 99.
3388 1. 99.
3389 1. 99.
3390 1. 99.
3391 1. 99.
3392 1. 99.
3393 1. 99.
3394 1. 99.
3395 1. 99.
3396 1. 99.
3397 1. 99.
3398 1. 99.
3399 1. 99.
3400 1. 99.
3401 1. 99.
3402 1. 99.
3403 1. 99.
3404 1. 99.
3405 1. 99.
3406 1. 99.
3407 1. 99.
3408 1. 99.
3409 1. 99.
3410 1. 99.
3411 1. 99.
3412 1. 99.
3413 1. 99.
3414 1. 99.
3415 1. 99.
3416 1. 99.
3417 1. 99.
3418 1. 99.
3419 1. 99.
3420 1. 99.
3421 1. 99.
3422 1. 99.
3423 1. 99.
3424 1. 99.
3425 1. 99.
3426 1. 99.
3427 1. 99.
3428 1. 99.
3429 1. 99.
3430 1. 99.
3431 1. 99.
3432 1. 99.
3433 1. 99.
3434 1. 99.
3435 1. 99.
3436 1. 99.
3437 1. 99.
3438 1. 99.
3439 1. 99.
3440 1. 99.
3441 1. 99.
3442 1. 99.
3443 1. 99.
3444 1. 99.
3445 1. 99.
3446 1. 99.
3447 1. 99.
3448 1. 99.
3449 1. 99.
3450 1. 99.
3451 1. 99.
3452 1. 99.
3453 1. 99.
3454 2. 98.
3455 2. 98.
3456 2. 98.
3457 2. 98.
3458 2. 98.
3459 2. 98.
3460 2. 98.
3461 2. 98.
3462 2. 98.
3463 2. 98.
3464 2. 98.
3465 3. 97.
3466 3. 97.
3467 3. 97.
3468 3. 97.
3469 3. 97.
3470 3. 97.
3471 3. 97.
3472 3. 97.
3473 3. 97.
3474 3. 97.
3475 3. 97.
3476 3. 97.
3477 3. 97.
3478 3. 97.
3479 3. 97.
3480 3. 97.
3481 3. 97.
3482 3. 97.
3483 3. 97.
3484 3. 97.
3485 3. 97.
3486 3. 97.
3487 3. 97.
3488 3. 97.
3489 3. 97.
3490 3. 97.
3491 3. 97.
3492 3. 97.
3493 3. 97.
3494 2. 98.
3495 2. 98.
3496 2. 98.
3497 2. 98.
3498 2. 98.
3499 2. 98.
3500 2. 98.
3501 2. 98.
3502 2. 98.
3503 2. 98.
3504 2. 98.
3505 2. 98.
3506 2. 98.
3507 2. 98.
3508 2. 98.
3509 2. 98.
3510 2. 98.
3511 2. 98.
3512 2. 98.
3513 2. 98.
3514 2. 98.
3515 2. 98.
3516 2. 98.
3517 2. 98.
3518 2. 98.
3519 2. 98.
3520 2. 98.
3521 2. 98.
3522 2. 98.
3523 2. 98.
3524 2. 98.
3525 2. 98.
3526 2. 98.
3527 2. 98.
3528 2. 98.
3529 2. 98.
3530 2. 98.
3531 2. 98.
3532 2. 98.
3533 2. 98.
3534 2. 98.
3535 2. 98.
3536 2. 98.
3537 2. 98.
3538 2. 98.
3539 2. 98.
3540 2. 98.
3541 2. 98.
3542 2. 98.
3543 2. 98.
3544 2. 98.
3545 2. 98.
3546 2. 98.
3547 2. 98.
3548 3. 97.
3549 3. 97.
3550 3. 97.
3551 3. 97.
3552 3. 97.
3553 3. 97.
3554 3. 97.
3555 3. 97.
3556 3. 97.
3557 3. 97.
3558 3. 97.
3559 3. 97.
3560 3. 97.
3561 3. 97.
3562 3. 97.
3563 3. 97.
3564 3. 97.
3565 3. 97.
3566 3. 97.
3567 3. 97.
3568 3. 97.
3569 3. 97.
3570 3. 97.
3571 3. 97.
3572 3. 97.
3573 3. 97.
3574 3. 97.
3575 3. 97.
3576 3. 97.
3577 3. 97.
3578 3. 97.
3579 3. 97.
3580 3. 97.
3581 3. 97.
3582 3. 97.
3583 3. 97.
3584 3. 97.
3585 3. 97.
3586 3. 97.
3587 3. 97.
3588 3. 97.
3589 3. 97.
3590 3. 97.
3591 3. 97.
3592 3. 97.
3593 4. 96.
3594 4. 96.
3595 4. 96.
3596 4. 96.
3597 4. 96.
3598 4. 96.
3599 4. 96.
3600 4. 96.
3601 4. 96.
3602 4. 96.
3603 4. 96.
3604 4. 96.
3605 4. 96.
3606 4. 96.
3607 4. 96.
3608 4. 96.
3609 4. 96.
3610 4. 96.
3611 4. 96.
3612 4. 96.
3613 4. 96.
3614 4. 96.
3615 4. 96.
3616 4. 96.
3617 4. 96.
3618 4. 96.
3619 4. 96.
3620 4. 96.
3621 4. 96.
3622 4. 96.
3623 4. 96.
3624 4. 96.
3625 4. 96.
3626 4. 96.
3627 4. 96.
3628 4. 96.
3629 4. 96.
3630 4. 96.
3631 4. 96.
3632 4. 96.
3633 4. 96.
3634 4. 96.
3635 4. 96.
3636 4. 96.
3637 4. 96.
3638 4. 96.
3639 3. 97.
3640 4. 96.
3641 4. 96.
3642 4. 96.
3643 4. 96.
3644 4. 96.
3645 4. 96.
3646 4. 96.
3647 4. 96.
3648 4. 96.
3649 4. 96.
3650 4. 96.
3651 4. 96.
3652 3. 97.
3653 3. 97.
3654 3. 97.
3655 3. 97.
3656 3. 97.
3657 3. 97.
3658 3. 97.
3659 3. 97.
3660 3. 97.
3661 3. 97.
3662 3. 97.
3663 3. 97.
3664 3. 97.
3665 3. 97.
3666 3. 97.
3667 3. 97.
3668 3. 97.
3669 3. 97.
3670 3. 97.
3671 3. 97.
3672 3. 97.
3673 3. 97.
3674 3. 97.
3675 3. 97.
3676 3. 97.
3677 3. 97.
3678 3. 97.
3679 3. 97.
3680 3. 97.
3681 3. 97.
3682 3. 97.
3683 3. 97.
3684 3. 97.
3685 3. 97.
3686 3. 97.
3687 3. 97.
3688 3. 97.
3689 3. 97.
3690 3. 97.
3691 3. 97.
3692 3. 97.
3693 3. 97.
3694 3. 97.
3695 3. 97.
3696 3. 97.
3697 3. 97.
3698 3. 97.
3699 3. 97.
3700 3. 97.
3701 3. 97.
3702 3. 97.
3703 3. 97.
3704 3. 97.
3705 4. 96.
3706 4. 96.
3707 4. 96.
3708 4. 96.
3709 4. 96.
3710 4. 96.
3711 4. 96.
3712 4. 96.
3713 4. 96.
3714 4. 96.
3715 4. 96.
3716 4. 96.
3717 4. 96.
3718 4. 96.
3719 4. 96.
3720 4. 96.
3721 4. 96.
3722 4. 96.
3723 4. 96.
3724 4. 96.
3725 4. 96.
3726 4. 96.
3727 4. 96.
3728 4. 96.
3729 4. 96.
3730 4. 96.
3731 4. 96.
3732 4. 96.
3733 5. 95.
3734 5. 95.
3735 5. 95.
3736 5. 95.
3737 5. 95.
3738 5. 95.
3739 5. 95.
3740 5. 95.
3741 5. 95.
3742 5. 95.
3743 5. 95.
3744 5. 95.
3745 5. 95.
3746 4. 96.
3747 4. 96.
3748 4. 96.
3749 4. 96.
3750 4. 96.
3751 4. 96.
3752 4. 96.
3753 4. 96.
3754 4. 96.
3755 4. 96.
3756 4. 96.
3757 4. 96.
3758 4. 96.
3759 4. 96.
3760 4. 96.
3761 4. 96.
3762 4. 96.
3763 4. 96.
3764 4. 96.
3765 4. 96.
3766 4. 96.
3767 4. 96.
3768 4. 96.
3769 4. 96.
3770 4. 96.
3771 4. 96.
3772 4. 96.
3773 4. 96.
3774 4. 96.
3775 4. 96.
3776 4. 96.
3777 4. 96.
3778 4. 96.
3779 3. 97.
3780 3. 97.
3781 3. 97.
3782 3. 97.
3783 3. 97.
3784 3. 97.
3785 3. 97.
3786 3. 97.
3787 3. 97.
3788 4. 96.
3789 3. 97.
3790 3. 97.
3791 3. 97.
3792 3. 97.
3793 3. 97.
3794 3. 97.
3795 3. 97.
3796 3. 97.
3797 3. 97.
3798 3. 97.
3799 3. 97.
3800 3. 97.
3801 3. 97.
3802 3. 97.
3803 3. 97.
3804 3. 97.
3805 3. 97.
3806 4. 96.
3807 4. 96.
3808 4. 96.
3809 4. 96.
3810 4. 96.
3811 4. 96.
3812 4. 96.
3813 5. 95.
3814 5. 95.
3815 5. 95.
3816 5. 95.
3817 5. 95.
3818 5. 95.
3819 5. 95.
3820 5. 95.
3821 5. 95.
3822 5. 95.
3823 5. 95.
3824 5. 95.
3825 5. 95.
3826 5. 95.
3827 5. 95.
3828 5. 95.
3829 5. 95.
3830 5. 95.
3831 5. 95.
3832 5. 95.
3833 5. 95.
3834 5. 95.
3835 5. 95.
3836 5. 95.
3837 5. 95.
3838 5. 95.
3839 5. 95.
3840 5. 95.
3841 5. 95.
3842 5. 95.
3843 5. 95.
3844 5. 95.
3845 5. 95.
3846 5. 95.
3847 5. 95.
3848 5. 95.
3849 5. 95.
3850 5. 95.
3851 5. 95.
3852 5. 95.
3853 4. 96.
3854 3. 97.
3855 3. 97.
3856 3. 97.
3857 3. 97.
3858 3. 97.
3859 3. 97.
3860 3. 97.
3861 3. 97.
3862 3. 97.
3863 3. 97.
3864 3. 97.
3865 3. 97.
3866 3. 97.
3867 3. 97.
3868 3. 97.
3869 3. 97.
3870 3. 97.
3871 4. 96.
3872 4. 96.
3873 4. 96.
3874 5. 95.
3875 5. 95.
3876 5. 95.
3877 5. 95.
3878 5. 95.
3879 5. 95.
3880 5. 95.
3881 5. 95.
3882 5. 95.
3883 5. 95.
3884 5. 95.
3885 5. 95.
3886 5. 95.
3887 5. 95.
3888 5. 95.
3889 5. 95.
3890 5. 95.
3891 5. 95.
3892 5. 95.
3893 5. 95.
3894 5. 95.
3895 5. 95.
3896 5. 95.
3897 5. 95.
3898 5. 95.
3899 5. 95.
3900 5. 95.
3901 5. 95.
3902 5. 95.
3903 5. 95.
3904 5. 95.
3905 5. 95.
3906 5. 95.
3907 5. 95.
3908 5. 95.
3909 5. 95.
3910 4. 96.
3911 4. 96.
3912 4. 96.
3913 4. 96.
3914 4. 96.
3915 4. 96.
3916 4. 96.
3917 4. 96.
3918 4. 96.
3919 4. 96.
3920 4. 96.
3921 4. 96.
3922 4. 96.
3923 4. 96.
3924 4. 96.
3925 4. 96.
3926 4. 96.
3927 4. 96.
3928 4. 96.
3929 4. 96.
3930 4. 96.
3931 4. 96.
3932 4. 96.
3933 4. 96.
3934 4. 96.
3935 4. 96.
3936 4. 96.
3937 4. 96.
3938 4. 96.
3939 4. 96.
3940 4. 96.
3941 3. 97.
3942 3. 97.
3943 3. 97.
3944 3. 97.
3945 3. 97.
3946 3. 97.
3947 3. 97.
3948 3. 97.
3949 3. 97.
3950 3. 97.
3951 3. 97.
3952 3. 97.
3953 3. 97.
3954 3. 97.
3955 3. 97.
3956 3. 97.
3957 3. 97.
3958 3. 97.
3959 3. 97.
3960 3. 97.
3961 3. 97.
3962 3. 97.
3963 3. 97.
3964 3. 97.
3965 3. 97.
3966 3. 97.
3967 3. 97.
3968 4. 96.
3969 4. 96.
3970 4. 96.
3971 4. 96.
3972 4. 96.
3973 4. 96.
3974 4. 96.
3975 4. 96.
3976 4. 96.
3977 4. 96.
3978 4. 96.
3979 4. 96.
3980 4. 96.
3981 4. 96.
3982 4. 96.
3983 4. 96.
3984 4. 96.
3985 4. 96.
3986 4. 96.
3987 4. 96.
3988 4. 96.
3989 4. 96.
3990 4. 96.
3991 4. 96.
3992 4. 96.
3993 4. 96.
3994 4. 96.
3995 4. 96.
3996 4. 96.
3997 4. 96.
3998 4. 96.
3999 4. 96.
4000 4. 96.
4001 4. 96.
4002 4. 96.
4003 4. 96.
4004 4. 96.
4005 4. 96.
4006 4. 96.
4007 4. 96.
4008 4. 96.
4009 4. 96.
4010 4. 96.
4011 4. 96.
4012 4. 96.
4013 4. 96.
4014 4. 96.
4015 4. 96.
4016 4. 96.
4017 4. 96.
4018 4. 96.
4019 4. 96.
4020 4. 96.
4021 3. 97.
4022 3. 97.
4023 3. 97.
4024 3. 97.
4025 3. 97.
4026 3. 97.
4027 3. 97.
4028 3. 97.
4029 3. 97.
4030 3. 97.
4031 3. 97.
4032 3. 97.
4033 3. 97.
4034 3. 97.
4035 3. 97.
4036 3. 97.
4037 3. 97.
4038 3. 97.
4039 3. 97.
4040 3. 97.
4041 3. 97.
4042 3. 97.
4043 3. 97.
4044 3. 97.
4045 3. 97.
4046 3. 97.
4047 3. 97.
4048 3. 97.
4049 3. 97.
4050 3. 97.
4051 3. 97.
4052 3. 97.
4053 3. 97.
4054 3. 97.
4055 3. 97.
4056 3. 97.
4057 3. 97.
4058 3. 97.
4059 3. 97.
4060 3. 97.
4061 3. 97.
4062 3. 97.
4063 3. 97.
4064 3. 97.
4065 3. 97.
4066 3. 97.
4067 3. 97.
4068 3. 97.
4069 3. 97.
4070 3. 97.
4071 3. 97.
4072 3. 97.
4073 3. 97.
4074 3. 97.
4075 3. 97.
4076 3. 97.
4077 3. 97.
4078 3. 97.
4079 3. 97.
4080 3. 97.
4081 3. 97.
4082 3. 97.
4083 3. 97.
4084 3. 97.
4085 3. 97.
4086 3. 97.
4087 3. 97.
4088 3. 97.
4089 3. 97.
4090 3. 97.
4091 3. 97.
4092 3. 97.
4093 3. 97.
4094 3. 97.
4095 3. 97.
4096 3. 97.
4097 3. 97.
4098 3. 97.
4099 3. 97.
4100 3. 97.
4101 3. 97.
4102 3. 97.
4103 3. 97.
4104 3. 97.
4105 3. 97.
4106 3. 97.
4107 3. 97.
4108 3. 97.
4109 2. 98.
4110 2. 98.
4111 2. 98.
4112 2. 98.
4113 2. 98.
4114 2. 98.
4115 2. 98.
4116 2. 98.
4117 2. 98.
4118 2. 98.
4119 2. 98.
4120 2. 98.
4121 2. 98.
4122 2. 98.
4123 2. 98.
4124 2. 98.
4125 2. 98.
4126 2. 98.
4127 2. 98.
4128 2. 98.
4129 2. 98.
4130 2. 98.
4131 2. 98.
4132 2. 98.
4133 2. 98.
4134 2. 98.
4135 3. 97.
4136 3. 97.
4137 3. 97.
4138 3. 97.
4139 3. 97.
4140 3. 97.
4141 3. 97.
4142 3. 97.
4143 3. 97.
4144 3. 97.
4145 3. 97.
4146 3. 97.
4147 3. 97.
4148 3. 97.
4149 3. 97.
4150 3. 97.
4151 4. 96.
4152 4. 96.
4153 4. 96.
4154 4. 96.
4155 4. 96.
4156 4. 96.
4157 4. 96.
4158 4. 96.
4159 4. 96.
4160 4. 96.
4161 4. 96.
4162 4. 96.
4163 4. 96.
4164 4. 96.
4165 4. 96.
4166 4. 96.
4167 4. 96.
4168 4. 96.
4169 4. 96.
4170 4. 96.
4171 4. 96.
4172 4. 96.
4173 4. 96.
4174 4. 96.
4175 4. 96.
4176 4. 96.
4177 4. 96.
4178 4. 96.
4179 4. 96.
4180 4. 96.
4181 4. 96.
4182 4. 96.
4183 4. 96.
4184 4. 96.
4185 4. 96.
4186 4. 96.
4187 4. 96.
4188 4. 96.
4189 4. 96.
4190 4. 96.
4191 4. 96.
4192 4. 96.
4193 4. 96.
4194 4. 96.
4195 4. 96.
4196 4. 96.
4197 4. 96.
4198 4. 96.
4199 4. 96.
4200 4. 96.
4201 4. 96.
4202 4. 96.
4203 4. 96.
4204 4. 96.
4205 4. 96.
4206 4. 96.
4207 4. 96.
4208 4. 96.
4209 4. 96.
4210 4. 96.
4211 4. 96.
4212 4. 96.
4213 4. 96.
4214 4. 96.
4215 4. 96.
4216 4. 96.
4217 4. 96.
4218 4. 96.
4219 4. 96.
4220 4. 96.
4221 4. 96.
4222 4. 96.
4223 4. 96.
4224 4. 96.
4225 4. 96.
4226 4. 96.
4227 4. 96.
4228 4. 96.
4229 4. 96.
4230 4. 96.
4231 4. 96.
4232 4. 96.
4233 4. 96.
4234 4. 96.
4235 4. 96.
4236 4. 96.
4237 4. 96.
4238 4. 96.
4239 4. 96.
4240 4. 96.
4241 4. 96.
4242 4. 96.
4243 4. 96.
4244 4. 96.
4245 4. 96.
4246 4. 96.
4247 4. 96.
4248 4. 96.
4249 4. 96.
4250 4. 96.
4251 4. 96.
4252 4. 96.
4253 4. 96.
4254 4. 96.
4255 4. 96.
4256 4. 96.
4257 4. 96.
4258 4. 96.
4259 4. 96.
4260 4. 96.
4261 4. 96.
4262 4. 96.
4263 4. 96.
4264 4. 96.
4265 5. 95.
4266 5. 95.
4267 5. 95.
4268 5. 95.
4269 5. 95.
4270 5. 95.
4271 5. 95.
4272 5. 95.
4273 5. 95.
4274 5. 95.
4275 5. 95.
4276 4. 96.
4277 4. 96.
4278 4. 96.
4279 4. 96.
4280 4. 96.
4281 4. 96.
4282 4. 96.
4283 4. 96.
4284 4. 96.
4285 4. 96.
4286 5. 95.
4287 5. 95.
4288 5. 95.
4289 5. 95.
4290 5. 95.
4291 5. 95.
4292 5. 95.
4293 5. 95.
4294 5. 95.
4295 5. 95.
4296 5. 95.
4297 5. 95.
4298 5. 95.
4299 5. 95.
4300 5. 95.
4301 5. 95.
4302 5. 95.
4303 5. 95.
4304 5. 95.
4305 5. 95.
4306 5. 95.
4307 5. 95.
4308 5. 95.
4309 5. 95.
4310 5. 95.
4311 5. 95.
4312 5. 95.
4313 5. 95.
4314 5. 95.
4315 5. 95.
4316 5. 95.
4317 5. 95.
4318 5. 95.
4319 5. 95.
4320 5. 95.
4321 5. 95.
4322 5. 95.
4323 5. 95.
4324 5. 95.
4325 5. 95.
4326 5. 95.
4327 5. 95.
4328 5. 95.
4329 5. 95.
4330 5. 95.
4331 5. 95.
4332 5. 95.
4333 5. 95.
4334 5. 95.
4335 5. 95.
4336 5. 95.
4337 5. 95.
4338 5. 95.
4339 5. 95.
4340 5. 95.
4341 5. 95.
4342 5. 95.
4343 5. 95.
4344 5. 95.
4345 5. 95.
4346 5. 95.
4347 5. 95.
4348 5. 95.
4349 5. 95.
4350 5. 95.
4351 5. 95.
4352 5. 95.
4353 5. 95.
4354 5. 95.
4355 5. 95.
4356 4. 96.
4357 4. 96.
4358 4. 96.
4359 4. 96.
4360 5. 95.
4361 5. 95.
4362 5. 95.
4363 5. 95.
4364 5. 95.
4365 5. 95.
4366 5. 95.
4367 5. 95.
4368 5. 95.
4369 5. 95.
4370 5. 95.
4371 5. 95.
4372 5. 95.
4373 5. 95.
4374 5. 95.
4375 5. 95.
4376 5. 95.
4377 5. 95.
4378 5. 95.
4379 4. 96.
4380 4. 96.
4381 4. 96.
4382 4. 96.
4383 4. 96.
4384 4. 96.
4385 4. 96.
4386 4. 96.
4387 4. 96.
4388 4. 96.
4389 5. 95.
4390 5. 95.
4391 5. 95.
4392 5. 95.
4393 5. 95.
4394 5. 95.
4395 5. 95.
4396 5. 95.
4397 5. 95.
4398 5. 95.
4399 5. 95.
4400 5. 95.
4401 5. 95.
4402 5. 95.
4403 5. 95.
4404 5. 95.
4405 5. 95.
4406 5. 95.
4407 5. 95.
4408 5. 95.
4409 5. 95.
4410 5. 95.
4411 5. 95.
4412 5. 95.
4413 6. 94.
4414 6. 94.
4415 6. 94.
4416 6. 94.
4417 7. 93.
4418 7. 93.
4419 7. 93.
4420 7. 93.
4421 6. 94.
4422 6. 94.
4423 6. 94.
4424 6. 94.
4425 6. 94.
4426 6. 94.
4427 6. 94.
4428 6. 94.
4429 6. 94.
4430 6. 94.
4431 6. 94.
4432 6. 94.
4433 6. 94.
4434 6. 94.
4435 6. 94.
4436 6. 94.
4437 6. 94.
4438 6. 94.
4439 6. 94.
4440 6. 94.
4441 6. 94.
4442 6. 94.
4443 6. 94.
4444 6. 94.
4445 6. 94.
4446 6. 94.
4447 6. 94.
4448 6. 94.
4449 6. 94.
4450 6. 94.
4451 6. 94.
4452 6. 94.
4453 6. 94.
4454 6. 94.
4455 6. 94.
4456 6. 94.
4457 6. 94.
4458 6. 94.
4459 6. 94.
4460 6. 94.
4461 6. 94.
4462 6. 94.
4463 6. 94.
4464 6. 94.
4465 6. 94.
4466 6. 94.
4467 6. 94.
4468 5. 95.
4469 5. 95.
4470 4. 96.
4471 3. 97.
4472 3. 97.
4473 3. 97.
4474 3. 97.
4475 4. 96.
4476 4. 96.
4477 4. 96.
4478 4. 96.
4479 4. 96.
4480 4. 96.
4481 4. 96.
4482 4. 96.
4483 4. 96.
4484 5. 95.
4485 5. 95.
4486 5. 95.
4487 5. 95.
4488 5. 95.
4489 5. 95.
4490 5. 95.
4491 5. 95.
4492 5. 95.
4493 5. 95.
4494 5. 95.
4495 5. 95.
4496 5. 95.
4497 5. 95.
4498 5. 95.
4499 5. 95.
4500 4. 96.
4501 4. 96.
4502 4. 96.
4503 4. 96.
4504 4. 96.
4505 4. 96.
4506 3. 97.
4507 3. 97.
4508 3. 97.
4509 3. 97.
4510 3. 97.
4511 3. 97.
4512 3. 97.
4513 3. 97.
4514 3. 97.
4515 3. 97.
4516 3. 97.
4517 3. 97.
4518 3. 97.
4519 3. 97.
4520 3. 97.
4521 3. 97.
4522 3. 97.
4523 3. 97.
4524 3. 97.
4525 3. 97.
4526 3. 97.
4527 3. 97.
4528 3. 97.
4529 3. 97.
4530 3. 97.
4531 3. 97.
4532 3. 97.
4533 3. 97.
4534 3. 97.
4535 3. 97.
4536 3. 97.
4537 3. 97.
4538 3. 97.
4539 3. 97.
4540 3. 97.
4541 3. 97.
4542 3. 97.
4543 3. 97.
4544 3. 97.
4545 3. 97.
4546 3. 97.
4547 3. 97.
4548 3. 97.
4549 3. 97.
4550 3. 97.
4551 3. 97.
4552 3. 97.
4553 3. 97.
4554 3. 97.
4555 2. 98.
4556 2. 98.
4557 2. 98.
4558 2. 98.
4559 2. 98.
4560 2. 98.
4561 2. 98.
4562 2. 98.
4563 2. 98.
4564 2. 98.
4565 2. 98.
4566 2. 98.
4567 2. 98.
4568 2. 98.
4569 2. 98.
4570 2. 98.
4571 2. 98.
4572 2. 98.
4573 2. 98.
4574 2. 98.
4575 3. 97.
4576 3. 97.
4577 3. 97.
4578 3. 97.
4579 3. 97.
4580 3. 97.
4581 3. 97.
4582 3. 97.
4583 3. 97.
4584 3. 97.
4585 3. 97.
4586 3. 97.
4587 3. 97.
4588 3. 97.
4589 3. 97.
4590 3. 97.
4591 3. 97.
4592 3. 97.
4593 3. 97.
4594 3. 97.
4595 3. 97.
4596 3. 97.
4597 3. 97.
4598 3. 97.
4599 3. 97.
4600 2. 98.
4601 2. 98.
4602 2. 98.
4603 2. 98.
4604 2. 98.
4605 2. 98.
4606 2. 98.
4607 2. 98.
4608 2. 98.
4609 2. 98.
4610 2. 98.
4611 2. 98.
4612 2. 98.
4613 2. 98.
4614 2. 98.
4615 2. 98.
4616 2. 98.
4617 2. 98.
4618 2. 98.
4619 2. 98.
4620 2. 98.
4621 2. 98.
4622 2. 98.
4623 2. 98.
4624 2. 98.
4625 2. 98.
4626 2. 98.
4627 2. 98.
4628 2. 98.
4629 2. 98.
4630 2. 98.
4631 2. 98.
4632 2. 98.
4633 2. 98.
4634 2. 98.
4635 2. 98.
4636 2. 98.
4637 2. 98.
4638 2. 98.
4639 2. 98.
4640 2. 98.
4641 2. 98.
4642 2. 98.
4643 2. 98.
4644 2. 98.
4645 2. 98.
4646 2. 98.
4647 2. 98.
4648 2. 98.
4649 2. 98.
4650 2. 98.
4651 2. 98.
4652 2. 98.
4653 2. 98.
4654 2. 98.
4655 2. 98.
4656 2. 98.
4657 2. 98.
4658 2. 98.
4659 2. 98.
4660 2. 98.
4661 2. 98.
4662 2. 98.
4663 3. 97.
4664 3. 97.
4665 3. 97.
4666 3. 97.
4667 3. 97.
4668 3. 97.
4669 3. 97.
4670 3. 97.
4671 3. 97.
4672 3. 97.
4673 3. 97.
4674 3. 97.
4675 3. 97.
4676 3. 97.
4677 3. 97.
4678 3. 97.
4679 4. 96.
4680 4. 96.
4681 4. 96.
4682 4. 96.
4683 4. 96.
4684 4. 96.
4685 4. 96.
4686 4. 96.
4687 4. 96.
4688 4. 96.
4689 4. 96.
4690 4. 96.
4691 4. 96.
4692 4. 96.
4693 4. 96.
4694 4. 96.
4695 4. 96.
4696 4. 96.
4697 4. 96.
4698 4. 96.
4699 4. 96.
4700 3. 97.
4701 3. 97.
4702 4. 96.
4703 4. 96.
4704 4. 96.
4705 5. 95.
4706 5. 95.
4707 5. 95.
4708 5. 95.
4709 5. 95.
4710 5. 95.
4711 5. 95.
4712 5. 95.
4713 5. 95.
4714 5. 95.
4715 5. 95.
4716 6. 94.
4717 6. 94.
4718 6. 94.
4719 6. 94.
4720 6. 94.
4721 6. 94.
4722 6. 94.
4723 6. 94.
4724 6. 94.
4725 5. 95.
4726 5. 95.
4727 5. 95.
4728 5. 95.
4729 5. 95.
4730 5. 95.
4731 5. 95.
4732 5. 95.
4733 5. 95.
4734 5. 95.
4735 5. 95.
4736 5. 95.
4737 5. 95.
4738 5. 95.
4739 5. 95.
4740 5. 95.
4741 6. 94.
4742 6. 94.
4743 6. 94.
4744 6. 94.
4745 6. 94.
4746 6. 94.
4747 6. 94.
4748 6. 94.
4749 6. 94.
4750 6. 94.
4751 6. 94.
4752 6. 94.
4753 6. 94.
4754 6. 94.
4755 6. 94.
4756 6. 94.
4757 6. 94.
4758 6. 94.
4759 6. 94.
4760 6. 94.
4761 6. 94.
4762 6. 94.
4763 6. 94.
4764 6. 94.
4765 6. 94.
4766 6. 94.
4767 6. 94.
4768 6. 94.
4769 6. 94.
4770 6. 94.
4771 6. 94.
4772 6. 94.
4773 6. 94.
4774 6. 94.
4775 6. 94.
4776 6. 94.
4777 6. 94.
4778 6. 94.
4779 6. 94.
4780 6. 94.
4781 6. 94.
4782 6. 94.
4783 6. 94.
4784 6. 94.
4785 6. 94.
4786 6. 94.
4787 6. 94.
4788 6. 94.
4789 6. 94.
4790 6. 94.
4791 6. 94.
4792 6. 94.
4793 5. 95.
4794 5. 95.
4795 5. 95.
4796 5. 95.
4797 5. 95.
4798 5. 95.
4799 5. 95.
4800 5. 95.
4801 6. 94.
4802 6. 94.
4803 6. 94.
4804 6. 94.
4805 6. 94.
4806 6. 94.
4807 6. 94.
4808 6. 94.
4809 6. 94.
4810 6. 94.
4811 6. 94.
4812 6. 94.
4813 6. 94.
4814 6. 94.
4815 6. 94.
4816 6. 94.
4817 6. 94.
4818 6. 94.
4819 6. 94.
4820 6. 94.
4821 6. 94.
4822 6. 94.
4823 6. 94.
4824 6. 94.
4825 6. 94.
4826 6. 94.
4827 6. 94.
4828 6. 94.
4829 6. 94.
4830 6. 94.
4831 6. 94.
4832 6. 94.
4833 6. 94.
4834 6. 94.
4835 6. 94.
4836 6. 94.
4837 6. 94.
4838 6. 94.
4839 6. 94.
4840 6. 94.
4841 6. 94.
4842 6. 94.
4843 6. 94.
4844 6. 94.
4845 6. 94.
4846 6. 94.
4847 6. 94.
4848 6. 94.
4849 6. 94.
4850 6. 94.
4851 6. 94.
4852 6. 94.
4853 6. 94.
4854 6. 94.
4855 6. 94.
4856 6. 94.
4857 6. 94.
4858 6. 94.
4859 6. 94.
4860 6. 94.
4861 7. 93.
4862 7. 93.
4863 7. 93.
4864 7. 93.
4865 7. 93.
4866 7. 93.
4867 7. 93.
4868 7. 93.
4869 7. 93.
4870 7. 93.
4871 7. 93.
4872 7. 93.
4873 7. 93.
4874 7. 93.
4875 7. 93.
4876 7. 93.
4877 7. 93.
4878 8. 92.
4879 9. 91.
4880 9. 91.
4881 9. 91.
4882 9. 91.
4883 9. 91.
4884 9. 91.
4885 8. 92.
4886 8. 92.
4887 8. 92.
4888 7. 93.
4889 7. 93.
4890 7. 93.
4891 7. 93.
4892 7. 93.
4893 7. 93.
4894 7. 93.
4895 7. 93.
4896 7. 93.
4897 7. 93.
4898 7. 93.
4899 7. 93.
4900 7. 93.
4901 7. 93.
4902 7. 93.
4903 7. 93.
4904 7. 93.
4905 7. 93.
4906 7. 93.
4907 8. 92.
4908 8. 92.
4909 8. 92.
4910 8. 92.
4911 8. 92.
4912 8. 92.
4913 8. 92.
4914 8. 92.
4915 8. 92.
4916 8. 92.
4917 8. 92.
4918 8. 92.
4919 8. 92.
4920 8. 92.
4921 7. 93.
4922 7. 93.
4923 7. 93.
4924 7. 93.
4925 7. 93.
4926 7. 93.
4927 7. 93.
4928 7. 93.
4929 7. 93.
4930 7. 93.
4931 7. 93.
4932 7. 93.
4933 7. 93.
4934 7. 93.
4935 7. 93.
4936 7. 93.
4937 7. 93.
4938 7. 93.
4939 7. 93.
4940 7. 93.
4941 7. 93.
4942 7. 93.
4943 7. 93.
4944 7. 93.
4945 7. 93.
4946 7. 93.
4947 7. 93.
4948 7. 93.
4949 7. 93.
4950 7. 93.
4951 7. 93.
4952 7. 93.
4953 7. 93.
4954 7. 93.
4955 7. 93.
4956 7. 93.
4957 6. 94.
4958 6. 94.
4959 6. 94.
4960 6. 94.
4961 6. 94.
4962 6. 94.
4963 6. 94.
4964 6. 94.
4965 6. 94.
4966 6. 94.
4967 6. 94.
4968 6. 94.
4969 6. 94.
4970 6. 94.
4971 6. 94.
4972 6. 94.
4973 6. 94.
4974 6. 94.
4975 6. 94.
4976 6. 94.
4977 6. 94.
4978 6. 94.
4979 6. 94.
4980 6. 94.
4981 6. 94.
4982 5. 95.
4983 5. 95.
4984 5. 95.
4985 5. 95.
4986 5. 95.
4987 5. 95.
4988 5. 95.
4989 5. 95.
4990 5. 95.
4991 5. 95.
4992 5. 95.
4993 5. 95.
4994 5. 95.
4995 5. 95.
4996 5. 95.
4997 5. 95.
4998 5. 95.
4999 5. 95.
5000 5. 95.
5001 5. 95.
5002 5. 95.
5003 5. 95.
5004 5. 95.
5005 5. 95.
5006 6. 94.
5007 6. 94.
5008 6. 94.
5009 6. 94.
5010 6. 94.
5011 6. 94.
5012 6. 94.
5013 6. 94.
5014 6. 94.
5015 6. 94.
5016 6. 94.
5017 6. 94.
5018 6. 94.
5019 6. 94.
5020 6. 94.
5021 6. 94.
5022 6. 94.
5023 6. 94.
5024 6. 94.
5025 6. 94.
5026 6. 94.
5027 6. 94.
5028 6. 94.
5029 6. 94.
5030 6. 94.
5031 6. 94.
5032 6. 94.
5033 6. 94.
5034 6. 94.
5035 6. 94.
5036 6. 94.
5037 6. 94.
5038 6. 94.
5039 6. 94.
5040 6. 94.
5041 6. 94.
5042 6. 94.
5043 6. 94.
5044 6. 94.
5045 6. 94.
5046 6. 94.
5047 6. 94.
5048 6. 94.
5049 6. 94.
5050 6. 94.
5051 6. 94.
5052 6. 94.
5053 6. 94.
5054 6. 94.
5055 6. 94.
5056 6. 94.
5057 7. 93.
5058 7. 93.
5059 7. 93.
5060 7. 93.
5061 7. 93.
5062 7. 93.
5063 7. 93.
5064 7. 93.
5065 7. 93.
5066 7. 93.
5067 7. 93.
5068 7. 93.
5069 7. 93.
5070 7. 93.
5071 7. 93.
5072 7. 93.
5073 6. 94.
5074 6. 94.
5075 6. 94.
5076 6. 94.
5077 6. 94.
5078 7. 93.
5079 7. 93.
5080 7. 93.
5081 6. 94.
5082 6. 94.
5083 6. 94.
5084 6. 94.
5085 6. 94.
5086 6. 94.
5087 6. 94.
5088 6. 94.
5089 6. 94.
5090 6. 94.
5091 6. 94.
5092 6. 94.
5093 6. 94.
5094 6. 94.
5095 6. 94.
5096 6. 94.
5097 6. 94.
5098 6. 94.
5099 6. 94.
5100 7. 93.
5101 7. 93.
5102 7. 93.
5103 6. 94.
5104 6. 94.
5105 6. 94.
5106 6. 94.
5107 6. 94.
5108 6. 94.
5109 6. 94.
5110 6. 94.
5111 6. 94.
5112 6. 94.
5113 6. 94.
5114 6. 94.
5115 6. 94.
5116 6. 94.
5117 6. 94.
5118 7. 93.
5119 7. 93.
5120 7. 93.
5121 7. 93.
5122 7. 93.
5123 7. 93.
5124 7. 93.
5125 6. 94.
5126 6. 94.
5127 6. 94.
5128 6. 94.
5129 5. 95.
5130 5. 95.
5131 5. 95.
5132 6. 94.
5133 6. 94.
5134 6. 94.
5135 6. 94.
5136 6. 94.
5137 6. 94.
5138 6. 94.
5139 6. 94.
5140 6. 94.
5141 6. 94.
5142 6. 94.
5143 6. 94.
5144 6. 94.
5145 6. 94.
5146 6. 94.
5147 6. 94.
5148 6. 94.
5149 6. 94.
5150 6. 94.
5151 6. 94.
5152 6. 94.
5153 6. 94.
5154 6. 94.
5155 6. 94.
5156 6. 94.
5157 6. 94.
5158 6. 94.
5159 6. 94.
5160 6. 94.
5161 6. 94.
5162 6. 94.
5163 6. 94.
5164 6. 94.
5165 6. 94.
5166 6. 94.
5167 6. 94.
5168 5. 95.
5169 5. 95.
5170 5. 95.
5171 5. 95.
5172 5. 95.
5173 5. 95.
5174 5. 95.
5175 5. 95.
5176 5. 95.
5177 5. 95.
5178 5. 95.
5179 5. 95.
5180 5. 95.
5181 5. 95.
5182 5. 95.
5183 5. 95.
5184 5. 95.
5185 5. 95.
5186 5. 95.
5187 4. 96.
5188 4. 96.
5189 4. 96.
5190 4. 96.
5191 4. 96.
5192 4. 96.
5193 4. 96.
5194 4. 96.
5195 4. 96.
5196 4. 96.
5197 4. 96.
5198 4. 96.
5199 4. 96.
5200 4. 96.
5201 4. 96.
5202 4. 96.
5203 4. 96.
5204 4. 96.
5205 4. 96.
5206 4. 96.
5207 4. 96.
5208 4. 96.
5209 4. 96.
5210 4. 96.
5211 4. 96.
5212 4. 96.
5213 4. 96.
5214 4. 96.
5215 4. 96.
5216 4. 96.
5217 4. 96.
5218 4. 96.
5219 4. 96.
5220 4. 96.
5221 4. 96.
5222 4. 96.
5223 4. 96.
5224 4. 96.
5225 4. 96.
5226 4. 96.
5227 4. 96.
5228 4. 96.
5229 4. 96.
5230 4. 96.
5231 4. 96.
5232 4. 96.
5233 4. 96.
5234 4. 96.
5235 4. 96.
5236 4. 96.
5237 4. 96.
5238 4. 96.
5239 4. 96.
5240 4. 96.
5241 4. 96.
5242 4. 96.
5243 4. 96.
5244 4. 96.
5245 4. 96.
5246 4. 96.
5247 4. 96.
5248 4. 96.
5249 4. 96.
5250 4. 96.
5251 4. 96.
5252 4. 96.
5253 4. 96.
5254 4. 96.
5255 4. 96.
5256 4. 96.
5257 4. 96.
5258 4. 96.
5259 4. 96.
5260 4. 96.
5261 4. 96.
5262 4. 96.
5263 4. 96.
5264 4. 96.
5265 4. 96.
5266 4. 96.
5267 5. 95.
5268 5. 95.
5269 5. 95.
5270 5. 95.
5271 5. 95.
5272 5. 95.
5273 5. 95.
5274 5. 95.
5275 5. 95.
5276 5. 95.
5277 5. 95.
5278 5. 95.
5279 5. 95.
5280 5. 95.
5281 5. 95.
5282 5. 95.
5283 5. 95.
5284 5. 95.
5285 5. 95.
5286 5. 95.
5287 5. 95.
5288 4. 96.
5289 4. 96.
5290 4. 96.
5291 4. 96.
5292 4. 96.
5293 4. 96.
5294 4. 96.
5295 4. 96.
5296 4. 96.
5297 4. 96.
5298 4. 96.
5299 4. 96.
5300 4. 96.
5301 4. 96.
5302 4. 96.
5303 4. 96.
5304 4. 96.
5305 4. 96.
5306 4. 96.
5307 4. 96.
5308 4. 96.
5309 4. 96.
5310 4. 96.
5311 4. 96.
5312 4. 96.
5313 4. 96.
5314 4. 96.
5315 4. 96.
5316 4. 96.
5317 4. 96.
5318 4. 96.
5319 4. 96.
5320 4. 96.
5321 4. 96.
5322 4. 96.
5323 4. 96.
5324 4. 96.
5325 4. 96.
5326 4. 96.
5327 4. 96.
5328 4. 96.
5329 4. 96.
5330 4. 96.
5331 4. 96.
5332 4. 96.
5333 4. 96.
5334 4. 96.
5335 4. 96.
5336 4. 96.
5337 4. 96.
5338 4. 96.
5339 4. 96.
5340 4. 96.
5341 4. 96.
5342 4. 96.
5343 4. 96.
5344 4. 96.
5345 4. 96.
5346 4. 96.
5347 4. 96.
5348 4. 96.
5349 4. 96.
5350 4. 96.
5351 4. 96.
5352 4. 96.
5353 4. 96.
5354 4. 96.
5355 4. 96.
5356 4. 96.
5357 4. 96.
5358 4. 96.
5359 4. 96.
5360 5. 95.
5361 5. 95.
5362 5. 95.
5363 5. 95.
5364 5. 95.
5365 5. 95.
5366 5. 95.
5367 5. 95.
5368 5. 95.
5369 5. 95.
5370 5. 95.
5371 5. 95.
5372 5. 95.
5373 5. 95.
5374 5. 95.
5375 5. 95.
5376 5. 95.
5377 5. 95.
5378 5. 95.
5379 5. 95.
5380 5. 95.
5381 5. 95.
5382 5. 95.
5383 4. 96.
5384 4. 96.
5385 4. 96.
5386 4. 96.
5387 4. 96.
5388 4. 96.
5389 4. 96.
5390 4. 96.
5391 4. 96.
5392 4. 96.
5393 4. 96.
5394 4. 96.
5395 4. 96.
5396 4. 96.
5397 4. 96.
5398 4. 96.
5399 4. 96.
5400 4. 96.
5401 4. 96.
5402 4. 96.
5403 4. 96.
5404 4. 96.
5405 4. 96.
5406 5. 95.
5407 5. 95.
5408 5. 95.
5409 5. 95.
5410 6. 94.
5411 6. 94.
5412 6. 94.
5413 6. 94.
5414 6. 94.
5415 6. 94.
5416 6. 94.
5417 6. 94.
5418 6. 94.
5419 6. 94.
5420 6. 94.
5421 6. 94.
5422 6. 94.
5423 6. 94.
5424 6. 94.
5425 5. 95.
5426 5. 95.
5427 5. 95.
5428 5. 95.
5429 5. 95.
5430 5. 95.
5431 5. 95.
5432 5. 95.
5433 5. 95.
5434 5. 95.
5435 5. 95.
5436 5. 95.
5437 5. 95.
5438 5. 95.
5439 5. 95.
5440 5. 95.
5441 5. 95.
5442 5. 95.
5443 5. 95.
5444 5. 95.
5445 5. 95.
5446 5. 95.
5447 5. 95.
5448 5. 95.
5449 5. 95.
5450 5. 95.
5451 5. 95.
5452 5. 95.
5453 5. 95.
5454 5. 95.
5455 5. 95.
5456 5. 95.
5457 5. 95.
5458 5. 95.
5459 5. 95.
5460 5. 95.
5461 5. 95.
5462 5. 95.
5463 5. 95.
5464 5. 95.
5465 5. 95.
5466 5. 95.
5467 5. 95.
5468 5. 95.
5469 5. 95.
5470 5. 95.
5471 5. 95.
5472 5. 95.
5473 5. 95.
5474 5. 95.
5475 5. 95.
5476 5. 95.
5477 5. 95.
5478 5. 95.
5479 5. 95.
5480 5. 95.
5481 5. 95.
5482 5. 95.
5483 5. 95.
5484 5. 95.
5485 5. 95.
5486 5. 95.
5487 5. 95.
5488 5. 95.
5489 5. 95.
5490 5. 95.
5491 5. 95.
5492 5. 95.
5493 5. 95.
5494 5. 95.
5495 4. 96.
5496 4. 96.
5497 4. 96.
5498 4. 96.
5499 4. 96.
5500 4. 96.
5501 4. 96.
5502 4. 96.
5503 4. 96.
5504 4. 96.
5505 4. 96.
5506 4. 96.
5507 4. 96.
5508 5. 95.
5509 5. 95.
5510 5. 95.
5511 5. 95.
5512 5. 95.
5513 5. 95.
5514 5. 95.
5515 5. 95.
5516 5. 95.
5517 5. 95.
5518 5. 95.
5519 5. 95.
5520 5. 95.
5521 5. 95.
5522 5. 95.
5523 5. 95.
5524 5. 95.
5525 5. 95.
5526 5. 95.
5527 5. 95.
5528 5. 95.
5529 4. 96.
5530 5. 95.
5531 5. 95.
5532 5. 95.
5533 5. 95.
5534 5. 95.
5535 5. 95.
5536 5. 95.
5537 5. 95.
5538 5. 95.
5539 5. 95.
5540 5. 95.
5541 5. 95.
5542 5. 95.
5543 5. 95.
5544 5. 95.
5545 5. 95.
5546 5. 95.
5547 5. 95.
5548 5. 95.
5549 5. 95.
5550 5. 95.
5551 5. 95.
5552 5. 95.
5553 5. 95.
5554 5. 95.
5555 5. 95.
5556 5. 95.
5557 5. 95.
5558 5. 95.
5559 5. 95.
5560 5. 95.
5561 5. 95.
5562 5. 95.
5563 5. 95.
5564 5. 95.
5565 5. 95.
5566 5. 95.
5567 5. 95.
5568 5. 95.
5569 5. 95.
5570 5. 95.
5571 5. 95.
5572 5. 95.
5573 5. 95.
5574 5. 95.
5575 5. 95.
5576 5. 95.
5577 5. 95.
5578 5. 95.
5579 5. 95.
5580 5. 95.
5581 5. 95.
5582 5. 95.
5583 5. 95.
5584 5. 95.
5585 5. 95.
5586 5. 95.
5587 5. 95.
5588 5. 95.
5589 5. 95.
5590 6. 94.
5591 6. 94.
5592 6. 94.
5593 6. 94.
5594 6. 94.
5595 6. 94.
5596 6. 94.
5597 6. 94.
5598 6. 94.
5599 6. 94.
5600 6. 94.
5601 6. 94.
5602 6. 94.
5603 6. 94.
5604 6. 94.
5605 6. 94.
5606 6. 94.
5607 6. 94.
5608 6. 94.
5609 6. 94.
5610 6. 94.
5611 6. 94.
5612 6. 94.
5613 6. 94.
5614 6. 94.
5615 6. 94.
5616 6. 94.
5617 6. 94.
5618 6. 94.
5619 5. 95.
5620 5. 95.
5621 5. 95.
5622 5. 95.
5623 5. 95.
5624 5. 95.
5625 5. 95.
5626 5. 95.
5627 5. 95.
5628 5. 95.
5629 5. 95.
5630 5. 95.
5631 5. 95.
5632 5. 95.
5633 5. 95.
5634 5. 95.
5635 5. 95.
5636 5. 95.
5637 5. 95.
5638 5. 95.
5639 5. 95.
5640 5. 95.
5641 5. 95.
5642 5. 95.
5643 5. 95.
5644 5. 95.
5645 5. 95.
5646 5. 95.
5647 5. 95.
5648 5. 95.
5649 5. 95.
5650 5. 95.
5651 5. 95.
5652 5. 95.
5653 6. 94.
5654 6. 94.
5655 6. 94.
5656 6. 94.
5657 6. 94.
5658 6. 94.
5659 5. 95.
5660 5. 95.
5661 5. 95.
5662 5. 95.
5663 5. 95.
5664 5. 95.
5665 5. 95.
5666 5. 95.
5667 5. 95.
5668 5. 95.
5669 5. 95.
5670 5. 95.
5671 5. 95.
5672 5. 95.
5673 5. 95.
5674 5. 95.
5675 5. 95.
5676 5. 95.
5677 5. 95.
5678 5. 95.
5679 5. 95.
5680 5. 95.
5681 5. 95.
5682 5. 95.
5683 5. 95.
5684 5. 95.
5685 5. 95.
5686 5. 95.
5687 5. 95.
5688 5. 95.
5689 5. 95.
5690 5. 95.
5691 5. 95.
5692 5. 95.
5693 5. 95.
5694 5. 95.
5695 5. 95.
5696 5. 95.
5697 5. 95.
5698 5. 95.
5699 5. 95.
5700 5. 95.
5701 5. 95.
5702 5. 95.
5703 5. 95.
5704 5. 95.
5705 5. 95.
5706 5. 95.
5707 5. 95.
5708 4. 96.
5709 4. 96.
5710 4. 96.
5711 4. 96.
5712 4. 96.
5713 4. 96.
5714 4. 96.
5715 4. 96.
5716 4. 96.
5717 4. 96.
5718 4. 96.
5719 4. 96.
5720 4. 96.
5721 4. 96.
5722 4. 96.
5723 4. 96.
5724 4. 96.
5725 4. 96.
5726 4. 96.
5727 4. 96.
5728 4. 96.
5729 4. 96.
5730 4. 96.
5731 4. 96.
5732 4. 96.
5733 4. 96.
5734 4. 96.
5735 4. 96.
5736 5. 95.
5737 5. 95.
5738 5. 95.
5739 5. 95.
5740 5. 95.
5741 5. 95.
5742 5. 95.
5743 5. 95.
5744 5. 95.
5745 5. 95.
5746 5. 95.
5747 5. 95.
5748 5. 95.
5749 5. 95.
5750 5. 95.
5751 5. 95.
5752 5. 95.
5753 5. 95.
5754 5. 95.
5755 5. 95.
5756 5. 95.
5757 5. 95.
5758 5. 95.
5759 5. 95.
5760 5. 95.
5761 5. 95.
5762 5. 95.
5763 5. 95.
5764 5. 95.
5765 5. 95.
5766 5. 95.
5767 5. 95.
5768 5. 95.
5769 5. 95.
5770 5. 95.
5771 5. 95.
5772 5. 95.
5773 5. 95.
5774 5. 95.
5775 5. 95.
5776 5. 95.
5777 5. 95.
5778 5. 95.
5779 5. 95.
5780 5. 95.
5781 5. 95.
5782 5. 95.
5783 5. 95.
5784 5. 95.
5785 5. 95.
5786 5. 95.
5787 5. 95.
5788 4. 96.
5789 4. 96.
5790 4. 96.
5791 3. 97.
5792 3. 97.
5793 3. 97.
5794 3. 97.
5795 3. 97.
5796 3. 97.
5797 3. 97.
5798 3. 97.
5799 3. 97.
5800 3. 97.
5801 3. 97.
5802 3. 97.
5803 3. 97.
5804 3. 97.
5805 3. 97.
5806 3. 97.
5807 3. 97.
5808 3. 97.
5809 3. 97.
5810 3. 97.
5811 3. 97.
5812 3. 97.
5813 3. 97.
5814 3. 97.
5815 3. 97.
5816 3. 97.
5817 3. 97.
5818 3. 97.
5819 3. 97.
5820 3. 97.
5821 3. 97.
5822 3. 97.
5823 3. 97.
5824 3. 97.
5825 3. 97.
5826 2. 98.
5827 2. 98.
5828 2. 98.
5829 2. 98.
5830 2. 98.
5831 2. 98.
5832 2. 98.
5833 2. 98.
5834 2. 98.
5835 2. 98.
5836 2. 98.
5837 2. 98.
5838 2. 98.
5839 2. 98.
5840 2. 98.
5841 2. 98.
5842 2. 98.
5843 2. 98.
5844 2. 98.
5845 2. 98.
5846 2. 98.
5847 2. 98.
5848 2. 98.
5849 2. 98.
5850 2. 98.
5851 2. 98.
5852 2. 98.
5853 2. 98.
5854 2. 98.
5855 2. 98.
5856 2. 98.
5857 2. 98.
5858 2. 98.
5859 2. 98.
5860 2. 98.
5861 2. 98.
5862 2. 98.
5863 2. 98.
5864 2. 98.
5865 2. 98.
5866 2. 98.
5867 2. 98.
5868 2. 98.
5869 2. 98.
5870 2. 98.
5871 2. 98.
5872 2. 98.
5873 2. 98.
5874 2. 98.
5875 2. 98.
5876 2. 98.
5877 2. 98.
5878 2. 98.
5879 2. 98.
5880 2. 98.
5881 2. 98.
5882 2. 98.
5883 2. 98.
5884 2. 98.
5885 2. 98.
5886 2. 98.
5887 2. 98.
5888 2. 98.
5889 2. 98.
5890 2. 98.
5891 2. 98.
5892 2. 98.
5893 2. 98.
5894 2. 98.
5895 2. 98.
5896 2. 98.
5897 2. 98.
5898 2. 98.
5899 2. 98.
5900 2. 98.
5901 2. 98.
5902 2. 98.
5903 2. 98.
5904 2. 98.
5905 2. 98.
5906 2. 98.
5907 2. 98.
5908 2. 98.
5909 2. 98.
5910 2. 98.
5911 2. 98.
5912 2. 98.
5913 2. 98.
5914 2. 98.
5915 2. 98.
5916 2. 98.
5917 2. 98.
5918 2. 98.
5919 2. 98.
5920 2. 98.
5921 2. 98.
5922 2. 98.
5923 2. 98.
5924 2. 98.
5925 2. 98.
5926 2. 98.
5927 2. 98.
5928 2. 98.
5929 2. 98.
5930 2. 98.
5931 2. 98.
5932 2. 98.
5933 2. 98.
5934 2. 98.
5935 2. 98.
5936 2. 98.
5937 2. 98.
5938 2. 98.
5939 2. 98.
5940 2. 98.
5941 2. 98.
5942 2. 98.
5943 2. 98.
5944 2. 98.
5945 2. 98.
5946 2. 98.
5947 2. 98.
5948 2. 98.
5949 2. 98.
5950 2. 98.
5951 2. 98.
5952 2. 98.
5953 2. 98.
5954 2. 98.
5955 2. 98.
5956 2. 98.
5957 2. 98.
5958 2. 98.
5959 2. 98.
5960 2. 98.
5961 2. 98.
5962 2. 98.
5963 2. 98.
5964 2. 98.
5965 2. 98.
5966 2. 98.
5967 2. 98.
5968 2. 98.
5969 2. 98.
5970 2. 98.
5971 2. 98.
5972 2. 98.
5973 2. 98.
5974 2. 98.
5975 2. 98.
5976 2. 98.
5977 2. 98.
5978 2. 98.
5979 2. 98.
5980 2. 98.
5981 2. 98.
5982 2. 98.
5983 2. 98.
5984 2. 98.
5985 2. 98.
5986 2. 98.
5987 2. 98.
5988 2. 98.
5989 2. 98.
5990 2. 98.
5991 2. 98.
5992 2. 98.
5993 2. 98.
5994 2. 98.
5995 2. 98.
5996 2. 98.
5997 2. 98.
5998 2. 98.
5999 2. 98.
6000 2. 98.
6001 2. 98.
6002 2. 98.
6003 2. 98.
6004 2. 98.
6005 2. 98.
6006 2. 98.
6007 2. 98.
6008 2. 98.
6009 2. 98.
6010 2. 98.
6011 2. 98.
6012 2. 98.
6013 2. 98.
6014 2. 98.
6015 2. 98.
6016 2. 98.
6017 2. 98.
6018 2. 98.
6019 2. 98.
6020 2. 98.
6021 2. 98.
6022 2. 98.
6023 2. 98.
6024 2. 98.
6025 2. 98.
6026 2. 98.
6027 2. 98.
6028 2. 98.
6029 2. 98.
6030 2. 98.
6031 2. 98.
6032 2. 98.
6033 2. 98.
6034 2. 98.
6035 2. 98.
6036 2. 98.
6037 2. 98.
6038 2. 98.
6039 2. 98.
6040 2. 98.
6041 2. 98.
6042 2. 98.
6043 2. 98.
6044 2. 98.
6045 2. 98.
6046 2. 98.
6047 2. 98.
6048 2. 98.
6049 2. 98.
6050 2. 98.
6051 2. 98.
6052 2. 98.
6053 2. 98.
6054 2. 98.
6055 2. 98.
6056 2. 98.
6057 2. 98.
6058 2. 98.
6059 2. 98.
6060 2. 98.
6061 2. 98.
6062 2. 98.
6063 2. 98.
6064 2. 98.
6065 2. 98.
6066 2. 98.
6067 2. 98.
6068 2. 98.
6069 2. 98.
6070 2. 98.
6071 2. 98.
6072 2. 98.
6073 2. 98.
6074 2. 98.
6075 2. 98.
6076 2. 98.
6077 2. 98.
6078 2. 98.
6079 2. 98.
6080 2. 98.
6081 2. 98.
6082 2. 98.
6083 2. 98.
6084 2. 98.
6085 2. 98.
6086 2. 98.
6087 2. 98.
6088 2. 98.
6089 2. 98.
6090 2. 98.
6091 2. 98.
6092 2. 98.
6093 2. 98.
6094 2. 98.
6095 2. 98.
6096 2. 98.
6097 2. 98.
6098 2. 98.
6099 2. 98.
6100 2. 98.
6101 2. 98.
6102 2. 98.
6103 2. 98.
6104 2. 98.
6105 2. 98.
6106 2. 98.
6107 2. 98.
6108 2. 98.
6109 2. 98.
6110 2. 98.
6111 2. 98.
6112 2. 98.
6113 3. 97.
6114 3. 97.
6115 3. 97.
6116 3. 97.
6117 3. 97.
6118 3. 97.
6119 3. 97.
6120 3. 97.
6121 3. 97.
6122 3. 97.
6123 3. 97.
6124 3. 97.
6125 3. 97.
6126 3. 97.
6127 3. 97.
6128 3. 97.
6129 3. 97.
6130 3. 97.
6131 3. 97.
6132 3. 97.
6133 3. 97.
6134 3. 97.
6135 3. 97.
6136 3. 97.
6137 3. 97.
6138 3. 97.
6139 3. 97.
6140 2. 98.
6141 2. 98.
6142 2. 98.
6143 2. 98.
6144 2. 98.
6145 2. 98.
6146 2. 98.
6147 2. 98.
6148 2. 98.
6149 2. 98.
6150 2. 98.
6151 2. 98.
6152 2. 98.
6153 2. 98.
6154 2. 98.
6155 2. 98.
6156 2. 98.
6157 2. 98.
6158 2. 98.
6159 2. 98.
6160 2. 98.
6161 2. 98.
6162 2. 98.
6163 2. 98.
6164 2. 98.
6165 2. 98.
6166 2. 98.
6167 2. 98.
6168 2. 98.
6169 2. 98.
6170 2. 98.
6171 2. 98.
6172 2. 98.
6173 2. 98.
6174 2. 98.
6175 2. 98.
6176 2. 98.
6177 2. 98.
6178 2. 98.
6179 2. 98.
6180 2. 98.
6181 2. 98.
6182 1. 99.
6183 1. 99.
6184 1. 99.
6185 1. 99.
6186 1. 99.
6187 1. 99.
6188 1. 99.
6189 1. 99.
6190 1. 99.
6191 1. 99.
6192 1. 99.
6193 1. 99.
6194 1. 99.
6195 1. 99.
6196 1. 99.
6197 1. 99.
6198 1. 99.
6199 1. 99.
6200 1. 99.
6201 1. 99.
6202 1. 99.
6203 1. 99.
6204 1. 99.
6205 1. 99.
6206 1. 99.
6207 1. 99.
6208 1. 99.
6209 1. 99.
6210 1. 99.
6211 1. 99.
6212 1. 99.
6213 1. 99.
6214 1. 99.
6215 1. 99.
6216 1. 99.
6217 1. 99.
6218 1. 99.
6219 1. 99.
6220 1. 99.
6221 1. 99.
6222 1. 99.
6223 1. 99.
6224 1. 99.
6225 1. 99.
6226 1. 99.
6227 1. 99.
6228 1. 99.
6229 1. 99.
6230 1. 99.
6231 1. 99.
6232 1. 99.
6233 1. 99.
6234 1. 99.
6235 1. 99.
6236 1. 99.
6237 1. 99.
6238 1. 99.
6239 1. 99.
6240 1. 99.
6241 1. 99.
6242 1. 99.
6243 1. 99.
6244 1. 99.
6245 1. 99.
6246 1. 99.
6247 1. 99.
6248 1. 99.
6249 1. 99.
6250 1. 99.
6251 1. 99.
6252 1. 99.
6253 1. 99.
6254 1. 99.
6255 1. 99.
6256 1. 99.
6257 1. 99.
6258 1. 99.
6259 1. 99.
6260 1. 99.
6261 1. 99.
6262 1. 99.
6263 1. 99.
6264 1. 99.
6265 1. 99.
6266 1. 99.
6267 1. 99.
6268 1. 99.
6269 1. 99.
6270 1. 99.
6271 1. 99.
6272 1. 99.
6273 1. 99.
6274 1. 99.
6275 1. 99.
6276 1. 99.
6277 1. 99.
6278 1. 99.
6279 1. 99.
6280 1. 99.
6281 1. 99.
6282 1. 99.
6283 1. 99.
6284 1. 99.
6285 1. 99.
6286 1. 99.
6287 1. 99.
6288 1. 99.
6289 1. 99.
6290 1. 99.
6291 1. 99.
6292 1. 99.
6293 1. 99.
6294 1. 99.
6295 1. 99.
6296 2. 98.
6297 2. 98.
6298 2. 98.
6299 2. 98.
6300 2. 98.
6301 2. 98.
6302 2. 98.
6303 2. 98.
6304 2. 98.
6305 2. 98.
6306 2. 98.
6307 2. 98.
6308 2. 98.
6309 2. 98.
6310 2. 98.
6311 2. 98.
6312 2. 98.
6313 2. 98.
6314 2. 98.
6315 2. 98.
6316 2. 98.
6317 2. 98.
6318 2. 98.
6319 2. 98.
6320 2. 98.
6321 2. 98.
6322 2. 98.
6323 2. 98.
6324 2. 98.
6325 2. 98.
6326 2. 98.
6327 2. 98.
6328 2. 98.
6329 2. 98.
6330 2. 98.
6331 2. 98.
6332 2. 98.
6333 2. 98.
6334 2. 98.
6335 2. 98.
6336 2. 98.
6337 2. 98.
6338 2. 98.
6339 2. 98.
6340 2. 98.
6341 2. 98.
6342 2. 98.
6343 2. 98.
6344 2. 98.
6345 2. 98.
6346 2. 98.
6347 2. 98.
6348 2. 98.
6349 2. 98.
6350 2. 98.
6351 2. 98.
6352 2. 98.
6353 2. 98.
6354 2. 98.
6355 2. 98.
6356 2. 98.
6357 2. 98.
6358 2. 98.
6359 2. 98.
6360 2. 98.
6361 2. 98.
6362 2. 98.
6363 2. 98.
6364 2. 98.
6365 2. 98.
6366 2. 98.
6367 2. 98.
6368 2. 98.
6369 2. 98.
6370 2. 98.
6371 2. 98.
6372 2. 98.
6373 2. 98.
6374 2. 98.
6375 2. 98.
6376 2. 98.
6377 2. 98.
6378 2. 98.
6379 2. 98.
6380 2. 98.
6381 2. 98.
6382 2. 98.
6383 2. 98.
6384 2. 98.
6385 2. 98.
6386 2. 98.
6387 2. 98.
6388 2. 98.
6389 2. 98.
6390 2. 98.
6391 2. 98.
6392 2. 98.
6393 2. 98.
6394 2. 98.
6395 2. 98.
6396 2. 98.
6397 2. 98.
6398 2. 98.
6399 2. 98.
6400 2. 98.
6401 2. 98.
6402 2. 98.
6403 3. 97.
6404 3. 97.
6405 3. 97.
6406 3. 97.
6407 3. 97.
6408 3. 97.
6409 3. 97.
6410 3. 97.
6411 3. 97.
6412 3. 97.
6413 3. 97.
6414 3. 97.
6415 3. 97.
6416 3. 97.
6417 3. 97.
6418 3. 97.
6419 3. 97.
6420 3. 97.
6421 3. 97.
6422 3. 97.
6423 3. 97.
6424 3. 97.
6425 3. 97.
6426 3. 97.
6427 3. 97.
6428 3. 97.
6429 3. 97.
6430 3. 97.
6431 3. 97.
6432 3. 97.
6433 3. 97.
6434 3. 97.
6435 3. 97.
6436 3. 97.
6437 3. 97.
6438 3. 97.
6439 3. 97.
6440 3. 97.
6441 3. 97.
6442 3. 97.
6443 3. 97.
6444 3. 97.
6445 3. 97.
6446 3. 97.
6447 3. 97.
6448 3. 97.
6449 3. 97.
6450 3. 97.
6451 3. 97.
6452 3. 97.
6453 3. 97.
6454 3. 97.
6455 3. 97.
6456 3. 97.
6457 3. 97.
6458 3. 97.
6459 3. 97.
6460 3. 97.
6461 3. 97.
6462 3. 97.
6463 3. 97.
6464 3. 97.
6465 3. 97.
6466 3. 97.
6467 3. 97.
6468 3. 97.
6469 3. 97.
6470 3. 97.
6471 3. 97.
6472 3. 97.
6473 3. 97.
6474 3. 97.
6475 3. 97.
6476 3. 97.
6477 3. 97.
6478 3. 97.
6479 3. 97.
6480 3. 97.
6481 3. 97.
6482 3. 97.
6483 3. 97.
6484 3. 97.
6485 3. 97.
6486 3. 97.
6487 3. 97.
6488 3. 97.
6489 3. 97.
6490 3. 97.
6491 3. 97.
6492 3. 97.
6493 3. 97.
6494 3. 97.
6495 3. 97.
6496 3. 97.
6497 3. 97.
6498 3. 97.
6499 3. 97.
6500 3. 97.
6501 3. 97.
6502 3. 97.
6503 4. 96.
6504 4. 96.
6505 4. 96.
6506 4. 96.
6507 4. 96.
6508 4. 96.
6509 4. 96.
6510 5. 95.
6511 5. 95.
6512 5. 95.
6513 5. 95.
6514 5. 95.
6515 5. 95.
6516 5. 95.
6517 5. 95.
6518 5. 95.
6519 5. 95.
6520 5. 95.
6521 5. 95.
6522 5. 95.
6523 5. 95.
6524 4. 96.
6525 4. 96.
6526 4. 96.
6527 4. 96.
6528 3. 97.
6529 3. 97.
6530 3. 97.
6531 3. 97.
6532 3. 97.
6533 3. 97.
6534 3. 97.
6535 3. 97.
6536 3. 97.
6537 3. 97.
6538 3. 97.
6539 3. 97.
6540 3. 97.
6541 3. 97.
6542 3. 97.
6543 3. 97.
6544 3. 97.
6545 3. 97.
6546 3. 97.
6547 3. 97.
6548 3. 97.
6549 3. 97.
6550 3. 97.
6551 3. 97.
6552 3. 97.
6553 3. 97.
6554 3. 97.
6555 3. 97.
6556 3. 97.
6557 3. 97.
6558 3. 97.
6559 3. 97.
6560 3. 97.
6561 3. 97.
6562 3. 97.
6563 3. 97.
6564 3. 97.
6565 3. 97.
6566 3. 97.
6567 3. 97.
6568 3. 97.
6569 4. 96.
6570 4. 96.
6571 4. 96.
6572 4. 96.
6573 4. 96.
6574 4. 96.
6575 4. 96.
6576 3. 97.
6577 2. 98.
6578 2. 98.
6579 2. 98.
6580 2. 98.
6581 2. 98.
6582 2. 98.
6583 2. 98.
6584 2. 98.
6585 2. 98.
6586 2. 98.
6587 2. 98.
6588 2. 98.
6589 2. 98.
6590 2. 98.
6591 2. 98.
6592 2. 98.
6593 2. 98.
6594 2. 98.
6595 2. 98.
6596 2. 98.
6597 3. 97.
6598 3. 97.
6599 3. 97.
6600 3. 97.
6601 3. 97.
6602 3. 97.
6603 3. 97.
6604 3. 97.
6605 3. 97.
6606 3. 97.
6607 3. 97.
6608 3. 97.
6609 3. 97.
6610 3. 97.
6611 3. 97.
6612 3. 97.
6613 3. 97.
6614 3. 97.
6615 3. 97.
6616 3. 97.
6617 3. 97.
6618 3. 97.
6619 3. 97.
6620 3. 97.
6621 3. 97.
6622 3. 97.
6623 3. 97.
6624 3. 97.
6625 3. 97.
6626 3. 97.
6627 3. 97.
6628 3. 97.
6629 3. 97.
6630 3. 97.
6631 4. 96.
6632 4. 96.
6633 4. 96.
6634 4. 96.
6635 4. 96.
6636 4. 96.
6637 4. 96.
6638 4. 96.
6639 4. 96.
6640 4. 96.
6641 4. 96.
6642 4. 96.
6643 4. 96.
6644 4. 96.
6645 4. 96.
6646 4. 96.
6647 4. 96.
6648 4. 96.
6649 4. 96.
6650 4. 96.
6651 3. 97.
6652 3. 97.
6653 3. 97.
6654 3. 97.
6655 3. 97.
6656 3. 97.
6657 3. 97.
6658 3. 97.
6659 3. 97.
6660 3. 97.
6661 3. 97.
6662 3. 97.
6663 3. 97.
6664 3. 97.
6665 3. 97.
6666 3. 97.
6667 3. 97.
6668 3. 97.
6669 3. 97.
6670 3. 97.
6671 3. 97.
6672 3. 97.
6673 3. 97.
6674 3. 97.
6675 3. 97.
6676 3. 97.
6677 3. 97.
6678 3. 97.
6679 3. 97.
6680 3. 97.
6681 3. 97.
6682 3. 97.
6683 3. 97.
6684 3. 97.
6685 3. 97.
6686 3. 97.
6687 3. 97.
6688 3. 97.
6689 3. 97.
6690 3. 97.
6691 3. 97.
6692 3. 97.
6693 3. 97.
6694 3. 97.
6695 3. 97.
6696 3. 97.
6697 3. 97.
6698 3. 97.
6699 3. 97.
6700 3. 97.
6701 3. 97.
6702 3. 97.
6703 3. 97.
6704 3. 97.
6705 3. 97.
6706 3. 97.
6707 3. 97.
6708 3. 97.
6709 3. 97.
6710 3. 97.
6711 3. 97.
6712 3. 97.
6713 3. 97.
6714 3. 97.
6715 3. 97.
6716 3. 97.
6717 3. 97.
6718 3. 97.
6719 3. 97.
6720 3. 97.
6721 3. 97.
6722 3. 97.
6723 3. 97.
6724 3. 97.
6725 3. 97.
6726 3. 97.
6727 3. 97.
6728 3. 97.
6729 3. 97.
6730 3. 97.
6731 3. 97.
6732 3. 97.
6733 3. 97.
6734 3. 97.
6735 3. 97.
6736 3. 97.
6737 3. 97.
6738 3. 97.
6739 3. 97.
6740 3. 97.
6741 3. 97.
6742 3. 97.
6743 3. 97.
6744 3. 97.
6745 3. 97.
6746 3. 97.
6747 3. 97.
6748 3. 97.
6749 3. 97.
6750 3. 97.
6751 3. 97.
6752 3. 97.
6753 3. 97.
6754 3. 97.
6755 3. 97.
6756 2. 98.
6757 2. 98.
6758 3. 97.
6759 3. 97.
6760 3. 97.
6761 3. 97.
6762 3. 97.
6763 3. 97.
6764 3. 97.
6765 3. 97.
6766 3. 97.
6767 3. 97.
6768 3. 97.
6769 3. 97.
6770 3. 97.
6771 3. 97.
6772 3. 97.
6773 3. 97.
6774 3. 97.
6775 3. 97.
6776 3. 97.
6777 3. 97.
6778 3. 97.
6779 3. 97.
6780 3. 97.
6781 3. 97.
6782 3. 97.
6783 3. 97.
6784 3. 97.
6785 3. 97.
6786 3. 97.
6787 3. 97.
6788 3. 97.
6789 3. 97.
6790 2. 98.
6791 2. 98.
6792 2. 98.
6793 2. 98.
6794 2. 98.
6795 2. 98.
6796 2. 98.
6797 2. 98.
6798 2. 98.
6799 2. 98.
6800 3. 97.
6801 3. 97.
6802 4. 96.
6803 4. 96.
6804 4. 96.
6805 4. 96.
6806 4. 96.
6807 4. 96.
6808 4. 96.
6809 4. 96.
6810 4. 96.
6811 4. 96.
6812 4. 96.
6813 4. 96.
6814 4. 96.
6815 4. 96.
6816 4. 96.
6817 4. 96.
6818 4. 96.
6819 4. 96.
6820 4. 96.
6821 4. 96.
6822 4. 96.
6823 4. 96.
6824 4. 96.
6825 4. 96.
6826 4. 96.
6827 4. 96.
6828 5. 95.
6829 5. 95.
6830 5. 95.
6831 5. 95.
6832 5. 95.
6833 5. 95.
6834 5. 95.
6835 5. 95.
6836 5. 95.
6837 5. 95.
6838 5. 95.
6839 5. 95.
6840 5. 95.
6841 5. 95.
6842 5. 95.
6843 5. 95.
6844 5. 95.
6845 5. 95.
6846 5. 95.
6847 5. 95.
6848 5. 95.
6849 5. 95.
6850 5. 95.
6851 5. 95.
6852 5. 95.
6853 5. 95.
6854 5. 95.
6855 5. 95.
6856 5. 95.
6857 5. 95.
6858 5. 95.
6859 5. 95.
6860 5. 95.
6861 5. 95.
6862 5. 95.
6863 6. 94.
6864 6. 94.
6865 6. 94.
6866 6. 94.
6867 6. 94.
6868 6. 94.
6869 6. 94.
6870 6. 94.
6871 6. 94.
6872 6. 94.
6873 6. 94.
6874 6. 94.
6875 6. 94.
6876 6. 94.
6877 6. 94.
6878 6. 94.
6879 6. 94.
6880 6. 94.
6881 6. 94.
6882 6. 94.
6883 6. 94.
6884 6. 94.
6885 6. 94.
6886 6. 94.
6887 6. 94.
6888 6. 94.
6889 6. 94.
6890 6. 94.
6891 6. 94.
6892 6. 94.
6893 6. 94.
6894 6. 94.
6895 6. 94.
6896 6. 94.
6897 6. 94.
6898 6. 94.
6899 6. 94.
6900 6. 94.
6901 6. 94.
6902 6. 94.
6903 6. 94.
6904 6. 94.
6905 6. 94.
6906 6. 94.
6907 6. 94.
6908 6. 94.
6909 6. 94.
6910 6. 94.
6911 6. 94.
6912 6. 94.
6913 6. 94.
6914 6. 94.
6915 6. 94.
6916 6. 94.
6917 6. 94.
6918 5. 95.
6919 5. 95.
6920 5. 95.
6921 5. 95.
6922 5. 95.
6923 5. 95.
6924 5. 95.
6925 5. 95.
6926 5. 95.
6927 5. 95.
6928 5. 95.
6929 5. 95.
6930 5. 95.
6931 5. 95.
6932 5. 95.
6933 5. 95.
6934 5. 95.
6935 5. 95.
6936 5. 95.
6937 5. 95.
6938 5. 95.
6939 5. 95.
6940 5. 95.
6941 5. 95.
6942 5. 95.
6943 5. 95.
6944 5. 95.
6945 5. 95.
6946 5. 95.
6947 5. 95.
6948 5. 95.
6949 5. 95.
6950 5. 95.
6951 5. 95.
6952 5. 95.
6953 5. 95.
6954 5. 95.
6955 5. 95.
6956 5. 95.
6957 5. 95.
6958 5. 95.
6959 5. 95.
6960 5. 95.
6961 5. 95.
6962 5. 95.
6963 5. 95.
6964 5. 95.
6965 5. 95.
6966 5. 95.
6967 5. 95.
6968 5. 95.
6969 5. 95.
6970 5. 95.
6971 5. 95.
6972 5. 95.
6973 5. 95.
6974 5. 95.
6975 5. 95.
6976 5. 95.
6977 5. 95.
6978 5. 95.
6979 5. 95.
6980 5. 95.
6981 5. 95.
6982 5. 95.
6983 5. 95.
6984 5. 95.
6985 5. 95.
6986 5. 95.
6987 5. 95.
6988 5. 95.
6989 5. 95.
6990 5. 95.
6991 5. 95.
6992 5. 95.
6993 5. 95.
6994 5. 95.
6995 5. 95.
6996 5. 95.
6997 5. 95.
6998 5. 95.
6999 5. 95.
7000 5. 95.
7001 5. 95.
7002 5. 95.
7003 5. 95.
7004 5. 95.
7005 5. 95.
7006 5. 95.
7007 5. 95.
7008 5. 95.
7009 5. 95.
7010 5. 95.
7011 5. 95.
7012 5. 95.
7013 5. 95.
7014 5. 95.
7015 5. 95.
7016 5. 95.
7017 5. 95.
7018 5. 95.
7019 5. 95.
7020 5. 95.
7021 5. 95.
7022 5. 95.
7023 5. 95.
7024 5. 95.
7025 5. 95.
7026 5. 95.
7027 5. 95.
7028 5. 95.
7029 5. 95.
7030 5. 95.
7031 5. 95.
7032 5. 95.
7033 5. 95.
7034 5. 95.
7035 5. 95.
7036 5. 95.
7037 5. 95.
7038 5. 95.
7039 6. 94.
7040 6. 94.
7041 6. 94.
7042 6. 94.
7043 6. 94.
7044 6. 94.
7045 6. 94.
7046 6. 94.
7047 6. 94.
7048 6. 94.
7049 6. 94.
7050 6. 94.
7051 5. 95.
7052 5. 95.
7053 5. 95.
7054 5. 95.
7055 5. 95.
7056 5. 95.
7057 5. 95.
7058 5. 95.
7059 5. 95.
7060 5. 95.
7061 5. 95.
7062 5. 95.
7063 5. 95.
7064 5. 95.
7065 5. 95.
7066 5. 95.
7067 5. 95.
7068 5. 95.
7069 5. 95.
7070 5. 95.
7071 5. 95.
7072 4. 96.
7073 4. 96.
7074 4. 96.
7075 4. 96.
7076 4. 96.
7077 4. 96.
7078 4. 96.
7079 4. 96.
7080 4. 96.
7081 4. 96.
7082 4. 96.
7083 4. 96.
7084 4. 96.
7085 4. 96.
7086 4. 96.
7087 4. 96.
7088 4. 96.
7089 4. 96.
7090 4. 96.
7091 4. 96.
7092 4. 96.
7093 4. 96.
7094 4. 96.
7095 4. 96.
7096 4. 96.
7097 4. 96.
7098 4. 96.
7099 4. 96.
7100 4. 96.
7101 4. 96.
7102 4. 96.
7103 4. 96.
7104 4. 96.
7105 4. 96.
7106 4. 96.
7107 4. 96.
7108 4. 96.
7109 4. 96.
7110 4. 96.
7111 4. 96.
7112 4. 96.
7113 4. 96.
7114 4. 96.
7115 4. 96.
7116 4. 96.
7117 4. 96.
7118 4. 96.
7119 4. 96.
7120 4. 96.
7121 4. 96.
7122 4. 96.
7123 4. 96.
7124 4. 96.
7125 4. 96.
7126 4. 96.
7127 4. 96.
7128 4. 96.
7129 4. 96.
7130 4. 96.
7131 4. 96.
7132 4. 96.
7133 4. 96.
7134 4. 96.
7135 4. 96.
7136 4. 96.
7137 4. 96.
7138 4. 96.
7139 4. 96.
7140 3. 97.
7141 3. 97.
7142 3. 97.
7143 3. 97.
7144 3. 97.
7145 3. 97.
7146 3. 97.
7147 3. 97.
7148 3. 97.
7149 3. 97.
7150 3. 97.
7151 3. 97.
7152 3. 97.
7153 2. 98.
7154 2. 98.
7155 2. 98.
7156 1. 99.
7157 1. 99.
7158 1. 99.
7159 1. 99.
7160 1. 99.
7161 1. 99.
7162 1. 99.
7163 1. 99.
7164 1. 99.
7165 1. 99.
7166 1. 99.
7167 1. 99.
7168 1. 99.
7169 1. 99.
7170 1. 99.
7171 1. 99.
7172 1. 99.
7173 1. 99.
7174 1. 99.
7175 1. 99.
7176 1. 99.
7177 1. 99.
7178 1. 99.
7179 1. 99.
7180 1. 99.
7181 1. 99.
7182 1. 99.
7183 1. 99.
7184 1. 99.
7185 1. 99.
7186 1. 99.
7187 1. 99.
7188 1. 99.
7189 1. 99.
7190 1. 99.
7191 1. 99.
7192 1. 99.
7193 1. 99.
7194 1. 99.
7195 1. 99.
7196 1. 99.
7197 1. 99.
7198 1. 99.
7199 1. 99.
7200 1. 99.
7201 1. 99.
7202 1. 99.
7203 1. 99.
7204 1. 99.
7205 1. 99.
7206 1. 99.
7207 1. 99.
7208 1. 99.
7209 1. 99.
7210 1. 99.
7211 1. 99.
7212 1. 99.
7213 1. 99.
7214 1. 99.
7215 1. 99.
7216 1. 99.
7217 1. 99.
7218 1. 99.
7219 1. 99.
7220 1. 99.
7221 1. 99.
7222 1. 99.
7223 1. 99.
7224 1. 99.
7225 1. 99.
7226 1. 99.
7227 1. 99.
7228 1. 99.
7229 1. 99.
7230 1. 99.
7231 1. 99.
7232 1. 99.
7233 1. 99.
7234 1. 99.
7235 1. 99.
7236 1. 99.
7237 1. 99.
7238 1. 99.
7239 1. 99.
7240 1. 99.
7241 1. 99.
7242 1. 99.
7243 1. 99.
7244 1. 99.
7245 1. 99.
7246 1. 99.
7247 1. 99.
7248 1. 99.
7249 1. 99.
7250 1. 99.
7251 1. 99.
7252 1. 99.
7253 1. 99.
7254 1. 99.
7255 1. 99.
7256 1. 99.
7257 1. 99.
7258 1. 99.
7259 1. 99.
7260 1. 99.
7261 1. 99.
7262 1. 99.
7263 1. 99.
7264 1. 99.
7265 1. 99.
7266 1. 99.
7267 1. 99.
7268 1. 99.
7269 1. 99.
7270 1. 99.
7271 1. 99.
7272 1. 99.
7273 1. 99.
7274 1. 99.
7275 1. 99.
7276 1. 99.
7277 1. 99.
7278 1. 99.
7279 1. 99.
7280 1. 99.
7281 1. 99.
7282 1. 99.
7283 1. 99.
7284 1. 99.
7285 1. 99.
7286 1. 99.
7287 1. 99.
7288 1. 99.
7289 1. 99.
7290 1. 99.
7291 1. 99.
7292 1. 99.
7293 1. 99.
7294 1. 99.
7295 1. 99.
7296 1. 99.
7297 1. 99.
7298 1. 99.
7299 1. 99.
7300 1. 99.
7301 1. 99.
7302 1. 99.
7303 1. 99.
7304 1. 99.
7305 1. 99.
7306 1. 99.
7307 1. 99.
7308 1. 99.
7309 1. 99.
7310 1. 99.
7311 1. 99.
7312 1. 99.
7313 1. 99.
7314 1. 99.
7315 1. 99.
7316 1. 99.
7317 1. 99.
7318 1. 99.
7319 1. 99.
7320 1. 99.
7321 1. 99.
7322 1. 99.
7323 1. 99.
7324 1. 99.
7325 1. 99.
7326 1. 99.
7327 1. 99.
7328 1. 99.
7329 1. 99.
7330 1. 99.
7331 1. 99.
7332 1. 99.
7333 1. 99.
7334 1. 99.
7335 1. 99.
7336 1. 99.
7337 1. 99.
7338 1. 99.
7339 1. 99.
7340 1. 99.
7341 1. 99.
7342 1. 99.
7343 1. 99.
7344 1. 99.
7345 1. 99.
7346 1. 99.
7347 1. 99.
7348 1. 99.
7349 1. 99.
7350 1. 99.
7351 1. 99.
7352 1. 99.
7353 1. 99.
7354 1. 99.
7355 1. 99.
7356 1. 99.
7357 1. 99.
7358 1. 99.
7359 1. 99.
7360 1. 99.
7361 1. 99.
7362 1. 99.
7363 1. 99.
7364 1. 99.
7365 1. 99.
7366 1. 99.
7367 1. 99.
7368 1. 99.
7369 1. 99.
7370 1. 99.
7371 1. 99.
7372 1. 99.
7373 1. 99.
7374 1. 99.
7375 1. 99.
7376 1. 99.
7377 1. 99.
7378 1. 99.
7379 1. 99.
7380 1. 99.
7381 1. 99.
7382 1. 99.
7383 1. 99.
7384 1. 99.
7385 1. 99.
7386 1. 99.
7387 1. 99.
7388 1. 99.
7389 1. 99.
7390 1. 99.
7391 1. 99.
7392 1. 99.
7393 1. 99.
7394 1. 99.
7395 1. 99.
7396 1. 99.
7397 1. 99.
7398 1. 99.
7399 1. 99.
7400 1. 99.
7401 1. 99.
7402 1. 99.
7403 1. 99.
7404 1. 99.
7405 1. 99.
7406 1. 99.
7407 1. 99.
7408 1. 99.
7409 1. 99.
7410 1. 99.
7411 1. 99.
7412 1. 99.
7413 1. 99.
7414 1. 99.
7415 1. 99.
7416 1. 99.
7417 1. 99.
7418 1. 99.
7419 1. 99.
7420 1. 99.
7421 1. 99.
7422 1. 99.
7423 1. 99.
7424 1. 99.
7425 1. 99.
7426 1. 99.
7427 1. 99.
7428 1. 99.
7429 1. 99.
7430 1. 99.
7431 1. 99.
7432 1. 99.
7433 1. 99.
7434 1. 99.
7435 1. 99.
7436 1. 99.
7437 1. 99.
7438 1. 99.
7439 1. 99.
7440 1. 99.
7441 1. 99.
7442 1. 99.
7443 1. 99.
