0 14. 86.
1 14. 86.
2 14. 86.
3 14. 86.
4 14. 86.
5 14. 86.
6 15. 85.
7 15. 85.
8 15. 85.
9 15. 85.
10 14. 86.
11 14. 86.
12 14. 86.
13 14. 86.
14 14. 86.
15 14. 86.
16 14. 86.
17 14. 86.
18 14. 86.
19 15. 85.
20 15. 85.
21 15. 85.
22 15. 85.
23 15. 85.
24 15. 85.
25 15. 85.
26 15. 85.
27 15. 85.
28 15. 85.
29 15. 85.
30 15. 85.
31 15. 85.
32 15. 85.
33 15. 85.
34 15. 85.
35 15. 85.
36 15. 85.
37 15. 85.
38 14. 86.
39 14. 86.
40 14. 86.
41 14. 86.
42 14. 86.
43 14. 86.
44 15. 85.
45 15. 85.
46 15. 85.
47 15. 85.
48 15. 85.
49 15. 85.
50 16. 84.
51 16. 84.
52 16. 84.
53 16. 84.
54 16. 84.
55 17. 83.
56 16. 84.
57 16. 84.
58 16. 84.
59 16. 84.
60 16. 84.
61 16. 84.
62 16. 84.
63 16. 84.
64 16. 84.
65 16. 84.
66 16. 84.
67 16. 84.
68 16. 84.
69 16. 84.
70 16. 84.
71 16. 84.
72 16. 84.
73 16. 84.
74 17. 83.
75 17. 83.
76 17. 83.
77 17. 83.
78 17. 83.
79 17. 83.
80 17. 83.
81 16. 84.
82 16. 84.
83 16. 84.
84 16. 84.
85 16. 84.
86 16. 84.
87 16. 84.
88 16. 84.
89 16. 84.
90 16. 84.
91 16. 84.
92 16. 84.
93 16. 84.
94 16. 84.
95 16. 84.
96 16. 84.
97 16. 84.
98 16. 84.
99 16. 84.
100 15. 85.
101 15. 85.
102 15. 85.
103 16. 84.
104 16. 84.
105 16. 84.
106 16. 84.
107 16. 84.
108 16. 84.
109 16. 84.
110 16. 84.
111 16. 84.
112 16. 84.
113 16. 84.
114 16. 84.
115 16. 84.
116 16. 84.
117 16. 84.
118 16. 84.
119 15. 85.
120 16. 84.
121 16. 84.
122 15. 85.
123 15. 85.
124 15. 85.
125 15. 85.
126 15. 85.
127 15. 85.
128 15. 85.
129 15. 85.
130 15. 85.
131 15. 85.
132 15. 85.
133 16. 84.
134 16. 84.
135 16. 84.
136 16. 84.
137 16. 84.
138 16. 84.
139 16. 84.
140 17. 83.
141 17. 83.
142 18. 82.
143 18. 82.
144 18. 82.
145 18. 82.
146 18. 82.
147 17. 83.
148 17. 83.
149 17. 83.
150 17. 83.
151 17. 83.
152 17. 83.
153 17. 83.
154 18. 82.
155 18. 82.
156 18. 82.
157 18. 82.
158 17. 83.
159 17. 83.
160 17. 83.
161 17. 83.
162 17. 83.
163 17. 83.
164 17. 83.
165 17. 83.
166 17. 83.
167 17. 83.
168 17. 83.
169 17. 83.
170 18. 82.
171 18. 82.
172 19. 81.
173 19. 81.
174 19. 81.
175 19. 81.
176 19. 81.
177 19. 81.
178 19. 81.
179 19. 81.
180 19. 81.
181 20. 80.
182 20. 80.
183 20. 80.
184 20. 80.
185 20. 80.
186 20. 80.
187 20. 80.
188 20. 80.
189 20. 80.
190 19. 81.
191 19. 81.
192 19. 81.
193 19. 81.
194 19. 81.
195 18. 82.
196 18. 82.
197 19. 81.
198 19. 81.
199 19. 81.
200 19. 81.
201 19. 81.
202 19. 81.
203 19. 81.
204 19. 81.
205 19. 81.
206 19. 81.
207 19. 81.
208 19. 81.
209 18. 82.
210 18. 82.
211 18. 82.
212 18. 82.
213 18. 82.
214 18. 82.
215 18. 82.
216 18. 82.
217 18. 82.
218 18. 82.
219 18. 82.
220 18. 82.
221 18. 82.
222 18. 82.
223 18. 82.
224 18. 82.
225 19. 81.
226 19. 81.
227 19. 81.
228 20. 80.
229 20. 80.
230 20. 80.
231 20. 80.
232 20. 80.
233 20. 80.
234 20. 80.
235 20. 80.
236 20. 80.
237 20. 80.
238 20. 80.
239 20. 80.
240 20. 80.
241 20. 80.
242 19. 81.
243 19. 81.
244 19. 81.
245 19. 81.
246 19. 81.
247 19. 81.
248 19. 81.
249 19. 81.
250 18. 82.
251 18. 82.
252 18. 82.
253 18. 82.
254 18. 82.
255 18. 82.
256 18. 82.
257 18. 82.
258 18. 82.
259 18. 82.
260 18. 82.
261 18. 82.
262 18. 82.
263 18. 82.
264 18. 82.
265 18. 82.
266 18. 82.
267 18. 82.
268 18. 82.
269 18. 82.
270 18. 82.
271 18. 82.
272 18. 82.
273 18. 82.
274 18. 82.
275 18. 82.
276 18. 82.
277 18. 82.
278 18. 82.
279 18. 82.
280 18. 82.
281 18. 82.
282 19. 81.
283 19. 81.
284 19. 81.
285 19. 81.
286 19. 81.
287 19. 81.
288 19. 81.
289 19. 81.
290 19. 81.
291 19. 81.
292 19. 81.
293 19. 81.
294 19. 81.
295 19. 81.
296 19. 81.
297 19. 81.
298 19. 81.
299 19. 81.
300 19. 81.
301 19. 81.
302 19. 81.
303 19. 81.
304 18. 82.
305 18. 82.
306 18. 82.
307 18. 82.
308 18. 82.
309 18. 82.
310 18. 82.
311 19. 81.
312 18. 82.
313 18. 82.
314 18. 82.
315 18. 82.
316 18. 82.
317 18. 82.
318 18. 82.
319 19. 81.
320 19. 81.
321 19. 81.
322 18. 82.
323 18. 82.
324 17. 83.
325 17. 83.
326 17. 83.
327 18. 82.
328 18. 82.
329 18. 82.
330 18. 82.
331 18. 82.
332 18. 82.
333 17. 83.
334 17. 83.
335 17. 83.
336 17. 83.
337 17. 83.
338 17. 83.
339 17. 83.
340 17. 83.
341 17. 83.
342 17. 83.
343 16. 84.
344 16. 84.
345 16. 84.
346 15. 85.
347 15. 85.
348 15. 85.
349 14. 86.
350 13. 87.
351 13. 87.
352 13. 87.
353 13. 87.
354 13. 87.
355 13. 87.
356 13. 87.
357 13. 87.
358 13. 87.
359 13. 87.
360 13. 87.
361 13. 87.
362 12. 88.
363 12. 88.
364 12. 88.
365 12. 88.
366 12. 88.
367 13. 87.
368 14. 86.
369 14. 86.
370 14. 86.
371 14. 86.
372 14. 86.
373 15. 85.
374 15. 85.
375 15. 85.
376 15. 85.
377 15. 85.
378 15. 85.
379 15. 85.
380 15. 85.
381 15. 85.
382 15. 85.
383 16. 84.
384 16. 84.
385 16. 84.
386 16. 84.
387 16. 84.
388 16. 84.
389 16. 84.
390 16. 84.
391 16. 84.
392 16. 84.
393 15. 85.
394 15. 85.
395 15. 85.
396 15. 85.
397 15. 85.
398 15. 85.
399 15. 85.
400 15. 85.
401 16. 84.
402 16. 84.
403 16. 84.
404 16. 84.
405 16. 84.
406 16. 84.
407 16. 84.
408 16. 84.
409 16. 84.
410 16. 84.
411 16. 84.
412 16. 84.
413 16. 84.
414 16. 84.
415 16. 84.
416 16. 84.
417 16. 84.
418 15. 85.
419 16. 84.
420 16. 84.
421 16. 84.
422 16. 84.
423 16. 84.
424 16. 84.
425 15. 85.
426 15. 85.
427 15. 85.
428 15. 85.
429 15. 85.
430 15. 85.
431 15. 85.
432 15. 85.
433 15. 85.
434 15. 85.
435 15. 85.
436 15. 85.
437 15. 85.
438 15. 85.
439 15. 85.
440 15. 85.
441 15. 85.
442 15. 85.
443 15. 85.
444 15. 85.
445 16. 84.
446 16. 84.
447 16. 84.
448 16. 84.
449 17. 83.
450 17. 83.
451 17. 83.
452 18. 82.
453 18. 82.
454 18. 82.
455 18. 82.
456 18. 82.
457 18. 82.
458 18. 82.
459 18. 82.
460 18. 82.
461 18. 82.
462 18. 82.
463 18. 82.
464 19. 81.
465 19. 81.
466 19. 81.
467 19. 81.
468 19. 81.
469 19. 81.
470 19. 81.
471 19. 81.
472 19. 81.
473 19. 81.
474 18. 82.
475 18. 82.
476 18. 82.
477 18. 82.
478 18. 82.
479 18. 82.
480 18. 82.
481 18. 82.
482 18. 82.
483 18. 82.
484 18. 82.
485 18. 82.
486 17. 83.
487 17. 83.
488 17. 83.
489 16. 84.
490 16. 84.
491 16. 84.
492 16. 84.
493 15. 85.
494 15. 85.
495 15. 85.
496 15. 85.
497 15. 85.
498 16. 84.
499 15. 85.
500 15. 85.
501 15. 85.
502 15. 85.
503 15. 85.
504 15. 85.
505 15. 85.
506 15. 85.
507 15. 85.
508 15. 85.
509 16. 84.
510 17. 83.
511 17. 83.
512 17. 83.
513 17. 83.
514 17. 83.
515 17. 83.
516 17. 83.
517 16. 84.
518 16. 84.
519 17. 83.
520 17. 83.
521 17. 83.
522 17. 83.
523 17. 83.
524 17. 83.
525 17. 83.
526 17. 83.
527 17. 83.
528 17. 83.
529 17. 83.
530 17. 83.
531 17. 83.
532 17. 83.
533 17. 83.
534 17. 83.
535 17. 83.
536 17. 83.
537 17. 83.
538 16. 84.
539 16. 84.
540 16. 84.
541 16. 84.
542 17. 83.
543 17. 83.
544 17. 83.
545 16. 84.
546 16. 84.
547 16. 84.
548 16. 84.
549 16. 84.
550 16. 84.
551 15. 85.
552 15. 85.
553 15. 85.
554 15. 85.
555 15. 85.
556 15. 85.
557 15. 85.
558 15. 85.
559 15. 85.
560 15. 85.
561 15. 85.
562 15. 85.
563 15. 85.
564 15. 85.
565 15. 85.
566 15. 85.
567 15. 85.
568 16. 84.
569 17. 83.
570 17. 83.
571 17. 83.
572 17. 83.
573 17. 83.
574 17. 83.
575 17. 83.
576 17. 83.
577 17. 83.
578 17. 83.
579 16. 84.
580 17. 83.
581 17. 83.
582 17. 83.
583 17. 83.
584 17. 83.
585 17. 83.
586 17. 83.
587 17. 83.
588 17. 83.
589 17. 83.
590 17. 83.
591 17. 83.
592 17. 83.
593 17. 83.
594 17. 83.
595 17. 83.
596 17. 83.
597 17. 83.
598 18. 82.
599 18. 82.
600 18. 82.
601 18. 82.
602 18. 82.
603 17. 83.
604 18. 82.
605 18. 82.
606 18. 82.
607 18. 82.
608 18. 82.
609 18. 82.
610 18. 82.
611 18. 82.
612 18. 82.
613 18. 82.
614 18. 82.
615 18. 82.
616 19. 81.
617 19. 81.
618 19. 81.
619 20. 80.
620 20. 80.
621 20. 80.
622 20. 80.
623 20. 80.
624 20. 80.
625 20. 80.
626 19. 81.
627 20. 80.
628 20. 80.
629 20. 80.
630 21. 79.
631 21. 79.
632 21. 79.
633 21. 79.
634 21. 79.
635 21. 79.
636 21. 79.
637 22. 78.
638 22. 78.
639 22. 78.
640 22. 78.
641 23. 77.
642 23. 77.
643 22. 78.
644 22. 78.
645 22. 78.
646 22. 78.
647 22. 78.
648 22. 78.
649 22. 78.
650 22. 78.
651 22. 78.
652 22. 78.
653 22. 78.
654 22. 78.
655 22. 78.
656 22. 78.
657 22. 78.
658 22. 78.
659 22. 78.
660 22. 78.
661 22. 78.
662 22. 78.
663 22. 78.
664 22. 78.
665 22. 78.
666 22. 78.
667 21. 79.
668 21. 79.
669 20. 80.
670 21. 79.
671 21. 79.
672 21. 79.
673 21. 79.
674 21. 79.
675 21. 79.
676 21. 79.
677 21. 79.
678 21. 79.
679 21. 79.
680 21. 79.
681 21. 79.
682 21. 79.
683 21. 79.
684 21. 79.
685 21. 79.
686 21. 79.
687 20. 80.
688 20. 80.
689 20. 80.
690 20. 80.
691 20. 80.
692 21. 79.
693 21. 79.
694 21. 79.
695 21. 79.
696 21. 79.
697 21. 79.
698 21. 79.
699 21. 79.
700 22. 78.
701 22. 78.
702 22. 78.
703 22. 78.
704 22. 78.
705 22. 78.
706 22. 78.
707 22. 78.
708 22. 78.
709 22. 78.
710 22. 78.
711 22. 78.
712 22. 78.
713 23. 77.
714 23. 77.
715 22. 78.
716 22. 78.
717 22. 78.
718 22. 78.
719 22. 78.
720 22. 78.
721 22. 78.
722 22. 78.
723 22. 78.
724 22. 78.
725 22. 78.
726 22. 78.
727 22. 78.
728 22. 78.
729 22. 78.
730 22. 78.
731 22. 78.
732 21. 79.
733 21. 79.
734 21. 79.
735 20. 80.
736 20. 80.
737 21. 79.
738 21. 79.
739 21. 79.
740 21. 79.
741 21. 79.
742 21. 79.
743 21. 79.
744 21. 79.
745 21. 79.
746 21. 79.
747 21. 79.
748 21. 79.
749 21. 79.
750 20. 80.
751 20. 80.
752 20. 80.
753 20. 80.
754 19. 81.
755 19. 81.
756 19. 81.
757 19. 81.
758 19. 81.
759 19. 81.
760 19. 81.
761 20. 80.
762 20. 80.
763 20. 80.
764 20. 80.
765 20. 80.
766 20. 80.
767 20. 80.
768 20. 80.
769 21. 79.
770 21. 79.
771 21. 79.
772 21. 79.
773 22. 78.
774 22. 78.
775 22. 78.
776 22. 78.
777 21. 79.
778 21. 79.
779 21. 79.
780 21. 79.
781 21. 79.
782 20. 80.
783 20. 80.
784 20. 80.
785 20. 80.
786 20. 80.
787 20. 80.
788 20. 80.
789 20. 80.
790 19. 81.
791 19. 81.
792 19. 81.
793 19. 81.
794 19. 81.
795 19. 81.
796 18. 82.
797 18. 82.
798 18. 82.
799 19. 81.
800 19. 81.
801 19. 81.
802 19. 81.
803 19. 81.
804 20. 80.
805 20. 80.
806 20. 80.
807 20. 80.
808 20. 80.
809 21. 79.
810 21. 79.
811 21. 79.
812 21. 79.
813 21. 79.
814 21. 79.
815 21. 79.
816 21. 79.
817 21. 79.
818 21. 79.
819 21. 79.
820 21. 79.
821 20. 80.
822 19. 81.
823 19. 81.
824 19. 81.
825 19. 81.
826 19. 81.
827 19. 81.
828 19. 81.
829 18. 82.
830 17. 83.
831 17. 83.
832 17. 83.
833 17. 83.
834 17. 83.
835 17. 83.
836 17. 83.
837 17. 83.
838 17. 83.
839 17. 83.
840 17. 83.
841 17. 83.
842 18. 82.
843 18. 82.
844 18. 82.
845 18. 82.
846 18. 82.
847 18. 82.
848 18. 82.
849 17. 83.
850 17. 83.
851 17. 83.
852 17. 83.
853 16. 84.
854 16. 84.
855 16. 84.
856 16. 84.
857 16. 84.
858 16. 84.
859 17. 83.
860 17. 83.
861 17. 83.
862 17. 83.
863 17. 83.
864 17. 83.
865 17. 83.
866 17. 83.
867 17. 83.
868 17. 83.
869 17. 83.
870 17. 83.
871 17. 83.
872 17. 83.
873 17. 83.
874 17. 83.
875 17. 83.
876 17. 83.
877 17. 83.
878 17. 83.
879 17. 83.
880 17. 83.
881 17. 83.
882 17. 83.
883 17. 83.
884 18. 82.
885 18. 82.
886 18. 82.
887 18. 82.
888 19. 81.
889 19. 81.
890 19. 81.
891 19. 81.
892 19. 81.
893 19. 81.
894 19. 81.
895 19. 81.
896 19. 81.
897 19. 81.
898 19. 81.
899 19. 81.
900 19. 81.
901 19. 81.
902 19. 81.
903 19. 81.
904 19. 81.
905 19. 81.
906 19. 81.
907 19. 81.
908 18. 82.
909 18. 82.
910 18. 82.
911 18. 82.
912 18. 82.
913 18. 82.
914 18. 82.
915 18. 82.
916 18. 82.
917 18. 82.
918 18. 82.
919 18. 82.
920 18. 82.
921 18. 82.
922 18. 82.
923 18. 82.
924 18. 82.
925 18. 82.
926 18. 82.
927 18. 82.
928 18. 82.
929 18. 82.
930 18. 82.
931 18. 82.
932 18. 82.
933 18. 82.
934 18. 82.
935 18. 82.
936 18. 82.
937 18. 82.
938 18. 82.
939 18. 82.
940 18. 82.
941 18. 82.
942 18. 82.
943 18. 82.
944 18. 82.
945 18. 82.
946 18. 82.
947 18. 82.
948 18. 82.
949 18. 82.
950 18. 82.
951 18. 82.
952 18. 82.
953 18. 82.
954 18. 82.
955 18. 82.
956 18. 82.
957 18. 82.
958 18. 82.
959 18. 82.
960 18. 82.
961 18. 82.
962 18. 82.
963 18. 82.
964 17. 83.
965 17. 83.
966 17. 83.
967 17. 83.
968 17. 83.
969 17. 83.
970 17. 83.
971 17. 83.
972 17. 83.
973 18. 82.
974 18. 82.
975 19. 81.
976 19. 81.
977 19. 81.
978 19. 81.
979 19. 81.
980 19. 81.
981 19. 81.
982 19. 81.
983 19. 81.
984 19. 81.
985 19. 81.
986 19. 81.
987 19. 81.
988 19. 81.
989 19. 81.
990 19. 81.
991 19. 81.
992 19. 81.
993 19. 81.
994 19. 81.
995 19. 81.
996 18. 82.
997 17. 83.
998 17. 83.
999 17. 83.
1000 17. 83.
1001 17. 83.
1002 17. 83.
1003 17. 83.
1004 17. 83.
1005 18. 82.
1006 18. 82.
1007 18. 82.
1008 18. 82.
1009 18. 82.
1010 18. 82.
1011 17. 83.
1012 17. 83.
1013 17. 83.
1014 17. 83.
1015 17. 83.
1016 17. 83.
1017 17. 83.
1018 17. 83.
1019 17. 83.
1020 17. 83.
1021 17. 83.
1022 17. 83.
1023 17. 83.
1024 17. 83.
1025 17. 83.
1026 16. 84.
1027 16. 84.
1028 16. 84.
1029 16. 84.
1030 16. 84.
1031 16. 84.
1032 17. 83.
1033 17. 83.
1034 17. 83.
1035 17. 83.
1036 16. 84.
1037 16. 84.
1038 16. 84.
1039 16. 84.
1040 16. 84.
1041 16. 84.
1042 16. 84.
1043 16. 84.
1044 16. 84.
1045 16. 84.
1046 16. 84.
1047 16. 84.
1048 16. 84.
1049 16. 84.
1050 16. 84.
1051 16. 84.
1052 16. 84.
1053 16. 84.
1054 16. 84.
1055 17. 83.
1056 17. 83.
1057 16. 84.
1058 16. 84.
1059 16. 84.
1060 16. 84.
1061 16. 84.
1062 16. 84.
1063 17. 83.
1064 17. 83.
1065 17. 83.
1066 17. 83.
1067 17. 83.
1068 17. 83.
1069 17. 83.
1070 17. 83.
1071 17. 83.
1072 17. 83.
1073 17. 83.
1074 16. 84.
1075 16. 84.
1076 16. 84.
1077 16. 84.
1078 16. 84.
1079 16. 84.
1080 16. 84.
1081 16. 84.
1082 16. 84.
1083 16. 84.
1084 16. 84.
1085 16. 84.
1086 16. 84.
1087 16. 84.
1088 16. 84.
1089 16. 84.
1090 16. 84.
1091 16. 84.
1092 17. 83.
1093 17. 83.
1094 17. 83.
1095 17. 83.
1096 17. 83.
1097 17. 83.
1098 17. 83.
1099 17. 83.
1100 17. 83.
1101 17. 83.
1102 17. 83.
1103 17. 83.
1104 16. 84.
1105 16. 84.
1106 16. 84.
1107 15. 85.
1108 15. 85.
1109 15. 85.
1110 15. 85.
1111 15. 85.
1112 15. 85.
1113 15. 85.
1114 15. 85.
1115 15. 85.
1116 15. 85.
1117 15. 85.
1118 15. 85.
1119 16. 84.
1120 16. 84.
1121 16. 84.
1122 16. 84.
1123 16. 84.
1124 16. 84.
1125 16. 84.
1126 16. 84.
1127 16. 84.
1128 16. 84.
1129 15. 85.
1130 15. 85.
1131 15. 85.
1132 14. 86.
1133 14. 86.
1134 14. 86.
1135 14. 86.
1136 14. 86.
1137 14. 86.
1138 14. 86.
1139 14. 86.
1140 14. 86.
1141 14. 86.
1142 14. 86.
1143 14. 86.
1144 14. 86.
1145 14. 86.
1146 15. 85.
1147 15. 85.
1148 15. 85.
1149 15. 85.
1150 15. 85.
1151 15. 85.
1152 15. 85.
1153 15. 85.
1154 15. 85.
1155 16. 84.
1156 16. 84.
1157 16. 84.
1158 16. 84.
1159 16. 84.
1160 16. 84.
1161 16. 84.
1162 16. 84.
1163 16. 84.
1164 15. 85.
1165 15. 85.
1166 16. 84.
1167 16. 84.
1168 15. 85.
1169 15. 85.
1170 15. 85.
1171 15. 85.
1172 15. 85.
1173 15. 85.
1174 15. 85.
1175 15. 85.
1176 15. 85.
1177 15. 85.
1178 15. 85.
1179 15. 85.
1180 15. 85.
1181 15. 85.
1182 15. 85.
1183 15. 85.
1184 15. 85.
1185 15. 85.
1186 14. 86.
1187 14. 86.
1188 14. 86.
1189 14. 86.
1190 14. 86.
1191 14. 86.
1192 14. 86.
1193 14. 86.
1194 13. 87.
1195 13. 87.
1196 13. 87.
1197 13. 87.
1198 14. 86.
1199 14. 86.
1200 14. 86.
1201 14. 86.
1202 14. 86.
1203 14. 86.
1204 14. 86.
1205 14. 86.
1206 14. 86.
1207 14. 86.
1208 14. 86.
1209 14. 86.
1210 14. 86.
1211 14. 86.
1212 13. 87.
1213 13. 87.
1214 13. 87.
1215 13. 87.
1216 13. 87.
1217 14. 86.
1218 14. 86.
1219 14. 86.
1220 14. 86.
1221 14. 86.
1222 14. 86.
1223 14. 86.
1224 14. 86.
1225 14. 86.
1226 14. 86.
1227 14. 86.
1228 14. 86.
1229 14. 86.
1230 13. 87.
1231 13. 87.
1232 13. 87.
1233 13. 87.
1234 13. 87.
1235 13. 87.
1236 13. 87.
1237 13. 87.
1238 13. 87.
1239 13. 87.
1240 13. 87.
1241 12. 88.
1242 12. 88.
1243 12. 88.
1244 12. 88.
1245 12. 88.
1246 13. 87.
1247 13. 87.
1248 13. 87.
1249 13. 87.
1250 13. 87.
1251 13. 87.
1252 13. 87.
1253 13. 87.
1254 13. 87.
1255 13. 87.
1256 13. 87.
1257 13. 87.
1258 13. 87.
1259 13. 87.
1260 13. 87.
1261 13. 87.
1262 13. 87.
1263 13. 87.
1264 13. 87.
1265 13. 87.
1266 13. 87.
1267 13. 87.
1268 14. 86.
1269 14. 86.
1270 14. 86.
1271 14. 86.
1272 14. 86.
1273 14. 86.
1274 14. 86.
1275 14. 86.
1276 14. 86.
1277 14. 86.
1278 15. 85.
1279 15. 85.
1280 16. 84.
1281 16. 84.
1282 16. 84.
1283 16. 84.
1284 16. 84.
1285 16. 84.
1286 16. 84.
1287 16. 84.
1288 16. 84.
1289 16. 84.
1290 16. 84.
1291 16. 84.
1292 16. 84.
1293 15. 85.
1294 15. 85.
1295 15. 85.
1296 15. 85.
1297 15. 85.
1298 15. 85.
1299 15. 85.
1300 16. 84.
1301 15. 85.
1302 15. 85.
1303 15. 85.
1304 14. 86.
1305 14. 86.
1306 13. 87.
1307 13. 87.
1308 13. 87.
1309 13. 87.
1310 13. 87.
1311 14. 86.
1312 14. 86.
1313 14. 86.
1314 14. 86.
1315 14. 86.
1316 14. 86.
1317 14. 86.
1318 14. 86.
1319 14. 86.
1320 14. 86.
1321 14. 86.
1322 14. 86.
1323 14. 86.
1324 14. 86.
1325 14. 86.
1326 14. 86.
1327 14. 86.
1328 14. 86.
1329 14. 86.
1330 14. 86.
1331 14. 86.
1332 14. 86.
1333 14. 86.
1334 14. 86.
1335 15. 85.
1336 15. 85.
1337 15. 85.
1338 15. 85.
1339 15. 85.
1340 15. 85.
1341 15. 85.
1342 14. 86.
1343 14. 86.
1344 14. 86.
1345 15. 85.
1346 16. 84.
1347 16. 84.
1348 16. 84.
1349 16. 84.
1350 16. 84.
1351 16. 84.
1352 16. 84.
1353 16. 84.
1354 16. 84.
1355 16. 84.
1356 16. 84.
1357 16. 84.
1358 16. 84.
1359 16. 84.
1360 16. 84.
1361 16. 84.
1362 16. 84.
1363 16. 84.
1364 16. 84.
1365 16. 84.
1366 16. 84.
1367 16. 84.
1368 16. 84.
1369 16. 84.
1370 16. 84.
1371 16. 84.
1372 16. 84.
1373 16. 84.
1374 16. 84.
1375 17. 83.
1376 17. 83.
1377 17. 83.
1378 17. 83.
1379 17. 83.
1380 17. 83.
1381 17. 83.
1382 17. 83.
1383 17. 83.
1384 18. 82.
1385 18. 82.
1386 18. 82.
1387 18. 82.
1388 18. 82.
1389 19. 81.
1390 19. 81.
1391 19. 81.
1392 19. 81.
1393 19. 81.
1394 19. 81.
1395 19. 81.
1396 19. 81.
1397 19. 81.
1398 19. 81.
1399 19. 81.
1400 19. 81.
1401 19. 81.
1402 19. 81.
1403 19. 81.
1404 19. 81.
1405 19. 81.
1406 19. 81.
1407 19. 81.
1408 19. 81.
1409 19. 81.
1410 19. 81.
1411 19. 81.
1412 19. 81.
1413 19. 81.
1414 19. 81.
1415 19. 81.
1416 19. 81.
1417 19. 81.
1418 19. 81.
1419 20. 80.
1420 20. 80.
1421 20. 80.
1422 20. 80.
1423 20. 80.
1424 20. 80.
1425 20. 80.
1426 19. 81.
1427 19. 81.
1428 19. 81.
1429 18. 82.
1430 18. 82.
1431 18. 82.
1432 18. 82.
1433 17. 83.
1434 17. 83.
1435 17. 83.
1436 18. 82.
1437 18. 82.
1438 18. 82.
1439 18. 82.
1440 18. 82.
1441 18. 82.
1442 18. 82.
1443 18. 82.
1444 18. 82.
1445 18. 82.
1446 18. 82.
1447 18. 82.
1448 18. 82.
1449 18. 82.
1450 18. 82.
1451 18. 82.
1452 18. 82.
1453 18. 82.
1454 18. 82.
1455 18. 82.
1456 18. 82.
1457 18. 82.
1458 18. 82.
1459 18. 82.
1460 18. 82.
1461 18. 82.
1462 18. 82.
1463 18. 82.
1464 18. 82.
1465 18. 82.
1466 18. 82.
1467 18. 82.
1468 18. 82.
1469 18. 82.
1470 18. 82.
1471 18. 82.
1472 18. 82.
1473 19. 81.
1474 19. 81.
1475 19. 81.
1476 19. 81.
1477 19. 81.
1478 19. 81.
1479 19. 81.
1480 19. 81.
1481 19. 81.
1482 19. 81.
1483 19. 81.
1484 19. 81.
1485 19. 81.
1486 20. 80.
1487 20. 80.
1488 20. 80.
1489 20. 80.
1490 20. 80.
1491 20. 80.
1492 20. 80.
1493 20. 80.
1494 21. 79.
1495 21. 79.
1496 21. 79.
1497 21. 79.
1498 21. 79.
1499 21. 79.
1500 21. 79.
1501 21. 79.
1502 20. 80.
1503 21. 79.
1504 20. 80.
1505 20. 80.
1506 20. 80.
1507 20. 80.
1508 20. 80.
1509 20. 80.
1510 20. 80.
1511 20. 80.
1512 20. 80.
1513 21. 79.
1514 22. 78.
1515 22. 78.
1516 22. 78.
1517 22. 78.
1518 21. 79.
1519 20. 80.
1520 19. 81.
1521 19. 81.
1522 19. 81.
1523 19. 81.
1524 19. 81.
1525 18. 82.
1526 18. 82.
1527 18. 82.
1528 18. 82.
1529 18. 82.
1530 17. 83.
1531 17. 83.
1532 17. 83.
1533 17. 83.
1534 18. 82.
1535 18. 82.
1536 18. 82.
1537 19. 81.
1538 19. 81.
1539 20. 80.
1540 20. 80.
1541 19. 81.
1542 19. 81.
1543 18. 82.
1544 18. 82.
1545 18. 82.
1546 18. 82.
1547 18. 82.
1548 18. 82.
1549 18. 82.
1550 18. 82.
1551 17. 83.
1552 17. 83.
1553 17. 83.
1554 17. 83.
1555 17. 83.
1556 17. 83.
1557 17. 83.
1558 17. 83.
1559 17. 83.
1560 17. 83.
1561 17. 83.
1562 17. 83.
1563 17. 83.
1564 17. 83.
1565 17. 83.
1566 16. 84.
1567 16. 84.
1568 16. 84.
1569 15. 85.
1570 15. 85.
1571 15. 85.
1572 15. 85.
1573 15. 85.
1574 15. 85.
1575 14. 86.
1576 14. 86.
1577 14. 86.
1578 14. 86.
1579 15. 85.
1580 15. 85.
1581 15. 85.
1582 16. 84.
1583 16. 84.
1584 16. 84.
1585 16. 84.
1586 16. 84.
1587 16. 84.
1588 16. 84.
1589 16. 84.
1590 16. 84.
1591 16. 84.
1592 16. 84.
1593 16. 84.
1594 16. 84.
1595 16. 84.
1596 16. 84.
1597 16. 84.
1598 16. 84.
1599 16. 84.
1600 16. 84.
1601 16. 84.
1602 16. 84.
1603 16. 84.
1604 16. 84.
1605 16. 84.
1606 16. 84.
1607 16. 84.
1608 16. 84.
1609 16. 84.
1610 16. 84.
1611 16. 84.
1612 16. 84.
1613 16. 84.
1614 16. 84.
1615 16. 84.
1616 17. 83.
1617 17. 83.
1618 17. 83.
1619 17. 83.
1620 17. 83.
1621 17. 83.
1622 17. 83.
1623 16. 84.
1624 16. 84.
1625 16. 84.
1626 16. 84.
1627 16. 84.
1628 16. 84.
1629 16. 84.
1630 16. 84.
1631 16. 84.
1632 16. 84.
1633 16. 84.
1634 16. 84.
1635 15. 85.
1636 16. 84.
1637 16. 84.
1638 16. 84.
1639 15. 85.
1640 15. 85.
1641 15. 85.
1642 15. 85.
1643 15. 85.
1644 15. 85.
1645 15. 85.
1646 15. 85.
1647 16. 84.
1648 16. 84.
1649 16. 84.
1650 16. 84.
1651 17. 83.
1652 17. 83.
1653 17. 83.
1654 17. 83.
1655 17. 83.
1656 17. 83.
1657 17. 83.
1658 17. 83.
1659 17. 83.
1660 17. 83.
1661 16. 84.
1662 16. 84.
1663 16. 84.
1664 16. 84.
1665 16. 84.
1666 16. 84.
1667 16. 84.
1668 16. 84.
1669 16. 84.
1670 15. 85.
1671 15. 85.
1672 15. 85.
1673 15. 85.
1674 15. 85.
1675 15. 85.
1676 15. 85.
1677 16. 84.
1678 17. 83.
1679 17. 83.
1680 17. 83.
1681 17. 83.
1682 17. 83.
1683 17. 83.
1684 17. 83.
1685 17. 83.
1686 17. 83.
1687 17. 83.
1688 17. 83.
1689 17. 83.
1690 17. 83.
1691 17. 83.
1692 17. 83.
1693 17. 83.
1694 17. 83.
1695 17. 83.
1696 17. 83.
1697 17. 83.
1698 18. 82.
1699 18. 82.
1700 18. 82.
1701 18. 82.
1702 18. 82.
1703 18. 82.
1704 17. 83.
1705 16. 84.
1706 16. 84.
1707 16. 84.
1708 15. 85.
1709 15. 85.
1710 15. 85.
1711 15. 85.
1712 15. 85.
1713 15. 85.
1714 15. 85.
1715 15. 85.
1716 15. 85.
1717 15. 85.
1718 15. 85.
1719 15. 85.
1720 15. 85.
1721 15. 85.
1722 15. 85.
1723 14. 86.
1724 14. 86.
1725 15. 85.
1726 16. 84.
1727 16. 84.
1728 16. 84.
1729 16. 84.
1730 17. 83.
1731 17. 83.
1732 17. 83.
1733 17. 83.
1734 17. 83.
1735 17. 83.
1736 17. 83.
1737 17. 83.
1738 17. 83.
1739 16. 84.
1740 16. 84.
1741 16. 84.
1742 16. 84.
1743 16. 84.
1744 16. 84.
1745 16. 84.
1746 16. 84.
1747 16. 84.
1748 16. 84.
1749 17. 83.
1750 17. 83.
1751 17. 83.
1752 17. 83.
1753 17. 83.
1754 18. 82.
1755 19. 81.
1756 19. 81.
1757 19. 81.
1758 19. 81.
1759 19. 81.
1760 18. 82.
1761 18. 82.
1762 18. 82.
1763 18. 82.
1764 18. 82.
1765 18. 82.
1766 18. 82.
1767 18. 82.
1768 18. 82.
1769 18. 82.
1770 19. 81.
1771 20. 80.
1772 19. 81.
1773 19. 81.
1774 19. 81.
1775 19. 81.
1776 19. 81.
1777 20. 80.
1778 20. 80.
1779 20. 80.
1780 20. 80.
1781 20. 80.
1782 20. 80.
1783 20. 80.
1784 20. 80.
1785 20. 80.
1786 20. 80.
1787 20. 80.
1788 20. 80.
1789 20. 80.
1790 20. 80.
1791 20. 80.
1792 20. 80.
1793 20. 80.
1794 20. 80.
1795 20. 80.
1796 20. 80.
1797 20. 80.
1798 20. 80.
1799 20. 80.
1800 20. 80.
1801 20. 80.
1802 19. 81.
1803 19. 81.
1804 19. 81.
1805 19. 81.
1806 19. 81.
1807 20. 80.
1808 20. 80.
1809 20. 80.
1810 20. 80.
1811 20. 80.
1812 20. 80.
1813 20. 80.
1814 20. 80.
1815 19. 81.
1816 18. 82.
1817 18. 82.
1818 18. 82.
1819 18. 82.
1820 18. 82.
1821 18. 82.
1822 18. 82.
1823 18. 82.
1824 17. 83.
1825 17. 83.
1826 16. 84.
1827 16. 84.
1828 16. 84.
1829 16. 84.
1830 16. 84.
1831 17. 83.
1832 17. 83.
1833 17. 83.
1834 17. 83.
1835 16. 84.
1836 16. 84.
1837 16. 84.
1838 16. 84.
1839 16. 84.
1840 16. 84.
1841 16. 84.
1842 16. 84.
1843 16. 84.
1844 16. 84.
1845 16. 84.
1846 16. 84.
1847 16. 84.
1848 16. 84.
1849 16. 84.
1850 16. 84.
1851 17. 83.
1852 17. 83.
1853 17. 83.
1854 16. 84.
1855 16. 84.
1856 15. 85.
1857 15. 85.
1858 15. 85.
1859 15. 85.
1860 15. 85.
1861 15. 85.
1862 15. 85.
1863 15. 85.
1864 15. 85.
1865 15. 85.
1866 15. 85.
1867 15. 85.
1868 15. 85.
1869 15. 85.
1870 15. 85.
1871 15. 85.
1872 15. 85.
1873 14. 86.
1874 14. 86.
1875 14. 86.
1876 15. 85.
1877 15. 85.
1878 15. 85.
1879 15. 85.
1880 15. 85.
1881 15. 85.
1882 15. 85.
1883 15. 85.
1884 15. 85.
1885 14. 86.
1886 14. 86.
1887 14. 86.
1888 14. 86.
1889 14. 86.
1890 13. 87.
1891 13. 87.
1892 13. 87.
1893 13. 87.
1894 13. 87.
1895 13. 87.
1896 13. 87.
1897 13. 87.
1898 13. 87.
1899 14. 86.
1900 14. 86.
1901 14. 86.
1902 14. 86.
1903 14. 86.
1904 14. 86.
1905 14. 86.
1906 14. 86.
1907 14. 86.
1908 14. 86.
1909 14. 86.
1910 14. 86.
1911 14. 86.
1912 14. 86.
1913 14. 86.
1914 14. 86.
1915 14. 86.
1916 14. 86.
1917 14. 86.
1918 14. 86.
1919 14. 86.
1920 14. 86.
1921 14. 86.
1922 14. 86.
1923 14. 86.
1924 14. 86.
1925 14. 86.
1926 15. 85.
1927 15. 85.
1928 15. 85.
1929 15. 85.
1930 15. 85.
1931 15. 85.
1932 15. 85.
1933 16. 84.
1934 16. 84.
1935 16. 84.
1936 16. 84.
1937 15. 85.
1938 15. 85.
1939 15. 85.
1940 15. 85.
1941 15. 85.
1942 15. 85.
1943 15. 85.
1944 15. 85.
1945 15. 85.
1946 15. 85.
1947 15. 85.
1948 15. 85.
1949 15. 85.
1950 15. 85.
1951 15. 85.
1952 15. 85.
1953 15. 85.
1954 15. 85.
1955 15. 85.
1956 15. 85.
1957 16. 84.
1958 16. 84.
1959 15. 85.
1960 16. 84.
1961 16. 84.
1962 15. 85.
1963 15. 85.
1964 15. 85.
1965 15. 85.
1966 15. 85.
1967 15. 85.
1968 15. 85.
1969 15. 85.
1970 16. 84.
1971 16. 84.
1972 16. 84.
1973 16. 84.
1974 16. 84.
1975 15. 85.
1976 15. 85.
1977 15. 85.
1978 15. 85.
1979 15. 85.
1980 15. 85.
1981 16. 84.
1982 16. 84.
1983 15. 85.
1984 15. 85.
1985 15. 85.
1986 15. 85.
1987 15. 85.
1988 15. 85.
1989 15. 85.
1990 15. 85.
1991 15. 85.
1992 15. 85.
1993 15. 85.
1994 14. 86.
1995 14. 86.
1996 13. 87.
1997 13. 87.
1998 13. 87.
1999 13. 87.
2000 13. 87.
2001 13. 87.
2002 13. 87.
2003 13. 87.
2004 13. 87.
2005 13. 87.
2006 13. 87.
2007 13. 87.
2008 13. 87.
2009 13. 87.
2010 13. 87.
2011 13. 87.
2012 13. 87.
2013 13. 87.
2014 13. 87.
2015 13. 87.
2016 13. 87.
2017 13. 87.
2018 13. 87.
2019 13. 87.
2020 13. 87.
2021 13. 87.
2022 13. 87.
2023 13. 87.
2024 13. 87.
2025 12. 88.
2026 11. 89.
2027 11. 89.
2028 11. 89.
2029 11. 89.
2030 11. 89.
2031 10. 90.
2032 10. 90.
2033 10. 90.
2034 11. 89.
2035 11. 89.
2036 11. 89.
2037 11. 89.
2038 11. 89.
2039 11. 89.
2040 11. 89.
2041 11. 89.
2042 11. 89.
2043 11. 89.
2044 11. 89.
2045 11. 89.
2046 11. 89.
2047 11. 89.
2048 12. 88.
2049 12. 88.
2050 12. 88.
2051 12. 88.
2052 12. 88.
2053 12. 88.
2054 12. 88.
2055 12. 88.
2056 12. 88.
2057 12. 88.
2058 12. 88.
2059 12. 88.
2060 12. 88.
2061 12. 88.
2062 11. 89.
2063 11. 89.
2064 11. 89.
2065 10. 90.
2066 10. 90.
2067 10. 90.
2068 10. 90.
2069 10. 90.
2070 11. 89.
2071 11. 89.
2072 11. 89.
2073 11. 89.
2074 11. 89.
2075 11. 89.
2076 11. 89.
2077 11. 89.
2078 11. 89.
2079 11. 89.
2080 11. 89.
2081 11. 89.
2082 11. 89.
2083 11. 89.
2084 11. 89.
2085 11. 89.
2086 11. 89.
2087 11. 89.
2088 11. 89.
2089 12. 88.
2090 12. 88.
2091 11. 89.
2092 11. 89.
2093 11. 89.
2094 11. 89.
2095 10. 90.
2096 10. 90.
2097 10. 90.
2098 10. 90.
2099 10. 90.
2100 10. 90.
2101 10. 90.
2102 10. 90.
2103 10. 90.
2104 10. 90.
2105 10. 90.
2106 10. 90.
2107 10. 90.
2108 10. 90.
2109 10. 90.
2110 9. 91.
2111 9. 91.
2112 9. 91.
2113 9. 91.
2114 9. 91.
2115 9. 91.
2116 9. 91.
2117 9. 91.
2118 10. 90.
2119 10. 90.
2120 10. 90.
2121 10. 90.
2122 10. 90.
2123 10. 90.
2124 10. 90.
2125 10. 90.
2126 10. 90.
2127 10. 90.
2128 10. 90.
2129 10. 90.
2130 10. 90.
2131 10. 90.
2132 10. 90.
2133 10. 90.
2134 10. 90.
2135 10. 90.
2136 10. 90.
2137 10. 90.
2138 10. 90.
2139 10. 90.
2140 10. 90.
2141 10. 90.
2142 10. 90.
2143 10. 90.
2144 10. 90.
2145 10. 90.
2146 10. 90.
2147 9. 91.
2148 9. 91.
2149 9. 91.
2150 9. 91.
2151 9. 91.
2152 9. 91.
2153 9. 91.
2154 9. 91.
2155 9. 91.
2156 9. 91.
2157 10. 90.
2158 10. 90.
2159 10. 90.
2160 9. 91.
2161 9. 91.
2162 9. 91.
2163 10. 90.
2164 10. 90.
2165 10. 90.
2166 10. 90.
2167 10. 90.
2168 10. 90.
2169 10. 90.
2170 10. 90.
2171 10. 90.
2172 10. 90.
2173 10. 90.
2174 10. 90.
2175 10. 90.
2176 10. 90.
2177 10. 90.
2178 10. 90.
2179 10. 90.
2180 10. 90.
2181 10. 90.
2182 10. 90.
2183 10. 90.
2184 10. 90.
2185 10. 90.
2186 10. 90.
2187 10. 90.
2188 10. 90.
2189 10. 90.
2190 11. 89.
2191 11. 89.
2192 10. 90.
2193 11. 89.
2194 11. 89.
2195 11. 89.
2196 12. 88.
2197 12. 88.
2198 12. 88.
2199 13. 87.
2200 13. 87.
2201 13. 87.
2202 13. 87.
2203 13. 87.
2204 13. 87.
2205 12. 88.
2206 12. 88.
2207 12. 88.
2208 12. 88.
2209 12. 88.
2210 12. 88.
2211 12. 88.
2212 12. 88.
2213 12. 88.
2214 12. 88.
2215 12. 88.
2216 12. 88.
2217 12. 88.
2218 12. 88.
2219 12. 88.
2220 12. 88.
2221 12. 88.
2222 12. 88.
2223 12. 88.
2224 12. 88.
2225 12. 88.
2226 12. 88.
2227 12. 88.
2228 12. 88.
2229 12. 88.
2230 12. 88.
2231 12. 88.
2232 12. 88.
2233 12. 88.
2234 12. 88.
2235 12. 88.
2236 12. 88.
2237 12. 88.
2238 12. 88.
2239 12. 88.
2240 12. 88.
2241 12. 88.
2242 12. 88.
2243 12. 88.
2244 12. 88.
2245 12. 88.
2246 12. 88.
2247 12. 88.
2248 12. 88.
2249 12. 88.
2250 12. 88.
2251 12. 88.
2252 12. 88.
2253 12. 88.
2254 12. 88.
2255 12. 88.
2256 12. 88.
2257 12. 88.
2258 12. 88.
2259 12. 88.
2260 12. 88.
2261 12. 88.
2262 12. 88.
2263 12. 88.
2264 12. 88.
2265 11. 89.
2266 11. 89.
2267 11. 89.
2268 11. 89.
2269 11. 89.
2270 11. 89.
2271 11. 89.
2272 11. 89.
2273 11. 89.
2274 11. 89.
2275 11. 89.
2276 11. 89.
2277 11. 89.
2278 11. 89.
2279 11. 89.
2280 10. 90.
2281 10. 90.
2282 11. 89.
2283 11. 89.
2284 12. 88.
2285 12. 88.
2286 12. 88.
2287 12. 88.
2288 12. 88.
2289 12. 88.
2290 12. 88.
2291 12. 88.
2292 12. 88.
2293 13. 87.
2294 13. 87.
2295 13. 87.
2296 13. 87.
2297 13. 87.
2298 13. 87.
2299 13. 87.
2300 13. 87.
2301 13. 87.
2302 12. 88.
2303 12. 88.
2304 12. 88.
2305 13. 87.
2306 13. 87.
2307 13. 87.
2308 13. 87.
2309 14. 86.
2310 14. 86.
2311 14. 86.
2312 14. 86.
2313 14. 86.
2314 14. 86.
2315 14. 86.
2316 14. 86.
2317 13. 87.
2318 13. 87.
2319 13. 87.
2320 13. 87.
2321 13. 87.
2322 13. 87.
2323 13. 87.
2324 13. 87.
2325 13. 87.
2326 13. 87.
2327 13. 87.
2328 13. 87.
2329 13. 87.
2330 14. 86.
2331 15. 85.
2332 15. 85.
2333 15. 85.
2334 15. 85.
2335 15. 85.
2336 16. 84.
2337 16. 84.
2338 16. 84.
2339 15. 85.
2340 14. 86.
2341 14. 86.
2342 14. 86.
2343 14. 86.
2344 14. 86.
2345 14. 86.
2346 14. 86.
2347 14. 86.
2348 14. 86.
2349 14. 86.
2350 14. 86.
2351 14. 86.
2352 15. 85.
2353 15. 85.
2354 15. 85.
2355 15. 85.
2356 15. 85.
2357 15. 85.
2358 15. 85.
2359 15. 85.
2360 15. 85.
2361 15. 85.
2362 15. 85.
2363 15. 85.
2364 15. 85.
2365 15. 85.
2366 15. 85.
2367 15. 85.
2368 15. 85.
2369 15. 85.
2370 15. 85.
2371 15. 85.
2372 15. 85.
2373 15. 85.
2374 15. 85.
2375 15. 85.
2376 15. 85.
2377 15. 85.
2378 15. 85.
2379 15. 85.
2380 15. 85.
2381 15. 85.
2382 15. 85.
2383 15. 85.
2384 15. 85.
2385 15. 85.
2386 15. 85.
2387 15. 85.
2388 15. 85.
2389 15. 85.
2390 15. 85.
2391 15. 85.
2392 14. 86.
2393 14. 86.
2394 14. 86.
2395 14. 86.
2396 13. 87.
2397 13. 87.
2398 13. 87.
2399 13. 87.
2400 13. 87.
2401 13. 87.
2402 13. 87.
2403 13. 87.
2404 13. 87.
2405 13. 87.
2406 13. 87.
2407 13. 87.
2408 13. 87.
2409 13. 87.
2410 13. 87.
2411 13. 87.
2412 13. 87.
2413 13. 87.
2414 13. 87.
2415 13. 87.
2416 13. 87.
2417 13. 87.
2418 13. 87.
2419 12. 88.
2420 12. 88.
2421 11. 89.
2422 11. 89.
2423 11. 89.
2424 11. 89.
2425 12. 88.
2426 12. 88.
2427 12. 88.
2428 12. 88.
2429 12. 88.
2430 12. 88.
2431 12. 88.
2432 12. 88.
2433 12. 88.
2434 12. 88.
2435 12. 88.
2436 12. 88.
2437 12. 88.
2438 12. 88.
2439 12. 88.
2440 12. 88.
2441 12. 88.
2442 12. 88.
2443 12. 88.
2444 12. 88.
2445 13. 87.
2446 14. 86.
2447 14. 86.
2448 14. 86.
2449 14. 86.
2450 14. 86.
2451 14. 86.
2452 14. 86.
2453 14. 86.
2454 14. 86.
2455 14. 86.
2456 14. 86.
2457 14. 86.
2458 14. 86.
2459 14. 86.
2460 14. 86.
2461 15. 85.
2462 15. 85.
2463 15. 85.
2464 16. 84.
2465 16. 84.
2466 16. 84.
2467 16. 84.
2468 16. 84.
2469 16. 84.
2470 16. 84.
2471 16. 84.
2472 16. 84.
2473 16. 84.
2474 16. 84.
2475 15. 85.
2476 15. 85.
2477 15. 85.
2478 15. 85.
2479 15. 85.
2480 15. 85.
2481 15. 85.
2482 15. 85.
2483 14. 86.
2484 14. 86.
2485 14. 86.
2486 14. 86.
2487 14. 86.
2488 13. 87.
2489 14. 86.
2490 14. 86.
2491 14. 86.
2492 14. 86.
2493 14. 86.
2494 15. 85.
2495 14. 86.
2496 14. 86.
2497 14. 86.
2498 14. 86.
2499 14. 86.
2500 14. 86.
2501 14. 86.
2502 14. 86.
2503 14. 86.
2504 14. 86.
2505 13. 87.
2506 13. 87.
2507 13. 87.
2508 14. 86.
2509 14. 86.
2510 15. 85.
2511 15. 85.
2512 15. 85.
2513 15. 85.
2514 15. 85.
2515 15. 85.
2516 15. 85.
2517 15. 85.
2518 15. 85.
2519 15. 85.
2520 16. 84.
2521 16. 84.
2522 17. 83.
2523 17. 83.
2524 18. 82.
2525 18. 82.
2526 18. 82.
2527 18. 82.
2528 18. 82.
2529 18. 82.
2530 17. 83.
2531 17. 83.
2532 17. 83.
2533 17. 83.
2534 17. 83.
2535 16. 84.
2536 17. 83.
2537 17. 83.
2538 17. 83.
2539 17. 83.
2540 17. 83.
2541 17. 83.
2542 17. 83.
2543 17. 83.
2544 17. 83.
2545 17. 83.
2546 17. 83.
2547 17. 83.
2548 17. 83.
2549 17. 83.
2550 17. 83.
2551 17. 83.
2552 18. 82.
2553 18. 82.
2554 18. 82.
2555 17. 83.
2556 16. 84.
2557 16. 84.
2558 16. 84.
2559 16. 84.
2560 16. 84.
2561 16. 84.
2562 17. 83.
2563 17. 83.
2564 17. 83.
2565 17. 83.
2566 17. 83.
2567 17. 83.
2568 17. 83.
2569 17. 83.
2570 17. 83.
2571 18. 82.
2572 18. 82.
2573 18. 82.
2574 18. 82.
2575 18. 82.
2576 18. 82.
2577 18. 82.
2578 18. 82.
2579 18. 82.
2580 19. 81.
2581 18. 82.
2582 18. 82.
2583 18. 82.
2584 18. 82.
2585 17. 83.
2586 17. 83.
2587 17. 83.
2588 17. 83.
2589 17. 83.
2590 17. 83.
2591 17. 83.
2592 17. 83.
2593 17. 83.
2594 17. 83.
2595 17. 83.
2596 17. 83.
2597 17. 83.
2598 17. 83.
2599 17. 83.
2600 17. 83.
2601 17. 83.
2602 17. 83.
2603 17. 83.
2604 17. 83.
2605 17. 83.
2606 17. 83.
2607 16. 84.
2608 16. 84.
2609 16. 84.
2610 16. 84.
2611 16. 84.
2612 16. 84.
2613 16. 84.
2614 16. 84.
2615 16. 84.
2616 16. 84.
2617 16. 84.
2618 16. 84.
2619 16. 84.
2620 16. 84.
2621 16. 84.
2622 16. 84.
2623 16. 84.
2624 17. 83.
2625 17. 83.
2626 17. 83.
2627 17. 83.
2628 17. 83.
2629 17. 83.
2630 17. 83.
2631 17. 83.
2632 17. 83.
2633 17. 83.
2634 17. 83.
2635 17. 83.
2636 17. 83.
2637 17. 83.
2638 17. 83.
2639 16. 84.
2640 15. 85.
2641 15. 85.
2642 15. 85.
2643 15. 85.
2644 15. 85.
2645 15. 85.
2646 15. 85.
2647 15. 85.
2648 15. 85.
2649 15. 85.
2650 15. 85.
2651 15. 85.
2652 15. 85.
2653 15. 85.
2654 16. 84.
2655 16. 84.
2656 16. 84.
2657 16. 84.
2658 15. 85.
2659 15. 85.
2660 15. 85.
2661 15. 85.
2662 15. 85.
2663 15. 85.
2664 15. 85.
2665 15. 85.
2666 15. 85.
2667 15. 85.
2668 15. 85.
2669 15. 85.
2670 15. 85.
2671 15. 85.
2672 15. 85.
2673 15. 85.
2674 15. 85.
2675 15. 85.
2676 15. 85.
2677 15. 85.
2678 15. 85.
2679 15. 85.
2680 15. 85.
2681 16. 84.
2682 16. 84.
2683 17. 83.
2684 17. 83.
2685 16. 84.
2686 16. 84.
2687 15. 85.
2688 15. 85.
2689 15. 85.
2690 15. 85.
2691 16. 84.
2692 16. 84.
2693 16. 84.
2694 16. 84.
2695 16. 84.
2696 16. 84.
2697 16. 84.
2698 16. 84.
2699 16. 84.
2700 16. 84.
2701 17. 83.
2702 17. 83.
2703 17. 83.
2704 17. 83.
2705 17. 83.
2706 17. 83.
2707 17. 83.
2708 17. 83.
2709 17. 83.
2710 17. 83.
2711 17. 83.
2712 17. 83.
2713 17. 83.
2714 17. 83.
2715 17. 83.
2716 17. 83.
2717 18. 82.
2718 18. 82.
2719 17. 83.
2720 17. 83.
2721 17. 83.
2722 18. 82.
2723 18. 82.
2724 18. 82.
2725 18. 82.
2726 18. 82.
2727 19. 81.
2728 19. 81.
2729 19. 81.
2730 19. 81.
2731 19. 81.
2732 20. 80.
2733 20. 80.
2734 20. 80.
2735 20. 80.
2736 20. 80.
2737 20. 80.
2738 20. 80.
2739 20. 80.
2740 20. 80.
2741 20. 80.
2742 20. 80.
2743 20. 80.
2744 20. 80.
2745 20. 80.
2746 19. 81.
2747 19. 81.
2748 19. 81.
2749 19. 81.
2750 20. 80.
2751 20. 80.
2752 20. 80.
2753 20. 80.
2754 20. 80.
2755 20. 80.
2756 20. 80.
2757 20. 80.
2758 20. 80.
2759 20. 80.
2760 20. 80.
2761 20. 80.
2762 20. 80.
2763 20. 80.
2764 19. 81.
2765 19. 81.
2766 18. 82.
2767 18. 82.
2768 18. 82.
2769 18. 82.
2770 17. 83.
2771 17. 83.
2772 16. 84.
2773 16. 84.
2774 16. 84.
2775 16. 84.
2776 16. 84.
2777 16. 84.
2778 16. 84.
2779 16. 84.
2780 16. 84.
2781 16. 84.
2782 16. 84.
2783 16. 84.
2784 16. 84.
2785 16. 84.
2786 16. 84.
2787 16. 84.
2788 16. 84.
2789 15. 85.
2790 15. 85.
2791 15. 85.
2792 15. 85.
2793 15. 85.
2794 16. 84.
2795 16. 84.
2796 16. 84.
2797 16. 84.
2798 16. 84.
2799 16. 84.
2800 16. 84.
2801 16. 84.
2802 16. 84.
2803 16. 84.
2804 17. 83.
2805 17. 83.
2806 17. 83.
2807 17. 83.
2808 17. 83.
2809 17. 83.
2810 17. 83.
2811 17. 83.
2812 17. 83.
2813 17. 83.
2814 17. 83.
2815 16. 84.
2816 16. 84.
2817 15. 85.
2818 15. 85.
2819 15. 85.
2820 15. 85.
2821 15. 85.
2822 15. 85.
2823 15. 85.
2824 15. 85.
2825 15. 85.
2826 15. 85.
2827 15. 85.
2828 15. 85.
2829 15. 85.
2830 15. 85.
2831 15. 85.
2832 15. 85.
2833 14. 86.
2834 14. 86.
2835 14. 86.
2836 13. 87.
2837 13. 87.
2838 13. 87.
2839 13. 87.
2840 13. 87.
2841 13. 87.
2842 13. 87.
2843 13. 87.
2844 13. 87.
2845 13. 87.
2846 13. 87.
2847 14. 86.
2848 14. 86.
2849 14. 86.
2850 14. 86.
2851 14. 86.
2852 14. 86.
2853 14. 86.
2854 14. 86.
2855 14. 86.
2856 14. 86.
2857 13. 87.
2858 13. 87.
2859 13. 87.
2860 12. 88.
2861 12. 88.
2862 12. 88.
2863 12. 88.
2864 13. 87.
2865 13. 87.
2866 13. 87.
2867 13. 87.
2868 13. 87.
2869 13. 87.
2870 13. 87.
2871 12. 88.
2872 12. 88.
2873 13. 87.
2874 13. 87.
2875 12. 88.
2876 12. 88.
2877 12. 88.
2878 13. 87.
2879 13. 87.
2880 13. 87.
2881 13. 87.
2882 13. 87.
2883 13. 87.
2884 13. 87.
2885 13. 87.
2886 13. 87.
2887 13. 87.
2888 13. 87.
2889 13. 87.
2890 13. 87.
2891 13. 87.
2892 13. 87.
2893 13. 87.
2894 13. 87.
2895 13. 87.
2896 13. 87.
2897 12. 88.
2898 13. 87.
2899 12. 88.
2900 12. 88.
2901 12. 88.
2902 12. 88.
2903 12. 88.
2904 12. 88.
2905 12. 88.
2906 12. 88.
2907 12. 88.
2908 12. 88.
2909 12. 88.
2910 12. 88.
2911 12. 88.
2912 12. 88.
2913 12. 88.
2914 12. 88.
2915 11. 89.
2916 11. 89.
2917 11. 89.
2918 11. 89.
2919 11. 89.
2920 11. 89.
2921 11. 89.
2922 11. 89.
2923 11. 89.
2924 12. 88.
2925 12. 88.
2926 12. 88.
2927 12. 88.
2928 12. 88.
2929 12. 88.
2930 12. 88.
2931 12. 88.
2932 12. 88.
2933 12. 88.
2934 12. 88.
2935 12. 88.
2936 12. 88.
2937 12. 88.
2938 12. 88.
2939 12. 88.
2940 12. 88.
2941 12. 88.
2942 12. 88.
2943 12. 88.
2944 12. 88.
2945 13. 87.
2946 13. 87.
2947 13. 87.
2948 14. 86.
2949 14. 86.
2950 14. 86.
2951 14. 86.
2952 14. 86.
2953 14. 86.
2954 14. 86.
2955 14. 86.
2956 15. 85.
2957 15. 85.
2958 15. 85.
2959 15. 85.
2960 15. 85.
2961 16. 84.
2962 16. 84.
2963 15. 85.
2964 15. 85.
2965 14. 86.
2966 14. 86.
2967 14. 86.
2968 14. 86.
2969 14. 86.
2970 14. 86.
2971 14. 86.
2972 14. 86.
2973 14. 86.
2974 15. 85.
2975 15. 85.
2976 15. 85.
2977 15. 85.
2978 15. 85.
2979 15. 85.
2980 15. 85.
2981 15. 85.
2982 15. 85.
2983 15. 85.
2984 15. 85.
2985 15. 85.
2986 15. 85.
2987 15. 85.
2988 15. 85.
2989 15. 85.
2990 15. 85.
2991 16. 84.
2992 16. 84.
2993 16. 84.
2994 16. 84.
2995 16. 84.
2996 16. 84.
2997 16. 84.
2998 16. 84.
2999 16. 84.
3000 16. 84.
3001 16. 84.
3002 16. 84.
3003 15. 85.
3004 15. 85.
3005 16. 84.
3006 16. 84.
3007 16. 84.
3008 16. 84.
3009 16. 84.
3010 16. 84.
3011 16. 84.
3012 16. 84.
3013 16. 84.
3014 16. 84.
3015 16. 84.
3016 16. 84.
3017 16. 84.
3018 16. 84.
3019 16. 84.
3020 17. 83.
3021 17. 83.
3022 17. 83.
3023 17. 83.
3024 17. 83.
3025 17. 83.
3026 17. 83.
3027 17. 83.
3028 17. 83.
3029 17. 83.
3030 17. 83.
3031 17. 83.
3032 16. 84.
3033 16. 84.
3034 16. 84.
3035 16. 84.
3036 16. 84.
3037 16. 84.
3038 16. 84.
3039 16. 84.
3040 17. 83.
3041 16. 84.
3042 16. 84.
3043 16. 84.
3044 15. 85.
3045 14. 86.
3046 14. 86.
3047 14. 86.
3048 14. 86.
3049 14. 86.
3050 14. 86.
3051 14. 86.
3052 14. 86.
3053 14. 86.
3054 14. 86.
3055 14. 86.
3056 14. 86.
3057 14. 86.
3058 15. 85.
3059 15. 85.
3060 15. 85.
3061 15. 85.
3062 15. 85.
3063 15. 85.
3064 15. 85.
3065 16. 84.
3066 16. 84.
3067 16. 84.
3068 16. 84.
3069 16. 84.
3070 16. 84.
3071 15. 85.
3072 15. 85.
3073 14. 86.
3074 14. 86.
3075 14. 86.
3076 14. 86.
3077 14. 86.
3078 14. 86.
3079 14. 86.
3080 14. 86.
3081 14. 86.
3082 14. 86.
3083 14. 86.
3084 14. 86.
3085 14. 86.
3086 14. 86.
3087 15. 85.
3088 15. 85.
3089 15. 85.
3090 15. 85.
3091 14. 86.
3092 14. 86.
3093 15. 85.
3094 15. 85.
3095 15. 85.
3096 16. 84.
3097 16. 84.
3098 17. 83.
3099 17. 83.
3100 16. 84.
3101 16. 84.
3102 16. 84.
3103 16. 84.
3104 16. 84.
3105 16. 84.
3106 17. 83.
3107 18. 82.
3108 18. 82.
3109 18. 82.
3110 17. 83.
3111 17. 83.
3112 17. 83.
3113 17. 83.
3114 17. 83.
3115 17. 83.
3116 17. 83.
3117 17. 83.
3118 17. 83.
3119 17. 83.
3120 17. 83.
3121 17. 83.
3122 17. 83.
3123 17. 83.
3124 17. 83.
3125 17. 83.
3126 17. 83.
3127 17. 83.
3128 16. 84.
3129 16. 84.
3130 16. 84.
3131 17. 83.
3132 17. 83.
3133 17. 83.
3134 17. 83.
3135 17. 83.
3136 17. 83.
3137 17. 83.
3138 17. 83.
3139 18. 82.
3140 18. 82.
3141 18. 82.
3142 18. 82.
3143 18. 82.
3144 18. 82.
3145 19. 81.
3146 19. 81.
3147 19. 81.
3148 19. 81.
3149 19. 81.
3150 19. 81.
3151 19. 81.
3152 19. 81.
3153 19. 81.
3154 19. 81.
3155 19. 81.
3156 19. 81.
3157 20. 80.
3158 20. 80.
3159 20. 80.
3160 20. 80.
3161 20. 80.
3162 20. 80.
3163 20. 80.
3164 20. 80.
3165 20. 80.
3166 20. 80.
3167 20. 80.
3168 20. 80.
3169 21. 79.
3170 21. 79.
3171 21. 79.
3172 21. 79.
3173 21. 79.
3174 21. 79.
3175 21. 79.
3176 21. 79.
3177 21. 79.
3178 21. 79.
3179 21. 79.
3180 21. 79.
3181 21. 79.
3182 21. 79.
3183 20. 80.
3184 20. 80.
3185 20. 80.
3186 20. 80.
3187 20. 80.
3188 21. 79.
3189 21. 79.
3190 20. 80.
3191 20. 80.
3192 19. 81.
3193 19. 81.
3194 19. 81.
3195 19. 81.
3196 19. 81.
3197 19. 81.
3198 19. 81.
3199 19. 81.
3200 18. 82.
3201 18. 82.
3202 18. 82.
3203 18. 82.
3204 18. 82.
3205 18. 82.
3206 17. 83.
3207 17. 83.
3208 18. 82.
3209 18. 82.
3210 17. 83.
3211 18. 82.
3212 19. 81.
3213 19. 81.
3214 20. 80.
3215 20. 80.
3216 20. 80.
3217 20. 80.
3218 20. 80.
3219 20. 80.
3220 20. 80.
3221 20. 80.
3222 20. 80.
3223 20. 80.
3224 20. 80.
3225 20. 80.
3226 19. 81.
3227 19. 81.
3228 19. 81.
3229 19. 81.
3230 19. 81.
3231 19. 81.
3232 19. 81.
3233 18. 82.
3234 18. 82.
3235 18. 82.
3236 18. 82.
3237 18. 82.
3238 18. 82.
3239 18. 82.
3240 18. 82.
3241 18. 82.
3242 17. 83.
3243 18. 82.
3244 18. 82.
3245 18. 82.
3246 17. 83.
3247 17. 83.
3248 17. 83.
3249 17. 83.
3250 17. 83.
3251 16. 84.
3252 16. 84.
3253 16. 84.
3254 16. 84.
3255 16. 84.
3256 16. 84.
3257 16. 84.
3258 16. 84.
3259 17. 83.
3260 17. 83.
3261 16. 84.
3262 16. 84.
3263 15. 85.
3264 16. 84.
3265 16. 84.
3266 16. 84.
3267 16. 84.
3268 16. 84.
3269 16. 84.
3270 16. 84.
3271 17. 83.
3272 17. 83.
3273 16. 84.
3274 16. 84.
3275 17. 83.
3276 17. 83.
3277 17. 83.
3278 16. 84.
3279 17. 83.
3280 16. 84.
3281 16. 84.
3282 16. 84.
3283 16. 84.
3284 16. 84.
3285 15. 85.
3286 15. 85.
3287 15. 85.
3288 15. 85.
3289 15. 85.
3290 15. 85.
3291 15. 85.
3292 15. 85.
3293 15. 85.
3294 15. 85.
3295 14. 86.
3296 14. 86.
3297 14. 86.
3298 14. 86.
3299 14. 86.
3300 14. 86.
3301 14. 86.
3302 14. 86.
3303 14. 86.
3304 14. 86.
3305 14. 86.
3306 14. 86.
3307 14. 86.
3308 14. 86.
3309 14. 86.
3310 14. 86.
3311 14. 86.
3312 14. 86.
3313 14. 86.
3314 14. 86.
3315 14. 86.
3316 15. 85.
3317 15. 85.
3318 15. 85.
3319 15. 85.
3320 16. 84.
3321 15. 85.
3322 15. 85.
3323 15. 85.
3324 15. 85.
3325 15. 85.
3326 15. 85.
3327 15. 85.
3328 15. 85.
3329 15. 85.
3330 15. 85.
3331 15. 85.
3332 15. 85.
3333 16. 84.
3334 16. 84.
3335 16. 84.
3336 16. 84.
3337 16. 84.
3338 16. 84.
3339 16. 84.
3340 16. 84.
3341 17. 83.
3342 17. 83.
3343 16. 84.
3344 16. 84.
3345 16. 84.
3346 16. 84.
3347 16. 84.
3348 16. 84.
3349 16. 84.
3350 16. 84.
3351 16. 84.
3352 16. 84.
3353 16. 84.
3354 16. 84.
3355 16. 84.
3356 16. 84.
3357 16. 84.
3358 16. 84.
3359 16. 84.
3360 16. 84.
3361 16. 84.
3362 16. 84.
3363 17. 83.
3364 17. 83.
3365 17. 83.
3366 17. 83.
3367 17. 83.
3368 17. 83.
3369 17. 83.
3370 17. 83.
3371 17. 83.
3372 17. 83.
3373 17. 83.
3374 17. 83.
3375 17. 83.
3376 17. 83.
3377 17. 83.
3378 17. 83.
3379 17. 83.
3380 17. 83.
3381 17. 83.
3382 17. 83.
3383 17. 83.
3384 17. 83.
3385 17. 83.
3386 17. 83.
3387 17. 83.
3388 17. 83.
3389 16. 84.
3390 16. 84.
3391 15. 85.
3392 15. 85.
3393 15. 85.
3394 15. 85.
3395 15. 85.
3396 15. 85.
3397 15. 85.
3398 15. 85.
3399 15. 85.
3400 15. 85.
3401 15. 85.
3402 14. 86.
3403 14. 86.
3404 14. 86.
3405 14. 86.
3406 14. 86.
3407 14. 86.
3408 14. 86.
3409 14. 86.
3410 14. 86.
3411 14. 86.
3412 14. 86.
3413 15. 85.
3414 14. 86.
3415 14. 86.
3416 14. 86.
3417 14. 86.
3418 14. 86.
3419 15. 85.
3420 14. 86.
3421 13. 87.
3422 13. 87.
3423 13. 87.
3424 13. 87.
3425 13. 87.
3426 13. 87.
3427 13. 87.
3428 13. 87.
3429 13. 87.
3430 13. 87.
3431 13. 87.
3432 13. 87.
3433 13. 87.
3434 13. 87.
3435 13. 87.
3436 13. 87.
3437 13. 87.
3438 13. 87.
3439 13. 87.
3440 13. 87.
3441 13. 87.
3442 13. 87.
3443 13. 87.
3444 13. 87.
3445 13. 87.
3446 13. 87.
3447 13. 87.
3448 13. 87.
3449 13. 87.
3450 13. 87.
3451 13. 87.
3452 12. 88.
3453 12. 88.
3454 12. 88.
3455 12. 88.
3456 12. 88.
3457 12. 88.
3458 12. 88.
3459 12. 88.
3460 13. 87.
3461 14. 86.
3462 14. 86.
3463 14. 86.
3464 14. 86.
3465 14. 86.
3466 14. 86.
3467 14. 86.
3468 14. 86.
3469 14. 86.
3470 14. 86.
3471 14. 86.
3472 14. 86.
3473 14. 86.
3474 14. 86.
3475 14. 86.
3476 14. 86.
3477 14. 86.
3478 14. 86.
3479 14. 86.
3480 14. 86.
3481 14. 86.
3482 14. 86.
3483 14. 86.
3484 15. 85.
3485 15. 85.
3486 15. 85.
3487 16. 84.
3488 16. 84.
3489 17. 83.
3490 17. 83.
3491 17. 83.
3492 17. 83.
3493 16. 84.
3494 16. 84.
3495 16. 84.
3496 16. 84.
3497 16. 84.
3498 16. 84.
3499 16. 84.
3500 16. 84.
3501 16. 84.
3502 16. 84.
3503 16. 84.
3504 16. 84.
3505 16. 84.
3506 16. 84.
3507 16. 84.
3508 16. 84.
3509 16. 84.
3510 16. 84.
3511 16. 84.
3512 15. 85.
3513 15. 85.
3514 15. 85.
3515 15. 85.
3516 14. 86.
3517 14. 86.
3518 14. 86.
3519 14. 86.
3520 14. 86.
3521 14. 86.
3522 14. 86.
3523 14. 86.
3524 13. 87.
3525 13. 87.
3526 13. 87.
3527 12. 88.
3528 12. 88.
3529 11. 89.
3530 12. 88.
3531 12. 88.
3532 12. 88.
3533 12. 88.
3534 12. 88.
3535 12. 88.
3536 12. 88.
3537 12. 88.
3538 12. 88.
3539 12. 88.
3540 12. 88.
3541 12. 88.
3542 12. 88.
3543 12. 88.
3544 12. 88.
3545 12. 88.
3546 12. 88.
3547 12. 88.
3548 12. 88.
3549 13. 87.
3550 13. 87.
3551 13. 87.
3552 13. 87.
3553 13. 87.
3554 13. 87.
3555 13. 87.
3556 13. 87.
3557 13. 87.
3558 13. 87.
3559 13. 87.
3560 13. 87.
3561 12. 88.
3562 12. 88.
3563 12. 88.
3564 12. 88.
3565 12. 88.
3566 12. 88.
3567 12. 88.
3568 12. 88.
3569 12. 88.
3570 11. 89.
3571 11. 89.
3572 11. 89.
3573 12. 88.
3574 11. 89.
3575 11. 89.
3576 11. 89.
3577 11. 89.
3578 11. 89.
3579 11. 89.
3580 12. 88.
3581 12. 88.
3582 11. 89.
3583 11. 89.
3584 11. 89.
3585 11. 89.
3586 11. 89.
3587 11. 89.
3588 11. 89.
3589 11. 89.
3590 11. 89.
3591 11. 89.
3592 11. 89.
3593 11. 89.
3594 11. 89.
3595 11. 89.
3596 10. 90.
3597 10. 90.
3598 10. 90.
3599 10. 90.
3600 10. 90.
3601 9. 91.
3602 9. 91.
3603 9. 91.
3604 9. 91.
3605 9. 91.
3606 9. 91.
3607 9. 91.
3608 9. 91.
3609 10. 90.
3610 10. 90.
3611 11. 89.
3612 11. 89.
3613 11. 89.
3614 11. 89.
3615 12. 88.
3616 12. 88.
3617 12. 88.
3618 12. 88.
3619 12. 88.
3620 12. 88.
3621 12. 88.
3622 12. 88.
3623 12. 88.
3624 12. 88.
3625 12. 88.
3626 12. 88.
3627 12. 88.
3628 12. 88.
3629 12. 88.
3630 12. 88.
3631 12. 88.
3632 12. 88.
3633 12. 88.
3634 12. 88.
3635 12. 88.
3636 12. 88.
3637 11. 89.
3638 11. 89.
3639 11. 89.
3640 10. 90.
3641 10. 90.
3642 10. 90.
3643 10. 90.
3644 10. 90.
3645 10. 90.
3646 9. 91.
3647 9. 91.
3648 9. 91.
3649 9. 91.
3650 9. 91.
3651 9. 91.
3652 9. 91.
3653 9. 91.
3654 9. 91.
3655 9. 91.
3656 9. 91.
3657 9. 91.
3658 9. 91.
3659 9. 91.
3660 9. 91.
3661 9. 91.
3662 10. 90.
3663 10. 90.
3664 10. 90.
3665 10. 90.
3666 10. 90.
3667 10. 90.
3668 10. 90.
3669 10. 90.
3670 10. 90.
3671 9. 91.
3672 9. 91.
3673 9. 91.
3674 9. 91.
3675 9. 91.
3676 9. 91.
3677 9. 91.
3678 9. 91.
3679 9. 91.
3680 9. 91.
3681 9. 91.
3682 9. 91.
3683 9. 91.
3684 9. 91.
3685 9. 91.
3686 9. 91.
3687 9. 91.
3688 9. 91.
3689 8. 92.
3690 8. 92.
3691 8. 92.
3692 8. 92.
3693 8. 92.
3694 8. 92.
3695 8. 92.
3696 8. 92.
3697 8. 92.
3698 9. 91.
3699 9. 91.
3700 9. 91.
3701 9. 91.
3702 9. 91.
3703 9. 91.
3704 9. 91.
3705 9. 91.
3706 9. 91.
3707 9. 91.
3708 9. 91.
3709 9. 91.
3710 9. 91.
3711 9. 91.
3712 9. 91.
3713 9. 91.
3714 9. 91.
3715 9. 91.
3716 9. 91.
3717 9. 91.
3718 9. 91.
3719 9. 91.
3720 9. 91.
3721 9. 91.
3722 9. 91.
3723 9. 91.
3724 9. 91.
3725 9. 91.
3726 9. 91.
3727 9. 91.
3728 9. 91.
3729 9. 91.
3730 9. 91.
3731 9. 91.
3732 9. 91.
3733 9. 91.
3734 9. 91.
3735 9. 91.
3736 9. 91.
3737 9. 91.
3738 9. 91.
3739 9. 91.
3740 9. 91.
3741 9. 91.
3742 9. 91.
3743 9. 91.
3744 9. 91.
3745 9. 91.
3746 10. 90.
3747 10. 90.
3748 10. 90.
3749 9. 91.
3750 10. 90.
3751 10. 90.
3752 10. 90.
3753 10. 90.
3754 10. 90.
3755 10. 90.
3756 10. 90.
3757 10. 90.
3758 10. 90.
3759 9. 91.
3760 9. 91.
3761 10. 90.
3762 10. 90.
3763 10. 90.
3764 10. 90.
3765 11. 89.
3766 11. 89.
3767 11. 89.
3768 11. 89.
3769 11. 89.
3770 11. 89.
3771 11. 89.
3772 11. 89.
3773 11. 89.
3774 11. 89.
3775 10. 90.
3776 10. 90.
3777 10. 90.
3778 9. 91.
3779 9. 91.
3780 9. 91.
3781 10. 90.
3782 10. 90.
3783 10. 90.
3784 11. 89.
3785 11. 89.
3786 11. 89.
3787 11. 89.
3788 11. 89.
3789 11. 89.
3790 11. 89.
3791 11. 89.
3792 11. 89.
3793 11. 89.
3794 11. 89.
3795 11. 89.
3796 11. 89.
3797 11. 89.
3798 11. 89.
3799 11. 89.
3800 11. 89.
3801 11. 89.
3802 11. 89.
3803 11. 89.
3804 11. 89.
3805 11. 89.
3806 11. 89.
3807 11. 89.
3808 11. 89.
3809 11. 89.
3810 11. 89.
3811 11. 89.
3812 11. 89.
3813 11. 89.
3814 11. 89.
3815 11. 89.
3816 11. 89.
3817 11. 89.
3818 11. 89.
3819 10. 90.
3820 10. 90.
3821 10. 90.
3822 10. 90.
3823 10. 90.
3824 10. 90.
3825 10. 90.
3826 9. 91.
3827 9. 91.
3828 9. 91.
3829 9. 91.
3830 9. 91.
3831 9. 91.
3832 9. 91.
3833 9. 91.
3834 9. 91.
3835 9. 91.
3836 9. 91.
3837 9. 91.
3838 9. 91.
3839 9. 91.
3840 9. 91.
3841 9. 91.
3842 9. 91.
3843 9. 91.
3844 9. 91.
3845 9. 91.
3846 10. 90.
3847 10. 90.
3848 10. 90.
3849 10. 90.
3850 9. 91.
3851 8. 92.
3852 8. 92.
3853 8. 92.
3854 7. 93.
3855 7. 93.
3856 7. 93.
3857 7. 93.
3858 7. 93.
3859 7. 93.
3860 7. 93.
3861 8. 92.
3862 8. 92.
3863 8. 92.
3864 8. 92.
3865 8. 92.
3866 8. 92.
3867 8. 92.
3868 8. 92.
3869 8. 92.
3870 8. 92.
3871 8. 92.
3872 8. 92.
3873 8. 92.
3874 8. 92.
3875 8. 92.
3876 8. 92.
3877 8. 92.
3878 8. 92.
3879 8. 92.
3880 8. 92.
3881 8. 92.
3882 8. 92.
3883 8. 92.
3884 9. 91.
3885 9. 91.
3886 9. 91.
3887 9. 91.
3888 9. 91.
3889 9. 91.
3890 9. 91.
3891 9. 91.
3892 9. 91.
3893 9. 91.
3894 9. 91.
3895 9. 91.
3896 9. 91.
3897 9. 91.
3898 9. 91.
3899 9. 91.
3900 9. 91.
3901 9. 91.
3902 9. 91.
3903 9. 91.
3904 9. 91.
3905 9. 91.
3906 9. 91.
3907 9. 91.
3908 9. 91.
3909 9. 91.
3910 9. 91.
3911 9. 91.
3912 9. 91.
3913 9. 91.
3914 9. 91.
3915 9. 91.
3916 9. 91.
3917 9. 91.
3918 9. 91.
3919 9. 91.
3920 9. 91.
3921 9. 91.
3922 9. 91.
3923 9. 91.
3924 9. 91.
3925 9. 91.
3926 9. 91.
3927 9. 91.
3928 9. 91.
3929 9. 91.
3930 9. 91.
3931 8. 92.
3932 8. 92.
3933 8. 92.
3934 9. 91.
3935 9. 91.
3936 9. 91.
3937 8. 92.
3938 8. 92.
3939 8. 92.
3940 8. 92.
3941 8. 92.
3942 9. 91.
3943 9. 91.
3944 9. 91.
3945 10. 90.
3946 10. 90.
3947 10. 90.
3948 10. 90.
3949 10. 90.
3950 10. 90.
3951 10. 90.
3952 10. 90.
3953 10. 90.
3954 10. 90.
3955 10. 90.
3956 10. 90.
3957 10. 90.
3958 10. 90.
3959 11. 89.
3960 11. 89.
3961 11. 89.
3962 11. 89.
3963 12. 88.
3964 12. 88.
3965 12. 88.
3966 12. 88.
3967 12. 88.
3968 12. 88.
3969 12. 88.
3970 12. 88.
3971 12. 88.
3972 12. 88.
3973 12. 88.
3974 12. 88.
3975 12. 88.
3976 12. 88.
3977 12. 88.
3978 12. 88.
3979 12. 88.
3980 12. 88.
3981 12. 88.
3982 12. 88.
3983 12. 88.
3984 12. 88.
3985 12. 88.
3986 12. 88.
3987 12. 88.
3988 11. 89.
3989 11. 89.
3990 11. 89.
3991 11. 89.
3992 11. 89.
3993 11. 89.
3994 11. 89.
3995 11. 89.
3996 11. 89.
3997 11. 89.
3998 11. 89.
3999 11. 89.
4000 10. 90.
4001 10. 90.
4002 10. 90.
4003 10. 90.
4004 10. 90.
4005 10. 90.
4006 10. 90.
4007 10. 90.
4008 10. 90.
4009 10. 90.
4010 10. 90.
4011 10. 90.
4012 10. 90.
4013 10. 90.
4014 10. 90.
4015 10. 90.
4016 10. 90.
4017 10. 90.
4018 10. 90.
4019 10. 90.
4020 10. 90.
4021 10. 90.
4022 10. 90.
4023 10. 90.
4024 10. 90.
4025 10. 90.
4026 10. 90.
4027 10. 90.
4028 10. 90.
4029 10. 90.
4030 10. 90.
4031 10. 90.
4032 10. 90.
4033 10. 90.
4034 10. 90.
4035 10. 90.
4036 10. 90.
4037 10. 90.
4038 10. 90.
4039 10. 90.
4040 10. 90.
4041 10. 90.
4042 10. 90.
4043 10. 90.
4044 10. 90.
4045 10. 90.
4046 10. 90.
4047 10. 90.
4048 10. 90.
4049 10. 90.
4050 10. 90.
4051 11. 89.
4052 11. 89.
4053 11. 89.
4054 11. 89.
4055 11. 89.
4056 11. 89.
4057 11. 89.
4058 11. 89.
4059 11. 89.
4060 11. 89.
4061 11. 89.
4062 11. 89.
4063 11. 89.
4064 11. 89.
4065 11. 89.
4066 11. 89.
4067 11. 89.
4068 11. 89.
4069 10. 90.
4070 10. 90.
4071 10. 90.
4072 10. 90.
4073 10. 90.
4074 10. 90.
4075 10. 90.
4076 10. 90.
4077 10. 90.
4078 10. 90.
4079 10. 90.
4080 11. 89.
4081 12. 88.
4082 12. 88.
4083 12. 88.
4084 12. 88.
4085 12. 88.
4086 12. 88.
4087 12. 88.
4088 12. 88.
4089 11. 89.
4090 11. 89.
4091 11. 89.
4092 11. 89.
4093 11. 89.
4094 10. 90.
4095 10. 90.
4096 10. 90.
4097 10. 90.
4098 10. 90.
4099 10. 90.
4100 10. 90.
4101 10. 90.
4102 10. 90.
4103 10. 90.
4104 10. 90.
4105 10. 90.
4106 10. 90.
4107 10. 90.
4108 10. 90.
4109 10. 90.
4110 10. 90.
4111 9. 91.
4112 9. 91.
4113 8. 92.
4114 8. 92.
4115 8. 92.
4116 8. 92.
4117 8. 92.
4118 8. 92.
4119 8. 92.
4120 8. 92.
4121 8. 92.
4122 8. 92.
4123 8. 92.
4124 8. 92.
4125 8. 92.
4126 8. 92.
4127 8. 92.
4128 8. 92.
4129 7. 93.
4130 7. 93.
4131 7. 93.
4132 7. 93.
4133 7. 93.
4134 7. 93.
4135 7. 93.
4136 7. 93.
4137 6. 94.
4138 6. 94.
4139 6. 94.
4140 6. 94.
4141 6. 94.
4142 6. 94.
4143 6. 94.
4144 6. 94.
4145 6. 94.
4146 6. 94.
4147 6. 94.
4148 6. 94.
4149 6. 94.
4150 6. 94.
4151 6. 94.
4152 6. 94.
4153 7. 93.
4154 7. 93.
4155 7. 93.
4156 6. 94.
4157 6. 94.
4158 6. 94.
4159 6. 94.
4160 6. 94.
4161 6. 94.
4162 6. 94.
4163 6. 94.
4164 6. 94.
4165 6. 94.
4166 6. 94.
4167 6. 94.
4168 6. 94.
4169 6. 94.
4170 6. 94.
4171 7. 93.
4172 7. 93.
4173 7. 93.
4174 6. 94.
4175 6. 94.
4176 6. 94.
4177 6. 94.
4178 6. 94.
4179 6. 94.
4180 6. 94.
4181 6. 94.
4182 6. 94.
4183 6. 94.
4184 6. 94.
4185 6. 94.
4186 6. 94.
4187 6. 94.
4188 6. 94.
4189 5. 95.
4190 5. 95.
4191 5. 95.
4192 5. 95.
4193 5. 95.
4194 5. 95.
4195 5. 95.
4196 5. 95.
4197 5. 95.
4198 5. 95.
4199 5. 95.
4200 5. 95.
4201 5. 95.
4202 5. 95.
4203 5. 95.
4204 5. 95.
4205 5. 95.
4206 5. 95.
4207 5. 95.
4208 5. 95.
4209 5. 95.
4210 5. 95.
4211 5. 95.
4212 5. 95.
4213 5. 95.
4214 5. 95.
4215 5. 95.
4216 6. 94.
4217 6. 94.
4218 6. 94.
4219 6. 94.
4220 6. 94.
4221 6. 94.
4222 5. 95.
4223 5. 95.
4224 5. 95.
4225 5. 95.
4226 5. 95.
4227 5. 95.
4228 5. 95.
4229 5. 95.
4230 5. 95.
4231 5. 95.
4232 5. 95.
4233 5. 95.
4234 5. 95.
4235 5. 95.
4236 5. 95.
4237 5. 95.
4238 5. 95.
4239 5. 95.
4240 5. 95.
4241 5. 95.
4242 5. 95.
4243 5. 95.
4244 5. 95.
4245 5. 95.
4246 5. 95.
4247 5. 95.
4248 5. 95.
4249 5. 95.
4250 5. 95.
4251 5. 95.
4252 5. 95.
4253 5. 95.
4254 5. 95.
4255 5. 95.
4256 5. 95.
4257 5. 95.
4258 5. 95.
4259 5. 95.
4260 5. 95.
4261 5. 95.
4262 5. 95.
4263 5. 95.
4264 5. 95.
4265 5. 95.
4266 5. 95.
4267 5. 95.
4268 5. 95.
4269 5. 95.
4270 5. 95.
4271 5. 95.
4272 5. 95.
4273 5. 95.
4274 5. 95.
4275 5. 95.
4276 5. 95.
4277 5. 95.
4278 5. 95.
4279 5. 95.
4280 5. 95.
4281 5. 95.
4282 5. 95.
4283 5. 95.
4284 5. 95.
4285 5. 95.
4286 5. 95.
4287 5. 95.
4288 5. 95.
4289 5. 95.
4290 5. 95.
4291 5. 95.
4292 5. 95.
4293 5. 95.
4294 5. 95.
4295 5. 95.
4296 5. 95.
4297 5. 95.
4298 5. 95.
4299 5. 95.
4300 5. 95.
4301 5. 95.
4302 5. 95.
4303 5. 95.
4304 5. 95.
4305 5. 95.
4306 5. 95.
4307 4. 96.
4308 4. 96.
4309 4. 96.
4310 4. 96.
4311 4. 96.
4312 4. 96.
4313 4. 96.
4314 4. 96.
4315 4. 96.
4316 4. 96.
4317 4. 96.
4318 4. 96.
4319 4. 96.
4320 4. 96.
4321 3. 97.
4322 3. 97.
4323 3. 97.
4324 3. 97.
4325 3. 97.
4326 3. 97.
4327 3. 97.
4328 3. 97.
4329 3. 97.
4330 3. 97.
4331 3. 97.
4332 3. 97.
4333 3. 97.
4334 3. 97.
4335 3. 97.
4336 3. 97.
4337 3. 97.
4338 3. 97.
4339 3. 97.
4340 3. 97.
4341 3. 97.
4342 3. 97.
4343 3. 97.
4344 3. 97.
4345 3. 97.
4346 3. 97.
4347 3. 97.
4348 3. 97.
4349 3. 97.
4350 3. 97.
4351 3. 97.
4352 3. 97.
4353 3. 97.
4354 3. 97.
4355 3. 97.
4356 3. 97.
4357 3. 97.
4358 3. 97.
4359 3. 97.
4360 3. 97.
4361 3. 97.
4362 3. 97.
4363 3. 97.
4364 3. 97.
4365 3. 97.
4366 3. 97.
4367 3. 97.
4368 3. 97.
4369 3. 97.
4370 3. 97.
4371 3. 97.
4372 3. 97.
4373 3. 97.
4374 3. 97.
4375 3. 97.
4376 3. 97.
4377 3. 97.
4378 3. 97.
4379 3. 97.
4380 3. 97.
4381 3. 97.
4382 3. 97.
4383 3. 97.
4384 3. 97.
4385 3. 97.
4386 3. 97.
4387 2. 98.
4388 2. 98.
4389 2. 98.
4390 2. 98.
4391 2. 98.
4392 2. 98.
4393 2. 98.
4394 2. 98.
4395 2. 98.
4396 1. 99.
4397 1. 99.
4398 1. 99.
4399 1. 99.
4400 1. 99.
4401 1. 99.
4402 1. 99.
4403 1. 99.
4404 1. 99.
4405 1. 99.
4406 1. 99.
4407 1. 99.
4408 1. 99.
4409 1. 99.
4410 1. 99.
4411 1. 99.
4412 1. 99.
