0 14. 86.
1 14. 86.
2 15. 85.
3 15. 85.
4 15. 85.
5 15. 85.
6 15. 85.
7 15. 85.
8 15. 85.
9 15. 85.
10 15. 85.
11 15. 85.
12 16. 84.
13 16. 84.
14 17. 83.
15 17. 83.
16 17. 83.
17 17. 83.
18 17. 83.
19 17. 83.
20 18. 82.
21 18. 82.
22 19. 81.
23 20. 80.
24 19. 81.
25 18. 82.
26 18. 82.
27 19. 81.
28 19. 81.
29 19. 81.
30 19. 81.
31 19. 81.
32 19. 81.
33 19. 81.
34 19. 81.
35 19. 81.
36 18. 82.
37 18. 82.
38 18. 82.
39 18. 82.
40 18. 82.
41 18. 82.
42 19. 81.
43 19. 81.
44 19. 81.
45 19. 81.
46 19. 81.
47 19. 81.
48 19. 81.
49 19. 81.
50 19. 81.
51 20. 80.
52 20. 80.
53 20. 80.
54 19. 81.
55 19. 81.
56 19. 81.
57 19. 81.
58 19. 81.
59 19. 81.
60 19. 81.
61 20. 80.
62 21. 79.
63 21. 79.
64 21. 79.
65 21. 79.
66 21. 79.
67 21. 79.
68 21. 79.
69 21. 79.
70 21. 79.
71 21. 79.
72 21. 79.
73 21. 79.
74 21. 79.
75 21. 79.
76 20. 80.
77 21. 79.
78 21. 79.
79 21. 79.
80 20. 80.
81 20. 80.
82 19. 81.
83 19. 81.
84 19. 81.
85 20. 80.
86 20. 80.
87 20. 80.
88 19. 81.
89 19. 81.
90 19. 81.
91 19. 81.
92 18. 82.
93 18. 82.
94 18. 82.
95 18. 82.
96 18. 82.
97 18. 82.
98 18. 82.
99 18. 82.
100 18. 82.
101 18. 82.
102 18. 82.
103 18. 82.
104 18. 82.
105 18. 82.
106 17. 83.
107 17. 83.
108 17. 83.
109 17. 83.
110 17. 83.
111 17. 83.
112 17. 83.
113 17. 83.
114 16. 84.
115 16. 84.
116 16. 84.
117 16. 84.
118 16. 84.
119 16. 84.
120 16. 84.
121 16. 84.
122 15. 85.
123 14. 86.
124 14. 86.
125 14. 86.
126 14. 86.
127 14. 86.
128 14. 86.
129 15. 85.
130 15. 85.
131 16. 84.
132 16. 84.
133 16. 84.
134 17. 83.
135 16. 84.
136 16. 84.
137 16. 84.
138 16. 84.
139 16. 84.
140 16. 84.
141 16. 84.
142 16. 84.
143 16. 84.
144 16. 84.
145 16. 84.
146 16. 84.
147 16. 84.
148 16. 84.
149 16. 84.
150 16. 84.
151 16. 84.
152 16. 84.
153 16. 84.
154 17. 83.
155 17. 83.
156 17. 83.
157 17. 83.
158 17. 83.
159 17. 83.
160 17. 83.
161 17. 83.
162 18. 82.
163 18. 82.
164 18. 82.
165 18. 82.
166 18. 82.
167 18. 82.
168 18. 82.
169 17. 83.
170 17. 83.
171 17. 83.
172 17. 83.
173 17. 83.
174 17. 83.
175 17. 83.
176 17. 83.
177 18. 82.
178 18. 82.
179 18. 82.
180 19. 81.
181 19. 81.
182 19. 81.
183 19. 81.
184 20. 80.
185 20. 80.
186 19. 81.
187 19. 81.
188 19. 81.
189 19. 81.
190 19. 81.
191 19. 81.
192 19. 81.
193 19. 81.
194 19. 81.
195 19. 81.
196 18. 82.
197 18. 82.
198 18. 82.
199 18. 82.
200 18. 82.
201 18. 82.
202 17. 83.
203 17. 83.
204 17. 83.
205 17. 83.
206 17. 83.
207 16. 84.
208 16. 84.
209 16. 84.
210 16. 84.
211 16. 84.
212 16. 84.
213 16. 84.
214 16. 84.
215 16. 84.
216 16. 84.
217 16. 84.
218 16. 84.
219 16. 84.
220 16. 84.
221 16. 84.
222 16. 84.
223 16. 84.
224 16. 84.
225 16. 84.
226 16. 84.
227 15. 85.
228 15. 85.
229 15. 85.
230 15. 85.
231 15. 85.
232 15. 85.
233 15. 85.
234 15. 85.
235 16. 84.
236 16. 84.
237 16. 84.
238 16. 84.
239 16. 84.
240 16. 84.
241 16. 84.
242 16. 84.
243 16. 84.
244 16. 84.
245 16. 84.
246 15. 85.
247 15. 85.
248 15. 85.
249 15. 85.
250 15. 85.
251 15. 85.
252 15. 85.
253 15. 85.
254 15. 85.
255 15. 85.
256 14. 86.
257 13. 87.
258 13. 87.
259 12. 88.
260 12. 88.
261 12. 88.
262 12. 88.
263 12. 88.
264 12. 88.
265 12. 88.
266 13. 87.
267 13. 87.
268 13. 87.
269 12. 88.
270 12. 88.
271 11. 89.
272 11. 89.
273 11. 89.
274 11. 89.
275 11. 89.
276 11. 89.
277 11. 89.
278 11. 89.
279 11. 89.
280 11. 89.
281 11. 89.
282 11. 89.
283 11. 89.
284 11. 89.
285 10. 90.
286 10. 90.
287 10. 90.
288 10. 90.
289 11. 89.
290 11. 89.
291 11. 89.
292 11. 89.
293 11. 89.
294 11. 89.
295 11. 89.
296 11. 89.
297 11. 89.
298 11. 89.
299 12. 88.
300 12. 88.
301 12. 88.
302 12. 88.
303 11. 89.
304 11. 89.
305 11. 89.
306 12. 88.
307 12. 88.
308 12. 88.
309 11. 89.
310 12. 88.
311 11. 89.
312 12. 88.
313 12. 88.
314 12. 88.
315 12. 88.
316 12. 88.
317 12. 88.
318 12. 88.
319 11. 89.
320 12. 88.
321 12. 88.
322 12. 88.
323 12. 88.
324 12. 88.
325 12. 88.
326 12. 88.
327 12. 88.
328 12. 88.
329 12. 88.
330 11. 89.
331 12. 88.
332 12. 88.
333 12. 88.
334 12. 88.
335 12. 88.
336 12. 88.
337 12. 88.
338 12. 88.
339 12. 88.
340 11. 89.
341 11. 89.
342 11. 89.
343 11. 89.
344 11. 89.
345 11. 89.
346 11. 89.
347 11. 89.
348 10. 90.
349 10. 90.
350 11. 89.
351 12. 88.
352 12. 88.
353 12. 88.
354 12. 88.
355 12. 88.
356 12. 88.
357 12. 88.
358 12. 88.
359 12. 88.
360 12. 88.
361 12. 88.
362 12. 88.
363 12. 88.
364 11. 89.
365 11. 89.
366 11. 89.
367 10. 90.
368 10. 90.
369 10. 90.
370 10. 90.
371 10. 90.
372 10. 90.
373 10. 90.
374 10. 90.
375 10. 90.
376 10. 90.
377 10. 90.
378 10. 90.
379 11. 89.
380 11. 89.
381 11. 89.
382 11. 89.
383 11. 89.
384 11. 89.
385 11. 89.
386 11. 89.
387 11. 89.
388 11. 89.
389 11. 89.
390 12. 88.
391 12. 88.
392 12. 88.
393 12. 88.
394 12. 88.
395 12. 88.
396 12. 88.
397 12. 88.
398 12. 88.
399 12. 88.
400 12. 88.
401 13. 87.
402 13. 87.
403 13. 87.
404 13. 87.
405 13. 87.
406 12. 88.
407 12. 88.
408 12. 88.
409 12. 88.
410 12. 88.
411 12. 88.
412 12. 88.
413 12. 88.
414 12. 88.
415 12. 88.
416 12. 88.
417 12. 88.
418 13. 87.
419 13. 87.
420 13. 87.
421 13. 87.
422 13. 87.
423 13. 87.
424 13. 87.
425 13. 87.
426 13. 87.
427 13. 87.
428 12. 88.
429 12. 88.
430 12. 88.
431 12. 88.
432 12. 88.
433 12. 88.
434 12. 88.
435 12. 88.
436 12. 88.
437 12. 88.
438 12. 88.
439 12. 88.
440 12. 88.
441 12. 88.
442 12. 88.
443 12. 88.
444 12. 88.
445 12. 88.
446 13. 87.
447 12. 88.
448 12. 88.
449 12. 88.
450 12. 88.
451 12. 88.
452 12. 88.
453 12. 88.
454 12. 88.
455 13. 87.
456 13. 87.
457 13. 87.
458 13. 87.
459 13. 87.
460 13. 87.
461 12. 88.
462 12. 88.
463 12. 88.
464 11. 89.
465 11. 89.
466 11. 89.
467 11. 89.
468 11. 89.
469 11. 89.
470 11. 89.
471 11. 89.
472 11. 89.
473 11. 89.
474 11. 89.
475 10. 90.
476 10. 90.
477 10. 90.
478 9. 91.
479 9. 91.
480 9. 91.
481 9. 91.
482 9. 91.
483 9. 91.
484 9. 91.
485 9. 91.
486 9. 91.
487 9. 91.
488 9. 91.
489 9. 91.
490 9. 91.
491 9. 91.
492 9. 91.
493 9. 91.
494 8. 92.
495 8. 92.
496 8. 92.
497 8. 92.
498 8. 92.
499 8. 92.
500 8. 92.
501 8. 92.
502 8. 92.
503 8. 92.
504 9. 91.
505 9. 91.
506 10. 90.
507 10. 90.
508 10. 90.
509 9. 91.
510 9. 91.
511 10. 90.
512 10. 90.
513 10. 90.
514 10. 90.
515 10. 90.
516 10. 90.
517 10. 90.
518 11. 89.
519 11. 89.
520 11. 89.
521 11. 89.
522 11. 89.
523 11. 89.
524 11. 89.
525 11. 89.
526 11. 89.
527 11. 89.
528 11. 89.
529 11. 89.
530 11. 89.
531 11. 89.
532 11. 89.
533 11. 89.
534 11. 89.
535 11. 89.
536 11. 89.
537 12. 88.
538 12. 88.
539 12. 88.
540 12. 88.
541 12. 88.
542 13. 87.
543 13. 87.
544 13. 87.
545 13. 87.
546 13. 87.
547 13. 87.
548 13. 87.
549 13. 87.
550 13. 87.
551 13. 87.
552 13. 87.
553 13. 87.
554 13. 87.
555 13. 87.
556 13. 87.
557 13. 87.
558 13. 87.
559 13. 87.
560 13. 87.
561 13. 87.
562 13. 87.
563 12. 88.
564 12. 88.
565 13. 87.
566 13. 87.
567 13. 87.
568 13. 87.
569 13. 87.
570 13. 87.
571 13. 87.
572 13. 87.
573 14. 86.
574 14. 86.
575 14. 86.
576 14. 86.
577 14. 86.
578 14. 86.
579 14. 86.
580 14. 86.
581 14. 86.
582 14. 86.
583 14. 86.
584 14. 86.
585 14. 86.
586 14. 86.
587 14. 86.
588 14. 86.
589 14. 86.
590 15. 85.
591 15. 85.
592 15. 85.
593 15. 85.
594 15. 85.
595 15. 85.
596 14. 86.
597 14. 86.
598 14. 86.
599 13. 87.
600 13. 87.
601 13. 87.
602 13. 87.
603 13. 87.
604 13. 87.
605 13. 87.
606 13. 87.
607 13. 87.
608 13. 87.
609 13. 87.
610 12. 88.
611 12. 88.
612 12. 88.
613 12. 88.
614 12. 88.
615 12. 88.
616 12. 88.
617 12. 88.
618 12. 88.
619 12. 88.
620 12. 88.
621 12. 88.
622 12. 88.
623 12. 88.
624 12. 88.
625 12. 88.
626 12. 88.
627 12. 88.
628 12. 88.
629 12. 88.
630 12. 88.
631 12. 88.
632 12. 88.
633 12. 88.
634 12. 88.
635 12. 88.
636 12. 88.
637 12. 88.
638 12. 88.
639 12. 88.
640 12. 88.
641 12. 88.
642 12. 88.
643 12. 88.
644 12. 88.
645 12. 88.
646 12. 88.
647 12. 88.
648 12. 88.
649 12. 88.
650 12. 88.
651 12. 88.
652 12. 88.
653 11. 89.
654 10. 90.
655 10. 90.
656 11. 89.
657 11. 89.
658 11. 89.
659 11. 89.
660 11. 89.
661 11. 89.
662 11. 89.
663 11. 89.
664 11. 89.
665 11. 89.
666 11. 89.
667 11. 89.
668 11. 89.
669 11. 89.
670 11. 89.
671 10. 90.
672 9. 91.
673 9. 91.
674 9. 91.
675 9. 91.
676 9. 91.
677 9. 91.
678 9. 91.
679 9. 91.
680 9. 91.
681 9. 91.
682 9. 91.
683 9. 91.
684 10. 90.
685 11. 89.
686 11. 89.
687 11. 89.
688 11. 89.
689 11. 89.
690 11. 89.
691 11. 89.
692 11. 89.
693 11. 89.
694 11. 89.
695 12. 88.
696 12. 88.
697 11. 89.
698 11. 89.
699 11. 89.
700 11. 89.
701 11. 89.
702 11. 89.
703 11. 89.
704 11. 89.
705 10. 90.
706 10. 90.
707 10. 90.
708 10. 90.
709 10. 90.
710 10. 90.
711 10. 90.
712 10. 90.
713 10. 90.
714 10. 90.
715 10. 90.
716 10. 90.
717 10. 90.
718 10. 90.
719 10. 90.
720 10. 90.
721 10. 90.
722 10. 90.
723 9. 91.
724 9. 91.
725 9. 91.
726 9. 91.
727 9. 91.
728 9. 91.
729 9. 91.
730 9. 91.
731 9. 91.
732 10. 90.
733 10. 90.
734 10. 90.
735 10. 90.
736 10. 90.
737 10. 90.
738 9. 91.
739 9. 91.
740 9. 91.
741 9. 91.
742 8. 92.
743 8. 92.
744 8. 92.
745 8. 92.
746 7. 93.
747 7. 93.
748 7. 93.
749 7. 93.
750 7. 93.
751 7. 93.
752 7. 93.
753 7. 93.
754 7. 93.
755 7. 93.
756 7. 93.
757 7. 93.
758 7. 93.
759 7. 93.
760 7. 93.
761 7. 93.
762 7. 93.
763 7. 93.
764 7. 93.
765 7. 93.
766 7. 93.
767 7. 93.
768 7. 93.
769 7. 93.
770 8. 92.
771 8. 92.
772 8. 92.
773 8. 92.
774 8. 92.
775 8. 92.
776 8. 92.
777 8. 92.
778 8. 92.
779 8. 92.
780 8. 92.
781 8. 92.
782 8. 92.
783 8. 92.
784 8. 92.
785 8. 92.
786 8. 92.
787 8. 92.
788 8. 92.
789 8. 92.
790 8. 92.
791 9. 91.
792 9. 91.
793 9. 91.
794 9. 91.
795 9. 91.
796 9. 91.
797 9. 91.
798 9. 91.
799 9. 91.
800 9. 91.
801 9. 91.
802 8. 92.
803 8. 92.
804 8. 92.
805 8. 92.
806 8. 92.
807 8. 92.
808 8. 92.
809 8. 92.
810 8. 92.
811 8. 92.
812 8. 92.
813 8. 92.
814 8. 92.
815 8. 92.
816 8. 92.
817 8. 92.
818 8. 92.
819 9. 91.
820 9. 91.
821 9. 91.
822 9. 91.
823 9. 91.
824 9. 91.
825 9. 91.
826 9. 91.
827 9. 91.
828 10. 90.
829 10. 90.
830 10. 90.
831 10. 90.
832 10. 90.
833 10. 90.
834 10. 90.
835 10. 90.
836 10. 90.
837 10. 90.
838 10. 90.
839 10. 90.
840 10. 90.
841 10. 90.
842 10. 90.
843 10. 90.
844 9. 91.
845 9. 91.
846 9. 91.
847 9. 91.
848 9. 91.
849 9. 91.
850 9. 91.
851 9. 91.
852 9. 91.
853 9. 91.
854 9. 91.
855 9. 91.
856 9. 91.
857 9. 91.
858 9. 91.
859 9. 91.
860 9. 91.
861 9. 91.
862 9. 91.
863 9. 91.
864 9. 91.
865 9. 91.
866 9. 91.
867 9. 91.
868 9. 91.
869 9. 91.
870 9. 91.
871 9. 91.
872 9. 91.
873 9. 91.
874 9. 91.
875 9. 91.
876 9. 91.
877 9. 91.
878 9. 91.
879 9. 91.
880 9. 91.
881 9. 91.
882 9. 91.
883 9. 91.
884 9. 91.
885 9. 91.
886 9. 91.
887 9. 91.
888 9. 91.
889 9. 91.
890 9. 91.
891 10. 90.
892 10. 90.
893 10. 90.
894 10. 90.
895 10. 90.
896 10. 90.
897 10. 90.
898 10. 90.
899 10. 90.
900 10. 90.
901 10. 90.
902 10. 90.
903 10. 90.
904 10. 90.
905 10. 90.
906 10. 90.
907 10. 90.
908 10. 90.
909 10. 90.
910 10. 90.
911 10. 90.
912 10. 90.
913 10. 90.
914 10. 90.
915 9. 91.
916 9. 91.
917 9. 91.
918 9. 91.
919 9. 91.
920 9. 91.
921 9. 91.
922 9. 91.
923 9. 91.
924 9. 91.
925 9. 91.
926 9. 91.
927 9. 91.
928 8. 92.
929 8. 92.
930 8. 92.
931 8. 92.
932 9. 91.
933 9. 91.
934 9. 91.
935 9. 91.
936 9. 91.
937 9. 91.
938 10. 90.
939 10. 90.
940 10. 90.
941 11. 89.
942 11. 89.
943 10. 90.
944 10. 90.
945 10. 90.
946 10. 90.
947 10. 90.
948 10. 90.
949 10. 90.
950 10. 90.
951 10. 90.
952 10. 90.
953 10. 90.
954 11. 89.
955 11. 89.
956 12. 88.
957 12. 88.
958 12. 88.
959 12. 88.
960 12. 88.
961 12. 88.
962 12. 88.
963 12. 88.
964 12. 88.
965 12. 88.
966 12. 88.
967 12. 88.
968 12. 88.
969 12. 88.
970 12. 88.
971 12. 88.
972 12. 88.
973 12. 88.
974 12. 88.
975 12. 88.
976 12. 88.
977 12. 88.
978 12. 88.
979 12. 88.
980 12. 88.
981 12. 88.
982 12. 88.
983 12. 88.
984 12. 88.
985 12. 88.
986 12. 88.
987 12. 88.
988 12. 88.
989 12. 88.
990 12. 88.
991 12. 88.
992 12. 88.
993 12. 88.
994 12. 88.
995 12. 88.
996 12. 88.
997 12. 88.
998 12. 88.
999 12. 88.
1000 12. 88.
1001 12. 88.
1002 12. 88.
1003 12. 88.
1004 12. 88.
1005 12. 88.
1006 12. 88.
1007 12. 88.
1008 12. 88.
1009 12. 88.
1010 12. 88.
1011 12. 88.
1012 12. 88.
1013 12. 88.
1014 12. 88.
1015 12. 88.
1016 12. 88.
1017 12. 88.
1018 12. 88.
1019 12. 88.
1020 12. 88.
1021 12. 88.
1022 12. 88.
1023 12. 88.
1024 12. 88.
1025 12. 88.
1026 11. 89.
1027 11. 89.
1028 11. 89.
1029 11. 89.
1030 11. 89.
1031 11. 89.
1032 11. 89.
1033 11. 89.
1034 11. 89.
1035 11. 89.
1036 11. 89.
1037 12. 88.
1038 12. 88.
1039 12. 88.
1040 12. 88.
1041 12. 88.
1042 12. 88.
1043 12. 88.
1044 12. 88.
1045 12. 88.
1046 12. 88.
1047 13. 87.
1048 13. 87.
1049 13. 87.
1050 12. 88.
1051 12. 88.
1052 12. 88.
1053 12. 88.
1054 12. 88.
1055 12. 88.
1056 12. 88.
1057 12. 88.
1058 12. 88.
1059 12. 88.
1060 12. 88.
1061 11. 89.
1062 11. 89.
1063 11. 89.
1064 11. 89.
1065 11. 89.
1066 11. 89.
1067 11. 89.
1068 11. 89.
1069 12. 88.
1070 12. 88.
1071 12. 88.
1072 12. 88.
1073 12. 88.
1074 12. 88.
1075 12. 88.
1076 11. 89.
1077 11. 89.
1078 11. 89.
1079 11. 89.
1080 11. 89.
1081 11. 89.
1082 11. 89.
1083 11. 89.
1084 11. 89.
1085 11. 89.
1086 11. 89.
1087 11. 89.
1088 11. 89.
1089 11. 89.
1090 11. 89.
1091 11. 89.
1092 11. 89.
1093 11. 89.
1094 10. 90.
1095 10. 90.
1096 10. 90.
1097 10. 90.
1098 10. 90.
1099 10. 90.
1100 10. 90.
1101 10. 90.
1102 10. 90.
1103 10. 90.
1104 10. 90.
1105 10. 90.
1106 9. 91.
1107 9. 91.
1108 9. 91.
1109 9. 91.
1110 9. 91.
1111 9. 91.
1112 9. 91.
1113 9. 91.
1114 9. 91.
1115 9. 91.
1116 9. 91.
1117 9. 91.
1118 9. 91.
1119 9. 91.
1120 9. 91.
1121 9. 91.
1122 9. 91.
1123 9. 91.
1124 9. 91.
1125 9. 91.
1126 9. 91.
1127 9. 91.
1128 9. 91.
1129 9. 91.
1130 9. 91.
1131 9. 91.
1132 9. 91.
1133 9. 91.
1134 9. 91.
1135 10. 90.
1136 10. 90.
1137 10. 90.
1138 10. 90.
1139 10. 90.
1140 10. 90.
1141 10. 90.
1142 10. 90.
1143 10. 90.
1144 10. 90.
1145 10. 90.
1146 10. 90.
1147 10. 90.
1148 10. 90.
1149 10. 90.
1150 10. 90.
1151 10. 90.
1152 10. 90.
1153 10. 90.
1154 10. 90.
1155 10. 90.
1156 10. 90.
1157 10. 90.
1158 10. 90.
1159 10. 90.
1160 11. 89.
1161 11. 89.
1162 11. 89.
1163 11. 89.
1164 11. 89.
1165 11. 89.
1166 11. 89.
1167 11. 89.
1168 11. 89.
1169 11. 89.
1170 11. 89.
1171 11. 89.
1172 11. 89.
1173 11. 89.
1174 11. 89.
1175 12. 88.
1176 12. 88.
1177 13. 87.
1178 13. 87.
1179 12. 88.
1180 12. 88.
1181 12. 88.
1182 12. 88.
1183 12. 88.
1184 12. 88.
1185 12. 88.
1186 12. 88.
1187 12. 88.
1188 12. 88.
1189 12. 88.
1190 12. 88.
1191 12. 88.
1192 12. 88.
1193 12. 88.
1194 13. 87.
1195 13. 87.
1196 13. 87.
1197 13. 87.
1198 13. 87.
1199 13. 87.
1200 13. 87.
1201 13. 87.
1202 13. 87.
1203 12. 88.
1204 12. 88.
1205 12. 88.
1206 12. 88.
1207 12. 88.
1208 12. 88.
1209 12. 88.
1210 12. 88.
1211 12. 88.
1212 12. 88.
1213 12. 88.
1214 12. 88.
1215 12. 88.
1216 12. 88.
1217 12. 88.
1218 12. 88.
1219 12. 88.
1220 12. 88.
1221 12. 88.
1222 12. 88.
1223 12. 88.
1224 12. 88.
1225 12. 88.
1226 13. 87.
1227 13. 87.
1228 13. 87.
1229 13. 87.
1230 13. 87.
1231 13. 87.
1232 13. 87.
1233 13. 87.
1234 13. 87.
1235 12. 88.
1236 12. 88.
1237 12. 88.
1238 12. 88.
1239 12. 88.
1240 12. 88.
1241 12. 88.
1242 12. 88.
1243 11. 89.
1244 11. 89.
1245 11. 89.
1246 11. 89.
1247 11. 89.
1248 11. 89.
1249 11. 89.
1250 11. 89.
1251 11. 89.
1252 11. 89.
1253 11. 89.
1254 11. 89.
1255 11. 89.
1256 11. 89.
1257 11. 89.
1258 12. 88.
1259 12. 88.
1260 12. 88.
1261 12. 88.
1262 12. 88.
1263 12. 88.
1264 12. 88.
1265 12. 88.
1266 12. 88.
1267 12. 88.
1268 12. 88.
1269 12. 88.
1270 12. 88.
1271 12. 88.
1272 13. 87.
1273 12. 88.
1274 12. 88.
1275 13. 87.
1276 13. 87.
1277 13. 87.
1278 13. 87.
1279 13. 87.
1280 13. 87.
1281 13. 87.
1282 13. 87.
1283 13. 87.
1284 13. 87.
1285 13. 87.
1286 14. 86.
1287 13. 87.
1288 13. 87.
1289 13. 87.
1290 13. 87.
1291 13. 87.
1292 13. 87.
1293 13. 87.
1294 13. 87.
1295 13. 87.
1296 13. 87.
1297 13. 87.
1298 12. 88.
1299 12. 88.
1300 12. 88.
1301 12. 88.
1302 12. 88.
1303 12. 88.
1304 12. 88.
1305 12. 88.
1306 12. 88.
1307 12. 88.
1308 12. 88.
1309 11. 89.
1310 11. 89.
1311 11. 89.
1312 11. 89.
1313 11. 89.
1314 11. 89.
1315 11. 89.
1316 11. 89.
1317 11. 89.
1318 11. 89.
1319 11. 89.
1320 11. 89.
1321 11. 89.
1322 11. 89.
1323 11. 89.
1324 11. 89.
1325 11. 89.
1326 11. 89.
1327 11. 89.
1328 11. 89.
1329 11. 89.
1330 11. 89.
1331 11. 89.
1332 11. 89.
1333 10. 90.
1334 11. 89.
1335 11. 89.
1336 11. 89.
1337 11. 89.
1338 11. 89.
1339 11. 89.
1340 11. 89.
1341 11. 89.
1342 11. 89.
1343 11. 89.
1344 11. 89.
1345 11. 89.
1346 11. 89.
1347 11. 89.
1348 12. 88.
1349 12. 88.
1350 12. 88.
1351 12. 88.
1352 12. 88.
1353 12. 88.
1354 12. 88.
1355 12. 88.
1356 12. 88.
1357 13. 87.
1358 13. 87.
1359 13. 87.
1360 13. 87.
1361 13. 87.
1362 13. 87.
1363 13. 87.
1364 14. 86.
1365 13. 87.
1366 13. 87.
1367 13. 87.
1368 13. 87.
1369 13. 87.
1370 13. 87.
1371 13. 87.
1372 13. 87.
1373 13. 87.
1374 13. 87.
1375 13. 87.
1376 13. 87.
1377 13. 87.
1378 13. 87.
1379 13. 87.
1380 13. 87.
1381 13. 87.
1382 13. 87.
1383 13. 87.
1384 13. 87.
1385 13. 87.
1386 13. 87.
1387 13. 87.
1388 13. 87.
1389 13. 87.
1390 13. 87.
1391 13. 87.
1392 13. 87.
1393 13. 87.
1394 13. 87.
1395 13. 87.
1396 12. 88.
1397 12. 88.
1398 12. 88.
1399 12. 88.
1400 11. 89.
1401 11. 89.
1402 11. 89.
1403 11. 89.
1404 11. 89.
1405 11. 89.
1406 11. 89.
1407 11. 89.
1408 11. 89.
1409 11. 89.
1410 11. 89.
1411 12. 88.
1412 12. 88.
1413 12. 88.
1414 12. 88.
1415 12. 88.
1416 12. 88.
1417 12. 88.
1418 12. 88.
1419 12. 88.
1420 12. 88.
1421 12. 88.
1422 12. 88.
1423 12. 88.
1424 12. 88.
1425 12. 88.
1426 12. 88.
1427 12. 88.
1428 12. 88.
1429 12. 88.
1430 12. 88.
1431 12. 88.
1432 12. 88.
1433 12. 88.
1434 12. 88.
1435 12. 88.
1436 12. 88.
1437 12. 88.
1438 12. 88.
1439 12. 88.
1440 12. 88.
1441 12. 88.
1442 12. 88.
1443 12. 88.
1444 12. 88.
1445 12. 88.
1446 12. 88.
1447 12. 88.
1448 12. 88.
1449 12. 88.
1450 12. 88.
1451 12. 88.
1452 12. 88.
1453 12. 88.
1454 12. 88.
1455 12. 88.
1456 12. 88.
1457 12. 88.
1458 12. 88.
1459 12. 88.
1460 12. 88.
1461 12. 88.
1462 12. 88.
1463 12. 88.
1464 11. 89.
1465 11. 89.
1466 11. 89.
1467 12. 88.
1468 12. 88.
1469 12. 88.
1470 12. 88.
1471 12. 88.
1472 12. 88.
1473 12. 88.
1474 12. 88.
1475 13. 87.
1476 13. 87.
1477 13. 87.
1478 13. 87.
1479 13. 87.
1480 13. 87.
1481 13. 87.
1482 13. 87.
1483 13. 87.
1484 13. 87.
1485 13. 87.
1486 13. 87.
1487 13. 87.
1488 14. 86.
1489 14. 86.
1490 14. 86.
1491 13. 87.
1492 13. 87.
1493 13. 87.
1494 13. 87.
1495 14. 86.
1496 14. 86.
1497 14. 86.
1498 14. 86.
1499 14. 86.
1500 14. 86.
1501 13. 87.
1502 13. 87.
1503 13. 87.
1504 13. 87.
1505 13. 87.
1506 13. 87.
1507 13. 87.
1508 13. 87.
1509 13. 87.
1510 13. 87.
1511 13. 87.
1512 13. 87.
1513 13. 87.
1514 13. 87.
1515 13. 87.
1516 13. 87.
1517 13. 87.
1518 13. 87.
1519 13. 87.
1520 13. 87.
1521 13. 87.
1522 13. 87.
1523 13. 87.
1524 12. 88.
1525 11. 89.
1526 11. 89.
1527 11. 89.
1528 12. 88.
1529 12. 88.
1530 12. 88.
1531 12. 88.
1532 12. 88.
1533 12. 88.
1534 12. 88.
1535 12. 88.
1536 12. 88.
1537 12. 88.
1538 12. 88.
1539 12. 88.
1540 12. 88.
1541 12. 88.
1542 12. 88.
1543 12. 88.
1544 12. 88.
1545 12. 88.
1546 12. 88.
1547 12. 88.
1548 13. 87.
1549 13. 87.
1550 13. 87.
1551 13. 87.
1552 13. 87.
1553 13. 87.
1554 13. 87.
1555 13. 87.
1556 13. 87.
1557 12. 88.
1558 12. 88.
1559 12. 88.
1560 12. 88.
1561 12. 88.
1562 12. 88.
1563 12. 88.
1564 12. 88.
1565 12. 88.
1566 13. 87.
1567 13. 87.
1568 13. 87.
1569 13. 87.
1570 13. 87.
1571 13. 87.
1572 13. 87.
1573 12. 88.
1574 12. 88.
1575 12. 88.
1576 12. 88.
1577 12. 88.
1578 12. 88.
1579 12. 88.
1580 12. 88.
1581 12. 88.
1582 12. 88.
1583 12. 88.
1584 11. 89.
1585 11. 89.
1586 11. 89.
1587 11. 89.
1588 11. 89.
1589 11. 89.
1590 11. 89.
1591 11. 89.
1592 11. 89.
1593 11. 89.
1594 11. 89.
1595 11. 89.
1596 12. 88.
1597 12. 88.
1598 12. 88.
1599 11. 89.
1600 11. 89.
1601 11. 89.
1602 11. 89.
1603 11. 89.
1604 11. 89.
1605 11. 89.
1606 11. 89.
1607 11. 89.
1608 11. 89.
1609 11. 89.
1610 11. 89.
1611 11. 89.
1612 10. 90.
1613 10. 90.
1614 10. 90.
1615 10. 90.
1616 10. 90.
1617 10. 90.
1618 10. 90.
1619 10. 90.
1620 10. 90.
1621 10. 90.
1622 10. 90.
1623 10. 90.
1624 10. 90.
1625 10. 90.
1626 10. 90.
1627 10. 90.
1628 10. 90.
1629 10. 90.
1630 10. 90.
1631 10. 90.
1632 10. 90.
1633 10. 90.
1634 10. 90.
1635 10. 90.
1636 10. 90.
1637 10. 90.
1638 10. 90.
1639 10. 90.
1640 10. 90.
1641 10. 90.
1642 11. 89.
1643 11. 89.
1644 11. 89.
1645 11. 89.
1646 11. 89.
1647 11. 89.
1648 11. 89.
1649 11. 89.
1650 11. 89.
1651 10. 90.
1652 10. 90.
1653 10. 90.
1654 10. 90.
1655 10. 90.
1656 10. 90.
1657 10. 90.
1658 10. 90.
1659 10. 90.
1660 10. 90.
1661 10. 90.
1662 10. 90.
1663 10. 90.
1664 10. 90.
1665 10. 90.
1666 9. 91.
1667 9. 91.
1668 9. 91.
1669 9. 91.
1670 9. 91.
1671 9. 91.
1672 9. 91.
1673 9. 91.
1674 9. 91.
1675 9. 91.
1676 9. 91.
1677 8. 92.
1678 8. 92.
1679 8. 92.
1680 9. 91.
1681 9. 91.
1682 9. 91.
1683 9. 91.
1684 9. 91.
1685 9. 91.
1686 9. 91.
1687 9. 91.
1688 9. 91.
1689 9. 91.
1690 9. 91.
1691 9. 91.
1692 9. 91.
1693 9. 91.
1694 9. 91.
1695 9. 91.
1696 9. 91.
1697 9. 91.
1698 9. 91.
1699 9. 91.
1700 9. 91.
1701 9. 91.
1702 9. 91.
1703 9. 91.
1704 9. 91.
1705 9. 91.
1706 9. 91.
1707 9. 91.
1708 9. 91.
1709 9. 91.
1710 9. 91.
1711 9. 91.
1712 9. 91.
1713 10. 90.
1714 10. 90.
1715 10. 90.
1716 10. 90.
1717 10. 90.
1718 10. 90.
1719 10. 90.
1720 10. 90.
1721 10. 90.
1722 10. 90.
1723 10. 90.
1724 10. 90.
1725 10. 90.
1726 10. 90.
1727 10. 90.
1728 10. 90.
1729 10. 90.
1730 10. 90.
1731 10. 90.
1732 10. 90.
1733 10. 90.
1734 10. 90.
1735 10. 90.
1736 10. 90.
1737 10. 90.
1738 10. 90.
1739 10. 90.
1740 10. 90.
1741 10. 90.
1742 10. 90.
1743 10. 90.
1744 10. 90.
1745 10. 90.
1746 10. 90.
1747 10. 90.
1748 10. 90.
1749 10. 90.
1750 10. 90.
1751 10. 90.
1752 10. 90.
1753 10. 90.
1754 10. 90.
1755 10. 90.
1756 10. 90.
1757 10. 90.
1758 10. 90.
1759 10. 90.
1760 10. 90.
1761 10. 90.
1762 10. 90.
1763 10. 90.
1764 10. 90.
1765 10. 90.
1766 10. 90.
1767 9. 91.
1768 9. 91.
1769 10. 90.
1770 10. 90.
1771 10. 90.
1772 10. 90.
1773 10. 90.
1774 10. 90.
1775 10. 90.
1776 10. 90.
1777 10. 90.
1778 11. 89.
1779 11. 89.
1780 11. 89.
1781 10. 90.
1782 10. 90.
1783 10. 90.
1784 10. 90.
1785 10. 90.
1786 10. 90.
1787 10. 90.
1788 10. 90.
1789 10. 90.
1790 10. 90.
1791 10. 90.
1792 10. 90.
1793 10. 90.
1794 11. 89.
1795 11. 89.
1796 11. 89.
1797 11. 89.
1798 11. 89.
1799 11. 89.
1800 11. 89.
1801 11. 89.
1802 11. 89.
1803 11. 89.
1804 11. 89.
1805 11. 89.
1806 11. 89.
1807 11. 89.
1808 11. 89.
1809 11. 89.
1810 11. 89.
1811 11. 89.
1812 11. 89.
1813 11. 89.
1814 11. 89.
1815 11. 89.
1816 11. 89.
1817 11. 89.
1818 11. 89.
1819 11. 89.
1820 11. 89.
1821 11. 89.
1822 12. 88.
1823 12. 88.
1824 12. 88.
1825 12. 88.
1826 12. 88.
1827 12. 88.
1828 12. 88.
1829 12. 88.
1830 12. 88.
1831 12. 88.
1832 12. 88.
1833 12. 88.
1834 12. 88.
1835 12. 88.
1836 12. 88.
1837 12. 88.
1838 12. 88.
1839 12. 88.
1840 12. 88.
1841 12. 88.
1842 12. 88.
1843 12. 88.
1844 12. 88.
1845 12. 88.
1846 12. 88.
1847 12. 88.
1848 12. 88.
1849 11. 89.
1850 11. 89.
1851 11. 89.
1852 10. 90.
1853 10. 90.
1854 10. 90.
1855 10. 90.
1856 10. 90.
1857 10. 90.
1858 10. 90.
1859 10. 90.
1860 10. 90.
1861 10. 90.
1862 10. 90.
1863 10. 90.
1864 10. 90.
1865 10. 90.
1866 10. 90.
1867 10. 90.
1868 10. 90.
1869 10. 90.
1870 10. 90.
1871 10. 90.
1872 10. 90.
1873 11. 89.
1874 10. 90.
1875 10. 90.
1876 10. 90.
1877 10. 90.
1878 10. 90.
1879 10. 90.
1880 10. 90.
1881 10. 90.
1882 10. 90.
1883 10. 90.
1884 10. 90.
1885 10. 90.
1886 10. 90.
1887 10. 90.
1888 10. 90.
1889 10. 90.
1890 10. 90.
1891 10. 90.
1892 10. 90.
1893 10. 90.
1894 10. 90.
1895 10. 90.
1896 10. 90.
1897 10. 90.
1898 10. 90.
1899 10. 90.
1900 10. 90.
1901 10. 90.
1902 9. 91.
1903 9. 91.
1904 9. 91.
1905 9. 91.
1906 9. 91.
1907 9. 91.
1908 9. 91.
1909 9. 91.
1910 9. 91.
1911 9. 91.
1912 9. 91.
1913 9. 91.
1914 9. 91.
1915 9. 91.
1916 8. 92.
1917 8. 92.
1918 8. 92.
1919 8. 92.
1920 8. 92.
1921 8. 92.
1922 7. 93.
1923 7. 93.
1924 7. 93.
1925 7. 93.
1926 7. 93.
1927 7. 93.
1928 7. 93.
1929 7. 93.
1930 7. 93.
1931 7. 93.
1932 6. 94.
1933 6. 94.
1934 6. 94.
1935 6. 94.
1936 6. 94.
1937 6. 94.
1938 6. 94.
1939 6. 94.
1940 6. 94.
1941 6. 94.
1942 6. 94.
1943 7. 93.
1944 7. 93.
1945 7. 93.
1946 7. 93.
1947 7. 93.
1948 7. 93.
1949 7. 93.
1950 7. 93.
1951 7. 93.
1952 7. 93.
1953 7. 93.
1954 7. 93.
1955 7. 93.
1956 7. 93.
1957 6. 94.
1958 6. 94.
1959 6. 94.
1960 6. 94.
1961 6. 94.
1962 6. 94.
1963 6. 94.
1964 6. 94.
1965 6. 94.
1966 6. 94.
1967 6. 94.
1968 5. 95.
1969 5. 95.
1970 5. 95.
1971 5. 95.
1972 5. 95.
1973 5. 95.
1974 5. 95.
1975 5. 95.
1976 5. 95.
1977 5. 95.
1978 5. 95.
1979 5. 95.
1980 5. 95.
1981 5. 95.
1982 5. 95.
1983 5. 95.
1984 5. 95.
1985 5. 95.
1986 5. 95.
1987 5. 95.
1988 5. 95.
1989 5. 95.
1990 5. 95.
1991 5. 95.
1992 5. 95.
1993 5. 95.
1994 5. 95.
1995 5. 95.
1996 5. 95.
1997 5. 95.
1998 5. 95.
1999 5. 95.
2000 5. 95.
2001 5. 95.
2002 5. 95.
2003 5. 95.
2004 5. 95.
2005 5. 95.
2006 5. 95.
2007 5. 95.
2008 5. 95.
2009 5. 95.
2010 5. 95.
2011 5. 95.
2012 5. 95.
2013 5. 95.
2014 5. 95.
2015 5. 95.
2016 5. 95.
2017 5. 95.
2018 5. 95.
2019 5. 95.
2020 5. 95.
2021 5. 95.
2022 5. 95.
2023 5. 95.
2024 5. 95.
2025 5. 95.
2026 5. 95.
2027 5. 95.
2028 5. 95.
2029 5. 95.
2030 5. 95.
2031 5. 95.
2032 5. 95.
2033 5. 95.
2034 5. 95.
2035 5. 95.
2036 5. 95.
2037 5. 95.
2038 5. 95.
2039 5. 95.
2040 5. 95.
2041 5. 95.
2042 5. 95.
2043 5. 95.
2044 5. 95.
2045 5. 95.
2046 4. 96.
2047 4. 96.
2048 4. 96.
2049 4. 96.
2050 4. 96.
2051 4. 96.
2052 4. 96.
2053 4. 96.
2054 4. 96.
2055 4. 96.
2056 4. 96.
2057 4. 96.
2058 3. 97.
2059 3. 97.
2060 3. 97.
2061 3. 97.
2062 3. 97.
2063 3. 97.
2064 3. 97.
2065 3. 97.
2066 4. 96.
2067 4. 96.
2068 4. 96.
2069 4. 96.
2070 4. 96.
2071 4. 96.
2072 4. 96.
2073 5. 95.
2074 5. 95.
2075 5. 95.
2076 5. 95.
2077 5. 95.
2078 5. 95.
2079 5. 95.
2080 5. 95.
2081 5. 95.
2082 5. 95.
2083 5. 95.
2084 5. 95.
2085 5. 95.
2086 5. 95.
2087 5. 95.
2088 5. 95.
2089 5. 95.
2090 5. 95.
2091 6. 94.
2092 6. 94.
2093 6. 94.
2094 6. 94.
2095 6. 94.
2096 5. 95.
2097 5. 95.
2098 5. 95.
2099 5. 95.
2100 5. 95.
2101 5. 95.
2102 5. 95.
2103 5. 95.
2104 5. 95.
2105 5. 95.
2106 5. 95.
2107 5. 95.
2108 5. 95.
2109 5. 95.
2110 5. 95.
2111 5. 95.
2112 5. 95.
2113 5. 95.
2114 5. 95.
2115 5. 95.
2116 5. 95.
2117 5. 95.
2118 5. 95.
2119 5. 95.
2120 5. 95.
2121 5. 95.
2122 5. 95.
2123 5. 95.
2124 5. 95.
2125 5. 95.
2126 5. 95.
2127 5. 95.
2128 5. 95.
2129 5. 95.
2130 5. 95.
2131 5. 95.
2132 5. 95.
2133 5. 95.
2134 5. 95.
2135 5. 95.
2136 5. 95.
2137 5. 95.
2138 5. 95.
2139 5. 95.
2140 5. 95.
2141 5. 95.
2142 5. 95.
2143 6. 94.
2144 5. 95.
2145 5. 95.
2146 5. 95.
2147 5. 95.
2148 5. 95.
2149 5. 95.
2150 5. 95.
2151 5. 95.
2152 5. 95.
2153 5. 95.
2154 5. 95.
2155 5. 95.
2156 5. 95.
2157 5. 95.
2158 5. 95.
2159 5. 95.
2160 5. 95.
2161 5. 95.
2162 5. 95.
2163 5. 95.
2164 5. 95.
2165 5. 95.
2166 5. 95.
2167 5. 95.
2168 5. 95.
2169 5. 95.
2170 5. 95.
2171 5. 95.
2172 5. 95.
2173 5. 95.
2174 5. 95.
2175 5. 95.
2176 5. 95.
2177 5. 95.
2178 5. 95.
2179 5. 95.
2180 5. 95.
2181 5. 95.
2182 5. 95.
2183 5. 95.
2184 5. 95.
2185 5. 95.
2186 5. 95.
2187 5. 95.
2188 5. 95.
2189 5. 95.
2190 5. 95.
2191 5. 95.
2192 5. 95.
2193 5. 95.
2194 5. 95.
2195 5. 95.
2196 5. 95.
2197 5. 95.
2198 5. 95.
2199 5. 95.
2200 5. 95.
2201 5. 95.
2202 5. 95.
2203 5. 95.
2204 5. 95.
2205 5. 95.
2206 5. 95.
2207 5. 95.
2208 5. 95.
2209 5. 95.
2210 5. 95.
2211 5. 95.
2212 5. 95.
2213 5. 95.
2214 6. 94.
2215 7. 93.
2216 7. 93.
2217 7. 93.
2218 7. 93.
2219 7. 93.
2220 7. 93.
2221 7. 93.
2222 7. 93.
2223 7. 93.
2224 7. 93.
2225 6. 94.
2226 6. 94.
2227 6. 94.
2228 6. 94.
2229 6. 94.
2230 6. 94.
2231 6. 94.
2232 6. 94.
2233 6. 94.
2234 6. 94.
2235 6. 94.
2236 6. 94.
2237 6. 94.
2238 6. 94.
2239 6. 94.
2240 6. 94.
2241 6. 94.
2242 6. 94.
2243 6. 94.
2244 6. 94.
2245 5. 95.
2246 5. 95.
2247 5. 95.
2248 5. 95.
2249 5. 95.
2250 5. 95.
2251 5. 95.
2252 5. 95.
2253 5. 95.
2254 5. 95.
2255 5. 95.
2256 5. 95.
2257 5. 95.
2258 5. 95.
2259 5. 95.
2260 5. 95.
2261 5. 95.
2262 5. 95.
2263 5. 95.
2264 4. 96.
2265 4. 96.
2266 4. 96.
2267 4. 96.
2268 4. 96.
2269 4. 96.
2270 4. 96.
2271 4. 96.
2272 4. 96.
2273 4. 96.
2274 4. 96.
2275 4. 96.
2276 4. 96.
2277 4. 96.
2278 5. 95.
2279 5. 95.
2280 5. 95.
2281 5. 95.
2282 5. 95.
2283 5. 95.
2284 5. 95.
2285 5. 95.
2286 5. 95.
2287 5. 95.
2288 5. 95.
2289 5. 95.
2290 5. 95.
2291 5. 95.
2292 5. 95.
2293 5. 95.
2294 5. 95.
2295 5. 95.
2296 5. 95.
2297 5. 95.
2298 5. 95.
2299 5. 95.
2300 5. 95.
2301 5. 95.
2302 5. 95.
2303 5. 95.
2304 5. 95.
2305 5. 95.
2306 5. 95.
2307 5. 95.
2308 5. 95.
2309 5. 95.
2310 5. 95.
2311 5. 95.
2312 5. 95.
2313 5. 95.
2314 5. 95.
2315 5. 95.
2316 5. 95.
2317 5. 95.
2318 5. 95.
2319 5. 95.
2320 5. 95.
2321 5. 95.
2322 5. 95.
2323 5. 95.
2324 5. 95.
2325 5. 95.
2326 5. 95.
2327 5. 95.
2328 5. 95.
2329 5. 95.
2330 5. 95.
2331 5. 95.
2332 5. 95.
2333 5. 95.
2334 5. 95.
2335 5. 95.
2336 5. 95.
2337 5. 95.
2338 5. 95.
2339 5. 95.
2340 5. 95.
2341 5. 95.
2342 5. 95.
2343 5. 95.
2344 5. 95.
2345 5. 95.
2346 5. 95.
2347 5. 95.
2348 5. 95.
2349 5. 95.
2350 5. 95.
2351 5. 95.
2352 5. 95.
2353 5. 95.
2354 5. 95.
2355 5. 95.
2356 5. 95.
2357 5. 95.
2358 5. 95.
2359 5. 95.
2360 5. 95.
2361 5. 95.
2362 5. 95.
2363 5. 95.
2364 5. 95.
2365 5. 95.
2366 5. 95.
2367 5. 95.
2368 5. 95.
2369 5. 95.
2370 5. 95.
2371 5. 95.
2372 6. 94.
2373 6. 94.
2374 6. 94.
2375 6. 94.
2376 6. 94.
2377 6. 94.
2378 6. 94.
2379 6. 94.
2380 7. 93.
2381 7. 93.
2382 7. 93.
2383 7. 93.
2384 7. 93.
2385 7. 93.
2386 7. 93.
2387 7. 93.
2388 7. 93.
2389 7. 93.
2390 7. 93.
2391 7. 93.
2392 7. 93.
2393 7. 93.
2394 7. 93.
2395 7. 93.
2396 7. 93.
2397 7. 93.
2398 7. 93.
2399 7. 93.
2400 7. 93.
2401 7. 93.
2402 7. 93.
2403 7. 93.
2404 7. 93.
2405 7. 93.
2406 7. 93.
2407 7. 93.
2408 7. 93.
2409 7. 93.
2410 7. 93.
2411 7. 93.
2412 7. 93.
2413 6. 94.
2414 6. 94.
2415 6. 94.
2416 6. 94.
2417 6. 94.
2418 6. 94.
2419 5. 95.
2420 5. 95.
2421 5. 95.
2422 5. 95.
2423 5. 95.
2424 5. 95.
2425 5. 95.
2426 5. 95.
2427 5. 95.
2428 5. 95.
2429 5. 95.
2430 5. 95.
2431 5. 95.
2432 5. 95.
2433 5. 95.
2434 5. 95.
2435 5. 95.
2436 5. 95.
2437 5. 95.
2438 5. 95.
2439 5. 95.
2440 5. 95.
2441 5. 95.
2442 5. 95.
2443 5. 95.
2444 5. 95.
2445 5. 95.
2446 5. 95.
2447 5. 95.
2448 5. 95.
2449 5. 95.
2450 4. 96.
2451 4. 96.
2452 4. 96.
2453 4. 96.
2454 4. 96.
2455 4. 96.
2456 4. 96.
2457 4. 96.
2458 4. 96.
2459 4. 96.
2460 4. 96.
2461 4. 96.
2462 4. 96.
2463 4. 96.
2464 4. 96.
2465 4. 96.
2466 4. 96.
2467 4. 96.
2468 4. 96.
2469 4. 96.
2470 4. 96.
2471 4. 96.
2472 4. 96.
2473 4. 96.
2474 4. 96.
2475 4. 96.
2476 4. 96.
2477 4. 96.
2478 4. 96.
2479 4. 96.
2480 4. 96.
2481 4. 96.
2482 4. 96.
2483 4. 96.
2484 4. 96.
2485 4. 96.
2486 4. 96.
2487 4. 96.
2488 4. 96.
2489 4. 96.
2490 4. 96.
2491 4. 96.
2492 4. 96.
2493 4. 96.
2494 4. 96.
2495 4. 96.
2496 4. 96.
2497 4. 96.
2498 4. 96.
2499 4. 96.
2500 4. 96.
2501 4. 96.
2502 4. 96.
2503 4. 96.
2504 4. 96.
2505 4. 96.
2506 4. 96.
2507 4. 96.
2508 4. 96.
2509 4. 96.
2510 3. 97.
2511 3. 97.
2512 3. 97.
2513 4. 96.
2514 4. 96.
2515 4. 96.
2516 4. 96.
2517 4. 96.
2518 4. 96.
2519 4. 96.
2520 3. 97.
2521 3. 97.
2522 3. 97.
2523 3. 97.
2524 3. 97.
2525 3. 97.
2526 3. 97.
2527 3. 97.
2528 3. 97.
2529 3. 97.
2530 3. 97.
2531 3. 97.
2532 3. 97.
2533 3. 97.
2534 3. 97.
2535 3. 97.
2536 3. 97.
2537 3. 97.
2538 3. 97.
2539 3. 97.
2540 3. 97.
2541 3. 97.
2542 3. 97.
2543 3. 97.
2544 3. 97.
2545 3. 97.
2546 3. 97.
2547 3. 97.
2548 3. 97.
2549 3. 97.
2550 3. 97.
2551 3. 97.
2552 3. 97.
2553 3. 97.
2554 3. 97.
2555 3. 97.
2556 3. 97.
2557 3. 97.
2558 3. 97.
2559 3. 97.
2560 3. 97.
2561 3. 97.
2562 3. 97.
2563 3. 97.
2564 3. 97.
2565 3. 97.
2566 3. 97.
2567 3. 97.
2568 3. 97.
2569 3. 97.
2570 3. 97.
2571 3. 97.
2572 3. 97.
2573 3. 97.
2574 3. 97.
2575 3. 97.
2576 3. 97.
2577 3. 97.
2578 2. 98.
2579 2. 98.
2580 2. 98.
2581 2. 98.
2582 2. 98.
2583 2. 98.
2584 2. 98.
2585 2. 98.
2586 2. 98.
2587 2. 98.
2588 2. 98.
2589 2. 98.
2590 2. 98.
2591 2. 98.
2592 2. 98.
2593 2. 98.
2594 2. 98.
2595 2. 98.
2596 2. 98.
2597 2. 98.
2598 2. 98.
2599 2. 98.
2600 2. 98.
2601 2. 98.
2602 2. 98.
2603 2. 98.
2604 2. 98.
2605 2. 98.
2606 2. 98.
2607 2. 98.
2608 2. 98.
2609 2. 98.
2610 2. 98.
2611 2. 98.
2612 2. 98.
2613 2. 98.
2614 2. 98.
2615 2. 98.
2616 2. 98.
2617 2. 98.
2618 2. 98.
2619 2. 98.
2620 2. 98.
2621 2. 98.
2622 2. 98.
2623 2. 98.
2624 2. 98.
2625 2. 98.
2626 2. 98.
2627 2. 98.
2628 2. 98.
2629 2. 98.
2630 2. 98.
2631 2. 98.
2632 2. 98.
2633 2. 98.
2634 2. 98.
2635 2. 98.
2636 2. 98.
2637 2. 98.
2638 2. 98.
2639 2. 98.
2640 2. 98.
2641 2. 98.
2642 2. 98.
2643 2. 98.
2644 2. 98.
2645 2. 98.
2646 2. 98.
2647 2. 98.
2648 2. 98.
2649 2. 98.
2650 2. 98.
2651 2. 98.
2652 2. 98.
2653 2. 98.
2654 2. 98.
2655 2. 98.
2656 2. 98.
2657 2. 98.
2658 2. 98.
2659 2. 98.
2660 2. 98.
2661 2. 98.
2662 2. 98.
2663 2. 98.
2664 2. 98.
2665 2. 98.
2666 2. 98.
2667 2. 98.
2668 2. 98.
2669 2. 98.
2670 3. 97.
2671 3. 97.
2672 3. 97.
2673 3. 97.
2674 3. 97.
2675 3. 97.
2676 3. 97.
2677 4. 96.
2678 4. 96.
2679 4. 96.
2680 4. 96.
2681 4. 96.
2682 4. 96.
2683 4. 96.
2684 4. 96.
2685 4. 96.
2686 4. 96.
2687 4. 96.
2688 4. 96.
2689 4. 96.
2690 4. 96.
2691 3. 97.
2692 3. 97.
2693 3. 97.
2694 3. 97.
2695 3. 97.
2696 3. 97.
2697 3. 97.
2698 3. 97.
2699 3. 97.
2700 3. 97.
2701 3. 97.
2702 3. 97.
2703 3. 97.
2704 3. 97.
2705 3. 97.
2706 3. 97.
2707 3. 97.
2708 3. 97.
2709 3. 97.
2710 3. 97.
2711 3. 97.
2712 3. 97.
2713 3. 97.
2714 3. 97.
2715 3. 97.
2716 3. 97.
2717 3. 97.
2718 3. 97.
2719 3. 97.
2720 3. 97.
2721 3. 97.
2722 3. 97.
2723 3. 97.
2724 3. 97.
2725 3. 97.
2726 3. 97.
2727 3. 97.
2728 3. 97.
2729 3. 97.
2730 3. 97.
2731 3. 97.
2732 3. 97.
2733 3. 97.
2734 3. 97.
2735 3. 97.
2736 3. 97.
2737 3. 97.
2738 3. 97.
2739 4. 96.
2740 4. 96.
2741 4. 96.
2742 4. 96.
2743 4. 96.
2744 4. 96.
2745 4. 96.
2746 4. 96.
2747 4. 96.
2748 4. 96.
2749 4. 96.
2750 4. 96.
2751 4. 96.
2752 4. 96.
2753 4. 96.
2754 4. 96.
2755 4. 96.
2756 4. 96.
2757 4. 96.
2758 4. 96.
2759 4. 96.
2760 4. 96.
2761 4. 96.
2762 4. 96.
2763 4. 96.
2764 4. 96.
2765 4. 96.
2766 4. 96.
2767 4. 96.
2768 4. 96.
2769 4. 96.
2770 4. 96.
2771 3. 97.
2772 3. 97.
2773 3. 97.
2774 3. 97.
2775 3. 97.
2776 3. 97.
2777 3. 97.
2778 3. 97.
2779 3. 97.
2780 3. 97.
2781 3. 97.
2782 3. 97.
2783 3. 97.
2784 3. 97.
2785 3. 97.
2786 3. 97.
2787 3. 97.
2788 3. 97.
2789 3. 97.
2790 3. 97.
2791 3. 97.
2792 3. 97.
2793 3. 97.
2794 3. 97.
2795 3. 97.
2796 3. 97.
2797 3. 97.
2798 3. 97.
2799 3. 97.
2800 3. 97.
2801 3. 97.
2802 3. 97.
2803 3. 97.
2804 4. 96.
2805 4. 96.
2806 4. 96.
2807 4. 96.
2808 4. 96.
2809 4. 96.
2810 4. 96.
2811 4. 96.
2812 3. 97.
2813 3. 97.
2814 3. 97.
2815 3. 97.
2816 3. 97.
2817 3. 97.
2818 4. 96.
2819 4. 96.
2820 4. 96.
2821 4. 96.
2822 4. 96.
2823 5. 95.
2824 5. 95.
2825 5. 95.
2826 5. 95.
2827 5. 95.
2828 6. 94.
2829 6. 94.
2830 6. 94.
2831 6. 94.
2832 6. 94.
2833 6. 94.
2834 6. 94.
2835 6. 94.
2836 6. 94.
2837 6. 94.
2838 6. 94.
2839 6. 94.
2840 5. 95.
2841 5. 95.
2842 5. 95.
2843 5. 95.
2844 5. 95.
2845 5. 95.
2846 6. 94.
2847 6. 94.
2848 6. 94.
2849 6. 94.
2850 6. 94.
2851 6. 94.
2852 6. 94.
2853 6. 94.
2854 6. 94.
2855 6. 94.
2856 6. 94.
2857 6. 94.
2858 6. 94.
2859 6. 94.
2860 6. 94.
2861 6. 94.
2862 6. 94.
2863 6. 94.
2864 6. 94.
2865 6. 94.
2866 6. 94.
2867 6. 94.
2868 6. 94.
2869 6. 94.
2870 6. 94.
2871 6. 94.
2872 6. 94.
2873 6. 94.
2874 6. 94.
2875 6. 94.
2876 6. 94.
2877 6. 94.
2878 6. 94.
2879 6. 94.
2880 6. 94.
2881 6. 94.
2882 6. 94.
2883 6. 94.
2884 6. 94.
2885 6. 94.
2886 6. 94.
2887 6. 94.
2888 6. 94.
2889 6. 94.
2890 6. 94.
2891 6. 94.
2892 6. 94.
2893 6. 94.
2894 6. 94.
2895 6. 94.
2896 6. 94.
2897 6. 94.
2898 6. 94.
2899 6. 94.
2900 6. 94.
2901 6. 94.
2902 6. 94.
2903 6. 94.
2904 6. 94.
2905 6. 94.
2906 6. 94.
2907 6. 94.
2908 6. 94.
2909 6. 94.
2910 5. 95.
2911 5. 95.
2912 5. 95.
2913 5. 95.
2914 5. 95.
2915 5. 95.
2916 5. 95.
2917 5. 95.
2918 5. 95.
2919 5. 95.
2920 4. 96.
2921 4. 96.
2922 4. 96.
2923 4. 96.
2924 4. 96.
2925 4. 96.
2926 4. 96.
2927 4. 96.
2928 4. 96.
2929 4. 96.
2930 4. 96.
2931 4. 96.
2932 4. 96.
2933 4. 96.
2934 4. 96.
2935 4. 96.
2936 4. 96.
2937 4. 96.
2938 4. 96.
2939 4. 96.
2940 4. 96.
2941 4. 96.
2942 4. 96.
2943 4. 96.
2944 4. 96.
2945 4. 96.
2946 4. 96.
2947 4. 96.
2948 4. 96.
2949 4. 96.
2950 4. 96.
2951 4. 96.
2952 4. 96.
2953 4. 96.
2954 4. 96.
2955 4. 96.
2956 4. 96.
2957 4. 96.
2958 4. 96.
2959 4. 96.
2960 4. 96.
2961 4. 96.
2962 4. 96.
2963 4. 96.
2964 4. 96.
2965 4. 96.
2966 4. 96.
2967 4. 96.
2968 4. 96.
2969 4. 96.
2970 4. 96.
2971 4. 96.
2972 4. 96.
2973 4. 96.
2974 4. 96.
2975 4. 96.
2976 4. 96.
2977 4. 96.
2978 4. 96.
2979 4. 96.
2980 4. 96.
2981 4. 96.
2982 4. 96.
2983 4. 96.
2984 4. 96.
2985 4. 96.
2986 4. 96.
2987 5. 95.
2988 5. 95.
2989 5. 95.
2990 5. 95.
2991 5. 95.
2992 5. 95.
2993 5. 95.
2994 5. 95.
2995 5. 95.
2996 5. 95.
2997 5. 95.
2998 5. 95.
2999 5. 95.
3000 5. 95.
3001 5. 95.
3002 5. 95.
3003 5. 95.
3004 5. 95.
3005 5. 95.
3006 5. 95.
3007 5. 95.
3008 5. 95.
3009 5. 95.
3010 5. 95.
3011 5. 95.
3012 5. 95.
3013 5. 95.
3014 5. 95.
3015 5. 95.
3016 5. 95.
3017 5. 95.
3018 5. 95.
3019 5. 95.
3020 5. 95.
3021 5. 95.
3022 5. 95.
3023 5. 95.
3024 5. 95.
3025 5. 95.
3026 4. 96.
3027 4. 96.
3028 4. 96.
3029 4. 96.
3030 4. 96.
3031 4. 96.
3032 4. 96.
3033 4. 96.
3034 4. 96.
3035 4. 96.
3036 4. 96.
3037 4. 96.
3038 4. 96.
3039 4. 96.
3040 4. 96.
3041 4. 96.
3042 4. 96.
3043 4. 96.
3044 4. 96.
3045 4. 96.
3046 4. 96.
3047 4. 96.
3048 4. 96.
3049 4. 96.
3050 4. 96.
3051 4. 96.
3052 4. 96.
3053 4. 96.
3054 4. 96.
3055 4. 96.
3056 4. 96.
3057 4. 96.
3058 4. 96.
3059 4. 96.
3060 4. 96.
3061 4. 96.
3062 4. 96.
3063 4. 96.
3064 4. 96.
3065 4. 96.
3066 4. 96.
3067 4. 96.
3068 4. 96.
3069 4. 96.
3070 4. 96.
3071 4. 96.
3072 4. 96.
3073 4. 96.
3074 4. 96.
3075 4. 96.
3076 4. 96.
3077 4. 96.
3078 4. 96.
3079 4. 96.
3080 4. 96.
3081 5. 95.
3082 5. 95.
3083 5. 95.
3084 5. 95.
3085 5. 95.
3086 5. 95.
3087 5. 95.
3088 5. 95.
3089 5. 95.
3090 5. 95.
3091 5. 95.
3092 5. 95.
3093 5. 95.
3094 5. 95.
3095 5. 95.
3096 5. 95.
3097 5. 95.
3098 5. 95.
3099 5. 95.
3100 5. 95.
3101 5. 95.
3102 5. 95.
3103 5. 95.
3104 5. 95.
3105 5. 95.
3106 5. 95.
3107 5. 95.
3108 5. 95.
3109 5. 95.
3110 5. 95.
3111 5. 95.
3112 5. 95.
3113 5. 95.
3114 5. 95.
3115 5. 95.
3116 5. 95.
3117 5. 95.
3118 5. 95.
3119 5. 95.
3120 6. 94.
3121 6. 94.
3122 6. 94.
3123 6. 94.
3124 6. 94.
3125 6. 94.
3126 6. 94.
3127 6. 94.
3128 6. 94.
3129 6. 94.
3130 6. 94.
3131 6. 94.
3132 7. 93.
3133 7. 93.
3134 7. 93.
3135 7. 93.
3136 7. 93.
3137 7. 93.
3138 7. 93.
3139 7. 93.
3140 7. 93.
3141 7. 93.
3142 7. 93.
3143 7. 93.
3144 7. 93.
3145 7. 93.
3146 7. 93.
3147 7. 93.
3148 7. 93.
3149 7. 93.
3150 7. 93.
3151 7. 93.
3152 7. 93.
3153 7. 93.
3154 7. 93.
3155 7. 93.
3156 7. 93.
3157 7. 93.
3158 7. 93.
3159 7. 93.
3160 7. 93.
3161 7. 93.
3162 7. 93.
3163 7. 93.
3164 7. 93.
3165 7. 93.
3166 7. 93.
3167 6. 94.
3168 6. 94.
3169 6. 94.
3170 6. 94.
3171 6. 94.
3172 6. 94.
3173 6. 94.
3174 6. 94.
3175 5. 95.
3176 5. 95.
3177 5. 95.
3178 5. 95.
3179 5. 95.
3180 5. 95.
3181 5. 95.
3182 5. 95.
3183 5. 95.
3184 5. 95.
3185 5. 95.
3186 5. 95.
3187 5. 95.
3188 5. 95.
3189 5. 95.
3190 5. 95.
3191 5. 95.
3192 5. 95.
3193 5. 95.
3194 5. 95.
3195 5. 95.
3196 5. 95.
3197 5. 95.
3198 5. 95.
3199 5. 95.
3200 5. 95.
3201 5. 95.
3202 5. 95.
3203 4. 96.
3204 5. 95.
3205 5. 95.
3206 5. 95.
3207 5. 95.
3208 5. 95.
3209 5. 95.
3210 5. 95.
3211 5. 95.
3212 5. 95.
3213 5. 95.
3214 5. 95.
3215 5. 95.
3216 5. 95.
3217 5. 95.
3218 5. 95.
3219 5. 95.
3220 5. 95.
3221 5. 95.
3222 5. 95.
3223 5. 95.
3224 5. 95.
3225 5. 95.
3226 5. 95.
3227 5. 95.
3228 5. 95.
3229 5. 95.
3230 5. 95.
3231 5. 95.
3232 5. 95.
3233 5. 95.
3234 5. 95.
3235 5. 95.
3236 5. 95.
3237 5. 95.
3238 4. 96.
3239 4. 96.
3240 4. 96.
3241 4. 96.
3242 4. 96.
3243 4. 96.
3244 4. 96.
3245 4. 96.
3246 4. 96.
3247 4. 96.
3248 4. 96.
3249 4. 96.
3250 4. 96.
3251 4. 96.
3252 4. 96.
3253 4. 96.
3254 4. 96.
3255 4. 96.
3256 4. 96.
3257 4. 96.
3258 4. 96.
3259 4. 96.
3260 4. 96.
3261 4. 96.
3262 4. 96.
3263 4. 96.
3264 4. 96.
3265 4. 96.
3266 5. 95.
3267 5. 95.
3268 5. 95.
3269 5. 95.
3270 5. 95.
3271 5. 95.
3272 5. 95.
3273 5. 95.
3274 5. 95.
3275 5. 95.
3276 5. 95.
3277 5. 95.
3278 5. 95.
3279 5. 95.
3280 5. 95.
3281 5. 95.
3282 5. 95.
3283 5. 95.
3284 5. 95.
3285 6. 94.
3286 6. 94.
3287 6. 94.
3288 6. 94.
3289 6. 94.
3290 6. 94.
3291 6. 94.
3292 6. 94.
3293 6. 94.
3294 6. 94.
3295 6. 94.
3296 6. 94.
3297 6. 94.
3298 6. 94.
3299 6. 94.
3300 6. 94.
3301 6. 94.
3302 5. 95.
3303 5. 95.
3304 5. 95.
3305 5. 95.
3306 5. 95.
3307 5. 95.
3308 5. 95.
3309 5. 95.
3310 5. 95.
3311 5. 95.
3312 6. 94.
3313 6. 94.
3314 6. 94.
3315 6. 94.
3316 6. 94.
3317 6. 94.
3318 6. 94.
3319 6. 94.
3320 6. 94.
3321 6. 94.
3322 6. 94.
3323 6. 94.
3324 6. 94.
3325 6. 94.
3326 6. 94.
3327 6. 94.
3328 6. 94.
3329 6. 94.
3330 6. 94.
3331 6. 94.
3332 6. 94.
3333 6. 94.
3334 6. 94.
3335 6. 94.
3336 6. 94.
3337 6. 94.
3338 5. 95.
3339 5. 95.
3340 5. 95.
3341 5. 95.
3342 5. 95.
3343 5. 95.
3344 5. 95.
3345 5. 95.
3346 5. 95.
3347 5. 95.
3348 5. 95.
3349 5. 95.
3350 5. 95.
3351 5. 95.
3352 5. 95.
3353 5. 95.
3354 5. 95.
3355 5. 95.
3356 5. 95.
3357 5. 95.
3358 5. 95.
3359 5. 95.
3360 5. 95.
3361 5. 95.
3362 5. 95.
3363 5. 95.
3364 5. 95.
3365 5. 95.
3366 5. 95.
3367 5. 95.
3368 5. 95.
3369 5. 95.
3370 5. 95.
3371 5. 95.
3372 5. 95.
3373 5. 95.
3374 5. 95.
3375 5. 95.
3376 5. 95.
3377 5. 95.
3378 5. 95.
3379 5. 95.
3380 4. 96.
3381 4. 96.
3382 4. 96.
3383 4. 96.
3384 4. 96.
3385 4. 96.
3386 4. 96.
3387 3. 97.
3388 3. 97.
3389 3. 97.
3390 3. 97.
3391 3. 97.
3392 3. 97.
3393 3. 97.
3394 3. 97.
3395 3. 97.
3396 3. 97.
3397 3. 97.
3398 3. 97.
3399 3. 97.
3400 3. 97.
3401 3. 97.
3402 3. 97.
3403 3. 97.
3404 3. 97.
3405 3. 97.
3406 3. 97.
3407 3. 97.
3408 3. 97.
3409 3. 97.
3410 3. 97.
3411 3. 97.
3412 3. 97.
3413 3. 97.
3414 3. 97.
3415 4. 96.
3416 4. 96.
3417 4. 96.
3418 4. 96.
3419 4. 96.
3420 4. 96.
3421 4. 96.
3422 4. 96.
3423 4. 96.
3424 4. 96.
3425 4. 96.
3426 4. 96.
3427 4. 96.
3428 4. 96.
3429 4. 96.
3430 4. 96.
3431 4. 96.
3432 4. 96.
3433 4. 96.
3434 4. 96.
3435 4. 96.
3436 4. 96.
3437 4. 96.
3438 3. 97.
3439 3. 97.
3440 3. 97.
3441 3. 97.
3442 3. 97.
3443 3. 97.
3444 3. 97.
3445 3. 97.
3446 3. 97.
3447 3. 97.
3448 3. 97.
3449 3. 97.
3450 3. 97.
3451 3. 97.
3452 3. 97.
3453 3. 97.
3454 3. 97.
3455 3. 97.
3456 3. 97.
3457 3. 97.
3458 3. 97.
3459 3. 97.
3460 3. 97.
3461 3. 97.
3462 3. 97.
3463 3. 97.
3464 3. 97.
3465 3. 97.
3466 4. 96.
3467 4. 96.
3468 4. 96.
3469 4. 96.
3470 4. 96.
3471 4. 96.
3472 4. 96.
3473 4. 96.
3474 4. 96.
3475 4. 96.
3476 4. 96.
3477 4. 96.
3478 4. 96.
3479 4. 96.
3480 4. 96.
3481 4. 96.
3482 4. 96.
3483 4. 96.
3484 4. 96.
3485 4. 96.
3486 4. 96.
3487 4. 96.
3488 4. 96.
3489 4. 96.
3490 4. 96.
3491 4. 96.
3492 4. 96.
3493 4. 96.
3494 4. 96.
3495 4. 96.
3496 4. 96.
3497 4. 96.
3498 4. 96.
3499 4. 96.
3500 4. 96.
3501 4. 96.
3502 4. 96.
3503 4. 96.
3504 4. 96.
3505 4. 96.
3506 4. 96.
3507 4. 96.
3508 4. 96.
3509 4. 96.
3510 4. 96.
3511 4. 96.
3512 4. 96.
3513 4. 96.
3514 4. 96.
3515 4. 96.
3516 4. 96.
3517 4. 96.
3518 4. 96.
3519 4. 96.
3520 4. 96.
3521 4. 96.
3522 4. 96.
3523 4. 96.
3524 4. 96.
3525 4. 96.
3526 4. 96.
3527 4. 96.
3528 4. 96.
3529 4. 96.
3530 4. 96.
3531 4. 96.
3532 4. 96.
3533 4. 96.
3534 4. 96.
3535 4. 96.
3536 4. 96.
3537 4. 96.
3538 4. 96.
3539 4. 96.
3540 4. 96.
3541 4. 96.
3542 4. 96.
3543 4. 96.
3544 4. 96.
3545 4. 96.
3546 4. 96.
3547 4. 96.
3548 4. 96.
3549 4. 96.
3550 4. 96.
3551 4. 96.
3552 4. 96.
3553 4. 96.
3554 4. 96.
3555 4. 96.
3556 4. 96.
3557 4. 96.
3558 4. 96.
3559 4. 96.
3560 4. 96.
3561 4. 96.
3562 4. 96.
3563 4. 96.
3564 4. 96.
3565 3. 97.
3566 3. 97.
3567 3. 97.
3568 3. 97.
3569 3. 97.
3570 3. 97.
3571 3. 97.
3572 3. 97.
3573 3. 97.
3574 3. 97.
3575 3. 97.
3576 3. 97.
3577 3. 97.
3578 3. 97.
3579 3. 97.
3580 3. 97.
3581 3. 97.
3582 3. 97.
3583 3. 97.
3584 3. 97.
3585 3. 97.
3586 3. 97.
3587 3. 97.
3588 3. 97.
3589 3. 97.
3590 3. 97.
3591 3. 97.
3592 3. 97.
3593 3. 97.
3594 3. 97.
3595 3. 97.
3596 3. 97.
3597 3. 97.
3598 3. 97.
3599 3. 97.
3600 3. 97.
3601 3. 97.
3602 3. 97.
3603 3. 97.
3604 3. 97.
3605 3. 97.
3606 3. 97.
3607 3. 97.
3608 3. 97.
3609 3. 97.
3610 3. 97.
3611 3. 97.
3612 3. 97.
3613 3. 97.
3614 3. 97.
3615 3. 97.
3616 3. 97.
3617 3. 97.
3618 3. 97.
3619 3. 97.
3620 3. 97.
3621 2. 98.
3622 2. 98.
3623 2. 98.
3624 2. 98.
3625 3. 97.
3626 3. 97.
3627 3. 97.
3628 3. 97.
3629 3. 97.
3630 3. 97.
3631 3. 97.
3632 3. 97.
3633 3. 97.
3634 3. 97.
3635 3. 97.
3636 3. 97.
3637 3. 97.
3638 3. 97.
3639 3. 97.
3640 3. 97.
3641 3. 97.
3642 3. 97.
3643 3. 97.
3644 3. 97.
3645 3. 97.
3646 3. 97.
3647 3. 97.
3648 3. 97.
3649 3. 97.
3650 3. 97.
3651 3. 97.
3652 3. 97.
3653 3. 97.
3654 3. 97.
3655 3. 97.
3656 3. 97.
3657 3. 97.
3658 3. 97.
3659 3. 97.
3660 3. 97.
3661 3. 97.
3662 3. 97.
3663 3. 97.
3664 3. 97.
3665 4. 96.
3666 4. 96.
3667 4. 96.
3668 4. 96.
3669 4. 96.
3670 4. 96.
3671 4. 96.
3672 4. 96.
3673 4. 96.
3674 4. 96.
3675 4. 96.
3676 4. 96.
3677 4. 96.
3678 4. 96.
3679 4. 96.
3680 4. 96.
3681 4. 96.
3682 4. 96.
3683 4. 96.
3684 4. 96.
3685 4. 96.
3686 4. 96.
3687 4. 96.
3688 4. 96.
3689 4. 96.
3690 4. 96.
3691 4. 96.
3692 4. 96.
3693 4. 96.
3694 4. 96.
3695 4. 96.
3696 4. 96.
3697 4. 96.
3698 4. 96.
3699 4. 96.
3700 4. 96.
3701 4. 96.
3702 4. 96.
3703 4. 96.
3704 4. 96.
3705 4. 96.
3706 4. 96.
3707 4. 96.
3708 4. 96.
3709 4. 96.
3710 4. 96.
3711 4. 96.
3712 4. 96.
3713 4. 96.
3714 4. 96.
3715 4. 96.
3716 4. 96.
3717 4. 96.
3718 4. 96.
3719 4. 96.
3720 4. 96.
3721 4. 96.
3722 4. 96.
3723 4. 96.
3724 4. 96.
3725 4. 96.
3726 4. 96.
3727 4. 96.
3728 4. 96.
3729 4. 96.
3730 4. 96.
3731 4. 96.
3732 4. 96.
3733 4. 96.
3734 4. 96.
3735 4. 96.
3736 4. 96.
3737 4. 96.
3738 4. 96.
3739 4. 96.
3740 4. 96.
3741 4. 96.
3742 4. 96.
3743 4. 96.
3744 4. 96.
3745 4. 96.
3746 4. 96.
3747 4. 96.
3748 4. 96.
3749 4. 96.
3750 4. 96.
3751 4. 96.
3752 4. 96.
3753 4. 96.
3754 4. 96.
3755 4. 96.
3756 4. 96.
3757 4. 96.
3758 4. 96.
3759 4. 96.
3760 4. 96.
3761 4. 96.
3762 4. 96.
3763 4. 96.
3764 4. 96.
3765 4. 96.
3766 4. 96.
3767 4. 96.
3768 4. 96.
3769 4. 96.
3770 4. 96.
3771 4. 96.
3772 4. 96.
3773 4. 96.
3774 4. 96.
3775 4. 96.
3776 4. 96.
3777 4. 96.
3778 4. 96.
3779 4. 96.
3780 4. 96.
3781 4. 96.
3782 4. 96.
3783 4. 96.
3784 4. 96.
3785 4. 96.
3786 4. 96.
3787 4. 96.
3788 4. 96.
3789 4. 96.
3790 4. 96.
3791 4. 96.
3792 4. 96.
3793 4. 96.
3794 4. 96.
3795 4. 96.
3796 4. 96.
3797 4. 96.
3798 4. 96.
3799 4. 96.
3800 4. 96.
3801 4. 96.
3802 4. 96.
3803 4. 96.
3804 4. 96.
3805 4. 96.
3806 4. 96.
3807 5. 95.
3808 5. 95.
3809 4. 96.
3810 4. 96.
3811 4. 96.
3812 4. 96.
3813 4. 96.
3814 4. 96.
3815 4. 96.
3816 4. 96.
3817 4. 96.
3818 4. 96.
3819 4. 96.
3820 4. 96.
3821 4. 96.
3822 4. 96.
3823 4. 96.
3824 4. 96.
3825 4. 96.
3826 4. 96.
3827 4. 96.
3828 4. 96.
3829 4. 96.
3830 4. 96.
3831 4. 96.
3832 4. 96.
3833 4. 96.
3834 4. 96.
3835 4. 96.
3836 4. 96.
3837 4. 96.
3838 4. 96.
3839 4. 96.
3840 4. 96.
3841 4. 96.
3842 4. 96.
3843 4. 96.
3844 4. 96.
3845 4. 96.
3846 4. 96.
3847 4. 96.
3848 4. 96.
3849 4. 96.
3850 4. 96.
3851 4. 96.
3852 4. 96.
3853 4. 96.
3854 4. 96.
3855 4. 96.
3856 4. 96.
3857 4. 96.
3858 4. 96.
3859 4. 96.
3860 4. 96.
3861 4. 96.
3862 4. 96.
3863 4. 96.
3864 4. 96.
3865 4. 96.
3866 4. 96.
3867 4. 96.
3868 4. 96.
3869 5. 95.
3870 5. 95.
3871 5. 95.
3872 5. 95.
3873 5. 95.
3874 5. 95.
3875 5. 95.
3876 5. 95.
3877 5. 95.
3878 5. 95.
3879 5. 95.
3880 4. 96.
3881 4. 96.
3882 4. 96.
3883 4. 96.
3884 4. 96.
3885 4. 96.
3886 4. 96.
3887 4. 96.
3888 4. 96.
3889 4. 96.
3890 4. 96.
3891 4. 96.
3892 4. 96.
3893 4. 96.
3894 4. 96.
3895 4. 96.
3896 4. 96.
3897 4. 96.
3898 4. 96.
3899 4. 96.
3900 4. 96.
3901 4. 96.
3902 4. 96.
3903 4. 96.
3904 4. 96.
3905 4. 96.
3906 4. 96.
3907 4. 96.
3908 4. 96.
3909 4. 96.
3910 4. 96.
3911 4. 96.
3912 4. 96.
3913 4. 96.
3914 4. 96.
3915 4. 96.
3916 4. 96.
3917 4. 96.
3918 4. 96.
3919 4. 96.
3920 3. 97.
3921 3. 97.
3922 3. 97.
3923 3. 97.
3924 3. 97.
3925 3. 97.
3926 3. 97.
3927 3. 97.
3928 3. 97.
3929 3. 97.
3930 2. 98.
3931 2. 98.
3932 2. 98.
3933 2. 98.
3934 2. 98.
3935 2. 98.
3936 2. 98.
3937 2. 98.
3938 2. 98.
3939 2. 98.
3940 2. 98.
3941 2. 98.
3942 2. 98.
3943 2. 98.
3944 2. 98.
3945 2. 98.
3946 2. 98.
3947 2. 98.
3948 2. 98.
3949 2. 98.
3950 2. 98.
3951 2. 98.
3952 2. 98.
3953 2. 98.
3954 2. 98.
3955 2. 98.
3956 2. 98.
3957 2. 98.
3958 2. 98.
3959 2. 98.
3960 2. 98.
3961 2. 98.
3962 2. 98.
3963 2. 98.
3964 2. 98.
3965 2. 98.
3966 2. 98.
3967 2. 98.
3968 2. 98.
3969 2. 98.
3970 2. 98.
3971 2. 98.
3972 2. 98.
3973 1. 99.
3974 1. 99.
3975 1. 99.
3976 1. 99.
3977 1. 99.
3978 1. 99.
3979 1. 99.
3980 1. 99.
3981 1. 99.
3982 1. 99.
3983 1. 99.
3984 1. 99.
3985 1. 99.
3986 1. 99.
3987 1. 99.
3988 1. 99.
3989 1. 99.
3990 1. 99.
3991 1. 99.
3992 1. 99.
3993 1. 99.
3994 1. 99.
3995 1. 99.
3996 1. 99.
3997 1. 99.
3998 1. 99.
3999 1. 99.
4000 1. 99.
4001 1. 99.
4002 1. 99.
4003 1. 99.
4004 1. 99.
4005 1. 99.
4006 1. 99.
4007 1. 99.
4008 1. 99.
4009 1. 99.
4010 1. 99.
4011 1. 99.
4012 1. 99.
4013 1. 99.
4014 1. 99.
4015 1. 99.
4016 1. 99.
4017 1. 99.
4018 1. 99.
4019 1. 99.
4020 1. 99.
4021 1. 99.
4022 1. 99.
4023 1. 99.
4024 1. 99.
4025 1. 99.
4026 1. 99.
4027 1. 99.
4028 1. 99.
4029 1. 99.
4030 1. 99.
4031 1. 99.
4032 1. 99.
4033 1. 99.
4034 1. 99.
4035 1. 99.
4036 1. 99.
4037 1. 99.
4038 1. 99.
4039 1. 99.
4040 1. 99.
4041 1. 99.
4042 1. 99.
4043 1. 99.
4044 1. 99.
4045 1. 99.
4046 1. 99.
4047 1. 99.
4048 1. 99.
4049 1. 99.
4050 1. 99.
4051 1. 99.
4052 1. 99.
4053 1. 99.
4054 1. 99.
4055 1. 99.
4056 1. 99.
4057 1. 99.
4058 1. 99.
4059 1. 99.
4060 1. 99.
4061 1. 99.
4062 1. 99.
4063 1. 99.
4064 1. 99.
4065 1. 99.
4066 1. 99.
4067 1. 99.
4068 1. 99.
4069 1. 99.
4070 1. 99.
4071 1. 99.
4072 1. 99.
4073 1. 99.
4074 1. 99.
4075 1. 99.
4076 1. 99.
4077 1. 99.
4078 1. 99.
4079 1. 99.
4080 1. 99.
4081 1. 99.
4082 1. 99.
4083 1. 99.
4084 1. 99.
4085 1. 99.
4086 1. 99.
4087 1. 99.
4088 1. 99.
4089 1. 99.
4090 1. 99.
4091 1. 99.
4092 1. 99.
4093 1. 99.
4094 1. 99.
4095 1. 99.
4096 1. 99.
4097 1. 99.
4098 1. 99.
4099 1. 99.
4100 1. 99.
4101 1. 99.
4102 1. 99.
4103 1. 99.
4104 2. 98.
4105 2. 98.
4106 2. 98.
4107 2. 98.
4108 2. 98.
4109 2. 98.
4110 2. 98.
4111 2. 98.
4112 2. 98.
4113 2. 98.
4114 2. 98.
4115 2. 98.
4116 2. 98.
4117 2. 98.
4118 2. 98.
4119 2. 98.
4120 2. 98.
4121 2. 98.
4122 2. 98.
4123 2. 98.
4124 2. 98.
4125 1. 99.
4126 1. 99.
4127 1. 99.
