0 20. 80.
1 20. 80.
2 20. 80.
3 21. 79.
4 21. 79.
5 21. 79.
6 21. 79.
7 21. 79.
8 21. 79.
9 20. 80.
10 19. 81.
11 20. 80.
12 20. 80.
13 20. 80.
14 20. 80.
15 20. 80.
16 20. 80.
17 21. 79.
18 21. 79.
19 21. 79.
20 21. 79.
21 21. 79.
22 21. 79.
23 21. 79.
24 21. 79.
25 21. 79.
26 21. 79.
27 21. 79.
28 21. 79.
29 21. 79.
30 21. 79.
31 20. 80.
32 20. 80.
33 20. 80.
34 21. 79.
35 21. 79.
36 21. 79.
37 21. 79.
38 21. 79.
39 21. 79.
40 21. 79.
41 21. 79.
42 21. 79.
43 21. 79.
44 21. 79.
45 21. 79.
46 21. 79.
47 21. 79.
48 21. 79.
49 21. 79.
50 21. 79.
51 21. 79.
52 21. 79.
53 21. 79.
54 21. 79.
55 22. 78.
56 22. 78.
57 23. 77.
58 23. 77.
59 24. 76.
60 24. 76.
61 24. 76.
62 24. 76.
63 24. 76.
64 24. 76.
65 25. 75.
66 25. 75.
67 25. 75.
68 25. 75.
69 25. 75.
70 24. 76.
71 25. 75.
72 25. 75.
73 25. 75.
74 25. 75.
75 25. 75.
76 25. 75.
77 26. 74.
78 26. 74.
79 26. 74.
80 27. 73.
81 27. 73.
82 27. 73.
83 27. 73.
84 27. 73.
85 26. 74.
86 26. 74.
87 26. 74.
88 26. 74.
89 26. 74.
90 26. 74.
91 26. 74.
92 26. 74.
93 26. 74.
94 26. 74.
95 25. 75.
96 25. 75.
97 25. 75.
98 25. 75.
99 25. 75.
100 25. 75.
101 25. 75.
102 25. 75.
103 25. 75.
104 25. 75.
105 25. 75.
106 25. 75.
107 25. 75.
108 25. 75.
109 25. 75.
110 25. 75.
111 25. 75.
112 26. 74.
113 26. 74.
114 25. 75.
115 25. 75.
116 25. 75.
117 25. 75.
118 25. 75.
119 25. 75.
120 25. 75.
121 25. 75.
122 25. 75.
123 25. 75.
124 24. 76.
125 25. 75.
126 25. 75.
127 24. 76.
128 24. 76.
129 24. 76.
130 24. 76.
131 24. 76.
132 24. 76.
133 24. 76.
134 23. 77.
135 23. 77.
136 23. 77.
137 24. 76.
138 23. 77.
139 23. 77.
140 24. 76.
141 24. 76.
142 24. 76.
143 24. 76.
144 24. 76.
145 23. 77.
146 23. 77.
147 23. 77.
148 24. 76.
149 24. 76.
150 24. 76.
151 24. 76.
152 24. 76.
153 24. 76.
154 24. 76.
155 23. 77.
156 23. 77.
157 23. 77.
158 23. 77.
159 23. 77.
160 23. 77.
161 23. 77.
162 23. 77.
163 23. 77.
164 23. 77.
165 23. 77.
166 23. 77.
167 23. 77.
168 23. 77.
169 23. 77.
170 24. 76.
171 23. 77.
172 23. 77.
173 23. 77.
174 23. 77.
175 23. 77.
176 23. 77.
177 23. 77.
178 23. 77.
179 23. 77.
180 23. 77.
181 23. 77.
182 23. 77.
183 23. 77.
184 23. 77.
185 23. 77.
186 23. 77.
187 24. 76.
188 24. 76.
189 24. 76.
190 24. 76.
191 24. 76.
192 24. 76.
193 24. 76.
194 24. 76.
195 24. 76.
196 24. 76.
197 23. 77.
198 23. 77.
199 22. 78.
200 22. 78.
201 22. 78.
202 22. 78.
203 22. 78.
204 22. 78.
205 21. 79.
206 21. 79.
207 21. 79.
208 21. 79.
209 21. 79.
210 21. 79.
211 21. 79.
212 20. 80.
213 21. 79.
214 21. 79.
215 22. 78.
216 22. 78.
217 22. 78.
218 22. 78.
219 22. 78.
220 22. 78.
221 22. 78.
222 22. 78.
223 22. 78.
224 21. 79.
225 21. 79.
226 21. 79.
227 21. 79.
228 21. 79.
229 21. 79.
230 21. 79.
231 22. 78.
232 22. 78.
233 22. 78.
234 22. 78.
235 21. 79.
236 21. 79.
237 22. 78.
238 22. 78.
239 22. 78.
240 22. 78.
241 23. 77.
242 22. 78.
243 22. 78.
244 22. 78.
245 22. 78.
246 22. 78.
247 22. 78.
248 22. 78.
249 21. 79.
250 21. 79.
251 21. 79.
252 21. 79.
253 20. 80.
254 20. 80.
255 20. 80.
256 20. 80.
257 20. 80.
258 20. 80.
259 20. 80.
260 20. 80.
261 20. 80.
262 21. 79.
263 20. 80.
264 20. 80.
265 20. 80.
266 20. 80.
267 20. 80.
268 20. 80.
269 20. 80.
270 20. 80.
271 21. 79.
272 21. 79.
273 21. 79.
274 21. 79.
275 21. 79.
276 21. 79.
277 21. 79.
278 21. 79.
279 21. 79.
280 21. 79.
281 21. 79.
282 21. 79.
283 22. 78.
284 22. 78.
285 21. 79.
286 21. 79.
287 21. 79.
288 21. 79.
289 21. 79.
290 21. 79.
291 21. 79.
292 21. 79.
293 21. 79.
294 21. 79.
295 21. 79.
296 21. 79.
297 21. 79.
298 21. 79.
299 21. 79.
300 21. 79.
301 21. 79.
302 22. 78.
303 22. 78.
304 22. 78.
305 22. 78.
306 21. 79.
307 21. 79.
308 21. 79.
309 21. 79.
310 20. 80.
311 20. 80.
312 20. 80.
313 20. 80.
314 20. 80.
315 20. 80.
316 20. 80.
317 20. 80.
318 20. 80.
319 20. 80.
320 20. 80.
321 20. 80.
322 21. 79.
323 21. 79.
324 22. 78.
325 21. 79.
326 21. 79.
327 21. 79.
328 21. 79.
329 21. 79.
330 21. 79.
331 21. 79.
332 21. 79.
333 21. 79.
334 21. 79.
335 22. 78.
336 22. 78.
337 22. 78.
338 22. 78.
339 22. 78.
340 22. 78.
341 22. 78.
342 22. 78.
343 22. 78.
344 22. 78.
345 23. 77.
346 23. 77.
347 23. 77.
348 23. 77.
349 23. 77.
350 23. 77.
351 22. 78.
352 22. 78.
353 22. 78.
354 22. 78.
355 22. 78.
356 22. 78.
357 22. 78.
358 22. 78.
359 22. 78.
360 22. 78.
361 21. 79.
362 21. 79.
363 20. 80.
364 20. 80.
365 21. 79.
366 21. 79.
367 21. 79.
368 21. 79.
369 21. 79.
370 20. 80.
371 20. 80.
372 20. 80.
373 20. 80.
374 20. 80.
375 21. 79.
376 21. 79.
377 21. 79.
378 21. 79.
379 21. 79.
380 22. 78.
381 22. 78.
382 22. 78.
383 22. 78.
384 22. 78.
385 22. 78.
386 22. 78.
387 22. 78.
388 22. 78.
389 22. 78.
390 22. 78.
391 22. 78.
392 21. 79.
393 22. 78.
394 22. 78.
395 22. 78.
396 23. 77.
397 23. 77.
398 23. 77.
399 23. 77.
400 23. 77.
401 23. 77.
402 23. 77.
403 23. 77.
404 23. 77.
405 22. 78.
406 22. 78.
407 22. 78.
408 22. 78.
409 22. 78.
410 23. 77.
411 23. 77.
412 23. 77.
413 23. 77.
414 23. 77.
415 23. 77.
416 23. 77.
417 23. 77.
418 23. 77.
419 22. 78.
420 21. 79.
421 21. 79.
422 21. 79.
423 21. 79.
424 20. 80.
425 20. 80.
426 20. 80.
427 20. 80.
428 20. 80.
429 20. 80.
430 20. 80.
431 20. 80.
432 20. 80.
433 20. 80.
434 20. 80.
435 19. 81.
436 19. 81.
437 19. 81.
438 20. 80.
439 20. 80.
440 20. 80.
441 20. 80.
442 21. 79.
443 21. 79.
444 21. 79.
445 21. 79.
446 21. 79.
447 21. 79.
448 21. 79.
449 21. 79.
450 21. 79.
451 21. 79.
452 21. 79.
453 21. 79.
454 21. 79.
455 21. 79.
456 21. 79.
457 21. 79.
458 21. 79.
459 21. 79.
460 21. 79.
461 21. 79.
462 21. 79.
463 20. 80.
464 20. 80.
465 19. 81.
466 19. 81.
467 19. 81.
468 19. 81.
469 19. 81.
470 19. 81.
471 19. 81.
472 19. 81.
473 19. 81.
474 18. 82.
475 18. 82.
476 18. 82.
477 17. 83.
478 17. 83.
479 17. 83.
480 17. 83.
481 17. 83.
482 17. 83.
483 17. 83.
484 16. 84.
485 16. 84.
486 16. 84.
487 16. 84.
488 16. 84.
489 16. 84.
490 17. 83.
491 17. 83.
492 16. 84.
493 15. 85.
494 15. 85.
495 16. 84.
496 16. 84.
497 15. 85.
498 15. 85.
499 15. 85.
500 15. 85.
501 14. 86.
502 14. 86.
503 14. 86.
504 14. 86.
505 14. 86.
506 14. 86.
507 14. 86.
508 14. 86.
509 14. 86.
510 14. 86.
511 14. 86.
512 14. 86.
513 14. 86.
514 14. 86.
515 14. 86.
516 14. 86.
517 14. 86.
518 14. 86.
519 14. 86.
520 14. 86.
521 14. 86.
522 14. 86.
523 14. 86.
524 14. 86.
525 14. 86.
526 14. 86.
527 14. 86.
528 14. 86.
529 14. 86.
530 14. 86.
531 15. 85.
532 15. 85.
533 14. 86.
534 14. 86.
535 14. 86.
536 14. 86.
537 14. 86.
538 14. 86.
539 14. 86.
540 14. 86.
541 14. 86.
542 14. 86.
543 14. 86.
544 14. 86.
545 14. 86.
546 13. 87.
547 13. 87.
548 13. 87.
549 13. 87.
550 14. 86.
551 14. 86.
552 14. 86.
553 14. 86.
554 14. 86.
555 14. 86.
556 14. 86.
557 14. 86.
558 14. 86.
559 14. 86.
560 14. 86.
561 14. 86.
562 14. 86.
563 14. 86.
564 13. 87.
565 13. 87.
566 13. 87.
567 13. 87.
568 13. 87.
569 13. 87.
570 13. 87.
571 14. 86.
572 14. 86.
573 14. 86.
574 14. 86.
575 14. 86.
576 14. 86.
577 14. 86.
578 14. 86.
579 15. 85.
580 15. 85.
581 15. 85.
582 15. 85.
583 15. 85.
584 15. 85.
585 15. 85.
586 15. 85.
587 15. 85.
588 15. 85.
589 14. 86.
590 13. 87.
591 14. 86.
592 14. 86.
593 14. 86.
594 14. 86.
595 13. 87.
596 13. 87.
597 13. 87.
598 13. 87.
599 13. 87.
600 13. 87.
601 14. 86.
602 14. 86.
603 14. 86.
604 14. 86.
605 15. 85.
606 16. 84.
607 16. 84.
608 16. 84.
609 16. 84.
610 16. 84.
611 16. 84.
612 16. 84.
613 16. 84.
614 16. 84.
615 16. 84.
616 16. 84.
617 16. 84.
618 15. 85.
619 15. 85.
620 15. 85.
621 15. 85.
622 15. 85.
623 15. 85.
624 15. 85.
625 15. 85.
626 15. 85.
627 15. 85.
628 15. 85.
629 15. 85.
630 16. 84.
631 16. 84.
632 16. 84.
633 16. 84.
634 16. 84.
635 16. 84.
636 15. 85.
637 15. 85.
638 15. 85.
639 15. 85.
640 15. 85.
641 15. 85.
642 15. 85.
643 16. 84.
644 16. 84.
645 16. 84.
646 16. 84.
647 16. 84.
648 16. 84.
649 16. 84.
650 15. 85.
651 15. 85.
652 15. 85.
653 15. 85.
654 15. 85.
655 15. 85.
656 14. 86.
657 14. 86.
658 14. 86.
659 14. 86.
660 14. 86.
661 14. 86.
662 14. 86.
663 14. 86.
664 14. 86.
665 14. 86.
666 14. 86.
667 14. 86.
668 13. 87.
669 13. 87.
670 13. 87.
671 13. 87.
672 13. 87.
673 14. 86.
674 15. 85.
675 16. 84.
676 16. 84.
677 16. 84.
678 16. 84.
679 16. 84.
680 17. 83.
681 17. 83.
682 16. 84.
683 16. 84.
684 15. 85.
685 15. 85.
686 15. 85.
687 15. 85.
688 15. 85.
689 16. 84.
690 16. 84.
691 16. 84.
692 16. 84.
693 16. 84.
694 17. 83.
695 17. 83.
696 17. 83.
697 17. 83.
698 17. 83.
699 17. 83.
700 17. 83.
701 17. 83.
702 17. 83.
703 17. 83.
704 17. 83.
705 17. 83.
706 17. 83.
707 17. 83.
708 17. 83.
709 17. 83.
710 17. 83.
711 16. 84.
712 16. 84.
713 16. 84.
714 16. 84.
715 16. 84.
716 16. 84.
717 16. 84.
718 16. 84.
719 16. 84.
720 15. 85.
721 15. 85.
722 15. 85.
723 15. 85.
724 15. 85.
725 15. 85.
726 15. 85.
727 15. 85.
728 15. 85.
729 15. 85.
730 15. 85.
731 15. 85.
732 15. 85.
733 15. 85.
734 15. 85.
735 15. 85.
736 15. 85.
737 15. 85.
738 15. 85.
739 15. 85.
740 15. 85.
741 15. 85.
742 15. 85.
743 15. 85.
744 15. 85.
745 16. 84.
746 16. 84.
747 16. 84.
748 17. 83.
749 17. 83.
750 17. 83.
751 17. 83.
752 17. 83.
753 17. 83.
754 17. 83.
755 17. 83.
756 17. 83.
757 16. 84.
758 16. 84.
759 16. 84.
760 17. 83.
761 17. 83.
762 17. 83.
763 17. 83.
764 17. 83.
765 17. 83.
766 17. 83.
767 17. 83.
768 17. 83.
769 17. 83.
770 16. 84.
771 16. 84.
772 16. 84.
773 16. 84.
774 16. 84.
775 15. 85.
776 15. 85.
777 15. 85.
778 15. 85.
779 15. 85.
780 15. 85.
781 15. 85.
782 15. 85.
783 16. 84.
784 16. 84.
785 16. 84.
786 16. 84.
787 16. 84.
788 15. 85.
789 14. 86.
790 14. 86.
791 14. 86.
792 14. 86.
793 14. 86.
794 14. 86.
795 14. 86.
796 13. 87.
797 13. 87.
798 13. 87.
799 13. 87.
800 12. 88.
801 12. 88.
802 12. 88.
803 12. 88.
804 12. 88.
805 12. 88.
806 12. 88.
807 11. 89.
808 11. 89.
809 11. 89.
810 11. 89.
811 10. 90.
812 10. 90.
813 10. 90.
814 10. 90.
815 10. 90.
816 10. 90.
817 10. 90.
818 10. 90.
819 10. 90.
820 10. 90.
821 10. 90.
822 10. 90.
823 10. 90.
824 10. 90.
825 10. 90.
826 10. 90.
827 9. 91.
828 9. 91.
829 9. 91.
830 10. 90.
831 10. 90.
832 10. 90.
833 10. 90.
834 10. 90.
835 11. 89.
836 11. 89.
837 11. 89.
838 11. 89.
839 11. 89.
840 11. 89.
841 11. 89.
842 11. 89.
843 11. 89.
844 11. 89.
845 11. 89.
846 11. 89.
847 11. 89.
848 11. 89.
849 11. 89.
850 10. 90.
851 10. 90.
852 10. 90.
853 10. 90.
854 10. 90.
855 10. 90.
856 10. 90.
857 10. 90.
858 10. 90.
859 10. 90.
860 10. 90.
861 10. 90.
862 10. 90.
863 10. 90.
864 10. 90.
865 10. 90.
866 10. 90.
867 10. 90.
868 10. 90.
869 10. 90.
870 10. 90.
871 10. 90.
872 10. 90.
873 10. 90.
874 10. 90.
875 10. 90.
876 10. 90.
877 10. 90.
878 10. 90.
879 10. 90.
880 10. 90.
881 11. 89.
882 11. 89.
883 11. 89.
884 11. 89.
885 11. 89.
886 11. 89.
887 11. 89.
888 12. 88.
889 12. 88.
890 12. 88.
891 11. 89.
892 11. 89.
893 10. 90.
894 10. 90.
895 10. 90.
896 9. 91.
897 9. 91.
898 10. 90.
899 10. 90.
900 9. 91.
901 9. 91.
902 9. 91.
903 9. 91.
904 9. 91.
905 10. 90.
906 10. 90.
907 10. 90.
908 10. 90.
909 10. 90.
910 10. 90.
911 10. 90.
912 10. 90.
913 11. 89.
914 11. 89.
915 11. 89.
916 11. 89.
917 10. 90.
918 10. 90.
919 10. 90.
920 10. 90.
921 10. 90.
922 11. 89.
923 10. 90.
924 10. 90.
925 10. 90.
926 10. 90.
927 10. 90.
928 10. 90.
929 10. 90.
930 10. 90.
931 10. 90.
932 11. 89.
933 11. 89.
934 11. 89.
935 11. 89.
936 11. 89.
937 11. 89.
938 11. 89.
939 11. 89.
940 11. 89.
941 11. 89.
942 11. 89.
943 11. 89.
944 11. 89.
945 11. 89.
946 11. 89.
947 11. 89.
948 11. 89.
949 11. 89.
950 11. 89.
951 11. 89.
952 11. 89.
953 11. 89.
954 11. 89.
955 11. 89.
956 11. 89.
957 11. 89.
958 11. 89.
959 12. 88.
960 12. 88.
961 12. 88.
962 12. 88.
963 12. 88.
964 12. 88.
965 12. 88.
966 12. 88.
967 13. 87.
968 13. 87.
969 13. 87.
970 13. 87.
971 13. 87.
972 14. 86.
973 14. 86.
974 14. 86.
975 14. 86.
976 14. 86.
977 14. 86.
978 13. 87.
979 13. 87.
980 13. 87.
981 13. 87.
982 12. 88.
983 12. 88.
984 12. 88.
985 12. 88.
986 12. 88.
987 12. 88.
988 12. 88.
989 12. 88.
990 13. 87.
991 13. 87.
992 13. 87.
993 13. 87.
994 13. 87.
995 13. 87.
996 13. 87.
997 13. 87.
998 13. 87.
999 13. 87.
1000 13. 87.
1001 13. 87.
1002 13. 87.
1003 12. 88.
1004 12. 88.
1005 12. 88.
1006 12. 88.
1007 12. 88.
1008 12. 88.
1009 12. 88.
1010 12. 88.
1011 12. 88.
1012 12. 88.
1013 12. 88.
1014 12. 88.
1015 12. 88.
1016 13. 87.
1017 13. 87.
1018 13. 87.
1019 13. 87.
1020 13. 87.
1021 13. 87.
1022 13. 87.
1023 13. 87.
1024 13. 87.
1025 13. 87.
1026 13. 87.
1027 13. 87.
1028 13. 87.
1029 13. 87.
1030 13. 87.
1031 13. 87.
1032 13. 87.
1033 13. 87.
1034 13. 87.
1035 13. 87.
1036 13. 87.
1037 13. 87.
1038 13. 87.
1039 13. 87.
1040 12. 88.
1041 12. 88.
1042 12. 88.
1043 12. 88.
1044 12. 88.
1045 12. 88.
1046 12. 88.
1047 12. 88.
1048 12. 88.
1049 12. 88.
1050 12. 88.
1051 13. 87.
1052 13. 87.
1053 13. 87.
1054 13. 87.
1055 13. 87.
1056 13. 87.
1057 13. 87.
1058 13. 87.
1059 13. 87.
1060 13. 87.
1061 13. 87.
1062 13. 87.
1063 13. 87.
1064 13. 87.
1065 13. 87.
1066 13. 87.
1067 13. 87.
1068 13. 87.
1069 13. 87.
1070 13. 87.
1071 13. 87.
1072 13. 87.
1073 13. 87.
1074 13. 87.
1075 13. 87.
1076 13. 87.
1077 13. 87.
1078 13. 87.
1079 13. 87.
1080 13. 87.
1081 13. 87.
1082 14. 86.
1083 13. 87.
1084 12. 88.
1085 11. 89.
1086 11. 89.
1087 11. 89.
1088 11. 89.
1089 11. 89.
1090 11. 89.
1091 11. 89.
1092 11. 89.
1093 11. 89.
1094 11. 89.
1095 11. 89.
1096 11. 89.
1097 10. 90.
1098 9. 91.
1099 9. 91.
1100 9. 91.
1101 9. 91.
1102 9. 91.
1103 9. 91.
1104 9. 91.
1105 9. 91.
1106 9. 91.
1107 9. 91.
1108 9. 91.
1109 8. 92.
1110 8. 92.
1111 8. 92.
1112 8. 92.
1113 8. 92.
1114 8. 92.
1115 7. 93.
1116 7. 93.
1117 7. 93.
1118 7. 93.
1119 7. 93.
1120 7. 93.
1121 7. 93.
1122 7. 93.
1123 7. 93.
1124 7. 93.
1125 7. 93.
1126 7. 93.
1127 7. 93.
1128 7. 93.
1129 7. 93.
1130 7. 93.
1131 7. 93.
1132 7. 93.
1133 7. 93.
1134 7. 93.
1135 7. 93.
1136 7. 93.
1137 8. 92.
1138 8. 92.
1139 8. 92.
1140 8. 92.
1141 8. 92.
1142 8. 92.
1143 8. 92.
1144 8. 92.
1145 8. 92.
1146 8. 92.
1147 8. 92.
1148 8. 92.
1149 8. 92.
1150 8. 92.
1151 8. 92.
1152 8. 92.
1153 8. 92.
1154 9. 91.
1155 9. 91.
1156 9. 91.
1157 9. 91.
1158 9. 91.
1159 9. 91.
1160 9. 91.
1161 9. 91.
1162 9. 91.
1163 9. 91.
1164 9. 91.
1165 9. 91.
1166 9. 91.
1167 9. 91.
1168 9. 91.
1169 9. 91.
1170 9. 91.
1171 9. 91.
1172 9. 91.
1173 9. 91.
1174 9. 91.
1175 9. 91.
1176 9. 91.
1177 9. 91.
1178 9. 91.
1179 9. 91.
1180 9. 91.
1181 9. 91.
1182 9. 91.
1183 9. 91.
1184 9. 91.
1185 9. 91.
1186 9. 91.
1187 8. 92.
1188 8. 92.
1189 8. 92.
1190 9. 91.
1191 9. 91.
1192 9. 91.
1193 9. 91.
1194 9. 91.
1195 9. 91.
1196 9. 91.
1197 9. 91.
1198 9. 91.
1199 9. 91.
1200 9. 91.
1201 9. 91.
1202 9. 91.
1203 9. 91.
1204 8. 92.
1205 8. 92.
1206 8. 92.
1207 8. 92.
1208 8. 92.
1209 8. 92.
1210 8. 92.
1211 8. 92.
1212 8. 92.
1213 8. 92.
1214 8. 92.
1215 8. 92.
1216 8. 92.
1217 8. 92.
1218 8. 92.
1219 7. 93.
1220 7. 93.
1221 7. 93.
1222 7. 93.
1223 7. 93.
1224 7. 93.
1225 7. 93.
1226 7. 93.
1227 7. 93.
1228 7. 93.
1229 7. 93.
1230 7. 93.
1231 7. 93.
1232 7. 93.
1233 7. 93.
1234 7. 93.
1235 8. 92.
1236 8. 92.
1237 8. 92.
1238 8. 92.
1239 8. 92.
1240 9. 91.
1241 9. 91.
1242 10. 90.
1243 10. 90.
1244 9. 91.
1245 8. 92.
1246 8. 92.
1247 8. 92.
1248 8. 92.
1249 8. 92.
1250 8. 92.
1251 8. 92.
1252 8. 92.
1253 8. 92.
1254 8. 92.
1255 8. 92.
1256 8. 92.
1257 8. 92.
1258 8. 92.
1259 8. 92.
1260 8. 92.
1261 8. 92.
1262 9. 91.
1263 9. 91.
1264 9. 91.
1265 9. 91.
1266 9. 91.
1267 9. 91.
1268 8. 92.
1269 8. 92.
1270 8. 92.
1271 8. 92.
1272 8. 92.
1273 8. 92.
1274 8. 92.
1275 8. 92.
1276 8. 92.
1277 8. 92.
1278 8. 92.
1279 8. 92.
1280 8. 92.
1281 8. 92.
1282 8. 92.
1283 8. 92.
1284 9. 91.
1285 9. 91.
1286 9. 91.
1287 9. 91.
1288 9. 91.
1289 9. 91.
1290 9. 91.
1291 9. 91.
1292 8. 92.
1293 8. 92.
1294 8. 92.
1295 8. 92.
1296 8. 92.
1297 8. 92.
1298 8. 92.
1299 8. 92.
1300 8. 92.
1301 8. 92.
1302 8. 92.
1303 8. 92.
1304 8. 92.
1305 7. 93.
1306 7. 93.
1307 7. 93.
1308 7. 93.
1309 7. 93.
1310 7. 93.
1311 7. 93.
1312 7. 93.
1313 7. 93.
1314 7. 93.
1315 7. 93.
1316 7. 93.
1317 7. 93.
1318 7. 93.
1319 7. 93.
1320 7. 93.
1321 7. 93.
1322 7. 93.
1323 7. 93.
1324 7. 93.
1325 7. 93.
1326 8. 92.
1327 8. 92.
1328 7. 93.
1329 7. 93.
1330 7. 93.
1331 7. 93.
1332 7. 93.
1333 7. 93.
1334 7. 93.
1335 7. 93.
1336 7. 93.
1337 7. 93.
1338 7. 93.
1339 7. 93.
1340 7. 93.
1341 7. 93.
1342 7. 93.
1343 7. 93.
1344 8. 92.
1345 8. 92.
1346 8. 92.
1347 8. 92.
1348 8. 92.
1349 8. 92.
1350 8. 92.
1351 8. 92.
1352 8. 92.
1353 8. 92.
1354 8. 92.
1355 8. 92.
1356 8. 92.
1357 9. 91.
1358 9. 91.
1359 9. 91.
1360 9. 91.
1361 9. 91.
1362 9. 91.
1363 9. 91.
1364 9. 91.
1365 9. 91.
1366 9. 91.
1367 9. 91.
1368 9. 91.
1369 9. 91.
1370 9. 91.
1371 9. 91.
1372 9. 91.
1373 9. 91.
1374 9. 91.
1375 8. 92.
1376 8. 92.
1377 8. 92.
1378 8. 92.
1379 8. 92.
1380 9. 91.
1381 8. 92.
1382 8. 92.
1383 8. 92.
1384 8. 92.
1385 8. 92.
1386 8. 92.
1387 8. 92.
1388 8. 92.
1389 8. 92.
1390 8. 92.
1391 7. 93.
1392 7. 93.
1393 7. 93.
1394 7. 93.
1395 8. 92.
1396 8. 92.
1397 8. 92.
1398 8. 92.
1399 8. 92.
1400 8. 92.
1401 8. 92.
1402 8. 92.
1403 8. 92.
1404 8. 92.
1405 8. 92.
1406 8. 92.
1407 8. 92.
1408 8. 92.
1409 8. 92.
1410 8. 92.
1411 8. 92.
1412 8. 92.
1413 8. 92.
1414 8. 92.
1415 8. 92.
1416 8. 92.
1417 8. 92.
1418 7. 93.
1419 7. 93.
1420 7. 93.
1421 7. 93.
1422 7. 93.
1423 7. 93.
1424 7. 93.
1425 7. 93.
1426 7. 93.
1427 7. 93.
1428 7. 93.
1429 7. 93.
1430 7. 93.
1431 7. 93.
1432 7. 93.
1433 6. 94.
1434 6. 94.
1435 6. 94.
1436 6. 94.
1437 6. 94.
1438 6. 94.
1439 6. 94.
1440 6. 94.
1441 6. 94.
1442 6. 94.
1443 6. 94.
1444 6. 94.
1445 6. 94.
1446 7. 93.
1447 7. 93.
1448 7. 93.
1449 7. 93.
1450 7. 93.
1451 7. 93.
1452 7. 93.
1453 7. 93.
1454 7. 93.
1455 7. 93.
1456 7. 93.
1457 6. 94.
1458 6. 94.
1459 6. 94.
1460 6. 94.
1461 6. 94.
1462 5. 95.
1463 5. 95.
1464 5. 95.
1465 5. 95.
1466 5. 95.
1467 5. 95.
1468 5. 95.
1469 5. 95.
1470 5. 95.
1471 5. 95.
1472 5. 95.
1473 5. 95.
1474 5. 95.
1475 5. 95.
1476 5. 95.
1477 5. 95.
1478 5. 95.
1479 4. 96.
1480 4. 96.
1481 4. 96.
1482 4. 96.
1483 4. 96.
1484 4. 96.
1485 4. 96.
1486 4. 96.
1487 4. 96.
1488 4. 96.
1489 4. 96.
1490 4. 96.
1491 4. 96.
1492 4. 96.
1493 4. 96.
1494 4. 96.
1495 4. 96.
1496 4. 96.
1497 4. 96.
1498 4. 96.
1499 4. 96.
1500 4. 96.
1501 4. 96.
1502 4. 96.
1503 4. 96.
1504 4. 96.
1505 4. 96.
1506 4. 96.
1507 4. 96.
1508 4. 96.
1509 4. 96.
1510 4. 96.
1511 4. 96.
1512 4. 96.
1513 4. 96.
1514 4. 96.
1515 4. 96.
1516 4. 96.
1517 4. 96.
1518 4. 96.
1519 4. 96.
1520 4. 96.
1521 4. 96.
1522 4. 96.
1523 4. 96.
1524 4. 96.
1525 4. 96.
1526 4. 96.
1527 4. 96.
1528 4. 96.
1529 5. 95.
1530 5. 95.
1531 5. 95.
1532 5. 95.
1533 5. 95.
1534 5. 95.
1535 5. 95.
1536 5. 95.
1537 5. 95.
1538 5. 95.
1539 5. 95.
1540 5. 95.
1541 5. 95.
1542 5. 95.
1543 5. 95.
1544 5. 95.
1545 5. 95.
1546 5. 95.
1547 5. 95.
1548 5. 95.
1549 5. 95.
1550 5. 95.
1551 5. 95.
1552 5. 95.
1553 5. 95.
1554 5. 95.
1555 5. 95.
1556 5. 95.
1557 5. 95.
1558 5. 95.
1559 5. 95.
1560 5. 95.
1561 5. 95.
1562 5. 95.
1563 5. 95.
1564 5. 95.
1565 5. 95.
1566 5. 95.
1567 5. 95.
1568 5. 95.
1569 5. 95.
1570 5. 95.
1571 5. 95.
1572 5. 95.
1573 5. 95.
1574 5. 95.
1575 5. 95.
1576 5. 95.
1577 5. 95.
1578 5. 95.
1579 5. 95.
1580 6. 94.
1581 6. 94.
1582 5. 95.
1583 6. 94.
1584 6. 94.
1585 6. 94.
1586 6. 94.
1587 6. 94.
1588 6. 94.
1589 6. 94.
1590 6. 94.
1591 6. 94.
1592 5. 95.
1593 5. 95.
1594 5. 95.
1595 5. 95.
1596 5. 95.
1597 5. 95.
1598 5. 95.
1599 5. 95.
1600 4. 96.
1601 4. 96.
1602 4. 96.
1603 4. 96.
1604 4. 96.
1605 4. 96.
1606 4. 96.
1607 4. 96.
1608 4. 96.
1609 4. 96.
1610 5. 95.
1611 5. 95.
1612 5. 95.
1613 5. 95.
1614 5. 95.
1615 5. 95.
1616 5. 95.
1617 5. 95.
1618 5. 95.
1619 5. 95.
1620 5. 95.
1621 5. 95.
1622 5. 95.
1623 5. 95.
1624 5. 95.
1625 5. 95.
1626 5. 95.
1627 5. 95.
1628 5. 95.
1629 5. 95.
1630 5. 95.
1631 5. 95.
1632 5. 95.
1633 5. 95.
1634 5. 95.
1635 5. 95.
1636 5. 95.
1637 5. 95.
1638 5. 95.
1639 5. 95.
1640 5. 95.
1641 5. 95.
1642 5. 95.
1643 5. 95.
1644 5. 95.
1645 4. 96.
1646 4. 96.
1647 4. 96.
1648 4. 96.
1649 3. 97.
1650 3. 97.
1651 3. 97.
1652 4. 96.
1653 4. 96.
1654 4. 96.
1655 4. 96.
1656 4. 96.
1657 4. 96.
1658 4. 96.
1659 4. 96.
1660 4. 96.
1661 4. 96.
1662 4. 96.
1663 4. 96.
1664 4. 96.
1665 4. 96.
1666 4. 96.
1667 4. 96.
1668 4. 96.
1669 4. 96.
1670 4. 96.
1671 4. 96.
1672 4. 96.
1673 4. 96.
1674 4. 96.
1675 4. 96.
1676 4. 96.
1677 4. 96.
1678 4. 96.
1679 4. 96.
1680 4. 96.
1681 4. 96.
1682 4. 96.
1683 4. 96.
1684 4. 96.
1685 4. 96.
1686 4. 96.
1687 4. 96.
1688 4. 96.
1689 4. 96.
1690 4. 96.
1691 4. 96.
1692 4. 96.
1693 4. 96.
1694 4. 96.
1695 4. 96.
1696 4. 96.
1697 4. 96.
1698 4. 96.
1699 4. 96.
1700 4. 96.
1701 4. 96.
1702 4. 96.
1703 4. 96.
1704 4. 96.
1705 4. 96.
1706 3. 97.
1707 3. 97.
1708 3. 97.
1709 3. 97.
1710 3. 97.
1711 3. 97.
1712 3. 97.
1713 3. 97.
1714 3. 97.
1715 3. 97.
1716 3. 97.
1717 3. 97.
1718 3. 97.
1719 3. 97.
1720 3. 97.
1721 3. 97.
1722 3. 97.
1723 3. 97.
1724 3. 97.
1725 3. 97.
1726 3. 97.
1727 3. 97.
1728 3. 97.
1729 3. 97.
1730 3. 97.
1731 3. 97.
1732 3. 97.
1733 3. 97.
1734 3. 97.
1735 3. 97.
1736 3. 97.
1737 3. 97.
1738 3. 97.
1739 3. 97.
1740 3. 97.
1741 3. 97.
1742 3. 97.
1743 3. 97.
1744 3. 97.
1745 3. 97.
1746 3. 97.
1747 3. 97.
1748 3. 97.
1749 3. 97.
1750 3. 97.
1751 3. 97.
1752 3. 97.
1753 3. 97.
1754 3. 97.
1755 3. 97.
1756 3. 97.
1757 3. 97.
1758 3. 97.
1759 3. 97.
1760 3. 97.
1761 3. 97.
1762 3. 97.
1763 3. 97.
1764 3. 97.
1765 3. 97.
1766 3. 97.
1767 3. 97.
1768 3. 97.
1769 3. 97.
1770 3. 97.
1771 3. 97.
1772 3. 97.
1773 2. 98.
1774 2. 98.
1775 2. 98.
1776 2. 98.
1777 2. 98.
1778 2. 98.
1779 2. 98.
1780 2. 98.
1781 2. 98.
1782 2. 98.
1783 2. 98.
1784 2. 98.
1785 2. 98.
1786 2. 98.
1787 2. 98.
1788 2. 98.
1789 2. 98.
1790 3. 97.
1791 3. 97.
1792 3. 97.
1793 3. 97.
1794 3. 97.
1795 3. 97.
1796 3. 97.
1797 3. 97.
1798 3. 97.
1799 3. 97.
1800 3. 97.
1801 3. 97.
1802 3. 97.
1803 3. 97.
1804 3. 97.
1805 3. 97.
1806 4. 96.
1807 4. 96.
1808 4. 96.
1809 5. 95.
1810 5. 95.
1811 5. 95.
1812 5. 95.
1813 5. 95.
1814 5. 95.
1815 5. 95.
1816 5. 95.
1817 5. 95.
1818 5. 95.
1819 5. 95.
1820 5. 95.
1821 5. 95.
1822 5. 95.
1823 5. 95.
1824 5. 95.
1825 5. 95.
1826 5. 95.
1827 5. 95.
1828 5. 95.
1829 5. 95.
1830 5. 95.
1831 5. 95.
1832 5. 95.
1833 5. 95.
1834 5. 95.
1835 5. 95.
1836 5. 95.
1837 5. 95.
1838 5. 95.
1839 5. 95.
1840 5. 95.
1841 5. 95.
1842 5. 95.
1843 5. 95.
1844 5. 95.
1845 5. 95.
1846 4. 96.
1847 4. 96.
1848 4. 96.
1849 4. 96.
1850 4. 96.
1851 4. 96.
1852 4. 96.
1853 4. 96.
1854 4. 96.
1855 4. 96.
1856 4. 96.
1857 4. 96.
1858 4. 96.
1859 4. 96.
1860 4. 96.
1861 4. 96.
1862 4. 96.
1863 4. 96.
1864 4. 96.
1865 4. 96.
1866 4. 96.
1867 4. 96.
1868 4. 96.
1869 4. 96.
1870 4. 96.
1871 4. 96.
1872 4. 96.
1873 4. 96.
1874 4. 96.
1875 4. 96.
1876 4. 96.
1877 4. 96.
1878 4. 96.
1879 4. 96.
1880 4. 96.
1881 4. 96.
1882 5. 95.
1883 5. 95.
1884 5. 95.
1885 5. 95.
1886 5. 95.
1887 6. 94.
1888 6. 94.
1889 6. 94.
1890 6. 94.
1891 6. 94.
1892 6. 94.
1893 7. 93.
1894 7. 93.
1895 7. 93.
1896 7. 93.
1897 7. 93.
1898 7. 93.
1899 7. 93.
1900 7. 93.
1901 7. 93.
1902 7. 93.
1903 7. 93.
1904 7. 93.
1905 7. 93.
1906 7. 93.
1907 7. 93.
1908 7. 93.
1909 7. 93.
1910 7. 93.
1911 7. 93.
1912 7. 93.
1913 7. 93.
1914 7. 93.
1915 7. 93.
1916 7. 93.
1917 7. 93.
1918 7. 93.
1919 6. 94.
1920 6. 94.
1921 6. 94.
1922 6. 94.
1923 6. 94.
1924 6. 94.
1925 6. 94.
1926 6. 94.
1927 6. 94.
1928 6. 94.
1929 6. 94.
1930 6. 94.
1931 6. 94.
1932 6. 94.
1933 6. 94.
1934 6. 94.
1935 6. 94.
1936 6. 94.
1937 6. 94.
1938 6. 94.
1939 6. 94.
1940 6. 94.
1941 6. 94.
1942 6. 94.
1943 6. 94.
1944 6. 94.
1945 6. 94.
1946 6. 94.
1947 6. 94.
1948 6. 94.
1949 6. 94.
1950 6. 94.
1951 6. 94.
1952 6. 94.
1953 5. 95.
1954 5. 95.
1955 5. 95.
1956 5. 95.
1957 5. 95.
1958 5. 95.
1959 5. 95.
1960 5. 95.
1961 5. 95.
1962 5. 95.
1963 5. 95.
1964 5. 95.
1965 5. 95.
1966 5. 95.
1967 5. 95.
1968 5. 95.
1969 5. 95.
1970 5. 95.
1971 5. 95.
1972 5. 95.
1973 5. 95.
1974 5. 95.
1975 5. 95.
1976 5. 95.
1977 6. 94.
1978 7. 93.
1979 7. 93.
1980 7. 93.
1981 7. 93.
1982 7. 93.
1983 7. 93.
1984 7. 93.
1985 7. 93.
1986 7. 93.
1987 7. 93.
1988 7. 93.
1989 7. 93.
1990 7. 93.
1991 7. 93.
1992 7. 93.
1993 7. 93.
1994 7. 93.
1995 7. 93.
1996 7. 93.
1997 7. 93.
1998 7. 93.
1999 7. 93.
2000 7. 93.
2001 7. 93.
2002 7. 93.
2003 7. 93.
2004 7. 93.
2005 7. 93.
2006 7. 93.
2007 7. 93.
2008 7. 93.
2009 7. 93.
2010 7. 93.
2011 7. 93.
2012 7. 93.
2013 7. 93.
2014 7. 93.
2015 7. 93.
2016 7. 93.
2017 8. 92.
2018 8. 92.
2019 8. 92.
2020 7. 93.
2021 7. 93.
2022 7. 93.
2023 7. 93.
2024 7. 93.
2025 7. 93.
2026 7. 93.
2027 7. 93.
2028 7. 93.
2029 7. 93.
2030 6. 94.
2031 6. 94.
2032 6. 94.
2033 6. 94.
2034 6. 94.
2035 6. 94.
2036 6. 94.
2037 6. 94.
2038 6. 94.
2039 6. 94.
2040 6. 94.
2041 5. 95.
2042 5. 95.
2043 4. 96.
2044 4. 96.
2045 4. 96.
2046 4. 96.
2047 4. 96.
2048 4. 96.
2049 4. 96.
2050 4. 96.
2051 4. 96.
2052 4. 96.
2053 4. 96.
2054 4. 96.
2055 4. 96.
2056 4. 96.
2057 4. 96.
2058 5. 95.
2059 5. 95.
2060 5. 95.
2061 5. 95.
2062 5. 95.
2063 5. 95.
2064 5. 95.
2065 5. 95.
2066 5. 95.
2067 5. 95.
2068 5. 95.
2069 5. 95.
2070 5. 95.
2071 5. 95.
2072 5. 95.
2073 5. 95.
2074 5. 95.
2075 5. 95.
2076 5. 95.
2077 5. 95.
2078 5. 95.
2079 5. 95.
2080 5. 95.
2081 5. 95.
2082 5. 95.
2083 5. 95.
2084 5. 95.
2085 5. 95.
2086 5. 95.
2087 5. 95.
2088 5. 95.
2089 5. 95.
2090 5. 95.
2091 5. 95.
2092 5. 95.
2093 5. 95.
2094 5. 95.
2095 5. 95.
2096 5. 95.
2097 5. 95.
2098 5. 95.
2099 5. 95.
2100 5. 95.
2101 5. 95.
2102 5. 95.
2103 5. 95.
2104 5. 95.
2105 4. 96.
2106 4. 96.
2107 4. 96.
2108 4. 96.
2109 4. 96.
2110 4. 96.
2111 4. 96.
2112 4. 96.
2113 4. 96.
2114 4. 96.
2115 4. 96.
2116 4. 96.
2117 4. 96.
2118 4. 96.
2119 4. 96.
2120 4. 96.
2121 4. 96.
2122 4. 96.
2123 4. 96.
2124 4. 96.
2125 4. 96.
2126 4. 96.
2127 3. 97.
2128 3. 97.
2129 3. 97.
2130 3. 97.
2131 3. 97.
2132 3. 97.
2133 3. 97.
2134 3. 97.
2135 4. 96.
2136 4. 96.
2137 4. 96.
2138 4. 96.
2139 4. 96.
2140 4. 96.
2141 4. 96.
2142 4. 96.
2143 4. 96.
2144 4. 96.
2145 5. 95.
2146 5. 95.
2147 5. 95.
2148 5. 95.
2149 5. 95.
2150 5. 95.
2151 5. 95.
2152 5. 95.
2153 5. 95.
2154 5. 95.
2155 5. 95.
2156 5. 95.
2157 5. 95.
2158 5. 95.
2159 5. 95.
2160 5. 95.
2161 4. 96.
2162 4. 96.
2163 4. 96.
2164 4. 96.
2165 4. 96.
2166 4. 96.
2167 4. 96.
2168 5. 95.
2169 5. 95.
2170 5. 95.
2171 5. 95.
2172 5. 95.
2173 5. 95.
2174 5. 95.
2175 5. 95.
2176 5. 95.
2177 5. 95.
2178 5. 95.
2179 5. 95.
2180 5. 95.
2181 5. 95.
2182 5. 95.
2183 5. 95.
2184 5. 95.
2185 5. 95.
2186 5. 95.
2187 5. 95.
2188 5. 95.
2189 5. 95.
2190 5. 95.
2191 5. 95.
2192 6. 94.
2193 6. 94.
2194 6. 94.
2195 6. 94.
2196 6. 94.
2197 6. 94.
2198 6. 94.
2199 6. 94.
2200 6. 94.
2201 7. 93.
2202 7. 93.
2203 7. 93.
2204 7. 93.
2205 7. 93.
2206 8. 92.
2207 8. 92.
2208 8. 92.
2209 8. 92.
2210 8. 92.
2211 8. 92.
2212 8. 92.
2213 8. 92.
2214 8. 92.
2215 8. 92.
2216 8. 92.
2217 8. 92.
2218 8. 92.
2219 8. 92.
2220 8. 92.
2221 8. 92.
2222 8. 92.
2223 8. 92.
2224 8. 92.
2225 8. 92.
2226 7. 93.
2227 7. 93.
2228 7. 93.
2229 7. 93.
2230 7. 93.
2231 8. 92.
2232 8. 92.
2233 8. 92.
2234 8. 92.
2235 8. 92.
2236 8. 92.
2237 8. 92.
2238 8. 92.
2239 8. 92.
2240 8. 92.
2241 8. 92.
2242 8. 92.
2243 8. 92.
2244 8. 92.
2245 8. 92.
2246 7. 93.
2247 7. 93.
2248 7. 93.
2249 7. 93.
2250 7. 93.
2251 7. 93.
2252 7. 93.
2253 7. 93.
2254 7. 93.
2255 7. 93.
2256 7. 93.
2257 7. 93.
2258 6. 94.
2259 6. 94.
2260 6. 94.
2261 6. 94.
2262 6. 94.
2263 6. 94.
2264 6. 94.
2265 6. 94.
2266 6. 94.
2267 6. 94.
2268 6. 94.
2269 6. 94.
2270 6. 94.
2271 6. 94.
2272 6. 94.
2273 6. 94.
2274 6. 94.
2275 6. 94.
2276 6. 94.
2277 5. 95.
2278 5. 95.
2279 5. 95.
2280 5. 95.
2281 5. 95.
2282 6. 94.
2283 6. 94.
2284 7. 93.
2285 7. 93.
2286 7. 93.
2287 7. 93.
2288 7. 93.
2289 7. 93.
2290 7. 93.
2291 7. 93.
2292 7. 93.
2293 7. 93.
2294 7. 93.
2295 7. 93.
2296 8. 92.
2297 8. 92.
2298 8. 92.
2299 8. 92.
2300 8. 92.
2301 8. 92.
2302 8. 92.
2303 8. 92.
2304 8. 92.
2305 8. 92.
2306 8. 92.
2307 8. 92.
2308 8. 92.
2309 8. 92.
2310 8. 92.
2311 8. 92.
2312 8. 92.
2313 8. 92.
2314 8. 92.
2315 8. 92.
2316 8. 92.
2317 8. 92.
2318 8. 92.
2319 8. 92.
2320 8. 92.
2321 8. 92.
2322 8. 92.
2323 8. 92.
2324 8. 92.
2325 8. 92.
2326 8. 92.
2327 8. 92.
2328 8. 92.
2329 8. 92.
2330 8. 92.
2331 8. 92.
2332 8. 92.
2333 8. 92.
2334 8. 92.
2335 8. 92.
2336 8. 92.
2337 8. 92.
2338 8. 92.
2339 8. 92.
2340 7. 93.
2341 7. 93.
2342 7. 93.
2343 7. 93.
2344 7. 93.
2345 7. 93.
2346 7. 93.
2347 7. 93.
2348 7. 93.
2349 7. 93.
2350 7. 93.
2351 7. 93.
2352 7. 93.
2353 7. 93.
2354 7. 93.
2355 7. 93.
2356 7. 93.
2357 7. 93.
2358 7. 93.
2359 7. 93.
2360 7. 93.
2361 7. 93.
2362 7. 93.
2363 7. 93.
2364 7. 93.
2365 7. 93.
2366 7. 93.
2367 7. 93.
2368 7. 93.
2369 7. 93.
2370 7. 93.
2371 7. 93.
2372 7. 93.
2373 7. 93.
2374 7. 93.
2375 7. 93.
2376 7. 93.
2377 7. 93.
2378 7. 93.
2379 7. 93.
2380 7. 93.
2381 7. 93.
2382 7. 93.
2383 7. 93.
2384 7. 93.
2385 7. 93.
2386 7. 93.
2387 7. 93.
2388 7. 93.
2389 7. 93.
2390 7. 93.
2391 7. 93.
2392 7. 93.
2393 7. 93.
2394 7. 93.
2395 7. 93.
2396 7. 93.
2397 7. 93.
2398 7. 93.
2399 7. 93.
2400 7. 93.
2401 7. 93.
2402 7. 93.
2403 7. 93.
2404 7. 93.
2405 7. 93.
2406 7. 93.
2407 6. 94.
2408 6. 94.
2409 6. 94.
2410 6. 94.
2411 6. 94.
2412 6. 94.
2413 6. 94.
2414 6. 94.
2415 6. 94.
2416 6. 94.
2417 6. 94.
2418 6. 94.
2419 6. 94.
2420 6. 94.
2421 6. 94.
2422 6. 94.
2423 7. 93.
2424 7. 93.
2425 7. 93.
2426 8. 92.
2427 8. 92.
2428 9. 91.
2429 9. 91.
2430 9. 91.
2431 9. 91.
2432 9. 91.
2433 9. 91.
2434 9. 91.
2435 9. 91.
2436 9. 91.
2437 9. 91.
2438 9. 91.
2439 9. 91.
2440 9. 91.
2441 9. 91.
2442 9. 91.
2443 9. 91.
2444 9. 91.
2445 9. 91.
2446 9. 91.
2447 9. 91.
2448 9. 91.
2449 9. 91.
2450 9. 91.
2451 9. 91.
2452 9. 91.
2453 9. 91.
2454 9. 91.
2455 9. 91.
2456 9. 91.
2457 9. 91.
2458 9. 91.
2459 9. 91.
2460 9. 91.
2461 9. 91.
2462 9. 91.
2463 9. 91.
2464 9. 91.
2465 9. 91.
2466 9. 91.
2467 9. 91.
2468 9. 91.
2469 9. 91.
2470 9. 91.
2471 9. 91.
2472 8. 92.
2473 8. 92.
2474 8. 92.
2475 8. 92.
2476 8. 92.
2477 8. 92.
2478 8. 92.
2479 8. 92.
2480 8. 92.
2481 9. 91.
2482 9. 91.
2483 9. 91.
2484 9. 91.
2485 9. 91.
2486 9. 91.
2487 9. 91.
2488 9. 91.
2489 9. 91.
2490 9. 91.
2491 9. 91.
2492 9. 91.
2493 9. 91.
2494 9. 91.
2495 10. 90.
2496 10. 90.
2497 10. 90.
2498 10. 90.
2499 10. 90.
2500 9. 91.
2501 10. 90.
2502 10. 90.
2503 10. 90.
2504 10. 90.
2505 10. 90.
2506 10. 90.
2507 10. 90.
2508 10. 90.
2509 10. 90.
2510 10. 90.
2511 10. 90.
2512 10. 90.
2513 11. 89.
2514 11. 89.
2515 11. 89.
2516 11. 89.
2517 11. 89.
2518 11. 89.
2519 11. 89.
2520 10. 90.
2521 10. 90.
2522 10. 90.
2523 10. 90.
2524 10. 90.
2525 10. 90.
2526 10. 90.
2527 10. 90.
2528 10. 90.
2529 10. 90.
2530 10. 90.
2531 10. 90.
2532 9. 91.
2533 9. 91.
2534 8. 92.
2535 8. 92.
2536 8. 92.
2537 8. 92.
2538 8. 92.
2539 8. 92.
2540 8. 92.
2541 8. 92.
2542 8. 92.
2543 8. 92.
2544 8. 92.
2545 8. 92.
2546 8. 92.
2547 8. 92.
2548 8. 92.
2549 8. 92.
2550 8. 92.
2551 8. 92.
2552 8. 92.
2553 7. 93.
2554 7. 93.
2555 7. 93.
2556 7. 93.
2557 7. 93.
2558 7. 93.
2559 7. 93.
2560 7. 93.
2561 7. 93.
2562 7. 93.
2563 7. 93.
2564 7. 93.
2565 7. 93.
2566 8. 92.
2567 8. 92.
2568 8. 92.
2569 8. 92.
2570 8. 92.
2571 8. 92.
2572 8. 92.
2573 8. 92.
2574 8. 92.
2575 8. 92.
2576 8. 92.
2577 8. 92.
2578 8. 92.
2579 8. 92.
2580 8. 92.
2581 8. 92.
2582 8. 92.
2583 8. 92.
2584 8. 92.
2585 8. 92.
2586 8. 92.
2587 8. 92.
2588 8. 92.
2589 8. 92.
2590 8. 92.
2591 8. 92.
2592 9. 91.
2593 10. 90.
2594 10. 90.
2595 10. 90.
2596 10. 90.
2597 10. 90.
2598 10. 90.
2599 10. 90.
2600 10. 90.
2601 10. 90.
2602 10. 90.
2603 10. 90.
2604 10. 90.
2605 10. 90.
2606 10. 90.
2607 10. 90.
2608 10. 90.
2609 10. 90.
2610 10. 90.
2611 9. 91.
2612 9. 91.
2613 9. 91.
2614 9. 91.
2615 9. 91.
2616 9. 91.
2617 9. 91.
2618 9. 91.
2619 9. 91.
2620 9. 91.
2621 9. 91.
2622 10. 90.
2623 10. 90.
2624 10. 90.
2625 10. 90.
2626 10. 90.
2627 10. 90.
2628 10. 90.
2629 10. 90.
2630 10. 90.
2631 10. 90.
2632 10. 90.
2633 10. 90.
2634 10. 90.
2635 10. 90.
2636 10. 90.
2637 10. 90.
2638 10. 90.
2639 10. 90.
2640 10. 90.
2641 10. 90.
2642 10. 90.
2643 10. 90.
2644 10. 90.
2645 10. 90.
2646 10. 90.
2647 10. 90.
2648 10. 90.
2649 10. 90.
2650 10. 90.
2651 9. 91.
2652 9. 91.
2653 9. 91.
2654 9. 91.
2655 8. 92.
2656 8. 92.
2657 8. 92.
2658 8. 92.
2659 8. 92.
2660 8. 92.
2661 7. 93.
2662 7. 93.
2663 7. 93.
2664 7. 93.
2665 7. 93.
2666 7. 93.
2667 7. 93.
2668 7. 93.
2669 7. 93.
2670 7. 93.
2671 7. 93.
2672 7. 93.
2673 7. 93.
2674 7. 93.
2675 7. 93.
2676 7. 93.
2677 7. 93.
2678 7. 93.
2679 7. 93.
2680 7. 93.
2681 7. 93.
2682 7. 93.
2683 7. 93.
2684 8. 92.
2685 8. 92.
2686 8. 92.
2687 8. 92.
2688 8. 92.
2689 8. 92.
2690 8. 92.
2691 8. 92.
2692 8. 92.
2693 8. 92.
2694 8. 92.
2695 8. 92.
2696 8. 92.
2697 8. 92.
2698 8. 92.
2699 8. 92.
2700 8. 92.
2701 8. 92.
2702 8. 92.
2703 8. 92.
2704 8. 92.
2705 8. 92.
2706 8. 92.
2707 8. 92.
2708 8. 92.
2709 8. 92.
2710 8. 92.
2711 9. 91.
2712 9. 91.
2713 9. 91.
2714 9. 91.
2715 9. 91.
2716 9. 91.
2717 9. 91.
2718 9. 91.
2719 9. 91.
2720 9. 91.
2721 9. 91.
2722 10. 90.
2723 10. 90.
2724 10. 90.
2725 10. 90.
2726 10. 90.
2727 10. 90.
2728 10. 90.
2729 10. 90.
2730 10. 90.
2731 10. 90.
2732 10. 90.
2733 9. 91.
2734 9. 91.
2735 8. 92.
2736 8. 92.
2737 8. 92.
2738 8. 92.
2739 8. 92.
2740 8. 92.
2741 8. 92.
2742 8. 92.
2743 8. 92.
2744 8. 92.
2745 8. 92.
2746 8. 92.
2747 8. 92.
2748 8. 92.
2749 8. 92.
2750 7. 93.
2751 7. 93.
2752 7. 93.
2753 7. 93.
2754 7. 93.
2755 7. 93.
2756 7. 93.
2757 7. 93.
2758 7. 93.
2759 7. 93.
2760 8. 92.
2761 8. 92.
2762 8. 92.
2763 8. 92.
2764 8. 92.
2765 8. 92.
2766 8. 92.
2767 8. 92.
2768 8. 92.
2769 8. 92.
2770 8. 92.
2771 8. 92.
2772 8. 92.
2773 8. 92.
2774 8. 92.
2775 8. 92.
2776 8. 92.
2777 8. 92.
2778 8. 92.
2779 9. 91.
2780 9. 91.
2781 9. 91.
2782 9. 91.
2783 9. 91.
2784 9. 91.
2785 10. 90.
2786 10. 90.
2787 10. 90.
2788 10. 90.
2789 10. 90.
2790 10. 90.
2791 10. 90.
2792 10. 90.
2793 10. 90.
2794 10. 90.
2795 10. 90.
2796 10. 90.
2797 10. 90.
2798 10. 90.
2799 10. 90.
2800 10. 90.
2801 10. 90.
2802 10. 90.
2803 10. 90.
2804 10. 90.
2805 10. 90.
2806 10. 90.
2807 10. 90.
2808 10. 90.
2809 10. 90.
2810 10. 90.
2811 10. 90.
2812 10. 90.
2813 10. 90.
2814 10. 90.
2815 10. 90.
2816 10. 90.
2817 11. 89.
2818 11. 89.
2819 11. 89.
2820 11. 89.
2821 11. 89.
2822 11. 89.
2823 11. 89.
2824 11. 89.
2825 11. 89.
2826 11. 89.
2827 11. 89.
2828 11. 89.
2829 11. 89.
2830 11. 89.
2831 11. 89.
2832 11. 89.
2833 11. 89.
2834 11. 89.
2835 11. 89.
2836 11. 89.
2837 11. 89.
2838 11. 89.
2839 11. 89.
2840 11. 89.
2841 11. 89.
2842 11. 89.
2843 11. 89.
2844 11. 89.
2845 11. 89.
2846 11. 89.
2847 11. 89.
2848 11. 89.
2849 11. 89.
2850 11. 89.
2851 11. 89.
2852 11. 89.
2853 11. 89.
2854 11. 89.
2855 11. 89.
2856 10. 90.
2857 10. 90.
2858 10. 90.
2859 10. 90.
2860 10. 90.
2861 10. 90.
2862 10. 90.
2863 10. 90.
2864 9. 91.
2865 9. 91.
2866 9. 91.
2867 9. 91.
2868 9. 91.
2869 9. 91.
2870 9. 91.
2871 9. 91.
2872 9. 91.
2873 9. 91.
2874 9. 91.
2875 9. 91.
2876 9. 91.
2877 9. 91.
2878 9. 91.
2879 9. 91.
2880 9. 91.
2881 8. 92.
2882 8. 92.
2883 9. 91.
2884 9. 91.
2885 9. 91.
2886 9. 91.
2887 8. 92.
2888 8. 92.
2889 8. 92.
2890 8. 92.
2891 9. 91.
2892 9. 91.
2893 9. 91.
2894 9. 91.
2895 9. 91.
2896 9. 91.
2897 9. 91.
2898 8. 92.
2899 8. 92.
2900 8. 92.
2901 8. 92.
2902 8. 92.
2903 8. 92.
2904 8. 92.
2905 8. 92.
2906 8. 92.
2907 8. 92.
2908 8. 92.
2909 8. 92.
2910 8. 92.
2911 8. 92.
2912 8. 92.
2913 8. 92.
2914 8. 92.
2915 8. 92.
2916 8. 92.
2917 8. 92.
2918 8. 92.
2919 8. 92.
2920 8. 92.
2921 8. 92.
2922 8. 92.
2923 8. 92.
2924 8. 92.
2925 8. 92.
2926 8. 92.
2927 8. 92.
2928 8. 92.
2929 8. 92.
2930 8. 92.
2931 8. 92.
2932 8. 92.
2933 8. 92.
2934 8. 92.
2935 8. 92.
2936 9. 91.
2937 8. 92.
2938 8. 92.
2939 8. 92.
2940 8. 92.
2941 8. 92.
2942 8. 92.
2943 8. 92.
2944 8. 92.
2945 8. 92.
2946 8. 92.
2947 8. 92.
2948 8. 92.
2949 8. 92.
2950 8. 92.
2951 8. 92.
2952 8. 92.
2953 8. 92.
2954 8. 92.
2955 7. 93.
2956 7. 93.
2957 6. 94.
2958 6. 94.
2959 6. 94.
2960 5. 95.
2961 5. 95.
2962 5. 95.
2963 5. 95.
2964 5. 95.
2965 4. 96.
2966 4. 96.
2967 4. 96.
2968 4. 96.
2969 4. 96.
2970 4. 96.
2971 4. 96.
2972 4. 96.
2973 4. 96.
2974 4. 96.
2975 4. 96.
2976 4. 96.
2977 4. 96.
2978 4. 96.
2979 4. 96.
2980 4. 96.
2981 4. 96.
2982 4. 96.
2983 4. 96.
2984 4. 96.
2985 4. 96.
2986 4. 96.
2987 4. 96.
2988 4. 96.
2989 4. 96.
2990 4. 96.
2991 4. 96.
2992 4. 96.
2993 4. 96.
2994 4. 96.
2995 5. 95.
2996 5. 95.
2997 5. 95.
2998 5. 95.
2999 5. 95.
3000 5. 95.
3001 5. 95.
3002 5. 95.
3003 5. 95.
3004 5. 95.
3005 6. 94.
3006 6. 94.
3007 7. 93.
3008 7. 93.
3009 7. 93.
3010 7. 93.
3011 7. 93.
3012 7. 93.
3013 7. 93.
3014 7. 93.
3015 7. 93.
3016 7. 93.
3017 7. 93.
3018 6. 94.
3019 6. 94.
3020 6. 94.
3021 6. 94.
3022 6. 94.
3023 6. 94.
3024 6. 94.
3025 6. 94.
3026 5. 95.
3027 5. 95.
3028 5. 95.
3029 5. 95.
3030 5. 95.
3031 5. 95.
3032 6. 94.
3033 6. 94.
3034 5. 95.
3035 5. 95.
3036 5. 95.
3037 5. 95.
3038 5. 95.
3039 5. 95.
3040 5. 95.
3041 5. 95.
3042 5. 95.
3043 6. 94.
3044 5. 95.
3045 5. 95.
3046 5. 95.
3047 5. 95.
3048 5. 95.
3049 5. 95.
3050 5. 95.
3051 5. 95.
3052 5. 95.
3053 5. 95.
3054 5. 95.
3055 5. 95.
3056 5. 95.
3057 5. 95.
3058 5. 95.
3059 4. 96.
3060 3. 97.
3061 3. 97.
3062 3. 97.
3063 3. 97.
3064 3. 97.
3065 3. 97.
3066 3. 97.
3067 3. 97.
3068 3. 97.
3069 3. 97.
3070 3. 97.
3071 3. 97.
3072 3. 97.
3073 3. 97.
3074 3. 97.
3075 3. 97.
3076 3. 97.
3077 3. 97.
3078 3. 97.
3079 3. 97.
3080 3. 97.
3081 3. 97.
3082 3. 97.
3083 3. 97.
3084 3. 97.
3085 3. 97.
3086 3. 97.
3087 3. 97.
3088 3. 97.
3089 3. 97.
3090 3. 97.
3091 3. 97.
3092 3. 97.
3093 3. 97.
3094 3. 97.
3095 3. 97.
3096 3. 97.
3097 3. 97.
3098 3. 97.
3099 3. 97.
3100 3. 97.
3101 3. 97.
3102 3. 97.
3103 3. 97.
3104 3. 97.
3105 3. 97.
3106 3. 97.
3107 3. 97.
3108 3. 97.
3109 3. 97.
3110 3. 97.
3111 3. 97.
3112 3. 97.
3113 3. 97.
3114 3. 97.
3115 3. 97.
3116 3. 97.
3117 3. 97.
3118 3. 97.
3119 3. 97.
3120 3. 97.
3121 3. 97.
3122 3. 97.
3123 3. 97.
3124 3. 97.
3125 3. 97.
3126 3. 97.
3127 3. 97.
3128 3. 97.
3129 3. 97.
3130 3. 97.
3131 3. 97.
3132 4. 96.
3133 4. 96.
3134 3. 97.
3135 3. 97.
3136 3. 97.
3137 3. 97.
3138 3. 97.
3139 3. 97.
3140 3. 97.
3141 3. 97.
3142 3. 97.
3143 3. 97.
3144 3. 97.
3145 3. 97.
3146 3. 97.
3147 3. 97.
3148 3. 97.
3149 3. 97.
3150 3. 97.
3151 3. 97.
3152 3. 97.
3153 3. 97.
3154 3. 97.
3155 3. 97.
3156 3. 97.
3157 3. 97.
3158 3. 97.
3159 3. 97.
3160 3. 97.
3161 3. 97.
3162 3. 97.
3163 4. 96.
3164 4. 96.
3165 4. 96.
3166 4. 96.
3167 4. 96.
3168 4. 96.
3169 5. 95.
3170 5. 95.
3171 5. 95.
3172 5. 95.
3173 5. 95.
3174 5. 95.
3175 5. 95.
3176 5. 95.
3177 5. 95.
3178 5. 95.
3179 5. 95.
3180 5. 95.
3181 5. 95.
3182 5. 95.
3183 5. 95.
3184 5. 95.
3185 5. 95.
3186 5. 95.
3187 5. 95.
3188 5. 95.
3189 5. 95.
3190 5. 95.
3191 5. 95.
3192 5. 95.
3193 5. 95.
3194 5. 95.
3195 5. 95.
3196 5. 95.
3197 5. 95.
3198 5. 95.
3199 5. 95.
3200 5. 95.
3201 5. 95.
3202 5. 95.
3203 5. 95.
3204 6. 94.
3205 6. 94.
3206 6. 94.
3207 6. 94.
3208 6. 94.
3209 6. 94.
3210 6. 94.
3211 6. 94.
3212 6. 94.
3213 6. 94.
3214 6. 94.
3215 6. 94.
3216 5. 95.
3217 5. 95.
3218 5. 95.
3219 5. 95.
3220 5. 95.
3221 5. 95.
3222 5. 95.
3223 5. 95.
3224 5. 95.
3225 5. 95.
3226 5. 95.
3227 5. 95.
3228 5. 95.
3229 5. 95.
3230 5. 95.
3231 5. 95.
3232 5. 95.
3233 5. 95.
3234 5. 95.
3235 5. 95.
3236 5. 95.
3237 5. 95.
3238 5. 95.
3239 6. 94.
3240 6. 94.
3241 6. 94.
3242 6. 94.
3243 6. 94.
3244 6. 94.
3245 6. 94.
3246 6. 94.
3247 6. 94.
3248 6. 94.
3249 6. 94.
3250 6. 94.
3251 6. 94.
3252 6. 94.
3253 6. 94.
3254 6. 94.
3255 6. 94.
3256 6. 94.
3257 6. 94.
3258 6. 94.
3259 6. 94.
3260 6. 94.
3261 6. 94.
3262 6. 94.
3263 6. 94.
3264 5. 95.
3265 5. 95.
3266 5. 95.
3267 5. 95.
3268 5. 95.
3269 5. 95.
3270 5. 95.
3271 5. 95.
3272 5. 95.
3273 5. 95.
3274 5. 95.
3275 5. 95.
3276 5. 95.
3277 5. 95.
3278 5. 95.
3279 5. 95.
3280 5. 95.
3281 5. 95.
3282 4. 96.
3283 4. 96.
3284 4. 96.
3285 5. 95.
3286 5. 95.
3287 5. 95.
3288 5. 95.
3289 5. 95.
3290 5. 95.
3291 5. 95.
3292 5. 95.
3293 5. 95.
3294 5. 95.
3295 4. 96.
3296 4. 96.
3297 4. 96.
3298 4. 96.
3299 5. 95.
3300 5. 95.
3301 5. 95.
3302 5. 95.
3303 5. 95.
3304 5. 95.
3305 5. 95.
3306 5. 95.
3307 5. 95.
3308 5. 95.
3309 5. 95.
3310 5. 95.
3311 5. 95.
3312 5. 95.
3313 5. 95.
3314 5. 95.
3315 5. 95.
3316 5. 95.
3317 5. 95.
3318 5. 95.
3319 5. 95.
3320 5. 95.
3321 5. 95.
3322 5. 95.
3323 5. 95.
3324 5. 95.
3325 5. 95.
3326 5. 95.
3327 5. 95.
3328 5. 95.
3329 5. 95.
3330 5. 95.
3331 5. 95.
3332 5. 95.
3333 5. 95.
3334 5. 95.
3335 5. 95.
3336 5. 95.
3337 5. 95.
3338 5. 95.
3339 5. 95.
3340 5. 95.
3341 5. 95.
3342 5. 95.
3343 5. 95.
3344 5. 95.
3345 5. 95.
3346 5. 95.
3347 5. 95.
3348 5. 95.
3349 5. 95.
3350 5. 95.
3351 5. 95.
3352 5. 95.
3353 5. 95.
3354 5. 95.
3355 5. 95.
3356 4. 96.
3357 4. 96.
3358 4. 96.
3359 4. 96.
3360 4. 96.
3361 4. 96.
3362 4. 96.
3363 4. 96.
3364 4. 96.
3365 4. 96.
3366 4. 96.
3367 4. 96.
3368 4. 96.
3369 4. 96.
3370 4. 96.
3371 4. 96.
3372 4. 96.
3373 4. 96.
3374 4. 96.
3375 4. 96.
3376 4. 96.
3377 4. 96.
3378 4. 96.
3379 4. 96.
3380 4. 96.
3381 4. 96.
3382 4. 96.
3383 4. 96.
3384 4. 96.
3385 4. 96.
3386 4. 96.
3387 4. 96.
3388 4. 96.
3389 4. 96.
3390 4. 96.
3391 4. 96.
3392 4. 96.
3393 4. 96.
3394 4. 96.
3395 4. 96.
3396 4. 96.
3397 4. 96.
3398 4. 96.
3399 4. 96.
3400 4. 96.
3401 4. 96.
3402 4. 96.
3403 4. 96.
3404 4. 96.
3405 4. 96.
3406 5. 95.
3407 5. 95.
3408 5. 95.
3409 5. 95.
3410 5. 95.
3411 5. 95.
3412 5. 95.
3413 6. 94.
3414 6. 94.
3415 6. 94.
3416 6. 94.
3417 6. 94.
3418 6. 94.
3419 6. 94.
3420 6. 94.
3421 6. 94.
3422 6. 94.
3423 6. 94.
3424 6. 94.
3425 6. 94.
3426 6. 94.
3427 6. 94.
3428 6. 94.
3429 6. 94.
3430 6. 94.
3431 6. 94.
3432 6. 94.
3433 6. 94.
3434 6. 94.
3435 6. 94.
3436 6. 94.
3437 6. 94.
3438 6. 94.
3439 6. 94.
3440 6. 94.
3441 6. 94.
3442 6. 94.
3443 6. 94.
3444 6. 94.
3445 6. 94.
3446 6. 94.
3447 6. 94.
3448 6. 94.
3449 5. 95.
3450 5. 95.
3451 5. 95.
3452 5. 95.
3453 5. 95.
3454 6. 94.
3455 6. 94.
3456 7. 93.
3457 7. 93.
3458 7. 93.
3459 7. 93.
3460 7. 93.
3461 7. 93.
3462 7. 93.
3463 7. 93.
3464 7. 93.
3465 7. 93.
3466 7. 93.
3467 8. 92.
3468 8. 92.
3469 8. 92.
3470 8. 92.
3471 8. 92.
3472 8. 92.
3473 8. 92.
3474 8. 92.
3475 8. 92.
3476 8. 92.
3477 8. 92.
3478 8. 92.
3479 8. 92.
3480 8. 92.
3481 8. 92.
3482 8. 92.
3483 8. 92.
3484 8. 92.
3485 8. 92.
3486 7. 93.
3487 7. 93.
3488 8. 92.
3489 8. 92.
3490 8. 92.
3491 8. 92.
3492 8. 92.
3493 8. 92.
3494 9. 91.
3495 9. 91.
3496 9. 91.
3497 9. 91.
3498 9. 91.
3499 9. 91.
3500 9. 91.
3501 9. 91.
3502 8. 92.
3503 8. 92.
3504 8. 92.
3505 8. 92.
3506 8. 92.
3507 8. 92.
3508 8. 92.
3509 8. 92.
3510 8. 92.
3511 8. 92.
3512 7. 93.
3513 7. 93.
3514 7. 93.
3515 7. 93.
3516 7. 93.
3517 7. 93.
3518 7. 93.
3519 7. 93.
3520 7. 93.
3521 8. 92.
3522 8. 92.
3523 8. 92.
3524 8. 92.
3525 8. 92.
3526 8. 92.
3527 8. 92.
3528 8. 92.
3529 9. 91.
3530 9. 91.
3531 9. 91.
3532 10. 90.
3533 10. 90.
3534 10. 90.
3535 10. 90.
3536 10. 90.
3537 10. 90.
3538 10. 90.
3539 10. 90.
3540 10. 90.
3541 10. 90.
3542 11. 89.
3543 11. 89.
3544 11. 89.
3545 11. 89.
3546 11. 89.
3547 11. 89.
3548 11. 89.
3549 11. 89.
3550 11. 89.
3551 11. 89.
3552 11. 89.
3553 11. 89.
3554 12. 88.
3555 12. 88.
3556 12. 88.
3557 12. 88.
3558 11. 89.
3559 11. 89.
3560 12. 88.
3561 12. 88.
3562 12. 88.
3563 12. 88.
3564 12. 88.
3565 12. 88.
3566 12. 88.
3567 12. 88.
3568 12. 88.
3569 12. 88.
3570 12. 88.
3571 12. 88.
3572 12. 88.
3573 11. 89.
3574 11. 89.
3575 11. 89.
3576 12. 88.
3577 12. 88.
3578 12. 88.
3579 12. 88.
3580 12. 88.
3581 12. 88.
3582 12. 88.
3583 12. 88.
3584 12. 88.
3585 12. 88.
3586 12. 88.
3587 11. 89.
3588 11. 89.
3589 11. 89.
3590 11. 89.
3591 11. 89.
3592 11. 89.
3593 11. 89.
3594 11. 89.
3595 11. 89.
3596 11. 89.
3597 11. 89.
3598 11. 89.
3599 11. 89.
3600 11. 89.
3601 11. 89.
3602 11. 89.
3603 11. 89.
3604 11. 89.
3605 11. 89.
3606 11. 89.
3607 11. 89.
3608 11. 89.
3609 11. 89.
3610 11. 89.
3611 11. 89.
3612 11. 89.
3613 11. 89.
3614 11. 89.
3615 11. 89.
3616 11. 89.
3617 11. 89.
3618 11. 89.
3619 11. 89.
3620 11. 89.
3621 11. 89.
3622 11. 89.
3623 11. 89.
3624 11. 89.
3625 11. 89.
3626 11. 89.
3627 11. 89.
3628 11. 89.
3629 11. 89.
3630 11. 89.
3631 11. 89.
3632 11. 89.
3633 12. 88.
3634 12. 88.
3635 12. 88.
3636 12. 88.
3637 12. 88.
3638 12. 88.
3639 12. 88.
3640 12. 88.
3641 12. 88.
3642 12. 88.
3643 12. 88.
3644 12. 88.
3645 12. 88.
3646 12. 88.
3647 12. 88.
3648 12. 88.
3649 12. 88.
3650 12. 88.
3651 11. 89.
3652 11. 89.
3653 11. 89.
3654 11. 89.
3655 11. 89.
3656 11. 89.
3657 11. 89.
3658 11. 89.
3659 11. 89.
3660 11. 89.
3661 10. 90.
3662 10. 90.
3663 10. 90.
3664 10. 90.
3665 10. 90.
3666 10. 90.
3667 10. 90.
3668 10. 90.
3669 10. 90.
3670 10. 90.
3671 11. 89.
3672 11. 89.
3673 11. 89.
3674 11. 89.
3675 11. 89.
3676 11. 89.
3677 11. 89.
3678 11. 89.
3679 11. 89.
3680 11. 89.
3681 11. 89.
3682 11. 89.
3683 11. 89.
3684 11. 89.
3685 11. 89.
3686 11. 89.
3687 11. 89.
3688 11. 89.
3689 11. 89.
3690 11. 89.
3691 11. 89.
3692 11. 89.
3693 11. 89.
3694 11. 89.
3695 10. 90.
3696 10. 90.
3697 10. 90.
3698 9. 91.
3699 9. 91.
3700 10. 90.
3701 10. 90.
3702 10. 90.
3703 10. 90.
3704 10. 90.
3705 10. 90.
3706 10. 90.
3707 10. 90.
3708 10. 90.
3709 10. 90.
3710 10. 90.
3711 10. 90.
3712 10. 90.
3713 10. 90.
3714 9. 91.
3715 9. 91.
3716 9. 91.
3717 9. 91.
3718 9. 91.
3719 9. 91.
3720 9. 91.
3721 9. 91.
3722 9. 91.
3723 9. 91.
3724 9. 91.
3725 9. 91.
3726 9. 91.
3727 9. 91.
3728 9. 91.
3729 9. 91.
3730 9. 91.
3731 9. 91.
3732 9. 91.
3733 9. 91.
3734 9. 91.
3735 9. 91.
3736 9. 91.
3737 9. 91.
3738 9. 91.
3739 9. 91.
3740 9. 91.
3741 9. 91.
3742 9. 91.
3743 9. 91.
3744 9. 91.
3745 9. 91.
3746 9. 91.
3747 9. 91.
3748 9. 91.
3749 9. 91.
3750 9. 91.
3751 9. 91.
3752 9. 91.
3753 9. 91.
3754 9. 91.
3755 9. 91.
3756 9. 91.
3757 9. 91.
3758 9. 91.
3759 9. 91.
3760 9. 91.
3761 9. 91.
3762 9. 91.
3763 9. 91.
3764 9. 91.
3765 9. 91.
3766 9. 91.
3767 9. 91.
3768 9. 91.
3769 9. 91.
3770 9. 91.
3771 9. 91.
3772 9. 91.
3773 9. 91.
3774 9. 91.
3775 9. 91.
3776 9. 91.
3777 9. 91.
3778 9. 91.
3779 9. 91.
3780 9. 91.
3781 9. 91.
3782 9. 91.
3783 9. 91.
3784 9. 91.
3785 9. 91.
3786 9. 91.
3787 8. 92.
3788 8. 92.
3789 8. 92.
3790 8. 92.
3791 8. 92.
3792 8. 92.
3793 8. 92.
3794 8. 92.
3795 8. 92.
3796 8. 92.
3797 8. 92.
3798 8. 92.
3799 8. 92.
3800 8. 92.
3801 9. 91.
3802 9. 91.
3803 9. 91.
3804 9. 91.
3805 9. 91.
3806 9. 91.
3807 9. 91.
3808 9. 91.
3809 9. 91.
3810 8. 92.
3811 8. 92.
3812 8. 92.
3813 8. 92.
3814 8. 92.
3815 8. 92.
3816 8. 92.
3817 8. 92.
3818 8. 92.
3819 8. 92.
3820 7. 93.
3821 6. 94.
3822 6. 94.
3823 6. 94.
3824 6. 94.
3825 6. 94.
3826 6. 94.
3827 6. 94.
3828 7. 93.
3829 7. 93.
3830 7. 93.
3831 7. 93.
3832 6. 94.
3833 6. 94.
3834 6. 94.
3835 6. 94.
3836 6. 94.
3837 5. 95.
3838 5. 95.
3839 5. 95.
3840 5. 95.
3841 5. 95.
3842 5. 95.
3843 5. 95.
3844 5. 95.
3845 5. 95.
3846 5. 95.
3847 5. 95.
3848 5. 95.
3849 6. 94.
3850 6. 94.
3851 6. 94.
3852 6. 94.
3853 6. 94.
3854 6. 94.
3855 6. 94.
3856 6. 94.
3857 6. 94.
3858 5. 95.
3859 4. 96.
3860 4. 96.
3861 5. 95.
3862 5. 95.
3863 5. 95.
3864 5. 95.
3865 5. 95.
3866 5. 95.
3867 5. 95.
3868 5. 95.
3869 5. 95.
3870 5. 95.
3871 5. 95.
3872 4. 96.
3873 4. 96.
3874 4. 96.
3875 4. 96.
3876 4. 96.
3877 4. 96.
3878 4. 96.
3879 4. 96.
3880 4. 96.
3881 4. 96.
3882 4. 96.
3883 4. 96.
3884 4. 96.
3885 4. 96.
3886 4. 96.
3887 4. 96.
3888 4. 96.
3889 4. 96.
3890 4. 96.
3891 4. 96.
3892 4. 96.
3893 4. 96.
3894 4. 96.
3895 4. 96.
3896 4. 96.
3897 4. 96.
3898 4. 96.
3899 4. 96.
3900 4. 96.
3901 4. 96.
3902 4. 96.
3903 4. 96.
3904 4. 96.
3905 4. 96.
3906 4. 96.
3907 4. 96.
3908 4. 96.
3909 4. 96.
3910 4. 96.
3911 4. 96.
3912 4. 96.
3913 4. 96.
3914 4. 96.
3915 4. 96.
3916 4. 96.
3917 4. 96.
3918 4. 96.
3919 4. 96.
3920 4. 96.
3921 4. 96.
3922 4. 96.
3923 4. 96.
3924 4. 96.
3925 3. 97.
3926 3. 97.
3927 3. 97.
3928 3. 97.
3929 3. 97.
3930 3. 97.
3931 3. 97.
3932 3. 97.
3933 3. 97.
3934 3. 97.
3935 3. 97.
3936 3. 97.
3937 3. 97.
3938 3. 97.
3939 3. 97.
3940 3. 97.
3941 3. 97.
3942 3. 97.
3943 3. 97.
3944 3. 97.
3945 3. 97.
3946 3. 97.
3947 3. 97.
3948 3. 97.
3949 3. 97.
3950 3. 97.
3951 3. 97.
3952 3. 97.
3953 3. 97.
3954 3. 97.
3955 3. 97.
3956 3. 97.
3957 3. 97.
3958 3. 97.
3959 3. 97.
3960 3. 97.
3961 3. 97.
3962 3. 97.
3963 3. 97.
3964 3. 97.
3965 3. 97.
3966 3. 97.
3967 3. 97.
3968 3. 97.
3969 3. 97.
3970 3. 97.
3971 3. 97.
3972 4. 96.
3973 4. 96.
3974 4. 96.
3975 4. 96.
3976 4. 96.
3977 4. 96.
3978 4. 96.
3979 4. 96.
3980 4. 96.
3981 4. 96.
3982 4. 96.
3983 4. 96.
3984 3. 97.
3985 3. 97.
3986 3. 97.
3987 3. 97.
3988 3. 97.
3989 3. 97.
3990 3. 97.
3991 3. 97.
3992 3. 97.
3993 3. 97.
3994 3. 97.
3995 3. 97.
3996 3. 97.
3997 3. 97.
3998 3. 97.
3999 3. 97.
4000 3. 97.
4001 3. 97.
4002 3. 97.
4003 3. 97.
4004 3. 97.
4005 3. 97.
4006 3. 97.
4007 3. 97.
4008 3. 97.
4009 3. 97.
4010 3. 97.
4011 3. 97.
4012 3. 97.
4013 3. 97.
4014 3. 97.
4015 3. 97.
4016 3. 97.
4017 3. 97.
4018 3. 97.
4019 3. 97.
4020 3. 97.
4021 3. 97.
4022 3. 97.
4023 3. 97.
4024 3. 97.
4025 3. 97.
4026 3. 97.
4027 3. 97.
4028 3. 97.
4029 3. 97.
4030 3. 97.
4031 3. 97.
4032 3. 97.
4033 3. 97.
4034 3. 97.
4035 3. 97.
4036 3. 97.
4037 3. 97.
4038 3. 97.
4039 3. 97.
4040 3. 97.
4041 3. 97.
4042 3. 97.
4043 3. 97.
4044 3. 97.
4045 3. 97.
4046 3. 97.
4047 3. 97.
4048 3. 97.
4049 3. 97.
4050 3. 97.
4051 3. 97.
4052 3. 97.
4053 3. 97.
4054 3. 97.
4055 4. 96.
4056 4. 96.
4057 4. 96.
4058 4. 96.
4059 3. 97.
4060 3. 97.
4061 4. 96.
4062 4. 96.
4063 4. 96.
4064 4. 96.
4065 4. 96.
4066 4. 96.
4067 4. 96.
4068 4. 96.
4069 4. 96.
4070 4. 96.
4071 4. 96.
4072 4. 96.
4073 4. 96.
4074 4. 96.
4075 4. 96.
4076 4. 96.
4077 4. 96.
4078 4. 96.
4079 4. 96.
4080 4. 96.
4081 4. 96.
4082 3. 97.
4083 3. 97.
4084 3. 97.
4085 3. 97.
4086 3. 97.
4087 3. 97.
4088 3. 97.
4089 3. 97.
4090 3. 97.
4091 3. 97.
4092 3. 97.
4093 3. 97.
4094 3. 97.
4095 3. 97.
4096 3. 97.
4097 3. 97.
4098 3. 97.
4099 3. 97.
4100 3. 97.
4101 3. 97.
4102 3. 97.
4103 3. 97.
4104 4. 96.
4105 4. 96.
4106 4. 96.
4107 4. 96.
4108 4. 96.
4109 4. 96.
4110 4. 96.
4111 4. 96.
4112 4. 96.
4113 4. 96.
4114 4. 96.
4115 4. 96.
4116 4. 96.
4117 4. 96.
4118 4. 96.
4119 4. 96.
4120 4. 96.
4121 4. 96.
4122 4. 96.
4123 4. 96.
4124 4. 96.
4125 4. 96.
4126 4. 96.
4127 5. 95.
4128 5. 95.
4129 5. 95.
4130 5. 95.
4131 5. 95.
4132 5. 95.
4133 5. 95.
4134 5. 95.
4135 6. 94.
4136 6. 94.
4137 6. 94.
4138 6. 94.
4139 6. 94.
4140 6. 94.
4141 6. 94.
4142 6. 94.
4143 5. 95.
4144 5. 95.
4145 5. 95.
4146 6. 94.
4147 6. 94.
4148 6. 94.
4149 6. 94.
4150 6. 94.
4151 6. 94.
4152 6. 94.
4153 6. 94.
4154 6. 94.
4155 6. 94.
4156 6. 94.
4157 6. 94.
4158 6. 94.
4159 6. 94.
4160 6. 94.
4161 6. 94.
4162 6. 94.
4163 6. 94.
4164 7. 93.
4165 7. 93.
4166 7. 93.
4167 7. 93.
4168 7. 93.
4169 7. 93.
4170 7. 93.
4171 7. 93.
4172 7. 93.
4173 7. 93.
4174 7. 93.
4175 7. 93.
4176 7. 93.
4177 6. 94.
4178 6. 94.
4179 6. 94.
4180 6. 94.
4181 6. 94.
4182 6. 94.
4183 6. 94.
4184 6. 94.
4185 6. 94.
4186 6. 94.
4187 6. 94.
4188 6. 94.
4189 6. 94.
4190 6. 94.
4191 6. 94.
4192 6. 94.
4193 6. 94.
4194 6. 94.
4195 6. 94.
4196 6. 94.
4197 6. 94.
4198 6. 94.
4199 6. 94.
4200 6. 94.
4201 6. 94.
4202 6. 94.
4203 6. 94.
4204 6. 94.
4205 6. 94.
4206 6. 94.
4207 6. 94.
4208 6. 94.
4209 6. 94.
4210 6. 94.
4211 6. 94.
4212 6. 94.
4213 6. 94.
4214 6. 94.
4215 6. 94.
4216 6. 94.
4217 6. 94.
4218 5. 95.
4219 5. 95.
4220 5. 95.
4221 4. 96.
4222 4. 96.
4223 4. 96.
4224 4. 96.
4225 4. 96.
4226 4. 96.
4227 4. 96.
4228 4. 96.
4229 4. 96.
4230 4. 96.
4231 4. 96.
4232 4. 96.
4233 4. 96.
4234 4. 96.
4235 4. 96.
4236 4. 96.
4237 4. 96.
4238 4. 96.
4239 4. 96.
4240 4. 96.
4241 4. 96.
4242 4. 96.
4243 4. 96.
4244 4. 96.
4245 4. 96.
4246 4. 96.
4247 4. 96.
4248 4. 96.
4249 4. 96.
4250 4. 96.
4251 4. 96.
4252 4. 96.
4253 4. 96.
4254 4. 96.
4255 4. 96.
4256 4. 96.
4257 4. 96.
4258 4. 96.
4259 4. 96.
4260 4. 96.
4261 4. 96.
4262 4. 96.
4263 4. 96.
4264 4. 96.
4265 4. 96.
4266 4. 96.
4267 4. 96.
4268 4. 96.
4269 4. 96.
4270 4. 96.
4271 4. 96.
4272 4. 96.
4273 4. 96.
4274 4. 96.
4275 4. 96.
4276 4. 96.
4277 4. 96.
4278 4. 96.
4279 4. 96.
4280 4. 96.
4281 4. 96.
4282 4. 96.
4283 4. 96.
4284 4. 96.
4285 4. 96.
4286 4. 96.
4287 4. 96.
4288 4. 96.
4289 4. 96.
4290 4. 96.
4291 4. 96.
4292 4. 96.
4293 4. 96.
4294 4. 96.
4295 4. 96.
4296 4. 96.
4297 4. 96.
4298 4. 96.
4299 4. 96.
4300 4. 96.
4301 4. 96.
4302 4. 96.
4303 4. 96.
4304 4. 96.
4305 4. 96.
4306 5. 95.
4307 5. 95.
4308 5. 95.
4309 5. 95.
4310 5. 95.
4311 5. 95.
4312 5. 95.
4313 5. 95.
4314 5. 95.
4315 5. 95.
4316 5. 95.
4317 5. 95.
4318 5. 95.
4319 5. 95.
4320 5. 95.
4321 5. 95.
4322 5. 95.
4323 5. 95.
4324 5. 95.
4325 5. 95.
4326 5. 95.
4327 5. 95.
4328 5. 95.
4329 5. 95.
4330 5. 95.
4331 5. 95.
4332 5. 95.
4333 5. 95.
4334 5. 95.
4335 5. 95.
4336 5. 95.
4337 5. 95.
4338 5. 95.
4339 5. 95.
4340 5. 95.
4341 6. 94.
4342 6. 94.
4343 6. 94.
4344 6. 94.
4345 5. 95.
4346 5. 95.
4347 5. 95.
4348 5. 95.
4349 5. 95.
4350 5. 95.
4351 5. 95.
4352 5. 95.
4353 5. 95.
4354 5. 95.
4355 5. 95.
4356 5. 95.
4357 5. 95.
4358 5. 95.
4359 5. 95.
4360 5. 95.
4361 5. 95.
4362 4. 96.
4363 4. 96.
4364 4. 96.
4365 4. 96.
4366 4. 96.
4367 4. 96.
4368 4. 96.
4369 4. 96.
4370 4. 96.
4371 4. 96.
4372 4. 96.
4373 4. 96.
4374 4. 96.
4375 4. 96.
4376 4. 96.
4377 4. 96.
4378 4. 96.
4379 4. 96.
4380 4. 96.
4381 4. 96.
4382 4. 96.
4383 4. 96.
4384 4. 96.
4385 4. 96.
4386 4. 96.
4387 4. 96.
4388 4. 96.
4389 4. 96.
4390 4. 96.
4391 4. 96.
4392 4. 96.
4393 4. 96.
4394 4. 96.
4395 4. 96.
4396 4. 96.
4397 4. 96.
4398 4. 96.
4399 5. 95.
4400 5. 95.
4401 4. 96.
4402 4. 96.
4403 4. 96.
4404 4. 96.
4405 3. 97.
4406 3. 97.
4407 3. 97.
4408 3. 97.
4409 3. 97.
4410 3. 97.
4411 3. 97.
4412 3. 97.
4413 3. 97.
4414 3. 97.
4415 3. 97.
4416 3. 97.
4417 3. 97.
4418 3. 97.
4419 3. 97.
4420 3. 97.
4421 3. 97.
4422 3. 97.
4423 3. 97.
4424 3. 97.
4425 3. 97.
4426 3. 97.
4427 3. 97.
4428 3. 97.
4429 3. 97.
4430 3. 97.
4431 3. 97.
4432 3. 97.
4433 3. 97.
4434 3. 97.
4435 3. 97.
4436 3. 97.
4437 3. 97.
4438 3. 97.
4439 3. 97.
4440 3. 97.
4441 3. 97.
4442 3. 97.
4443 3. 97.
4444 3. 97.
4445 3. 97.
4446 3. 97.
4447 3. 97.
4448 3. 97.
4449 3. 97.
4450 3. 97.
4451 3. 97.
4452 3. 97.
4453 3. 97.
4454 3. 97.
4455 3. 97.
4456 3. 97.
4457 3. 97.
4458 3. 97.
4459 3. 97.
4460 3. 97.
4461 3. 97.
4462 3. 97.
4463 3. 97.
4464 3. 97.
4465 3. 97.
4466 3. 97.
4467 3. 97.
4468 3. 97.
4469 3. 97.
4470 3. 97.
4471 3. 97.
4472 3. 97.
4473 3. 97.
4474 3. 97.
4475 3. 97.
4476 3. 97.
4477 3. 97.
4478 3. 97.
4479 3. 97.
4480 3. 97.
4481 3. 97.
4482 3. 97.
4483 3. 97.
4484 3. 97.
4485 3. 97.
4486 3. 97.
4487 3. 97.
4488 3. 97.
4489 3. 97.
4490 3. 97.
4491 3. 97.
4492 3. 97.
4493 3. 97.
4494 3. 97.
4495 3. 97.
4496 3. 97.
4497 3. 97.
4498 3. 97.
4499 3. 97.
4500 3. 97.
4501 3. 97.
4502 3. 97.
4503 3. 97.
4504 3. 97.
4505 3. 97.
4506 3. 97.
4507 3. 97.
4508 3. 97.
4509 3. 97.
4510 3. 97.
4511 3. 97.
4512 3. 97.
4513 3. 97.
4514 3. 97.
4515 3. 97.
4516 3. 97.
4517 3. 97.
4518 3. 97.
4519 3. 97.
4520 3. 97.
4521 3. 97.
4522 3. 97.
4523 3. 97.
4524 3. 97.
4525 3. 97.
4526 3. 97.
4527 2. 98.
4528 2. 98.
4529 2. 98.
4530 2. 98.
4531 2. 98.
4532 2. 98.
4533 2. 98.
4534 2. 98.
4535 2. 98.
4536 2. 98.
4537 2. 98.
4538 2. 98.
4539 2. 98.
4540 1. 99.
4541 1. 99.
4542 1. 99.
4543 1. 99.
4544 1. 99.
4545 1. 99.
4546 1. 99.
4547 1. 99.
4548 1. 99.
4549 1. 99.
4550 1. 99.
4551 1. 99.
4552 1. 99.
4553 1. 99.
4554 1. 99.
4555 1. 99.
4556 1. 99.
4557 1. 99.
4558 1. 99.
4559 1. 99.
4560 1. 99.
4561 2. 98.
4562 2. 98.
4563 2. 98.
4564 2. 98.
4565 2. 98.
4566 2. 98.
4567 2. 98.
4568 2. 98.
4569 2. 98.
4570 2. 98.
4571 2. 98.
4572 2. 98.
4573 2. 98.
4574 2. 98.
4575 2. 98.
4576 2. 98.
4577 2. 98.
4578 2. 98.
4579 2. 98.
4580 2. 98.
4581 2. 98.
4582 2. 98.
4583 2. 98.
4584 2. 98.
4585 2. 98.
4586 2. 98.
4587 2. 98.
4588 2. 98.
4589 2. 98.
4590 2. 98.
4591 2. 98.
4592 2. 98.
4593 2. 98.
4594 2. 98.
4595 2. 98.
4596 2. 98.
4597 2. 98.
4598 2. 98.
4599 2. 98.
4600 2. 98.
4601 2. 98.
4602 2. 98.
4603 2. 98.
4604 2. 98.
4605 2. 98.
4606 2. 98.
4607 2. 98.
4608 2. 98.
4609 2. 98.
4610 2. 98.
4611 2. 98.
4612 2. 98.
4613 2. 98.
4614 2. 98.
4615 2. 98.
4616 2. 98.
4617 2. 98.
4618 2. 98.
4619 2. 98.
4620 2. 98.
4621 2. 98.
4622 2. 98.
4623 2. 98.
4624 2. 98.
4625 2. 98.
4626 2. 98.
4627 2. 98.
4628 2. 98.
4629 2. 98.
4630 2. 98.
4631 2. 98.
4632 2. 98.
4633 2. 98.
4634 2. 98.
4635 2. 98.
4636 2. 98.
4637 2. 98.
4638 2. 98.
4639 2. 98.
4640 2. 98.
4641 2. 98.
4642 2. 98.
4643 2. 98.
4644 2. 98.
4645 2. 98.
4646 2. 98.
4647 2. 98.
4648 2. 98.
4649 2. 98.
4650 2. 98.
4651 3. 97.
4652 3. 97.
4653 3. 97.
4654 3. 97.
4655 3. 97.
4656 3. 97.
4657 3. 97.
4658 3. 97.
4659 3. 97.
4660 3. 97.
4661 3. 97.
4662 3. 97.
4663 3. 97.
4664 3. 97.
4665 3. 97.
4666 3. 97.
4667 3. 97.
4668 3. 97.
4669 3. 97.
4670 3. 97.
4671 3. 97.
4672 3. 97.
4673 3. 97.
4674 3. 97.
4675 3. 97.
4676 3. 97.
4677 3. 97.
4678 3. 97.
4679 3. 97.
4680 3. 97.
4681 3. 97.
4682 3. 97.
4683 3. 97.
4684 3. 97.
4685 3. 97.
4686 3. 97.
4687 3. 97.
4688 3. 97.
4689 3. 97.
4690 3. 97.
4691 3. 97.
4692 3. 97.
4693 3. 97.
4694 3. 97.
4695 3. 97.
4696 3. 97.
4697 2. 98.
4698 2. 98.
4699 2. 98.
4700 2. 98.
4701 2. 98.
4702 2. 98.
4703 2. 98.
4704 2. 98.
4705 2. 98.
4706 2. 98.
4707 2. 98.
4708 2. 98.
4709 2. 98.
4710 2. 98.
4711 2. 98.
4712 2. 98.
4713 2. 98.
4714 2. 98.
4715 2. 98.
4716 2. 98.
4717 2. 98.
4718 2. 98.
4719 2. 98.
4720 2. 98.
4721 2. 98.
4722 2. 98.
4723 2. 98.
4724 2. 98.
4725 2. 98.
4726 2. 98.
4727 2. 98.
4728 2. 98.
4729 2. 98.
4730 2. 98.
4731 2. 98.
4732 2. 98.
4733 2. 98.
4734 2. 98.
4735 2. 98.
4736 2. 98.
4737 2. 98.
4738 2. 98.
4739 2. 98.
4740 2. 98.
4741 2. 98.
4742 2. 98.
4743 2. 98.
4744 2. 98.
4745 2. 98.
4746 2. 98.
4747 2. 98.
4748 2. 98.
4749 2. 98.
4750 2. 98.
4751 2. 98.
4752 2. 98.
4753 2. 98.
4754 2. 98.
4755 2. 98.
4756 2. 98.
4757 2. 98.
4758 2. 98.
4759 2. 98.
4760 2. 98.
4761 2. 98.
4762 2. 98.
4763 2. 98.
4764 2. 98.
4765 2. 98.
4766 2. 98.
4767 2. 98.
4768 2. 98.
4769 2. 98.
4770 2. 98.
4771 2. 98.
4772 2. 98.
4773 2. 98.
4774 2. 98.
4775 2. 98.
4776 2. 98.
4777 2. 98.
4778 2. 98.
4779 2. 98.
4780 2. 98.
4781 2. 98.
4782 2. 98.
4783 2. 98.
4784 2. 98.
4785 2. 98.
4786 2. 98.
4787 2. 98.
4788 2. 98.
4789 2. 98.
4790 2. 98.
4791 2. 98.
4792 2. 98.
4793 2. 98.
4794 2. 98.
4795 2. 98.
4796 2. 98.
4797 2. 98.
4798 1. 99.
4799 1. 99.
4800 1. 99.
4801 1. 99.
4802 1. 99.
4803 1. 99.
4804 1. 99.
4805 1. 99.
4806 1. 99.
4807 1. 99.
4808 1. 99.
4809 1. 99.
4810 1. 99.
4811 1. 99.
4812 1. 99.
4813 1. 99.
4814 1. 99.
4815 1. 99.
4816 1. 99.
4817 1. 99.
4818 1. 99.
4819 1. 99.
4820 1. 99.
4821 1. 99.
4822 1. 99.
4823 1. 99.
4824 1. 99.
4825 1. 99.
4826 1. 99.
4827 1. 99.
4828 1. 99.
4829 1. 99.
4830 1. 99.
4831 1. 99.
4832 1. 99.
