0 17. 83.
1 17. 83.
2 17. 83.
3 17. 83.
4 17. 83.
5 18. 82.
6 18. 82.
7 17. 83.
8 17. 83.
9 17. 83.
10 17. 83.
11 17. 83.
12 18. 82.
13 19. 81.
14 19. 81.
15 19. 81.
16 19. 81.
17 19. 81.
18 20. 80.
19 20. 80.
20 20. 80.
21 20. 80.
22 19. 81.
23 19. 81.
24 19. 81.
25 19. 81.
26 19. 81.
27 18. 82.
28 18. 82.
29 18. 82.
30 18. 82.
31 18. 82.
32 18. 82.
33 19. 81.
34 19. 81.
35 18. 82.
36 19. 81.
37 19. 81.
38 18. 82.
39 18. 82.
40 18. 82.
41 18. 82.
42 19. 81.
43 18. 82.
44 18. 82.
45 18. 82.
46 18. 82.
47 18. 82.
48 18. 82.
49 18. 82.
50 18. 82.
51 18. 82.
52 18. 82.
53 18. 82.
54 18. 82.
55 19. 81.
56 19. 81.
57 19. 81.
58 19. 81.
59 20. 80.
60 21. 79.
61 21. 79.
62 21. 79.
63 21. 79.
64 20. 80.
65 20. 80.
66 20. 80.
67 20. 80.
68 20. 80.
69 20. 80.
70 20. 80.
71 20. 80.
72 20. 80.
73 19. 81.
74 19. 81.
75 19. 81.
76 19. 81.
77 19. 81.
78 19. 81.
79 18. 82.
80 18. 82.
81 18. 82.
82 18. 82.
83 18. 82.
84 18. 82.
85 18. 82.
86 18. 82.
87 19. 81.
88 19. 81.
89 19. 81.
90 20. 80.
91 20. 80.
92 20. 80.
93 20. 80.
94 20. 80.
95 21. 79.
96 21. 79.
97 21. 79.
98 21. 79.
99 20. 80.
100 20. 80.
101 20. 80.
102 20. 80.
103 20. 80.
104 20. 80.
105 20. 80.
106 20. 80.
107 20. 80.
108 20. 80.
109 20. 80.
110 19. 81.
111 18. 82.
112 19. 81.
113 19. 81.
114 19. 81.
115 19. 81.
116 20. 80.
117 21. 79.
118 21. 79.
119 21. 79.
120 20. 80.
121 20. 80.
122 20. 80.
123 20. 80.
124 20. 80.
125 20. 80.
126 20. 80.
127 19. 81.
128 19. 81.
129 19. 81.
130 19. 81.
131 19. 81.
132 19. 81.
133 19. 81.
134 19. 81.
135 19. 81.
136 19. 81.
137 20. 80.
138 20. 80.
139 20. 80.
140 20. 80.
141 20. 80.
142 20. 80.
143 21. 79.
144 21. 79.
145 22. 78.
146 22. 78.
147 21. 79.
148 21. 79.
149 21. 79.
150 21. 79.
151 21. 79.
152 20. 80.
153 19. 81.
154 19. 81.
155 19. 81.
156 19. 81.
157 19. 81.
158 19. 81.
159 19. 81.
160 19. 81.
161 19. 81.
162 20. 80.
163 20. 80.
164 19. 81.
165 19. 81.
166 19. 81.
167 19. 81.
168 18. 82.
169 17. 83.
170 17. 83.
171 17. 83.
172 18. 82.
173 18. 82.
174 18. 82.
175 18. 82.
176 18. 82.
177 18. 82.
178 18. 82.
179 18. 82.
180 18. 82.
181 18. 82.
182 18. 82.
183 18. 82.
184 18. 82.
185 18. 82.
186 18. 82.
187 18. 82.
188 18. 82.
189 18. 82.
190 18. 82.
191 18. 82.
192 18. 82.
193 18. 82.
194 18. 82.
195 18. 82.
196 18. 82.
197 18. 82.
198 17. 83.
199 17. 83.
200 17. 83.
201 17. 83.
202 17. 83.
203 17. 83.
204 17. 83.
205 17. 83.
206 17. 83.
207 17. 83.
208 17. 83.
209 17. 83.
210 17. 83.
211 18. 82.
212 17. 83.
213 18. 82.
214 18. 82.
215 18. 82.
216 18. 82.
217 18. 82.
218 19. 81.
219 19. 81.
220 19. 81.
221 19. 81.
222 19. 81.
223 19. 81.
224 19. 81.
225 19. 81.
226 19. 81.
227 19. 81.
228 19. 81.
229 18. 82.
230 17. 83.
231 17. 83.
232 17. 83.
233 17. 83.
234 17. 83.
235 17. 83.
236 17. 83.
237 17. 83.
238 17. 83.
239 17. 83.
240 17. 83.
241 17. 83.
242 17. 83.
243 17. 83.
244 17. 83.
245 17. 83.
246 17. 83.
247 17. 83.
248 17. 83.
249 17. 83.
250 17. 83.
251 17. 83.
252 16. 84.
253 17. 83.
254 17. 83.
255 17. 83.
256 17. 83.
257 17. 83.
258 18. 82.
259 18. 82.
260 17. 83.
261 17. 83.
262 18. 82.
263 18. 82.
264 18. 82.
265 18. 82.
266 17. 83.
267 17. 83.
268 17. 83.
269 17. 83.
270 18. 82.
271 18. 82.
272 19. 81.
273 19. 81.
274 19. 81.
275 19. 81.
276 19. 81.
277 19. 81.
278 19. 81.
279 19. 81.
280 19. 81.
281 19. 81.
282 19. 81.
283 19. 81.
284 19. 81.
285 19. 81.
286 19. 81.
287 20. 80.
288 20. 80.
289 21. 79.
290 21. 79.
291 21. 79.
292 21. 79.
293 21. 79.
294 21. 79.
295 21. 79.
296 21. 79.
297 21. 79.
298 20. 80.
299 20. 80.
300 21. 79.
301 22. 78.
302 21. 79.
303 21. 79.
304 21. 79.
305 21. 79.
306 22. 78.
307 22. 78.
308 22. 78.
309 22. 78.
310 21. 79.
311 21. 79.
312 20. 80.
313 21. 79.
314 21. 79.
315 20. 80.
316 20. 80.
317 20. 80.
318 20. 80.
319 20. 80.
320 20. 80.
321 20. 80.
322 19. 81.
323 19. 81.
324 19. 81.
325 19. 81.
326 19. 81.
327 20. 80.
328 20. 80.
329 20. 80.
330 20. 80.
331 20. 80.
332 20. 80.
333 20. 80.
334 19. 81.
335 19. 81.
336 18. 82.
337 18. 82.
338 18. 82.
339 18. 82.
340 19. 81.
341 19. 81.
342 19. 81.
343 19. 81.
344 19. 81.
345 19. 81.
346 18. 82.
347 18. 82.
348 18. 82.
349 18. 82.
350 18. 82.
351 18. 82.
352 18. 82.
353 18. 82.
354 18. 82.
355 17. 83.
356 18. 82.
357 18. 82.
358 18. 82.
359 17. 83.
360 17. 83.
361 17. 83.
362 17. 83.
363 17. 83.
364 17. 83.
365 18. 82.
366 18. 82.
367 18. 82.
368 18. 82.
369 18. 82.
370 18. 82.
371 18. 82.
372 18. 82.
373 18. 82.
374 18. 82.
375 18. 82.
376 18. 82.
377 18. 82.
378 18. 82.
379 18. 82.
380 18. 82.
381 18. 82.
382 18. 82.
383 18. 82.
384 18. 82.
385 18. 82.
386 18. 82.
387 18. 82.
388 18. 82.
389 18. 82.
390 18. 82.
391 18. 82.
392 18. 82.
393 18. 82.
394 18. 82.
395 18. 82.
396 18. 82.
397 17. 83.
398 17. 83.
399 17. 83.
400 17. 83.
401 17. 83.
402 18. 82.
403 18. 82.
404 18. 82.
405 18. 82.
406 18. 82.
407 18. 82.
408 17. 83.
409 16. 84.
410 16. 84.
411 16. 84.
412 16. 84.
413 16. 84.
414 16. 84.
415 16. 84.
416 16. 84.
417 16. 84.
418 16. 84.
419 15. 85.
420 16. 84.
421 16. 84.
422 16. 84.
423 16. 84.
424 16. 84.
425 16. 84.
426 17. 83.
427 17. 83.
428 17. 83.
429 17. 83.
430 17. 83.
431 16. 84.
432 15. 85.
433 15. 85.
434 15. 85.
435 15. 85.
436 15. 85.
437 16. 84.
438 16. 84.
439 16. 84.
440 16. 84.
441 16. 84.
442 17. 83.
443 17. 83.
444 17. 83.
445 17. 83.
446 17. 83.
447 17. 83.
448 17. 83.
449 17. 83.
450 17. 83.
451 17. 83.
452 17. 83.
453 17. 83.
454 16. 84.
455 17. 83.
456 17. 83.
457 17. 83.
458 17. 83.
459 16. 84.
460 16. 84.
461 16. 84.
462 16. 84.
463 16. 84.
464 15. 85.
465 15. 85.
466 16. 84.
467 16. 84.
468 15. 85.
469 15. 85.
470 15. 85.
471 15. 85.
472 14. 86.
473 14. 86.
474 14. 86.
475 14. 86.
476 14. 86.
477 14. 86.
478 14. 86.
479 14. 86.
480 14. 86.
481 15. 85.
482 15. 85.
483 15. 85.
484 14. 86.
485 14. 86.
486 15. 85.
487 15. 85.
488 15. 85.
489 15. 85.
490 15. 85.
491 15. 85.
492 15. 85.
493 15. 85.
494 16. 84.
495 16. 84.
496 16. 84.
497 16. 84.
498 16. 84.
499 17. 83.
500 17. 83.
501 17. 83.
502 17. 83.
503 17. 83.
504 17. 83.
505 18. 82.
506 18. 82.
507 18. 82.
508 18. 82.
509 18. 82.
510 18. 82.
511 18. 82.
512 18. 82.
513 18. 82.
514 18. 82.
515 18. 82.
516 18. 82.
517 17. 83.
518 17. 83.
519 17. 83.
520 17. 83.
521 17. 83.
522 17. 83.
523 17. 83.
524 17. 83.
525 17. 83.
526 17. 83.
527 16. 84.
528 16. 84.
529 16. 84.
530 16. 84.
531 16. 84.
532 16. 84.
533 16. 84.
534 16. 84.
535 16. 84.
536 17. 83.
537 17. 83.
538 17. 83.
539 17. 83.
540 16. 84.
541 16. 84.
542 16. 84.
543 16. 84.
544 16. 84.
545 16. 84.
546 15. 85.
547 15. 85.
548 16. 84.
549 16. 84.
550 16. 84.
551 16. 84.
552 16. 84.
553 16. 84.
554 16. 84.
555 16. 84.
556 15. 85.
557 15. 85.
558 15. 85.
559 15. 85.
560 15. 85.
561 15. 85.
562 15. 85.
563 16. 84.
564 16. 84.
565 16. 84.
566 15. 85.
567 15. 85.
568 15. 85.
569 15. 85.
570 15. 85.
571 15. 85.
572 15. 85.
573 15. 85.
574 15. 85.
575 15. 85.
576 14. 86.
577 14. 86.
578 14. 86.
579 14. 86.
580 14. 86.
581 14. 86.
582 14. 86.
583 13. 87.
584 13. 87.
585 13. 87.
586 13. 87.
587 13. 87.
588 13. 87.
589 13. 87.
590 13. 87.
591 13. 87.
592 13. 87.
593 13. 87.
594 13. 87.
595 13. 87.
596 13. 87.
597 12. 88.
598 12. 88.
599 12. 88.
600 13. 87.
601 12. 88.
602 12. 88.
603 12. 88.
604 12. 88.
605 12. 88.
606 12. 88.
607 12. 88.
608 12. 88.
609 13. 87.
610 13. 87.
611 13. 87.
612 13. 87.
613 13. 87.
614 13. 87.
615 13. 87.
616 13. 87.
617 13. 87.
618 13. 87.
619 13. 87.
620 13. 87.
621 13. 87.
622 13. 87.
623 13. 87.
624 13. 87.
625 13. 87.
626 13. 87.
627 13. 87.
628 13. 87.
629 13. 87.
630 13. 87.
631 13. 87.
632 13. 87.
633 13. 87.
634 13. 87.
635 13. 87.
636 13. 87.
637 13. 87.
638 13. 87.
639 13. 87.
640 13. 87.
641 13. 87.
642 13. 87.
643 12. 88.
644 12. 88.
645 12. 88.
646 12. 88.
647 11. 89.
648 11. 89.
649 11. 89.
650 11. 89.
651 11. 89.
652 10. 90.
653 10. 90.
654 9. 91.
655 8. 92.
656 8. 92.
657 8. 92.
658 8. 92.
659 8. 92.
660 8. 92.
661 8. 92.
662 8. 92.
663 8. 92.
664 8. 92.
665 8. 92.
666 8. 92.
667 8. 92.
668 8. 92.
669 8. 92.
670 8. 92.
671 8. 92.
672 7. 93.
673 7. 93.
674 7. 93.
675 7. 93.
676 7. 93.
677 7. 93.
678 7. 93.
679 7. 93.
680 7. 93.
681 7. 93.
682 7. 93.
683 7. 93.
684 7. 93.
685 7. 93.
686 7. 93.
687 7. 93.
688 7. 93.
689 7. 93.
690 7. 93.
691 6. 94.
692 6. 94.
693 6. 94.
694 6. 94.
695 6. 94.
696 6. 94.
697 6. 94.
698 6. 94.
699 6. 94.
700 6. 94.
701 6. 94.
702 6. 94.
703 6. 94.
704 6. 94.
705 6. 94.
706 6. 94.
707 6. 94.
708 6. 94.
709 6. 94.
710 6. 94.
711 6. 94.
712 6. 94.
713 6. 94.
714 6. 94.
715 6. 94.
716 6. 94.
717 6. 94.
718 6. 94.
719 6. 94.
720 6. 94.
721 6. 94.
722 6. 94.
723 6. 94.
724 6. 94.
725 6. 94.
726 6. 94.
727 6. 94.
728 6. 94.
729 5. 95.
730 5. 95.
731 5. 95.
732 5. 95.
733 5. 95.
734 5. 95.
735 5. 95.
736 5. 95.
737 5. 95.
738 5. 95.
739 5. 95.
740 5. 95.
741 5. 95.
742 5. 95.
743 5. 95.
744 5. 95.
745 5. 95.
746 5. 95.
747 5. 95.
748 5. 95.
749 5. 95.
750 5. 95.
751 5. 95.
752 5. 95.
753 5. 95.
754 5. 95.
755 5. 95.
756 5. 95.
757 5. 95.
758 5. 95.
759 5. 95.
760 5. 95.
761 5. 95.
762 5. 95.
763 5. 95.
764 5. 95.
765 5. 95.
766 5. 95.
767 5. 95.
768 5. 95.
769 5. 95.
770 5. 95.
771 5. 95.
772 5. 95.
773 6. 94.
774 6. 94.
775 6. 94.
776 6. 94.
777 6. 94.
778 6. 94.
779 6. 94.
780 6. 94.
781 6. 94.
782 6. 94.
783 6. 94.
784 6. 94.
785 6. 94.
786 6. 94.
787 6. 94.
788 6. 94.
789 6. 94.
790 6. 94.
791 7. 93.
792 7. 93.
793 7. 93.
794 7. 93.
795 7. 93.
796 7. 93.
797 7. 93.
798 7. 93.
799 7. 93.
800 7. 93.
801 7. 93.
802 7. 93.
803 7. 93.
804 7. 93.
805 6. 94.
806 6. 94.
807 5. 95.
808 5. 95.
809 5. 95.
810 5. 95.
811 5. 95.
812 5. 95.
813 5. 95.
814 5. 95.
815 5. 95.
816 5. 95.
817 5. 95.
818 5. 95.
819 6. 94.
820 6. 94.
821 6. 94.
822 6. 94.
823 6. 94.
824 6. 94.
825 6. 94.
826 6. 94.
827 6. 94.
828 6. 94.
829 6. 94.
830 6. 94.
831 6. 94.
832 6. 94.
833 6. 94.
834 6. 94.
835 6. 94.
836 6. 94.
837 6. 94.
838 6. 94.
839 6. 94.
840 5. 95.
841 5. 95.
842 5. 95.
843 5. 95.
844 5. 95.
845 5. 95.
846 5. 95.
847 4. 96.
848 4. 96.
849 4. 96.
850 4. 96.
851 4. 96.
852 4. 96.
853 5. 95.
854 5. 95.
855 5. 95.
856 5. 95.
857 5. 95.
858 5. 95.
859 5. 95.
860 5. 95.
861 5. 95.
862 5. 95.
863 5. 95.
864 5. 95.
865 5. 95.
866 6. 94.
867 6. 94.
868 6. 94.
869 7. 93.
870 7. 93.
871 7. 93.
872 7. 93.
873 7. 93.
874 7. 93.
875 7. 93.
876 7. 93.
877 7. 93.
878 7. 93.
879 7. 93.
880 7. 93.
881 7. 93.
882 7. 93.
883 7. 93.
884 6. 94.
885 6. 94.
886 6. 94.
887 6. 94.
888 6. 94.
889 6. 94.
890 6. 94.
891 6. 94.
892 6. 94.
893 6. 94.
894 6. 94.
895 6. 94.
896 6. 94.
897 6. 94.
898 6. 94.
899 6. 94.
900 6. 94.
901 6. 94.
902 6. 94.
903 6. 94.
904 5. 95.
905 4. 96.
906 4. 96.
907 4. 96.
908 4. 96.
909 4. 96.
910 4. 96.
911 4. 96.
912 4. 96.
913 4. 96.
914 4. 96.
915 4. 96.
916 4. 96.
917 4. 96.
918 4. 96.
919 4. 96.
920 4. 96.
921 4. 96.
922 4. 96.
923 4. 96.
924 4. 96.
925 4. 96.
926 4. 96.
927 4. 96.
928 4. 96.
929 4. 96.
930 4. 96.
931 4. 96.
932 4. 96.
933 4. 96.
934 4. 96.
935 4. 96.
936 4. 96.
937 4. 96.
938 4. 96.
939 4. 96.
940 4. 96.
941 4. 96.
942 4. 96.
943 4. 96.
944 4. 96.
945 4. 96.
946 4. 96.
947 4. 96.
948 4. 96.
949 4. 96.
950 4. 96.
951 4. 96.
952 4. 96.
953 4. 96.
954 4. 96.
955 4. 96.
956 4. 96.
957 4. 96.
958 4. 96.
959 4. 96.
960 4. 96.
961 4. 96.
962 4. 96.
963 4. 96.
964 4. 96.
965 4. 96.
966 4. 96.
967 4. 96.
968 4. 96.
969 4. 96.
970 4. 96.
971 4. 96.
972 4. 96.
973 4. 96.
974 4. 96.
975 4. 96.
976 4. 96.
977 4. 96.
978 4. 96.
979 4. 96.
980 4. 96.
981 5. 95.
982 5. 95.
983 5. 95.
984 5. 95.
985 5. 95.
986 5. 95.
987 5. 95.
988 5. 95.
989 5. 95.
990 5. 95.
991 5. 95.
992 5. 95.
993 5. 95.
994 5. 95.
995 5. 95.
996 5. 95.
997 5. 95.
998 5. 95.
999 6. 94.
1000 6. 94.
1001 6. 94.
1002 6. 94.
1003 6. 94.
1004 5. 95.
1005 5. 95.
1006 5. 95.
1007 5. 95.
1008 5. 95.
1009 5. 95.
1010 5. 95.
1011 5. 95.
1012 5. 95.
1013 5. 95.
1014 5. 95.
1015 5. 95.
1016 5. 95.
1017 5. 95.
1018 5. 95.
1019 5. 95.
1020 5. 95.
1021 5. 95.
1022 5. 95.
1023 5. 95.
1024 5. 95.
1025 5. 95.
1026 5. 95.
1027 5. 95.
1028 5. 95.
1029 5. 95.
1030 5. 95.
1031 5. 95.
1032 5. 95.
1033 5. 95.
1034 5. 95.
1035 5. 95.
1036 5. 95.
1037 5. 95.
1038 5. 95.
1039 5. 95.
1040 5. 95.
1041 5. 95.
1042 5. 95.
1043 5. 95.
1044 5. 95.
1045 5. 95.
1046 5. 95.
1047 5. 95.
1048 5. 95.
1049 5. 95.
1050 5. 95.
1051 5. 95.
1052 5. 95.
1053 4. 96.
1054 4. 96.
1055 4. 96.
1056 4. 96.
1057 4. 96.
1058 4. 96.
1059 4. 96.
1060 4. 96.
1061 4. 96.
1062 4. 96.
1063 4. 96.
1064 4. 96.
1065 4. 96.
1066 4. 96.
1067 4. 96.
1068 4. 96.
1069 4. 96.
1070 4. 96.
1071 4. 96.
1072 4. 96.
1073 4. 96.
1074 4. 96.
1075 4. 96.
1076 4. 96.
1077 4. 96.
1078 4. 96.
1079 4. 96.
1080 4. 96.
1081 4. 96.
1082 4. 96.
1083 4. 96.
1084 4. 96.
1085 4. 96.
1086 3. 97.
1087 3. 97.
1088 3. 97.
1089 3. 97.
1090 3. 97.
1091 3. 97.
1092 3. 97.
1093 3. 97.
1094 3. 97.
1095 3. 97.
1096 3. 97.
1097 3. 97.
1098 3. 97.
1099 3. 97.
1100 3. 97.
1101 3. 97.
1102 3. 97.
1103 4. 96.
1104 4. 96.
1105 4. 96.
1106 4. 96.
1107 4. 96.
1108 4. 96.
1109 4. 96.
1110 4. 96.
1111 4. 96.
1112 4. 96.
1113 4. 96.
1114 4. 96.
1115 4. 96.
1116 4. 96.
1117 4. 96.
1118 4. 96.
1119 4. 96.
1120 4. 96.
1121 4. 96.
1122 4. 96.
1123 4. 96.
1124 4. 96.
1125 4. 96.
1126 4. 96.
1127 4. 96.
1128 4. 96.
1129 4. 96.
1130 4. 96.
1131 4. 96.
1132 4. 96.
1133 4. 96.
1134 4. 96.
1135 4. 96.
1136 4. 96.
1137 4. 96.
1138 4. 96.
1139 4. 96.
1140 4. 96.
1141 4. 96.
1142 4. 96.
1143 4. 96.
1144 5. 95.
1145 5. 95.
1146 6. 94.
1147 6. 94.
1148 6. 94.
1149 6. 94.
1150 6. 94.
1151 6. 94.
1152 6. 94.
1153 6. 94.
1154 6. 94.
1155 6. 94.
1156 6. 94.
1157 6. 94.
1158 6. 94.
1159 6. 94.
1160 6. 94.
1161 6. 94.
1162 6. 94.
1163 6. 94.
1164 6. 94.
1165 6. 94.
1166 6. 94.
1167 6. 94.
1168 6. 94.
1169 6. 94.
1170 6. 94.
1171 6. 94.
1172 5. 95.
1173 5. 95.
1174 5. 95.
1175 5. 95.
1176 5. 95.
1177 5. 95.
1178 5. 95.
1179 5. 95.
1180 5. 95.
1181 5. 95.
1182 4. 96.
1183 4. 96.
1184 4. 96.
1185 4. 96.
1186 4. 96.
1187 4. 96.
1188 4. 96.
1189 4. 96.
1190 4. 96.
1191 4. 96.
1192 4. 96.
1193 4. 96.
1194 4. 96.
1195 4. 96.
1196 4. 96.
1197 4. 96.
1198 4. 96.
1199 4. 96.
1200 4. 96.
1201 4. 96.
1202 4. 96.
1203 4. 96.
1204 4. 96.
1205 4. 96.
1206 4. 96.
1207 4. 96.
1208 4. 96.
1209 4. 96.
1210 4. 96.
1211 4. 96.
1212 4. 96.
1213 4. 96.
1214 4. 96.
1215 4. 96.
1216 4. 96.
1217 4. 96.
1218 4. 96.
1219 3. 97.
1220 3. 97.
1221 3. 97.
1222 3. 97.
1223 3. 97.
1224 3. 97.
1225 3. 97.
1226 3. 97.
1227 3. 97.
1228 3. 97.
1229 3. 97.
1230 3. 97.
1231 3. 97.
1232 4. 96.
1233 4. 96.
1234 4. 96.
1235 4. 96.
1236 4. 96.
1237 4. 96.
1238 4. 96.
1239 4. 96.
1240 4. 96.
1241 4. 96.
1242 4. 96.
1243 4. 96.
1244 4. 96.
1245 4. 96.
1246 4. 96.
1247 4. 96.
1248 4. 96.
1249 4. 96.
1250 4. 96.
1251 4. 96.
1252 4. 96.
1253 4. 96.
1254 4. 96.
1255 4. 96.
1256 4. 96.
1257 4. 96.
1258 4. 96.
1259 4. 96.
1260 4. 96.
1261 4. 96.
1262 4. 96.
1263 4. 96.
1264 4. 96.
1265 4. 96.
1266 4. 96.
1267 4. 96.
1268 3. 97.
1269 3. 97.
1270 3. 97.
1271 3. 97.
1272 3. 97.
1273 4. 96.
1274 4. 96.
1275 4. 96.
1276 4. 96.
1277 4. 96.
1278 4. 96.
1279 4. 96.
1280 4. 96.
1281 4. 96.
1282 4. 96.
1283 4. 96.
1284 4. 96.
1285 4. 96.
1286 4. 96.
1287 4. 96.
1288 4. 96.
1289 4. 96.
1290 4. 96.
1291 4. 96.
1292 4. 96.
1293 4. 96.
1294 4. 96.
1295 4. 96.
1296 4. 96.
1297 4. 96.
1298 4. 96.
1299 4. 96.
1300 4. 96.
1301 4. 96.
1302 4. 96.
1303 4. 96.
1304 4. 96.
1305 4. 96.
1306 4. 96.
1307 4. 96.
1308 4. 96.
1309 3. 97.
1310 3. 97.
1311 3. 97.
1312 3. 97.
1313 3. 97.
1314 3. 97.
1315 3. 97.
1316 3. 97.
1317 3. 97.
1318 4. 96.
1319 4. 96.
1320 4. 96.
1321 4. 96.
1322 4. 96.
1323 4. 96.
1324 4. 96.
1325 4. 96.
1326 4. 96.
1327 4. 96.
1328 5. 95.
1329 5. 95.
1330 5. 95.
1331 5. 95.
1332 5. 95.
1333 5. 95.
1334 5. 95.
1335 5. 95.
1336 5. 95.
1337 5. 95.
1338 5. 95.
1339 5. 95.
1340 5. 95.
1341 5. 95.
1342 5. 95.
1343 5. 95.
1344 5. 95.
1345 5. 95.
1346 5. 95.
1347 5. 95.
1348 5. 95.
1349 5. 95.
1350 5. 95.
1351 5. 95.
1352 5. 95.
1353 5. 95.
1354 5. 95.
1355 5. 95.
1356 5. 95.
1357 5. 95.
1358 5. 95.
1359 5. 95.
1360 4. 96.
1361 4. 96.
1362 4. 96.
1363 4. 96.
1364 4. 96.
1365 4. 96.
1366 4. 96.
1367 4. 96.
1368 4. 96.
1369 4. 96.
1370 4. 96.
1371 4. 96.
1372 4. 96.
1373 4. 96.
1374 4. 96.
1375 4. 96.
1376 4. 96.
1377 5. 95.
1378 5. 95.
1379 5. 95.
1380 5. 95.
1381 5. 95.
1382 5. 95.
1383 6. 94.
1384 6. 94.
1385 6. 94.
1386 6. 94.
1387 6. 94.
1388 6. 94.
1389 6. 94.
1390 6. 94.
1391 6. 94.
1392 6. 94.
1393 6. 94.
1394 5. 95.
1395 5. 95.
1396 5. 95.
1397 5. 95.
1398 5. 95.
1399 5. 95.
1400 5. 95.
1401 5. 95.
1402 5. 95.
1403 5. 95.
1404 4. 96.
1405 4. 96.
1406 4. 96.
1407 4. 96.
1408 4. 96.
1409 4. 96.
1410 4. 96.
1411 4. 96.
1412 4. 96.
1413 4. 96.
1414 4. 96.
1415 4. 96.
1416 4. 96.
1417 4. 96.
1418 4. 96.
1419 4. 96.
1420 3. 97.
1421 3. 97.
1422 3. 97.
1423 3. 97.
1424 3. 97.
1425 3. 97.
1426 3. 97.
1427 3. 97.
1428 3. 97.
1429 3. 97.
1430 3. 97.
1431 3. 97.
1432 3. 97.
1433 3. 97.
1434 3. 97.
1435 3. 97.
1436 3. 97.
1437 3. 97.
1438 3. 97.
1439 3. 97.
1440 3. 97.
1441 3. 97.
1442 3. 97.
1443 3. 97.
1444 3. 97.
1445 3. 97.
1446 3. 97.
1447 3. 97.
1448 3. 97.
1449 3. 97.
1450 3. 97.
1451 3. 97.
1452 3. 97.
1453 3. 97.
1454 3. 97.
1455 3. 97.
1456 3. 97.
1457 3. 97.
1458 3. 97.
1459 3. 97.
1460 3. 97.
1461 3. 97.
1462 3. 97.
1463 3. 97.
1464 3. 97.
1465 3. 97.
1466 3. 97.
1467 3. 97.
1468 3. 97.
1469 3. 97.
1470 3. 97.
1471 3. 97.
1472 3. 97.
1473 3. 97.
1474 3. 97.
1475 3. 97.
1476 3. 97.
1477 3. 97.
1478 3. 97.
1479 3. 97.
1480 3. 97.
1481 3. 97.
1482 3. 97.
1483 3. 97.
1484 3. 97.
1485 3. 97.
1486 3. 97.
1487 3. 97.
1488 3. 97.
1489 3. 97.
1490 3. 97.
1491 3. 97.
1492 3. 97.
1493 3. 97.
1494 3. 97.
1495 3. 97.
1496 3. 97.
1497 3. 97.
1498 3. 97.
1499 3. 97.
1500 3. 97.
1501 3. 97.
1502 3. 97.
1503 3. 97.
1504 3. 97.
1505 3. 97.
1506 3. 97.
1507 3. 97.
1508 3. 97.
1509 3. 97.
1510 3. 97.
1511 3. 97.
1512 3. 97.
1513 3. 97.
1514 3. 97.
1515 3. 97.
1516 3. 97.
1517 3. 97.
1518 3. 97.
1519 3. 97.
1520 3. 97.
1521 3. 97.
1522 3. 97.
1523 3. 97.
1524 3. 97.
1525 3. 97.
1526 3. 97.
1527 3. 97.
1528 3. 97.
1529 3. 97.
1530 3. 97.
1531 3. 97.
1532 3. 97.
1533 3. 97.
1534 3. 97.
1535 3. 97.
1536 3. 97.
1537 3. 97.
1538 3. 97.
1539 3. 97.
1540 3. 97.
1541 3. 97.
1542 3. 97.
1543 3. 97.
1544 3. 97.
1545 3. 97.
1546 3. 97.
1547 3. 97.
1548 3. 97.
1549 3. 97.
1550 3. 97.
1551 3. 97.
1552 3. 97.
1553 3. 97.
1554 3. 97.
1555 3. 97.
1556 3. 97.
1557 3. 97.
1558 3. 97.
1559 3. 97.
1560 3. 97.
1561 3. 97.
1562 3. 97.
1563 3. 97.
1564 3. 97.
1565 3. 97.
1566 3. 97.
1567 3. 97.
1568 2. 98.
1569 2. 98.
1570 2. 98.
1571 2. 98.
1572 2. 98.
1573 2. 98.
1574 2. 98.
1575 2. 98.
1576 2. 98.
1577 2. 98.
1578 2. 98.
1579 2. 98.
1580 2. 98.
1581 2. 98.
1582 2. 98.
1583 2. 98.
1584 2. 98.
1585 2. 98.
1586 2. 98.
1587 2. 98.
1588 2. 98.
1589 2. 98.
1590 2. 98.
1591 2. 98.
1592 2. 98.
1593 3. 97.
1594 3. 97.
1595 3. 97.
1596 3. 97.
1597 3. 97.
1598 3. 97.
1599 3. 97.
1600 2. 98.
1601 2. 98.
1602 2. 98.
1603 2. 98.
1604 2. 98.
1605 2. 98.
1606 2. 98.
1607 2. 98.
1608 2. 98.
1609 2. 98.
1610 2. 98.
1611 2. 98.
1612 2. 98.
1613 2. 98.
1614 2. 98.
1615 2. 98.
1616 2. 98.
1617 2. 98.
1618 2. 98.
1619 2. 98.
1620 2. 98.
1621 2. 98.
1622 2. 98.
1623 2. 98.
1624 2. 98.
1625 2. 98.
1626 2. 98.
1627 2. 98.
1628 2. 98.
1629 2. 98.
1630 2. 98.
1631 2. 98.
1632 2. 98.
1633 2. 98.
1634 2. 98.
1635 2. 98.
1636 2. 98.
1637 2. 98.
1638 2. 98.
1639 2. 98.
1640 2. 98.
1641 2. 98.
1642 2. 98.
1643 2. 98.
1644 2. 98.
1645 2. 98.
1646 2. 98.
1647 2. 98.
1648 2. 98.
1649 2. 98.
1650 2. 98.
1651 2. 98.
1652 2. 98.
1653 2. 98.
1654 2. 98.
1655 2. 98.
1656 2. 98.
1657 2. 98.
1658 2. 98.
1659 2. 98.
1660 2. 98.
1661 2. 98.
1662 2. 98.
1663 2. 98.
1664 2. 98.
1665 2. 98.
1666 2. 98.
1667 2. 98.
1668 2. 98.
1669 2. 98.
1670 2. 98.
1671 2. 98.
1672 2. 98.
1673 2. 98.
1674 2. 98.
1675 2. 98.
1676 2. 98.
1677 2. 98.
1678 2. 98.
1679 2. 98.
1680 2. 98.
1681 2. 98.
1682 2. 98.
1683 2. 98.
1684 2. 98.
1685 2. 98.
1686 2. 98.
1687 2. 98.
1688 2. 98.
1689 2. 98.
1690 2. 98.
1691 2. 98.
1692 2. 98.
1693 2. 98.
1694 2. 98.
1695 3. 97.
1696 3. 97.
1697 3. 97.
1698 3. 97.
1699 3. 97.
1700 3. 97.
1701 3. 97.
1702 3. 97.
1703 3. 97.
1704 3. 97.
1705 3. 97.
1706 3. 97.
1707 3. 97.
1708 2. 98.
1709 2. 98.
1710 2. 98.
1711 2. 98.
1712 2. 98.
1713 2. 98.
1714 2. 98.
1715 2. 98.
1716 2. 98.
1717 2. 98.
1718 2. 98.
1719 2. 98.
1720 2. 98.
1721 2. 98.
1722 2. 98.
1723 2. 98.
1724 2. 98.
1725 2. 98.
1726 2. 98.
1727 3. 97.
1728 3. 97.
1729 3. 97.
1730 3. 97.
1731 3. 97.
1732 3. 97.
1733 3. 97.
1734 2. 98.
1735 2. 98.
1736 2. 98.
1737 2. 98.
1738 2. 98.
1739 2. 98.
1740 2. 98.
1741 2. 98.
1742 2. 98.
1743 2. 98.
1744 2. 98.
1745 2. 98.
1746 2. 98.
1747 2. 98.
1748 2. 98.
1749 2. 98.
1750 2. 98.
1751 2. 98.
1752 2. 98.
1753 2. 98.
1754 2. 98.
1755 2. 98.
1756 2. 98.
1757 2. 98.
1758 2. 98.
1759 2. 98.
1760 2. 98.
1761 2. 98.
1762 2. 98.
1763 2. 98.
1764 2. 98.
1765 2. 98.
1766 2. 98.
1767 2. 98.
1768 2. 98.
1769 2. 98.
1770 2. 98.
1771 2. 98.
1772 2. 98.
1773 2. 98.
1774 2. 98.
1775 2. 98.
1776 2. 98.
1777 2. 98.
1778 3. 97.
1779 3. 97.
1780 3. 97.
1781 3. 97.
1782 3. 97.
1783 3. 97.
1784 3. 97.
1785 3. 97.
1786 3. 97.
1787 3. 97.
1788 3. 97.
1789 3. 97.
1790 3. 97.
1791 3. 97.
1792 3. 97.
1793 3. 97.
1794 3. 97.
1795 3. 97.
1796 3. 97.
1797 3. 97.
1798 2. 98.
1799 2. 98.
1800 2. 98.
1801 2. 98.
1802 2. 98.
1803 2. 98.
1804 2. 98.
1805 2. 98.
1806 2. 98.
1807 2. 98.
1808 2. 98.
1809 2. 98.
1810 2. 98.
1811 2. 98.
1812 2. 98.
1813 2. 98.
1814 2. 98.
1815 2. 98.
1816 2. 98.
1817 2. 98.
1818 2. 98.
1819 2. 98.
1820 2. 98.
1821 2. 98.
1822 2. 98.
1823 2. 98.
1824 2. 98.
1825 2. 98.
1826 2. 98.
1827 2. 98.
1828 2. 98.
1829 2. 98.
1830 2. 98.
1831 2. 98.
1832 2. 98.
1833 2. 98.
1834 2. 98.
1835 2. 98.
1836 2. 98.
1837 3. 97.
1838 3. 97.
1839 3. 97.
1840 3. 97.
1841 3. 97.
1842 3. 97.
1843 3. 97.
1844 3. 97.
1845 3. 97.
1846 3. 97.
1847 3. 97.
1848 3. 97.
1849 3. 97.
1850 3. 97.
1851 2. 98.
1852 2. 98.
1853 2. 98.
1854 2. 98.
1855 2. 98.
1856 2. 98.
1857 2. 98.
1858 2. 98.
1859 2. 98.
1860 2. 98.
1861 2. 98.
1862 2. 98.
1863 2. 98.
1864 2. 98.
1865 2. 98.
1866 2. 98.
1867 2. 98.
1868 2. 98.
1869 2. 98.
1870 2. 98.
1871 2. 98.
1872 2. 98.
1873 2. 98.
1874 2. 98.
1875 2. 98.
1876 2. 98.
1877 2. 98.
1878 2. 98.
1879 2. 98.
1880 2. 98.
1881 2. 98.
1882 2. 98.
1883 1. 99.
1884 1. 99.
1885 1. 99.
1886 1. 99.
1887 1. 99.
1888 1. 99.
1889 1. 99.
1890 1. 99.
1891 1. 99.
1892 1. 99.
1893 1. 99.
1894 1. 99.
1895 1. 99.
1896 1. 99.
1897 1. 99.
1898 1. 99.
1899 1. 99.
1900 1. 99.
1901 1. 99.
1902 1. 99.
1903 2. 98.
1904 2. 98.
1905 2. 98.
1906 2. 98.
1907 2. 98.
1908 2. 98.
1909 2. 98.
1910 2. 98.
1911 2. 98.
1912 2. 98.
1913 2. 98.
1914 2. 98.
1915 2. 98.
1916 2. 98.
1917 2. 98.
1918 2. 98.
1919 2. 98.
1920 2. 98.
1921 2. 98.
1922 2. 98.
1923 2. 98.
1924 2. 98.
1925 2. 98.
1926 2. 98.
1927 1. 99.
1928 1. 99.
1929 1. 99.
1930 1. 99.
1931 1. 99.
1932 1. 99.
1933 1. 99.
1934 1. 99.
1935 1. 99.
1936 1. 99.
1937 1. 99.
1938 1. 99.
1939 1. 99.
1940 1. 99.
1941 1. 99.
1942 1. 99.
1943 1. 99.
1944 1. 99.
1945 1. 99.
1946 1. 99.
1947 1. 99.
1948 1. 99.
1949 1. 99.
1950 1. 99.
1951 1. 99.
1952 1. 99.
1953 1. 99.
1954 1. 99.
1955 1. 99.
1956 1. 99.
1957 1. 99.
1958 1. 99.
1959 1. 99.
1960 1. 99.
1961 1. 99.
1962 1. 99.
1963 1. 99.
1964 1. 99.
1965 1. 99.
1966 1. 99.
1967 1. 99.
1968 1. 99.
1969 1. 99.
1970 1. 99.
1971 1. 99.
1972 1. 99.
1973 1. 99.
1974 1. 99.
1975 1. 99.
1976 1. 99.
1977 1. 99.
1978 1. 99.
1979 1. 99.
1980 1. 99.
1981 1. 99.
1982 1. 99.
1983 1. 99.
1984 1. 99.
1985 1. 99.
1986 1. 99.
1987 1. 99.
1988 1. 99.
1989 1. 99.
1990 1. 99.
1991 1. 99.
1992 1. 99.
1993 1. 99.
1994 1. 99.
1995 1. 99.
1996 1. 99.
1997 1. 99.
1998 1. 99.
1999 1. 99.
2000 1. 99.
2001 1. 99.
2002 1. 99.
2003 1. 99.
2004 1. 99.
2005 1. 99.
2006 1. 99.
2007 1. 99.
2008 1. 99.
2009 1. 99.
2010 1. 99.
2011 1. 99.
2012 1. 99.
2013 1. 99.
2014 1. 99.
2015 1. 99.
2016 1. 99.
2017 1. 99.
2018 1. 99.
2019 1. 99.
2020 1. 99.
2021 1. 99.
2022 1. 99.
2023 1. 99.
2024 1. 99.
2025 1. 99.
2026 1. 99.
2027 1. 99.
2028 1. 99.
2029 1. 99.
2030 1. 99.
2031 1. 99.
2032 1. 99.
2033 1. 99.
2034 1. 99.
2035 1. 99.
2036 1. 99.
2037 1. 99.
2038 1. 99.
2039 1. 99.
2040 1. 99.
2041 1. 99.
2042 1. 99.
2043 1. 99.
2044 1. 99.
2045 1. 99.
2046 1. 99.
2047 1. 99.
2048 1. 99.
2049 1. 99.
2050 1. 99.
2051 1. 99.
2052 1. 99.
2053 1. 99.
2054 1. 99.
2055 1. 99.
2056 1. 99.
2057 1. 99.
2058 1. 99.
2059 1. 99.
2060 1. 99.
2061 1. 99.
2062 1. 99.
2063 1. 99.
2064 1. 99.
2065 1. 99.
2066 1. 99.
2067 1. 99.
2068 1. 99.
2069 1. 99.
2070 1. 99.
2071 1. 99.
2072 1. 99.
2073 1. 99.
2074 1. 99.
2075 1. 99.
2076 1. 99.
2077 1. 99.
2078 1. 99.
2079 1. 99.
2080 1. 99.
2081 1. 99.
2082 1. 99.
2083 1. 99.
2084 1. 99.
2085 1. 99.
2086 1. 99.
2087 1. 99.
2088 1. 99.
2089 1. 99.
2090 1. 99.
2091 1. 99.
2092 1. 99.
2093 1. 99.
2094 1. 99.
2095 1. 99.
2096 1. 99.
2097 1. 99.
2098 1. 99.
2099 1. 99.
2100 1. 99.
2101 1. 99.
2102 1. 99.
2103 1. 99.
2104 1. 99.
2105 1. 99.
2106 1. 99.
2107 1. 99.
2108 1. 99.
2109 1. 99.
2110 1. 99.
2111 1. 99.
2112 1. 99.
2113 1. 99.
2114 1. 99.
2115 1. 99.
2116 1. 99.
2117 1. 99.
2118 1. 99.
2119 1. 99.
2120 1. 99.
2121 1. 99.
2122 1. 99.
2123 1. 99.
2124 1. 99.
2125 1. 99.
2126 1. 99.
2127 1. 99.
2128 1. 99.
2129 1. 99.
2130 1. 99.
2131 1. 99.
2132 1. 99.
2133 1. 99.
2134 1. 99.
2135 1. 99.
2136 1. 99.
2137 1. 99.
2138 1. 99.
2139 1. 99.
2140 1. 99.
2141 1. 99.
2142 1. 99.
2143 1. 99.
2144 1. 99.
2145 1. 99.
2146 1. 99.
2147 1. 99.
2148 1. 99.
2149 1. 99.
2150 1. 99.
2151 1. 99.
2152 1. 99.
2153 1. 99.
2154 1. 99.
2155 1. 99.
2156 1. 99.
2157 1. 99.
2158 1. 99.
2159 1. 99.
2160 1. 99.
2161 1. 99.
2162 1. 99.
2163 1. 99.
2164 1. 99.
2165 1. 99.
2166 1. 99.
2167 1. 99.
2168 1. 99.
2169 1. 99.
2170 1. 99.
2171 1. 99.
2172 1. 99.
2173 1. 99.
2174 1. 99.
2175 1. 99.
2176 1. 99.
2177 1. 99.
2178 1. 99.
2179 1. 99.
2180 1. 99.
2181 1. 99.
2182 1. 99.
2183 1. 99.
2184 1. 99.
2185 2. 98.
2186 2. 98.
2187 2. 98.
2188 2. 98.
2189 2. 98.
2190 2. 98.
2191 2. 98.
2192 2. 98.
2193 2. 98.
2194 2. 98.
2195 2. 98.
2196 2. 98.
2197 2. 98.
2198 2. 98.
2199 2. 98.
2200 2. 98.
2201 2. 98.
2202 2. 98.
2203 2. 98.
2204 2. 98.
2205 2. 98.
2206 2. 98.
2207 2. 98.
2208 2. 98.
2209 2. 98.
2210 2. 98.
2211 2. 98.
2212 2. 98.
2213 2. 98.
2214 3. 97.
2215 3. 97.
2216 3. 97.
2217 3. 97.
2218 3. 97.
2219 3. 97.
2220 3. 97.
2221 3. 97.
2222 3. 97.
2223 3. 97.
2224 3. 97.
2225 3. 97.
2226 3. 97.
2227 3. 97.
2228 3. 97.
2229 3. 97.
2230 3. 97.
2231 3. 97.
2232 3. 97.
2233 3. 97.
2234 3. 97.
2235 3. 97.
2236 3. 97.
2237 3. 97.
2238 3. 97.
2239 3. 97.
2240 3. 97.
2241 3. 97.
2242 3. 97.
2243 3. 97.
2244 3. 97.
2245 3. 97.
2246 3. 97.
2247 3. 97.
2248 3. 97.
2249 3. 97.
2250 3. 97.
2251 3. 97.
2252 3. 97.
2253 3. 97.
2254 3. 97.
2255 3. 97.
2256 3. 97.
2257 3. 97.
2258 3. 97.
2259 3. 97.
2260 3. 97.
2261 3. 97.
2262 3. 97.
2263 3. 97.
2264 3. 97.
2265 3. 97.
2266 3. 97.
2267 3. 97.
2268 3. 97.
2269 3. 97.
2270 3. 97.
2271 3. 97.
2272 3. 97.
2273 3. 97.
2274 3. 97.
2275 3. 97.
2276 3. 97.
2277 3. 97.
2278 3. 97.
2279 3. 97.
2280 3. 97.
2281 3. 97.
2282 3. 97.
2283 3. 97.
2284 3. 97.
2285 3. 97.
2286 3. 97.
2287 3. 97.
2288 3. 97.
2289 3. 97.
2290 3. 97.
2291 3. 97.
2292 3. 97.
2293 3. 97.
2294 3. 97.
2295 3. 97.
2296 3. 97.
2297 3. 97.
2298 3. 97.
2299 3. 97.
2300 3. 97.
2301 3. 97.
2302 3. 97.
2303 3. 97.
2304 3. 97.
2305 3. 97.
2306 3. 97.
2307 3. 97.
2308 3. 97.
2309 3. 97.
2310 3. 97.
2311 3. 97.
2312 2. 98.
2313 2. 98.
2314 2. 98.
2315 2. 98.
2316 2. 98.
2317 2. 98.
2318 2. 98.
2319 2. 98.
2320 2. 98.
2321 2. 98.
2322 2. 98.
2323 2. 98.
2324 2. 98.
2325 2. 98.
2326 2. 98.
2327 2. 98.
2328 2. 98.
2329 2. 98.
2330 2. 98.
2331 2. 98.
2332 2. 98.
2333 2. 98.
2334 2. 98.
2335 2. 98.
2336 2. 98.
2337 2. 98.
2338 2. 98.
2339 2. 98.
2340 2. 98.
2341 2. 98.
2342 2. 98.
2343 2. 98.
2344 2. 98.
2345 2. 98.
2346 2. 98.
2347 2. 98.
2348 2. 98.
2349 2. 98.
2350 2. 98.
2351 2. 98.
2352 2. 98.
2353 2. 98.
2354 2. 98.
2355 2. 98.
2356 2. 98.
2357 2. 98.
2358 2. 98.
2359 2. 98.
2360 2. 98.
2361 2. 98.
2362 2. 98.
2363 2. 98.
2364 2. 98.
2365 2. 98.
2366 2. 98.
2367 2. 98.
2368 2. 98.
2369 2. 98.
2370 2. 98.
2371 2. 98.
2372 2. 98.
2373 2. 98.
2374 2. 98.
2375 2. 98.
2376 2. 98.
2377 2. 98.
2378 2. 98.
2379 2. 98.
2380 2. 98.
2381 2. 98.
2382 2. 98.
2383 2. 98.
2384 2. 98.
2385 2. 98.
2386 2. 98.
2387 2. 98.
2388 2. 98.
2389 2. 98.
2390 2. 98.
2391 2. 98.
2392 2. 98.
2393 2. 98.
2394 2. 98.
2395 2. 98.
2396 2. 98.
2397 2. 98.
2398 2. 98.
2399 2. 98.
2400 2. 98.
2401 2. 98.
2402 2. 98.
2403 2. 98.
2404 2. 98.
2405 2. 98.
2406 2. 98.
2407 2. 98.
2408 1. 99.
