0 15. 85.
1 15. 85.
2 15. 85.
3 15. 85.
4 15. 85.
5 14. 86.
6 14. 86.
7 15. 85.
8 15. 85.
9 15. 85.
10 15. 85.
11 15. 85.
12 16. 84.
13 17. 83.
14 17. 83.
15 17. 83.
16 17. 83.
17 17. 83.
18 17. 83.
19 17. 83.
20 17. 83.
21 17. 83.
22 18. 82.
23 18. 82.
24 18. 82.
25 18. 82.
26 18. 82.
27 18. 82.
28 18. 82.
29 18. 82.
30 18. 82.
31 18. 82.
32 18. 82.
33 18. 82.
34 18. 82.
35 18. 82.
36 18. 82.
37 18. 82.
38 18. 82.
39 18. 82.
40 18. 82.
41 18. 82.
42 18. 82.
43 18. 82.
44 18. 82.
45 19. 81.
46 19. 81.
47 19. 81.
48 19. 81.
49 20. 80.
50 20. 80.
51 20. 80.
52 20. 80.
53 20. 80.
54 20. 80.
55 20. 80.
56 20. 80.
57 20. 80.
58 20. 80.
59 20. 80.
60 20. 80.
61 20. 80.
62 20. 80.
63 20. 80.
64 20. 80.
65 20. 80.
66 20. 80.
67 20. 80.
68 20. 80.
69 20. 80.
70 20. 80.
71 20. 80.
72 20. 80.
73 19. 81.
74 19. 81.
75 19. 81.
76 19. 81.
77 19. 81.
78 19. 81.
79 19. 81.
80 19. 81.
81 19. 81.
82 19. 81.
83 19. 81.
84 19. 81.
85 18. 82.
86 18. 82.
87 18. 82.
88 17. 83.
89 17. 83.
90 17. 83.
91 17. 83.
92 17. 83.
93 17. 83.
94 17. 83.
95 17. 83.
96 17. 83.
97 18. 82.
98 18. 82.
99 18. 82.
100 18. 82.
101 18. 82.
102 18. 82.
103 18. 82.
104 18. 82.
105 18. 82.
106 18. 82.
107 18. 82.
108 18. 82.
109 18. 82.
110 18. 82.
111 18. 82.
112 18. 82.
113 18. 82.
114 18. 82.
115 18. 82.
116 18. 82.
117 18. 82.
118 18. 82.
119 18. 82.
120 18. 82.
121 18. 82.
122 18. 82.
123 18. 82.
124 17. 83.
125 17. 83.
126 16. 84.
127 17. 83.
128 17. 83.
129 17. 83.
130 17. 83.
131 17. 83.
132 17. 83.
133 17. 83.
134 17. 83.
135 16. 84.
136 16. 84.
137 16. 84.
138 16. 84.
139 15. 85.
140 15. 85.
141 15. 85.
142 15. 85.
143 15. 85.
144 15. 85.
145 15. 85.
146 16. 84.
147 16. 84.
148 15. 85.
149 15. 85.
150 15. 85.
151 15. 85.
152 15. 85.
153 15. 85.
154 14. 86.
155 14. 86.
156 14. 86.
157 14. 86.
158 14. 86.
159 13. 87.
160 13. 87.
161 13. 87.
162 12. 88.
163 11. 89.
164 11. 89.
165 11. 89.
166 11. 89.
167 11. 89.
168 11. 89.
169 11. 89.
170 11. 89.
171 11. 89.
172 10. 90.
173 10. 90.
174 10. 90.
175 10. 90.
176 10. 90.
177 10. 90.
178 10. 90.
179 10. 90.
180 10. 90.
181 10. 90.
182 10. 90.
183 10. 90.
184 10. 90.
185 10. 90.
186 10. 90.
187 10. 90.
188 10. 90.
189 10. 90.
190 10. 90.
191 10. 90.
192 10. 90.
193 10. 90.
194 10. 90.
195 9. 91.
196 9. 91.
197 9. 91.
198 9. 91.
199 9. 91.
200 9. 91.
201 10. 90.
202 10. 90.
203 10. 90.
204 10. 90.
205 10. 90.
206 10. 90.
207 11. 89.
208 11. 89.
209 11. 89.
210 11. 89.
211 11. 89.
212 11. 89.
213 11. 89.
214 11. 89.
215 11. 89.
216 11. 89.
217 11. 89.
218 11. 89.
219 11. 89.
220 11. 89.
221 11. 89.
222 11. 89.
223 11. 89.
224 11. 89.
225 11. 89.
226 11. 89.
227 12. 88.
228 12. 88.
229 13. 87.
230 13. 87.
231 13. 87.
232 13. 87.
233 13. 87.
234 13. 87.
235 13. 87.
236 13. 87.
237 13. 87.
238 13. 87.
239 13. 87.
240 13. 87.
241 13. 87.
242 13. 87.
243 13. 87.
244 13. 87.
245 13. 87.
246 13. 87.
247 14. 86.
248 14. 86.
249 14. 86.
250 14. 86.
251 14. 86.
252 15. 85.
253 15. 85.
254 15. 85.
255 14. 86.
256 13. 87.
257 13. 87.
258 12. 88.
259 11. 89.
260 11. 89.
261 11. 89.
262 11. 89.
263 11. 89.
264 11. 89.
265 11. 89.
266 11. 89.
267 11. 89.
268 11. 89.
269 11. 89.
270 11. 89.
271 11. 89.
272 11. 89.
273 12. 88.
274 12. 88.
275 12. 88.
276 12. 88.
277 12. 88.
278 12. 88.
279 12. 88.
280 12. 88.
281 12. 88.
282 12. 88.
283 12. 88.
284 12. 88.
285 12. 88.
286 11. 89.
287 11. 89.
288 11. 89.
289 11. 89.
290 11. 89.
291 11. 89.
292 11. 89.
293 11. 89.
294 11. 89.
295 11. 89.
296 11. 89.
297 11. 89.
298 11. 89.
299 11. 89.
300 11. 89.
301 11. 89.
302 11. 89.
303 11. 89.
304 11. 89.
305 11. 89.
306 11. 89.
307 11. 89.
308 11. 89.
309 11. 89.
310 11. 89.
311 10. 90.
312 9. 91.
313 9. 91.
314 9. 91.
315 9. 91.
316 9. 91.
317 9. 91.
318 9. 91.
319 9. 91.
320 8. 92.
321 8. 92.
322 8. 92.
323 9. 91.
324 9. 91.
325 9. 91.
326 9. 91.
327 9. 91.
328 8. 92.
329 7. 93.
330 7. 93.
331 7. 93.
332 7. 93.
333 7. 93.
334 7. 93.
335 7. 93.
336 7. 93.
337 7. 93.
338 7. 93.
339 7. 93.
340 7. 93.
341 7. 93.
342 7. 93.
343 7. 93.
344 7. 93.
345 7. 93.
346 7. 93.
347 7. 93.
348 7. 93.
349 7. 93.
350 7. 93.
351 7. 93.
352 7. 93.
353 7. 93.
354 8. 92.
355 8. 92.
356 8. 92.
357 8. 92.
358 8. 92.
359 8. 92.
360 8. 92.
361 8. 92.
362 8. 92.
363 8. 92.
364 8. 92.
365 7. 93.
366 7. 93.
367 7. 93.
368 7. 93.
369 7. 93.
370 7. 93.
371 7. 93.
372 7. 93.
373 7. 93.
374 7. 93.
375 7. 93.
376 7. 93.
377 7. 93.
378 7. 93.
379 7. 93.
380 7. 93.
381 7. 93.
382 7. 93.
383 7. 93.
384 7. 93.
385 7. 93.
386 7. 93.
387 7. 93.
388 7. 93.
389 7. 93.
390 8. 92.
391 8. 92.
392 8. 92.
393 7. 93.
394 6. 94.
395 6. 94.
396 6. 94.
397 6. 94.
398 6. 94.
399 6. 94.
400 7. 93.
401 7. 93.
402 7. 93.
403 7. 93.
404 7. 93.
405 7. 93.
406 7. 93.
407 7. 93.
408 7. 93.
409 7. 93.
410 7. 93.
411 7. 93.
412 7. 93.
413 7. 93.
414 8. 92.
415 8. 92.
416 8. 92.
417 8. 92.
418 8. 92.
419 8. 92.
420 8. 92.
421 8. 92.
422 9. 91.
423 9. 91.
424 9. 91.
425 9. 91.
426 9. 91.
427 9. 91.
428 9. 91.
429 8. 92.
430 8. 92.
431 8. 92.
432 8. 92.
433 8. 92.
434 8. 92.
435 8. 92.
436 8. 92.
437 8. 92.
438 9. 91.
439 9. 91.
440 10. 90.
441 10. 90.
442 9. 91.
443 9. 91.
444 9. 91.
445 9. 91.
446 10. 90.
447 10. 90.
448 10. 90.
449 10. 90.
450 10. 90.
451 10. 90.
452 10. 90.
453 10. 90.
454 10. 90.
455 10. 90.
456 10. 90.
457 9. 91.
458 9. 91.
459 9. 91.
460 9. 91.
461 9. 91.
462 9. 91.
463 9. 91.
464 9. 91.
465 9. 91.
466 9. 91.
467 9. 91.
468 9. 91.
469 9. 91.
470 9. 91.
471 10. 90.
472 10. 90.
473 10. 90.
474 11. 89.
475 11. 89.
476 10. 90.
477 10. 90.
478 10. 90.
479 10. 90.
480 10. 90.
481 10. 90.
482 10. 90.
483 10. 90.
484 10. 90.
485 10. 90.
486 9. 91.
487 9. 91.
488 9. 91.
489 9. 91.
490 9. 91.
491 10. 90.
492 10. 90.
493 10. 90.
494 10. 90.
495 10. 90.
496 10. 90.
497 10. 90.
498 10. 90.
499 10. 90.
500 10. 90.
501 10. 90.
502 10. 90.
503 10. 90.
504 10. 90.
505 11. 89.
506 11. 89.
507 10. 90.
508 10. 90.
509 10. 90.
510 10. 90.
511 9. 91.
512 9. 91.
513 9. 91.
514 9. 91.
515 9. 91.
516 9. 91.
517 9. 91.
518 9. 91.
519 9. 91.
520 9. 91.
521 9. 91.
522 9. 91.
523 9. 91.
524 9. 91.
525 9. 91.
526 9. 91.
527 9. 91.
528 9. 91.
529 9. 91.
530 9. 91.
531 10. 90.
532 10. 90.
533 9. 91.
534 9. 91.
535 9. 91.
536 9. 91.
537 9. 91.
538 9. 91.
539 9. 91.
540 10. 90.
541 10. 90.
542 10. 90.
543 10. 90.
544 9. 91.
545 10. 90.
546 10. 90.
547 10. 90.
548 11. 89.
549 12. 88.
550 12. 88.
551 12. 88.
552 12. 88.
553 11. 89.
554 11. 89.
555 11. 89.
556 12. 88.
557 12. 88.
558 12. 88.
559 13. 87.
560 13. 87.
561 13. 87.
562 13. 87.
563 13. 87.
564 13. 87.
565 13. 87.
566 13. 87.
567 13. 87.
568 13. 87.
569 13. 87.
570 13. 87.
571 12. 88.
572 12. 88.
573 12. 88.
574 12. 88.
575 12. 88.
576 12. 88.
577 12. 88.
578 12. 88.
579 12. 88.
580 12. 88.
581 12. 88.
582 11. 89.
583 11. 89.
584 11. 89.
585 11. 89.
586 11. 89.
587 11. 89.
588 12. 88.
589 13. 87.
590 13. 87.
591 13. 87.
592 13. 87.
593 13. 87.
594 13. 87.
595 12. 88.
596 12. 88.
597 12. 88.
598 12. 88.
599 12. 88.
600 12. 88.
601 12. 88.
602 12. 88.
603 12. 88.
604 13. 87.
605 13. 87.
606 13. 87.
607 13. 87.
608 12. 88.
609 12. 88.
610 12. 88.
611 12. 88.
612 12. 88.
613 11. 89.
614 11. 89.
615 11. 89.
616 11. 89.
617 11. 89.
618 11. 89.
619 11. 89.
620 11. 89.
621 11. 89.
622 11. 89.
623 11. 89.
624 11. 89.
625 11. 89.
626 11. 89.
627 11. 89.
628 11. 89.
629 11. 89.
630 11. 89.
631 11. 89.
632 11. 89.
633 11. 89.
634 10. 90.
635 10. 90.
636 10. 90.
637 10. 90.
638 10. 90.
639 9. 91.
640 9. 91.
641 9. 91.
642 9. 91.
643 9. 91.
644 9. 91.
645 9. 91.
646 9. 91.
647 9. 91.
648 9. 91.
649 9. 91.
650 9. 91.
651 9. 91.
652 9. 91.
653 9. 91.
654 9. 91.
655 9. 91.
656 9. 91.
657 9. 91.
658 9. 91.
659 9. 91.
660 9. 91.
661 9. 91.
662 9. 91.
663 9. 91.
664 9. 91.
665 10. 90.
666 10. 90.
667 10. 90.
668 10. 90.
669 10. 90.
670 10. 90.
671 10. 90.
672 10. 90.
673 10. 90.
674 10. 90.
675 10. 90.
676 10. 90.
677 10. 90.
678 10. 90.
679 10. 90.
680 10. 90.
681 10. 90.
682 10. 90.
683 10. 90.
684 10. 90.
685 10. 90.
686 10. 90.
687 10. 90.
688 10. 90.
689 10. 90.
690 10. 90.
691 9. 91.
692 9. 91.
693 9. 91.
694 9. 91.
695 9. 91.
696 9. 91.
697 9. 91.
698 9. 91.
699 9. 91.
700 9. 91.
701 9. 91.
702 9. 91.
703 9. 91.
704 9. 91.
705 9. 91.
706 9. 91.
707 9. 91.
708 9. 91.
709 9. 91.
710 9. 91.
711 9. 91.
712 9. 91.
713 9. 91.
714 9. 91.
715 9. 91.
716 9. 91.
717 10. 90.
718 10. 90.
719 10. 90.
720 10. 90.
721 10. 90.
722 10. 90.
723 10. 90.
724 10. 90.
725 10. 90.
726 10. 90.
727 10. 90.
728 10. 90.
729 10. 90.
730 10. 90.
731 10. 90.
732 10. 90.
733 10. 90.
734 10. 90.
735 10. 90.
736 10. 90.
737 10. 90.
738 10. 90.
739 10. 90.
740 10. 90.
741 10. 90.
742 10. 90.
743 10. 90.
744 11. 89.
745 10. 90.
746 10. 90.
747 10. 90.
748 9. 91.
749 9. 91.
750 9. 91.
751 9. 91.
752 9. 91.
753 9. 91.
754 9. 91.
755 10. 90.
756 11. 89.
757 11. 89.
758 11. 89.
759 12. 88.
760 13. 87.
761 13. 87.
762 13. 87.
763 14. 86.
764 14. 86.
765 14. 86.
766 14. 86.
767 14. 86.
768 14. 86.
769 14. 86.
770 14. 86.
771 14. 86.
772 13. 87.
773 13. 87.
774 13. 87.
775 13. 87.
776 13. 87.
777 13. 87.
778 13. 87.
779 13. 87.
780 13. 87.
781 13. 87.
782 13. 87.
783 13. 87.
784 13. 87.
785 13. 87.
786 13. 87.
787 13. 87.
788 13. 87.
789 13. 87.
790 13. 87.
791 13. 87.
792 12. 88.
793 12. 88.
794 12. 88.
795 12. 88.
796 12. 88.
797 12. 88.
798 12. 88.
799 12. 88.
800 12. 88.
801 12. 88.
802 12. 88.
803 12. 88.
804 12. 88.
805 11. 89.
806 11. 89.
807 11. 89.
808 11. 89.
809 12. 88.
810 12. 88.
811 12. 88.
812 12. 88.
813 12. 88.
814 12. 88.
815 12. 88.
816 12. 88.
817 12. 88.
818 12. 88.
819 11. 89.
820 11. 89.
821 11. 89.
822 11. 89.
823 11. 89.
824 11. 89.
825 11. 89.
826 11. 89.
827 11. 89.
828 11. 89.
829 11. 89.
830 11. 89.
831 11. 89.
832 12. 88.
833 12. 88.
834 12. 88.
835 12. 88.
836 12. 88.
837 12. 88.
838 12. 88.
839 12. 88.
840 12. 88.
841 12. 88.
842 12. 88.
843 12. 88.
844 12. 88.
845 12. 88.
846 12. 88.
847 12. 88.
848 12. 88.
849 12. 88.
850 11. 89.
851 11. 89.
852 11. 89.
853 10. 90.
854 9. 91.
855 9. 91.
856 9. 91.
857 9. 91.
858 9. 91.
859 9. 91.
860 9. 91.
861 9. 91.
862 9. 91.
863 9. 91.
864 9. 91.
865 9. 91.
866 9. 91.
867 9. 91.
868 9. 91.
869 9. 91.
870 9. 91.
871 9. 91.
872 9. 91.
873 9. 91.
874 9. 91.
875 10. 90.
876 10. 90.
877 10. 90.
878 10. 90.
879 10. 90.
880 10. 90.
881 10. 90.
882 10. 90.
883 10. 90.
884 10. 90.
885 10. 90.
886 10. 90.
887 10. 90.
888 11. 89.
889 10. 90.
890 10. 90.
891 10. 90.
892 10. 90.
893 10. 90.
894 11. 89.
895 11. 89.
896 11. 89.
897 11. 89.
898 11. 89.
899 11. 89.
900 11. 89.
901 11. 89.
902 11. 89.
903 11. 89.
904 11. 89.
905 11. 89.
906 11. 89.
907 12. 88.
908 12. 88.
909 12. 88.
910 12. 88.
911 12. 88.
912 12. 88.
913 12. 88.
914 11. 89.
915 11. 89.
916 11. 89.
917 10. 90.
918 11. 89.
919 11. 89.
920 11. 89.
921 11. 89.
922 11. 89.
923 11. 89.
924 11. 89.
925 11. 89.
926 11. 89.
927 11. 89.
928 11. 89.
929 11. 89.
930 11. 89.
931 11. 89.
932 10. 90.
933 10. 90.
934 10. 90.
935 10. 90.
936 10. 90.
937 10. 90.
938 10. 90.
939 10. 90.
940 10. 90.
941 10. 90.
942 11. 89.
943 11. 89.
944 11. 89.
945 11. 89.
946 11. 89.
947 11. 89.
948 11. 89.
949 11. 89.
950 11. 89.
951 11. 89.
952 12. 88.
953 12. 88.
954 12. 88.
955 11. 89.
956 11. 89.
957 11. 89.
958 11. 89.
959 11. 89.
960 11. 89.
961 11. 89.
962 11. 89.
963 11. 89.
964 11. 89.
965 11. 89.
966 11. 89.
967 11. 89.
968 10. 90.
969 10. 90.
970 10. 90.
971 10. 90.
972 10. 90.
973 10. 90.
974 10. 90.
975 11. 89.
976 11. 89.
977 11. 89.
978 11. 89.
979 11. 89.
980 11. 89.
981 11. 89.
982 11. 89.
983 11. 89.
984 10. 90.
985 10. 90.
986 10. 90.
987 10. 90.
988 10. 90.
989 11. 89.
990 11. 89.
991 11. 89.
992 11. 89.
993 12. 88.
994 12. 88.
995 12. 88.
996 12. 88.
997 12. 88.
998 12. 88.
999 12. 88.
1000 12. 88.
1001 12. 88.
1002 13. 87.
1003 13. 87.
1004 13. 87.
1005 13. 87.
1006 13. 87.
1007 13. 87.
1008 13. 87.
1009 13. 87.
1010 13. 87.
1011 13. 87.
1012 13. 87.
1013 12. 88.
1014 12. 88.
1015 12. 88.
1016 12. 88.
1017 12. 88.
1018 12. 88.
1019 12. 88.
1020 13. 87.
1021 13. 87.
1022 13. 87.
1023 13. 87.
1024 13. 87.
1025 13. 87.
1026 14. 86.
1027 15. 85.
1028 14. 86.
1029 14. 86.
1030 14. 86.
1031 14. 86.
1032 13. 87.
1033 14. 86.
1034 14. 86.
1035 14. 86.
1036 14. 86.
1037 14. 86.
1038 15. 85.
1039 15. 85.
1040 15. 85.
1041 15. 85.
1042 15. 85.
1043 15. 85.
1044 15. 85.
1045 15. 85.
1046 15. 85.
1047 15. 85.
1048 15. 85.
1049 14. 86.
1050 14. 86.
1051 14. 86.
1052 14. 86.
1053 14. 86.
1054 13. 87.
1055 14. 86.
1056 14. 86.
1057 14. 86.
1058 13. 87.
1059 13. 87.
1060 13. 87.
1061 13. 87.
1062 13. 87.
1063 13. 87.
1064 13. 87.
1065 13. 87.
1066 13. 87.
1067 13. 87.
1068 13. 87.
1069 13. 87.
1070 13. 87.
1071 13. 87.
1072 13. 87.
1073 13. 87.
1074 13. 87.
1075 13. 87.
1076 13. 87.
1077 13. 87.
1078 13. 87.
1079 13. 87.
1080 13. 87.
1081 14. 86.
1082 14. 86.
1083 14. 86.
1084 14. 86.
1085 14. 86.
1086 14. 86.
1087 14. 86.
1088 14. 86.
1089 14. 86.
1090 14. 86.
1091 13. 87.
1092 13. 87.
1093 13. 87.
1094 13. 87.
1095 13. 87.
1096 13. 87.
1097 13. 87.
1098 13. 87.
1099 13. 87.
1100 13. 87.
1101 13. 87.
1102 13. 87.
1103 12. 88.
1104 12. 88.
1105 12. 88.
1106 12. 88.
1107 12. 88.
1108 13. 87.
1109 13. 87.
1110 13. 87.
1111 13. 87.
1112 13. 87.
1113 13. 87.
1114 13. 87.
1115 13. 87.
1116 13. 87.
1117 13. 87.
1118 13. 87.
1119 13. 87.
1120 13. 87.
1121 13. 87.
1122 13. 87.
1123 13. 87.
1124 12. 88.
1125 12. 88.
1126 12. 88.
1127 12. 88.
1128 12. 88.
1129 12. 88.
1130 12. 88.
1131 12. 88.
1132 12. 88.
1133 12. 88.
1134 12. 88.
1135 12. 88.
1136 12. 88.
1137 12. 88.
1138 12. 88.
1139 12. 88.
1140 12. 88.
1141 12. 88.
1142 12. 88.
1143 12. 88.
1144 12. 88.
1145 12. 88.
1146 12. 88.
1147 12. 88.
1148 12. 88.
1149 12. 88.
1150 12. 88.
1151 12. 88.
1152 12. 88.
1153 12. 88.
1154 13. 87.
1155 13. 87.
1156 13. 87.
1157 12. 88.
1158 12. 88.
1159 12. 88.
1160 12. 88.
1161 12. 88.
1162 12. 88.
1163 11. 89.
1164 11. 89.
1165 11. 89.
1166 12. 88.
1167 12. 88.
1168 11. 89.
1169 11. 89.
1170 11. 89.
1171 11. 89.
1172 12. 88.
1173 12. 88.
1174 12. 88.
1175 12. 88.
1176 12. 88.
1177 12. 88.
1178 12. 88.
1179 12. 88.
1180 12. 88.
1181 12. 88.
1182 11. 89.
1183 11. 89.
1184 11. 89.
1185 11. 89.
1186 12. 88.
1187 12. 88.
1188 12. 88.
1189 12. 88.
1190 11. 89.
1191 11. 89.
1192 11. 89.
1193 11. 89.
1194 11. 89.
1195 11. 89.
1196 11. 89.
1197 11. 89.
1198 11. 89.
1199 11. 89.
1200 11. 89.
1201 11. 89.
1202 11. 89.
1203 11. 89.
1204 11. 89.
1205 11. 89.
1206 11. 89.
1207 11. 89.
1208 11. 89.
1209 11. 89.
1210 11. 89.
1211 11. 89.
1212 11. 89.
1213 11. 89.
1214 11. 89.
1215 11. 89.
1216 11. 89.
1217 11. 89.
1218 11. 89.
1219 11. 89.
1220 12. 88.
1221 12. 88.
1222 12. 88.
1223 12. 88.
1224 12. 88.
1225 12. 88.
1226 12. 88.
1227 12. 88.
1228 12. 88.
1229 12. 88.
1230 12. 88.
1231 12. 88.
1232 11. 89.
1233 11. 89.
1234 11. 89.
1235 11. 89.
1236 11. 89.
1237 11. 89.
1238 11. 89.
1239 11. 89.
1240 11. 89.
1241 11. 89.
1242 11. 89.
1243 11. 89.
1244 11. 89.
1245 11. 89.
1246 11. 89.
1247 11. 89.
1248 11. 89.
1249 11. 89.
1250 11. 89.
1251 11. 89.
1252 11. 89.
1253 11. 89.
1254 11. 89.
1255 11. 89.
1256 11. 89.
1257 11. 89.
1258 10. 90.
1259 10. 90.
1260 10. 90.
1261 10. 90.
1262 10. 90.
1263 10. 90.
1264 10. 90.
1265 10. 90.
1266 10. 90.
1267 10. 90.
1268 10. 90.
1269 10. 90.
1270 10. 90.
1271 10. 90.
1272 10. 90.
1273 9. 91.
1274 9. 91.
1275 9. 91.
1276 9. 91.
1277 9. 91.
1278 9. 91.
1279 9. 91.
1280 10. 90.
1281 9. 91.
1282 9. 91.
1283 9. 91.
1284 9. 91.
1285 9. 91.
1286 9. 91.
1287 9. 91.
1288 9. 91.
1289 9. 91.
1290 9. 91.
1291 9. 91.
1292 9. 91.
1293 9. 91.
1294 9. 91.
1295 9. 91.
1296 9. 91.
1297 9. 91.
1298 9. 91.
1299 9. 91.
1300 9. 91.
1301 9. 91.
1302 9. 91.
1303 9. 91.
1304 9. 91.
1305 9. 91.
1306 9. 91.
1307 9. 91.
1308 9. 91.
1309 9. 91.
1310 9. 91.
1311 9. 91.
1312 9. 91.
1313 9. 91.
1314 9. 91.
1315 9. 91.
1316 9. 91.
1317 9. 91.
1318 9. 91.
1319 9. 91.
1320 9. 91.
1321 9. 91.
1322 9. 91.
1323 9. 91.
1324 9. 91.
1325 9. 91.
1326 9. 91.
1327 8. 92.
1328 8. 92.
1329 8. 92.
1330 8. 92.
1331 8. 92.
1332 8. 92.
1333 8. 92.
1334 8. 92.
1335 8. 92.
1336 8. 92.
1337 8. 92.
1338 8. 92.
1339 8. 92.
1340 8. 92.
1341 8. 92.
1342 8. 92.
1343 8. 92.
1344 8. 92.
1345 8. 92.
1346 8. 92.
1347 8. 92.
1348 8. 92.
1349 8. 92.
1350 8. 92.
1351 8. 92.
1352 8. 92.
1353 8. 92.
1354 7. 93.
1355 7. 93.
1356 7. 93.
1357 7. 93.
1358 7. 93.
1359 7. 93.
1360 6. 94.
1361 6. 94.
1362 6. 94.
1363 6. 94.
1364 6. 94.
1365 6. 94.
1366 6. 94.
1367 6. 94.
1368 6. 94.
1369 6. 94.
1370 6. 94.
1371 6. 94.
1372 6. 94.
1373 6. 94.
1374 5. 95.
1375 5. 95.
1376 6. 94.
1377 6. 94.
1378 6. 94.
1379 6. 94.
1380 6. 94.
1381 6. 94.
1382 6. 94.
1383 6. 94.
1384 6. 94.
1385 6. 94.
1386 6. 94.
1387 6. 94.
1388 6. 94.
1389 6. 94.
1390 6. 94.
1391 6. 94.
1392 6. 94.
1393 6. 94.
1394 6. 94.
1395 6. 94.
1396 6. 94.
1397 6. 94.
1398 6. 94.
1399 6. 94.
1400 6. 94.
1401 6. 94.
1402 6. 94.
1403 6. 94.
1404 6. 94.
1405 6. 94.
1406 6. 94.
1407 7. 93.
1408 7. 93.
1409 7. 93.
1410 7. 93.
1411 7. 93.
1412 7. 93.
1413 7. 93.
1414 7. 93.
1415 7. 93.
1416 7. 93.
1417 7. 93.
1418 7. 93.
1419 7. 93.
1420 7. 93.
1421 7. 93.
1422 7. 93.
1423 7. 93.
1424 7. 93.
1425 8. 92.
1426 8. 92.
1427 8. 92.
1428 8. 92.
1429 8. 92.
1430 8. 92.
1431 8. 92.
1432 8. 92.
1433 8. 92.
1434 8. 92.
1435 8. 92.
1436 8. 92.
1437 8. 92.
1438 8. 92.
1439 8. 92.
1440 8. 92.
1441 8. 92.
1442 8. 92.
1443 8. 92.
1444 8. 92.
1445 8. 92.
1446 8. 92.
1447 8. 92.
1448 8. 92.
1449 8. 92.
1450 8. 92.
1451 9. 91.
1452 9. 91.
1453 9. 91.
1454 9. 91.
1455 9. 91.
1456 9. 91.
1457 9. 91.
1458 9. 91.
1459 9. 91.
1460 9. 91.
1461 8. 92.
1462 8. 92.
1463 8. 92.
1464 8. 92.
1465 8. 92.
1466 8. 92.
1467 8. 92.
1468 8. 92.
1469 8. 92.
1470 8. 92.
1471 8. 92.
1472 8. 92.
1473 8. 92.
1474 8. 92.
1475 8. 92.
1476 8. 92.
1477 8. 92.
1478 8. 92.
1479 8. 92.
1480 8. 92.
1481 8. 92.
1482 8. 92.
1483 8. 92.
1484 9. 91.
1485 9. 91.
1486 9. 91.
1487 9. 91.
1488 9. 91.
1489 9. 91.
1490 9. 91.
1491 9. 91.
1492 9. 91.
1493 9. 91.
1494 9. 91.
1495 8. 92.
1496 8. 92.
1497 8. 92.
1498 8. 92.
1499 8. 92.
1500 8. 92.
1501 8. 92.
1502 8. 92.
1503 8. 92.
1504 8. 92.
1505 8. 92.
1506 8. 92.
1507 8. 92.
1508 8. 92.
1509 8. 92.
1510 8. 92.
1511 8. 92.
1512 8. 92.
1513 8. 92.
1514 8. 92.
1515 8. 92.
1516 8. 92.
1517 8. 92.
1518 8. 92.
1519 8. 92.
1520 8. 92.
1521 8. 92.
1522 8. 92.
1523 8. 92.
1524 8. 92.
1525 8. 92.
1526 8. 92.
1527 8. 92.
1528 8. 92.
1529 8. 92.
1530 8. 92.
1531 8. 92.
1532 8. 92.
1533 8. 92.
1534 8. 92.
1535 8. 92.
1536 8. 92.
1537 9. 91.
1538 9. 91.
1539 8. 92.
1540 8. 92.
1541 8. 92.
1542 8. 92.
1543 8. 92.
1544 8. 92.
1545 8. 92.
1546 7. 93.
1547 7. 93.
1548 7. 93.
1549 7. 93.
1550 7. 93.
1551 7. 93.
1552 7. 93.
1553 7. 93.
1554 7. 93.
1555 7. 93.
1556 7. 93.
1557 8. 92.
1558 8. 92.
1559 8. 92.
1560 8. 92.
1561 8. 92.
1562 8. 92.
1563 8. 92.
1564 8. 92.
1565 8. 92.
1566 8. 92.
1567 8. 92.
1568 8. 92.
1569 8. 92.
1570 8. 92.
1571 8. 92.
1572 8. 92.
1573 8. 92.
1574 8. 92.
1575 8. 92.
1576 8. 92.
1577 8. 92.
1578 8. 92.
1579 9. 91.
1580 9. 91.
1581 9. 91.
1582 9. 91.
1583 8. 92.
1584 8. 92.
1585 8. 92.
1586 8. 92.
1587 8. 92.
1588 8. 92.
1589 8. 92.
1590 8. 92.
1591 8. 92.
1592 8. 92.
1593 9. 91.
1594 9. 91.
1595 9. 91.
1596 9. 91.
1597 9. 91.
1598 9. 91.
1599 9. 91.
1600 9. 91.
1601 9. 91.
1602 9. 91.
1603 9. 91.
1604 9. 91.
1605 9. 91.
1606 9. 91.
1607 8. 92.
1608 7. 93.
1609 7. 93.
1610 7. 93.
1611 6. 94.
1612 6. 94.
1613 6. 94.
1614 6. 94.
1615 6. 94.
1616 6. 94.
1617 6. 94.
1618 6. 94.
1619 6. 94.
1620 6. 94.
1621 6. 94.
1622 6. 94.
1623 6. 94.
1624 6. 94.
1625 6. 94.
1626 6. 94.
1627 6. 94.
1628 7. 93.
1629 7. 93.
1630 7. 93.
1631 7. 93.
1632 7. 93.
1633 7. 93.
1634 7. 93.
1635 7. 93.
1636 7. 93.
1637 6. 94.
1638 6. 94.
1639 6. 94.
1640 6. 94.
1641 6. 94.
1642 6. 94.
1643 5. 95.
1644 5. 95.
1645 5. 95.
1646 4. 96.
1647 4. 96.
1648 4. 96.
1649 4. 96.
1650 4. 96.
1651 4. 96.
1652 4. 96.
1653 4. 96.
1654 4. 96.
1655 4. 96.
1656 4. 96.
1657 4. 96.
1658 4. 96.
1659 4. 96.
1660 4. 96.
1661 4. 96.
1662 4. 96.
1663 4. 96.
1664 4. 96.
1665 4. 96.
1666 4. 96.
1667 4. 96.
1668 4. 96.
1669 4. 96.
1670 4. 96.
1671 4. 96.
1672 4. 96.
1673 4. 96.
1674 4. 96.
1675 4. 96.
1676 4. 96.
1677 4. 96.
1678 4. 96.
1679 4. 96.
1680 4. 96.
1681 4. 96.
1682 4. 96.
1683 4. 96.
1684 5. 95.
1685 5. 95.
1686 5. 95.
1687 5. 95.
1688 5. 95.
1689 5. 95.
1690 5. 95.
1691 5. 95.
1692 5. 95.
1693 5. 95.
1694 5. 95.
1695 5. 95.
1696 5. 95.
1697 5. 95.
1698 5. 95.
1699 5. 95.
1700 5. 95.
1701 4. 96.
1702 4. 96.
1703 4. 96.
1704 4. 96.
1705 5. 95.
1706 5. 95.
1707 5. 95.
1708 5. 95.
1709 5. 95.
1710 5. 95.
1711 5. 95.
1712 5. 95.
1713 5. 95.
1714 5. 95.
1715 5. 95.
1716 5. 95.
1717 5. 95.
1718 5. 95.
1719 5. 95.
1720 6. 94.
1721 5. 95.
1722 5. 95.
1723 5. 95.
1724 5. 95.
1725 5. 95.
1726 5. 95.
1727 5. 95.
1728 5. 95.
1729 5. 95.
1730 5. 95.
1731 5. 95.
1732 4. 96.
1733 4. 96.
1734 4. 96.
1735 4. 96.
1736 4. 96.
1737 4. 96.
1738 4. 96.
1739 3. 97.
1740 3. 97.
1741 4. 96.
1742 4. 96.
1743 4. 96.
1744 4. 96.
1745 4. 96.
1746 4. 96.
1747 4. 96.
1748 4. 96.
1749 4. 96.
1750 4. 96.
1751 4. 96.
1752 4. 96.
1753 4. 96.
1754 4. 96.
1755 4. 96.
1756 4. 96.
1757 4. 96.
1758 4. 96.
1759 4. 96.
1760 4. 96.
1761 4. 96.
1762 4. 96.
1763 4. 96.
1764 3. 97.
1765 3. 97.
1766 3. 97.
1767 3. 97.
1768 3. 97.
1769 3. 97.
1770 3. 97.
1771 3. 97.
1772 3. 97.
1773 3. 97.
1774 3. 97.
1775 3. 97.
1776 3. 97.
1777 3. 97.
1778 3. 97.
1779 3. 97.
1780 3. 97.
1781 3. 97.
1782 3. 97.
1783 3. 97.
1784 3. 97.
1785 3. 97.
1786 3. 97.
1787 3. 97.
1788 3. 97.
1789 3. 97.
1790 4. 96.
1791 4. 96.
1792 4. 96.
1793 4. 96.
1794 4. 96.
1795 4. 96.
1796 4. 96.
1797 4. 96.
1798 3. 97.
1799 3. 97.
1800 3. 97.
1801 3. 97.
1802 3. 97.
1803 3. 97.
1804 3. 97.
1805 3. 97.
1806 3. 97.
1807 3. 97.
1808 3. 97.
1809 3. 97.
1810 3. 97.
1811 2. 98.
1812 2. 98.
1813 2. 98.
1814 2. 98.
1815 2. 98.
1816 2. 98.
1817 2. 98.
1818 2. 98.
1819 2. 98.
1820 2. 98.
1821 2. 98.
1822 2. 98.
1823 2. 98.
1824 2. 98.
1825 2. 98.
1826 2. 98.
1827 2. 98.
1828 2. 98.
1829 2. 98.
1830 2. 98.
1831 2. 98.
1832 2. 98.
1833 2. 98.
1834 2. 98.
1835 3. 97.
1836 3. 97.
1837 3. 97.
1838 3. 97.
1839 3. 97.
1840 3. 97.
1841 3. 97.
1842 3. 97.
1843 3. 97.
1844 3. 97.
1845 3. 97.
1846 3. 97.
1847 3. 97.
1848 3. 97.
1849 3. 97.
1850 3. 97.
1851 3. 97.
1852 3. 97.
1853 3. 97.
1854 3. 97.
1855 3. 97.
1856 3. 97.
1857 3. 97.
1858 3. 97.
1859 3. 97.
1860 3. 97.
1861 3. 97.
1862 3. 97.
1863 3. 97.
1864 3. 97.
1865 3. 97.
1866 3. 97.
1867 3. 97.
1868 3. 97.
1869 3. 97.
1870 3. 97.
1871 3. 97.
1872 3. 97.
1873 3. 97.
1874 3. 97.
1875 3. 97.
1876 3. 97.
1877 3. 97.
1878 3. 97.
1879 3. 97.
1880 3. 97.
1881 4. 96.
1882 4. 96.
1883 4. 96.
1884 4. 96.
1885 4. 96.
1886 4. 96.
1887 4. 96.
1888 4. 96.
1889 5. 95.
1890 5. 95.
1891 5. 95.
1892 5. 95.
1893 5. 95.
1894 5. 95.
1895 6. 94.
1896 6. 94.
1897 6. 94.
1898 6. 94.
1899 6. 94.
1900 6. 94.
1901 6. 94.
1902 6. 94.
1903 6. 94.
1904 6. 94.
1905 6. 94.
1906 6. 94.
1907 6. 94.
1908 6. 94.
1909 6. 94.
1910 6. 94.
1911 6. 94.
1912 6. 94.
1913 6. 94.
1914 6. 94.
1915 6. 94.
1916 6. 94.
1917 6. 94.
1918 6. 94.
1919 6. 94.
1920 6. 94.
1921 6. 94.
1922 6. 94.
1923 6. 94.
1924 6. 94.
1925 6. 94.
1926 6. 94.
1927 6. 94.
1928 6. 94.
1929 6. 94.
1930 6. 94.
1931 5. 95.
1932 4. 96.
1933 4. 96.
1934 4. 96.
1935 5. 95.
1936 5. 95.
1937 5. 95.
1938 5. 95.
1939 5. 95.
1940 5. 95.
1941 5. 95.
1942 5. 95.
1943 5. 95.
1944 5. 95.
1945 5. 95.
1946 4. 96.
1947 4. 96.
1948 4. 96.
1949 4. 96.
1950 4. 96.
1951 4. 96.
1952 4. 96.
1953 4. 96.
1954 4. 96.
1955 4. 96.
1956 4. 96.
1957 4. 96.
1958 4. 96.
1959 4. 96.
1960 4. 96.
1961 4. 96.
1962 4. 96.
1963 4. 96.
1964 4. 96.
1965 4. 96.
1966 4. 96.
1967 4. 96.
1968 4. 96.
1969 4. 96.
1970 4. 96.
1971 4. 96.
1972 4. 96.
1973 4. 96.
1974 4. 96.
1975 4. 96.
1976 4. 96.
1977 4. 96.
1978 4. 96.
1979 4. 96.
1980 4. 96.
1981 4. 96.
1982 4. 96.
1983 4. 96.
1984 4. 96.
1985 4. 96.
1986 4. 96.
1987 4. 96.
1988 4. 96.
1989 4. 96.
1990 4. 96.
1991 4. 96.
1992 4. 96.
1993 5. 95.
1994 5. 95.
1995 5. 95.
1996 5. 95.
1997 5. 95.
1998 5. 95.
1999 5. 95.
2000 5. 95.
2001 5. 95.
2002 5. 95.
2003 5. 95.
2004 6. 94.
2005 6. 94.
2006 6. 94.
2007 6. 94.
2008 6. 94.
2009 6. 94.
2010 6. 94.
2011 6. 94.
2012 6. 94.
2013 6. 94.
2014 6. 94.
2015 6. 94.
2016 5. 95.
2017 5. 95.
2018 5. 95.
2019 5. 95.
2020 5. 95.
2021 5. 95.
2022 5. 95.
2023 5. 95.
2024 5. 95.
2025 5. 95.
2026 5. 95.
2027 5. 95.
2028 5. 95.
2029 5. 95.
2030 5. 95.
2031 5. 95.
2032 5. 95.
2033 5. 95.
2034 5. 95.
2035 5. 95.
2036 5. 95.
2037 5. 95.
2038 5. 95.
2039 5. 95.
2040 5. 95.
2041 5. 95.
2042 5. 95.
2043 5. 95.
2044 5. 95.
2045 5. 95.
2046 5. 95.
2047 5. 95.
2048 6. 94.
2049 6. 94.
2050 6. 94.
2051 6. 94.
2052 6. 94.
2053 6. 94.
2054 6. 94.
2055 5. 95.
2056 5. 95.
2057 5. 95.
2058 5. 95.
2059 5. 95.
2060 5. 95.
2061 5. 95.
2062 5. 95.
2063 5. 95.
2064 5. 95.
2065 5. 95.
2066 5. 95.
2067 5. 95.
2068 5. 95.
2069 5. 95.
2070 5. 95.
2071 5. 95.
2072 5. 95.
2073 5. 95.
2074 5. 95.
2075 5. 95.
2076 5. 95.
2077 5. 95.
2078 5. 95.
2079 5. 95.
2080 5. 95.
2081 5. 95.
2082 5. 95.
2083 5. 95.
2084 5. 95.
2085 5. 95.
2086 5. 95.
2087 5. 95.
2088 5. 95.
2089 5. 95.
2090 5. 95.
2091 5. 95.
2092 5. 95.
2093 5. 95.
2094 5. 95.
2095 5. 95.
2096 5. 95.
2097 5. 95.
2098 5. 95.
2099 5. 95.
2100 5. 95.
2101 5. 95.
2102 5. 95.
2103 5. 95.
2104 5. 95.
2105 5. 95.
2106 5. 95.
2107 5. 95.
2108 5. 95.
2109 5. 95.
2110 5. 95.
2111 5. 95.
2112 5. 95.
2113 5. 95.
2114 5. 95.
2115 5. 95.
2116 5. 95.
2117 5. 95.
2118 5. 95.
2119 5. 95.
2120 5. 95.
2121 5. 95.
2122 5. 95.
2123 5. 95.
2124 5. 95.
2125 5. 95.
2126 5. 95.
2127 5. 95.
2128 5. 95.
2129 5. 95.
2130 5. 95.
2131 5. 95.
2132 5. 95.
2133 5. 95.
2134 5. 95.
2135 5. 95.
2136 5. 95.
2137 4. 96.
2138 4. 96.
2139 4. 96.
2140 4. 96.
2141 5. 95.
2142 5. 95.
2143 4. 96.
2144 4. 96.
2145 4. 96.
2146 4. 96.
2147 4. 96.
2148 4. 96.
2149 4. 96.
2150 4. 96.
2151 4. 96.
2152 4. 96.
2153 4. 96.
2154 4. 96.
2155 4. 96.
2156 4. 96.
2157 4. 96.
2158 4. 96.
2159 4. 96.
2160 4. 96.
2161 4. 96.
2162 4. 96.
2163 4. 96.
2164 4. 96.
2165 4. 96.
2166 4. 96.
2167 4. 96.
2168 4. 96.
2169 4. 96.
2170 4. 96.
2171 4. 96.
2172 4. 96.
2173 4. 96.
2174 4. 96.
2175 4. 96.
2176 4. 96.
2177 4. 96.
2178 4. 96.
2179 4. 96.
2180 4. 96.
2181 4. 96.
2182 4. 96.
2183 4. 96.
2184 4. 96.
2185 4. 96.
2186 4. 96.
2187 4. 96.
2188 3. 97.
2189 3. 97.
2190 3. 97.
2191 3. 97.
2192 3. 97.
2193 3. 97.
2194 3. 97.
2195 3. 97.
2196 3. 97.
2197 3. 97.
2198 3. 97.
2199 4. 96.
2200 4. 96.
2201 4. 96.
2202 4. 96.
2203 4. 96.
2204 4. 96.
2205 4. 96.
2206 4. 96.
2207 4. 96.
2208 4. 96.
2209 4. 96.
2210 4. 96.
2211 4. 96.
2212 4. 96.
2213 4. 96.
2214 4. 96.
2215 4. 96.
2216 5. 95.
2217 5. 95.
2218 5. 95.
2219 5. 95.
2220 5. 95.
2221 5. 95.
2222 5. 95.
2223 5. 95.
2224 4. 96.
2225 4. 96.
2226 4. 96.
2227 4. 96.
2228 4. 96.
2229 4. 96.
2230 4. 96.
2231 4. 96.
2232 4. 96.
2233 4. 96.
2234 4. 96.
2235 4. 96.
2236 5. 95.
2237 5. 95.
2238 5. 95.
2239 5. 95.
2240 5. 95.
2241 4. 96.
2242 4. 96.
2243 5. 95.
2244 5. 95.
2245 5. 95.
2246 5. 95.
2247 5. 95.
2248 5. 95.
2249 5. 95.
2250 5. 95.
2251 5. 95.
2252 5. 95.
2253 5. 95.
2254 5. 95.
2255 5. 95.
2256 5. 95.
2257 5. 95.
2258 5. 95.
2259 5. 95.
2260 5. 95.
2261 6. 94.
2262 6. 94.
2263 6. 94.
2264 6. 94.
2265 6. 94.
2266 6. 94.
2267 6. 94.
2268 6. 94.
2269 6. 94.
2270 6. 94.
2271 6. 94.
2272 6. 94.
2273 6. 94.
2274 6. 94.
2275 6. 94.
2276 6. 94.
2277 6. 94.
2278 6. 94.
2279 6. 94.
2280 6. 94.
2281 6. 94.
2282 6. 94.
2283 7. 93.
2284 7. 93.
2285 7. 93.
2286 7. 93.
2287 7. 93.
2288 8. 92.
2289 8. 92.
2290 8. 92.
2291 8. 92.
2292 8. 92.
2293 8. 92.
2294 8. 92.
2295 8. 92.
2296 8. 92.
2297 8. 92.
2298 8. 92.
2299 8. 92.
2300 8. 92.
2301 8. 92.
2302 8. 92.
2303 8. 92.
2304 8. 92.
2305 8. 92.
2306 8. 92.
2307 8. 92.
2308 8. 92.
2309 8. 92.
2310 8. 92.
2311 8. 92.
2312 8. 92.
2313 8. 92.
2314 8. 92.
2315 8. 92.
2316 8. 92.
2317 8. 92.
2318 8. 92.
2319 8. 92.
2320 8. 92.
2321 8. 92.
2322 8. 92.
2323 8. 92.
2324 8. 92.
2325 8. 92.
2326 8. 92.
2327 8. 92.
2328 8. 92.
2329 8. 92.
2330 8. 92.
2331 8. 92.
2332 8. 92.
2333 8. 92.
2334 8. 92.
2335 8. 92.
2336 8. 92.
2337 7. 93.
2338 7. 93.
2339 7. 93.
2340 7. 93.
2341 7. 93.
2342 7. 93.
2343 7. 93.
2344 7. 93.
2345 7. 93.
2346 7. 93.
2347 7. 93.
2348 7. 93.
2349 7. 93.
2350 7. 93.
2351 7. 93.
2352 7. 93.
2353 7. 93.
2354 7. 93.
2355 7. 93.
2356 7. 93.
2357 7. 93.
2358 7. 93.
2359 7. 93.
2360 7. 93.
2361 7. 93.
2362 7. 93.
2363 7. 93.
2364 7. 93.
2365 7. 93.
2366 7. 93.
2367 7. 93.
2368 7. 93.
2369 6. 94.
2370 6. 94.
2371 6. 94.
2372 6. 94.
2373 6. 94.
2374 6. 94.
2375 6. 94.
2376 5. 95.
2377 5. 95.
2378 5. 95.
2379 5. 95.
2380 4. 96.
2381 4. 96.
2382 4. 96.
2383 4. 96.
2384 4. 96.
2385 4. 96.
2386 4. 96.
2387 4. 96.
2388 4. 96.
2389 4. 96.
2390 4. 96.
2391 4. 96.
2392 4. 96.
2393 4. 96.
2394 4. 96.
2395 4. 96.
2396 4. 96.
2397 4. 96.
2398 4. 96.
2399 4. 96.
2400 4. 96.
2401 4. 96.
2402 4. 96.
2403 4. 96.
2404 4. 96.
2405 4. 96.
2406 4. 96.
2407 4. 96.
2408 4. 96.
2409 4. 96.
2410 5. 95.
2411 5. 95.
2412 5. 95.
2413 5. 95.
2414 5. 95.
2415 5. 95.
2416 5. 95.
2417 6. 94.
2418 6. 94.
2419 6. 94.
2420 6. 94.
2421 6. 94.
2422 6. 94.
2423 6. 94.
2424 6. 94.
2425 6. 94.
2426 6. 94.
2427 6. 94.
2428 6. 94.
2429 6. 94.
2430 6. 94.
2431 6. 94.
2432 6. 94.
2433 6. 94.
2434 6. 94.
2435 6. 94.
2436 6. 94.
2437 6. 94.
2438 6. 94.
2439 5. 95.
2440 5. 95.
2441 4. 96.
2442 4. 96.
2443 4. 96.
2444 4. 96.
2445 4. 96.
2446 4. 96.
2447 4. 96.
2448 4. 96.
2449 4. 96.
2450 4. 96.
2451 4. 96.
2452 4. 96.
2453 4. 96.
2454 4. 96.
2455 4. 96.
2456 4. 96.
2457 4. 96.
2458 4. 96.
2459 4. 96.
2460 3. 97.
2461 3. 97.
2462 3. 97.
2463 3. 97.
2464 3. 97.
2465 3. 97.
2466 3. 97.
2467 3. 97.
2468 3. 97.
2469 3. 97.
2470 3. 97.
2471 3. 97.
2472 3. 97.
2473 3. 97.
2474 3. 97.
2475 3. 97.
2476 3. 97.
2477 3. 97.
2478 3. 97.
2479 3. 97.
2480 3. 97.
2481 3. 97.
2482 3. 97.
2483 3. 97.
2484 3. 97.
2485 3. 97.
2486 3. 97.
2487 3. 97.
2488 3. 97.
2489 3. 97.
2490 2. 98.
2491 2. 98.
2492 2. 98.
2493 2. 98.
2494 2. 98.
2495 2. 98.
2496 2. 98.
2497 2. 98.
2498 2. 98.
2499 2. 98.
2500 2. 98.
2501 2. 98.
2502 2. 98.
2503 2. 98.
2504 2. 98.
2505 2. 98.
2506 2. 98.
2507 2. 98.
2508 2. 98.
2509 2. 98.
2510 2. 98.
2511 2. 98.
2512 2. 98.
2513 2. 98.
2514 2. 98.
2515 2. 98.
2516 2. 98.
2517 2. 98.
2518 2. 98.
2519 2. 98.
2520 2. 98.
2521 2. 98.
2522 2. 98.
2523 3. 97.
2524 3. 97.
2525 3. 97.
2526 3. 97.
2527 3. 97.
2528 3. 97.
2529 3. 97.
2530 3. 97.
2531 3. 97.
2532 3. 97.
2533 3. 97.
2534 3. 97.
2535 3. 97.
2536 3. 97.
2537 3. 97.
2538 3. 97.
2539 3. 97.
2540 3. 97.
2541 3. 97.
2542 3. 97.
2543 3. 97.
2544 3. 97.
2545 3. 97.
2546 3. 97.
2547 3. 97.
2548 3. 97.
2549 3. 97.
2550 3. 97.
2551 3. 97.
2552 3. 97.
2553 3. 97.
2554 3. 97.
2555 3. 97.
2556 3. 97.
2557 3. 97.
2558 3. 97.
2559 3. 97.
2560 3. 97.
2561 3. 97.
2562 3. 97.
2563 3. 97.
2564 3. 97.
2565 3. 97.
2566 3. 97.
2567 3. 97.
2568 3. 97.
2569 3. 97.
2570 3. 97.
2571 3. 97.
2572 3. 97.
2573 3. 97.
2574 3. 97.
2575 3. 97.
2576 3. 97.
2577 3. 97.
2578 4. 96.
2579 4. 96.
2580 4. 96.
2581 4. 96.
2582 4. 96.
2583 4. 96.
2584 4. 96.
2585 4. 96.
2586 4. 96.
2587 4. 96.
2588 4. 96.
2589 4. 96.
2590 4. 96.
2591 4. 96.
2592 4. 96.
2593 4. 96.
2594 4. 96.
2595 4. 96.
2596 4. 96.
2597 4. 96.
2598 4. 96.
2599 4. 96.
2600 4. 96.
2601 4. 96.
2602 4. 96.
2603 4. 96.
2604 4. 96.
2605 4. 96.
2606 4. 96.
2607 4. 96.
2608 4. 96.
2609 4. 96.
2610 4. 96.
2611 5. 95.
2612 5. 95.
2613 5. 95.
2614 5. 95.
2615 5. 95.
2616 5. 95.
2617 5. 95.
2618 5. 95.
2619 5. 95.
2620 5. 95.
2621 5. 95.
2622 5. 95.
2623 5. 95.
2624 5. 95.
2625 5. 95.
2626 5. 95.
2627 5. 95.
2628 5. 95.
2629 5. 95.
2630 5. 95.
2631 5. 95.
2632 5. 95.
2633 5. 95.
2634 5. 95.
2635 5. 95.
2636 5. 95.
2637 5. 95.
2638 5. 95.
2639 5. 95.
2640 5. 95.
2641 5. 95.
2642 5. 95.
2643 5. 95.
2644 5. 95.
2645 5. 95.
2646 5. 95.
2647 6. 94.
2648 6. 94.
2649 6. 94.
2650 6. 94.
2651 6. 94.
2652 6. 94.
2653 6. 94.
2654 6. 94.
2655 6. 94.
2656 6. 94.
2657 6. 94.
2658 6. 94.
2659 6. 94.
2660 6. 94.
2661 6. 94.
2662 6. 94.
2663 6. 94.
2664 6. 94.
2665 6. 94.
2666 6. 94.
2667 6. 94.
2668 6. 94.
2669 6. 94.
2670 6. 94.
2671 6. 94.
2672 6. 94.
2673 6. 94.
2674 6. 94.
2675 6. 94.
2676 6. 94.
2677 6. 94.
2678 6. 94.
2679 6. 94.
2680 6. 94.
2681 6. 94.
2682 6. 94.
2683 6. 94.
2684 6. 94.
2685 6. 94.
2686 6. 94.
2687 6. 94.
2688 6. 94.
2689 6. 94.
2690 6. 94.
2691 6. 94.
2692 6. 94.
2693 6. 94.
2694 6. 94.
2695 6. 94.
2696 6. 94.
2697 6. 94.
2698 6. 94.
2699 6. 94.
2700 6. 94.
2701 6. 94.
2702 6. 94.
2703 6. 94.
2704 6. 94.
2705 6. 94.
2706 6. 94.
2707 6. 94.
2708 6. 94.
2709 6. 94.
2710 6. 94.
2711 6. 94.
2712 6. 94.
2713 6. 94.
2714 6. 94.
2715 6. 94.
2716 6. 94.
2717 6. 94.
2718 6. 94.
2719 6. 94.
2720 6. 94.
2721 6. 94.
2722 6. 94.
2723 6. 94.
2724 6. 94.
2725 6. 94.
2726 6. 94.
2727 6. 94.
2728 6. 94.
2729 6. 94.
2730 6. 94.
2731 6. 94.
2732 6. 94.
2733 6. 94.
2734 6. 94.
2735 6. 94.
2736 6. 94.
2737 6. 94.
2738 6. 94.
2739 6. 94.
2740 6. 94.
2741 6. 94.
2742 6. 94.
2743 6. 94.
2744 6. 94.
2745 6. 94.
2746 6. 94.
2747 6. 94.
2748 6. 94.
2749 6. 94.
2750 6. 94.
2751 6. 94.
2752 6. 94.
2753 6. 94.
2754 6. 94.
2755 6. 94.
2756 6. 94.
2757 6. 94.
2758 6. 94.
2759 6. 94.
2760 5. 95.
2761 5. 95.
2762 5. 95.
2763 5. 95.
2764 5. 95.
2765 5. 95.
2766 4. 96.
2767 4. 96.
2768 4. 96.
2769 4. 96.
2770 4. 96.
2771 4. 96.
2772 4. 96.
2773 4. 96.
2774 4. 96.
2775 4. 96.
2776 4. 96.
2777 4. 96.
2778 4. 96.
2779 4. 96.
2780 4. 96.
2781 4. 96.
2782 4. 96.
2783 4. 96.
2784 4. 96.
2785 4. 96.
2786 4. 96.
2787 4. 96.
2788 4. 96.
2789 4. 96.
2790 4. 96.
2791 4. 96.
2792 4. 96.
2793 4. 96.
2794 4. 96.
2795 4. 96.
2796 4. 96.
2797 4. 96.
2798 4. 96.
2799 4. 96.
2800 4. 96.
2801 4. 96.
2802 4. 96.
2803 4. 96.
2804 4. 96.
2805 4. 96.
2806 4. 96.
2807 4. 96.
2808 4. 96.
2809 4. 96.
2810 4. 96.
2811 4. 96.
2812 4. 96.
2813 4. 96.
2814 4. 96.
2815 4. 96.
2816 4. 96.
2817 4. 96.
2818 4. 96.
2819 4. 96.
2820 4. 96.
2821 4. 96.
2822 4. 96.
2823 4. 96.
2824 4. 96.
2825 4. 96.
2826 4. 96.
2827 4. 96.
2828 4. 96.
2829 4. 96.
2830 4. 96.
2831 4. 96.
2832 4. 96.
2833 4. 96.
2834 4. 96.
2835 4. 96.
2836 4. 96.
2837 4. 96.
2838 4. 96.
2839 4. 96.
2840 4. 96.
2841 4. 96.
2842 4. 96.
2843 4. 96.
2844 4. 96.
2845 4. 96.
2846 4. 96.
2847 4. 96.
2848 4. 96.
2849 4. 96.
2850 4. 96.
2851 4. 96.
2852 4. 96.
2853 4. 96.
2854 4. 96.
2855 4. 96.
2856 4. 96.
2857 4. 96.
2858 4. 96.
2859 3. 97.
2860 3. 97.
2861 3. 97.
2862 3. 97.
2863 3. 97.
2864 3. 97.
2865 3. 97.
2866 3. 97.
2867 3. 97.
2868 3. 97.
2869 3. 97.
2870 3. 97.
2871 3. 97.
2872 2. 98.
2873 2. 98.
2874 2. 98.
2875 2. 98.
2876 2. 98.
2877 2. 98.
2878 2. 98.
2879 2. 98.
2880 2. 98.
2881 2. 98.
2882 2. 98.
2883 2. 98.
2884 2. 98.
2885 2. 98.
2886 2. 98.
2887 1. 99.
2888 1. 99.
2889 1. 99.
2890 1. 99.
2891 1. 99.
2892 1. 99.
2893 1. 99.
2894 1. 99.
2895 1. 99.
2896 1. 99.
2897 1. 99.
2898 1. 99.
2899 1. 99.
2900 1. 99.
2901 1. 99.
2902 1. 99.
2903 1. 99.
2904 1. 99.
2905 1. 99.
2906 1. 99.
2907 1. 99.
2908 1. 99.
2909 1. 99.
2910 1. 99.
2911 1. 99.
2912 2. 98.
2913 2. 98.
2914 2. 98.
2915 2. 98.
2916 2. 98.
2917 2. 98.
2918 2. 98.
2919 2. 98.
2920 2. 98.
2921 2. 98.
2922 2. 98.
2923 2. 98.
2924 2. 98.
2925 2. 98.
2926 2. 98.
2927 2. 98.
2928 2. 98.
2929 2. 98.
2930 2. 98.
2931 2. 98.
2932 2. 98.
2933 2. 98.
2934 2. 98.
2935 2. 98.
2936 2. 98.
2937 2. 98.
2938 2. 98.
2939 2. 98.
2940 2. 98.
2941 2. 98.
2942 2. 98.
2943 2. 98.
2944 2. 98.
2945 2. 98.
2946 2. 98.
2947 2. 98.
2948 2. 98.
2949 2. 98.
2950 2. 98.
2951 2. 98.
2952 2. 98.
2953 2. 98.
2954 2. 98.
2955 2. 98.
2956 2. 98.
2957 2. 98.
2958 2. 98.
2959 2. 98.
2960 2. 98.
2961 2. 98.
2962 2. 98.
2963 2. 98.
2964 2. 98.
2965 2. 98.
2966 2. 98.
2967 2. 98.
2968 2. 98.
2969 2. 98.
2970 2. 98.
2971 2. 98.
2972 2. 98.
2973 2. 98.
2974 2. 98.
2975 2. 98.
2976 2. 98.
2977 2. 98.
2978 2. 98.
2979 2. 98.
2980 2. 98.
2981 2. 98.
2982 2. 98.
2983 2. 98.
2984 2. 98.
2985 2. 98.
2986 1. 99.
2987 1. 99.
2988 1. 99.
2989 1. 99.
2990 1. 99.
2991 1. 99.
2992 1. 99.
2993 1. 99.
2994 1. 99.
2995 1. 99.
2996 1. 99.
2997 1. 99.
2998 1. 99.
2999 1. 99.
3000 1. 99.
3001 1. 99.
3002 1. 99.
3003 1. 99.
3004 1. 99.
3005 1. 99.
3006 1. 99.
3007 1. 99.
3008 1. 99.
3009 1. 99.
3010 1. 99.
3011 1. 99.
3012 1. 99.
3013 1. 99.
3014 1. 99.
3015 1. 99.
3016 1. 99.
3017 1. 99.
3018 1. 99.
3019 1. 99.
3020 1. 99.
3021 1. 99.
3022 1. 99.
3023 1. 99.
3024 1. 99.
3025 1. 99.
3026 1. 99.
3027 1. 99.
3028 1. 99.
3029 1. 99.
3030 1. 99.
3031 1. 99.
3032 1. 99.
3033 1. 99.
3034 1. 99.
3035 1. 99.
3036 1. 99.
3037 1. 99.
3038 1. 99.
3039 1. 99.
3040 1. 99.
3041 1. 99.
3042 1. 99.
3043 1. 99.
3044 1. 99.
3045 1. 99.
3046 1. 99.
3047 1. 99.
3048 1. 99.
3049 1. 99.
3050 1. 99.
3051 1. 99.
3052 1. 99.
3053 1. 99.
3054 1. 99.
3055 1. 99.
3056 1. 99.
3057 1. 99.
3058 1. 99.
