0 27. 73.
1 27. 73.
2 27. 73.
3 27. 73.
4 28. 72.
5 28. 72.
6 29. 71.
7 30. 70.
8 30. 70.
9 31. 69.
10 31. 69.
11 31. 69.
12 31. 69.
13 31. 69.
14 32. 68.
15 32. 68.
16 33. 67.
17 33. 67.
18 33. 67.
19 33. 67.
20 33. 67.
21 32. 68.
22 32. 68.
23 32. 68.
24 32. 68.
25 32. 68.
26 32. 68.
27 32. 68.
28 32. 68.
29 31. 69.
30 32. 68.
31 33. 67.
32 33. 67.
33 33. 67.
34 33. 67.
35 33. 67.
36 33. 67.
37 33. 67.
38 34. 66.
39 34. 66.
40 35. 65.
41 36. 64.
42 36. 64.
43 36. 64.
44 36. 64.
45 36. 64.
46 36. 64.
47 35. 65.
48 35. 65.
49 36. 64.
50 36. 64.
51 36. 64.
52 36. 64.
53 36. 64.
54 36. 64.
55 37. 63.
56 38. 62.
57 38. 62.
58 38. 62.
59 39. 61.
60 40. 60.
61 39. 61.
62 39. 61.
63 39. 61.
64 39. 61.
65 39. 61.
66 39. 61.
67 39. 61.
68 39. 61.
69 39. 61.
70 39. 61.
71 40. 60.
72 40. 60.
73 40. 60.
74 40. 60.
75 40. 60.
76 41. 59.
77 41. 59.
78 41. 59.
79 40. 60.
80 39. 61.
81 39. 61.
82 39. 61.
83 39. 61.
84 39. 61.
85 39. 61.
86 40. 60.
87 40. 60.
88 40. 60.
89 41. 59.
90 40. 60.
91 40. 60.
92 40. 60.
93 41. 59.
94 41. 59.
95 41. 59.
96 42. 58.
97 42. 58.
98 43. 57.
99 43. 57.
100 43. 57.
101 43. 57.
102 43. 57.
103 42. 58.
104 43. 57.
105 42. 58.
106 42. 58.
107 42. 58.
108 43. 57.
109 43. 57.
110 42. 58.
111 42. 58.
112 41. 59.
113 41. 59.
114 41. 59.
115 41. 59.
116 41. 59.
117 42. 58.
118 42. 58.
119 42. 58.
120 42. 58.
121 43. 57.
122 42. 58.
123 42. 58.
124 43. 57.
125 44. 56.
126 44. 56.
127 44. 56.
128 44. 56.
129 43. 57.
130 43. 57.
131 43. 57.
132 43. 57.
133 43. 57.
134 44. 56.
135 44. 56.
136 44. 56.
137 44. 56.
138 44. 56.
139 44. 56.
140 44. 56.
141 44. 56.
142 44. 56.
143 45. 55.
144 45. 55.
145 45. 55.
146 45. 55.
147 44. 56.
148 43. 57.
149 44. 56.
150 44. 56.
151 43. 57.
152 42. 58.
153 43. 57.
154 42. 58.
155 43. 57.
156 43. 57.
157 43. 57.
158 43. 57.
159 43. 57.
160 43. 57.
161 42. 58.
162 42. 58.
163 42. 58.
164 41. 59.
165 41. 59.
166 41. 59.
167 42. 58.
168 42. 58.
169 41. 59.
170 41. 59.
171 41. 59.
172 41. 59.
173 42. 58.
174 42. 58.
175 42. 58.
176 42. 58.
177 42. 58.
178 42. 58.
179 42. 58.
180 41. 59.
181 40. 60.
182 40. 60.
183 40. 60.
184 41. 59.
185 41. 59.
186 41. 59.
187 41. 59.
188 41. 59.
189 41. 59.
190 41. 59.
191 41. 59.
192 42. 58.
193 42. 58.
194 42. 58.
195 43. 57.
196 43. 57.
197 43. 57.
198 43. 57.
199 44. 56.
200 45. 55.
201 44. 56.
202 44. 56.
203 45. 55.
204 46. 54.
205 46. 54.
206 46. 54.
207 46. 54.
208 47. 53.
209 47. 53.
210 46. 54.
211 45. 55.
212 45. 55.
213 45. 55.
214 44. 56.
215 44. 56.
216 44. 56.
217 44. 56.
218 44. 56.
219 44. 56.
220 45. 55.
221 45. 55.
222 45. 55.
223 45. 55.
224 44. 56.
225 45. 55.
226 45. 55.
227 45. 55.
228 45. 55.
229 45. 55.
230 45. 55.
231 44. 56.
232 44. 56.
233 44. 56.
234 44. 56.
235 45. 55.
236 45. 55.
237 45. 55.
238 45. 55.
239 46. 54.
240 46. 54.
241 46. 54.
242 46. 54.
243 46. 54.
244 46. 54.
245 46. 54.
246 46. 54.
247 46. 54.
248 45. 55.
249 45. 55.
250 46. 54.
251 47. 53.
252 47. 53.
253 47. 53.
254 47. 53.
255 46. 54.
256 46. 54.
257 46. 54.
258 46. 54.
259 46. 54.
260 46. 54.
261 45. 55.
262 45. 55.
263 46. 54.
264 46. 54.
265 46. 54.
266 46. 54.
267 46. 54.
268 46. 54.
269 46. 54.
270 46. 54.
271 46. 54.
272 46. 54.
273 45. 55.
274 45. 55.
275 45. 55.
276 44. 56.
277 44. 56.
278 43. 57.
279 43. 57.
280 43. 57.
281 43. 57.
282 42. 58.
283 42. 58.
284 42. 58.
285 42. 58.
286 43. 57.
287 43. 57.
288 43. 57.
289 43. 57.
290 43. 57.
291 43. 57.
292 43. 57.
293 43. 57.
294 44. 56.
295 44. 56.
296 43. 57.
297 43. 57.
298 43. 57.
299 43. 57.
300 43. 57.
301 44. 56.
302 44. 56.
303 44. 56.
304 43. 57.
305 43. 57.
306 43. 57.
307 43. 57.
308 43. 57.
309 43. 57.
310 44. 56.
311 44. 56.
312 44. 56.
313 44. 56.
314 44. 56.
315 44. 56.
316 44. 56.
317 44. 56.
318 44. 56.
319 44. 56.
320 44. 56.
321 44. 56.
322 44. 56.
323 44. 56.
324 45. 55.
325 45. 55.
326 45. 55.
327 44. 56.
328 45. 55.
329 45. 55.
330 45. 55.
331 45. 55.
332 44. 56.
333 44. 56.
334 44. 56.
335 44. 56.
336 44. 56.
337 44. 56.
338 44. 56.
339 45. 55.
340 44. 56.
341 44. 56.
342 43. 57.
343 43. 57.
344 42. 58.
345 42. 58.
346 42. 58.
347 43. 57.
348 43. 57.
349 43. 57.
350 43. 57.
351 42. 58.
352 42. 58.
353 42. 58.
354 42. 58.
355 42. 58.
356 42. 58.
357 42. 58.
358 42. 58.
359 43. 57.
360 43. 57.
361 43. 57.
362 43. 57.
363 43. 57.
364 42. 58.
365 43. 57.
366 43. 57.
367 43. 57.
368 42. 58.
369 42. 58.
370 42. 58.
371 42. 58.
372 43. 57.
373 43. 57.
374 43. 57.
375 43. 57.
376 43. 57.
377 43. 57.
378 42. 58.
379 42. 58.
380 41. 59.
381 40. 60.
382 40. 60.
383 40. 60.
384 39. 61.
385 39. 61.
386 39. 61.
387 39. 61.
388 39. 61.
389 40. 60.
390 40. 60.
391 40. 60.
392 40. 60.
393 39. 61.
394 39. 61.
395 39. 61.
396 38. 62.
397 37. 63.
398 37. 63.
399 37. 63.
400 37. 63.
401 37. 63.
402 37. 63.
403 37. 63.
404 37. 63.
405 37. 63.
406 37. 63.
407 37. 63.
408 37. 63.
409 37. 63.
410 38. 62.
411 38. 62.
412 38. 62.
413 38. 62.
414 38. 62.
415 39. 61.
416 39. 61.
417 39. 61.
418 39. 61.
419 38. 62.
420 37. 63.
421 36. 64.
422 36. 64.
423 36. 64.
424 36. 64.
425 36. 64.
426 37. 63.
427 37. 63.
428 37. 63.
429 37. 63.
430 37. 63.
431 37. 63.
432 37. 63.
433 37. 63.
434 36. 64.
435 36. 64.
436 35. 65.
437 35. 65.
438 35. 65.
439 35. 65.
440 35. 65.
441 35. 65.
442 35. 65.
443 35. 65.
444 35. 65.
445 36. 64.
446 37. 63.
447 37. 63.
448 37. 63.
449 37. 63.
450 38. 62.
451 38. 62.
452 38. 62.
453 38. 62.
454 39. 61.
455 39. 61.
456 40. 60.
457 39. 61.
458 39. 61.
459 38. 62.
460 38. 62.
461 39. 61.
462 40. 60.
463 40. 60.
464 40. 60.
465 40. 60.
466 41. 59.
467 41. 59.
468 41. 59.
469 41. 59.
470 42. 58.
471 42. 58.
472 43. 57.
473 43. 57.
474 43. 57.
475 43. 57.
476 43. 57.
477 43. 57.
478 43. 57.
479 43. 57.
480 43. 57.
481 42. 58.
482 42. 58.
483 42. 58.
484 42. 58.
485 42. 58.
486 42. 58.
487 42. 58.
488 42. 58.
489 41. 59.
490 42. 58.
491 42. 58.
492 41. 59.
493 40. 60.
494 40. 60.
495 40. 60.
496 40. 60.
497 40. 60.
498 40. 60.
499 41. 59.
500 42. 58.
501 42. 58.
502 42. 58.
503 41. 59.
504 41. 59.
505 40. 60.
506 40. 60.
507 41. 59.
508 41. 59.
509 42. 58.
510 41. 59.
511 41. 59.
512 41. 59.
513 41. 59.
514 42. 58.
515 42. 58.
516 42. 58.
517 42. 58.
518 42. 58.
519 42. 58.
520 42. 58.
521 42. 58.
522 42. 58.
523 42. 58.
524 42. 58.
525 42. 58.
526 42. 58.
527 42. 58.
528 42. 58.
529 42. 58.
530 42. 58.
531 41. 59.
532 40. 60.
533 40. 60.
534 41. 59.
535 41. 59.
536 41. 59.
537 41. 59.
538 41. 59.
539 41. 59.
540 41. 59.
541 41. 59.
542 41. 59.
543 42. 58.
544 41. 59.
545 41. 59.
546 42. 58.
547 42. 58.
548 42. 58.
549 42. 58.
550 42. 58.
551 43. 57.
552 43. 57.
553 43. 57.
554 43. 57.
555 43. 57.
556 43. 57.
557 43. 57.
558 42. 58.
559 42. 58.
560 41. 59.
561 42. 58.
562 41. 59.
563 41. 59.
564 40. 60.
565 40. 60.
566 40. 60.
567 40. 60.
568 39. 61.
569 39. 61.
570 39. 61.
571 39. 61.
572 39. 61.
573 39. 61.
574 40. 60.
575 40. 60.
576 40. 60.
577 40. 60.
578 40. 60.
579 41. 59.
580 41. 59.
581 41. 59.
582 41. 59.
583 41. 59.
584 41. 59.
585 41. 59.
586 41. 59.
587 41. 59.
588 41. 59.
589 40. 60.
590 41. 59.
591 41. 59.
592 42. 58.
593 42. 58.
594 43. 57.
595 44. 56.
596 45. 55.
597 45. 55.
598 46. 54.
599 45. 55.
600 46. 54.
601 46. 54.
602 46. 54.
603 46. 54.
604 45. 55.
605 45. 55.
606 45. 55.
607 45. 55.
608 46. 54.
609 46. 54.
610 45. 55.
611 45. 55.
612 45. 55.
613 45. 55.
614 46. 54.
615 46. 54.
616 47. 53.
617 48. 52.
618 48. 52.
619 48. 52.
620 48. 52.
621 48. 52.
622 48. 52.
623 49. 51.
624 48. 52.
625 48. 52.
626 48. 52.
627 48. 52.
628 48. 52.
629 48. 52.
630 48. 52.
631 48. 52.
632 47. 53.
633 47. 53.
634 47. 53.
635 47. 53.
636 47. 53.
637 47. 53.
638 47. 53.
639 47. 53.
640 47. 53.
641 46. 54.
642 47. 53.
643 47. 53.
644 47. 53.
645 47. 53.
646 47. 53.
647 47. 53.
648 47. 53.
649 47. 53.
650 47. 53.
651 48. 52.
652 49. 51.
653 49. 51.
654 50. 50.
655 50. 50.
656 50. 50.
657 50. 50.
658 50. 50.
659 50. 50.
660 49. 51.
661 49. 51.
662 49. 51.
663 49. 51.
664 48. 52.
665 48. 52.
666 48. 52.
667 48. 52.
668 49. 51.
669 49. 51.
670 48. 52.
671 48. 52.
672 48. 52.
673 48. 52.
674 48. 52.
675 48. 52.
676 48. 52.
677 48. 52.
678 48. 52.
679 48. 52.
680 49. 51.
681 48. 52.
682 48. 52.
683 48. 52.
684 48. 52.
685 48. 52.
686 47. 53.
687 48. 52.
688 48. 52.
689 49. 51.
690 49. 51.
691 50. 50.
692 49. 51.
693 49. 51.
694 49. 51.
695 49. 51.
696 49. 51.
697 48. 52.
698 47. 53.
699 47. 53.
700 47. 53.
701 47. 53.
702 47. 53.
703 48. 52.
704 49. 51.
705 48. 52.
706 48. 52.
707 47. 53.
708 47. 53.
709 47. 53.
710 47. 53.
711 47. 53.
712 47. 53.
713 48. 52.
714 47. 53.
715 47. 53.
716 47. 53.
717 48. 52.
718 48. 52.
719 48. 52.
720 48. 52.
721 48. 52.
722 48. 52.
723 48. 52.
724 47. 53.
725 47. 53.
726 47. 53.
727 47. 53.
728 47. 53.
729 48. 52.
730 48. 52.
731 48. 52.
732 47. 53.
733 46. 54.
734 46. 54.
735 46. 54.
736 46. 54.
737 46. 54.
738 46. 54.
739 47. 53.
740 46. 54.
741 45. 55.
742 46. 54.
743 46. 54.
744 47. 53.
745 47. 53.
746 48. 52.
747 48. 52.
748 47. 53.
749 46. 54.
750 46. 54.
751 45. 55.
752 44. 56.
753 44. 56.
754 44. 56.
755 45. 55.
756 45. 55.
757 45. 55.
758 45. 55.
759 45. 55.
760 46. 54.
761 47. 53.
762 47. 53.
763 47. 53.
764 47. 53.
765 47. 53.
766 48. 52.
767 48. 52.
768 49. 51.
769 49. 51.
770 49. 51.
771 49. 51.
772 49. 51.
773 49. 51.
774 49. 51.
775 50. 50.
776 51. 49.
777 51. 49.
778 50. 50.
779 50. 50.
780 51. 49.
781 51. 49.
782 52. 48.
783 52. 48.
784 51. 49.
785 51. 49.
786 51. 49.
787 51. 49.
788 51. 49.
789 51. 49.
790 51. 49.
791 51. 49.
792 51. 49.
793 51. 49.
794 51. 49.
795 51. 49.
796 51. 49.
797 51. 49.
798 51. 49.
799 51. 49.
800 50. 50.
801 50. 50.
802 50. 50.
803 50. 50.
804 50. 50.
805 50. 50.
806 50. 50.
807 51. 49.
808 52. 48.
809 52. 48.
810 52. 48.
811 53. 47.
812 54. 46.
813 55. 45.
814 55. 45.
815 54. 46.
816 54. 46.
817 54. 46.
818 54. 46.
819 54. 46.
820 54. 46.
821 54. 46.
822 54. 46.
823 54. 46.
824 54. 46.
825 54. 46.
826 54. 46.
827 54. 46.
828 54. 46.
829 54. 46.
830 54. 46.
831 54. 46.
832 54. 46.
833 55. 45.
834 55. 45.
835 55. 45.
836 55. 45.
837 55. 45.
838 55. 45.
839 55. 45.
840 55. 45.
841 56. 44.
842 56. 44.
843 57. 43.
844 57. 43.
845 57. 43.
846 57. 43.
847 58. 42.
848 58. 42.
849 58. 42.
850 58. 42.
851 58. 42.
852 58. 42.
853 58. 42.
854 59. 41.
855 59. 41.
856 59. 41.
857 59. 41.
858 59. 41.
859 59. 41.
860 58. 42.
861 58. 42.
862 58. 42.
863 58. 42.
864 58. 42.
865 58. 42.
866 58. 42.
867 58. 42.
868 58. 42.
869 58. 42.
870 58. 42.
871 58. 42.
872 59. 41.
873 58. 42.
874 58. 42.
875 58. 42.
876 58. 42.
877 58. 42.
878 59. 41.
879 59. 41.
880 60. 40.
881 61. 39.
882 61. 39.
883 61. 39.
884 61. 39.
885 61. 39.
886 61. 39.
887 61. 39.
888 61. 39.
889 62. 38.
890 62. 38.
891 62. 38.
892 61. 39.
893 61. 39.
894 60. 40.
895 60. 40.
896 60. 40.
897 60. 40.
898 60. 40.
899 60. 40.
900 60. 40.
901 60. 40.
902 60. 40.
903 60. 40.
904 60. 40.
905 60. 40.
906 60. 40.
907 60. 40.
908 60. 40.
909 60. 40.
910 60. 40.
911 60. 40.
912 59. 41.
913 59. 41.
914 59. 41.
915 59. 41.
916 59. 41.
917 59. 41.
918 59. 41.
919 59. 41.
920 59. 41.
921 59. 41.
922 59. 41.
923 59. 41.
924 58. 42.
925 58. 42.
926 58. 42.
927 58. 42.
928 58. 42.
929 58. 42.
930 58. 42.
931 57. 43.
932 57. 43.
933 56. 44.
934 56. 44.
935 56. 44.
936 56. 44.
937 56. 44.
938 56. 44.
939 56. 44.
940 56. 44.
941 57. 43.
942 57. 43.
943 57. 43.
944 56. 44.
945 55. 45.
946 55. 45.
947 54. 46.
948 55. 45.
949 55. 45.
950 55. 45.
951 55. 45.
952 55. 45.
953 55. 45.
954 55. 45.
955 55. 45.
956 55. 45.
957 54. 46.
958 53. 47.
959 54. 46.
960 54. 46.
961 54. 46.
962 54. 46.
963 54. 46.
964 54. 46.
965 53. 47.
966 53. 47.
967 54. 46.
968 54. 46.
969 54. 46.
970 54. 46.
971 54. 46.
972 53. 47.
973 53. 47.
974 54. 46.
975 54. 46.
976 54. 46.
977 53. 47.
978 53. 47.
979 53. 47.
980 52. 48.
981 53. 47.
982 53. 47.
983 53. 47.
984 53. 47.
985 53. 47.
986 52. 48.
987 52. 48.
988 52. 48.
989 51. 49.
990 50. 50.
991 50. 50.
992 50. 50.
993 50. 50.
994 50. 50.
995 51. 49.
996 52. 48.
997 52. 48.
998 52. 48.
999 51. 49.
1000 52. 48.
1001 52. 48.
1002 52. 48.
1003 53. 47.
1004 53. 47.
1005 53. 47.
1006 53. 47.
1007 53. 47.
1008 53. 47.
1009 53. 47.
1010 54. 46.
1011 54. 46.
1012 54. 46.
1013 54. 46.
1014 54. 46.
1015 54. 46.
1016 54. 46.
1017 54. 46.
1018 54. 46.
1019 54. 46.
1020 55. 45.
1021 55. 45.
1022 54. 46.
1023 54. 46.
1024 55. 45.
1025 55. 45.
1026 55. 45.
1027 55. 45.
1028 56. 44.
1029 56. 44.
1030 56. 44.
1031 56. 44.
1032 56. 44.
1033 56. 44.
1034 55. 45.
1035 54. 46.
1036 54. 46.
1037 55. 45.
1038 55. 45.
1039 56. 44.
1040 55. 45.
1041 54. 46.
1042 54. 46.
1043 54. 46.
1044 54. 46.
1045 55. 45.
1046 54. 46.
1047 54. 46.
1048 54. 46.
1049 54. 46.
1050 53. 47.
1051 54. 46.
1052 55. 45.
1053 56. 44.
1054 56. 44.
1055 56. 44.
1056 56. 44.
1057 57. 43.
1058 57. 43.
1059 57. 43.
1060 57. 43.
1061 58. 42.
1062 59. 41.
1063 59. 41.
1064 59. 41.
1065 58. 42.
1066 58. 42.
1067 58. 42.
1068 58. 42.
1069 58. 42.
1070 57. 43.
1071 57. 43.
1072 57. 43.
1073 57. 43.
1074 57. 43.
1075 57. 43.
1076 57. 43.
1077 57. 43.
1078 57. 43.
1079 57. 43.
1080 56. 44.
1081 56. 44.
1082 56. 44.
1083 57. 43.
1084 57. 43.
1085 58. 42.
1086 58. 42.
1087 58. 42.
1088 58. 42.
1089 58. 42.
1090 57. 43.
1091 57. 43.
1092 56. 44.
1093 55. 45.
1094 55. 45.
1095 55. 45.
1096 55. 45.
1097 55. 45.
1098 56. 44.
1099 56. 44.
1100 56. 44.
1101 56. 44.
1102 56. 44.
1103 55. 45.
1104 55. 45.
1105 55. 45.
1106 55. 45.
1107 54. 46.
1108 54. 46.
1109 54. 46.
1110 54. 46.
1111 54. 46.
1112 54. 46.
1113 53. 47.
1114 54. 46.
1115 54. 46.
1116 53. 47.
1117 53. 47.
1118 52. 48.
1119 52. 48.
1120 53. 47.
1121 53. 47.
1122 53. 47.
1123 53. 47.
1124 53. 47.
1125 53. 47.
1126 53. 47.
1127 53. 47.
1128 53. 47.
1129 53. 47.
1130 54. 46.
1131 54. 46.
1132 54. 46.
1133 54. 46.
1134 54. 46.
1135 54. 46.
1136 54. 46.
1137 54. 46.
1138 53. 47.
1139 52. 48.
1140 52. 48.
1141 53. 47.
1142 53. 47.
1143 53. 47.
1144 53. 47.
1145 53. 47.
1146 54. 46.
1147 53. 47.
1148 53. 47.
1149 53. 47.
1150 53. 47.
1151 53. 47.
1152 53. 47.
1153 53. 47.
1154 53. 47.
1155 53. 47.
1156 53. 47.
1157 53. 47.
1158 54. 46.
1159 54. 46.
1160 54. 46.
1161 53. 47.
1162 54. 46.
1163 54. 46.
1164 54. 46.
1165 53. 47.
1166 52. 48.
1167 52. 48.
1168 52. 48.
1169 52. 48.
1170 51. 49.
1171 51. 49.
1172 50. 50.
1173 50. 50.
1174 50. 50.
1175 50. 50.
1176 51. 49.
1177 51. 49.
1178 51. 49.
1179 51. 49.
1180 51. 49.
1181 51. 49.
1182 51. 49.
1183 51. 49.
1184 51. 49.
1185 50. 50.
1186 50. 50.
1187 51. 49.
1188 51. 49.
1189 52. 48.
1190 52. 48.
1191 51. 49.
1192 51. 49.
1193 51. 49.
1194 51. 49.
1195 50. 50.
1196 50. 50.
1197 50. 50.
1198 51. 49.
1199 51. 49.
1200 52. 48.
1201 52. 48.
1202 52. 48.
1203 52. 48.
1204 51. 49.
1205 51. 49.
1206 51. 49.
1207 51. 49.
1208 51. 49.
1209 51. 49.
1210 51. 49.
1211 51. 49.
1212 51. 49.
1213 51. 49.
1214 51. 49.
1215 51. 49.
1216 51. 49.
1217 51. 49.
1218 51. 49.
1219 52. 48.
1220 52. 48.
1221 52. 48.
1222 52. 48.
1223 52. 48.
1224 52. 48.
1225 51. 49.
1226 51. 49.
1227 51. 49.
1228 51. 49.
1229 51. 49.
1230 51. 49.
1231 51. 49.
1232 51. 49.
1233 51. 49.
1234 51. 49.
1235 52. 48.
1236 53. 47.
1237 52. 48.
1238 52. 48.
1239 52. 48.
1240 52. 48.
1241 51. 49.
1242 52. 48.
1243 52. 48.
1244 52. 48.
1245 53. 47.
1246 54. 46.
1247 54. 46.
1248 55. 45.
1249 55. 45.
1250 56. 44.
1251 56. 44.
1252 56. 44.
1253 57. 43.
1254 57. 43.
1255 57. 43.
1256 57. 43.
1257 57. 43.
1258 57. 43.
1259 57. 43.
1260 56. 44.
1261 55. 45.
1262 55. 45.
1263 54. 46.
1264 55. 45.
1265 54. 46.
1266 54. 46.
1267 54. 46.
1268 53. 47.
1269 53. 47.
1270 53. 47.
1271 53. 47.
1272 53. 47.
1273 52. 48.
1274 53. 47.
1275 53. 47.
1276 52. 48.
1277 52. 48.
1278 53. 47.
1279 53. 47.
1280 53. 47.
1281 53. 47.
1282 53. 47.
1283 53. 47.
1284 53. 47.
1285 53. 47.
1286 53. 47.
1287 53. 47.
1288 53. 47.
1289 53. 47.
1290 54. 46.
1291 53. 47.
1292 53. 47.
1293 53. 47.
1294 54. 46.
1295 54. 46.
1296 54. 46.
1297 54. 46.
1298 55. 45.
1299 55. 45.
1300 55. 45.
1301 55. 45.
1302 55. 45.
1303 55. 45.
1304 55. 45.
1305 55. 45.
1306 55. 45.
1307 56. 44.
1308 56. 44.
1309 57. 43.
1310 57. 43.
1311 57. 43.
1312 57. 43.
1313 57. 43.
1314 57. 43.
1315 58. 42.
1316 58. 42.
1317 58. 42.
1318 58. 42.
1319 58. 42.
1320 58. 42.
1321 57. 43.
1322 58. 42.
1323 58. 42.
1324 58. 42.
1325 57. 43.
1326 57. 43.
1327 57. 43.
1328 57. 43.
1329 57. 43.
1330 58. 42.
1331 58. 42.
1332 58. 42.
1333 58. 42.
1334 58. 42.
1335 58. 42.
1336 58. 42.
1337 59. 41.
1338 59. 41.
1339 58. 42.
1340 58. 42.
1341 58. 42.
1342 58. 42.
1343 58. 42.
1344 58. 42.
1345 58. 42.
1346 58. 42.
1347 58. 42.
1348 58. 42.
1349 58. 42.
1350 58. 42.
1351 58. 42.
1352 58. 42.
1353 58. 42.
1354 58. 42.
1355 58. 42.
1356 58. 42.
1357 57. 43.
1358 57. 43.
1359 57. 43.
1360 56. 44.
1361 57. 43.
1362 57. 43.
1363 57. 43.
1364 56. 44.
1365 56. 44.
1366 56. 44.
1367 56. 44.
1368 56. 44.
1369 57. 43.
1370 56. 44.
1371 56. 44.
1372 56. 44.
1373 55. 45.
1374 55. 45.
1375 55. 45.
1376 56. 44.
1377 56. 44.
1378 56. 44.
1379 56. 44.
1380 56. 44.
1381 55. 45.
1382 55. 45.
1383 55. 45.
1384 56. 44.
1385 57. 43.
1386 57. 43.
1387 57. 43.
1388 57. 43.
1389 57. 43.
1390 57. 43.
1391 57. 43.
1392 57. 43.
1393 57. 43.
1394 57. 43.
1395 57. 43.
1396 57. 43.
1397 56. 44.
1398 56. 44.
1399 56. 44.
1400 56. 44.
1401 56. 44.
1402 56. 44.
1403 56. 44.
1404 56. 44.
1405 56. 44.
1406 55. 45.
1407 55. 45.
1408 55. 45.
1409 54. 46.
1410 54. 46.
1411 53. 47.
1412 54. 46.
1413 54. 46.
1414 55. 45.
1415 54. 46.
1416 54. 46.
1417 54. 46.
1418 54. 46.
1419 54. 46.
1420 55. 45.
1421 54. 46.
1422 54. 46.
1423 54. 46.
1424 54. 46.
1425 54. 46.
1426 54. 46.
1427 54. 46.
1428 55. 45.
1429 55. 45.
1430 54. 46.
1431 54. 46.
1432 54. 46.
1433 54. 46.
1434 54. 46.
1435 54. 46.
1436 54. 46.
1437 54. 46.
1438 54. 46.
1439 54. 46.
1440 54. 46.
1441 54. 46.
1442 55. 45.
1443 55. 45.
1444 56. 44.
1445 56. 44.
1446 56. 44.
1447 56. 44.
1448 56. 44.
1449 56. 44.
1450 57. 43.
1451 57. 43.
1452 57. 43.
1453 57. 43.
1454 57. 43.
1455 58. 42.
1456 58. 42.
1457 57. 43.
1458 57. 43.
1459 57. 43.
1460 57. 43.
1461 58. 42.
1462 58. 42.
1463 58. 42.
1464 58. 42.
1465 58. 42.
1466 58. 42.
1467 58. 42.
1468 58. 42.
1469 58. 42.
1470 57. 43.
1471 57. 43.
1472 57. 43.
1473 58. 42.
1474 58. 42.
1475 58. 42.
1476 58. 42.
1477 59. 41.
1478 59. 41.
1479 59. 41.
1480 60. 40.
1481 60. 40.
1482 59. 41.
1483 59. 41.
1484 58. 42.
1485 58. 42.
1486 58. 42.
1487 58. 42.
1488 58. 42.
1489 58. 42.
1490 58. 42.
1491 57. 43.
1492 58. 42.
1493 59. 41.
1494 59. 41.
1495 59. 41.
1496 59. 41.
1497 59. 41.
1498 59. 41.
1499 59. 41.
1500 58. 42.
1501 58. 42.
1502 58. 42.
1503 58. 42.
1504 58. 42.
1505 58. 42.
1506 58. 42.
1507 57. 43.
1508 57. 43.
1509 56. 44.
1510 56. 44.
1511 56. 44.
1512 56. 44.
1513 56. 44.
1514 56. 44.
1515 56. 44.
1516 56. 44.
1517 57. 43.
1518 57. 43.
1519 57. 43.
1520 57. 43.
1521 57. 43.
1522 56. 44.
1523 56. 44.
1524 55. 45.
1525 56. 44.
1526 56. 44.
1527 56. 44.
1528 55. 45.
1529 55. 45.
1530 55. 45.
1531 55. 45.
1532 56. 44.
1533 56. 44.
1534 56. 44.
1535 56. 44.
1536 56. 44.
1537 56. 44.
1538 56. 44.
1539 56. 44.
1540 56. 44.
1541 56. 44.
1542 56. 44.
1543 57. 43.
1544 57. 43.
1545 57. 43.
1546 57. 43.
1547 57. 43.
1548 57. 43.
1549 57. 43.
1550 58. 42.
1551 58. 42.
1552 58. 42.
1553 58. 42.
1554 58. 42.
1555 58. 42.
1556 58. 42.
1557 58. 42.
1558 58. 42.
1559 58. 42.
1560 58. 42.
1561 58. 42.
1562 58. 42.
1563 58. 42.
1564 59. 41.
1565 59. 41.
1566 59. 41.
1567 59. 41.
1568 59. 41.
1569 59. 41.
1570 59. 41.
1571 59. 41.
1572 59. 41.
1573 59. 41.
1574 60. 40.
1575 60. 40.
1576 60. 40.
1577 60. 40.
1578 60. 40.
1579 59. 41.
1580 60. 40.
1581 59. 41.
1582 59. 41.
1583 59. 41.
1584 60. 40.
1585 60. 40.
1586 60. 40.
1587 60. 40.
1588 59. 41.
1589 59. 41.
1590 59. 41.
1591 59. 41.
1592 59. 41.
1593 59. 41.
1594 59. 41.
1595 59. 41.
1596 59. 41.
1597 59. 41.
1598 58. 42.
1599 57. 43.
1600 57. 43.
1601 57. 43.
1602 57. 43.
1603 57. 43.
1604 58. 42.
1605 58. 42.
1606 58. 42.
1607 58. 42.
1608 58. 42.
1609 58. 42.
1610 58. 42.
1611 57. 43.
1612 57. 43.
1613 56. 44.
1614 56. 44.
1615 56. 44.
1616 56. 44.
1617 56. 44.
1618 56. 44.
1619 56. 44.
1620 55. 45.
1621 55. 45.
1622 55. 45.
1623 55. 45.
1624 54. 46.
1625 54. 46.
1626 53. 47.
1627 53. 47.
1628 54. 46.
1629 55. 45.
1630 55. 45.
1631 55. 45.
1632 56. 44.
1633 56. 44.
1634 56. 44.
1635 56. 44.
1636 57. 43.
1637 57. 43.
1638 57. 43.
1639 56. 44.
1640 57. 43.
1641 57. 43.
1642 57. 43.
1643 56. 44.
1644 56. 44.
1645 57. 43.
1646 56. 44.
1647 56. 44.
1648 56. 44.
1649 55. 45.
1650 55. 45.
1651 55. 45.
1652 55. 45.
1653 55. 45.
1654 55. 45.
1655 55. 45.
1656 55. 45.
1657 56. 44.
1658 56. 44.
1659 55. 45.
1660 54. 46.
1661 53. 47.
1662 53. 47.
1663 53. 47.
1664 53. 47.
1665 53. 47.
1666 53. 47.
1667 53. 47.
1668 54. 46.
1669 54. 46.
1670 54. 46.
1671 54. 46.
1672 54. 46.
1673 53. 47.
1674 54. 46.
1675 54. 46.
1676 55. 45.
1677 55. 45.
1678 55. 45.
1679 55. 45.
1680 56. 44.
1681 56. 44.
1682 56. 44.
1683 56. 44.
1684 55. 45.
1685 55. 45.
1686 55. 45.
1687 55. 45.
1688 55. 45.
1689 55. 45.
1690 55. 45.
1691 55. 45.
1692 54. 46.
1693 54. 46.
1694 54. 46.
1695 54. 46.
1696 54. 46.
1697 54. 46.
1698 54. 46.
1699 53. 47.
1700 53. 47.
1701 53. 47.
1702 54. 46.
1703 54. 46.
1704 55. 45.
1705 55. 45.
1706 55. 45.
1707 55. 45.
1708 55. 45.
1709 54. 46.
1710 53. 47.
1711 54. 46.
1712 54. 46.
1713 54. 46.
1714 55. 45.
1715 55. 45.
1716 55. 45.
1717 56. 44.
1718 56. 44.
1719 56. 44.
1720 56. 44.
1721 55. 45.
1722 55. 45.
1723 55. 45.
1724 55. 45.
1725 55. 45.
1726 55. 45.
1727 55. 45.
1728 54. 46.
1729 53. 47.
1730 52. 48.
1731 52. 48.
1732 52. 48.
1733 52. 48.
1734 52. 48.
1735 52. 48.
1736 52. 48.
1737 53. 47.
1738 53. 47.
1739 54. 46.
1740 54. 46.
1741 55. 45.
1742 55. 45.
1743 55. 45.
1744 54. 46.
1745 53. 47.
1746 53. 47.
1747 53. 47.
1748 53. 47.
1749 53. 47.
1750 53. 47.
1751 53. 47.
1752 53. 47.
1753 54. 46.
1754 54. 46.
1755 55. 45.
1756 55. 45.
1757 55. 45.
1758 55. 45.
1759 55. 45.
1760 55. 45.
1761 54. 46.
1762 54. 46.
1763 54. 46.
1764 54. 46.
1765 54. 46.
1766 54. 46.
1767 54. 46.
1768 54. 46.
1769 54. 46.
1770 54. 46.
1771 55. 45.
1772 55. 45.
1773 55. 45.
1774 55. 45.
1775 54. 46.
1776 55. 45.
1777 55. 45.
1778 55. 45.
1779 54. 46.
1780 55. 45.
1781 55. 45.
1782 55. 45.
1783 55. 45.
1784 55. 45.
1785 55. 45.
1786 55. 45.
1787 56. 44.
1788 56. 44.
1789 56. 44.
1790 56. 44.
1791 56. 44.
1792 57. 43.
1793 57. 43.
1794 57. 43.
1795 58. 42.
1796 57. 43.
1797 57. 43.
1798 57. 43.
1799 57. 43.
1800 57. 43.
1801 57. 43.
1802 57. 43.
1803 57. 43.
1804 57. 43.
1805 58. 42.
1806 58. 42.
1807 57. 43.
1808 57. 43.
1809 57. 43.
1810 58. 42.
1811 58. 42.
1812 58. 42.
1813 58. 42.
1814 58. 42.
1815 59. 41.
1816 59. 41.
1817 59. 41.
1818 59. 41.
1819 59. 41.
1820 60. 40.
1821 60. 40.
1822 60. 40.
1823 59. 41.
1824 59. 41.
1825 59. 41.
1826 59. 41.
1827 59. 41.
1828 59. 41.
1829 59. 41.
1830 59. 41.
1831 59. 41.
1832 59. 41.
1833 59. 41.
1834 59. 41.
1835 59. 41.
1836 58. 42.
1837 58. 42.
1838 58. 42.
1839 58. 42.
1840 59. 41.
1841 59. 41.
1842 59. 41.
1843 59. 41.
1844 58. 42.
1845 58. 42.
1846 58. 42.
1847 58. 42.
1848 57. 43.
1849 57. 43.
1850 57. 43.
1851 56. 44.
1852 55. 45.
1853 54. 46.
1854 54. 46.
1855 54. 46.
1856 55. 45.
1857 55. 45.
1858 55. 45.
1859 55. 45.
1860 55. 45.
1861 55. 45.
1862 55. 45.
1863 55. 45.
1864 55. 45.
1865 56. 44.
1866 56. 44.
1867 56. 44.
1868 56. 44.
1869 56. 44.
1870 56. 44.
1871 56. 44.
1872 56. 44.
1873 57. 43.
1874 57. 43.
1875 57. 43.
1876 57. 43.
1877 57. 43.
1878 57. 43.
1879 57. 43.
1880 57. 43.
1881 57. 43.
1882 56. 44.
1883 57. 43.
1884 57. 43.
1885 57. 43.
1886 58. 42.
1887 58. 42.
1888 58. 42.
1889 58. 42.
1890 58. 42.
1891 59. 41.
1892 59. 41.
1893 59. 41.
1894 59. 41.
1895 58. 42.
1896 58. 42.
1897 59. 41.
1898 59. 41.
1899 59. 41.
1900 58. 42.
1901 58. 42.
1902 59. 41.
1903 59. 41.
1904 59. 41.
1905 59. 41.
1906 59. 41.
1907 58. 42.
1908 58. 42.
1909 58. 42.
1910 58. 42.
1911 58. 42.
1912 58. 42.
1913 58. 42.
1914 59. 41.
1915 58. 42.
1916 58. 42.
1917 57. 43.
1918 57. 43.
1919 57. 43.
1920 57. 43.
1921 57. 43.
1922 57. 43.
1923 57. 43.
1924 57. 43.
1925 57. 43.
1926 57. 43.
1927 57. 43.
1928 56. 44.
1929 55. 45.
1930 55. 45.
1931 55. 45.
1932 56. 44.
1933 56. 44.
1934 56. 44.
1935 56. 44.
1936 56. 44.
1937 56. 44.
1938 56. 44.
1939 55. 45.
1940 55. 45.
1941 55. 45.
1942 55. 45.
1943 55. 45.
1944 55. 45.
1945 55. 45.
1946 55. 45.
1947 54. 46.
1948 54. 46.
1949 54. 46.
1950 54. 46.
1951 54. 46.
1952 53. 47.
1953 53. 47.
1954 53. 47.
1955 52. 48.
1956 53. 47.
1957 53. 47.
1958 53. 47.
1959 53. 47.
1960 53. 47.
1961 53. 47.
1962 53. 47.
1963 53. 47.
1964 53. 47.
1965 53. 47.
1966 54. 46.
1967 55. 45.
1968 55. 45.
1969 55. 45.
1970 55. 45.
1971 55. 45.
1972 55. 45.
1973 55. 45.
1974 56. 44.
1975 56. 44.
1976 56. 44.
1977 56. 44.
1978 56. 44.
1979 56. 44.
1980 56. 44.
1981 56. 44.
1982 56. 44.
1983 55. 45.
1984 55. 45.
1985 55. 45.
1986 55. 45.
1987 56. 44.
1988 56. 44.
1989 56. 44.
1990 56. 44.
1991 56. 44.
1992 56. 44.
1993 56. 44.
1994 56. 44.
1995 56. 44.
1996 56. 44.
1997 56. 44.
1998 56. 44.
1999 55. 45.
2000 55. 45.
2001 55. 45.
2002 55. 45.
2003 55. 45.
2004 55. 45.
2005 56. 44.
2006 56. 44.
2007 57. 43.
2008 57. 43.
2009 57. 43.
2010 57. 43.
2011 57. 43.
2012 57. 43.
2013 58. 42.
2014 58. 42.
2015 58. 42.
2016 57. 43.
2017 57. 43.
2018 57. 43.
2019 57. 43.
2020 57. 43.
2021 57. 43.
2022 57. 43.
2023 57. 43.
2024 57. 43.
2025 57. 43.
2026 57. 43.
2027 57. 43.
2028 57. 43.
2029 57. 43.
2030 58. 42.
2031 58. 42.
2032 58. 42.
2033 58. 42.
2034 58. 42.
2035 58. 42.
2036 57. 43.
2037 57. 43.
2038 57. 43.
2039 57. 43.
2040 56. 44.
2041 56. 44.
2042 56. 44.
2043 56. 44.
2044 57. 43.
2045 58. 42.
2046 58. 42.
2047 57. 43.
2048 56. 44.
2049 57. 43.
2050 57. 43.
2051 58. 42.
2052 57. 43.
2053 57. 43.
2054 57. 43.
2055 58. 42.
2056 59. 41.
2057 59. 41.
2058 59. 41.
2059 59. 41.
2060 59. 41.
2061 59. 41.
2062 59. 41.
2063 59. 41.
2064 59. 41.
2065 59. 41.
2066 59. 41.
2067 59. 41.
2068 59. 41.
2069 59. 41.
2070 59. 41.
2071 58. 42.
2072 58. 42.
2073 58. 42.
2074 57. 43.
2075 56. 44.
2076 57. 43.
2077 56. 44.
2078 56. 44.
2079 57. 43.
2080 57. 43.
2081 57. 43.
2082 57. 43.
2083 56. 44.
2084 56. 44.
2085 57. 43.
2086 57. 43.
2087 57. 43.
2088 56. 44.
2089 56. 44.
2090 57. 43.
2091 57. 43.
2092 57. 43.
2093 57. 43.
2094 57. 43.
2095 57. 43.
2096 56. 44.
2097 56. 44.
2098 56. 44.
2099 56. 44.
2100 55. 45.
2101 55. 45.
2102 55. 45.
2103 55. 45.
2104 56. 44.
2105 56. 44.
2106 56. 44.
2107 56. 44.
2108 56. 44.
2109 56. 44.
2110 56. 44.
2111 57. 43.
2112 57. 43.
2113 57. 43.
2114 57. 43.
2115 57. 43.
2116 57. 43.
2117 57. 43.
2118 57. 43.
2119 58. 42.
2120 58. 42.
2121 58. 42.
2122 58. 42.
2123 58. 42.
2124 59. 41.
2125 59. 41.
2126 60. 40.
2127 60. 40.
2128 60. 40.
2129 59. 41.
2130 60. 40.
2131 60. 40.
2132 59. 41.
2133 59. 41.
2134 59. 41.
2135 59. 41.
2136 59. 41.
2137 59. 41.
2138 59. 41.
2139 60. 40.
2140 60. 40.
2141 60. 40.
2142 60. 40.
2143 59. 41.
2144 59. 41.
2145 59. 41.
2146 59. 41.
2147 58. 42.
2148 58. 42.
2149 59. 41.
2150 59. 41.
2151 59. 41.
2152 59. 41.
2153 60. 40.
2154 60. 40.
2155 59. 41.
2156 58. 42.
2157 58. 42.
2158 58. 42.
2159 59. 41.
2160 59. 41.
2161 59. 41.
2162 59. 41.
2163 59. 41.
2164 59. 41.
2165 59. 41.
2166 59. 41.
2167 60. 40.
2168 61. 39.
2169 61. 39.
2170 61. 39.
2171 61. 39.
2172 61. 39.
2173 61. 39.
2174 61. 39.
2175 61. 39.
2176 61. 39.
2177 62. 38.
2178 62. 38.
2179 62. 38.
2180 62. 38.
2181 62. 38.
2182 62. 38.
2183 62. 38.
2184 62. 38.
2185 62. 38.
2186 61. 39.
2187 61. 39.
2188 62. 38.
2189 62. 38.
2190 62. 38.
2191 62. 38.
2192 61. 39.
2193 61. 39.
2194 61. 39.
2195 61. 39.
2196 61. 39.
2197 61. 39.
2198 61. 39.
2199 61. 39.
2200 61. 39.
2201 61. 39.
2202 61. 39.
2203 61. 39.
2204 61. 39.
2205 60. 40.
2206 61. 39.
2207 61. 39.
2208 61. 39.
2209 61. 39.
2210 61. 39.
2211 61. 39.
2212 61. 39.
2213 61. 39.
2214 61. 39.
2215 61. 39.
2216 60. 40.
2217 60. 40.
2218 60. 40.
2219 60. 40.
2220 59. 41.
2221 60. 40.
2222 60. 40.
2223 60. 40.
2224 60. 40.
2225 60. 40.
2226 61. 39.
2227 61. 39.
2228 61. 39.
2229 61. 39.
2230 62. 38.
2231 63. 37.
2232 64. 36.
2233 64. 36.
2234 65. 35.
2235 65. 35.
2236 65. 35.
2237 65. 35.
2238 65. 35.
2239 64. 36.
2240 64. 36.
2241 65. 35.
2242 65. 35.
2243 66. 34.
2244 66. 34.
2245 66. 34.
2246 66. 34.
2247 66. 34.
2248 65. 35.
2249 65. 35.
2250 65. 35.
2251 65. 35.
2252 65. 35.
2253 65. 35.
2254 65. 35.
2255 65. 35.
2256 65. 35.
2257 65. 35.
2258 66. 34.
2259 66. 34.
2260 66. 34.
2261 66. 34.
2262 66. 34.
2263 67. 33.
2264 67. 33.
2265 67. 33.
2266 67. 33.
2267 67. 33.
2268 67. 33.
2269 67. 33.
2270 67. 33.
2271 67. 33.
2272 67. 33.
2273 67. 33.
2274 68. 32.
2275 68. 32.
2276 68. 32.
2277 69. 31.
2278 69. 31.
2279 69. 31.
2280 70. 30.
2281 70. 30.
2282 70. 30.
2283 70. 30.
2284 69. 31.
2285 70. 30.
2286 71. 29.
2287 71. 29.
2288 71. 29.
2289 71. 29.
2290 71. 29.
2291 71. 29.
2292 71. 29.
2293 71. 29.
2294 71. 29.
2295 71. 29.
2296 71. 29.
2297 71. 29.
2298 71. 29.
2299 71. 29.
2300 71. 29.
2301 71. 29.
2302 71. 29.
2303 70. 30.
2304 70. 30.
2305 70. 30.
2306 70. 30.
2307 70. 30.
2308 70. 30.
2309 70. 30.
2310 70. 30.
2311 69. 31.
2312 69. 31.
2313 69. 31.
2314 69. 31.
2315 70. 30.
2316 70. 30.
2317 70. 30.
2318 70. 30.
2319 71. 29.
2320 71. 29.
2321 71. 29.
2322 71. 29.
2323 71. 29.
2324 71. 29.
2325 70. 30.
2326 69. 31.
2327 69. 31.
2328 69. 31.
2329 69. 31.
2330 70. 30.
2331 71. 29.
2332 71. 29.
2333 71. 29.
2334 70. 30.
2335 70. 30.
2336 70. 30.
2337 69. 31.
2338 68. 32.
2339 68. 32.
2340 68. 32.
2341 68. 32.
2342 68. 32.
2343 68. 32.
2344 68. 32.
2345 68. 32.
2346 68. 32.
2347 69. 31.
2348 69. 31.
2349 70. 30.
2350 70. 30.
2351 71. 29.
2352 71. 29.
2353 72. 28.
2354 72. 28.
2355 72. 28.
2356 72. 28.
2357 73. 27.
2358 73. 27.
2359 73. 27.
2360 73. 27.
2361 72. 28.
2362 72. 28.
2363 72. 28.
2364 72. 28.
2365 72. 28.
2366 72. 28.
2367 72. 28.
2368 71. 29.
2369 71. 29.
2370 72. 28.
2371 71. 29.
2372 71. 29.
2373 71. 29.
2374 71. 29.
2375 71. 29.
2376 71. 29.
2377 71. 29.
2378 71. 29.
2379 72. 28.
2380 72. 28.
2381 72. 28.
2382 72. 28.
2383 72. 28.
2384 73. 27.
2385 73. 27.
2386 73. 27.
2387 73. 27.
2388 73. 27.
2389 73. 27.
2390 73. 27.
2391 72. 28.
2392 72. 28.
2393 72. 28.
2394 72. 28.
2395 72. 28.
2396 72. 28.
2397 72. 28.
2398 72. 28.
2399 72. 28.
2400 72. 28.
2401 72. 28.
2402 72. 28.
2403 73. 27.
2404 72. 28.
2405 72. 28.
2406 72. 28.
2407 72. 28.
2408 71. 29.
2409 71. 29.
2410 71. 29.
2411 71. 29.
2412 71. 29.
2413 71. 29.
2414 71. 29.
2415 71. 29.
2416 71. 29.
2417 71. 29.
2418 71. 29.
2419 71. 29.
2420 71. 29.
2421 71. 29.
2422 71. 29.
2423 71. 29.
2424 72. 28.
2425 72. 28.
2426 72. 28.
2427 72. 28.
2428 73. 27.
2429 72. 28.
2430 72. 28.
2431 72. 28.
2432 72. 28.
2433 72. 28.
2434 72. 28.
2435 72. 28.
2436 73. 27.
2437 72. 28.
2438 72. 28.
2439 72. 28.
2440 72. 28.
2441 72. 28.
2442 72. 28.
2443 73. 27.
2444 73. 27.
2445 74. 26.
2446 74. 26.
2447 74. 26.
2448 74. 26.
2449 74. 26.
2450 73. 27.
2451 72. 28.
2452 72. 28.
2453 72. 28.
2454 72. 28.
2455 73. 27.
2456 73. 27.
2457 72. 28.
2458 72. 28.
2459 73. 27.
2460 73. 27.
2461 73. 27.
2462 73. 27.
2463 73. 27.
2464 74. 26.
2465 74. 26.
2466 75. 25.
2467 75. 25.
2468 75. 25.
2469 75. 25.
2470 76. 24.
2471 76. 24.
2472 76. 24.
2473 76. 24.
2474 76. 24.
2475 76. 24.
2476 76. 24.
2477 76. 24.
2478 76. 24.
2479 76. 24.
2480 76. 24.
2481 77. 23.
2482 77. 23.
2483 77. 23.
2484 78. 22.
2485 78. 22.
2486 78. 22.
2487 78. 22.
2488 78. 22.
2489 78. 22.
2490 78. 22.
2491 78. 22.
2492 78. 22.
2493 78. 22.
2494 78. 22.
2495 77. 23.
2496 77. 23.
2497 78. 22.
2498 78. 22.
2499 78. 22.
2500 78. 22.
2501 78. 22.
2502 78. 22.
2503 78. 22.
2504 78. 22.
2505 78. 22.
2506 78. 22.
2507 78. 22.
2508 77. 23.
2509 77. 23.
2510 77. 23.
2511 78. 22.
2512 78. 22.
2513 78. 22.
2514 78. 22.
2515 78. 22.
2516 78. 22.
2517 78. 22.
2518 78. 22.
2519 78. 22.
2520 78. 22.
2521 78. 22.
2522 78. 22.
2523 78. 22.
2524 78. 22.
2525 78. 22.
2526 78. 22.
2527 78. 22.
2528 78. 22.
2529 78. 22.
2530 78. 22.
2531 78. 22.
2532 78. 22.
2533 78. 22.
2534 78. 22.
2535 78. 22.
2536 78. 22.
2537 78. 22.
2538 78. 22.
2539 77. 23.
2540 77. 23.
2541 77. 23.
2542 77. 23.
2543 78. 22.
2544 78. 22.
2545 78. 22.
2546 78. 22.
2547 78. 22.
2548 78. 22.
2549 77. 23.
2550 77. 23.
2551 77. 23.
2552 77. 23.
2553 77. 23.
2554 77. 23.
2555 77. 23.
2556 77. 23.
2557 76. 24.
2558 76. 24.
2559 76. 24.
2560 76. 24.
2561 76. 24.
2562 76. 24.
2563 76. 24.
2564 76. 24.
2565 76. 24.
2566 75. 25.
2567 76. 24.
2568 76. 24.
2569 76. 24.
2570 75. 25.
2571 75. 25.
2572 75. 25.
2573 76. 24.
2574 76. 24.
2575 76. 24.
2576 77. 23.
2577 77. 23.
2578 77. 23.
2579 77. 23.
2580 77. 23.
2581 77. 23.
2582 76. 24.
2583 76. 24.
2584 76. 24.
2585 76. 24.
2586 76. 24.
2587 76. 24.
2588 75. 25.
2589 74. 26.
2590 74. 26.
2591 74. 26.
2592 75. 25.
2593 75. 25.
2594 75. 25.
2595 74. 26.
2596 74. 26.
2597 74. 26.
2598 75. 25.
2599 75. 25.
2600 75. 25.
2601 75. 25.
2602 75. 25.
2603 75. 25.
2604 75. 25.
2605 74. 26.
2606 74. 26.
2607 74. 26.
2608 74. 26.
2609 74. 26.
2610 75. 25.
2611 75. 25.
2612 75. 25.
2613 75. 25.
2614 75. 25.
2615 75. 25.
2616 75. 25.
2617 74. 26.
2618 74. 26.
2619 74. 26.
2620 73. 27.
2621 73. 27.
2622 74. 26.
2623 74. 26.
2624 74. 26.
2625 74. 26.
2626 74. 26.
2627 74. 26.
2628 74. 26.
2629 74. 26.
2630 74. 26.
2631 74. 26.
2632 74. 26.
2633 74. 26.
2634 74. 26.
2635 74. 26.
2636 75. 25.
2637 75. 25.
2638 75. 25.
2639 75. 25.
2640 75. 25.
2641 76. 24.
2642 76. 24.
2643 76. 24.
2644 76. 24.
2645 76. 24.
2646 76. 24.
2647 76. 24.
2648 76. 24.
2649 76. 24.
2650 76. 24.
2651 76. 24.
2652 76. 24.
2653 76. 24.
2654 76. 24.
2655 76. 24.
2656 76. 24.
2657 76. 24.
2658 76. 24.
2659 76. 24.
2660 76. 24.
2661 76. 24.
2662 76. 24.
2663 77. 23.
2664 77. 23.
2665 77. 23.
2666 77. 23.
2667 78. 22.
2668 77. 23.
2669 77. 23.
2670 77. 23.
2671 78. 22.
2672 78. 22.
2673 78. 22.
2674 79. 21.
2675 79. 21.
2676 79. 21.
2677 79. 21.
2678 78. 22.
2679 78. 22.
2680 78. 22.
2681 78. 22.
2682 78. 22.
2683 78. 22.
2684 78. 22.
2685 78. 22.
2686 78. 22.
2687 77. 23.
2688 77. 23.
2689 77. 23.
2690 77. 23.
2691 77. 23.
2692 77. 23.
2693 77. 23.
2694 77. 23.
2695 77. 23.
2696 77. 23.
2697 77. 23.
2698 77. 23.
2699 77. 23.
2700 77. 23.
2701 77. 23.
2702 77. 23.
2703 77. 23.
2704 77. 23.
2705 76. 24.
2706 76. 24.
2707 76. 24.
2708 77. 23.
2709 77. 23.
2710 77. 23.
2711 77. 23.
2712 77. 23.
2713 77. 23.
2714 77. 23.
2715 77. 23.
2716 76. 24.
2717 76. 24.
2718 76. 24.
2719 76. 24.
2720 76. 24.
2721 75. 25.
2722 75. 25.
2723 75. 25.
2724 75. 25.
2725 75. 25.
2726 75. 25.
2727 75. 25.
2728 75. 25.
2729 75. 25.
2730 75. 25.
2731 74. 26.
2732 74. 26.
2733 75. 25.
2734 75. 25.
2735 75. 25.
2736 75. 25.
2737 76. 24.
2738 76. 24.
2739 76. 24.
2740 76. 24.
2741 76. 24.
2742 76. 24.
2743 76. 24.
2744 76. 24.
2745 76. 24.
2746 76. 24.
2747 76. 24.
2748 76. 24.
2749 77. 23.
2750 77. 23.
2751 77. 23.
2752 77. 23.
2753 77. 23.
2754 77. 23.
2755 77. 23.
2756 77. 23.
2757 78. 22.
2758 78. 22.
2759 79. 21.
2760 79. 21.
2761 79. 21.
2762 78. 22.
2763 78. 22.
2764 78. 22.
2765 78. 22.
2766 78. 22.
2767 78. 22.
2768 78. 22.
2769 79. 21.
2770 79. 21.
2771 79. 21.
2772 79. 21.
2773 80. 20.
2774 80. 20.
2775 79. 21.
2776 79. 21.
2777 80. 20.
2778 80. 20.
2779 80. 20.
2780 80. 20.
2781 80. 20.
2782 79. 21.
2783 79. 21.
2784 80. 20.
2785 81. 19.
2786 81. 19.
2787 81. 19.
2788 81. 19.
2789 81. 19.
2790 81. 19.
2791 81. 19.
2792 81. 19.
2793 81. 19.
2794 81. 19.
2795 82. 18.
2796 82. 18.
2797 82. 18.
2798 81. 19.
2799 81. 19.
2800 81. 19.
2801 81. 19.
2802 81. 19.
2803 81. 19.
2804 81. 19.
2805 81. 19.
2806 81. 19.
2807 81. 19.
2808 82. 18.
2809 82. 18.
2810 82. 18.
2811 81. 19.
2812 81. 19.
2813 81. 19.
2814 82. 18.
2815 83. 17.
2816 83. 17.
2817 83. 17.
2818 83. 17.
2819 82. 18.
2820 82. 18.
2821 81. 19.
2822 81. 19.
2823 80. 20.
2824 80. 20.
2825 80. 20.
2826 80. 20.
2827 79. 21.
2828 80. 20.
2829 81. 19.
2830 81. 19.
2831 81. 19.
2832 81. 19.
2833 82. 18.
2834 82. 18.
2835 82. 18.
2836 82. 18.
2837 82. 18.
2838 82. 18.
2839 82. 18.
2840 83. 17.
2841 83. 17.
2842 83. 17.
2843 83. 17.
2844 84. 16.
2845 84. 16.
2846 84. 16.
2847 84. 16.
2848 84. 16.
2849 85. 15.
2850 85. 15.
2851 85. 15.
2852 85. 15.
2853 85. 15.
2854 85. 15.
2855 85. 15.
2856 86. 14.
2857 86. 14.
2858 87. 13.
2859 87. 13.
2860 87. 13.
2861 87. 13.
2862 87. 13.
2863 87. 13.
2864 87. 13.
2865 87. 13.
2866 87. 13.
2867 87. 13.
2868 87. 13.
2869 87. 13.
2870 87. 13.
2871 87. 13.
2872 87. 13.
2873 87. 13.
2874 87. 13.
2875 87. 13.
2876 86. 14.
2877 86. 14.
2878 86. 14.
2879 86. 14.
2880 86. 14.
2881 86. 14.
2882 86. 14.
2883 86. 14.
2884 85. 15.
2885 85. 15.
2886 85. 15.
2887 85. 15.
2888 85. 15.
2889 85. 15.
2890 85. 15.
2891 85. 15.
2892 85. 15.
2893 85. 15.
2894 85. 15.
2895 85. 15.
2896 85. 15.
2897 85. 15.
2898 85. 15.
2899 85. 15.
2900 85. 15.
2901 85. 15.
2902 85. 15.
2903 86. 14.
2904 86. 14.
2905 86. 14.
2906 86. 14.
2907 85. 15.
2908 85. 15.
2909 85. 15.
2910 85. 15.
2911 85. 15.
2912 86. 14.
2913 86. 14.
2914 87. 13.
2915 87. 13.
2916 87. 13.
2917 87. 13.
2918 87. 13.
2919 87. 13.
2920 87. 13.
2921 87. 13.
2922 87. 13.
2923 87. 13.
2924 87. 13.
2925 87. 13.
2926 87. 13.
2927 87. 13.
2928 86. 14.
2929 86. 14.
2930 86. 14.
2931 86. 14.
2932 86. 14.
2933 86. 14.
2934 86. 14.
2935 86. 14.
2936 86. 14.
2937 86. 14.
2938 86. 14.
2939 86. 14.
2940 86. 14.
2941 86. 14.
2942 86. 14.
2943 86. 14.
2944 86. 14.
2945 86. 14.
2946 86. 14.
2947 86. 14.
2948 86. 14.
2949 86. 14.
2950 86. 14.
2951 86. 14.
2952 86. 14.
2953 86. 14.
2954 86. 14.
2955 86. 14.
2956 86. 14.
2957 86. 14.
2958 86. 14.
2959 86. 14.
2960 86. 14.
2961 86. 14.
2962 86. 14.
2963 86. 14.
2964 86. 14.
2965 86. 14.
2966 87. 13.
2967 87. 13.
2968 87. 13.
2969 87. 13.
2970 87. 13.
2971 87. 13.
2972 87. 13.
2973 87. 13.
2974 87. 13.
2975 86. 14.
2976 86. 14.
2977 86. 14.
2978 86. 14.
2979 86. 14.
2980 86. 14.
2981 85. 15.
2982 86. 14.
2983 86. 14.
2984 86. 14.
2985 86. 14.
2986 86. 14.
2987 86. 14.
2988 86. 14.
2989 86. 14.
2990 86. 14.
2991 86. 14.
2992 86. 14.
2993 86. 14.
2994 86. 14.
2995 86. 14.
2996 86. 14.
2997 87. 13.
2998 87. 13.
2999 87. 13.
3000 87. 13.
3001 87. 13.
3002 87. 13.
3003 87. 13.
3004 87. 13.
3005 87. 13.
3006 87. 13.
3007 87. 13.
3008 88. 12.
3009 89. 11.
3010 89. 11.
3011 89. 11.
3012 89. 11.
3013 89. 11.
3014 89. 11.
3015 89. 11.
3016 88. 12.
3017 88. 12.
3018 88. 12.
3019 88. 12.
3020 87. 13.
3021 87. 13.
3022 87. 13.
3023 87. 13.
3024 88. 12.
3025 88. 12.
3026 89. 11.
3027 89. 11.
3028 89. 11.
3029 89. 11.
3030 89. 11.
3031 90. 10.
3032 90. 10.
3033 90. 10.
3034 90. 10.
3035 90. 10.
3036 90. 10.
3037 90. 10.
3038 90. 10.
3039 90. 10.
3040 90. 10.
3041 90. 10.
3042 90. 10.
3043 90. 10.
3044 90. 10.
3045 90. 10.
3046 90. 10.
3047 90. 10.
3048 90. 10.
3049 90. 10.
3050 90. 10.
3051 90. 10.
3052 90. 10.
3053 90. 10.
3054 90. 10.
3055 90. 10.
3056 90. 10.
3057 90. 10.
3058 90. 10.
3059 89. 11.
3060 89. 11.
3061 89. 11.
3062 89. 11.
3063 89. 11.
3064 89. 11.
3065 89. 11.
3066 89. 11.
3067 89. 11.
3068 89. 11.
3069 89. 11.
3070 89. 11.
3071 89. 11.
3072 89. 11.
3073 89. 11.
3074 89. 11.
3075 89. 11.
3076 89. 11.
3077 89. 11.
3078 89. 11.
3079 89. 11.
3080 90. 10.
3081 89. 11.
3082 89. 11.
3083 89. 11.
3084 89. 11.
3085 89. 11.
3086 89. 11.
3087 88. 12.
3088 88. 12.
3089 88. 12.
3090 88. 12.
3091 88. 12.
3092 88. 12.
3093 88. 12.
3094 88. 12.
3095 89. 11.
3096 89. 11.
3097 89. 11.
3098 89. 11.
3099 89. 11.
3100 88. 12.
3101 88. 12.
3102 87. 13.
3103 87. 13.
3104 87. 13.
3105 87. 13.
3106 87. 13.
3107 87. 13.
3108 87. 13.
3109 87. 13.
3110 88. 12.
3111 88. 12.
3112 88. 12.
3113 88. 12.
3114 88. 12.
3115 88. 12.
3116 88. 12.
3117 89. 11.
3118 89. 11.
3119 89. 11.
3120 89. 11.
3121 89. 11.
3122 89. 11.
3123 89. 11.
3124 89. 11.
3125 89. 11.
3126 89. 11.
3127 89. 11.
3128 89. 11.
3129 89. 11.
3130 89. 11.
3131 88. 12.
3132 88. 12.
3133 88. 12.
3134 88. 12.
3135 88. 12.
3136 88. 12.
3137 88. 12.
3138 88. 12.
3139 87. 13.
3140 87. 13.
3141 87. 13.
3142 87. 13.
3143 87. 13.
3144 87. 13.
3145 87. 13.
3146 87. 13.
3147 87. 13.
3148 87. 13.
3149 87. 13.
3150 87. 13.
3151 87. 13.
3152 87. 13.
3153 87. 13.
3154 87. 13.
3155 87. 13.
3156 87. 13.
3157 87. 13.
3158 87. 13.
3159 87. 13.
3160 87. 13.
3161 86. 14.
3162 86. 14.
3163 87. 13.
3164 87. 13.
3165 87. 13.
3166 87. 13.
3167 87. 13.
3168 87. 13.
3169 87. 13.
3170 87. 13.
3171 87. 13.
3172 87. 13.
3173 87. 13.
3174 87. 13.
3175 87. 13.
3176 87. 13.
3177 87. 13.
3178 87. 13.
3179 87. 13.
3180 87. 13.
3181 87. 13.
3182 87. 13.
3183 88. 12.
3184 88. 12.
3185 88. 12.
3186 87. 13.
3187 87. 13.
3188 87. 13.
3189 87. 13.
3190 87. 13.
3191 86. 14.
3192 86. 14.
3193 86. 14.
3194 86. 14.
3195 86. 14.
3196 86. 14.
3197 86. 14.
3198 86. 14.
3199 86. 14.
3200 86. 14.
3201 86. 14.
3202 86. 14.
3203 86. 14.
3204 86. 14.
3205 86. 14.
3206 86. 14.
3207 85. 15.
3208 86. 14.
3209 86. 14.
3210 86. 14.
3211 86. 14.
3212 86. 14.
3213 86. 14.
3214 86. 14.
3215 86. 14.
3216 86. 14.
3217 86. 14.
3218 86. 14.
3219 87. 13.
3220 87. 13.
3221 87. 13.
3222 87. 13.
3223 87. 13.
3224 87. 13.
3225 87. 13.
3226 87. 13.
3227 87. 13.
3228 87. 13.
3229 87. 13.
3230 87. 13.
3231 87. 13.
3232 87. 13.
3233 87. 13.
3234 87. 13.
3235 87. 13.
3236 87. 13.
3237 87. 13.
3238 87. 13.
3239 87. 13.
3240 88. 12.
3241 88. 12.
3242 88. 12.
3243 88. 12.
3244 88. 12.
3245 88. 12.
3246 89. 11.
3247 89. 11.
3248 89. 11.
3249 90. 10.
3250 90. 10.
3251 90. 10.
3252 89. 11.
3253 90. 10.
3254 90. 10.
3255 90. 10.
3256 90. 10.
3257 90. 10.
3258 90. 10.
3259 90. 10.
3260 90. 10.
3261 90. 10.
3262 90. 10.
3263 90. 10.
3264 90. 10.
3265 90. 10.
3266 90. 10.
3267 91. 9.
3268 91. 9.
3269 91. 9.
3270 91. 9.
3271 91. 9.
3272 90. 10.
3273 90. 10.
3274 90. 10.
3275 90. 10.
3276 90. 10.
3277 90. 10.
3278 90. 10.
3279 90. 10.
3280 90. 10.
3281 90. 10.
3282 90. 10.
3283 90. 10.
3284 90. 10.
3285 90. 10.
3286 89. 11.
3287 88. 12.
3288 88. 12.
3289 87. 13.
3290 87. 13.
3291 87. 13.
3292 87. 13.
3293 87. 13.
3294 87. 13.
3295 87. 13.
3296 87. 13.
3297 87. 13.
3298 87. 13.
3299 87. 13.
3300 88. 12.
3301 88. 12.
3302 89. 11.
3303 89. 11.
3304 89. 11.
3305 89. 11.
3306 89. 11.
3307 89. 11.
3308 89. 11.
3309 89. 11.
3310 89. 11.
3311 89. 11.
3312 89. 11.
3313 89. 11.
3314 89. 11.
3315 89. 11.
3316 89. 11.
3317 89. 11.
3318 90. 10.
3319 90. 10.
3320 90. 10.
3321 90. 10.
3322 90. 10.
3323 90. 10.
3324 90. 10.
3325 90. 10.
3326 89. 11.
3327 89. 11.
3328 89. 11.
3329 89. 11.
3330 89. 11.
3331 89. 11.
3332 89. 11.
3333 89. 11.
3334 90. 10.
3335 90. 10.
3336 90. 10.
3337 91. 9.
3338 91. 9.
3339 91. 9.
3340 91. 9.
3341 91. 9.
3342 91. 9.
3343 91. 9.
3344 92. 8.
3345 92. 8.
3346 92. 8.
3347 92. 8.
3348 92. 8.
3349 92. 8.
3350 91. 9.
3351 91. 9.
3352 91. 9.
3353 91. 9.
3354 91. 9.
3355 90. 10.
3356 90. 10.
3357 90. 10.
3358 90. 10.
3359 90. 10.
3360 90. 10.
3361 90. 10.
3362 89. 11.
3363 89. 11.
3364 89. 11.
3365 89. 11.
3366 89. 11.
3367 89. 11.
3368 89. 11.
3369 89. 11.
3370 89. 11.
3371 89. 11.
3372 89. 11.
3373 89. 11.
3374 89. 11.
3375 89. 11.
3376 89. 11.
3377 89. 11.
3378 89. 11.
3379 89. 11.
3380 89. 11.
3381 88. 12.
3382 88. 12.
3383 88. 12.
3384 88. 12.
3385 88. 12.
3386 89. 11.
3387 89. 11.
3388 89. 11.
3389 89. 11.
3390 89. 11.
3391 88. 12.
3392 88. 12.
3393 88. 12.
3394 88. 12.
3395 88. 12.
3396 88. 12.
3397 88. 12.
3398 88. 12.
3399 88. 12.
3400 88. 12.
3401 88. 12.
3402 88. 12.
3403 89. 11.
3404 89. 11.
3405 89. 11.
3406 89. 11.
3407 89. 11.
3408 89. 11.
3409 90. 10.
3410 90. 10.
3411 90. 10.
3412 90. 10.
3413 90. 10.
3414 91. 9.
3415 91. 9.
3416 91. 9.
3417 91. 9.
3418 91. 9.
3419 91. 9.
3420 91. 9.
3421 91. 9.
3422 91. 9.
3423 91. 9.
3424 91. 9.
3425 91. 9.
3426 91. 9.
3427 91. 9.
3428 91. 9.
3429 91. 9.
3430 91. 9.
3431 91. 9.
3432 91. 9.
3433 91. 9.
3434 91. 9.
3435 91. 9.
3436 90. 10.
3437 91. 9.
3438 91. 9.
3439 91. 9.
3440 91. 9.
3441 90. 10.
3442 90. 10.
3443 90. 10.
3444 90. 10.
3445 90. 10.
3446 90. 10.
3447 90. 10.
3448 89. 11.
3449 89. 11.
3450 88. 12.
3451 88. 12.
3452 88. 12.
3453 88. 12.
3454 88. 12.
3455 88. 12.
3456 88. 12.
3457 88. 12.
3458 89. 11.
3459 89. 11.
3460 89. 11.
3461 89. 11.
3462 89. 11.
3463 89. 11.
3464 88. 12.
3465 88. 12.
3466 88. 12.
3467 88. 12.
3468 88. 12.
3469 88. 12.
3470 88. 12.
3471 87. 13.
3472 87. 13.
3473 87. 13.
3474 87. 13.
3475 87. 13.
3476 87. 13.
3477 87. 13.
3478 87. 13.
3479 87. 13.
3480 87. 13.
3481 87. 13.
3482 87. 13.
3483 87. 13.
3484 87. 13.
3485 87. 13.
3486 87. 13.
3487 87. 13.
3488 87. 13.
3489 87. 13.
3490 87. 13.
3491 87. 13.
3492 88. 12.
3493 87. 13.
3494 87. 13.
3495 87. 13.
3496 87. 13.
3497 87. 13.
3498 87. 13.
3499 87. 13.
3500 87. 13.
3501 87. 13.
3502 87. 13.
3503 87. 13.
3504 87. 13.
3505 88. 12.
3506 88. 12.
3507 88. 12.
3508 88. 12.
3509 88. 12.
3510 88. 12.
3511 88. 12.
3512 88. 12.
3513 88. 12.
3514 87. 13.
3515 87. 13.
3516 87. 13.
3517 87. 13.
3518 87. 13.
3519 87. 13.
3520 87. 13.
3521 87. 13.
3522 87. 13.
3523 87. 13.
3524 87. 13.
3525 87. 13.
3526 87. 13.
3527 87. 13.
3528 87. 13.
3529 87. 13.
3530 87. 13.
3531 87. 13.
3532 87. 13.
3533 87. 13.
3534 87. 13.
3535 88. 12.
3536 88. 12.
3537 88. 12.
3538 88. 12.
3539 88. 12.
3540 88. 12.
3541 88. 12.
3542 88. 12.
3543 88. 12.
3544 89. 11.
3545 89. 11.
3546 89. 11.
3547 89. 11.
3548 89. 11.
3549 89. 11.
3550 89. 11.
3551 89. 11.
3552 89. 11.
3553 89. 11.
3554 89. 11.
3555 89. 11.
3556 89. 11.
3557 89. 11.
3558 89. 11.
3559 90. 10.
3560 90. 10.
3561 90. 10.
3562 90. 10.
3563 90. 10.
3564 90. 10.
3565 90. 10.
3566 90. 10.
3567 90. 10.
3568 90. 10.
3569 90. 10.
3570 90. 10.
3571 89. 11.
3572 89. 11.
3573 89. 11.
3574 88. 12.
3575 88. 12.
3576 88. 12.
3577 88. 12.
3578 88. 12.
3579 88. 12.
3580 88. 12.
3581 88. 12.
3582 88. 12.
3583 88. 12.
3584 88. 12.
3585 88. 12.
3586 88. 12.
3587 89. 11.
3588 89. 11.
3589 89. 11.
3590 89. 11.
3591 89. 11.
3592 89. 11.
3593 89. 11.
3594 89. 11.
3595 89. 11.
3596 89. 11.
3597 89. 11.
3598 89. 11.
3599 89. 11.
3600 89. 11.
3601 89. 11.
3602 89. 11.
3603 89. 11.
3604 88. 12.
3605 88. 12.
3606 88. 12.
3607 89. 11.
3608 89. 11.
3609 89. 11.
3610 89. 11.
3611 89. 11.
3612 89. 11.
3613 89. 11.
3614 89. 11.
3615 89. 11.
3616 89. 11.
3617 88. 12.
3618 88. 12.
3619 88. 12.
3620 88. 12.
3621 88. 12.
3622 88. 12.
3623 88. 12.
3624 88. 12.
3625 89. 11.
3626 89. 11.
3627 89. 11.
3628 89. 11.
3629 89. 11.
3630 89. 11.
3631 89. 11.
3632 89. 11.
3633 89. 11.
3634 89. 11.
3635 89. 11.
3636 89. 11.
3637 89. 11.
3638 89. 11.
3639 89. 11.
3640 89. 11.
3641 89. 11.
3642 89. 11.
3643 89. 11.
3644 89. 11.
3645 89. 11.
3646 89. 11.
3647 89. 11.
3648 89. 11.
3649 90. 10.
3650 90. 10.
3651 90. 10.
3652 90. 10.
3653 90. 10.
3654 90. 10.
3655 90. 10.
3656 90. 10.
3657 90. 10.
3658 90. 10.
3659 89. 11.
3660 89. 11.
3661 89. 11.
3662 89. 11.
3663 89. 11.
3664 89. 11.
3665 89. 11.
3666 89. 11.
3667 89. 11.
3668 89. 11.
3669 89. 11.
3670 88. 12.
3671 88. 12.
3672 88. 12.
3673 88. 12.
3674 89. 11.
3675 90. 10.
3676 90. 10.
3677 90. 10.
3678 90. 10.
3679 90. 10.
3680 90. 10.
3681 90. 10.
3682 90. 10.
3683 90. 10.
3684 90. 10.
3685 90. 10.
3686 90. 10.
3687 90. 10.
3688 90. 10.
3689 89. 11.
3690 89. 11.
3691 89. 11.
3692 89. 11.
3693 89. 11.
3694 90. 10.
3695 91. 9.
3696 91. 9.
3697 91. 9.
3698 91. 9.
3699 91. 9.
3700 91. 9.
3701 91. 9.
3702 90. 10.
3703 90. 10.
3704 90. 10.
3705 90. 10.
3706 90. 10.
3707 90. 10.
3708 90. 10.
3709 90. 10.
3710 90. 10.
3711 90. 10.
3712 90. 10.
3713 90. 10.
3714 90. 10.
3715 90. 10.
3716 90. 10.
3717 90. 10.
3718 90. 10.
3719 90. 10.
3720 89. 11.
3721 88. 12.
3722 89. 11.
3723 89. 11.
3724 89. 11.
3725 90. 10.
3726 90. 10.
3727 90. 10.
3728 90. 10.
3729 90. 10.
3730 90. 10.
3731 90. 10.
3732 90. 10.
3733 91. 9.
3734 91. 9.
3735 91. 9.
3736 90. 10.
3737 90. 10.
3738 90. 10.
3739 90. 10.
3740 90. 10.
3741 90. 10.
3742 90. 10.
3743 90. 10.
3744 90. 10.
3745 90. 10.
3746 90. 10.
3747 90. 10.
3748 90. 10.
3749 90. 10.
3750 90. 10.
3751 90. 10.
3752 90. 10.
3753 90. 10.
3754 90. 10.
3755 90. 10.
3756 90. 10.
3757 90. 10.
3758 90. 10.
3759 90. 10.
3760 90. 10.
3761 90. 10.
3762 90. 10.
3763 90. 10.
3764 90. 10.
3765 90. 10.
3766 90. 10.
3767 90. 10.
3768 90. 10.
3769 90. 10.
3770 90. 10.
3771 90. 10.
3772 90. 10.
3773 90. 10.
3774 90. 10.
3775 90. 10.
3776 90. 10.
3777 90. 10.
3778 90. 10.
3779 90. 10.
3780 90. 10.
3781 90. 10.
3782 90. 10.
3783 89. 11.
3784 90. 10.
3785 91. 9.
3786 91. 9.
3787 91. 9.
3788 91. 9.
3789 91. 9.
3790 92. 8.
3791 92. 8.
3792 92. 8.
3793 92. 8.
3794 92. 8.
3795 92. 8.
3796 91. 9.
3797 91. 9.
3798 91. 9.
3799 91. 9.
3800 91. 9.
3801 91. 9.
3802 91. 9.
3803 91. 9.
3804 91. 9.
3805 92. 8.
3806 91. 9.
3807 91. 9.
3808 91. 9.
3809 91. 9.
3810 91. 9.
3811 91. 9.
3812 91. 9.
3813 90. 10.
3814 90. 10.
3815 90. 10.
3816 91. 9.
3817 91. 9.
3818 91. 9.
3819 91. 9.
3820 91. 9.
3821 91. 9.
3822 91. 9.
3823 91. 9.
3824 91. 9.
3825 91. 9.
3826 91. 9.
3827 91. 9.
3828 91. 9.
3829 91. 9.
3830 92. 8.
3831 92. 8.
3832 92. 8.
3833 92. 8.
3834 92. 8.
3835 92. 8.
3836 92. 8.
3837 92. 8.
3838 92. 8.
3839 92. 8.
3840 92. 8.
3841 92. 8.
3842 92. 8.
3843 92. 8.
3844 92. 8.
3845 92. 8.
3846 92. 8.
3847 93. 7.
3848 94. 6.
3849 94. 6.
3850 94. 6.
3851 94. 6.
3852 94. 6.
3853 94. 6.
3854 94. 6.
3855 94. 6.
3856 94. 6.
3857 95. 5.
3858 95. 5.
3859 95. 5.
3860 95. 5.
3861 95. 5.
3862 95. 5.
3863 95. 5.
3864 96. 4.
3865 96. 4.
3866 96. 4.
3867 96. 4.
3868 96. 4.
3869 96. 4.
3870 96. 4.
3871 96. 4.
3872 96. 4.
3873 96. 4.
3874 96. 4.
3875 96. 4.
3876 96. 4.
3877 96. 4.
3878 96. 4.
3879 96. 4.
3880 96. 4.
3881 96. 4.
3882 96. 4.
3883 96. 4.
3884 96. 4.
3885 96. 4.
3886 96. 4.
3887 96. 4.
3888 96. 4.
3889 96. 4.
3890 96. 4.
3891 96. 4.
3892 96. 4.
3893 96. 4.
3894 96. 4.
3895 96. 4.
3896 96. 4.
3897 96. 4.
3898 96. 4.
3899 96. 4.
3900 95. 5.
3901 96. 4.
3902 96. 4.
3903 96. 4.
3904 96. 4.
3905 96. 4.
3906 96. 4.
3907 96. 4.
3908 97. 3.
3909 97. 3.
3910 97. 3.
3911 97. 3.
3912 97. 3.
3913 97. 3.
3914 97. 3.
3915 97. 3.
3916 97. 3.
3917 97. 3.
3918 97. 3.
3919 98. 2.
3920 98. 2.
3921 98. 2.
3922 98. 2.
3923 98. 2.
3924 98. 2.
3925 98. 2.
3926 98. 2.
3927 98. 2.
3928 98. 2.
3929 98. 2.
3930 98. 2.
3931 98. 2.
3932 98. 2.
3933 98. 2.
3934 98. 2.
3935 98. 2.
3936 98. 2.
3937 98. 2.
3938 98. 2.
3939 98. 2.
3940 98. 2.
3941 98. 2.
3942 98. 2.
3943 98. 2.
3944 98. 2.
3945 98. 2.
3946 98. 2.
3947 98. 2.
3948 98. 2.
3949 98. 2.
3950 98. 2.
3951 98. 2.
3952 98. 2.
3953 98. 2.
3954 98. 2.
3955 98. 2.
3956 98. 2.
3957 98. 2.
3958 98. 2.
3959 98. 2.
3960 98. 2.
3961 98. 2.
3962 98. 2.
3963 98. 2.
3964 98. 2.
3965 98. 2.
3966 98. 2.
3967 98. 2.
3968 98. 2.
3969 98. 2.
3970 98. 2.
3971 98. 2.
3972 98. 2.
3973 98. 2.
3974 98. 2.
3975 98. 2.
3976 98. 2.
3977 98. 2.
3978 98. 2.
3979 98. 2.
3980 98. 2.
3981 98. 2.
3982 98. 2.
3983 98. 2.
3984 98. 2.
3985 98. 2.
3986 98. 2.
3987 98. 2.
3988 98. 2.
3989 98. 2.
3990 98. 2.
3991 98. 2.
3992 98. 2.
3993 98. 2.
3994 98. 2.
3995 98. 2.
3996 98. 2.
3997 98. 2.
3998 98. 2.
3999 98. 2.
4000 98. 2.
4001 98. 2.
4002 98. 2.
4003 98. 2.
4004 98. 2.
4005 98. 2.
4006 98. 2.
4007 98. 2.
4008 98. 2.
4009 98. 2.
4010 98. 2.
4011 98. 2.
4012 98. 2.
4013 98. 2.
4014 98. 2.
4015 98. 2.
4016 98. 2.
4017 98. 2.
4018 98. 2.
4019 98. 2.
4020 98. 2.
4021 98. 2.
4022 98. 2.
4023 98. 2.
4024 98. 2.
4025 98. 2.
4026 98. 2.
4027 98. 2.
4028 98. 2.
4029 98. 2.
4030 98. 2.
4031 98. 2.
4032 98. 2.
4033 98. 2.
4034 98. 2.
4035 98. 2.
4036 98. 2.
4037 98. 2.
4038 98. 2.
4039 98. 2.
4040 98. 2.
4041 98. 2.
4042 98. 2.
4043 98. 2.
4044 98. 2.
4045 98. 2.
4046 98. 2.
4047 98. 2.
4048 98. 2.
4049 98. 2.
4050 98. 2.
4051 98. 2.
4052 98. 2.
4053 98. 2.
4054 98. 2.
4055 98. 2.
4056 98. 2.
4057 98. 2.
4058 98. 2.
4059 98. 2.
4060 98. 2.
4061 98. 2.
4062 98. 2.
4063 98. 2.
4064 98. 2.
4065 98. 2.
4066 98. 2.
4067 98. 2.
4068 98. 2.
4069 98. 2.
4070 98. 2.
4071 98. 2.
4072 98. 2.
4073 98. 2.
4074 98. 2.
4075 98. 2.
4076 98. 2.
4077 98. 2.
4078 98. 2.
4079 98. 2.
4080 98. 2.
4081 98. 2.
4082 98. 2.
4083 98. 2.
4084 98. 2.
4085 98. 2.
4086 98. 2.
4087 98. 2.
4088 98. 2.
4089 98. 2.
4090 98. 2.
4091 98. 2.
4092 98. 2.
4093 98. 2.
4094 98. 2.
4095 98. 2.
4096 98. 2.
4097 98. 2.
4098 98. 2.
4099 98. 2.
4100 98. 2.
4101 98. 2.
4102 98. 2.
4103 98. 2.
4104 98. 2.
4105 98. 2.
4106 98. 2.
4107 98. 2.
4108 98. 2.
4109 98. 2.
4110 98. 2.
4111 98. 2.
4112 98. 2.
4113 98. 2.
4114 98. 2.
4115 98. 2.
4116 98. 2.
4117 98. 2.
4118 98. 2.
4119 98. 2.
4120 98. 2.
4121 98. 2.
4122 98. 2.
4123 98. 2.
4124 98. 2.
4125 98. 2.
4126 99. 1.
4127 99. 1.
4128 99. 1.
4129 99. 1.
4130 99. 1.
4131 99. 1.
4132 99. 1.
4133 99. 1.
4134 99. 1.
4135 99. 1.
