0 20. 80.
1 20. 80.
2 20. 80.
3 20. 80.
4 20. 80.
5 20. 80.
6 20. 80.
7 20. 80.
8 20. 80.
9 19. 81.
10 19. 81.
11 19. 81.
12 19. 81.
13 18. 82.
14 18. 82.
15 19. 81.
16 19. 81.
17 19. 81.
18 19. 81.
19 18. 82.
20 18. 82.
21 18. 82.
22 18. 82.
23 18. 82.
24 18. 82.
25 18. 82.
26 18. 82.
27 19. 81.
28 18. 82.
29 18. 82.
30 18. 82.
31 18. 82.
32 19. 81.
33 19. 81.
34 19. 81.
35 19. 81.
36 19. 81.
37 19. 81.
38 19. 81.
39 19. 81.
40 19. 81.
41 19. 81.
42 19. 81.
43 19. 81.
44 18. 82.
45 18. 82.
46 18. 82.
47 18. 82.
48 19. 81.
49 19. 81.
50 18. 82.
51 18. 82.
52 18. 82.
53 17. 83.
54 17. 83.
55 18. 82.
56 18. 82.
57 18. 82.
58 18. 82.
59 18. 82.
60 18. 82.
61 18. 82.
62 18. 82.
63 19. 81.
64 19. 81.
65 19. 81.
66 19. 81.
67 19. 81.
68 19. 81.
69 19. 81.
70 19. 81.
71 19. 81.
72 19. 81.
73 19. 81.
74 19. 81.
75 19. 81.
76 19. 81.
77 19. 81.
78 20. 80.
79 20. 80.
80 20. 80.
81 20. 80.
82 20. 80.
83 20. 80.
84 19. 81.
85 19. 81.
86 19. 81.
87 19. 81.
88 19. 81.
89 19. 81.
90 19. 81.
91 20. 80.
92 20. 80.
93 20. 80.
94 20. 80.
95 20. 80.
96 19. 81.
97 19. 81.
98 19. 81.
99 19. 81.
100 19. 81.
101 19. 81.
102 19. 81.
103 19. 81.
104 20. 80.
105 20. 80.
106 20. 80.
107 20. 80.
108 20. 80.
109 20. 80.
110 20. 80.
111 20. 80.
112 20. 80.
113 20. 80.
114 20. 80.
115 20. 80.
116 20. 80.
117 21. 79.
118 21. 79.
119 21. 79.
120 22. 78.
121 22. 78.
122 22. 78.
123 22. 78.
124 22. 78.
125 22. 78.
126 22. 78.
127 23. 77.
128 23. 77.
129 22. 78.
130 22. 78.
131 22. 78.
132 22. 78.
133 22. 78.
134 22. 78.
135 22. 78.
136 23. 77.
137 23. 77.
138 23. 77.
139 23. 77.
140 23. 77.
141 23. 77.
142 23. 77.
143 23. 77.
144 23. 77.
145 23. 77.
146 23. 77.
147 23. 77.
148 24. 76.
149 24. 76.
150 24. 76.
151 24. 76.
152 24. 76.
153 24. 76.
154 24. 76.
155 24. 76.
156 24. 76.
157 24. 76.
158 24. 76.
159 24. 76.
160 24. 76.
161 24. 76.
162 24. 76.
163 24. 76.
164 24. 76.
165 24. 76.
166 24. 76.
167 24. 76.
168 23. 77.
169 24. 76.
170 24. 76.
171 24. 76.
172 24. 76.
173 24. 76.
174 24. 76.
175 23. 77.
176 23. 77.
177 22. 78.
178 23. 77.
179 23. 77.
180 23. 77.
181 23. 77.
182 23. 77.
183 22. 78.
184 22. 78.
185 23. 77.
186 23. 77.
187 24. 76.
188 23. 77.
189 23. 77.
190 23. 77.
191 22. 78.
192 21. 79.
193 21. 79.
194 20. 80.
195 20. 80.
196 20. 80.
197 20. 80.
198 20. 80.
199 19. 81.
200 19. 81.
201 19. 81.
202 19. 81.
203 19. 81.
204 20. 80.
205 20. 80.
206 20. 80.
207 20. 80.
208 21. 79.
209 21. 79.
210 21. 79.
211 21. 79.
212 21. 79.
213 21. 79.
214 21. 79.
215 21. 79.
216 21. 79.
217 22. 78.
218 22. 78.
219 22. 78.
220 21. 79.
221 21. 79.
222 21. 79.
223 21. 79.
224 21. 79.
225 21. 79.
226 22. 78.
227 22. 78.
228 22. 78.
229 22. 78.
230 22. 78.
231 22. 78.
232 22. 78.
233 22. 78.
234 21. 79.
235 21. 79.
236 21. 79.
237 22. 78.
238 22. 78.
239 22. 78.
240 22. 78.
241 22. 78.
242 22. 78.
243 22. 78.
244 22. 78.
245 22. 78.
246 22. 78.
247 22. 78.
248 23. 77.
249 23. 77.
250 23. 77.
251 23. 77.
252 23. 77.
253 23. 77.
254 22. 78.
255 22. 78.
256 23. 77.
257 23. 77.
258 23. 77.
259 23. 77.
260 22. 78.
261 22. 78.
262 22. 78.
263 21. 79.
264 21. 79.
265 21. 79.
266 21. 79.
267 21. 79.
268 21. 79.
269 21. 79.
270 21. 79.
271 21. 79.
272 21. 79.
273 21. 79.
274 21. 79.
275 21. 79.
276 21. 79.
277 21. 79.
278 21. 79.
279 22. 78.
280 22. 78.
281 22. 78.
282 22. 78.
283 22. 78.
284 22. 78.
285 22. 78.
286 22. 78.
287 22. 78.
288 22. 78.
289 22. 78.
290 22. 78.
291 21. 79.
292 21. 79.
293 21. 79.
294 21. 79.
295 21. 79.
296 21. 79.
297 21. 79.
298 20. 80.
299 21. 79.
300 21. 79.
301 22. 78.
302 22. 78.
303 22. 78.
304 22. 78.
305 22. 78.
306 22. 78.
307 22. 78.
308 22. 78.
309 22. 78.
310 22. 78.
311 23. 77.
312 23. 77.
313 23. 77.
314 23. 77.
315 23. 77.
316 23. 77.
317 23. 77.
318 24. 76.
319 25. 75.
320 25. 75.
321 25. 75.
322 25. 75.
323 25. 75.
324 25. 75.
325 25. 75.
326 26. 74.
327 26. 74.
328 25. 75.
329 25. 75.
330 25. 75.
331 25. 75.
332 24. 76.
333 25. 75.
334 25. 75.
335 25. 75.
336 25. 75.
337 25. 75.
338 25. 75.
339 24. 76.
340 24. 76.
341 24. 76.
342 24. 76.
343 24. 76.
344 24. 76.
345 24. 76.
346 24. 76.
347 24. 76.
348 25. 75.
349 25. 75.
350 25. 75.
351 25. 75.
352 25. 75.
353 25. 75.
354 25. 75.
355 25. 75.
356 25. 75.
357 25. 75.
358 25. 75.
359 25. 75.
360 25. 75.
361 25. 75.
362 26. 74.
363 26. 74.
364 25. 75.
365 25. 75.
366 25. 75.
367 25. 75.
368 25. 75.
369 25. 75.
370 26. 74.
371 26. 74.
372 26. 74.
373 26. 74.
374 26. 74.
375 26. 74.
376 25. 75.
377 25. 75.
378 26. 74.
379 26. 74.
380 26. 74.
381 26. 74.
382 26. 74.
383 26. 74.
384 26. 74.
385 25. 75.
386 25. 75.
387 25. 75.
388 25. 75.
389 25. 75.
390 25. 75.
391 25. 75.
392 25. 75.
393 25. 75.
394 25. 75.
395 25. 75.
396 25. 75.
397 25. 75.
398 25. 75.
399 25. 75.
400 24. 76.
401 24. 76.
402 24. 76.
403 24. 76.
404 24. 76.
405 24. 76.
406 24. 76.
407 24. 76.
408 24. 76.
409 24. 76.
410 24. 76.
411 23. 77.
412 23. 77.
413 23. 77.
414 23. 77.
415 23. 77.
416 23. 77.
417 23. 77.
418 23. 77.
419 23. 77.
420 23. 77.
421 23. 77.
422 23. 77.
423 23. 77.
424 23. 77.
425 24. 76.
426 24. 76.
427 25. 75.
428 25. 75.
429 26. 74.
430 25. 75.
431 25. 75.
432 25. 75.
433 25. 75.
434 26. 74.
435 26. 74.
436 26. 74.
437 26. 74.
438 26. 74.
439 26. 74.
440 26. 74.
441 26. 74.
442 26. 74.
443 26. 74.
444 26. 74.
445 26. 74.
446 26. 74.
447 26. 74.
448 26. 74.
449 26. 74.
450 26. 74.
451 25. 75.
452 25. 75.
453 25. 75.
454 25. 75.
455 26. 74.
456 26. 74.
457 25. 75.
458 25. 75.
459 26. 74.
460 27. 73.
461 27. 73.
462 27. 73.
463 27. 73.
464 26. 74.
465 25. 75.
466 25. 75.
467 25. 75.
468 25. 75.
469 26. 74.
470 26. 74.
471 26. 74.
472 26. 74.
473 26. 74.
474 26. 74.
475 25. 75.
476 25. 75.
477 24. 76.
478 24. 76.
479 24. 76.
480 25. 75.
481 25. 75.
482 25. 75.
483 26. 74.
484 26. 74.
485 26. 74.
486 26. 74.
487 27. 73.
488 27. 73.
489 27. 73.
490 27. 73.
491 27. 73.
492 27. 73.
493 27. 73.
494 26. 74.
495 26. 74.
496 25. 75.
497 25. 75.
498 25. 75.
499 26. 74.
500 26. 74.
501 26. 74.
502 26. 74.
503 25. 75.
504 25. 75.
505 25. 75.
506 25. 75.
507 25. 75.
508 25. 75.
509 25. 75.
510 25. 75.
511 25. 75.
512 25. 75.
513 26. 74.
514 27. 73.
515 27. 73.
516 27. 73.
517 26. 74.
518 26. 74.
519 26. 74.
520 26. 74.
521 26. 74.
522 26. 74.
523 26. 74.
524 25. 75.
525 25. 75.
526 25. 75.
527 25. 75.
528 25. 75.
529 25. 75.
530 25. 75.
531 26. 74.
532 26. 74.
533 26. 74.
534 26. 74.
535 26. 74.
536 26. 74.
537 26. 74.
538 26. 74.
539 26. 74.
540 26. 74.
541 26. 74.
542 26. 74.
543 26. 74.
544 26. 74.
545 27. 73.
546 28. 72.
547 28. 72.
548 28. 72.
549 28. 72.
550 28. 72.
551 28. 72.
552 28. 72.
553 28. 72.
554 28. 72.
555 28. 72.
556 28. 72.
557 28. 72.
558 28. 72.
559 28. 72.
560 28. 72.
561 28. 72.
562 28. 72.
563 28. 72.
564 28. 72.
565 28. 72.
566 27. 73.
567 27. 73.
568 27. 73.
569 27. 73.
570 27. 73.
571 27. 73.
572 27. 73.
573 27. 73.
574 27. 73.
575 28. 72.
576 28. 72.
577 29. 71.
578 28. 72.
579 28. 72.
580 28. 72.
581 28. 72.
582 28. 72.
583 28. 72.
584 28. 72.
585 28. 72.
586 28. 72.
587 28. 72.
588 28. 72.
589 29. 71.
590 29. 71.
591 29. 71.
592 29. 71.
593 29. 71.
594 29. 71.
595 29. 71.
596 29. 71.
597 29. 71.
598 29. 71.
599 29. 71.
600 29. 71.
601 29. 71.
602 29. 71.
603 29. 71.
604 29. 71.
605 29. 71.
606 29. 71.
607 30. 70.
608 30. 70.
609 31. 69.
610 31. 69.
611 30. 70.
612 30. 70.
613 31. 69.
614 31. 69.
615 31. 69.
616 31. 69.
617 31. 69.
618 31. 69.
619 30. 70.
620 30. 70.
621 30. 70.
622 30. 70.
623 30. 70.
624 30. 70.
625 30. 70.
626 30. 70.
627 29. 71.
628 29. 71.
629 29. 71.
630 29. 71.
631 29. 71.
632 29. 71.
633 29. 71.
634 29. 71.
635 29. 71.
636 30. 70.
637 29. 71.
638 29. 71.
639 29. 71.
640 30. 70.
641 30. 70.
642 30. 70.
643 31. 69.
644 30. 70.
645 30. 70.
646 30. 70.
647 30. 70.
648 29. 71.
649 29. 71.
650 29. 71.
651 29. 71.
652 29. 71.
653 29. 71.
654 29. 71.
655 29. 71.
656 29. 71.
657 28. 72.
658 28. 72.
659 28. 72.
660 28. 72.
661 28. 72.
662 28. 72.
663 27. 73.
664 28. 72.
665 28. 72.
666 28. 72.
667 28. 72.
668 28. 72.
669 28. 72.
670 28. 72.
671 29. 71.
672 29. 71.
673 29. 71.
674 29. 71.
675 29. 71.
676 29. 71.
677 28. 72.
678 29. 71.
679 29. 71.
680 29. 71.
681 29. 71.
682 29. 71.
683 29. 71.
684 29. 71.
685 28. 72.
686 28. 72.
687 28. 72.
688 28. 72.
689 29. 71.
690 29. 71.
691 29. 71.
692 29. 71.
693 29. 71.
694 29. 71.
695 29. 71.
696 28. 72.
697 28. 72.
698 28. 72.
699 28. 72.
700 28. 72.
701 28. 72.
702 28. 72.
703 28. 72.
704 28. 72.
705 28. 72.
706 28. 72.
707 29. 71.
708 28. 72.
709 28. 72.
710 28. 72.
711 27. 73.
712 27. 73.
713 27. 73.
714 28. 72.
715 28. 72.
716 29. 71.
717 29. 71.
718 29. 71.
719 29. 71.
720 29. 71.
721 30. 70.
722 30. 70.
723 30. 70.
724 30. 70.
725 31. 69.
726 31. 69.
727 31. 69.
728 31. 69.
729 32. 68.
730 32. 68.
731 32. 68.
732 31. 69.
733 31. 69.
734 31. 69.
735 31. 69.
736 31. 69.
737 31. 69.
738 31. 69.
739 31. 69.
740 31. 69.
741 31. 69.
742 32. 68.
743 31. 69.
744 30. 70.
745 30. 70.
746 30. 70.
747 30. 70.
748 30. 70.
749 30. 70.
750 30. 70.
751 30. 70.
752 30. 70.
753 30. 70.
754 30. 70.
755 30. 70.
756 29. 71.
757 29. 71.
758 29. 71.
759 29. 71.
760 29. 71.
761 29. 71.
762 29. 71.
763 29. 71.
764 29. 71.
765 29. 71.
766 29. 71.
767 29. 71.
768 29. 71.
769 29. 71.
770 29. 71.
771 28. 72.
772 28. 72.
773 28. 72.
774 28. 72.
775 28. 72.
776 28. 72.
777 28. 72.
778 29. 71.
779 29. 71.
780 29. 71.
781 28. 72.
782 28. 72.
783 28. 72.
784 27. 73.
785 27. 73.
786 27. 73.
787 27. 73.
788 27. 73.
789 27. 73.
790 26. 74.
791 26. 74.
792 27. 73.
793 26. 74.
794 27. 73.
795 27. 73.
796 27. 73.
797 27. 73.
798 27. 73.
799 28. 72.
800 28. 72.
801 28. 72.
802 27. 73.
803 27. 73.
804 27. 73.
805 28. 72.
806 28. 72.
807 28. 72.
808 28. 72.
809 28. 72.
810 28. 72.
811 28. 72.
812 28. 72.
813 28. 72.
814 28. 72.
815 28. 72.
816 28. 72.
817 28. 72.
818 28. 72.
819 29. 71.
820 29. 71.
821 30. 70.
822 30. 70.
823 30. 70.
824 30. 70.
825 30. 70.
826 30. 70.
827 31. 69.
828 31. 69.
829 31. 69.
830 31. 69.
831 31. 69.
832 31. 69.
833 31. 69.
834 31. 69.
835 31. 69.
836 31. 69.
837 31. 69.
838 31. 69.
839 31. 69.
840 31. 69.
841 31. 69.
842 30. 70.
843 29. 71.
844 29. 71.
845 28. 72.
846 28. 72.
847 28. 72.
848 29. 71.
849 29. 71.
850 30. 70.
851 30. 70.
852 30. 70.
853 30. 70.
854 30. 70.
855 30. 70.
856 30. 70.
857 30. 70.
858 30. 70.
859 30. 70.
860 30. 70.
861 31. 69.
862 31. 69.
863 31. 69.
864 31. 69.
865 31. 69.
866 31. 69.
867 31. 69.
868 31. 69.
869 31. 69.
870 31. 69.
871 31. 69.
872 31. 69.
873 32. 68.
874 31. 69.
875 31. 69.
876 31. 69.
877 31. 69.
878 32. 68.
879 31. 69.
880 31. 69.
881 31. 69.
882 30. 70.
883 30. 70.
884 30. 70.
885 30. 70.
886 31. 69.
887 31. 69.
888 31. 69.
889 32. 68.
890 32. 68.
891 32. 68.
892 32. 68.
893 32. 68.
894 32. 68.
895 31. 69.
896 31. 69.
897 31. 69.
898 31. 69.
899 31. 69.
900 31. 69.
901 32. 68.
902 31. 69.
903 31. 69.
904 31. 69.
905 30. 70.
906 30. 70.
907 30. 70.
908 30. 70.
909 30. 70.
910 30. 70.
911 30. 70.
912 30. 70.
913 30. 70.
914 29. 71.
915 29. 71.
916 29. 71.
917 29. 71.
918 29. 71.
919 29. 71.
920 29. 71.
921 29. 71.
922 29. 71.
923 29. 71.
924 29. 71.
925 29. 71.
926 29. 71.
927 29. 71.
928 29. 71.
929 29. 71.
930 29. 71.
931 29. 71.
932 29. 71.
933 29. 71.
934 30. 70.
935 30. 70.
936 30. 70.
937 30. 70.
938 30. 70.
939 30. 70.
940 30. 70.
941 30. 70.
942 29. 71.
943 29. 71.
944 29. 71.
945 29. 71.
946 29. 71.
947 29. 71.
948 29. 71.
949 30. 70.
950 31. 69.
951 30. 70.
952 31. 69.
953 31. 69.
954 31. 69.
955 31. 69.
956 32. 68.
957 32. 68.
958 32. 68.
959 32. 68.
960 32. 68.
961 32. 68.
962 33. 67.
963 33. 67.
964 33. 67.
965 34. 66.
966 34. 66.
967 34. 66.
968 34. 66.
969 34. 66.
970 34. 66.
971 34. 66.
972 34. 66.
973 34. 66.
974 34. 66.
975 34. 66.
976 35. 65.
977 36. 64.
978 36. 64.
979 36. 64.
980 36. 64.
981 36. 64.
982 36. 64.
983 36. 64.
984 36. 64.
985 36. 64.
986 36. 64.
987 36. 64.
988 36. 64.
989 35. 65.
990 35. 65.
991 35. 65.
992 35. 65.
993 35. 65.
994 35. 65.
995 35. 65.
996 35. 65.
997 34. 66.
998 34. 66.
999 33. 67.
1000 33. 67.
1001 33. 67.
1002 34. 66.
1003 34. 66.
1004 34. 66.
1005 34. 66.
1006 34. 66.
1007 34. 66.
1008 35. 65.
1009 35. 65.
1010 35. 65.
1011 35. 65.
1012 35. 65.
1013 34. 66.
1014 34. 66.
1015 34. 66.
1016 34. 66.
1017 34. 66.
1018 33. 67.
1019 33. 67.
1020 32. 68.
1021 32. 68.
1022 32. 68.
1023 31. 69.
1024 31. 69.
1025 31. 69.
1026 31. 69.
1027 31. 69.
1028 31. 69.
1029 31. 69.
1030 31. 69.
1031 31. 69.
1032 31. 69.
1033 31. 69.
1034 32. 68.
1035 32. 68.
1036 32. 68.
1037 32. 68.
1038 32. 68.
1039 32. 68.
1040 32. 68.
1041 32. 68.
1042 32. 68.
1043 33. 67.
1044 33. 67.
1045 33. 67.
1046 32. 68.
1047 32. 68.
1048 32. 68.
1049 32. 68.
1050 32. 68.
1051 31. 69.
1052 32. 68.
1053 32. 68.
1054 32. 68.
1055 33. 67.
1056 33. 67.
1057 33. 67.
1058 33. 67.
1059 33. 67.
1060 33. 67.
1061 33. 67.
1062 33. 67.
1063 32. 68.
1064 32. 68.
1065 32. 68.
1066 32. 68.
1067 32. 68.
1068 32. 68.
1069 32. 68.
1070 32. 68.
1071 32. 68.
1072 32. 68.
1073 32. 68.
1074 32. 68.
1075 32. 68.
1076 32. 68.
1077 32. 68.
1078 33. 67.
1079 33. 67.
1080 33. 67.
1081 33. 67.
1082 33. 67.
1083 33. 67.
1084 32. 68.
1085 31. 69.
1086 31. 69.
1087 31. 69.
1088 31. 69.
1089 31. 69.
1090 31. 69.
1091 31. 69.
1092 31. 69.
1093 30. 70.
1094 30. 70.
1095 29. 71.
1096 29. 71.
1097 29. 71.
1098 29. 71.
1099 29. 71.
1100 30. 70.
1101 30. 70.
1102 30. 70.
1103 31. 69.
1104 30. 70.
1105 30. 70.
1106 30. 70.
1107 30. 70.
1108 30. 70.
1109 30. 70.
1110 30. 70.
1111 30. 70.
1112 30. 70.
1113 30. 70.
1114 29. 71.
1115 29. 71.
1116 28. 72.
1117 28. 72.
1118 28. 72.
1119 28. 72.
1120 28. 72.
1121 28. 72.
1122 28. 72.
1123 28. 72.
1124 28. 72.
1125 28. 72.
1126 28. 72.
1127 28. 72.
1128 28. 72.
1129 28. 72.
1130 28. 72.
1131 29. 71.
1132 29. 71.
1133 29. 71.
1134 29. 71.
1135 29. 71.
1136 29. 71.
1137 30. 70.
1138 30. 70.
1139 30. 70.
1140 31. 69.
1141 30. 70.
1142 30. 70.
1143 29. 71.
1144 29. 71.
1145 29. 71.
1146 29. 71.
1147 29. 71.
1148 29. 71.
1149 29. 71.
1150 29. 71.
1151 29. 71.
1152 28. 72.
1153 28. 72.
1154 29. 71.
1155 29. 71.
1156 29. 71.
1157 30. 70.
1158 30. 70.
1159 29. 71.
1160 29. 71.
1161 29. 71.
1162 29. 71.
1163 29. 71.
1164 28. 72.
1165 28. 72.
1166 28. 72.
1167 28. 72.
1168 28. 72.
1169 27. 73.
1170 27. 73.
1171 27. 73.
1172 27. 73.
1173 26. 74.
1174 25. 75.
1175 25. 75.
1176 25. 75.
1177 25. 75.
1178 25. 75.
1179 25. 75.
1180 25. 75.
1181 25. 75.
1182 25. 75.
1183 25. 75.
1184 25. 75.
1185 25. 75.
1186 25. 75.
1187 25. 75.
1188 25. 75.
1189 24. 76.
1190 24. 76.
1191 24. 76.
1192 23. 77.
1193 23. 77.
1194 23. 77.
1195 23. 77.
1196 23. 77.
1197 23. 77.
1198 23. 77.
1199 23. 77.
1200 23. 77.
1201 23. 77.
1202 23. 77.
1203 22. 78.
1204 21. 79.
1205 21. 79.
1206 21. 79.
1207 20. 80.
1208 20. 80.
1209 19. 81.
1210 19. 81.
1211 19. 81.
1212 19. 81.
1213 19. 81.
1214 19. 81.
1215 19. 81.
1216 18. 82.
1217 17. 83.
1218 17. 83.
1219 17. 83.
1220 17. 83.
1221 17. 83.
1222 17. 83.
1223 18. 82.
1224 18. 82.
1225 18. 82.
1226 18. 82.
1227 18. 82.
1228 18. 82.
1229 18. 82.
1230 18. 82.
1231 18. 82.
1232 19. 81.
1233 19. 81.
1234 18. 82.
1235 18. 82.
1236 18. 82.
1237 18. 82.
1238 18. 82.
1239 18. 82.
1240 18. 82.
1241 18. 82.
1242 18. 82.
1243 18. 82.
1244 18. 82.
1245 18. 82.
1246 18. 82.
1247 18. 82.
1248 18. 82.
1249 18. 82.
1250 18. 82.
1251 18. 82.
1252 18. 82.
1253 18. 82.
1254 19. 81.
1255 20. 80.
1256 20. 80.
1257 20. 80.
1258 20. 80.
1259 20. 80.
1260 21. 79.
1261 21. 79.
1262 21. 79.
1263 21. 79.
1264 22. 78.
1265 22. 78.
1266 22. 78.
1267 22. 78.
1268 22. 78.
1269 22. 78.
1270 22. 78.
1271 22. 78.
1272 23. 77.
1273 23. 77.
1274 23. 77.
1275 23. 77.
1276 24. 76.
1277 25. 75.
1278 25. 75.
1279 25. 75.
1280 25. 75.
1281 26. 74.
1282 26. 74.
1283 26. 74.
1284 26. 74.
1285 26. 74.
1286 26. 74.
1287 26. 74.
1288 26. 74.
1289 26. 74.
1290 26. 74.
1291 26. 74.
1292 26. 74.
1293 26. 74.
1294 27. 73.
1295 27. 73.
1296 27. 73.
1297 27. 73.
1298 27. 73.
1299 27. 73.
1300 26. 74.
1301 26. 74.
1302 26. 74.
1303 26. 74.
1304 26. 74.
1305 26. 74.
1306 26. 74.
1307 26. 74.
1308 26. 74.
1309 26. 74.
1310 26. 74.
1311 26. 74.
1312 26. 74.
1313 26. 74.
1314 26. 74.
1315 26. 74.
1316 25. 75.
1317 25. 75.
1318 25. 75.
1319 25. 75.
1320 26. 74.
1321 25. 75.
1322 25. 75.
1323 25. 75.
1324 25. 75.
1325 25. 75.
1326 25. 75.
1327 25. 75.
1328 25. 75.
1329 25. 75.
1330 25. 75.
1331 25. 75.
1332 25. 75.
1333 25. 75.
1334 25. 75.
1335 25. 75.
1336 25. 75.
1337 25. 75.
1338 25. 75.
1339 25. 75.
1340 25. 75.
1341 25. 75.
1342 25. 75.
1343 26. 74.
1344 26. 74.
1345 26. 74.
1346 26. 74.
1347 26. 74.
1348 26. 74.
1349 26. 74.
1350 26. 74.
1351 26. 74.
1352 26. 74.
1353 26. 74.
1354 26. 74.
1355 26. 74.
1356 25. 75.
1357 25. 75.
1358 26. 74.
1359 26. 74.
1360 26. 74.
1361 26. 74.
1362 26. 74.
1363 26. 74.
1364 26. 74.
1365 26. 74.
1366 26. 74.
1367 26. 74.
1368 26. 74.
1369 26. 74.
1370 25. 75.
1371 25. 75.
1372 25. 75.
1373 25. 75.
1374 25. 75.
1375 24. 76.
1376 24. 76.
1377 25. 75.
1378 25. 75.
1379 25. 75.
1380 24. 76.
1381 24. 76.
1382 24. 76.
1383 24. 76.
1384 24. 76.
1385 25. 75.
1386 25. 75.
1387 25. 75.
1388 26. 74.
1389 26. 74.
1390 26. 74.
1391 26. 74.
1392 27. 73.
1393 27. 73.
1394 27. 73.
1395 26. 74.
1396 26. 74.
1397 26. 74.
1398 26. 74.
1399 26. 74.
1400 26. 74.
1401 26. 74.
1402 26. 74.
1403 27. 73.
1404 27. 73.
1405 27. 73.
1406 27. 73.
1407 27. 73.
1408 27. 73.
1409 27. 73.
1410 27. 73.
1411 27. 73.
1412 27. 73.
1413 27. 73.
1414 27. 73.
1415 27. 73.
1416 27. 73.
1417 27. 73.
1418 27. 73.
1419 28. 72.
1420 29. 71.
1421 29. 71.
1422 29. 71.
1423 29. 71.
1424 29. 71.
1425 29. 71.
1426 29. 71.
1427 28. 72.
1428 28. 72.
1429 28. 72.
1430 27. 73.
1431 27. 73.
1432 28. 72.
1433 28. 72.
1434 28. 72.
1435 27. 73.
1436 27. 73.
1437 27. 73.
1438 27. 73.
1439 27. 73.
1440 27. 73.
1441 27. 73.
1442 27. 73.
1443 27. 73.
1444 27. 73.
1445 27. 73.
1446 27. 73.
1447 27. 73.
1448 27. 73.
1449 27. 73.
1450 27. 73.
1451 27. 73.
1452 27. 73.
1453 27. 73.
1454 27. 73.
1455 27. 73.
1456 27. 73.
1457 27. 73.
1458 27. 73.
1459 27. 73.
1460 27. 73.
1461 27. 73.
1462 27. 73.
1463 27. 73.
1464 27. 73.
1465 27. 73.
1466 26. 74.
1467 25. 75.
1468 24. 76.
1469 24. 76.
1470 24. 76.
1471 25. 75.
1472 24. 76.
1473 24. 76.
1474 24. 76.
1475 24. 76.
1476 24. 76.
1477 24. 76.
1478 24. 76.
1479 25. 75.
1480 25. 75.
1481 24. 76.
1482 25. 75.
1483 25. 75.
1484 24. 76.
1485 24. 76.
1486 23. 77.
1487 23. 77.
1488 23. 77.
1489 23. 77.
1490 23. 77.
1491 24. 76.
1492 24. 76.
1493 25. 75.
1494 25. 75.
1495 25. 75.
1496 24. 76.
1497 24. 76.
1498 24. 76.
1499 24. 76.
1500 24. 76.
1501 24. 76.
1502 24. 76.
1503 24. 76.
1504 24. 76.
1505 24. 76.
1506 24. 76.
1507 24. 76.
1508 24. 76.
1509 24. 76.
1510 24. 76.
1511 24. 76.
1512 24. 76.
1513 24. 76.
1514 24. 76.
1515 24. 76.
1516 24. 76.
1517 24. 76.
1518 24. 76.
1519 24. 76.
1520 23. 77.
1521 22. 78.
1522 22. 78.
1523 22. 78.
1524 21. 79.
1525 21. 79.
1526 21. 79.
1527 21. 79.
1528 21. 79.
1529 21. 79.
1530 21. 79.
1531 21. 79.
1532 21. 79.
1533 20. 80.
1534 20. 80.
1535 20. 80.
1536 20. 80.
1537 20. 80.
1538 20. 80.
1539 20. 80.
1540 20. 80.
1541 19. 81.
1542 19. 81.
1543 20. 80.
1544 20. 80.
1545 20. 80.
1546 21. 79.
1547 21. 79.
1548 21. 79.
1549 21. 79.
1550 21. 79.
1551 22. 78.
1552 22. 78.
1553 22. 78.
1554 21. 79.
1555 21. 79.
1556 21. 79.
1557 21. 79.
1558 22. 78.
1559 21. 79.
1560 21. 79.
1561 21. 79.
1562 21. 79.
1563 22. 78.
1564 21. 79.
1565 21. 79.
1566 21. 79.
1567 21. 79.
1568 22. 78.
1569 22. 78.
1570 22. 78.
1571 22. 78.
1572 23. 77.
1573 23. 77.
1574 22. 78.
1575 22. 78.
1576 22. 78.
1577 22. 78.
1578 22. 78.
1579 23. 77.
1580 23. 77.
1581 23. 77.
1582 23. 77.
1583 23. 77.
1584 23. 77.
1585 23. 77.
1586 23. 77.
1587 22. 78.
1588 22. 78.
1589 22. 78.
1590 22. 78.
1591 22. 78.
1592 22. 78.
1593 22. 78.
1594 23. 77.
1595 23. 77.
1596 23. 77.
1597 23. 77.
1598 23. 77.
1599 23. 77.
1600 23. 77.
1601 24. 76.
1602 24. 76.
1603 24. 76.
1604 24. 76.
1605 24. 76.
1606 24. 76.
1607 24. 76.
1608 24. 76.
1609 24. 76.
1610 24. 76.
1611 24. 76.
1612 24. 76.
1613 24. 76.
1614 24. 76.
1615 23. 77.
1616 23. 77.
1617 23. 77.
1618 23. 77.
1619 23. 77.
1620 23. 77.
1621 23. 77.
1622 23. 77.
1623 23. 77.
1624 23. 77.
1625 22. 78.
1626 23. 77.
1627 23. 77.
1628 23. 77.
1629 23. 77.
1630 23. 77.
1631 23. 77.
1632 23. 77.
1633 22. 78.
1634 21. 79.
1635 21. 79.
1636 21. 79.
1637 21. 79.
1638 21. 79.
1639 21. 79.
1640 21. 79.
1641 20. 80.
1642 21. 79.
1643 21. 79.
1644 21. 79.
1645 21. 79.
1646 21. 79.
1647 21. 79.
1648 20. 80.
1649 19. 81.
1650 19. 81.
1651 20. 80.
1652 20. 80.
1653 20. 80.
1654 20. 80.
1655 20. 80.
1656 19. 81.
1657 19. 81.
1658 19. 81.
1659 19. 81.
1660 19. 81.
1661 19. 81.
1662 19. 81.
1663 19. 81.
1664 18. 82.
1665 18. 82.
1666 18. 82.
1667 18. 82.
1668 18. 82.
1669 18. 82.
1670 18. 82.
1671 18. 82.
1672 18. 82.
1673 18. 82.
1674 18. 82.
1675 19. 81.
1676 19. 81.
1677 19. 81.
1678 19. 81.
1679 20. 80.
1680 21. 79.
1681 21. 79.
1682 21. 79.
1683 21. 79.
1684 21. 79.
1685 21. 79.
1686 21. 79.
1687 21. 79.
1688 21. 79.
1689 20. 80.
1690 20. 80.
1691 20. 80.
1692 20. 80.
1693 20. 80.
1694 19. 81.
1695 19. 81.
1696 19. 81.
1697 19. 81.
1698 19. 81.
1699 19. 81.
1700 19. 81.
1701 20. 80.
1702 20. 80.
1703 20. 80.
1704 20. 80.
1705 20. 80.
1706 20. 80.
1707 20. 80.
1708 20. 80.
1709 20. 80.
1710 20. 80.
1711 20. 80.
1712 21. 79.
1713 21. 79.
1714 22. 78.
1715 22. 78.
1716 22. 78.
1717 22. 78.
1718 22. 78.
1719 22. 78.
1720 22. 78.
1721 22. 78.
1722 22. 78.
1723 22. 78.
1724 23. 77.
1725 23. 77.
1726 23. 77.
1727 22. 78.
1728 22. 78.
1729 22. 78.
1730 22. 78.
1731 22. 78.
1732 22. 78.
1733 22. 78.
1734 22. 78.
1735 22. 78.
1736 22. 78.
1737 23. 77.
1738 23. 77.
1739 23. 77.
1740 23. 77.
1741 23. 77.
1742 23. 77.
1743 23. 77.
1744 23. 77.
1745 24. 76.
1746 24. 76.
1747 24. 76.
1748 24. 76.
1749 24. 76.
1750 24. 76.
1751 24. 76.
1752 24. 76.
1753 24. 76.
1754 24. 76.
1755 24. 76.
1756 24. 76.
1757 24. 76.
1758 24. 76.
1759 24. 76.
1760 24. 76.
1761 23. 77.
1762 23. 77.
1763 23. 77.
1764 23. 77.
1765 23. 77.
1766 23. 77.
1767 23. 77.
1768 23. 77.
1769 23. 77.
1770 23. 77.
1771 23. 77.
1772 23. 77.
1773 23. 77.
1774 22. 78.
1775 22. 78.
1776 22. 78.
1777 22. 78.
1778 22. 78.
1779 21. 79.
1780 21. 79.
1781 21. 79.
1782 21. 79.
1783 21. 79.
1784 21. 79.
1785 21. 79.
1786 21. 79.
1787 21. 79.
1788 21. 79.
1789 20. 80.
1790 20. 80.
1791 20. 80.
1792 20. 80.
1793 20. 80.
1794 20. 80.
1795 20. 80.
1796 21. 79.
1797 21. 79.
1798 21. 79.
1799 21. 79.
1800 21. 79.
1801 21. 79.
1802 21. 79.
1803 21. 79.
1804 21. 79.
1805 21. 79.
1806 21. 79.
1807 20. 80.
1808 20. 80.
1809 20. 80.
1810 20. 80.
1811 20. 80.
1812 20. 80.
1813 21. 79.
1814 21. 79.
1815 21. 79.
1816 21. 79.
1817 20. 80.
1818 20. 80.
1819 19. 81.
1820 19. 81.
1821 19. 81.
1822 20. 80.
1823 20. 80.
1824 20. 80.
1825 20. 80.
1826 20. 80.
1827 20. 80.
1828 21. 79.
1829 20. 80.
1830 20. 80.
1831 20. 80.
1832 20. 80.
1833 20. 80.
1834 20. 80.
1835 20. 80.
1836 20. 80.
1837 20. 80.
1838 20. 80.
1839 20. 80.
1840 20. 80.
1841 20. 80.
1842 20. 80.
1843 20. 80.
1844 20. 80.
1845 20. 80.
1846 20. 80.
1847 20. 80.
1848 20. 80.
1849 20. 80.
1850 19. 81.
1851 19. 81.
1852 19. 81.
1853 19. 81.
1854 19. 81.
1855 20. 80.
1856 20. 80.
1857 20. 80.
1858 20. 80.
1859 20. 80.
1860 20. 80.
1861 20. 80.
1862 20. 80.
1863 19. 81.
1864 19. 81.
1865 19. 81.
1866 19. 81.
1867 19. 81.
1868 19. 81.
1869 19. 81.
1870 19. 81.
1871 19. 81.
1872 19. 81.
1873 19. 81.
1874 19. 81.
1875 19. 81.
1876 19. 81.
1877 19. 81.
1878 19. 81.
1879 19. 81.
1880 19. 81.
1881 19. 81.
1882 19. 81.
1883 19. 81.
1884 19. 81.
1885 19. 81.
1886 19. 81.
1887 19. 81.
1888 19. 81.
1889 19. 81.
1890 18. 82.
1891 18. 82.
1892 18. 82.
1893 18. 82.
1894 18. 82.
1895 18. 82.
1896 18. 82.
1897 18. 82.
1898 18. 82.
1899 18. 82.
1900 18. 82.
1901 18. 82.
1902 18. 82.
1903 18. 82.
1904 18. 82.
1905 18. 82.
1906 18. 82.
1907 18. 82.
1908 18. 82.
1909 18. 82.
1910 17. 83.
1911 17. 83.
1912 17. 83.
1913 17. 83.
1914 17. 83.
1915 17. 83.
1916 17. 83.
1917 17. 83.
1918 17. 83.
1919 17. 83.
1920 17. 83.
1921 17. 83.
1922 17. 83.
1923 17. 83.
1924 17. 83.
1925 17. 83.
1926 17. 83.
1927 17. 83.
1928 17. 83.
1929 17. 83.
1930 17. 83.
1931 17. 83.
1932 17. 83.
1933 17. 83.
1934 17. 83.
1935 16. 84.
1936 16. 84.
1937 16. 84.
1938 15. 85.
1939 15. 85.
1940 15. 85.
1941 14. 86.
1942 14. 86.
1943 14. 86.
1944 14. 86.
1945 14. 86.
1946 14. 86.
1947 15. 85.
1948 15. 85.
1949 16. 84.
1950 16. 84.
1951 16. 84.
1952 16. 84.
1953 16. 84.
1954 16. 84.
1955 15. 85.
1956 15. 85.
1957 14. 86.
1958 14. 86.
1959 14. 86.
1960 14. 86.
1961 15. 85.
1962 15. 85.
1963 15. 85.
1964 14. 86.
1965 14. 86.
1966 14. 86.
1967 14. 86.
1968 14. 86.
1969 13. 87.
1970 13. 87.
1971 13. 87.
1972 13. 87.
1973 13. 87.
1974 14. 86.
1975 14. 86.
1976 14. 86.
1977 14. 86.
1978 14. 86.
1979 15. 85.
1980 15. 85.
1981 15. 85.
1982 15. 85.
1983 15. 85.
1984 15. 85.
1985 15. 85.
1986 15. 85.
1987 14. 86.
1988 14. 86.
1989 14. 86.
1990 14. 86.
1991 14. 86.
1992 14. 86.
1993 14. 86.
1994 14. 86.
1995 14. 86.
1996 14. 86.
1997 14. 86.
1998 14. 86.
1999 14. 86.
2000 14. 86.
2001 14. 86.
2002 14. 86.
2003 14. 86.
2004 14. 86.
2005 14. 86.
2006 14. 86.
2007 14. 86.
2008 14. 86.
2009 14. 86.
2010 14. 86.
2011 14. 86.
2012 14. 86.
2013 14. 86.
2014 14. 86.
2015 14. 86.
2016 15. 85.
2017 15. 85.
2018 15. 85.
2019 15. 85.
2020 15. 85.
2021 15. 85.
2022 15. 85.
2023 15. 85.
2024 15. 85.
2025 15. 85.
2026 14. 86.
2027 14. 86.
2028 14. 86.
2029 14. 86.
2030 15. 85.
2031 15. 85.
2032 16. 84.
2033 16. 84.
2034 16. 84.
2035 16. 84.
2036 16. 84.
2037 16. 84.
2038 16. 84.
2039 17. 83.
2040 17. 83.
2041 18. 82.
2042 18. 82.
2043 18. 82.
2044 18. 82.
2045 18. 82.
2046 18. 82.
2047 18. 82.
2048 19. 81.
2049 18. 82.
2050 18. 82.
2051 18. 82.
2052 18. 82.
2053 18. 82.
2054 19. 81.
2055 19. 81.
2056 19. 81.
2057 19. 81.
2058 19. 81.
2059 19. 81.
2060 19. 81.
2061 19. 81.
2062 19. 81.
2063 19. 81.
2064 19. 81.
2065 19. 81.
2066 19. 81.
2067 20. 80.
2068 20. 80.
2069 20. 80.
2070 20. 80.
2071 20. 80.
2072 20. 80.
2073 20. 80.
2074 20. 80.
2075 20. 80.
2076 19. 81.
2077 19. 81.
2078 18. 82.
2079 18. 82.
2080 18. 82.
2081 18. 82.
2082 18. 82.
2083 19. 81.
2084 19. 81.
2085 19. 81.
2086 19. 81.
2087 19. 81.
2088 19. 81.
2089 19. 81.
2090 19. 81.
2091 19. 81.
2092 19. 81.
2093 18. 82.
2094 18. 82.
2095 18. 82.
2096 17. 83.
2097 17. 83.
2098 17. 83.
2099 17. 83.
2100 17. 83.
2101 17. 83.
2102 17. 83.
2103 17. 83.
2104 17. 83.
2105 17. 83.
2106 17. 83.
2107 17. 83.
2108 17. 83.
2109 17. 83.
2110 17. 83.
2111 17. 83.
2112 17. 83.
2113 17. 83.
2114 17. 83.
2115 17. 83.
2116 17. 83.
2117 17. 83.
2118 17. 83.
2119 18. 82.
2120 18. 82.
2121 18. 82.
2122 17. 83.
2123 17. 83.
2124 17. 83.
2125 17. 83.
2126 17. 83.
2127 17. 83.
2128 17. 83.
2129 17. 83.
2130 17. 83.
2131 17. 83.
2132 16. 84.
2133 16. 84.
2134 16. 84.
2135 16. 84.
2136 16. 84.
2137 16. 84.
2138 16. 84.
2139 17. 83.
2140 17. 83.
2141 18. 82.
2142 18. 82.
2143 17. 83.
2144 17. 83.
2145 17. 83.
2146 17. 83.
2147 17. 83.
2148 17. 83.
2149 17. 83.
2150 17. 83.
2151 17. 83.
2152 17. 83.
2153 18. 82.
2154 18. 82.
2155 18. 82.
2156 18. 82.
2157 18. 82.
2158 18. 82.
2159 18. 82.
2160 17. 83.
2161 17. 83.
2162 17. 83.
2163 17. 83.
2164 17. 83.
2165 17. 83.
2166 17. 83.
2167 17. 83.
2168 17. 83.
2169 17. 83.
2170 17. 83.
2171 17. 83.
2172 17. 83.
2173 16. 84.
2174 16. 84.
2175 16. 84.
2176 16. 84.
2177 17. 83.
2178 17. 83.
2179 17. 83.
2180 17. 83.
2181 17. 83.
2182 17. 83.
2183 17. 83.
2184 17. 83.
2185 17. 83.
2186 16. 84.
2187 16. 84.
2188 16. 84.
2189 16. 84.
2190 16. 84.
2191 16. 84.
2192 16. 84.
2193 16. 84.
2194 16. 84.
2195 16. 84.
2196 16. 84.
2197 16. 84.
2198 16. 84.
2199 16. 84.
2200 16. 84.
2201 16. 84.
2202 16. 84.
2203 16. 84.
2204 16. 84.
2205 16. 84.
2206 15. 85.
2207 15. 85.
2208 14. 86.
2209 14. 86.
2210 14. 86.
2211 14. 86.
2212 14. 86.
2213 14. 86.
2214 14. 86.
2215 14. 86.
2216 15. 85.
2217 14. 86.
2218 15. 85.
2219 15. 85.
2220 15. 85.
2221 15. 85.
2222 15. 85.
2223 15. 85.
2224 15. 85.
2225 16. 84.
2226 16. 84.
2227 17. 83.
2228 17. 83.
2229 17. 83.
2230 17. 83.
2231 17. 83.
2232 17. 83.
2233 17. 83.
2234 17. 83.
2235 17. 83.
2236 17. 83.
2237 17. 83.
2238 17. 83.
2239 17. 83.
2240 17. 83.
2241 16. 84.
2242 16. 84.
2243 16. 84.
2244 16. 84.
2245 16. 84.
2246 16. 84.
2247 16. 84.
2248 16. 84.
2249 16. 84.
2250 16. 84.
2251 16. 84.
2252 16. 84.
2253 16. 84.
2254 16. 84.
2255 16. 84.
2256 16. 84.
2257 16. 84.
2258 16. 84.
2259 16. 84.
2260 16. 84.
2261 16. 84.
2262 16. 84.
2263 16. 84.
2264 16. 84.
2265 16. 84.
2266 16. 84.
2267 16. 84.
2268 16. 84.
2269 16. 84.
2270 16. 84.
2271 16. 84.
2272 16. 84.
2273 16. 84.
2274 17. 83.
2275 17. 83.
2276 17. 83.
2277 17. 83.
2278 17. 83.
2279 17. 83.
2280 16. 84.
2281 16. 84.
2282 16. 84.
2283 16. 84.
2284 16. 84.
2285 16. 84.
2286 16. 84.
2287 16. 84.
2288 16. 84.
2289 16. 84.
2290 16. 84.
2291 16. 84.
2292 16. 84.
2293 16. 84.
2294 16. 84.
2295 16. 84.
2296 16. 84.
2297 15. 85.
2298 15. 85.
2299 15. 85.
2300 15. 85.
2301 15. 85.
2302 16. 84.
2303 16. 84.
2304 16. 84.
2305 15. 85.
2306 15. 85.
2307 15. 85.
2308 15. 85.
2309 15. 85.
2310 15. 85.
2311 15. 85.
2312 15. 85.
2313 15. 85.
2314 15. 85.
2315 15. 85.
2316 16. 84.
2317 16. 84.
2318 16. 84.
2319 16. 84.
2320 16. 84.
2321 16. 84.
2322 16. 84.
2323 15. 85.
2324 15. 85.
2325 15. 85.
2326 15. 85.
2327 15. 85.
2328 15. 85.
2329 15. 85.
2330 15. 85.
2331 15. 85.
2332 15. 85.
2333 15. 85.
2334 15. 85.
2335 15. 85.
2336 15. 85.
2337 15. 85.
2338 16. 84.
2339 16. 84.
2340 16. 84.
2341 16. 84.
2342 16. 84.
2343 16. 84.
2344 16. 84.
2345 16. 84.
2346 16. 84.
2347 16. 84.
2348 16. 84.
2349 16. 84.
2350 16. 84.
2351 16. 84.
2352 16. 84.
2353 16. 84.
2354 16. 84.
2355 16. 84.
2356 16. 84.
2357 16. 84.
2358 16. 84.
2359 16. 84.
2360 16. 84.
2361 16. 84.
2362 16. 84.
2363 16. 84.
2364 16. 84.
2365 15. 85.
2366 15. 85.
2367 15. 85.
2368 15. 85.
2369 15. 85.
2370 15. 85.
2371 15. 85.
2372 15. 85.
2373 15. 85.
2374 14. 86.
2375 14. 86.
2376 14. 86.
2377 14. 86.
2378 14. 86.
2379 14. 86.
2380 14. 86.
2381 14. 86.
2382 15. 85.
2383 16. 84.
2384 16. 84.
2385 16. 84.
2386 16. 84.
2387 15. 85.
2388 15. 85.
2389 15. 85.
2390 14. 86.
2391 14. 86.
2392 14. 86.
2393 14. 86.
2394 14. 86.
2395 14. 86.
2396 14. 86.
2397 14. 86.
2398 14. 86.
2399 15. 85.
2400 15. 85.
2401 16. 84.
2402 16. 84.
2403 16. 84.
2404 16. 84.
2405 16. 84.
2406 15. 85.
2407 14. 86.
2408 14. 86.
2409 14. 86.
2410 14. 86.
2411 14. 86.
2412 14. 86.
2413 14. 86.
2414 14. 86.
2415 14. 86.
2416 14. 86.
2417 14. 86.
2418 13. 87.
2419 12. 88.
2420 12. 88.
2421 12. 88.
2422 12. 88.
2423 12. 88.
2424 12. 88.
2425 12. 88.
2426 12. 88.
2427 12. 88.
2428 11. 89.
2429 11. 89.
2430 11. 89.
2431 11. 89.
2432 11. 89.
2433 11. 89.
2434 11. 89.
2435 11. 89.
2436 11. 89.
2437 11. 89.
2438 11. 89.
2439 11. 89.
2440 11. 89.
2441 11. 89.
2442 11. 89.
2443 11. 89.
2444 11. 89.
2445 11. 89.
2446 11. 89.
2447 11. 89.
2448 11. 89.
2449 11. 89.
2450 11. 89.
2451 11. 89.
2452 11. 89.
2453 11. 89.
2454 11. 89.
2455 11. 89.
2456 11. 89.
2457 11. 89.
2458 11. 89.
2459 11. 89.
2460 11. 89.
2461 11. 89.
2462 11. 89.
2463 11. 89.
2464 12. 88.
2465 11. 89.
2466 11. 89.
2467 11. 89.
2468 11. 89.
2469 11. 89.
2470 11. 89.
2471 11. 89.
2472 11. 89.
2473 12. 88.
2474 12. 88.
2475 12. 88.
2476 12. 88.
2477 12. 88.
2478 12. 88.
2479 12. 88.
2480 12. 88.
2481 12. 88.
2482 11. 89.
2483 11. 89.
2484 11. 89.
2485 11. 89.
2486 11. 89.
2487 11. 89.
2488 11. 89.
2489 11. 89.
2490 11. 89.
2491 11. 89.
2492 11. 89.
2493 11. 89.
2494 11. 89.
2495 12. 88.
2496 12. 88.
2497 12. 88.
2498 12. 88.
2499 12. 88.
2500 12. 88.
2501 12. 88.
2502 12. 88.
2503 12. 88.
2504 12. 88.
2505 12. 88.
2506 12. 88.
2507 12. 88.
2508 12. 88.
2509 12. 88.
2510 12. 88.
2511 12. 88.
2512 12. 88.
2513 12. 88.
2514 11. 89.
2515 11. 89.
2516 11. 89.
2517 11. 89.
2518 11. 89.
2519 11. 89.
2520 11. 89.
2521 11. 89.
2522 11. 89.
2523 11. 89.
2524 11. 89.
2525 11. 89.
2526 11. 89.
2527 11. 89.
2528 11. 89.
2529 11. 89.
2530 11. 89.
2531 11. 89.
2532 11. 89.
2533 11. 89.
2534 11. 89.
2535 11. 89.
2536 11. 89.
2537 11. 89.
2538 11. 89.
2539 11. 89.
2540 11. 89.
2541 11. 89.
2542 11. 89.
2543 11. 89.
2544 11. 89.
2545 11. 89.
2546 11. 89.
2547 11. 89.
2548 11. 89.
2549 11. 89.
2550 11. 89.
2551 10. 90.
2552 10. 90.
2553 10. 90.
2554 10. 90.
2555 11. 89.
2556 11. 89.
2557 12. 88.
2558 12. 88.
2559 12. 88.
2560 12. 88.
2561 12. 88.
2562 12. 88.
2563 12. 88.
2564 12. 88.
2565 12. 88.
2566 12. 88.
2567 12. 88.
2568 12. 88.
2569 12. 88.
2570 12. 88.
2571 12. 88.
2572 12. 88.
2573 13. 87.
2574 13. 87.
2575 13. 87.
2576 13. 87.
2577 13. 87.
2578 13. 87.
2579 13. 87.
2580 13. 87.
2581 13. 87.
2582 12. 88.
2583 12. 88.
2584 12. 88.
2585 12. 88.
2586 13. 87.
2587 13. 87.
2588 13. 87.
2589 13. 87.
2590 13. 87.
2591 13. 87.
2592 13. 87.
2593 13. 87.
2594 13. 87.
2595 13. 87.
2596 13. 87.
2597 13. 87.
2598 13. 87.
2599 13. 87.
2600 13. 87.
2601 13. 87.
2602 13. 87.
2603 13. 87.
2604 13. 87.
2605 13. 87.
2606 13. 87.
2607 14. 86.
2608 14. 86.
2609 14. 86.
2610 14. 86.
2611 13. 87.
2612 13. 87.
2613 13. 87.
2614 13. 87.
2615 13. 87.
2616 13. 87.
2617 13. 87.
2618 13. 87.
2619 13. 87.
2620 13. 87.
2621 13. 87.
2622 13. 87.
2623 13. 87.
2624 13. 87.
2625 13. 87.
2626 13. 87.
2627 13. 87.
2628 13. 87.
2629 13. 87.
2630 13. 87.
2631 13. 87.
2632 13. 87.
2633 13. 87.
2634 13. 87.
2635 13. 87.
2636 13. 87.
2637 13. 87.
2638 13. 87.
2639 13. 87.
2640 13. 87.
2641 13. 87.
2642 13. 87.
2643 13. 87.
2644 13. 87.
2645 13. 87.
2646 13. 87.
2647 13. 87.
2648 13. 87.
2649 13. 87.
2650 13. 87.
2651 13. 87.
2652 13. 87.
2653 13. 87.
2654 13. 87.
2655 13. 87.
2656 13. 87.
2657 14. 86.
2658 14. 86.
2659 14. 86.
2660 14. 86.
2661 14. 86.
2662 14. 86.
2663 14. 86.
2664 14. 86.
2665 15. 85.
2666 14. 86.
2667 14. 86.
2668 14. 86.
2669 14. 86.
2670 13. 87.
2671 13. 87.
2672 13. 87.
2673 13. 87.
2674 14. 86.
2675 14. 86.
2676 14. 86.
2677 14. 86.
2678 14. 86.
2679 14. 86.
2680 14. 86.
2681 14. 86.
2682 14. 86.
2683 15. 85.
2684 15. 85.
2685 15. 85.
2686 15. 85.
2687 15. 85.
2688 15. 85.
2689 15. 85.
2690 15. 85.
2691 15. 85.
2692 15. 85.
2693 15. 85.
2694 15. 85.
2695 15. 85.
2696 15. 85.
2697 15. 85.
2698 15. 85.
2699 14. 86.
2700 14. 86.
2701 14. 86.
2702 14. 86.
2703 14. 86.
2704 14. 86.
2705 14. 86.
2706 14. 86.
2707 14. 86.
2708 14. 86.
2709 14. 86.
2710 14. 86.
2711 14. 86.
2712 15. 85.
2713 16. 84.
2714 17. 83.
2715 17. 83.
2716 17. 83.
2717 17. 83.
2718 17. 83.
2719 17. 83.
2720 17. 83.
2721 17. 83.
2722 16. 84.
2723 16. 84.
2724 16. 84.
2725 16. 84.
2726 16. 84.
2727 16. 84.
2728 16. 84.
2729 16. 84.
2730 16. 84.
2731 16. 84.
2732 15. 85.
2733 15. 85.
2734 15. 85.
2735 15. 85.
2736 14. 86.
2737 14. 86.
2738 14. 86.
2739 13. 87.
2740 13. 87.
2741 13. 87.
2742 12. 88.
2743 12. 88.
2744 12. 88.
2745 12. 88.
2746 12. 88.
2747 12. 88.
2748 12. 88.
2749 12. 88.
2750 13. 87.
2751 13. 87.
2752 13. 87.
2753 13. 87.
2754 13. 87.
2755 13. 87.
2756 13. 87.
2757 13. 87.
2758 13. 87.
2759 13. 87.
2760 13. 87.
2761 13. 87.
2762 13. 87.
2763 13. 87.
2764 13. 87.
2765 13. 87.
2766 13. 87.
2767 13. 87.
2768 13. 87.
2769 13. 87.
2770 13. 87.
2771 12. 88.
2772 12. 88.
2773 12. 88.
2774 12. 88.
2775 12. 88.
2776 12. 88.
2777 12. 88.
2778 12. 88.
2779 11. 89.
2780 11. 89.
2781 11. 89.
2782 11. 89.
2783 11. 89.
2784 11. 89.
2785 11. 89.
2786 11. 89.
2787 12. 88.
2788 13. 87.
2789 13. 87.
2790 13. 87.
2791 13. 87.
2792 13. 87.
2793 13. 87.
2794 13. 87.
2795 13. 87.
2796 13. 87.
2797 13. 87.
2798 13. 87.
2799 13. 87.
2800 13. 87.
2801 14. 86.
2802 14. 86.
2803 14. 86.
2804 14. 86.
2805 14. 86.
2806 14. 86.
2807 14. 86.
2808 14. 86.
2809 14. 86.
2810 14. 86.
2811 14. 86.
2812 14. 86.
2813 14. 86.
2814 14. 86.
2815 14. 86.
2816 14. 86.
2817 14. 86.
2818 14. 86.
2819 14. 86.
2820 14. 86.
2821 14. 86.
2822 14. 86.
2823 14. 86.
2824 14. 86.
2825 14. 86.
2826 14. 86.
2827 14. 86.
2828 14. 86.
2829 13. 87.
2830 12. 88.
2831 11. 89.
2832 11. 89.
2833 11. 89.
2834 11. 89.
2835 11. 89.
2836 11. 89.
2837 11. 89.
2838 11. 89.
2839 11. 89.
2840 11. 89.
2841 11. 89.
2842 11. 89.
2843 10. 90.
2844 10. 90.
2845 10. 90.
2846 10. 90.
2847 10. 90.
2848 10. 90.
2849 10. 90.
2850 10. 90.
2851 10. 90.
2852 10. 90.
2853 10. 90.
2854 9. 91.
2855 9. 91.
2856 9. 91.
2857 9. 91.
2858 9. 91.
2859 9. 91.
2860 9. 91.
2861 9. 91.
2862 9. 91.
2863 9. 91.
2864 9. 91.
2865 9. 91.
2866 9. 91.
2867 9. 91.
2868 10. 90.
2869 10. 90.
2870 10. 90.
2871 10. 90.
2872 10. 90.
2873 10. 90.
2874 10. 90.
2875 10. 90.
2876 10. 90.
2877 10. 90.
2878 10. 90.
2879 9. 91.
2880 9. 91.
2881 9. 91.
2882 9. 91.
2883 9. 91.
2884 9. 91.
2885 10. 90.
2886 10. 90.
2887 10. 90.
2888 10. 90.
2889 10. 90.
2890 10. 90.
2891 10. 90.
2892 10. 90.
2893 10. 90.
2894 10. 90.
2895 10. 90.
2896 11. 89.
2897 11. 89.
2898 11. 89.
2899 11. 89.
2900 11. 89.
2901 11. 89.
2902 11. 89.
2903 11. 89.
2904 11. 89.
2905 11. 89.
2906 11. 89.
2907 11. 89.
2908 10. 90.
2909 10. 90.
2910 10. 90.
2911 10. 90.
2912 11. 89.
2913 11. 89.
2914 11. 89.
2915 11. 89.
2916 11. 89.
2917 11. 89.
2918 11. 89.
2919 12. 88.
2920 12. 88.
2921 12. 88.
2922 12. 88.
2923 12. 88.
2924 13. 87.
2925 13. 87.
2926 13. 87.
2927 13. 87.
2928 13. 87.
2929 13. 87.
2930 13. 87.
2931 14. 86.
2932 14. 86.
2933 14. 86.
2934 14. 86.
2935 14. 86.
2936 14. 86.
2937 14. 86.
2938 14. 86.
2939 14. 86.
2940 14. 86.
2941 15. 85.
2942 15. 85.
2943 15. 85.
2944 15. 85.
2945 15. 85.
2946 15. 85.
2947 16. 84.
2948 16. 84.
2949 16. 84.
2950 16. 84.
2951 16. 84.
2952 16. 84.
2953 16. 84.
2954 16. 84.
2955 16. 84.
2956 16. 84.
2957 16. 84.
2958 16. 84.
2959 16. 84.
2960 16. 84.
2961 16. 84.
2962 16. 84.
2963 16. 84.
2964 16. 84.
2965 16. 84.
2966 16. 84.
2967 16. 84.
2968 16. 84.
2969 16. 84.
2970 16. 84.
2971 15. 85.
2972 15. 85.
2973 15. 85.
2974 15. 85.
2975 15. 85.
2976 15. 85.
2977 15. 85.
2978 15. 85.
2979 14. 86.
2980 14. 86.
2981 14. 86.
2982 13. 87.
2983 12. 88.
2984 12. 88.
2985 12. 88.
2986 12. 88.
2987 12. 88.
2988 12. 88.
2989 11. 89.
2990 11. 89.
2991 11. 89.
2992 11. 89.
2993 11. 89.
2994 12. 88.
2995 12. 88.
2996 12. 88.
2997 12. 88.
2998 11. 89.
2999 11. 89.
3000 11. 89.
3001 11. 89.
3002 11. 89.
3003 11. 89.
3004 11. 89.
3005 11. 89.
3006 10. 90.
3007 10. 90.
3008 10. 90.
3009 10. 90.
3010 10. 90.
3011 10. 90.
3012 10. 90.
3013 10. 90.
3014 10. 90.
3015 10. 90.
3016 10. 90.
3017 10. 90.
3018 10. 90.
3019 10. 90.
3020 9. 91.
3021 9. 91.
3022 9. 91.
3023 9. 91.
3024 9. 91.
3025 10. 90.
3026 10. 90.
3027 10. 90.
3028 10. 90.
3029 10. 90.
3030 10. 90.
3031 10. 90.
3032 10. 90.
3033 10. 90.
3034 9. 91.
3035 9. 91.
3036 10. 90.
3037 10. 90.
3038 10. 90.
3039 10. 90.
3040 10. 90.
3041 10. 90.
3042 10. 90.
3043 10. 90.
3044 10. 90.
3045 10. 90.
3046 10. 90.
3047 9. 91.
3048 9. 91.
3049 9. 91.
3050 9. 91.
3051 9. 91.
3052 9. 91.
3053 10. 90.
3054 10. 90.
3055 10. 90.
3056 10. 90.
3057 10. 90.
3058 10. 90.
3059 10. 90.
3060 9. 91.
3061 9. 91.
3062 9. 91.
3063 9. 91.
3064 9. 91.
3065 9. 91.
3066 9. 91.
3067 9. 91.
3068 9. 91.
3069 9. 91.
3070 9. 91.
3071 9. 91.
3072 9. 91.
3073 9. 91.
3074 9. 91.
3075 9. 91.
3076 9. 91.
3077 8. 92.
3078 8. 92.
3079 8. 92.
3080 8. 92.
3081 8. 92.
3082 9. 91.
3083 9. 91.
3084 9. 91.
3085 9. 91.
3086 9. 91.
3087 9. 91.
3088 9. 91.
3089 10. 90.
3090 10. 90.
3091 10. 90.
3092 11. 89.
3093 11. 89.
3094 11. 89.
3095 11. 89.
3096 11. 89.
3097 11. 89.
3098 11. 89.
3099 11. 89.
3100 11. 89.
3101 11. 89.
3102 11. 89.
3103 11. 89.
3104 11. 89.
3105 11. 89.
3106 11. 89.
3107 11. 89.
3108 11. 89.
3109 11. 89.
3110 11. 89.
3111 11. 89.
3112 11. 89.
3113 11. 89.
3114 11. 89.
3115 11. 89.
3116 11. 89.
3117 11. 89.
3118 11. 89.
3119 11. 89.
3120 11. 89.
3121 11. 89.
3122 11. 89.
3123 11. 89.
3124 11. 89.
3125 11. 89.
3126 11. 89.
3127 11. 89.
3128 11. 89.
3129 11. 89.
3130 11. 89.
3131 11. 89.
3132 11. 89.
3133 11. 89.
3134 11. 89.
3135 11. 89.
3136 11. 89.
3137 11. 89.
3138 11. 89.
3139 11. 89.
3140 11. 89.
3141 11. 89.
3142 11. 89.
3143 11. 89.
3144 11. 89.
3145 11. 89.
3146 11. 89.
3147 11. 89.
3148 11. 89.
3149 11. 89.
3150 11. 89.
3151 11. 89.
3152 11. 89.
3153 11. 89.
3154 11. 89.
3155 11. 89.
3156 11. 89.
3157 11. 89.
3158 11. 89.
3159 11. 89.
3160 11. 89.
3161 11. 89.
3162 11. 89.
3163 11. 89.
3164 11. 89.
3165 11. 89.
3166 11. 89.
3167 11. 89.
3168 11. 89.
3169 11. 89.
3170 12. 88.
3171 12. 88.
3172 12. 88.
3173 13. 87.
3174 13. 87.
3175 13. 87.
3176 13. 87.
3177 13. 87.
3178 13. 87.
3179 13. 87.
3180 13. 87.
3181 13. 87.
3182 13. 87.
3183 13. 87.
3184 13. 87.
3185 13. 87.
3186 13. 87.
3187 13. 87.
3188 13. 87.
3189 13. 87.
3190 13. 87.
3191 13. 87.
3192 13. 87.
3193 13. 87.
3194 13. 87.
3195 13. 87.
3196 13. 87.
3197 13. 87.
3198 13. 87.
3199 13. 87.
3200 13. 87.
3201 13. 87.
3202 14. 86.
3203 14. 86.
3204 14. 86.
3205 14. 86.
3206 14. 86.
3207 14. 86.
3208 15. 85.
3209 15. 85.
3210 15. 85.
3211 15. 85.
3212 15. 85.
3213 15. 85.
3214 15. 85.
3215 15. 85.
3216 15. 85.
3217 15. 85.
3218 15. 85.
3219 16. 84.
3220 16. 84.
3221 16. 84.
3222 16. 84.
3223 16. 84.
3224 16. 84.
3225 16. 84.
3226 16. 84.
3227 16. 84.
3228 16. 84.
3229 16. 84.
3230 16. 84.
3231 16. 84.
3232 16. 84.
3233 16. 84.
3234 16. 84.
3235 16. 84.
3236 16. 84.
3237 16. 84.
3238 16. 84.
3239 16. 84.
3240 16. 84.
3241 16. 84.
3242 16. 84.
3243 16. 84.
3244 16. 84.
3245 16. 84.
3246 16. 84.
3247 16. 84.
3248 16. 84.
3249 16. 84.
3250 16. 84.
3251 16. 84.
3252 16. 84.
3253 16. 84.
3254 16. 84.
3255 16. 84.
3256 16. 84.
3257 16. 84.
3258 15. 85.
3259 15. 85.
3260 15. 85.
3261 15. 85.
3262 15. 85.
3263 15. 85.
3264 15. 85.
3265 15. 85.
3266 15. 85.
3267 15. 85.
3268 15. 85.
3269 15. 85.
3270 15. 85.
3271 15. 85.
3272 15. 85.
3273 16. 84.
3274 16. 84.
3275 16. 84.
3276 16. 84.
3277 16. 84.
3278 16. 84.
3279 16. 84.
3280 16. 84.
3281 16. 84.
3282 16. 84.
3283 16. 84.
3284 16. 84.
3285 16. 84.
3286 16. 84.
3287 16. 84.
3288 16. 84.
3289 16. 84.
3290 16. 84.
3291 16. 84.
3292 16. 84.
3293 16. 84.
3294 16. 84.
3295 16. 84.
3296 16. 84.
3297 16. 84.
3298 16. 84.
3299 16. 84.
3300 16. 84.
3301 16. 84.
3302 16. 84.
3303 16. 84.
3304 16. 84.
3305 16. 84.
3306 16. 84.
3307 16. 84.
3308 16. 84.
3309 16. 84.
3310 16. 84.
3311 17. 83.
3312 17. 83.
3313 17. 83.
3314 17. 83.
3315 17. 83.
3316 17. 83.
3317 17. 83.
3318 17. 83.
3319 17. 83.
3320 17. 83.
3321 17. 83.
3322 17. 83.
3323 17. 83.
3324 17. 83.
3325 17. 83.
3326 17. 83.
3327 17. 83.
3328 17. 83.
3329 17. 83.
3330 17. 83.
3331 17. 83.
3332 17. 83.
3333 17. 83.
3334 17. 83.
3335 17. 83.
3336 17. 83.
3337 17. 83.
3338 17. 83.
3339 17. 83.
3340 18. 82.
3341 19. 81.
3342 19. 81.
3343 19. 81.
3344 19. 81.
3345 19. 81.
3346 18. 82.
3347 18. 82.
3348 18. 82.
3349 18. 82.
3350 18. 82.
3351 18. 82.
3352 18. 82.
3353 19. 81.
3354 19. 81.
3355 19. 81.
3356 19. 81.
3357 19. 81.
3358 19. 81.
3359 19. 81.
3360 19. 81.
3361 19. 81.
3362 19. 81.
3363 19. 81.
3364 19. 81.
3365 19. 81.
3366 19. 81.
3367 20. 80.
3368 20. 80.
3369 20. 80.
3370 20. 80.
3371 20. 80.
3372 20. 80.
3373 21. 79.
3374 21. 79.
3375 20. 80.
3376 20. 80.
3377 20. 80.
3378 20. 80.
3379 20. 80.
3380 20. 80.
3381 20. 80.
3382 20. 80.
3383 20. 80.
3384 20. 80.
3385 21. 79.
3386 21. 79.
3387 21. 79.
3388 21. 79.
3389 21. 79.
3390 21. 79.
3391 20. 80.
3392 20. 80.
3393 20. 80.
3394 20. 80.
3395 20. 80.
3396 21. 79.
3397 21. 79.
3398 20. 80.
3399 20. 80.
3400 19. 81.
3401 19. 81.
3402 18. 82.
3403 18. 82.
3404 18. 82.
3405 18. 82.
3406 19. 81.
3407 19. 81.
3408 19. 81.
3409 19. 81.
3410 19. 81.
3411 19. 81.
3412 19. 81.
3413 19. 81.
3414 19. 81.
3415 19. 81.
3416 19. 81.
3417 19. 81.
3418 19. 81.
3419 19. 81.
3420 19. 81.
3421 19. 81.
3422 19. 81.
3423 19. 81.
3424 19. 81.
3425 18. 82.
3426 18. 82.
3427 18. 82.
3428 18. 82.
3429 18. 82.
3430 18. 82.
3431 18. 82.
3432 18. 82.
3433 18. 82.
3434 17. 83.
3435 17. 83.
3436 17. 83.
3437 17. 83.
3438 17. 83.
3439 17. 83.
3440 17. 83.
3441 17. 83.
3442 17. 83.
3443 16. 84.
3444 15. 85.
3445 15. 85.
3446 14. 86.
3447 14. 86.
3448 14. 86.
3449 14. 86.
3450 14. 86.
3451 14. 86.
3452 14. 86.
3453 14. 86.
3454 14. 86.
3455 14. 86.
3456 14. 86.
3457 14. 86.
3458 14. 86.
3459 14. 86.
3460 14. 86.
3461 13. 87.
3462 13. 87.
3463 13. 87.
3464 13. 87.
3465 13. 87.
3466 13. 87.
3467 13. 87.
3468 13. 87.
3469 13. 87.
3470 14. 86.
3471 14. 86.
3472 14. 86.
3473 14. 86.
3474 14. 86.
3475 14. 86.
3476 14. 86.
3477 14. 86.
3478 14. 86.
3479 14. 86.
3480 14. 86.
3481 14. 86.
3482 14. 86.
3483 14. 86.
3484 14. 86.
3485 14. 86.
3486 14. 86.
3487 14. 86.
3488 14. 86.
3489 14. 86.
3490 14. 86.
3491 14. 86.
3492 14. 86.
3493 14. 86.
3494 14. 86.
3495 14. 86.
3496 14. 86.
3497 14. 86.
3498 14. 86.
3499 14. 86.
3500 14. 86.
3501 14. 86.
3502 14. 86.
3503 14. 86.
3504 14. 86.
3505 14. 86.
3506 14. 86.
3507 14. 86.
3508 15. 85.
3509 15. 85.
3510 15. 85.
3511 15. 85.
3512 15. 85.
3513 15. 85.
3514 15. 85.
3515 15. 85.
3516 14. 86.
3517 14. 86.
3518 14. 86.
3519 14. 86.
3520 14. 86.
3521 14. 86.
3522 14. 86.
3523 14. 86.
3524 14. 86.
3525 14. 86.
3526 13. 87.
3527 13. 87.
3528 13. 87.
3529 13. 87.
3530 13. 87.
3531 13. 87.
3532 13. 87.
3533 13. 87.
3534 13. 87.
3535 13. 87.
3536 13. 87.
3537 13. 87.
3538 13. 87.
3539 13. 87.
3540 13. 87.
3541 12. 88.
3542 11. 89.
3543 11. 89.
3544 11. 89.
3545 11. 89.
3546 11. 89.
3547 11. 89.
3548 11. 89.
3549 11. 89.
3550 11. 89.
3551 11. 89.
3552 11. 89.
3553 11. 89.
3554 11. 89.
3555 12. 88.
3556 12. 88.
3557 12. 88.
3558 12. 88.
3559 12. 88.
3560 12. 88.
3561 12. 88.
3562 12. 88.
3563 11. 89.
3564 11. 89.
3565 10. 90.
3566 10. 90.
3567 10. 90.
3568 10. 90.
3569 11. 89.
3570 11. 89.
3571 11. 89.
3572 11. 89.
3573 11. 89.
3574 11. 89.
3575 11. 89.
3576 11. 89.
3577 11. 89.
3578 11. 89.
3579 11. 89.
3580 11. 89.
3581 11. 89.
3582 11. 89.
3583 11. 89.
3584 11. 89.
3585 11. 89.
3586 11. 89.
3587 11. 89.
3588 11. 89.
3589 11. 89.
3590 10. 90.
3591 10. 90.
3592 9. 91.
3593 9. 91.
3594 9. 91.
3595 9. 91.
3596 9. 91.
3597 8. 92.
3598 8. 92.
3599 8. 92.
3600 8. 92.
3601 8. 92.
3602 8. 92.
3603 8. 92.
3604 8. 92.
3605 8. 92.
3606 8. 92.
3607 8. 92.
3608 9. 91.
3609 9. 91.
3610 9. 91.
3611 9. 91.
3612 9. 91.
3613 9. 91.
3614 9. 91.
3615 9. 91.
3616 9. 91.
3617 9. 91.
3618 8. 92.
3619 8. 92.
3620 8. 92.
3621 9. 91.
3622 9. 91.
3623 9. 91.
3624 9. 91.
3625 9. 91.
3626 9. 91.
3627 9. 91.
3628 8. 92.
3629 8. 92.
3630 9. 91.
3631 8. 92.
3632 8. 92.
3633 8. 92.
3634 8. 92.
3635 8. 92.
3636 8. 92.
3637 8. 92.
3638 8. 92.
3639 8. 92.
3640 8. 92.
3641 8. 92.
3642 8. 92.
3643 8. 92.
3644 8. 92.
3645 7. 93.
3646 7. 93.
3647 7. 93.
3648 7. 93.
3649 7. 93.
3650 6. 94.
3651 6. 94.
3652 6. 94.
3653 6. 94.
3654 6. 94.
3655 6. 94.
3656 6. 94.
3657 6. 94.
3658 6. 94.
3659 6. 94.
3660 6. 94.
3661 6. 94.
3662 6. 94.
3663 5. 95.
3664 5. 95.
3665 5. 95.
3666 6. 94.
3667 6. 94.
3668 6. 94.
3669 6. 94.
3670 6. 94.
3671 6. 94.
3672 6. 94.
3673 6. 94.
3674 6. 94.
3675 6. 94.
3676 6. 94.
3677 6. 94.
3678 6. 94.
3679 6. 94.
3680 6. 94.
3681 6. 94.
3682 6. 94.
3683 6. 94.
3684 6. 94.
3685 6. 94.
3686 6. 94.
3687 6. 94.
3688 6. 94.
3689 6. 94.
3690 6. 94.
3691 6. 94.
3692 6. 94.
3693 6. 94.
3694 6. 94.
3695 6. 94.
3696 6. 94.
3697 6. 94.
3698 6. 94.
3699 6. 94.
3700 6. 94.
3701 6. 94.
3702 6. 94.
3703 6. 94.
3704 6. 94.
3705 6. 94.
3706 6. 94.
3707 6. 94.
3708 6. 94.
3709 6. 94.
3710 6. 94.
3711 6. 94.
3712 6. 94.
3713 6. 94.
3714 6. 94.
3715 5. 95.
3716 5. 95.
3717 5. 95.
3718 5. 95.
3719 5. 95.
3720 5. 95.
3721 5. 95.
3722 5. 95.
3723 5. 95.
3724 5. 95.
3725 5. 95.
3726 5. 95.
3727 5. 95.
3728 5. 95.
3729 5. 95.
3730 5. 95.
3731 5. 95.
3732 5. 95.
3733 6. 94.
3734 6. 94.
3735 6. 94.
3736 7. 93.
3737 7. 93.
3738 7. 93.
3739 7. 93.
3740 7. 93.
3741 7. 93.
3742 7. 93.
3743 7. 93.
3744 7. 93.
3745 7. 93.
3746 7. 93.
3747 7. 93.
3748 7. 93.
3749 7. 93.
3750 7. 93.
3751 7. 93.
3752 7. 93.
3753 7. 93.
3754 7. 93.
3755 7. 93.
3756 7. 93.
3757 7. 93.
3758 7. 93.
3759 7. 93.
3760 7. 93.
3761 6. 94.
3762 6. 94.
3763 6. 94.
3764 6. 94.
3765 6. 94.
3766 6. 94.
3767 6. 94.
3768 6. 94.
3769 7. 93.
3770 7. 93.
3771 7. 93.
3772 7. 93.
3773 7. 93.
3774 7. 93.
3775 7. 93.
3776 7. 93.
3777 6. 94.
3778 6. 94.
3779 6. 94.
3780 6. 94.
3781 6. 94.
3782 5. 95.
3783 6. 94.
3784 6. 94.
3785 6. 94.
3786 6. 94.
3787 6. 94.
3788 6. 94.
3789 6. 94.
3790 6. 94.
3791 6. 94.
3792 6. 94.
3793 6. 94.
3794 6. 94.
3795 5. 95.
3796 5. 95.
3797 5. 95.
3798 5. 95.
3799 5. 95.
3800 5. 95.
3801 5. 95.
3802 5. 95.
3803 5. 95.
3804 5. 95.
3805 5. 95.
3806 5. 95.
3807 5. 95.
3808 5. 95.
3809 5. 95.
3810 5. 95.
3811 4. 96.
3812 4. 96.
3813 4. 96.
3814 4. 96.
3815 4. 96.
3816 4. 96.
3817 4. 96.
3818 4. 96.
3819 4. 96.
3820 4. 96.
3821 4. 96.
3822 4. 96.
3823 4. 96.
3824 4. 96.
3825 4. 96.
3826 4. 96.
3827 4. 96.
3828 4. 96.
3829 4. 96.
3830 4. 96.
3831 4. 96.
3832 3. 97.
3833 3. 97.
3834 3. 97.
3835 3. 97.
3836 3. 97.
3837 3. 97.
3838 3. 97.
3839 3. 97.
3840 3. 97.
3841 3. 97.
3842 3. 97.
3843 3. 97.
3844 3. 97.
3845 3. 97.
3846 3. 97.
3847 3. 97.
3848 3. 97.
3849 3. 97.
3850 3. 97.
3851 3. 97.
3852 3. 97.
3853 3. 97.
3854 3. 97.
3855 3. 97.
3856 3. 97.
3857 3. 97.
3858 3. 97.
3859 3. 97.
3860 3. 97.
3861 3. 97.
3862 3. 97.
3863 3. 97.
3864 3. 97.
3865 3. 97.
3866 3. 97.
3867 3. 97.
3868 3. 97.
3869 3. 97.
3870 3. 97.
3871 3. 97.
3872 3. 97.
3873 3. 97.
3874 3. 97.
3875 3. 97.
3876 3. 97.
3877 3. 97.
3878 3. 97.
3879 3. 97.
3880 3. 97.
3881 3. 97.
3882 3. 97.
3883 3. 97.
3884 3. 97.
3885 3. 97.
3886 3. 97.
3887 3. 97.
3888 3. 97.
3889 3. 97.
3890 3. 97.
3891 3. 97.
3892 3. 97.
3893 3. 97.
3894 3. 97.
3895 3. 97.
3896 4. 96.
3897 4. 96.
3898 4. 96.
3899 4. 96.
3900 4. 96.
3901 4. 96.
3902 4. 96.
3903 4. 96.
3904 4. 96.
3905 4. 96.
3906 4. 96.
3907 4. 96.
3908 4. 96.
3909 4. 96.
3910 4. 96.
3911 4. 96.
3912 4. 96.
3913 4. 96.
3914 4. 96.
3915 4. 96.
3916 4. 96.
3917 5. 95.
3918 5. 95.
3919 5. 95.
3920 5. 95.
3921 5. 95.
3922 5. 95.
3923 5. 95.
3924 5. 95.
3925 5. 95.
3926 5. 95.
3927 5. 95.
3928 5. 95.
3929 5. 95.
3930 5. 95.
3931 5. 95.
3932 5. 95.
3933 5. 95.
3934 5. 95.
3935 5. 95.
3936 6. 94.
3937 6. 94.
3938 6. 94.
3939 6. 94.
3940 6. 94.
3941 5. 95.
3942 5. 95.
3943 5. 95.
3944 5. 95.
3945 5. 95.
3946 5. 95.
3947 5. 95.
3948 5. 95.
3949 5. 95.
3950 5. 95.
3951 5. 95.
3952 5. 95.
3953 5. 95.
3954 5. 95.
3955 5. 95.
3956 5. 95.
3957 5. 95.
3958 5. 95.
3959 5. 95.
3960 5. 95.
3961 5. 95.
3962 5. 95.
3963 5. 95.
3964 5. 95.
3965 5. 95.
3966 5. 95.
3967 5. 95.
3968 5. 95.
3969 5. 95.
3970 5. 95.
3971 5. 95.
3972 5. 95.
3973 5. 95.
3974 5. 95.
3975 5. 95.
3976 5. 95.
3977 5. 95.
3978 5. 95.
3979 5. 95.
3980 6. 94.
3981 6. 94.
3982 6. 94.
3983 6. 94.
3984 6. 94.
3985 5. 95.
3986 5. 95.
3987 5. 95.
3988 6. 94.
3989 6. 94.
3990 6. 94.
3991 6. 94.
3992 6. 94.
3993 6. 94.
3994 6. 94.
3995 6. 94.
3996 6. 94.
3997 6. 94.
3998 6. 94.
3999 6. 94.
4000 6. 94.
4001 6. 94.
4002 6. 94.
4003 7. 93.
4004 7. 93.
4005 7. 93.
4006 7. 93.
4007 7. 93.
4008 7. 93.
4009 7. 93.
4010 7. 93.
4011 7. 93.
4012 7. 93.
4013 7. 93.
4014 7. 93.
4015 7. 93.
4016 7. 93.
4017 7. 93.
4018 7. 93.
4019 7. 93.
4020 7. 93.
4021 7. 93.
4022 7. 93.
4023 7. 93.
4024 7. 93.
4025 7. 93.
4026 7. 93.
4027 7. 93.
4028 7. 93.
4029 7. 93.
4030 8. 92.
4031 8. 92.
4032 8. 92.
4033 9. 91.
4034 9. 91.
4035 9. 91.
4036 9. 91.
4037 9. 91.
4038 9. 91.
4039 9. 91.
4040 9. 91.
4041 9. 91.
4042 9. 91.
4043 9. 91.
4044 9. 91.
4045 9. 91.
4046 9. 91.
4047 9. 91.
4048 9. 91.
4049 9. 91.
4050 9. 91.
4051 9. 91.
4052 9. 91.
4053 9. 91.
4054 9. 91.
4055 9. 91.
4056 9. 91.
4057 9. 91.
4058 9. 91.
4059 9. 91.
4060 9. 91.
4061 9. 91.
4062 9. 91.
4063 9. 91.
4064 9. 91.
4065 9. 91.
4066 9. 91.
4067 9. 91.
4068 8. 92.
4069 8. 92.
4070 7. 93.
4071 7. 93.
4072 6. 94.
4073 6. 94.
4074 6. 94.
4075 6. 94.
4076 6. 94.
4077 6. 94.
4078 6. 94.
4079 6. 94.
4080 6. 94.
4081 6. 94.
4082 6. 94.
4083 6. 94.
4084 6. 94.
4085 6. 94.
4086 5. 95.
4087 5. 95.
4088 5. 95.
4089 5. 95.
4090 5. 95.
4091 5. 95.
4092 5. 95.
4093 5. 95.
4094 5. 95.
4095 5. 95.
4096 5. 95.
4097 4. 96.
4098 4. 96.
4099 4. 96.
4100 4. 96.
4101 4. 96.
4102 4. 96.
4103 4. 96.
4104 4. 96.
4105 3. 97.
4106 3. 97.
4107 4. 96.
4108 4. 96.
4109 4. 96.
4110 5. 95.
4111 5. 95.
4112 5. 95.
4113 5. 95.
4114 5. 95.
4115 5. 95.
4116 5. 95.
4117 5. 95.
4118 5. 95.
4119 5. 95.
4120 5. 95.
4121 5. 95.
4122 5. 95.
4123 6. 94.
4124 6. 94.
4125 6. 94.
4126 6. 94.
4127 6. 94.
4128 6. 94.
4129 6. 94.
4130 6. 94.
4131 6. 94.
4132 6. 94.
4133 6. 94.
4134 6. 94.
4135 6. 94.
4136 6. 94.
4137 6. 94.
4138 6. 94.
4139 6. 94.
4140 6. 94.
4141 6. 94.
4142 6. 94.
4143 6. 94.
4144 6. 94.
4145 6. 94.
4146 6. 94.
4147 6. 94.
4148 6. 94.
4149 6. 94.
4150 6. 94.
4151 6. 94.
4152 6. 94.
4153 6. 94.
4154 6. 94.
4155 6. 94.
4156 6. 94.
4157 6. 94.
4158 6. 94.
4159 6. 94.
4160 6. 94.
4161 6. 94.
4162 6. 94.
4163 6. 94.
4164 6. 94.
4165 5. 95.
4166 5. 95.
4167 5. 95.
4168 5. 95.
4169 5. 95.
4170 5. 95.
4171 5. 95.
4172 5. 95.
4173 5. 95.
4174 5. 95.
4175 5. 95.
4176 5. 95.
4177 5. 95.
4178 5. 95.
4179 5. 95.
4180 5. 95.
4181 5. 95.
4182 5. 95.
4183 5. 95.
4184 5. 95.
4185 4. 96.
4186 4. 96.
4187 4. 96.
4188 4. 96.
4189 4. 96.
4190 4. 96.
4191 4. 96.
4192 4. 96.
4193 4. 96.
4194 4. 96.
4195 4. 96.
4196 4. 96.
4197 4. 96.
4198 4. 96.
4199 4. 96.
4200 4. 96.
4201 4. 96.
4202 4. 96.
4203 4. 96.
4204 4. 96.
4205 4. 96.
4206 4. 96.
4207 4. 96.
4208 4. 96.
4209 4. 96.
4210 4. 96.
4211 4. 96.
4212 4. 96.
4213 4. 96.
4214 3. 97.
4215 3. 97.
4216 3. 97.
4217 3. 97.
4218 3. 97.
4219 4. 96.
4220 4. 96.
4221 4. 96.
4222 4. 96.
4223 4. 96.
4224 4. 96.
4225 4. 96.
4226 4. 96.
4227 4. 96.
4228 4. 96.
4229 4. 96.
4230 4. 96.
4231 4. 96.
4232 3. 97.
4233 3. 97.
4234 3. 97.
4235 3. 97.
4236 3. 97.
4237 3. 97.
4238 3. 97.
4239 3. 97.
4240 3. 97.
4241 3. 97.
4242 3. 97.
4243 3. 97.
4244 3. 97.
4245 3. 97.
4246 3. 97.
4247 3. 97.
4248 3. 97.
4249 3. 97.
4250 3. 97.
4251 2. 98.
4252 2. 98.
4253 2. 98.
4254 2. 98.
4255 2. 98.
4256 2. 98.
4257 2. 98.
4258 2. 98.
4259 2. 98.
4260 2. 98.
4261 2. 98.
4262 2. 98.
4263 2. 98.
4264 2. 98.
4265 2. 98.
4266 2. 98.
4267 2. 98.
4268 2. 98.
4269 2. 98.
4270 2. 98.
4271 2. 98.
4272 2. 98.
4273 2. 98.
4274 2. 98.
4275 2. 98.
4276 2. 98.
4277 2. 98.
4278 2. 98.
4279 2. 98.
4280 2. 98.
4281 2. 98.
4282 2. 98.
4283 2. 98.
4284 2. 98.
4285 2. 98.
4286 2. 98.
4287 2. 98.
4288 2. 98.
4289 2. 98.
4290 2. 98.
4291 2. 98.
4292 2. 98.
4293 2. 98.
4294 2. 98.
4295 2. 98.
4296 2. 98.
4297 2. 98.
4298 2. 98.
4299 2. 98.
4300 2. 98.
4301 2. 98.
4302 2. 98.
4303 2. 98.
4304 2. 98.
4305 2. 98.
4306 2. 98.
4307 2. 98.
4308 2. 98.
4309 2. 98.
4310 2. 98.
4311 2. 98.
4312 2. 98.
4313 2. 98.
4314 2. 98.
4315 2. 98.
4316 2. 98.
4317 2. 98.
4318 2. 98.
4319 2. 98.
4320 2. 98.
4321 2. 98.
4322 2. 98.
4323 2. 98.
4324 2. 98.
4325 2. 98.
4326 2. 98.
4327 2. 98.
4328 2. 98.
4329 2. 98.
4330 2. 98.
4331 2. 98.
4332 2. 98.
4333 2. 98.
4334 2. 98.
4335 2. 98.
4336 2. 98.
4337 2. 98.
4338 2. 98.
4339 2. 98.
4340 2. 98.
4341 2. 98.
4342 2. 98.
4343 2. 98.
4344 2. 98.
4345 2. 98.
4346 2. 98.
4347 2. 98.
4348 3. 97.
4349 4. 96.
4350 4. 96.
4351 4. 96.
4352 4. 96.
4353 4. 96.
4354 4. 96.
4355 4. 96.
4356 4. 96.
4357 4. 96.
4358 4. 96.
4359 4. 96.
4360 4. 96.
4361 4. 96.
4362 4. 96.
4363 4. 96.
4364 4. 96.
4365 4. 96.
4366 4. 96.
4367 4. 96.
4368 4. 96.
4369 4. 96.
4370 4. 96.
4371 4. 96.
4372 4. 96.
4373 4. 96.
4374 4. 96.
4375 4. 96.
4376 4. 96.
4377 4. 96.
4378 4. 96.
4379 4. 96.
4380 4. 96.
4381 4. 96.
4382 4. 96.
4383 4. 96.
4384 4. 96.
4385 4. 96.
4386 4. 96.
4387 4. 96.
4388 4. 96.
4389 4. 96.
4390 3. 97.
4391 3. 97.
4392 3. 97.
4393 3. 97.
4394 3. 97.
4395 3. 97.
4396 3. 97.
4397 3. 97.
4398 3. 97.
4399 3. 97.
4400 3. 97.
4401 3. 97.
4402 3. 97.
4403 3. 97.
4404 3. 97.
4405 3. 97.
4406 3. 97.
4407 3. 97.
4408 3. 97.
4409 3. 97.
4410 3. 97.
4411 3. 97.
4412 3. 97.
4413 3. 97.
4414 3. 97.
4415 3. 97.
4416 3. 97.
4417 3. 97.
4418 3. 97.
4419 3. 97.
4420 3. 97.
4421 2. 98.
4422 2. 98.
4423 2. 98.
4424 2. 98.
4425 2. 98.
4426 2. 98.
4427 2. 98.
4428 2. 98.
4429 2. 98.
4430 2. 98.
4431 2. 98.
4432 2. 98.
4433 2. 98.
4434 2. 98.
4435 2. 98.
4436 2. 98.
4437 2. 98.
4438 2. 98.
4439 2. 98.
4440 2. 98.
4441 2. 98.
4442 2. 98.
4443 2. 98.
4444 2. 98.
4445 2. 98.
4446 2. 98.
4447 2. 98.
4448 2. 98.
4449 2. 98.
4450 2. 98.
4451 2. 98.
4452 2. 98.
4453 2. 98.
4454 2. 98.
4455 3. 97.
4456 3. 97.
4457 3. 97.
4458 3. 97.
4459 3. 97.
4460 3. 97.
4461 3. 97.
4462 3. 97.
4463 3. 97.
4464 3. 97.
4465 3. 97.
4466 3. 97.
4467 2. 98.
4468 2. 98.
4469 2. 98.
4470 2. 98.
4471 2. 98.
4472 2. 98.
4473 2. 98.
4474 2. 98.
4475 2. 98.
4476 2. 98.
4477 2. 98.
4478 2. 98.
4479 2. 98.
4480 2. 98.
4481 2. 98.
4482 2. 98.
4483 2. 98.
4484 2. 98.
4485 2. 98.
4486 2. 98.
4487 2. 98.
4488 2. 98.
4489 2. 98.
4490 2. 98.
4491 2. 98.
4492 2. 98.
4493 3. 97.
4494 3. 97.
4495 3. 97.
4496 4. 96.
4497 4. 96.
4498 4. 96.
4499 4. 96.
4500 4. 96.
4501 4. 96.
4502 4. 96.
4503 4. 96.
4504 4. 96.
4505 4. 96.
4506 4. 96.
4507 4. 96.
4508 4. 96.
4509 4. 96.
4510 3. 97.
4511 3. 97.
4512 3. 97.
4513 3. 97.
4514 3. 97.
4515 3. 97.
4516 3. 97.
4517 3. 97.
4518 3. 97.
4519 3. 97.
4520 3. 97.
4521 3. 97.
4522 3. 97.
4523 3. 97.
4524 3. 97.
4525 3. 97.
4526 3. 97.
4527 3. 97.
4528 3. 97.
4529 3. 97.
4530 3. 97.
4531 3. 97.
4532 3. 97.
4533 3. 97.
4534 3. 97.
4535 3. 97.
4536 3. 97.
4537 3. 97.
4538 2. 98.
4539 2. 98.
4540 2. 98.
4541 2. 98.
4542 2. 98.
4543 2. 98.
4544 2. 98.
4545 2. 98.
4546 2. 98.
4547 2. 98.
4548 2. 98.
4549 2. 98.
4550 2. 98.
4551 2. 98.
4552 2. 98.
4553 2. 98.
4554 2. 98.
4555 2. 98.
4556 2. 98.
4557 2. 98.
4558 2. 98.
4559 2. 98.
4560 1. 99.
4561 1. 99.
4562 1. 99.
4563 1. 99.
4564 1. 99.
4565 1. 99.
4566 1. 99.
4567 1. 99.
4568 1. 99.
4569 1. 99.
4570 1. 99.
4571 1. 99.
4572 1. 99.
4573 1. 99.
4574 1. 99.
4575 1. 99.
4576 1. 99.
4577 1. 99.
4578 1. 99.
4579 1. 99.
4580 1. 99.
4581 1. 99.
4582 1. 99.
4583 1. 99.
4584 1. 99.
4585 1. 99.
4586 1. 99.
4587 1. 99.
4588 1. 99.
4589 1. 99.
4590 1. 99.
4591 1. 99.
4592 1. 99.
4593 1. 99.
4594 1. 99.
4595 1. 99.
4596 1. 99.
4597 1. 99.
4598 1. 99.
4599 1. 99.
4600 1. 99.
4601 1. 99.
4602 1. 99.
4603 1. 99.
4604 1. 99.
4605 2. 98.
4606 2. 98.
4607 2. 98.
4608 2. 98.
4609 2. 98.
4610 2. 98.
4611 2. 98.
4612 2. 98.
4613 2. 98.
4614 2. 98.
4615 2. 98.
4616 2. 98.
4617 2. 98.
4618 2. 98.
4619 2. 98.
4620 2. 98.
4621 2. 98.
4622 2. 98.
4623 2. 98.
4624 2. 98.
4625 2. 98.
4626 2. 98.
4627 2. 98.
4628 2. 98.
4629 2. 98.
4630 2. 98.
4631 2. 98.
4632 2. 98.
4633 2. 98.
4634 2. 98.
4635 2. 98.
4636 2. 98.
4637 2. 98.
4638 2. 98.
4639 2. 98.
4640 2. 98.
4641 2. 98.
4642 2. 98.
4643 2. 98.
4644 2. 98.
4645 2. 98.
4646 2. 98.
4647 2. 98.
4648 2. 98.
4649 2. 98.
4650 2. 98.
4651 2. 98.
4652 2. 98.
4653 2. 98.
4654 2. 98.
4655 2. 98.
4656 2. 98.
4657 2. 98.
4658 2. 98.
4659 2. 98.
4660 2. 98.
4661 2. 98.
4662 2. 98.
4663 2. 98.
4664 2. 98.
4665 2. 98.
4666 2. 98.
4667 2. 98.
4668 2. 98.
4669 2. 98.
4670 2. 98.
4671 2. 98.
4672 2. 98.
4673 2. 98.
4674 2. 98.
4675 2. 98.
4676 2. 98.
4677 2. 98.
4678 2. 98.
4679 2. 98.
4680 2. 98.
4681 2. 98.
4682 2. 98.
4683 2. 98.
4684 2. 98.
4685 2. 98.
4686 2. 98.
4687 2. 98.
4688 2. 98.
4689 2. 98.
4690 2. 98.
4691 2. 98.
4692 2. 98.
4693 2. 98.
4694 2. 98.
4695 2. 98.
4696 2. 98.
4697 2. 98.
4698 2. 98.
4699 2. 98.
4700 2. 98.
4701 2. 98.
4702 2. 98.
4703 2. 98.
4704 2. 98.
4705 2. 98.
4706 2. 98.
4707 2. 98.
4708 2. 98.
4709 2. 98.
4710 2. 98.
4711 2. 98.
4712 2. 98.
4713 2. 98.
4714 2. 98.
4715 2. 98.
4716 2. 98.
4717 2. 98.
4718 2. 98.
4719 2. 98.
4720 2. 98.
4721 2. 98.
4722 2. 98.
4723 2. 98.
4724 2. 98.
4725 2. 98.
4726 2. 98.
4727 2. 98.
4728 2. 98.
4729 2. 98.
4730 2. 98.
4731 2. 98.
4732 2. 98.
4733 2. 98.
4734 2. 98.
4735 2. 98.
4736 2. 98.
4737 2. 98.
4738 2. 98.
4739 2. 98.
4740 2. 98.
4741 2. 98.
4742 2. 98.
4743 2. 98.
4744 2. 98.
4745 2. 98.
4746 2. 98.
4747 2. 98.
4748 2. 98.
4749 2. 98.
4750 2. 98.
4751 2. 98.
4752 2. 98.
4753 2. 98.
4754 2. 98.
4755 2. 98.
4756 2. 98.
4757 2. 98.
4758 2. 98.
4759 2. 98.
4760 2. 98.
4761 2. 98.
4762 2. 98.
4763 2. 98.
4764 2. 98.
4765 1. 99.
4766 1. 99.
4767 1. 99.
4768 1. 99.
4769 1. 99.
4770 1. 99.
4771 1. 99.
4772 1. 99.
4773 1. 99.
4774 1. 99.
4775 1. 99.
4776 1. 99.
4777 1. 99.
4778 1. 99.
4779 1. 99.
4780 1. 99.
4781 1. 99.
4782 1. 99.
4783 1. 99.
4784 1. 99.
4785 1. 99.
4786 1. 99.
4787 1. 99.
4788 1. 99.
4789 1. 99.
4790 1. 99.
4791 1. 99.
4792 1. 99.
4793 1. 99.
4794 1. 99.
4795 1. 99.
4796 1. 99.
4797 1. 99.
4798 1. 99.
4799 1. 99.
4800 1. 99.
4801 1. 99.
4802 2. 98.
4803 2. 98.
4804 2. 98.
4805 2. 98.
4806 2. 98.
4807 2. 98.
4808 2. 98.
4809 2. 98.
4810 2. 98.
4811 2. 98.
4812 2. 98.
4813 2. 98.
4814 2. 98.
4815 2. 98.
4816 2. 98.
4817 1. 99.
4818 1. 99.
4819 1. 99.
4820 1. 99.
4821 1. 99.
4822 1. 99.
4823 1. 99.
4824 1. 99.
4825 1. 99.
4826 1. 99.
4827 1. 99.
4828 2. 98.
4829 2. 98.
4830 2. 98.
4831 2. 98.
4832 2. 98.
4833 2. 98.
4834 2. 98.
4835 2. 98.
4836 2. 98.
4837 2. 98.
4838 2. 98.
4839 2. 98.
4840 2. 98.
4841 2. 98.
4842 2. 98.
4843 2. 98.
4844 2. 98.
4845 2. 98.
4846 2. 98.
4847 2. 98.
4848 2. 98.
4849 2. 98.
4850 2. 98.
4851 2. 98.
4852 2. 98.
4853 2. 98.
4854 2. 98.
4855 2. 98.
4856 2. 98.
4857 2. 98.
4858 2. 98.
4859 2. 98.
4860 2. 98.
4861 2. 98.
4862 2. 98.
4863 2. 98.
4864 2. 98.
4865 2. 98.
4866 2. 98.
4867 2. 98.
4868 2. 98.
4869 2. 98.
4870 2. 98.
4871 2. 98.
4872 2. 98.
4873 2. 98.
4874 2. 98.
4875 2. 98.
4876 2. 98.
4877 2. 98.
4878 2. 98.
4879 2. 98.
4880 2. 98.
4881 2. 98.
4882 2. 98.
4883 2. 98.
4884 2. 98.
4885 2. 98.
4886 2. 98.
4887 2. 98.
4888 2. 98.
4889 2. 98.
4890 2. 98.
4891 2. 98.
4892 2. 98.
4893 2. 98.
4894 2. 98.
4895 2. 98.
4896 2. 98.
4897 2. 98.
4898 2. 98.
4899 2. 98.
4900 2. 98.
4901 2. 98.
4902 2. 98.
4903 2. 98.
4904 2. 98.
4905 2. 98.
4906 2. 98.
4907 2. 98.
4908 2. 98.
4909 2. 98.
4910 2. 98.
4911 2. 98.
4912 2. 98.
4913 2. 98.
4914 2. 98.
4915 2. 98.
4916 2. 98.
4917 2. 98.
4918 2. 98.
4919 2. 98.
4920 2. 98.
4921 2. 98.
4922 2. 98.
4923 2. 98.
4924 2. 98.
4925 2. 98.
4926 2. 98.
4927 2. 98.
4928 2. 98.
4929 2. 98.
4930 2. 98.
4931 2. 98.
4932 2. 98.
4933 2. 98.
4934 2. 98.
4935 2. 98.
4936 2. 98.
4937 1. 99.
4938 1. 99.
4939 1. 99.
4940 1. 99.
4941 1. 99.
4942 1. 99.
4943 1. 99.
4944 1. 99.
4945 1. 99.
4946 1. 99.
4947 1. 99.
4948 1. 99.
4949 1. 99.
4950 1. 99.
4951 1. 99.
4952 1. 99.
4953 1. 99.
4954 1. 99.
4955 1. 99.
4956 1. 99.
4957 1. 99.
4958 1. 99.
4959 1. 99.
4960 1. 99.
4961 1. 99.
4962 1. 99.
4963 1. 99.
4964 1. 99.
4965 1. 99.
4966 1. 99.
4967 1. 99.
4968 1. 99.
4969 1. 99.
4970 1. 99.
4971 1. 99.
4972 1. 99.
4973 1. 99.
4974 1. 99.
4975 1. 99.
4976 1. 99.
4977 1. 99.
4978 1. 99.
4979 1. 99.
4980 2. 98.
4981 2. 98.
4982 2. 98.
4983 2. 98.
4984 2. 98.
4985 3. 97.
4986 3. 97.
4987 3. 97.
4988 3. 97.
4989 3. 97.
4990 3. 97.
4991 3. 97.
4992 3. 97.
4993 3. 97.
4994 3. 97.
4995 3. 97.
4996 3. 97.
4997 3. 97.
4998 3. 97.
4999 3. 97.
5000 3. 97.
5001 3. 97.
5002 3. 97.
5003 3. 97.
5004 3. 97.
5005 3. 97.
5006 3. 97.
5007 3. 97.
5008 3. 97.
5009 3. 97.
5010 3. 97.
5011 3. 97.
5012 3. 97.
5013 3. 97.
5014 3. 97.
5015 3. 97.
5016 3. 97.
5017 3. 97.
5018 3. 97.
5019 3. 97.
5020 3. 97.
5021 3. 97.
5022 3. 97.
5023 3. 97.
5024 3. 97.
5025 3. 97.
5026 3. 97.
5027 3. 97.
5028 3. 97.
5029 3. 97.
5030 3. 97.
5031 3. 97.
5032 3. 97.
5033 3. 97.
5034 3. 97.
5035 3. 97.
5036 3. 97.
5037 3. 97.
5038 3. 97.
5039 3. 97.
5040 3. 97.
5041 3. 97.
5042 3. 97.
5043 3. 97.
5044 3. 97.
5045 3. 97.
5046 3. 97.
5047 3. 97.
5048 3. 97.
5049 3. 97.
5050 3. 97.
5051 3. 97.
5052 3. 97.
5053 3. 97.
5054 3. 97.
5055 3. 97.
5056 3. 97.
5057 3. 97.
5058 3. 97.
5059 3. 97.
5060 3. 97.
5061 3. 97.
5062 3. 97.
5063 3. 97.
5064 3. 97.
5065 3. 97.
5066 3. 97.
5067 3. 97.
5068 3. 97.
5069 3. 97.
5070 3. 97.
5071 3. 97.
5072 3. 97.
5073 3. 97.
5074 3. 97.
5075 3. 97.
5076 3. 97.
5077 3. 97.
5078 3. 97.
5079 2. 98.
5080 2. 98.
5081 2. 98.
5082 2. 98.
5083 2. 98.
5084 2. 98.
5085 2. 98.
5086 2. 98.
5087 2. 98.
5088 2. 98.
5089 2. 98.
5090 2. 98.
5091 2. 98.
5092 2. 98.
5093 2. 98.
5094 2. 98.
5095 2. 98.
5096 2. 98.
5097 2. 98.
5098 2. 98.
5099 2. 98.
5100 2. 98.
5101 2. 98.
5102 2. 98.
5103 2. 98.
5104 2. 98.
5105 2. 98.
5106 2. 98.
5107 2. 98.
5108 2. 98.
5109 2. 98.
5110 2. 98.
5111 2. 98.
5112 2. 98.
5113 2. 98.
5114 2. 98.
5115 2. 98.
5116 2. 98.
5117 2. 98.
5118 2. 98.
5119 2. 98.
5120 2. 98.
5121 2. 98.
5122 2. 98.
5123 2. 98.
5124 2. 98.
5125 2. 98.
5126 2. 98.
5127 2. 98.
5128 3. 97.
5129 3. 97.
5130 3. 97.
5131 3. 97.
5132 3. 97.
5133 3. 97.
5134 3. 97.
5135 3. 97.
5136 3. 97.
5137 3. 97.
5138 3. 97.
5139 3. 97.
5140 3. 97.
5141 3. 97.
5142 3. 97.
5143 3. 97.
5144 3. 97.
5145 3. 97.
5146 3. 97.
5147 3. 97.
5148 3. 97.
5149 3. 97.
5150 3. 97.
5151 3. 97.
5152 3. 97.
5153 3. 97.
5154 3. 97.
5155 3. 97.
5156 3. 97.
5157 3. 97.
5158 3. 97.
5159 3. 97.
5160 3. 97.
5161 3. 97.
5162 3. 97.
5163 3. 97.
5164 3. 97.
5165 3. 97.
5166 3. 97.
5167 3. 97.
5168 3. 97.
5169 3. 97.
5170 3. 97.
5171 3. 97.
5172 3. 97.
5173 3. 97.
5174 3. 97.
5175 3. 97.
5176 3. 97.
5177 3. 97.
5178 3. 97.
5179 3. 97.
5180 3. 97.
5181 3. 97.
5182 3. 97.
5183 3. 97.
5184 3. 97.
5185 3. 97.
5186 3. 97.
5187 3. 97.
5188 3. 97.
5189 3. 97.
5190 3. 97.
5191 3. 97.
5192 3. 97.
5193 3. 97.
5194 3. 97.
5195 3. 97.
5196 3. 97.
5197 3. 97.
5198 3. 97.
5199 3. 97.
5200 3. 97.
5201 3. 97.
5202 3. 97.
5203 3. 97.
5204 3. 97.
5205 3. 97.
5206 3. 97.
5207 3. 97.
5208 3. 97.
5209 3. 97.
5210 3. 97.
5211 3. 97.
5212 3. 97.
5213 3. 97.
5214 3. 97.
5215 3. 97.
5216 3. 97.
5217 3. 97.
5218 3. 97.
5219 3. 97.
5220 3. 97.
5221 3. 97.
5222 3. 97.
5223 3. 97.
5224 3. 97.
5225 3. 97.
5226 3. 97.
5227 3. 97.
5228 3. 97.
5229 3. 97.
5230 3. 97.
5231 3. 97.
5232 3. 97.
5233 3. 97.
5234 3. 97.
5235 3. 97.
5236 3. 97.
5237 3. 97.
5238 3. 97.
5239 3. 97.
5240 3. 97.
5241 3. 97.
5242 3. 97.
5243 3. 97.
5244 3. 97.
5245 3. 97.
5246 3. 97.
5247 2. 98.
5248 2. 98.
5249 2. 98.
5250 2. 98.
5251 2. 98.
5252 2. 98.
5253 2. 98.
5254 2. 98.
5255 2. 98.
5256 2. 98.
5257 2. 98.
5258 2. 98.
5259 2. 98.
5260 2. 98.
5261 2. 98.
5262 2. 98.
5263 2. 98.
5264 2. 98.
5265 2. 98.
5266 2. 98.
5267 2. 98.
5268 2. 98.
5269 2. 98.
5270 2. 98.
5271 2. 98.
5272 2. 98.
5273 2. 98.
5274 2. 98.
5275 2. 98.
5276 2. 98.
5277 2. 98.
5278 2. 98.
5279 2. 98.
5280 2. 98.
5281 2. 98.
5282 2. 98.
5283 2. 98.
5284 2. 98.
5285 2. 98.
5286 2. 98.
5287 2. 98.
5288 2. 98.
5289 2. 98.
5290 2. 98.
5291 2. 98.
5292 2. 98.
5293 2. 98.
5294 2. 98.
5295 2. 98.
5296 2. 98.
5297 3. 97.
5298 4. 96.
5299 4. 96.
5300 4. 96.
5301 4. 96.
5302 4. 96.
5303 4. 96.
5304 4. 96.
5305 4. 96.
5306 4. 96.
5307 4. 96.
5308 4. 96.
5309 4. 96.
5310 4. 96.
5311 4. 96.
5312 3. 97.
5313 3. 97.
5314 3. 97.
5315 2. 98.
5316 2. 98.
5317 2. 98.
5318 2. 98.
5319 2. 98.
5320 1. 99.
5321 1. 99.
5322 1. 99.
5323 1. 99.
5324 1. 99.
5325 1. 99.
5326 1. 99.
5327 1. 99.
5328 1. 99.
5329 1. 99.
5330 1. 99.
5331 1. 99.
5332 1. 99.
5333 1. 99.
5334 1. 99.
5335 1. 99.
5336 1. 99.
5337 1. 99.
5338 1. 99.
5339 1. 99.
5340 1. 99.
5341 1. 99.
5342 1. 99.
5343 1. 99.
5344 1. 99.
5345 1. 99.
5346 1. 99.
5347 1. 99.
5348 1. 99.
5349 1. 99.
5350 1. 99.
5351 1. 99.
5352 1. 99.
5353 1. 99.
5354 1. 99.
5355 1. 99.
5356 1. 99.
5357 1. 99.
5358 1. 99.
5359 1. 99.
5360 1. 99.
5361 1. 99.
5362 1. 99.
5363 1. 99.
5364 1. 99.
5365 1. 99.
5366 1. 99.
5367 1. 99.
5368 1. 99.
5369 1. 99.
5370 1. 99.
5371 1. 99.
5372 1. 99.
5373 1. 99.
5374 1. 99.
5375 1. 99.
5376 1. 99.
5377 1. 99.
5378 1. 99.
5379 1. 99.
5380 1. 99.
5381 1. 99.
5382 1. 99.
5383 1. 99.
