0 17. 83.
1 17. 83.
2 16. 84.
3 16. 84.
4 16. 84.
5 16. 84.
6 15. 85.
7 15. 85.
8 15. 85.
9 15. 85.
10 16. 84.
11 16. 84.
12 17. 83.
13 17. 83.
14 17. 83.
15 17. 83.
16 17. 83.
17 18. 82.
18 18. 82.
19 18. 82.
20 17. 83.
21 18. 82.
22 18. 82.
23 19. 81.
24 19. 81.
25 18. 82.
26 18. 82.
27 19. 81.
28 20. 80.
29 20. 80.
30 20. 80.
31 20. 80.
32 20. 80.
33 20. 80.
34 19. 81.
35 19. 81.
36 19. 81.
37 19. 81.
38 20. 80.
39 20. 80.
40 20. 80.
41 21. 79.
42 21. 79.
43 21. 79.
44 21. 79.
45 21. 79.
46 21. 79.
47 22. 78.
48 22. 78.
49 22. 78.
50 21. 79.
51 21. 79.
52 20. 80.
53 21. 79.
54 21. 79.
55 21. 79.
56 21. 79.
57 21. 79.
58 21. 79.
59 21. 79.
60 21. 79.
61 22. 78.
62 22. 78.
63 22. 78.
64 22. 78.
65 22. 78.
66 22. 78.
67 22. 78.
68 22. 78.
69 22. 78.
70 22. 78.
71 21. 79.
72 21. 79.
73 20. 80.
74 20. 80.
75 20. 80.
76 20. 80.
77 21. 79.
78 21. 79.
79 22. 78.
80 22. 78.
81 22. 78.
82 22. 78.
83 22. 78.
84 21. 79.
85 21. 79.
86 21. 79.
87 21. 79.
88 21. 79.
89 22. 78.
90 22. 78.
91 22. 78.
92 22. 78.
93 22. 78.
94 22. 78.
95 23. 77.
96 23. 77.
97 23. 77.
98 23. 77.
99 23. 77.
100 23. 77.
101 23. 77.
102 23. 77.
103 23. 77.
104 23. 77.
105 23. 77.
106 23. 77.
107 24. 76.
108 24. 76.
109 24. 76.
110 24. 76.
111 24. 76.
112 25. 75.
113 25. 75.
114 25. 75.
115 25. 75.
116 25. 75.
117 24. 76.
118 24. 76.
119 24. 76.
120 24. 76.
121 25. 75.
122 25. 75.
123 25. 75.
124 26. 74.
125 26. 74.
126 26. 74.
127 26. 74.
128 26. 74.
129 27. 73.
130 27. 73.
131 27. 73.
132 27. 73.
133 27. 73.
134 27. 73.
135 27. 73.
136 27. 73.
137 27. 73.
138 27. 73.
139 27. 73.
140 27. 73.
141 27. 73.
142 27. 73.
143 27. 73.
144 27. 73.
145 27. 73.
146 27. 73.
147 27. 73.
148 27. 73.
149 27. 73.
150 28. 72.
151 28. 72.
152 28. 72.
153 28. 72.
154 28. 72.
155 28. 72.
156 28. 72.
157 28. 72.
158 28. 72.
159 28. 72.
160 28. 72.
161 28. 72.
162 28. 72.
163 28. 72.
164 28. 72.
165 28. 72.
166 28. 72.
167 28. 72.
168 28. 72.
169 27. 73.
170 27. 73.
171 27. 73.
172 27. 73.
173 27. 73.
174 27. 73.
175 27. 73.
176 28. 72.
177 28. 72.
178 28. 72.
179 27. 73.
180 27. 73.
181 28. 72.
182 28. 72.
183 27. 73.
184 27. 73.
185 27. 73.
186 27. 73.
187 27. 73.
188 27. 73.
189 27. 73.
190 28. 72.
191 28. 72.
192 28. 72.
193 29. 71.
194 29. 71.
195 29. 71.
196 29. 71.
197 29. 71.
198 29. 71.
199 29. 71.
200 28. 72.
201 28. 72.
202 28. 72.
203 28. 72.
204 28. 72.
205 28. 72.
206 27. 73.
207 27. 73.
208 27. 73.
209 27. 73.
210 27. 73.
211 28. 72.
212 27. 73.
213 27. 73.
214 27. 73.
215 27. 73.
216 27. 73.
217 27. 73.
218 28. 72.
219 29. 71.
220 29. 71.
221 29. 71.
222 30. 70.
223 30. 70.
224 30. 70.
225 30. 70.
226 30. 70.
227 30. 70.
228 30. 70.
229 31. 69.
230 31. 69.
231 31. 69.
232 32. 68.
233 32. 68.
234 32. 68.
235 32. 68.
236 32. 68.
237 32. 68.
238 32. 68.
239 32. 68.
240 32. 68.
241 33. 67.
242 33. 67.
243 33. 67.
244 33. 67.
245 34. 66.
246 34. 66.
247 34. 66.
248 33. 67.
249 34. 66.
250 34. 66.
251 34. 66.
252 34. 66.
253 34. 66.
254 33. 67.
255 33. 67.
256 33. 67.
257 33. 67.
258 33. 67.
259 33. 67.
260 33. 67.
261 33. 67.
262 33. 67.
263 33. 67.
264 34. 66.
265 34. 66.
266 34. 66.
267 34. 66.
268 34. 66.
269 34. 66.
270 33. 67.
271 33. 67.
272 33. 67.
273 33. 67.
274 33. 67.
275 33. 67.
276 33. 67.
277 33. 67.
278 33. 67.
279 32. 68.
280 32. 68.
281 32. 68.
282 33. 67.
283 34. 66.
284 33. 67.
285 34. 66.
286 34. 66.
287 34. 66.
288 34. 66.
289 34. 66.
290 35. 65.
291 34. 66.
292 33. 67.
293 33. 67.
294 33. 67.
295 33. 67.
296 33. 67.
297 33. 67.
298 33. 67.
299 32. 68.
300 31. 69.
301 32. 68.
302 32. 68.
303 31. 69.
304 32. 68.
305 32. 68.
306 32. 68.
307 32. 68.
308 32. 68.
309 32. 68.
310 32. 68.
311 32. 68.
312 32. 68.
313 32. 68.
314 32. 68.
315 32. 68.
316 32. 68.
317 33. 67.
318 32. 68.
319 32. 68.
320 33. 67.
321 33. 67.
322 32. 68.
323 32. 68.
324 32. 68.
325 32. 68.
326 32. 68.
327 32. 68.
328 32. 68.
329 32. 68.
330 32. 68.
331 33. 67.
332 33. 67.
333 33. 67.
334 32. 68.
335 32. 68.
336 32. 68.
337 32. 68.
338 32. 68.
339 32. 68.
340 32. 68.
341 32. 68.
342 32. 68.
343 32. 68.
344 32. 68.
345 33. 67.
346 33. 67.
347 33. 67.
348 33. 67.
349 33. 67.
350 33. 67.
351 32. 68.
352 32. 68.
353 32. 68.
354 32. 68.
355 32. 68.
356 31. 69.
357 31. 69.
358 30. 70.
359 30. 70.
360 30. 70.
361 30. 70.
362 31. 69.
363 31. 69.
364 31. 69.
365 31. 69.
366 31. 69.
367 31. 69.
368 31. 69.
369 32. 68.
370 31. 69.
371 31. 69.
372 31. 69.
373 32. 68.
374 32. 68.
375 32. 68.
376 32. 68.
377 32. 68.
378 33. 67.
379 33. 67.
380 33. 67.
381 33. 67.
382 33. 67.
383 33. 67.
384 33. 67.
385 33. 67.
386 32. 68.
387 32. 68.
388 32. 68.
389 32. 68.
390 32. 68.
391 32. 68.
392 32. 68.
393 32. 68.
394 32. 68.
395 32. 68.
396 32. 68.
397 32. 68.
398 32. 68.
399 32. 68.
400 32. 68.
401 32. 68.
402 31. 69.
403 31. 69.
404 31. 69.
405 32. 68.
406 33. 67.
407 33. 67.
408 33. 67.
409 33. 67.
410 33. 67.
411 33. 67.
412 33. 67.
413 34. 66.
414 34. 66.
415 34. 66.
416 34. 66.
417 34. 66.
418 34. 66.
419 34. 66.
420 34. 66.
421 35. 65.
422 34. 66.
423 34. 66.
424 34. 66.
425 34. 66.
426 34. 66.
427 34. 66.
428 34. 66.
429 34. 66.
430 35. 65.
431 35. 65.
432 35. 65.
433 35. 65.
434 35. 65.
435 35. 65.
436 35. 65.
437 35. 65.
438 35. 65.
439 34. 66.
440 34. 66.
441 34. 66.
442 35. 65.
443 34. 66.
444 34. 66.
445 34. 66.
446 34. 66.
447 34. 66.
448 34. 66.
449 34. 66.
450 34. 66.
451 34. 66.
452 34. 66.
453 34. 66.
454 34. 66.
455 34. 66.
456 35. 65.
457 35. 65.
458 35. 65.
459 35. 65.
460 35. 65.
461 35. 65.
462 35. 65.
463 35. 65.
464 36. 64.
465 36. 64.
466 36. 64.
467 36. 64.
468 36. 64.
469 35. 65.
470 35. 65.
471 35. 65.
472 35. 65.
473 35. 65.
474 35. 65.
475 34. 66.
476 34. 66.
477 34. 66.
478 33. 67.
479 33. 67.
480 33. 67.
481 33. 67.
482 33. 67.
483 33. 67.
484 32. 68.
485 32. 68.
486 32. 68.
487 33. 67.
488 33. 67.
489 34. 66.
490 35. 65.
491 34. 66.
492 34. 66.
493 34. 66.
494 33. 67.
495 33. 67.
496 33. 67.
497 33. 67.
498 33. 67.
499 33. 67.
500 32. 68.
501 32. 68.
502 31. 69.
503 31. 69.
504 31. 69.
505 31. 69.
506 31. 69.
507 31. 69.
508 31. 69.
509 31. 69.
510 31. 69.
511 31. 69.
512 32. 68.
513 32. 68.
514 32. 68.
515 32. 68.
516 31. 69.
517 31. 69.
518 31. 69.
519 31. 69.
520 31. 69.
521 31. 69.
522 32. 68.
523 33. 67.
524 33. 67.
525 33. 67.
526 33. 67.
527 32. 68.
528 33. 67.
529 32. 68.
530 32. 68.
531 32. 68.
532 32. 68.
533 32. 68.
534 32. 68.
535 32. 68.
536 32. 68.
537 32. 68.
538 32. 68.
539 32. 68.
540 32. 68.
541 31. 69.
542 31. 69.
543 31. 69.
544 31. 69.
545 31. 69.
546 32. 68.
547 32. 68.
548 32. 68.
549 32. 68.
550 32. 68.
551 32. 68.
552 32. 68.
553 32. 68.
554 32. 68.
555 33. 67.
556 33. 67.
557 33. 67.
558 33. 67.
559 33. 67.
560 33. 67.
561 33. 67.
562 33. 67.
563 33. 67.
564 34. 66.
565 34. 66.
566 35. 65.
567 35. 65.
568 35. 65.
569 35. 65.
570 34. 66.
571 34. 66.
572 34. 66.
573 34. 66.
574 35. 65.
575 35. 65.
576 35. 65.
577 35. 65.
578 35. 65.
579 35. 65.
580 35. 65.
581 35. 65.
582 35. 65.
583 35. 65.
584 35. 65.
585 35. 65.
586 35. 65.
587 35. 65.
588 35. 65.
589 34. 66.
590 34. 66.
591 34. 66.
592 34. 66.
593 34. 66.
594 34. 66.
595 34. 66.
596 34. 66.
597 34. 66.
598 34. 66.
599 33. 67.
600 33. 67.
601 33. 67.
602 33. 67.
603 33. 67.
604 33. 67.
605 33. 67.
606 33. 67.
607 33. 67.
608 33. 67.
609 33. 67.
610 34. 66.
611 34. 66.
612 34. 66.
613 34. 66.
614 34. 66.
615 33. 67.
616 33. 67.
617 33. 67.
618 33. 67.
619 33. 67.
620 33. 67.
621 33. 67.
622 33. 67.
623 32. 68.
624 31. 69.
625 31. 69.
626 31. 69.
627 31. 69.
628 30. 70.
629 31. 69.
630 31. 69.
631 31. 69.
632 30. 70.
633 30. 70.
634 30. 70.
635 30. 70.
636 31. 69.
637 30. 70.
638 30. 70.
639 30. 70.
640 31. 69.
641 31. 69.
642 31. 69.
643 31. 69.
644 31. 69.
645 31. 69.
646 31. 69.
647 31. 69.
648 31. 69.
649 31. 69.
650 32. 68.
651 32. 68.
652 33. 67.
653 34. 66.
654 34. 66.
655 34. 66.
656 34. 66.
657 34. 66.
658 33. 67.
659 34. 66.
660 34. 66.
661 33. 67.
662 33. 67.
663 33. 67.
664 33. 67.
665 32. 68.
666 32. 68.
667 31. 69.
668 31. 69.
669 31. 69.
670 31. 69.
671 31. 69.
672 31. 69.
673 31. 69.
674 31. 69.
675 31. 69.
676 31. 69.
677 31. 69.
678 30. 70.
679 30. 70.
680 30. 70.
681 31. 69.
682 31. 69.
683 31. 69.
684 31. 69.
685 31. 69.
686 31. 69.
687 31. 69.
688 31. 69.
689 31. 69.
690 31. 69.
691 31. 69.
692 31. 69.
693 31. 69.
694 31. 69.
695 31. 69.
696 31. 69.
697 31. 69.
698 31. 69.
699 31. 69.
700 31. 69.
701 31. 69.
702 31. 69.
703 31. 69.
704 31. 69.
705 31. 69.
706 31. 69.
707 31. 69.
708 31. 69.
709 31. 69.
710 31. 69.
711 31. 69.
712 32. 68.
713 32. 68.
714 31. 69.
715 32. 68.
716 32. 68.
717 32. 68.
718 32. 68.
719 32. 68.
720 32. 68.
721 32. 68.
722 32. 68.
723 32. 68.
724 31. 69.
725 31. 69.
726 31. 69.
727 32. 68.
728 32. 68.
729 32. 68.
730 32. 68.
731 32. 68.
732 32. 68.
733 32. 68.
734 31. 69.
735 31. 69.
736 31. 69.
737 31. 69.
738 31. 69.
739 31. 69.
740 31. 69.
741 31. 69.
742 31. 69.
743 31. 69.
744 31. 69.
745 31. 69.
746 31. 69.
747 31. 69.
748 31. 69.
749 31. 69.
750 31. 69.
751 31. 69.
752 31. 69.
753 31. 69.
754 31. 69.
755 30. 70.
756 30. 70.
757 30. 70.
758 31. 69.
759 31. 69.
760 30. 70.
761 30. 70.
762 30. 70.
763 30. 70.
764 30. 70.
765 30. 70.
766 30. 70.
767 29. 71.
768 30. 70.
769 30. 70.
770 30. 70.
771 30. 70.
772 29. 71.
773 29. 71.
774 29. 71.
775 28. 72.
776 28. 72.
777 28. 72.
778 28. 72.
779 28. 72.
780 29. 71.
781 29. 71.
782 29. 71.
783 30. 70.
784 30. 70.
785 30. 70.
786 30. 70.
787 30. 70.
788 30. 70.
789 29. 71.
790 29. 71.
791 29. 71.
792 29. 71.
793 29. 71.
794 28. 72.
795 28. 72.
796 28. 72.
797 28. 72.
798 28. 72.
799 28. 72.
800 28. 72.
801 28. 72.
802 28. 72.
803 28. 72.
804 28. 72.
805 28. 72.
806 28. 72.
807 28. 72.
808 28. 72.
809 28. 72.
810 28. 72.
811 28. 72.
812 28. 72.
813 28. 72.
814 28. 72.
815 28. 72.
816 28. 72.
817 28. 72.
818 27. 73.
819 27. 73.
820 27. 73.
821 27. 73.
822 27. 73.
823 27. 73.
824 28. 72.
825 28. 72.
826 28. 72.
827 28. 72.
828 28. 72.
829 28. 72.
830 28. 72.
831 28. 72.
832 28. 72.
833 28. 72.
834 28. 72.
835 28. 72.
836 28. 72.
837 27. 73.
838 27. 73.
839 27. 73.
840 28. 72.
841 28. 72.
842 28. 72.
843 28. 72.
844 28. 72.
845 28. 72.
846 29. 71.
847 29. 71.
848 29. 71.
849 29. 71.
850 29. 71.
851 29. 71.
852 29. 71.
853 28. 72.
854 28. 72.
855 29. 71.
856 29. 71.
857 29. 71.
858 29. 71.
859 29. 71.
860 29. 71.
861 30. 70.
862 30. 70.
863 30. 70.
864 30. 70.
865 31. 69.
866 31. 69.
867 31. 69.
868 30. 70.
869 30. 70.
870 29. 71.
871 29. 71.
872 28. 72.
873 27. 73.
874 26. 74.
875 25. 75.
876 24. 76.
877 23. 77.
878 23. 77.
879 23. 77.
880 23. 77.
881 23. 77.
882 23. 77.
883 23. 77.
884 23. 77.
885 22. 78.
886 22. 78.
887 22. 78.
888 22. 78.
889 22. 78.
890 22. 78.
891 22. 78.
892 22. 78.
893 23. 77.
894 23. 77.
895 23. 77.
896 23. 77.
897 23. 77.
898 23. 77.
899 23. 77.
900 23. 77.
901 23. 77.
902 23. 77.
903 23. 77.
904 23. 77.
905 23. 77.
906 23. 77.
907 24. 76.
908 24. 76.
909 24. 76.
910 24. 76.
911 24. 76.
912 24. 76.
913 24. 76.
914 24. 76.
915 24. 76.
916 25. 75.
917 25. 75.
918 25. 75.
919 25. 75.
920 25. 75.
921 26. 74.
922 26. 74.
923 26. 74.
924 27. 73.
925 27. 73.
926 27. 73.
927 27. 73.
928 27. 73.
929 27. 73.
930 28. 72.
931 28. 72.
932 28. 72.
933 27. 73.
934 27. 73.
935 26. 74.
936 26. 74.
937 26. 74.
938 26. 74.
939 26. 74.
940 26. 74.
941 26. 74.
942 26. 74.
943 26. 74.
944 26. 74.
945 26. 74.
946 26. 74.
947 26. 74.
948 26. 74.
949 26. 74.
950 27. 73.
951 27. 73.
952 27. 73.
953 28. 72.
954 28. 72.
955 27. 73.
956 27. 73.
957 27. 73.
958 27. 73.
959 27. 73.
960 27. 73.
961 27. 73.
962 28. 72.
963 28. 72.
964 28. 72.
965 28. 72.
966 28. 72.
967 28. 72.
968 28. 72.
969 28. 72.
970 27. 73.
971 27. 73.
972 28. 72.
973 28. 72.
974 28. 72.
975 28. 72.
976 28. 72.
977 28. 72.
978 28. 72.
979 28. 72.
980 28. 72.
981 28. 72.
982 28. 72.
983 28. 72.
984 28. 72.
985 28. 72.
986 28. 72.
987 28. 72.
988 28. 72.
989 28. 72.
990 28. 72.
991 28. 72.
992 28. 72.
993 28. 72.
994 28. 72.
995 27. 73.
996 27. 73.
997 27. 73.
998 27. 73.
999 27. 73.
1000 27. 73.
1001 27. 73.
1002 27. 73.
1003 27. 73.
1004 27. 73.
1005 27. 73.
1006 27. 73.
1007 26. 74.
1008 26. 74.
1009 26. 74.
1010 26. 74.
1011 26. 74.
1012 26. 74.
1013 25. 75.
1014 25. 75.
1015 25. 75.
1016 26. 74.
1017 27. 73.
1018 27. 73.
1019 27. 73.
1020 27. 73.
1021 27. 73.
1022 28. 72.
1023 28. 72.
1024 28. 72.
1025 28. 72.
1026 28. 72.
1027 28. 72.
1028 29. 71.
1029 29. 71.
1030 29. 71.
1031 29. 71.
1032 29. 71.
1033 29. 71.
1034 29. 71.
1035 29. 71.
1036 29. 71.
1037 29. 71.
1038 29. 71.
1039 29. 71.
1040 28. 72.
1041 27. 73.
1042 27. 73.
1043 27. 73.
1044 26. 74.
1045 26. 74.
1046 27. 73.
1047 27. 73.
1048 27. 73.
1049 27. 73.
1050 27. 73.
1051 27. 73.
1052 27. 73.
1053 27. 73.
1054 27. 73.
1055 27. 73.
1056 27. 73.
1057 28. 72.
1058 28. 72.
1059 28. 72.
1060 28. 72.
1061 28. 72.
1062 28. 72.
1063 28. 72.
1064 28. 72.
1065 28. 72.
1066 28. 72.
1067 28. 72.
1068 28. 72.
1069 27. 73.
1070 27. 73.
1071 27. 73.
1072 27. 73.
1073 27. 73.
1074 27. 73.
1075 27. 73.
1076 27. 73.
1077 27. 73.
1078 27. 73.
1079 26. 74.
1080 26. 74.
1081 26. 74.
1082 26. 74.
1083 26. 74.
1084 26. 74.
1085 26. 74.
1086 26. 74.
1087 26. 74.
1088 26. 74.
1089 26. 74.
1090 27. 73.
1091 26. 74.
1092 26. 74.
1093 26. 74.
1094 27. 73.
1095 27. 73.
1096 27. 73.
1097 28. 72.
1098 28. 72.
1099 28. 72.
1100 27. 73.
1101 27. 73.
1102 27. 73.
1103 27. 73.
1104 28. 72.
1105 27. 73.
1106 27. 73.
1107 27. 73.
1108 27. 73.
1109 27. 73.
1110 27. 73.
1111 27. 73.
1112 27. 73.
1113 27. 73.
1114 27. 73.
1115 27. 73.
1116 26. 74.
1117 26. 74.
1118 26. 74.
1119 26. 74.
1120 26. 74.
1121 26. 74.
1122 26. 74.
1123 26. 74.
1124 26. 74.
1125 25. 75.
1126 25. 75.
1127 25. 75.
1128 25. 75.
1129 25. 75.
1130 25. 75.
1131 25. 75.
1132 25. 75.
1133 26. 74.
1134 26. 74.
1135 26. 74.
1136 26. 74.
1137 26. 74.
1138 26. 74.
1139 26. 74.
1140 26. 74.
1141 27. 73.
1142 27. 73.
1143 28. 72.
1144 28. 72.
1145 28. 72.
1146 28. 72.
1147 28. 72.
1148 28. 72.
1149 28. 72.
1150 28. 72.
1151 28. 72.
1152 28. 72.
1153 28. 72.
1154 28. 72.
1155 28. 72.
1156 28. 72.
1157 28. 72.
1158 28. 72.
1159 28. 72.
1160 28. 72.
1161 27. 73.
1162 26. 74.
1163 26. 74.
1164 26. 74.
1165 26. 74.
1166 26. 74.
1167 26. 74.
1168 26. 74.
1169 26. 74.
1170 26. 74.
1171 26. 74.
1172 26. 74.
1173 26. 74.
1174 26. 74.
1175 26. 74.
1176 26. 74.
1177 25. 75.
1178 25. 75.
1179 25. 75.
1180 24. 76.
1181 24. 76.
1182 24. 76.
1183 24. 76.
1184 24. 76.
1185 24. 76.
1186 24. 76.
1187 24. 76.
1188 24. 76.
1189 24. 76.
1190 24. 76.
1191 24. 76.
1192 24. 76.
1193 24. 76.
1194 24. 76.
1195 24. 76.
1196 24. 76.
1197 24. 76.
1198 24. 76.
1199 24. 76.
1200 24. 76.
1201 23. 77.
1202 23. 77.
1203 23. 77.
1204 23. 77.
1205 24. 76.
1206 24. 76.
1207 24. 76.
1208 24. 76.
1209 24. 76.
1210 24. 76.
1211 24. 76.
1212 24. 76.
1213 24. 76.
1214 24. 76.
1215 24. 76.
1216 24. 76.
1217 24. 76.
1218 24. 76.
1219 24. 76.
1220 24. 76.
1221 24. 76.
1222 24. 76.
1223 24. 76.
1224 24. 76.
1225 24. 76.
1226 24. 76.
1227 24. 76.
1228 24. 76.
1229 24. 76.
1230 24. 76.
1231 25. 75.
1232 25. 75.
1233 25. 75.
1234 25. 75.
1235 25. 75.
1236 26. 74.
1237 26. 74.
1238 26. 74.
1239 26. 74.
1240 26. 74.
1241 25. 75.
1242 25. 75.
1243 25. 75.
1244 25. 75.
1245 25. 75.
1246 25. 75.
1247 25. 75.
1248 25. 75.
1249 24. 76.
1250 24. 76.
1251 25. 75.
1252 24. 76.
1253 24. 76.
1254 24. 76.
1255 24. 76.
1256 23. 77.
1257 23. 77.
1258 23. 77.
1259 24. 76.
1260 24. 76.
1261 24. 76.
1262 24. 76.
1263 24. 76.
1264 24. 76.
1265 24. 76.
1266 24. 76.
1267 24. 76.
1268 24. 76.
1269 24. 76.
1270 24. 76.
1271 25. 75.
1272 25. 75.
1273 25. 75.
1274 25. 75.
1275 25. 75.
1276 25. 75.
1277 25. 75.
1278 25. 75.
1279 26. 74.
1280 26. 74.
1281 26. 74.
1282 25. 75.
1283 26. 74.
1284 27. 73.
1285 28. 72.
1286 28. 72.
1287 28. 72.
1288 28. 72.
1289 27. 73.
1290 27. 73.
1291 28. 72.
1292 29. 71.
1293 29. 71.
1294 29. 71.
1295 29. 71.
1296 30. 70.
1297 30. 70.
1298 30. 70.
1299 30. 70.
1300 31. 69.
1301 31. 69.
1302 31. 69.
1303 31. 69.
1304 31. 69.
1305 31. 69.
1306 31. 69.
1307 31. 69.
1308 32. 68.
1309 31. 69.
1310 31. 69.
1311 31. 69.
1312 32. 68.
1313 32. 68.
1314 32. 68.
1315 32. 68.
1316 32. 68.
1317 32. 68.
1318 31. 69.
1319 31. 69.
1320 30. 70.
1321 30. 70.
1322 30. 70.
1323 30. 70.
1324 30. 70.
1325 30. 70.
1326 30. 70.
1327 29. 71.
1328 30. 70.
1329 30. 70.
1330 30. 70.
1331 30. 70.
1332 31. 69.
1333 31. 69.
1334 32. 68.
1335 31. 69.
1336 31. 69.
1337 32. 68.
1338 32. 68.
1339 32. 68.
1340 32. 68.
1341 32. 68.
1342 32. 68.
1343 32. 68.
1344 33. 67.
1345 33. 67.
1346 33. 67.
1347 33. 67.
1348 33. 67.
1349 33. 67.
1350 33. 67.
1351 33. 67.
1352 33. 67.
1353 33. 67.
1354 33. 67.
1355 32. 68.
1356 32. 68.
1357 31. 69.
1358 30. 70.
1359 29. 71.
1360 29. 71.
1361 29. 71.
1362 29. 71.
1363 29. 71.
1364 29. 71.
1365 29. 71.
1366 29. 71.
1367 29. 71.
1368 29. 71.
1369 29. 71.
1370 29. 71.
1371 29. 71.
1372 28. 72.
1373 28. 72.
1374 28. 72.
1375 28. 72.
1376 28. 72.
1377 28. 72.
1378 28. 72.
1379 28. 72.
1380 28. 72.
1381 29. 71.
1382 29. 71.
1383 29. 71.
1384 29. 71.
1385 30. 70.
1386 29. 71.
1387 28. 72.
1388 28. 72.
1389 28. 72.
1390 28. 72.
1391 27. 73.
1392 26. 74.
1393 26. 74.
1394 26. 74.
1395 25. 75.
1396 24. 76.
1397 24. 76.
1398 24. 76.
1399 23. 77.
1400 23. 77.
1401 23. 77.
1402 23. 77.
1403 22. 78.
1404 22. 78.
1405 22. 78.
1406 23. 77.
1407 22. 78.
1408 22. 78.
1409 22. 78.
1410 22. 78.
1411 21. 79.
1412 21. 79.
1413 21. 79.
1414 20. 80.
1415 20. 80.
1416 20. 80.
1417 20. 80.
1418 20. 80.
1419 20. 80.
1420 20. 80.
1421 20. 80.
1422 19. 81.
1423 19. 81.
1424 19. 81.
1425 19. 81.
1426 19. 81.
1427 19. 81.
1428 19. 81.
1429 19. 81.
1430 19. 81.
1431 20. 80.
1432 20. 80.
1433 19. 81.
1434 19. 81.
1435 19. 81.
1436 19. 81.
1437 18. 82.
1438 18. 82.
1439 18. 82.
1440 18. 82.
1441 18. 82.
1442 18. 82.
1443 19. 81.
1444 20. 80.
1445 20. 80.
1446 20. 80.
1447 20. 80.
1448 20. 80.
1449 19. 81.
1450 19. 81.
1451 19. 81.
1452 19. 81.
1453 18. 82.
1454 18. 82.
1455 18. 82.
1456 19. 81.
1457 19. 81.
1458 19. 81.
1459 20. 80.
1460 20. 80.
1461 20. 80.
1462 19. 81.
1463 19. 81.
1464 19. 81.
1465 19. 81.
1466 19. 81.
1467 19. 81.
1468 19. 81.
1469 19. 81.
1470 19. 81.
1471 19. 81.
1472 19. 81.
1473 20. 80.
1474 20. 80.
1475 20. 80.
1476 19. 81.
1477 20. 80.
1478 20. 80.
1479 20. 80.
1480 19. 81.
1481 19. 81.
1482 19. 81.
1483 19. 81.
1484 19. 81.
1485 19. 81.
1486 19. 81.
1487 19. 81.
1488 19. 81.
1489 19. 81.
1490 19. 81.
1491 19. 81.
1492 19. 81.
1493 19. 81.
1494 19. 81.
1495 19. 81.
1496 19. 81.
1497 18. 82.
1498 18. 82.
1499 18. 82.
1500 18. 82.
1501 18. 82.
1502 18. 82.
1503 19. 81.
1504 19. 81.
1505 19. 81.
1506 19. 81.
1507 19. 81.
1508 19. 81.
1509 18. 82.
1510 18. 82.
1511 19. 81.
1512 19. 81.
1513 20. 80.
1514 20. 80.
1515 20. 80.
1516 20. 80.
1517 20. 80.
1518 20. 80.
1519 20. 80.
1520 20. 80.
1521 20. 80.
1522 20. 80.
1523 20. 80.
1524 21. 79.
1525 21. 79.
1526 21. 79.
1527 21. 79.
1528 20. 80.
1529 20. 80.
1530 20. 80.
1531 20. 80.
1532 20. 80.
1533 20. 80.
1534 20. 80.
1535 19. 81.
1536 19. 81.
1537 19. 81.
1538 19. 81.
1539 19. 81.
1540 19. 81.
1541 19. 81.
1542 18. 82.
1543 18. 82.
1544 18. 82.
1545 18. 82.
1546 18. 82.
1547 18. 82.
1548 18. 82.
1549 18. 82.
1550 18. 82.
1551 18. 82.
1552 18. 82.
1553 18. 82.
1554 18. 82.
1555 18. 82.
1556 18. 82.
1557 18. 82.
1558 17. 83.
1559 16. 84.
1560 16. 84.
1561 16. 84.
1562 16. 84.
1563 16. 84.
1564 16. 84.
1565 16. 84.
1566 16. 84.
1567 16. 84.
1568 15. 85.
1569 15. 85.
1570 15. 85.
1571 15. 85.
1572 15. 85.
1573 15. 85.
1574 15. 85.
1575 15. 85.
1576 15. 85.
1577 16. 84.
1578 16. 84.
1579 16. 84.
1580 16. 84.
1581 16. 84.
1582 16. 84.
1583 15. 85.
1584 16. 84.
1585 16. 84.
1586 16. 84.
1587 16. 84.
1588 16. 84.
1589 16. 84.
1590 16. 84.
1591 16. 84.
1592 16. 84.
1593 16. 84.
1594 16. 84.
1595 16. 84.
1596 16. 84.
1597 16. 84.
1598 16. 84.
1599 16. 84.
1600 16. 84.
1601 16. 84.
1602 16. 84.
1603 16. 84.
1604 16. 84.
1605 16. 84.
1606 16. 84.
1607 16. 84.
1608 16. 84.
1609 16. 84.
1610 16. 84.
1611 16. 84.
1612 16. 84.
1613 16. 84.
1614 16. 84.
1615 17. 83.
1616 17. 83.
1617 17. 83.
1618 17. 83.
1619 17. 83.
1620 17. 83.
1621 17. 83.
1622 18. 82.
1623 18. 82.
1624 19. 81.
1625 19. 81.
1626 18. 82.
1627 18. 82.
1628 18. 82.
1629 18. 82.
1630 18. 82.
1631 17. 83.
1632 18. 82.
1633 18. 82.
1634 18. 82.
1635 18. 82.
1636 19. 81.
1637 19. 81.
1638 19. 81.
1639 19. 81.
1640 19. 81.
1641 19. 81.
1642 20. 80.
1643 20. 80.
1644 20. 80.
1645 20. 80.
1646 20. 80.
1647 20. 80.
1648 20. 80.
1649 19. 81.
1650 19. 81.
1651 19. 81.
1652 19. 81.
1653 19. 81.
1654 19. 81.
1655 19. 81.
1656 18. 82.
1657 18. 82.
1658 17. 83.
1659 17. 83.
1660 17. 83.
1661 17. 83.
1662 17. 83.
1663 17. 83.
1664 17. 83.
1665 17. 83.
1666 17. 83.
1667 16. 84.
1668 16. 84.
1669 16. 84.
1670 16. 84.
1671 16. 84.
1672 16. 84.
1673 16. 84.
1674 16. 84.
1675 16. 84.
1676 16. 84.
1677 16. 84.
1678 16. 84.
1679 16. 84.
1680 16. 84.
1681 16. 84.
1682 16. 84.
1683 16. 84.
1684 17. 83.
1685 17. 83.
1686 17. 83.
1687 18. 82.
1688 18. 82.
1689 18. 82.
1690 18. 82.
1691 18. 82.
1692 18. 82.
1693 18. 82.
1694 18. 82.
1695 18. 82.
1696 18. 82.
1697 18. 82.
1698 18. 82.
1699 18. 82.
1700 18. 82.
1701 18. 82.
1702 18. 82.
1703 18. 82.
1704 18. 82.
1705 18. 82.
1706 18. 82.
1707 18. 82.
1708 19. 81.
1709 19. 81.
1710 19. 81.
1711 19. 81.
1712 19. 81.
1713 19. 81.
1714 19. 81.
1715 19. 81.
1716 19. 81.
1717 19. 81.
1718 19. 81.
1719 19. 81.
1720 19. 81.
1721 18. 82.
1722 17. 83.
1723 17. 83.
1724 17. 83.
1725 17. 83.
1726 17. 83.
1727 18. 82.
1728 18. 82.
1729 18. 82.
1730 18. 82.
1731 18. 82.
1732 18. 82.
1733 17. 83.
1734 17. 83.
1735 17. 83.
1736 17. 83.
1737 17. 83.
1738 17. 83.
1739 17. 83.
1740 17. 83.
1741 17. 83.
1742 17. 83.
1743 17. 83.
1744 17. 83.
1745 17. 83.
1746 17. 83.
1747 17. 83.
1748 17. 83.
1749 16. 84.
1750 16. 84.
1751 16. 84.
1752 16. 84.
1753 16. 84.
1754 16. 84.
1755 15. 85.
1756 15. 85.
1757 15. 85.
1758 15. 85.
1759 15. 85.
1760 15. 85.
1761 15. 85.
1762 15. 85.
1763 15. 85.
1764 15. 85.
1765 15. 85.
1766 15. 85.
1767 15. 85.
1768 15. 85.
1769 15. 85.
1770 15. 85.
1771 15. 85.
1772 14. 86.
1773 14. 86.
1774 14. 86.
1775 14. 86.
1776 14. 86.
1777 14. 86.
1778 14. 86.
1779 14. 86.
1780 14. 86.
1781 14. 86.
1782 14. 86.
1783 15. 85.
1784 15. 85.
1785 15. 85.
1786 15. 85.
1787 15. 85.
1788 15. 85.
1789 15. 85.
1790 15. 85.
1791 15. 85.
1792 15. 85.
1793 15. 85.
1794 15. 85.
1795 15. 85.
1796 15. 85.
1797 15. 85.
1798 15. 85.
1799 15. 85.
1800 14. 86.
1801 14. 86.
1802 14. 86.
1803 14. 86.
1804 13. 87.
1805 13. 87.
1806 13. 87.
1807 13. 87.
1808 14. 86.
1809 14. 86.
1810 14. 86.
1811 14. 86.
1812 14. 86.
1813 14. 86.
1814 14. 86.
1815 14. 86.
1816 14. 86.
1817 15. 85.
1818 15. 85.
1819 15. 85.
1820 15. 85.
1821 15. 85.
1822 15. 85.
1823 15. 85.
1824 15. 85.
1825 15. 85.
1826 15. 85.
1827 15. 85.
1828 14. 86.
1829 14. 86.
1830 14. 86.
1831 14. 86.
1832 14. 86.
1833 14. 86.
1834 13. 87.
1835 14. 86.
1836 14. 86.
1837 14. 86.
1838 14. 86.
1839 13. 87.
1840 13. 87.
1841 13. 87.
1842 12. 88.
1843 12. 88.
1844 12. 88.
1845 12. 88.
1846 12. 88.
1847 12. 88.
1848 12. 88.
1849 12. 88.
1850 12. 88.
1851 12. 88.
1852 12. 88.
1853 12. 88.
1854 12. 88.
1855 12. 88.
1856 12. 88.
1857 12. 88.
1858 12. 88.
1859 12. 88.
1860 12. 88.
1861 12. 88.
1862 11. 89.
1863 12. 88.
1864 12. 88.
1865 12. 88.
1866 12. 88.
1867 12. 88.
1868 12. 88.
1869 11. 89.
1870 10. 90.
1871 10. 90.
1872 10. 90.
1873 10. 90.
1874 10. 90.
1875 10. 90.
1876 10. 90.
1877 10. 90.
1878 10. 90.
1879 10. 90.
1880 10. 90.
1881 11. 89.
1882 11. 89.
1883 11. 89.
1884 11. 89.
1885 11. 89.
1886 11. 89.
1887 11. 89.
1888 12. 88.
1889 13. 87.
1890 13. 87.
1891 13. 87.
1892 13. 87.
1893 12. 88.
1894 12. 88.
1895 12. 88.
1896 12. 88.
1897 13. 87.
1898 13. 87.
1899 14. 86.
1900 14. 86.
1901 14. 86.
1902 14. 86.
1903 14. 86.
1904 13. 87.
1905 13. 87.
1906 13. 87.
1907 13. 87.
1908 13. 87.
1909 13. 87.
1910 13. 87.
1911 13. 87.
1912 13. 87.
1913 13. 87.
1914 13. 87.
1915 13. 87.
1916 13. 87.
1917 13. 87.
1918 13. 87.
1919 13. 87.
1920 13. 87.
1921 13. 87.
1922 13. 87.
1923 13. 87.
1924 13. 87.
1925 13. 87.
1926 13. 87.
1927 14. 86.
1928 14. 86.
1929 14. 86.
1930 14. 86.
1931 14. 86.
1932 15. 85.
1933 14. 86.
1934 14. 86.
1935 14. 86.
1936 14. 86.
1937 14. 86.
1938 14. 86.
1939 13. 87.
1940 13. 87.
1941 13. 87.
1942 13. 87.
1943 13. 87.
1944 13. 87.
1945 13. 87.
1946 13. 87.
1947 12. 88.
1948 12. 88.
1949 13. 87.
1950 13. 87.
1951 13. 87.
1952 13. 87.
1953 13. 87.
1954 13. 87.
1955 13. 87.
1956 12. 88.
1957 12. 88.
1958 12. 88.
1959 12. 88.
1960 12. 88.
1961 12. 88.
1962 12. 88.
1963 12. 88.
1964 12. 88.
1965 12. 88.
1966 12. 88.
1967 12. 88.
1968 13. 87.
1969 13. 87.
1970 13. 87.
1971 13. 87.
1972 13. 87.
1973 13. 87.
1974 13. 87.
1975 13. 87.
1976 13. 87.
1977 13. 87.
1978 13. 87.
1979 13. 87.
1980 13. 87.
1981 14. 86.
1982 14. 86.
1983 14. 86.
1984 14. 86.
1985 14. 86.
1986 14. 86.
1987 14. 86.
1988 14. 86.
1989 14. 86.
1990 14. 86.
1991 14. 86.
1992 15. 85.
1993 15. 85.
1994 15. 85.
1995 15. 85.
1996 15. 85.
1997 14. 86.
1998 14. 86.
1999 14. 86.
2000 15. 85.
2001 15. 85.
2002 15. 85.
2003 15. 85.
2004 15. 85.
2005 15. 85.
2006 15. 85.
2007 15. 85.
2008 15. 85.
2009 15. 85.
2010 15. 85.
2011 15. 85.
2012 15. 85.
2013 15. 85.
2014 15. 85.
2015 16. 84.
2016 16. 84.
2017 16. 84.
2018 16. 84.
2019 16. 84.
2020 16. 84.
2021 16. 84.
2022 16. 84.
2023 16. 84.
2024 16. 84.
2025 16. 84.
2026 16. 84.
2027 16. 84.
2028 16. 84.
2029 16. 84.
2030 16. 84.
2031 16. 84.
2032 16. 84.
2033 16. 84.
2034 16. 84.
2035 16. 84.
2036 16. 84.
2037 16. 84.
2038 16. 84.
2039 16. 84.
2040 16. 84.
2041 16. 84.
2042 16. 84.
2043 15. 85.
2044 15. 85.
2045 15. 85.
2046 15. 85.
2047 15. 85.
2048 15. 85.
2049 15. 85.
2050 15. 85.
2051 15. 85.
2052 15. 85.
2053 16. 84.
2054 16. 84.
2055 17. 83.
2056 17. 83.
2057 17. 83.
2058 17. 83.
2059 17. 83.
2060 17. 83.
2061 17. 83.
2062 17. 83.
2063 17. 83.
2064 17. 83.
2065 17. 83.
2066 17. 83.
2067 17. 83.
2068 16. 84.
2069 16. 84.
2070 16. 84.
2071 16. 84.
2072 16. 84.
2073 16. 84.
2074 16. 84.
2075 16. 84.
2076 16. 84.
2077 16. 84.
2078 16. 84.
2079 16. 84.
2080 16. 84.
2081 16. 84.
2082 16. 84.
2083 16. 84.
2084 16. 84.
2085 16. 84.
2086 16. 84.
2087 16. 84.
2088 16. 84.
2089 16. 84.
2090 15. 85.
2091 15. 85.
2092 16. 84.
2093 16. 84.
2094 16. 84.
2095 16. 84.
2096 16. 84.
2097 16. 84.
2098 16. 84.
2099 16. 84.
2100 16. 84.
2101 16. 84.
2102 16. 84.
2103 16. 84.
2104 16. 84.
2105 16. 84.
2106 16. 84.
2107 16. 84.
2108 16. 84.
2109 16. 84.
2110 17. 83.
2111 17. 83.
2112 17. 83.
2113 18. 82.
2114 18. 82.
2115 18. 82.
2116 18. 82.
2117 18. 82.
2118 18. 82.
2119 18. 82.
2120 18. 82.
2121 18. 82.
2122 18. 82.
2123 18. 82.
2124 18. 82.
2125 18. 82.
2126 18. 82.
2127 19. 81.
2128 19. 81.
2129 19. 81.
2130 18. 82.
2131 18. 82.
2132 19. 81.
2133 19. 81.
2134 18. 82.
2135 19. 81.
2136 19. 81.
2137 19. 81.
2138 19. 81.
2139 19. 81.
2140 20. 80.
2141 20. 80.
2142 20. 80.
2143 20. 80.
2144 19. 81.
2145 19. 81.
2146 19. 81.
2147 19. 81.
2148 19. 81.
2149 19. 81.
2150 19. 81.
2151 19. 81.
2152 19. 81.
2153 19. 81.
2154 19. 81.
2155 19. 81.
2156 19. 81.
2157 19. 81.
2158 19. 81.
2159 19. 81.
2160 19. 81.
2161 19. 81.
2162 19. 81.
2163 19. 81.
2164 19. 81.
2165 19. 81.
2166 20. 80.
2167 20. 80.
2168 20. 80.
2169 20. 80.
2170 20. 80.
2171 20. 80.
2172 20. 80.
2173 20. 80.
2174 20. 80.
2175 20. 80.
2176 20. 80.
2177 20. 80.
2178 20. 80.
2179 20. 80.
2180 20. 80.
2181 20. 80.
2182 20. 80.
2183 20. 80.
2184 20. 80.
2185 20. 80.
2186 20. 80.
2187 21. 79.
2188 21. 79.
2189 21. 79.
2190 21. 79.
2191 22. 78.
2192 22. 78.
2193 21. 79.
2194 21. 79.
2195 21. 79.
2196 21. 79.
2197 20. 80.
2198 21. 79.
2199 21. 79.
2200 22. 78.
2201 23. 77.
2202 23. 77.
2203 23. 77.
2204 23. 77.
2205 23. 77.
2206 23. 77.
2207 23. 77.
2208 23. 77.
2209 23. 77.
2210 23. 77.
2211 22. 78.
2212 22. 78.
2213 21. 79.
2214 21. 79.
2215 21. 79.
2216 21. 79.
2217 21. 79.
2218 21. 79.
2219 21. 79.
2220 21. 79.
2221 21. 79.
2222 21. 79.
2223 21. 79.
2224 21. 79.
2225 21. 79.
2226 21. 79.
2227 21. 79.
2228 20. 80.
2229 20. 80.
2230 20. 80.
2231 20. 80.
2232 20. 80.
2233 20. 80.
2234 20. 80.
2235 20. 80.
2236 20. 80.
2237 21. 79.
2238 20. 80.
2239 20. 80.
2240 20. 80.
2241 20. 80.
2242 20. 80.
2243 21. 79.
2244 21. 79.
2245 21. 79.
2246 21. 79.
2247 21. 79.
2248 21. 79.
2249 21. 79.
2250 21. 79.
2251 20. 80.
2252 20. 80.
2253 20. 80.
2254 20. 80.
2255 19. 81.
2256 19. 81.
2257 19. 81.
2258 19. 81.
2259 19. 81.
2260 20. 80.
2261 19. 81.
2262 19. 81.
2263 19. 81.
2264 19. 81.
2265 19. 81.
2266 18. 82.
2267 18. 82.
2268 18. 82.
2269 18. 82.
2270 18. 82.
2271 18. 82.
2272 18. 82.
2273 18. 82.
2274 18. 82.
2275 18. 82.
2276 18. 82.
2277 18. 82.
2278 18. 82.
2279 18. 82.
2280 18. 82.
2281 18. 82.
2282 18. 82.
2283 18. 82.
2284 18. 82.
2285 19. 81.
2286 19. 81.
2287 19. 81.
2288 19. 81.
2289 18. 82.
2290 17. 83.
2291 17. 83.
2292 17. 83.
2293 17. 83.
2294 17. 83.
2295 17. 83.
2296 17. 83.
2297 17. 83.
2298 18. 82.
2299 18. 82.
2300 18. 82.
2301 19. 81.
2302 19. 81.
2303 18. 82.
2304 18. 82.
2305 18. 82.
2306 18. 82.
2307 18. 82.
2308 18. 82.
2309 18. 82.
2310 18. 82.
2311 18. 82.
2312 18. 82.
2313 18. 82.
2314 19. 81.
2315 19. 81.
2316 19. 81.
2317 19. 81.
2318 19. 81.
2319 19. 81.
2320 19. 81.
2321 19. 81.
2322 19. 81.
2323 19. 81.
2324 19. 81.
2325 19. 81.
2326 18. 82.
2327 18. 82.
2328 18. 82.
2329 17. 83.
2330 17. 83.
2331 17. 83.
2332 17. 83.
2333 17. 83.
2334 17. 83.
2335 17. 83.
2336 17. 83.
2337 17. 83.
2338 16. 84.
2339 16. 84.
2340 16. 84.
2341 16. 84.
2342 16. 84.
2343 16. 84.
2344 16. 84.
2345 16. 84.
2346 16. 84.
2347 16. 84.
2348 17. 83.
2349 17. 83.
2350 17. 83.
2351 17. 83.
2352 16. 84.
2353 16. 84.
2354 16. 84.
2355 16. 84.
2356 17. 83.
2357 18. 82.
2358 18. 82.
2359 18. 82.
2360 17. 83.
2361 17. 83.
2362 17. 83.
2363 17. 83.
2364 17. 83.
2365 17. 83.
2366 16. 84.
2367 16. 84.
2368 16. 84.
2369 16. 84.
2370 15. 85.
2371 15. 85.
2372 15. 85.
2373 15. 85.
2374 15. 85.
2375 15. 85.
2376 16. 84.
2377 16. 84.
2378 15. 85.
2379 15. 85.
2380 15. 85.
2381 15. 85.
2382 15. 85.
2383 15. 85.
2384 14. 86.
2385 14. 86.
2386 14. 86.
2387 14. 86.
2388 14. 86.
2389 14. 86.
2390 14. 86.
2391 14. 86.
2392 14. 86.
2393 14. 86.
2394 14. 86.
2395 14. 86.
2396 14. 86.
2397 14. 86.
2398 14. 86.
2399 14. 86.
2400 14. 86.
2401 14. 86.
2402 14. 86.
2403 14. 86.
2404 14. 86.
2405 14. 86.
2406 15. 85.
2407 15. 85.
2408 15. 85.
2409 15. 85.
2410 15. 85.
2411 15. 85.
2412 15. 85.
2413 15. 85.
2414 14. 86.
2415 14. 86.
2416 14. 86.
2417 14. 86.
2418 14. 86.
2419 14. 86.
2420 13. 87.
2421 14. 86.
2422 14. 86.
2423 14. 86.
2424 15. 85.
2425 15. 85.
2426 15. 85.
2427 15. 85.
2428 15. 85.
2429 15. 85.
2430 16. 84.
2431 16. 84.
2432 16. 84.
2433 17. 83.
2434 17. 83.
2435 17. 83.
2436 17. 83.
2437 17. 83.
2438 16. 84.
2439 16. 84.
2440 16. 84.
2441 16. 84.
2442 16. 84.
2443 17. 83.
2444 16. 84.
2445 16. 84.
2446 16. 84.
2447 16. 84.
2448 15. 85.
2449 15. 85.
2450 15. 85.
2451 15. 85.
2452 15. 85.
2453 15. 85.
2454 15. 85.
2455 16. 84.
2456 16. 84.
2457 15. 85.
2458 15. 85.
2459 15. 85.
2460 15. 85.
2461 15. 85.
2462 16. 84.
2463 16. 84.
2464 16. 84.
2465 16. 84.
2466 15. 85.
2467 15. 85.
2468 15. 85.
2469 16. 84.
2470 16. 84.
2471 16. 84.
2472 16. 84.
2473 16. 84.
2474 17. 83.
2475 17. 83.
2476 18. 82.
2477 18. 82.
2478 18. 82.
2479 18. 82.
2480 18. 82.
2481 18. 82.
2482 18. 82.
2483 18. 82.
2484 18. 82.
2485 18. 82.
2486 18. 82.
2487 18. 82.
2488 18. 82.
2489 19. 81.
2490 18. 82.
2491 18. 82.
2492 18. 82.
2493 18. 82.
2494 18. 82.
2495 18. 82.
2496 18. 82.
2497 18. 82.
2498 18. 82.
2499 18. 82.
2500 18. 82.
2501 18. 82.
2502 18. 82.
2503 18. 82.
2504 18. 82.
2505 18. 82.
2506 18. 82.
2507 18. 82.
2508 17. 83.
2509 17. 83.
2510 17. 83.
2511 18. 82.
2512 18. 82.
2513 18. 82.
2514 18. 82.
2515 18. 82.
2516 18. 82.
2517 17. 83.
2518 17. 83.
2519 17. 83.
2520 17. 83.
2521 17. 83.
2522 18. 82.
2523 18. 82.
2524 17. 83.
2525 17. 83.
2526 17. 83.
2527 16. 84.
2528 16. 84.
2529 16. 84.
2530 16. 84.
2531 16. 84.
2532 16. 84.
2533 16. 84.
2534 16. 84.
2535 16. 84.
2536 16. 84.
2537 16. 84.
2538 16. 84.
2539 16. 84.
2540 16. 84.
2541 16. 84.
2542 16. 84.
2543 16. 84.
2544 16. 84.
2545 16. 84.
2546 15. 85.
2547 15. 85.
2548 16. 84.
2549 16. 84.
2550 16. 84.
2551 16. 84.
2552 16. 84.
2553 16. 84.
2554 16. 84.
2555 16. 84.
2556 16. 84.
2557 16. 84.
2558 16. 84.
2559 16. 84.
2560 16. 84.
2561 16. 84.
2562 16. 84.
2563 16. 84.
2564 16. 84.
2565 16. 84.
2566 16. 84.
2567 16. 84.
2568 16. 84.
2569 16. 84.
2570 16. 84.
2571 16. 84.
2572 15. 85.
2573 15. 85.
2574 15. 85.
2575 15. 85.
2576 15. 85.
2577 15. 85.
2578 15. 85.
2579 15. 85.
2580 15. 85.
2581 15. 85.
2582 16. 84.
2583 16. 84.
2584 16. 84.
2585 15. 85.
2586 16. 84.
2587 16. 84.
2588 16. 84.
2589 16. 84.
2590 16. 84.
2591 16. 84.
2592 16. 84.
2593 16. 84.
2594 16. 84.
2595 16. 84.
2596 16. 84.
2597 15. 85.
2598 15. 85.
2599 15. 85.
2600 15. 85.
2601 15. 85.
2602 14. 86.
2603 14. 86.
2604 14. 86.
2605 14. 86.
2606 15. 85.
2607 15. 85.
2608 15. 85.
2609 15. 85.
2610 15. 85.
2611 15. 85.
2612 15. 85.
2613 15. 85.
2614 15. 85.
2615 15. 85.
2616 15. 85.
2617 15. 85.
2618 15. 85.
2619 15. 85.
2620 15. 85.
2621 15. 85.
2622 15. 85.
2623 15. 85.
2624 15. 85.
2625 15. 85.
2626 15. 85.
2627 15. 85.
2628 15. 85.
2629 15. 85.
2630 15. 85.
2631 15. 85.
2632 15. 85.
2633 15. 85.
2634 14. 86.
2635 14. 86.
2636 14. 86.
2637 14. 86.
2638 14. 86.
2639 14. 86.
2640 14. 86.
2641 14. 86.
2642 14. 86.
2643 14. 86.
2644 14. 86.
2645 14. 86.
2646 14. 86.
2647 15. 85.
2648 15. 85.
2649 15. 85.
2650 15. 85.
2651 15. 85.
2652 15. 85.
2653 15. 85.
2654 15. 85.
2655 15. 85.
2656 15. 85.
2657 15. 85.
2658 15. 85.
2659 15. 85.
2660 15. 85.
2661 15. 85.
2662 15. 85.
2663 15. 85.
2664 15. 85.
2665 15. 85.
2666 15. 85.
2667 15. 85.
2668 15. 85.
2669 15. 85.
2670 15. 85.
2671 15. 85.
2672 15. 85.
2673 15. 85.
2674 15. 85.
2675 15. 85.
2676 16. 84.
2677 16. 84.
2678 16. 84.
2679 16. 84.
2680 16. 84.
2681 16. 84.
2682 16. 84.
2683 16. 84.
2684 16. 84.
2685 15. 85.
2686 16. 84.
2687 16. 84.
2688 17. 83.
2689 17. 83.
2690 16. 84.
2691 16. 84.
2692 16. 84.
2693 16. 84.
2694 16. 84.
2695 16. 84.
2696 16. 84.
2697 15. 85.
2698 15. 85.
2699 15. 85.
2700 15. 85.
2701 15. 85.
2702 15. 85.
2703 15. 85.
2704 15. 85.
2705 15. 85.
2706 15. 85.
2707 15. 85.
2708 15. 85.
2709 15. 85.
2710 15. 85.
2711 15. 85.
2712 15. 85.
2713 15. 85.
2714 15. 85.
2715 15. 85.
2716 15. 85.
2717 14. 86.
2718 14. 86.
2719 14. 86.
2720 14. 86.
2721 14. 86.
2722 14. 86.
2723 14. 86.
2724 14. 86.
2725 14. 86.
2726 14. 86.
2727 14. 86.
2728 14. 86.
2729 14. 86.
2730 14. 86.
2731 14. 86.
2732 14. 86.
2733 14. 86.
2734 14. 86.
2735 14. 86.
2736 15. 85.
2737 15. 85.
2738 15. 85.
2739 14. 86.
2740 14. 86.
2741 14. 86.
2742 14. 86.
2743 14. 86.
2744 14. 86.
2745 14. 86.
2746 14. 86.
2747 13. 87.
2748 14. 86.
2749 14. 86.
2750 14. 86.
2751 14. 86.
2752 14. 86.
2753 14. 86.
2754 14. 86.
2755 14. 86.
2756 14. 86.
2757 14. 86.
2758 14. 86.
2759 14. 86.
2760 14. 86.
2761 14. 86.
2762 14. 86.
2763 14. 86.
2764 14. 86.
2765 14. 86.
2766 14. 86.
2767 14. 86.
2768 15. 85.
2769 15. 85.
2770 15. 85.
2771 15. 85.
2772 15. 85.
2773 15. 85.
2774 15. 85.
2775 15. 85.
2776 15. 85.
2777 15. 85.
2778 15. 85.
2779 14. 86.
2780 14. 86.
2781 14. 86.
2782 14. 86.
2783 14. 86.
2784 14. 86.
2785 14. 86.
2786 14. 86.
2787 14. 86.
2788 14. 86.
2789 14. 86.
2790 13. 87.
2791 13. 87.
2792 13. 87.
2793 13. 87.
2794 13. 87.
2795 13. 87.
2796 13. 87.
2797 13. 87.
2798 12. 88.
2799 12. 88.
2800 12. 88.
2801 12. 88.
2802 12. 88.
2803 12. 88.
2804 12. 88.
2805 12. 88.
2806 12. 88.
2807 12. 88.
2808 12. 88.
2809 12. 88.
2810 12. 88.
2811 12. 88.
2812 12. 88.
2813 12. 88.
2814 11. 89.
2815 11. 89.
2816 11. 89.
2817 11. 89.
2818 11. 89.
2819 11. 89.
2820 11. 89.
2821 11. 89.
2822 11. 89.
2823 11. 89.
2824 11. 89.
2825 11. 89.
2826 11. 89.
2827 11. 89.
2828 11. 89.
2829 11. 89.
2830 12. 88.
2831 12. 88.
2832 12. 88.
2833 13. 87.
2834 13. 87.
2835 13. 87.
2836 13. 87.
2837 13. 87.
2838 13. 87.
2839 13. 87.
2840 13. 87.
2841 13. 87.
2842 13. 87.
2843 13. 87.
2844 13. 87.
2845 13. 87.
2846 13. 87.
2847 13. 87.
2848 13. 87.
2849 13. 87.
2850 13. 87.
2851 13. 87.
2852 13. 87.
2853 13. 87.
2854 13. 87.
2855 13. 87.
2856 13. 87.
2857 13. 87.
2858 13. 87.
2859 13. 87.
2860 13. 87.
2861 14. 86.
2862 14. 86.
2863 14. 86.
2864 14. 86.
2865 14. 86.
2866 14. 86.
2867 14. 86.
2868 14. 86.
2869 13. 87.
2870 13. 87.
2871 13. 87.
2872 13. 87.
2873 13. 87.
2874 13. 87.
2875 13. 87.
2876 13. 87.
2877 14. 86.
2878 14. 86.
2879 13. 87.
2880 13. 87.
2881 13. 87.
2882 13. 87.
2883 13. 87.
2884 13. 87.
2885 14. 86.
2886 14. 86.
2887 14. 86.
2888 13. 87.
2889 13. 87.
2890 13. 87.
2891 12. 88.
2892 12. 88.
2893 11. 89.
2894 11. 89.
2895 11. 89.
2896 11. 89.
2897 11. 89.
2898 12. 88.
2899 12. 88.
2900 12. 88.
2901 12. 88.
2902 12. 88.
2903 12. 88.
2904 12. 88.
2905 12. 88.
2906 12. 88.
2907 12. 88.
2908 12. 88.
2909 12. 88.
2910 12. 88.
2911 12. 88.
2912 12. 88.
2913 12. 88.
2914 12. 88.
2915 12. 88.
2916 11. 89.
2917 11. 89.
2918 10. 90.
2919 10. 90.
2920 9. 91.
2921 9. 91.
2922 9. 91.
2923 9. 91.
2924 9. 91.
2925 9. 91.
2926 9. 91.
2927 9. 91.
2928 9. 91.
2929 8. 92.
2930 8. 92.
2931 8. 92.
2932 8. 92.
2933 8. 92.
2934 8. 92.
2935 8. 92.
2936 8. 92.
2937 8. 92.
2938 8. 92.
2939 8. 92.
2940 8. 92.
2941 9. 91.
2942 9. 91.
2943 10. 90.
2944 10. 90.
2945 10. 90.
2946 10. 90.
2947 10. 90.
2948 10. 90.
2949 10. 90.
2950 10. 90.
2951 10. 90.
2952 10. 90.
2953 10. 90.
2954 10. 90.
2955 10. 90.
2956 10. 90.
2957 10. 90.
2958 10. 90.
2959 11. 89.
2960 11. 89.
2961 11. 89.
2962 11. 89.
2963 11. 89.
2964 11. 89.
2965 11. 89.
2966 11. 89.
2967 11. 89.
2968 11. 89.
2969 11. 89.
2970 11. 89.
2971 11. 89.
2972 11. 89.
2973 11. 89.
2974 11. 89.
2975 11. 89.
2976 11. 89.
2977 11. 89.
2978 12. 88.
2979 12. 88.
2980 12. 88.
2981 12. 88.
2982 12. 88.
2983 12. 88.
2984 12. 88.
2985 12. 88.
2986 12. 88.
2987 12. 88.
2988 12. 88.
2989 12. 88.
2990 12. 88.
2991 12. 88.
2992 12. 88.
2993 12. 88.
2994 12. 88.
2995 12. 88.
2996 12. 88.
2997 12. 88.
2998 12. 88.
2999 12. 88.
3000 12. 88.
3001 12. 88.
3002 12. 88.
3003 12. 88.
3004 12. 88.
3005 12. 88.
3006 11. 89.
3007 11. 89.
3008 11. 89.
3009 11. 89.
3010 11. 89.
3011 11. 89.
3012 11. 89.
3013 11. 89.
3014 11. 89.
3015 11. 89.
3016 11. 89.
3017 11. 89.
3018 11. 89.
3019 11. 89.
3020 11. 89.
3021 11. 89.
3022 10. 90.
3023 10. 90.
3024 10. 90.
3025 10. 90.
3026 10. 90.
3027 10. 90.
3028 10. 90.
3029 10. 90.
3030 10. 90.
3031 10. 90.
3032 10. 90.
3033 10. 90.
3034 10. 90.
3035 10. 90.
3036 10. 90.
3037 10. 90.
3038 10. 90.
3039 10. 90.
3040 10. 90.
3041 10. 90.
3042 10. 90.
3043 10. 90.
3044 10. 90.
3045 10. 90.
3046 10. 90.
3047 10. 90.
3048 9. 91.
3049 10. 90.
3050 10. 90.
3051 10. 90.
3052 10. 90.
3053 10. 90.
3054 10. 90.
3055 10. 90.
3056 10. 90.
3057 10. 90.
3058 10. 90.
3059 10. 90.
3060 10. 90.
3061 10. 90.
3062 10. 90.
3063 10. 90.
3064 10. 90.
3065 10. 90.
3066 10. 90.
3067 10. 90.
3068 10. 90.
3069 10. 90.
3070 10. 90.
3071 10. 90.
3072 10. 90.
3073 10. 90.
3074 10. 90.
3075 10. 90.
3076 11. 89.
3077 11. 89.
3078 11. 89.
3079 11. 89.
3080 10. 90.
3081 11. 89.
3082 10. 90.
3083 10. 90.
3084 9. 91.
3085 9. 91.
3086 9. 91.
3087 9. 91.
3088 9. 91.
3089 9. 91.
3090 9. 91.
3091 9. 91.
3092 9. 91.
3093 9. 91.
3094 9. 91.
3095 9. 91.
3096 9. 91.
3097 9. 91.
3098 9. 91.
3099 9. 91.
3100 9. 91.
3101 9. 91.
3102 9. 91.
3103 9. 91.
3104 9. 91.
3105 9. 91.
3106 9. 91.
3107 9. 91.
3108 9. 91.
3109 9. 91.
3110 9. 91.
3111 10. 90.
3112 10. 90.
3113 10. 90.
3114 10. 90.
3115 10. 90.
3116 10. 90.
3117 10. 90.
3118 10. 90.
3119 10. 90.
3120 10. 90.
3121 10. 90.
3122 10. 90.
3123 10. 90.
3124 10. 90.
3125 10. 90.
3126 10. 90.
3127 10. 90.
3128 10. 90.
3129 10. 90.
3130 10. 90.
3131 10. 90.
3132 10. 90.
3133 10. 90.
3134 10. 90.
3135 10. 90.
3136 10. 90.
3137 10. 90.
3138 10. 90.
3139 10. 90.
3140 10. 90.
3141 10. 90.
3142 10. 90.
3143 10. 90.
3144 10. 90.
3145 10. 90.
3146 10. 90.
3147 10. 90.
3148 10. 90.
3149 10. 90.
3150 10. 90.
3151 10. 90.
3152 10. 90.
3153 10. 90.
3154 10. 90.
3155 9. 91.
3156 9. 91.
3157 9. 91.
3158 9. 91.
3159 9. 91.
3160 9. 91.
3161 9. 91.
3162 9. 91.
3163 9. 91.
3164 9. 91.
3165 9. 91.
3166 9. 91.
3167 9. 91.
3168 9. 91.
3169 9. 91.
3170 9. 91.
3171 9. 91.
3172 9. 91.
3173 10. 90.
3174 10. 90.
3175 10. 90.
3176 10. 90.
3177 10. 90.
3178 10. 90.
3179 10. 90.
3180 10. 90.
3181 10. 90.
3182 10. 90.
3183 10. 90.
3184 10. 90.
3185 10. 90.
3186 10. 90.
3187 10. 90.
3188 10. 90.
3189 10. 90.
3190 10. 90.
3191 10. 90.
3192 10. 90.
3193 10. 90.
3194 10. 90.
3195 10. 90.
3196 10. 90.
3197 10. 90.
3198 10. 90.
3199 10. 90.
3200 10. 90.
3201 10. 90.
3202 10. 90.
3203 10. 90.
3204 10. 90.
3205 10. 90.
3206 10. 90.
3207 10. 90.
3208 10. 90.
3209 10. 90.
3210 10. 90.
3211 10. 90.
3212 10. 90.
3213 10. 90.
3214 10. 90.
3215 10. 90.
3216 10. 90.
3217 10. 90.
3218 10. 90.
3219 9. 91.
3220 9. 91.
3221 9. 91.
3222 9. 91.
3223 9. 91.
3224 9. 91.
3225 9. 91.
3226 9. 91.
3227 9. 91.
3228 9. 91.
3229 9. 91.
3230 10. 90.
3231 10. 90.
3232 10. 90.
3233 10. 90.
3234 10. 90.
3235 10. 90.
3236 10. 90.
3237 10. 90.
3238 10. 90.
3239 10. 90.
3240 10. 90.
3241 10. 90.
3242 10. 90.
3243 10. 90.
3244 10. 90.
3245 10. 90.
3246 10. 90.
3247 10. 90.
3248 10. 90.
3249 9. 91.
3250 9. 91.
3251 9. 91.
3252 9. 91.
3253 9. 91.
3254 9. 91.
3255 9. 91.
3256 9. 91.
3257 9. 91.
3258 8. 92.
3259 8. 92.
3260 8. 92.
3261 8. 92.
3262 8. 92.
3263 8. 92.
3264 8. 92.
3265 7. 93.
3266 7. 93.
3267 7. 93.
3268 7. 93.
3269 7. 93.
3270 7. 93.
3271 7. 93.
3272 7. 93.
3273 7. 93.
3274 7. 93.
3275 7. 93.
3276 7. 93.
3277 7. 93.
3278 7. 93.
3279 7. 93.
3280 7. 93.
3281 7. 93.
3282 7. 93.
3283 7. 93.
3284 7. 93.
3285 7. 93.
3286 7. 93.
3287 6. 94.
3288 6. 94.
3289 6. 94.
3290 6. 94.
3291 6. 94.
3292 6. 94.
3293 6. 94.
3294 6. 94.
3295 5. 95.
3296 5. 95.
3297 5. 95.
3298 5. 95.
3299 5. 95.
3300 5. 95.
3301 5. 95.
3302 5. 95.
3303 5. 95.
3304 5. 95.
3305 5. 95.
3306 5. 95.
3307 5. 95.
3308 5. 95.
3309 5. 95.
3310 5. 95.
3311 5. 95.
3312 5. 95.
3313 5. 95.
3314 5. 95.
3315 5. 95.
3316 5. 95.
3317 5. 95.
3318 5. 95.
3319 6. 94.
3320 6. 94.
3321 6. 94.
3322 6. 94.
3323 6. 94.
3324 6. 94.
3325 6. 94.
3326 6. 94.
3327 6. 94.
3328 6. 94.
3329 6. 94.
3330 6. 94.
3331 6. 94.
3332 6. 94.
3333 6. 94.
3334 6. 94.
3335 6. 94.
3336 6. 94.
3337 6. 94.
3338 6. 94.
3339 6. 94.
3340 6. 94.
3341 6. 94.
3342 6. 94.
3343 6. 94.
3344 6. 94.
3345 6. 94.
3346 6. 94.
3347 6. 94.
3348 6. 94.
3349 6. 94.
3350 6. 94.
3351 6. 94.
3352 6. 94.
3353 6. 94.
3354 6. 94.
3355 6. 94.
3356 6. 94.
3357 6. 94.
3358 6. 94.
3359 6. 94.
3360 6. 94.
3361 6. 94.
3362 6. 94.
3363 6. 94.
3364 6. 94.
3365 6. 94.
3366 6. 94.
3367 6. 94.
3368 6. 94.
3369 6. 94.
3370 6. 94.
3371 6. 94.
3372 6. 94.
3373 6. 94.
3374 6. 94.
3375 6. 94.
3376 6. 94.
3377 5. 95.
3378 5. 95.
3379 4. 96.
3380 4. 96.
3381 4. 96.
3382 4. 96.
3383 4. 96.
3384 4. 96.
3385 4. 96.
3386 4. 96.
3387 4. 96.
3388 4. 96.
3389 4. 96.
3390 4. 96.
3391 4. 96.
3392 4. 96.
3393 4. 96.
3394 4. 96.
3395 4. 96.
3396 4. 96.
3397 4. 96.
3398 4. 96.
3399 4. 96.
3400 4. 96.
3401 4. 96.
3402 4. 96.
3403 4. 96.
3404 4. 96.
3405 4. 96.
3406 4. 96.
3407 4. 96.
3408 4. 96.
3409 4. 96.
3410 4. 96.
3411 4. 96.
3412 4. 96.
3413 4. 96.
3414 4. 96.
3415 4. 96.
3416 4. 96.
3417 5. 95.
3418 5. 95.
3419 5. 95.
3420 5. 95.
3421 5. 95.
3422 5. 95.
3423 5. 95.
3424 4. 96.
3425 4. 96.
3426 4. 96.
3427 4. 96.
3428 4. 96.
3429 4. 96.
3430 4. 96.
3431 4. 96.
3432 4. 96.
3433 4. 96.
3434 4. 96.
3435 4. 96.
3436 4. 96.
3437 4. 96.
3438 4. 96.
3439 4. 96.
3440 4. 96.
3441 4. 96.
3442 4. 96.
3443 4. 96.
3444 4. 96.
3445 4. 96.
3446 4. 96.
3447 4. 96.
3448 4. 96.
3449 4. 96.
3450 4. 96.
3451 4. 96.
3452 4. 96.
3453 4. 96.
3454 4. 96.
3455 4. 96.
3456 4. 96.
3457 4. 96.
3458 4. 96.
3459 4. 96.
3460 4. 96.
3461 4. 96.
3462 4. 96.
3463 4. 96.
3464 4. 96.
3465 4. 96.
3466 4. 96.
3467 4. 96.
3468 4. 96.
3469 4. 96.
3470 4. 96.
3471 5. 95.
3472 5. 95.
3473 5. 95.
3474 5. 95.
3475 5. 95.
3476 5. 95.
3477 5. 95.
3478 4. 96.
3479 4. 96.
3480 4. 96.
3481 4. 96.
3482 4. 96.
3483 4. 96.
3484 4. 96.
3485 4. 96.
3486 4. 96.
3487 4. 96.
3488 4. 96.
3489 4. 96.
3490 4. 96.
3491 4. 96.
3492 4. 96.
3493 4. 96.
3494 4. 96.
3495 4. 96.
3496 4. 96.
3497 4. 96.
3498 4. 96.
3499 4. 96.
3500 4. 96.
3501 4. 96.
3502 4. 96.
3503 4. 96.
3504 4. 96.
3505 4. 96.
3506 4. 96.
3507 4. 96.
3508 4. 96.
3509 4. 96.
3510 5. 95.
3511 5. 95.
3512 5. 95.
3513 5. 95.
3514 5. 95.
3515 5. 95.
3516 5. 95.
3517 5. 95.
3518 5. 95.
3519 5. 95.
3520 5. 95.
3521 5. 95.
3522 5. 95.
3523 5. 95.
3524 5. 95.
3525 5. 95.
3526 5. 95.
3527 5. 95.
3528 4. 96.
3529 4. 96.
3530 4. 96.
3531 4. 96.
3532 4. 96.
3533 4. 96.
3534 4. 96.
3535 4. 96.
3536 4. 96.
3537 4. 96.
3538 4. 96.
3539 4. 96.
3540 4. 96.
3541 4. 96.
3542 4. 96.
3543 4. 96.
3544 4. 96.
3545 4. 96.
3546 4. 96.
3547 4. 96.
3548 4. 96.
3549 4. 96.
3550 4. 96.
3551 4. 96.
3552 4. 96.
3553 4. 96.
3554 4. 96.
3555 4. 96.
3556 4. 96.
3557 4. 96.
3558 4. 96.
3559 4. 96.
3560 4. 96.
3561 4. 96.
3562 4. 96.
3563 4. 96.
3564 4. 96.
3565 4. 96.
3566 4. 96.
3567 4. 96.
3568 4. 96.
3569 4. 96.
3570 4. 96.
3571 4. 96.
3572 4. 96.
3573 4. 96.
3574 4. 96.
3575 4. 96.
3576 4. 96.
3577 4. 96.
3578 4. 96.
3579 4. 96.
3580 4. 96.
3581 4. 96.
3582 4. 96.
3583 4. 96.
3584 4. 96.
3585 4. 96.
3586 4. 96.
3587 5. 95.
3588 5. 95.
3589 5. 95.
3590 5. 95.
3591 5. 95.
3592 5. 95.
3593 5. 95.
3594 5. 95.
3595 5. 95.
3596 5. 95.
3597 5. 95.
3598 5. 95.
3599 5. 95.
3600 5. 95.
3601 5. 95.
3602 5. 95.
3603 5. 95.
3604 5. 95.
3605 5. 95.
3606 5. 95.
3607 5. 95.
3608 5. 95.
3609 5. 95.
3610 5. 95.
3611 5. 95.
3612 5. 95.
3613 5. 95.
3614 5. 95.
3615 5. 95.
3616 5. 95.
3617 5. 95.
3618 5. 95.
3619 5. 95.
3620 5. 95.
3621 5. 95.
3622 5. 95.
3623 6. 94.
3624 6. 94.
3625 6. 94.
3626 6. 94.
3627 6. 94.
3628 6. 94.
3629 6. 94.
3630 6. 94.
3631 6. 94.
3632 6. 94.
3633 6. 94.
3634 6. 94.
3635 6. 94.
3636 6. 94.
3637 6. 94.
3638 7. 93.
3639 7. 93.
3640 7. 93.
3641 7. 93.
3642 7. 93.
3643 7. 93.
3644 7. 93.
3645 7. 93.
3646 7. 93.
3647 7. 93.
3648 7. 93.
3649 7. 93.
3650 7. 93.
3651 7. 93.
3652 7. 93.
3653 7. 93.
3654 7. 93.
3655 7. 93.
3656 7. 93.
3657 7. 93.
3658 7. 93.
3659 7. 93.
3660 7. 93.
3661 7. 93.
3662 7. 93.
3663 7. 93.
3664 7. 93.
3665 7. 93.
3666 7. 93.
3667 7. 93.
3668 7. 93.
3669 7. 93.
3670 7. 93.
3671 7. 93.
3672 7. 93.
3673 7. 93.
3674 7. 93.
3675 7. 93.
3676 7. 93.
3677 7. 93.
3678 7. 93.
3679 7. 93.
3680 7. 93.
3681 7. 93.
3682 7. 93.
3683 7. 93.
3684 7. 93.
3685 7. 93.
3686 6. 94.
3687 6. 94.
3688 6. 94.
3689 6. 94.
3690 6. 94.
3691 6. 94.
3692 6. 94.
3693 6. 94.
3694 6. 94.
3695 7. 93.
3696 7. 93.
3697 7. 93.
3698 7. 93.
3699 7. 93.
3700 7. 93.
3701 7. 93.
3702 7. 93.
3703 7. 93.
3704 7. 93.
3705 7. 93.
3706 7. 93.
3707 7. 93.
3708 7. 93.
3709 7. 93.
3710 7. 93.
3711 7. 93.
3712 7. 93.
3713 7. 93.
3714 7. 93.
3715 7. 93.
3716 7. 93.
3717 7. 93.
3718 7. 93.
3719 7. 93.
3720 7. 93.
3721 7. 93.
3722 7. 93.
3723 7. 93.
3724 7. 93.
3725 7. 93.
3726 7. 93.
3727 7. 93.
3728 7. 93.
3729 7. 93.
3730 7. 93.
3731 7. 93.
3732 7. 93.
3733 7. 93.
3734 7. 93.
3735 7. 93.
3736 6. 94.
3737 5. 95.
3738 5. 95.
3739 5. 95.
3740 5. 95.
3741 5. 95.
3742 5. 95.
3743 5. 95.
3744 5. 95.
3745 5. 95.
3746 5. 95.
3747 5. 95.
3748 5. 95.
3749 5. 95.
3750 5. 95.
3751 5. 95.
3752 5. 95.
3753 5. 95.
3754 5. 95.
3755 5. 95.
3756 5. 95.
3757 5. 95.
3758 5. 95.
3759 5. 95.
3760 5. 95.
3761 5. 95.
3762 5. 95.
3763 5. 95.
3764 5. 95.
3765 5. 95.
3766 5. 95.
3767 5. 95.
3768 5. 95.
3769 5. 95.
3770 5. 95.
3771 5. 95.
3772 5. 95.
3773 5. 95.
3774 5. 95.
3775 5. 95.
3776 5. 95.
3777 5. 95.
3778 5. 95.
3779 5. 95.
3780 5. 95.
3781 5. 95.
3782 5. 95.
3783 5. 95.
3784 5. 95.
3785 5. 95.
3786 5. 95.
3787 5. 95.
3788 5. 95.
3789 5. 95.
3790 5. 95.
3791 5. 95.
3792 5. 95.
3793 5. 95.
3794 5. 95.
3795 5. 95.
3796 4. 96.
3797 4. 96.
3798 4. 96.
3799 4. 96.
3800 4. 96.
3801 4. 96.
3802 4. 96.
3803 4. 96.
3804 4. 96.
3805 4. 96.
3806 4. 96.
3807 4. 96.
3808 4. 96.
3809 4. 96.
3810 4. 96.
3811 4. 96.
3812 3. 97.
3813 3. 97.
3814 3. 97.
3815 3. 97.
3816 3. 97.
3817 3. 97.
3818 3. 97.
3819 3. 97.
3820 3. 97.
3821 3. 97.
3822 3. 97.
3823 3. 97.
3824 3. 97.
3825 3. 97.
3826 3. 97.
3827 3. 97.
3828 3. 97.
3829 3. 97.
3830 3. 97.
3831 3. 97.
3832 3. 97.
3833 3. 97.
3834 3. 97.
3835 3. 97.
3836 3. 97.
3837 3. 97.
3838 3. 97.
3839 4. 96.
3840 4. 96.
3841 4. 96.
3842 4. 96.
3843 4. 96.
3844 4. 96.
3845 4. 96.
3846 4. 96.
3847 4. 96.
3848 4. 96.
3849 4. 96.
3850 4. 96.
3851 4. 96.
3852 4. 96.
3853 4. 96.
3854 4. 96.
3855 4. 96.
3856 4. 96.
3857 4. 96.
3858 4. 96.
3859 4. 96.
3860 4. 96.
3861 4. 96.
3862 4. 96.
3863 4. 96.
3864 4. 96.
3865 4. 96.
3866 4. 96.
3867 4. 96.
3868 4. 96.
3869 4. 96.
3870 4. 96.
3871 4. 96.
3872 4. 96.
3873 4. 96.
3874 4. 96.
3875 4. 96.
3876 4. 96.
3877 3. 97.
3878 3. 97.
3879 3. 97.
3880 3. 97.
3881 3. 97.
3882 3. 97.
3883 3. 97.
3884 3. 97.
3885 3. 97.
3886 3. 97.
3887 3. 97.
3888 3. 97.
3889 3. 97.
3890 3. 97.
3891 3. 97.
3892 3. 97.
3893 3. 97.
3894 3. 97.
3895 3. 97.
3896 3. 97.
3897 3. 97.
3898 3. 97.
3899 3. 97.
3900 3. 97.
3901 3. 97.
3902 3. 97.
3903 3. 97.
3904 3. 97.
3905 3. 97.
3906 3. 97.
3907 3. 97.
3908 2. 98.
3909 2. 98.
3910 2. 98.
3911 2. 98.
3912 2. 98.
3913 2. 98.
3914 2. 98.
3915 2. 98.
3916 2. 98.
3917 2. 98.
3918 2. 98.
3919 2. 98.
3920 2. 98.
3921 2. 98.
3922 2. 98.
3923 2. 98.
3924 2. 98.
3925 2. 98.
3926 2. 98.
3927 2. 98.
3928 2. 98.
3929 2. 98.
3930 2. 98.
3931 2. 98.
3932 2. 98.
3933 2. 98.
3934 2. 98.
3935 2. 98.
3936 2. 98.
3937 2. 98.
3938 2. 98.
3939 2. 98.
3940 2. 98.
3941 2. 98.
3942 2. 98.
3943 2. 98.
3944 2. 98.
3945 2. 98.
3946 2. 98.
3947 2. 98.
3948 2. 98.
3949 2. 98.
3950 2. 98.
3951 2. 98.
3952 2. 98.
3953 2. 98.
3954 2. 98.
3955 2. 98.
3956 2. 98.
3957 2. 98.
3958 2. 98.
3959 2. 98.
3960 2. 98.
3961 2. 98.
3962 2. 98.
3963 2. 98.
3964 2. 98.
3965 2. 98.
3966 2. 98.
3967 2. 98.
3968 2. 98.
3969 2. 98.
3970 2. 98.
3971 2. 98.
3972 2. 98.
3973 2. 98.
3974 2. 98.
3975 2. 98.
3976 2. 98.
3977 2. 98.
3978 2. 98.
3979 2. 98.
3980 2. 98.
3981 2. 98.
3982 2. 98.
3983 1. 99.
3984 1. 99.
3985 2. 98.
3986 2. 98.
3987 2. 98.
3988 2. 98.
3989 2. 98.
3990 2. 98.
3991 2. 98.
3992 2. 98.
3993 2. 98.
3994 2. 98.
3995 2. 98.
3996 2. 98.
3997 2. 98.
3998 2. 98.
3999 2. 98.
4000 2. 98.
4001 2. 98.
4002 2. 98.
4003 2. 98.
4004 2. 98.
4005 2. 98.
4006 2. 98.
4007 2. 98.
4008 2. 98.
4009 2. 98.
4010 1. 99.
4011 1. 99.
4012 1. 99.
4013 1. 99.
4014 1. 99.
4015 1. 99.
4016 1. 99.
4017 2. 98.
4018 2. 98.
4019 2. 98.
4020 2. 98.
4021 2. 98.
4022 2. 98.
4023 2. 98.
4024 2. 98.
4025 2. 98.
4026 2. 98.
4027 2. 98.
4028 2. 98.
4029 2. 98.
4030 2. 98.
4031 2. 98.
4032 2. 98.
4033 2. 98.
4034 2. 98.
4035 2. 98.
4036 2. 98.
4037 2. 98.
4038 2. 98.
4039 2. 98.
4040 2. 98.
4041 2. 98.
4042 2. 98.
4043 2. 98.
4044 2. 98.
4045 2. 98.
4046 2. 98.
4047 2. 98.
4048 2. 98.
4049 2. 98.
4050 2. 98.
4051 2. 98.
4052 2. 98.
4053 2. 98.
4054 2. 98.
4055 2. 98.
4056 2. 98.
4057 2. 98.
4058 2. 98.
4059 2. 98.
4060 2. 98.
4061 2. 98.
4062 2. 98.
4063 2. 98.
4064 2. 98.
4065 2. 98.
4066 2. 98.
4067 2. 98.
4068 2. 98.
4069 2. 98.
4070 2. 98.
4071 2. 98.
4072 2. 98.
4073 2. 98.
4074 2. 98.
4075 3. 97.
4076 3. 97.
4077 3. 97.
4078 3. 97.
4079 3. 97.
4080 3. 97.
4081 3. 97.
4082 3. 97.
4083 3. 97.
4084 3. 97.
4085 3. 97.
4086 3. 97.
4087 3. 97.
4088 3. 97.
4089 3. 97.
4090 3. 97.
4091 3. 97.
4092 3. 97.
4093 3. 97.
4094 3. 97.
4095 3. 97.
4096 3. 97.
4097 3. 97.
4098 3. 97.
4099 3. 97.
4100 3. 97.
4101 3. 97.
4102 3. 97.
4103 3. 97.
4104 3. 97.
4105 3. 97.
4106 3. 97.
4107 4. 96.
4108 4. 96.
4109 4. 96.
4110 4. 96.
4111 4. 96.
4112 4. 96.
4113 4. 96.
4114 4. 96.
4115 4. 96.
4116 4. 96.
4117 4. 96.
4118 4. 96.
4119 4. 96.
4120 4. 96.
4121 4. 96.
4122 4. 96.
4123 4. 96.
4124 4. 96.
4125 4. 96.
4126 4. 96.
4127 4. 96.
4128 4. 96.
4129 4. 96.
4130 4. 96.
4131 4. 96.
4132 4. 96.
4133 4. 96.
4134 4. 96.
4135 4. 96.
4136 4. 96.
4137 4. 96.
4138 4. 96.
4139 4. 96.
4140 4. 96.
4141 4. 96.
4142 4. 96.
4143 4. 96.
4144 4. 96.
4145 4. 96.
4146 4. 96.
4147 4. 96.
4148 3. 97.
4149 3. 97.
4150 3. 97.
4151 2. 98.
4152 2. 98.
4153 2. 98.
4154 2. 98.
4155 2. 98.
4156 2. 98.
4157 2. 98.
4158 2. 98.
4159 2. 98.
4160 2. 98.
4161 2. 98.
4162 2. 98.
4163 2. 98.
4164 2. 98.
4165 2. 98.
4166 2. 98.
4167 2. 98.
4168 2. 98.
4169 2. 98.
4170 2. 98.
4171 2. 98.
4172 2. 98.
4173 2. 98.
4174 2. 98.
4175 2. 98.
4176 2. 98.
4177 2. 98.
4178 2. 98.
4179 2. 98.
4180 2. 98.
4181 2. 98.
4182 2. 98.
4183 2. 98.
4184 2. 98.
4185 1. 99.
4186 1. 99.
4187 1. 99.
4188 1. 99.
4189 1. 99.
4190 1. 99.
4191 1. 99.
4192 1. 99.
4193 1. 99.
4194 1. 99.
4195 1. 99.
4196 1. 99.
4197 1. 99.
4198 1. 99.
4199 1. 99.
4200 1. 99.
4201 1. 99.
4202 1. 99.
4203 2. 98.
4204 2. 98.
4205 2. 98.
4206 2. 98.
4207 2. 98.
4208 2. 98.
4209 2. 98.
4210 2. 98.
4211 2. 98.
4212 2. 98.
4213 2. 98.
4214 2. 98.
4215 2. 98.
4216 2. 98.
4217 2. 98.
4218 2. 98.
4219 2. 98.
4220 2. 98.
4221 2. 98.
4222 2. 98.
4223 2. 98.
4224 2. 98.
4225 2. 98.
4226 2. 98.
4227 2. 98.
4228 2. 98.
4229 2. 98.
4230 2. 98.
4231 2. 98.
4232 2. 98.
4233 2. 98.
4234 2. 98.
4235 2. 98.
4236 2. 98.
4237 2. 98.
4238 2. 98.
4239 2. 98.
4240 2. 98.
4241 2. 98.
4242 2. 98.
4243 2. 98.
4244 2. 98.
4245 2. 98.
4246 2. 98.
4247 2. 98.
4248 2. 98.
4249 2. 98.
4250 2. 98.
4251 2. 98.
4252 2. 98.
4253 2. 98.
4254 2. 98.
4255 2. 98.
4256 2. 98.
4257 2. 98.
4258 2. 98.
4259 2. 98.
4260 2. 98.
4261 2. 98.
4262 2. 98.
4263 2. 98.
4264 2. 98.
4265 2. 98.
4266 2. 98.
4267 2. 98.
4268 2. 98.
4269 2. 98.
4270 2. 98.
4271 2. 98.
4272 2. 98.
4273 2. 98.
4274 2. 98.
4275 2. 98.
4276 2. 98.
4277 2. 98.
4278 2. 98.
4279 2. 98.
4280 2. 98.
4281 2. 98.
4282 2. 98.
4283 2. 98.
4284 2. 98.
4285 2. 98.
4286 2. 98.
4287 2. 98.
4288 2. 98.
4289 2. 98.
4290 2. 98.
4291 2. 98.
4292 2. 98.
4293 2. 98.
4294 2. 98.
4295 2. 98.
4296 2. 98.
4297 2. 98.
4298 2. 98.
4299 2. 98.
4300 2. 98.
4301 2. 98.
4302 2. 98.
4303 2. 98.
4304 2. 98.
4305 2. 98.
4306 2. 98.
4307 2. 98.
4308 2. 98.
4309 2. 98.
4310 2. 98.
4311 2. 98.
4312 2. 98.
4313 2. 98.
4314 2. 98.
4315 2. 98.
4316 2. 98.
4317 2. 98.
4318 2. 98.
4319 2. 98.
4320 2. 98.
4321 2. 98.
4322 2. 98.
4323 2. 98.
4324 2. 98.
4325 2. 98.
4326 2. 98.
4327 3. 97.
4328 3. 97.
4329 3. 97.
4330 3. 97.
4331 3. 97.
4332 3. 97.
4333 3. 97.
4334 3. 97.
4335 3. 97.
4336 3. 97.
4337 3. 97.
4338 3. 97.
4339 3. 97.
4340 3. 97.
4341 3. 97.
4342 3. 97.
4343 3. 97.
4344 3. 97.
4345 3. 97.
4346 3. 97.
4347 3. 97.
4348 3. 97.
4349 3. 97.
4350 3. 97.
4351 3. 97.
4352 3. 97.
4353 3. 97.
4354 3. 97.
4355 3. 97.
4356 3. 97.
4357 3. 97.
4358 3. 97.
4359 3. 97.
4360 3. 97.
4361 3. 97.
4362 3. 97.
4363 3. 97.
4364 3. 97.
4365 3. 97.
4366 3. 97.
4367 3. 97.
4368 3. 97.
4369 3. 97.
4370 3. 97.
4371 3. 97.
4372 3. 97.
4373 3. 97.
4374 3. 97.
4375 3. 97.
4376 3. 97.
4377 3. 97.
4378 3. 97.
4379 3. 97.
4380 3. 97.
4381 3. 97.
4382 3. 97.
4383 3. 97.
4384 3. 97.
4385 3. 97.
4386 3. 97.
4387 3. 97.
4388 3. 97.
4389 3. 97.
4390 3. 97.
4391 3. 97.
4392 3. 97.
4393 3. 97.
4394 3. 97.
4395 3. 97.
4396 3. 97.
4397 3. 97.
4398 3. 97.
4399 3. 97.
4400 3. 97.
4401 3. 97.
4402 3. 97.
4403 3. 97.
4404 3. 97.
4405 3. 97.
4406 3. 97.
4407 3. 97.
4408 3. 97.
4409 3. 97.
4410 3. 97.
4411 3. 97.
4412 3. 97.
4413 3. 97.
4414 3. 97.
4415 4. 96.
4416 4. 96.
4417 4. 96.
4418 4. 96.
4419 4. 96.
4420 4. 96.
4421 4. 96.
4422 4. 96.
4423 3. 97.
4424 3. 97.
4425 3. 97.
4426 3. 97.
4427 3. 97.
4428 3. 97.
4429 3. 97.
4430 3. 97.
4431 3. 97.
4432 3. 97.
4433 3. 97.
4434 3. 97.
4435 3. 97.
4436 3. 97.
4437 3. 97.
4438 3. 97.
4439 3. 97.
4440 3. 97.
4441 3. 97.
4442 3. 97.
4443 3. 97.
4444 3. 97.
4445 3. 97.
4446 3. 97.
4447 3. 97.
4448 3. 97.
4449 3. 97.
4450 3. 97.
4451 3. 97.
4452 3. 97.
4453 3. 97.
4454 3. 97.
4455 3. 97.
4456 3. 97.
4457 3. 97.
4458 3. 97.
4459 3. 97.
4460 3. 97.
4461 3. 97.
4462 3. 97.
4463 3. 97.
4464 3. 97.
4465 3. 97.
4466 3. 97.
4467 3. 97.
4468 3. 97.
4469 3. 97.
4470 3. 97.
4471 3. 97.
4472 3. 97.
4473 3. 97.
4474 3. 97.
4475 3. 97.
4476 3. 97.
4477 3. 97.
4478 3. 97.
4479 3. 97.
4480 3. 97.
4481 3. 97.
4482 3. 97.
4483 3. 97.
4484 3. 97.
4485 3. 97.
4486 3. 97.
4487 3. 97.
4488 3. 97.
4489 3. 97.
4490 3. 97.
4491 3. 97.
4492 3. 97.
4493 3. 97.
4494 3. 97.
4495 3. 97.
4496 3. 97.
4497 3. 97.
4498 3. 97.
4499 3. 97.
4500 3. 97.
4501 3. 97.
4502 3. 97.
4503 3. 97.
4504 3. 97.
4505 3. 97.
4506 3. 97.
4507 3. 97.
4508 3. 97.
4509 3. 97.
4510 3. 97.
4511 3. 97.
4512 3. 97.
4513 3. 97.
4514 3. 97.
4515 3. 97.
4516 2. 98.
4517 2. 98.
4518 2. 98.
4519 2. 98.
4520 2. 98.
4521 2. 98.
4522 2. 98.
4523 2. 98.
4524 2. 98.
4525 2. 98.
4526 2. 98.
4527 2. 98.
4528 2. 98.
4529 2. 98.
4530 2. 98.
4531 2. 98.
4532 2. 98.
4533 2. 98.
4534 2. 98.
4535 2. 98.
4536 2. 98.
4537 2. 98.
4538 2. 98.
4539 2. 98.
4540 2. 98.
4541 2. 98.
4542 2. 98.
4543 2. 98.
4544 2. 98.
4545 2. 98.
4546 2. 98.
4547 2. 98.
4548 2. 98.
4549 2. 98.
4550 2. 98.
4551 2. 98.
4552 2. 98.
4553 2. 98.
4554 2. 98.
4555 2. 98.
4556 2. 98.
4557 2. 98.
4558 2. 98.
4559 2. 98.
4560 2. 98.
4561 2. 98.
4562 2. 98.
4563 2. 98.
4564 2. 98.
4565 2. 98.
4566 2. 98.
4567 2. 98.
4568 2. 98.
4569 2. 98.
4570 2. 98.
4571 2. 98.
4572 2. 98.
4573 2. 98.
4574 2. 98.
4575 2. 98.
4576 2. 98.
4577 2. 98.
4578 2. 98.
4579 2. 98.
4580 2. 98.
4581 2. 98.
4582 2. 98.
4583 3. 97.
4584 3. 97.
4585 3. 97.
4586 3. 97.
4587 2. 98.
4588 2. 98.
4589 2. 98.
4590 2. 98.
4591 2. 98.
4592 2. 98.
4593 3. 97.
4594 3. 97.
4595 3. 97.
4596 3. 97.
4597 3. 97.
4598 3. 97.
4599 3. 97.
4600 3. 97.
4601 3. 97.
4602 3. 97.
4603 3. 97.
4604 3. 97.
4605 3. 97.
4606 3. 97.
4607 3. 97.
4608 3. 97.
4609 3. 97.
4610 3. 97.
4611 3. 97.
4612 3. 97.
4613 3. 97.
4614 3. 97.
4615 3. 97.
4616 3. 97.
4617 3. 97.
4618 3. 97.
4619 3. 97.
4620 3. 97.
4621 3. 97.
4622 3. 97.
4623 3. 97.
4624 3. 97.
4625 3. 97.
4626 3. 97.
4627 3. 97.
4628 3. 97.
4629 3. 97.
4630 3. 97.
4631 3. 97.
4632 3. 97.
4633 3. 97.
4634 3. 97.
4635 3. 97.
4636 3. 97.
4637 3. 97.
4638 3. 97.
4639 3. 97.
4640 3. 97.
4641 3. 97.
4642 3. 97.
4643 3. 97.
4644 3. 97.
4645 3. 97.
4646 3. 97.
4647 3. 97.
4648 3. 97.
4649 3. 97.
4650 3. 97.
4651 3. 97.
4652 3. 97.
4653 3. 97.
4654 3. 97.
4655 3. 97.
4656 3. 97.
4657 3. 97.
4658 3. 97.
4659 3. 97.
4660 3. 97.
4661 3. 97.
4662 3. 97.
4663 3. 97.
4664 3. 97.
4665 3. 97.
4666 3. 97.
4667 3. 97.
4668 3. 97.
4669 2. 98.
4670 2. 98.
4671 2. 98.
4672 2. 98.
4673 2. 98.
4674 2. 98.
4675 2. 98.
4676 2. 98.
4677 2. 98.
4678 2. 98.
4679 2. 98.
4680 2. 98.
4681 2. 98.
4682 2. 98.
4683 2. 98.
4684 2. 98.
4685 2. 98.
4686 2. 98.
4687 2. 98.
4688 2. 98.
4689 2. 98.
4690 2. 98.
4691 2. 98.
4692 2. 98.
4693 2. 98.
4694 2. 98.
4695 2. 98.
4696 2. 98.
4697 2. 98.
4698 2. 98.
4699 2. 98.
4700 2. 98.
4701 2. 98.
4702 2. 98.
4703 2. 98.
4704 2. 98.
4705 2. 98.
4706 2. 98.
4707 2. 98.
4708 2. 98.
4709 2. 98.
4710 2. 98.
4711 2. 98.
4712 2. 98.
4713 2. 98.
4714 2. 98.
4715 2. 98.
4716 2. 98.
4717 2. 98.
4718 2. 98.
4719 2. 98.
4720 2. 98.
4721 2. 98.
4722 2. 98.
4723 2. 98.
4724 2. 98.
4725 2. 98.
4726 2. 98.
4727 2. 98.
4728 2. 98.
4729 2. 98.
4730 2. 98.
4731 2. 98.
4732 2. 98.
4733 2. 98.
4734 2. 98.
4735 2. 98.
4736 2. 98.
4737 2. 98.
4738 2. 98.
4739 2. 98.
4740 2. 98.
4741 2. 98.
4742 2. 98.
4743 2. 98.
4744 2. 98.
4745 2. 98.
4746 2. 98.
4747 2. 98.
4748 2. 98.
4749 2. 98.
4750 2. 98.
4751 2. 98.
4752 2. 98.
4753 2. 98.
4754 2. 98.
4755 2. 98.
4756 2. 98.
4757 2. 98.
4758 2. 98.
4759 2. 98.
4760 2. 98.
4761 2. 98.
4762 2. 98.
4763 2. 98.
4764 2. 98.
4765 2. 98.
4766 2. 98.
4767 2. 98.
4768 2. 98.
4769 2. 98.
4770 2. 98.
4771 2. 98.
4772 2. 98.
4773 2. 98.
4774 2. 98.
4775 2. 98.
4776 2. 98.
4777 2. 98.
4778 2. 98.
4779 2. 98.
4780 2. 98.
4781 2. 98.
4782 2. 98.
4783 2. 98.
4784 2. 98.
4785 2. 98.
4786 2. 98.
4787 2. 98.
4788 2. 98.
4789 2. 98.
4790 2. 98.
4791 2. 98.
4792 2. 98.
4793 2. 98.
4794 2. 98.
4795 2. 98.
4796 2. 98.
4797 2. 98.
4798 2. 98.
4799 2. 98.
4800 2. 98.
4801 2. 98.
4802 2. 98.
4803 2. 98.
4804 2. 98.
4805 2. 98.
4806 2. 98.
4807 2. 98.
4808 2. 98.
4809 2. 98.
4810 2. 98.
4811 2. 98.
4812 2. 98.
4813 2. 98.
4814 2. 98.
4815 2. 98.
4816 2. 98.
4817 2. 98.
4818 2. 98.
4819 2. 98.
4820 2. 98.
4821 2. 98.
4822 2. 98.
4823 2. 98.
4824 2. 98.
4825 2. 98.
4826 2. 98.
4827 2. 98.
4828 2. 98.
4829 2. 98.
4830 2. 98.
4831 2. 98.
4832 2. 98.
4833 2. 98.
4834 2. 98.
4835 2. 98.
4836 2. 98.
4837 2. 98.
4838 2. 98.
4839 2. 98.
4840 3. 97.
4841 3. 97.
4842 3. 97.
4843 3. 97.
4844 3. 97.
4845 3. 97.
4846 3. 97.
4847 3. 97.
4848 3. 97.
4849 3. 97.
4850 3. 97.
4851 3. 97.
4852 3. 97.
4853 3. 97.
4854 3. 97.
4855 3. 97.
4856 3. 97.
4857 3. 97.
4858 3. 97.
4859 3. 97.
4860 3. 97.
4861 3. 97.
4862 3. 97.
4863 3. 97.
4864 3. 97.
4865 3. 97.
4866 3. 97.
4867 3. 97.
4868 3. 97.
4869 3. 97.
4870 3. 97.
4871 3. 97.
4872 3. 97.
4873 3. 97.
4874 3. 97.
4875 3. 97.
4876 3. 97.
4877 3. 97.
4878 3. 97.
4879 3. 97.
4880 3. 97.
4881 3. 97.
4882 3. 97.
4883 3. 97.
4884 3. 97.
4885 3. 97.
4886 3. 97.
4887 3. 97.
4888 2. 98.
4889 2. 98.
4890 2. 98.
4891 2. 98.
4892 2. 98.
4893 2. 98.
4894 2. 98.
4895 2. 98.
4896 2. 98.
4897 2. 98.
4898 2. 98.
4899 2. 98.
4900 3. 97.
4901 3. 97.
4902 3. 97.
4903 3. 97.
4904 2. 98.
4905 2. 98.
4906 2. 98.
4907 2. 98.
4908 2. 98.
4909 2. 98.
4910 2. 98.
4911 2. 98.
4912 2. 98.
4913 2. 98.
4914 2. 98.
4915 2. 98.
4916 2. 98.
4917 2. 98.
4918 2. 98.
4919 2. 98.
4920 2. 98.
4921 2. 98.
4922 2. 98.
4923 2. 98.
4924 2. 98.
4925 2. 98.
4926 2. 98.
4927 2. 98.
4928 2. 98.
4929 2. 98.
4930 2. 98.
4931 2. 98.
4932 2. 98.
4933 2. 98.
4934 2. 98.
4935 2. 98.
4936 2. 98.
4937 2. 98.
4938 2. 98.
4939 2. 98.
4940 2. 98.
4941 2. 98.
4942 2. 98.
4943 2. 98.
4944 2. 98.
4945 2. 98.
4946 2. 98.
4947 2. 98.
4948 2. 98.
4949 2. 98.
4950 2. 98.
4951 2. 98.
4952 2. 98.
4953 2. 98.
4954 2. 98.
4955 2. 98.
4956 2. 98.
4957 1. 99.
4958 1. 99.
4959 1. 99.
4960 1. 99.
4961 2. 98.
4962 2. 98.
4963 3. 97.
4964 3. 97.
4965 3. 97.
4966 2. 98.
4967 2. 98.
4968 2. 98.
4969 1. 99.
4970 1. 99.
4971 1. 99.
4972 1. 99.
4973 1. 99.
4974 1. 99.
4975 2. 98.
4976 2. 98.
4977 2. 98.
4978 2. 98.
4979 2. 98.
4980 2. 98.
4981 2. 98.
4982 2. 98.
4983 2. 98.
4984 2. 98.
4985 2. 98.
4986 2. 98.
4987 2. 98.
4988 2. 98.
4989 2. 98.
4990 2. 98.
4991 2. 98.
4992 2. 98.
4993 2. 98.
4994 2. 98.
4995 2. 98.
4996 2. 98.
4997 2. 98.
4998 2. 98.
4999 2. 98.
5000 2. 98.
5001 2. 98.
5002 2. 98.
5003 2. 98.
5004 2. 98.
5005 2. 98.
5006 2. 98.
5007 2. 98.
5008 2. 98.
5009 2. 98.
5010 2. 98.
5011 2. 98.
5012 2. 98.
5013 2. 98.
5014 2. 98.
5015 2. 98.
5016 2. 98.
5017 2. 98.
5018 2. 98.
5019 2. 98.
5020 2. 98.
5021 2. 98.
5022 2. 98.
5023 2. 98.
5024 2. 98.
5025 2. 98.
5026 2. 98.
5027 2. 98.
5028 2. 98.
5029 2. 98.
5030 2. 98.
5031 2. 98.
5032 2. 98.
5033 2. 98.
5034 2. 98.
5035 2. 98.
5036 2. 98.
5037 2. 98.
5038 2. 98.
5039 2. 98.
5040 2. 98.
5041 2. 98.
5042 2. 98.
5043 2. 98.
5044 2. 98.
5045 2. 98.
5046 2. 98.
5047 3. 97.
5048 3. 97.
5049 3. 97.
5050 3. 97.
5051 3. 97.
5052 3. 97.
5053 3. 97.
5054 3. 97.
5055 3. 97.
5056 3. 97.
5057 3. 97.
5058 3. 97.
5059 3. 97.
5060 3. 97.
5061 3. 97.
5062 3. 97.
5063 3. 97.
5064 3. 97.
5065 3. 97.
5066 3. 97.
5067 4. 96.
5068 4. 96.
5069 4. 96.
5070 4. 96.
5071 4. 96.
5072 4. 96.
5073 4. 96.
5074 4. 96.
5075 4. 96.
5076 4. 96.
5077 4. 96.
5078 4. 96.
5079 4. 96.
5080 4. 96.
5081 4. 96.
5082 4. 96.
5083 4. 96.
5084 4. 96.
5085 4. 96.
5086 4. 96.
5087 4. 96.
5088 4. 96.
5089 4. 96.
5090 4. 96.
5091 4. 96.
5092 4. 96.
5093 4. 96.
5094 4. 96.
5095 4. 96.
5096 4. 96.
5097 4. 96.
5098 4. 96.
5099 4. 96.
5100 4. 96.
5101 4. 96.
5102 4. 96.
5103 4. 96.
5104 4. 96.
5105 4. 96.
5106 4. 96.
5107 4. 96.
5108 4. 96.
5109 4. 96.
5110 4. 96.
5111 4. 96.
5112 4. 96.
5113 4. 96.
5114 4. 96.
5115 4. 96.
5116 4. 96.
5117 4. 96.
5118 4. 96.
5119 4. 96.
5120 4. 96.
5121 4. 96.
5122 4. 96.
5123 4. 96.
5124 4. 96.
5125 4. 96.
5126 4. 96.
5127 4. 96.
5128 4. 96.
5129 4. 96.
5130 4. 96.
5131 4. 96.
5132 4. 96.
5133 4. 96.
5134 4. 96.
5135 4. 96.
5136 4. 96.
5137 4. 96.
5138 4. 96.
5139 4. 96.
5140 4. 96.
5141 4. 96.
5142 4. 96.
5143 4. 96.
5144 4. 96.
5145 4. 96.
5146 4. 96.
5147 4. 96.
5148 4. 96.
5149 4. 96.
5150 4. 96.
5151 4. 96.
5152 4. 96.
5153 4. 96.
5154 4. 96.
5155 4. 96.
5156 4. 96.
5157 4. 96.
5158 4. 96.
5159 4. 96.
5160 4. 96.
5161 4. 96.
5162 4. 96.
5163 4. 96.
5164 4. 96.
5165 4. 96.
5166 4. 96.
5167 4. 96.
5168 4. 96.
5169 4. 96.
5170 4. 96.
5171 4. 96.
5172 4. 96.
5173 4. 96.
5174 4. 96.
5175 4. 96.
5176 4. 96.
5177 4. 96.
5178 4. 96.
5179 4. 96.
5180 4. 96.
5181 4. 96.
5182 4. 96.
5183 5. 95.
5184 5. 95.
5185 5. 95.
5186 4. 96.
5187 4. 96.
5188 4. 96.
5189 4. 96.
5190 4. 96.
5191 4. 96.
5192 4. 96.
5193 4. 96.
5194 4. 96.
5195 4. 96.
5196 4. 96.
5197 4. 96.
5198 4. 96.
5199 4. 96.
5200 4. 96.
5201 4. 96.
5202 4. 96.
5203 4. 96.
5204 4. 96.
5205 4. 96.
5206 4. 96.
5207 4. 96.
5208 4. 96.
5209 4. 96.
5210 4. 96.
5211 4. 96.
5212 4. 96.
5213 4. 96.
5214 4. 96.
5215 4. 96.
5216 4. 96.
5217 4. 96.
5218 4. 96.
5219 4. 96.
5220 4. 96.
5221 5. 95.
5222 5. 95.
5223 5. 95.
5224 5. 95.
5225 4. 96.
5226 4. 96.
5227 4. 96.
5228 4. 96.
5229 3. 97.
5230 3. 97.
5231 3. 97.
5232 3. 97.
5233 3. 97.
5234 3. 97.
5235 4. 96.
5236 4. 96.
5237 4. 96.
5238 4. 96.
5239 4. 96.
5240 4. 96.
5241 4. 96.
5242 4. 96.
5243 4. 96.
5244 4. 96.
5245 4. 96.
5246 4. 96.
5247 4. 96.
5248 4. 96.
5249 4. 96.
5250 4. 96.
5251 4. 96.
5252 5. 95.
5253 5. 95.
5254 5. 95.
5255 5. 95.
5256 5. 95.
5257 5. 95.
5258 5. 95.
5259 5. 95.
5260 5. 95.
5261 5. 95.
5262 5. 95.
5263 5. 95.
5264 5. 95.
5265 5. 95.
5266 5. 95.
5267 5. 95.
5268 5. 95.
5269 5. 95.
5270 6. 94.
5271 6. 94.
5272 6. 94.
5273 6. 94.
5274 6. 94.
5275 6. 94.
5276 6. 94.
5277 6. 94.
5278 6. 94.
5279 6. 94.
5280 6. 94.
5281 6. 94.
5282 6. 94.
5283 6. 94.
5284 6. 94.
5285 6. 94.
5286 6. 94.
5287 6. 94.
5288 6. 94.
5289 6. 94.
5290 6. 94.
5291 6. 94.
5292 6. 94.
5293 6. 94.
5294 6. 94.
5295 6. 94.
5296 6. 94.
5297 6. 94.
5298 6. 94.
5299 6. 94.
5300 6. 94.
5301 6. 94.
5302 6. 94.
5303 6. 94.
5304 6. 94.
5305 6. 94.
5306 6. 94.
5307 6. 94.
5308 6. 94.
5309 6. 94.
5310 6. 94.
5311 6. 94.
5312 6. 94.
5313 6. 94.
5314 6. 94.
5315 6. 94.
5316 6. 94.
5317 6. 94.
5318 6. 94.
5319 6. 94.
5320 6. 94.
5321 6. 94.
5322 6. 94.
5323 7. 93.
5324 7. 93.
5325 7. 93.
5326 7. 93.
5327 7. 93.
5328 7. 93.
5329 7. 93.
5330 6. 94.
5331 6. 94.
5332 6. 94.
5333 6. 94.
5334 6. 94.
5335 6. 94.
5336 6. 94.
5337 6. 94.
5338 6. 94.
5339 6. 94.
5340 6. 94.
5341 6. 94.
5342 6. 94.
5343 6. 94.
5344 6. 94.
5345 6. 94.
5346 5. 95.
5347 5. 95.
5348 5. 95.
5349 5. 95.
5350 5. 95.
5351 5. 95.
5352 5. 95.
5353 5. 95.
5354 5. 95.
5355 5. 95.
5356 5. 95.
5357 5. 95.
5358 5. 95.
5359 5. 95.
5360 5. 95.
5361 5. 95.
5362 5. 95.
5363 5. 95.
5364 5. 95.
5365 5. 95.
5366 5. 95.
5367 5. 95.
5368 5. 95.
5369 5. 95.
5370 5. 95.
5371 5. 95.
5372 5. 95.
5373 5. 95.
5374 5. 95.
5375 5. 95.
5376 5. 95.
5377 5. 95.
5378 5. 95.
5379 5. 95.
5380 5. 95.
5381 5. 95.
5382 5. 95.
5383 4. 96.
5384 4. 96.
5385 4. 96.
5386 4. 96.
5387 4. 96.
5388 4. 96.
5389 4. 96.
5390 4. 96.
5391 4. 96.
5392 4. 96.
5393 4. 96.
5394 4. 96.
5395 4. 96.
5396 4. 96.
5397 4. 96.
5398 4. 96.
5399 4. 96.
5400 4. 96.
5401 4. 96.
5402 4. 96.
5403 4. 96.
5404 4. 96.
5405 4. 96.
5406 4. 96.
5407 3. 97.
5408 3. 97.
5409 3. 97.
5410 3. 97.
5411 3. 97.
5412 3. 97.
5413 3. 97.
5414 3. 97.
5415 3. 97.
5416 3. 97.
5417 3. 97.
5418 3. 97.
5419 3. 97.
5420 3. 97.
5421 3. 97.
5422 3. 97.
5423 3. 97.
5424 3. 97.
5425 3. 97.
5426 3. 97.
5427 3. 97.
5428 3. 97.
5429 3. 97.
5430 3. 97.
5431 3. 97.
5432 4. 96.
5433 4. 96.
5434 4. 96.
5435 4. 96.
5436 4. 96.
5437 4. 96.
5438 4. 96.
5439 4. 96.
5440 4. 96.
5441 4. 96.
5442 4. 96.
5443 4. 96.
5444 4. 96.
5445 4. 96.
5446 4. 96.
5447 4. 96.
5448 4. 96.
5449 4. 96.
5450 4. 96.
5451 4. 96.
5452 4. 96.
5453 4. 96.
5454 4. 96.
5455 4. 96.
5456 4. 96.
5457 4. 96.
5458 4. 96.
5459 4. 96.
5460 4. 96.
5461 4. 96.
5462 4. 96.
5463 4. 96.
5464 4. 96.
5465 4. 96.
5466 4. 96.
5467 4. 96.
5468 4. 96.
5469 4. 96.
5470 4. 96.
5471 4. 96.
5472 4. 96.
5473 4. 96.
5474 4. 96.
5475 4. 96.
5476 5. 95.
5477 5. 95.
5478 5. 95.
5479 5. 95.
5480 5. 95.
5481 5. 95.
5482 5. 95.
5483 5. 95.
5484 5. 95.
5485 5. 95.
5486 5. 95.
5487 5. 95.
5488 5. 95.
5489 5. 95.
5490 5. 95.
5491 5. 95.
5492 5. 95.
5493 5. 95.
5494 5. 95.
5495 5. 95.
5496 5. 95.
5497 5. 95.
5498 5. 95.
5499 5. 95.
5500 5. 95.
5501 5. 95.
5502 5. 95.
5503 5. 95.
5504 5. 95.
5505 5. 95.
5506 5. 95.
5507 5. 95.
5508 5. 95.
5509 5. 95.
5510 5. 95.
5511 5. 95.
5512 5. 95.
5513 5. 95.
5514 5. 95.
5515 5. 95.
5516 5. 95.
5517 5. 95.
5518 5. 95.
5519 5. 95.
5520 5. 95.
5521 5. 95.
5522 5. 95.
5523 5. 95.
5524 5. 95.
5525 5. 95.
5526 4. 96.
5527 3. 97.
5528 3. 97.
5529 3. 97.
5530 3. 97.
5531 3. 97.
5532 3. 97.
5533 3. 97.
5534 3. 97.
5535 3. 97.
5536 3. 97.
5537 3. 97.
5538 3. 97.
5539 3. 97.
5540 3. 97.
5541 2. 98.
5542 2. 98.
5543 2. 98.
5544 2. 98.
5545 2. 98.
5546 2. 98.
5547 2. 98.
5548 2. 98.
5549 2. 98.
5550 2. 98.
5551 2. 98.
5552 2. 98.
5553 2. 98.
5554 2. 98.
5555 2. 98.
5556 2. 98.
5557 2. 98.
5558 2. 98.
5559 2. 98.
5560 2. 98.
5561 2. 98.
5562 2. 98.
5563 2. 98.
5564 2. 98.
5565 2. 98.
5566 2. 98.
5567 2. 98.
5568 2. 98.
5569 2. 98.
5570 2. 98.
5571 2. 98.
5572 2. 98.
5573 2. 98.
5574 2. 98.
5575 2. 98.
5576 2. 98.
5577 2. 98.
5578 2. 98.
5579 2. 98.
5580 2. 98.
5581 2. 98.
5582 2. 98.
5583 2. 98.
5584 2. 98.
5585 2. 98.
5586 2. 98.
5587 2. 98.
5588 2. 98.
5589 2. 98.
5590 2. 98.
5591 2. 98.
5592 2. 98.
5593 2. 98.
5594 2. 98.
5595 2. 98.
5596 2. 98.
5597 2. 98.
5598 2. 98.
5599 2. 98.
5600 2. 98.
5601 2. 98.
5602 2. 98.
5603 2. 98.
5604 2. 98.
5605 2. 98.
5606 2. 98.
5607 2. 98.
5608 2. 98.
5609 2. 98.
5610 2. 98.
5611 2. 98.
5612 2. 98.
5613 2. 98.
5614 2. 98.
5615 2. 98.
5616 2. 98.
5617 2. 98.
5618 2. 98.
5619 2. 98.
5620 2. 98.
5621 2. 98.
5622 2. 98.
5623 2. 98.
5624 3. 97.
5625 3. 97.
5626 3. 97.
5627 3. 97.
5628 3. 97.
5629 3. 97.
5630 3. 97.
5631 3. 97.
5632 3. 97.
5633 3. 97.
5634 3. 97.
5635 3. 97.
5636 3. 97.
5637 3. 97.
5638 3. 97.
5639 3. 97.
5640 3. 97.
5641 3. 97.
5642 3. 97.
5643 3. 97.
5644 3. 97.
5645 3. 97.
5646 3. 97.
5647 3. 97.
5648 4. 96.
5649 3. 97.
5650 3. 97.
5651 2. 98.
5652 2. 98.
5653 2. 98.
5654 2. 98.
5655 2. 98.
5656 2. 98.
5657 2. 98.
5658 2. 98.
5659 2. 98.
5660 2. 98.
5661 2. 98.
5662 2. 98.
5663 2. 98.
5664 2. 98.
5665 2. 98.
5666 2. 98.
5667 2. 98.
5668 2. 98.
5669 2. 98.
5670 2. 98.
5671 2. 98.
5672 2. 98.
5673 2. 98.
5674 2. 98.
5675 2. 98.
5676 2. 98.
5677 2. 98.
5678 2. 98.
5679 2. 98.
5680 2. 98.
5681 2. 98.
5682 2. 98.
5683 2. 98.
5684 2. 98.
5685 3. 97.
5686 3. 97.
5687 3. 97.
5688 3. 97.
5689 3. 97.
5690 3. 97.
5691 3. 97.
5692 3. 97.
5693 3. 97.
5694 3. 97.
5695 3. 97.
5696 3. 97.
5697 3. 97.
5698 3. 97.
5699 3. 97.
5700 3. 97.
5701 3. 97.
5702 3. 97.
5703 3. 97.
5704 3. 97.
5705 3. 97.
5706 3. 97.
5707 3. 97.
5708 3. 97.
5709 3. 97.
5710 3. 97.
5711 3. 97.
5712 3. 97.
5713 3. 97.
5714 3. 97.
5715 3. 97.
5716 3. 97.
5717 2. 98.
5718 2. 98.
5719 2. 98.
5720 2. 98.
5721 2. 98.
5722 2. 98.
5723 2. 98.
5724 2. 98.
5725 2. 98.
5726 2. 98.
5727 2. 98.
5728 2. 98.
5729 2. 98.
5730 2. 98.
5731 2. 98.
5732 2. 98.
5733 2. 98.
5734 2. 98.
5735 2. 98.
5736 2. 98.
5737 2. 98.
5738 2. 98.
5739 2. 98.
5740 2. 98.
5741 2. 98.
5742 2. 98.
5743 2. 98.
5744 2. 98.
5745 2. 98.
5746 2. 98.
5747 1. 99.
5748 1. 99.
5749 1. 99.
5750 1. 99.
5751 1. 99.
5752 1. 99.
5753 1. 99.
5754 1. 99.
5755 1. 99.
5756 1. 99.
5757 1. 99.
5758 1. 99.
5759 1. 99.
5760 1. 99.
5761 1. 99.
5762 1. 99.
5763 1. 99.
5764 1. 99.
5765 1. 99.
5766 1. 99.
5767 1. 99.
5768 1. 99.
5769 1. 99.
5770 1. 99.
5771 1. 99.
5772 1. 99.
5773 1. 99.
5774 1. 99.
5775 1. 99.
5776 1. 99.
5777 1. 99.
5778 1. 99.
5779 1. 99.
5780 1. 99.
5781 1. 99.
5782 1. 99.
5783 1. 99.
5784 1. 99.
5785 1. 99.
5786 1. 99.
5787 1. 99.
5788 1. 99.
5789 1. 99.
5790 1. 99.
5791 1. 99.
5792 1. 99.
5793 1. 99.
5794 1. 99.
5795 1. 99.
5796 1. 99.
5797 1. 99.
5798 1. 99.
5799 1. 99.
5800 1. 99.
5801 1. 99.
5802 1. 99.
5803 1. 99.
5804 1. 99.
5805 1. 99.
5806 1. 99.
5807 1. 99.
5808 1. 99.
5809 1. 99.
5810 1. 99.
5811 1. 99.
5812 1. 99.
5813 1. 99.
5814 1. 99.
5815 1. 99.
5816 1. 99.
5817 1. 99.
5818 1. 99.
5819 1. 99.
5820 1. 99.
5821 1. 99.
5822 1. 99.
5823 1. 99.
5824 1. 99.
5825 1. 99.
5826 1. 99.
5827 1. 99.
5828 1. 99.
5829 1. 99.
5830 1. 99.
5831 2. 98.
5832 2. 98.
5833 2. 98.
5834 2. 98.
5835 2. 98.
5836 2. 98.
5837 2. 98.
5838 2. 98.
5839 2. 98.
5840 2. 98.
5841 2. 98.
5842 2. 98.
5843 2. 98.
5844 2. 98.
5845 2. 98.
5846 2. 98.
5847 2. 98.
5848 2. 98.
5849 2. 98.
5850 2. 98.
5851 2. 98.
5852 2. 98.
5853 2. 98.
5854 2. 98.
5855 2. 98.
5856 2. 98.
5857 2. 98.
5858 2. 98.
5859 2. 98.
5860 2. 98.
5861 2. 98.
5862 2. 98.
5863 2. 98.
5864 2. 98.
5865 2. 98.
5866 2. 98.
5867 2. 98.
5868 2. 98.
5869 2. 98.
5870 2. 98.
5871 2. 98.
5872 2. 98.
5873 2. 98.
5874 2. 98.
5875 2. 98.
5876 2. 98.
5877 3. 97.
5878 3. 97.
5879 3. 97.
5880 3. 97.
5881 3. 97.
5882 3. 97.
5883 3. 97.
5884 3. 97.
5885 4. 96.
5886 4. 96.
5887 4. 96.
5888 4. 96.
5889 4. 96.
5890 4. 96.
5891 3. 97.
5892 3. 97.
5893 3. 97.
5894 3. 97.
5895 3. 97.
5896 3. 97.
5897 3. 97.
5898 3. 97.
5899 3. 97.
5900 3. 97.
5901 3. 97.
5902 3. 97.
5903 3. 97.
5904 3. 97.
5905 3. 97.
5906 3. 97.
5907 3. 97.
5908 3. 97.
5909 3. 97.
5910 3. 97.
5911 3. 97.
5912 3. 97.
5913 3. 97.
5914 3. 97.
5915 3. 97.
5916 3. 97.
5917 3. 97.
5918 3. 97.
5919 3. 97.
5920 3. 97.
5921 3. 97.
5922 3. 97.
5923 3. 97.
5924 3. 97.
5925 3. 97.
5926 3. 97.
5927 3. 97.
5928 3. 97.
5929 3. 97.
5930 3. 97.
5931 3. 97.
5932 3. 97.
5933 3. 97.
5934 3. 97.
5935 3. 97.
5936 3. 97.
5937 3. 97.
5938 4. 96.
5939 4. 96.
5940 4. 96.
5941 4. 96.
5942 4. 96.
5943 4. 96.
5944 4. 96.
5945 4. 96.
5946 4. 96.
5947 4. 96.
5948 4. 96.
5949 4. 96.
5950 4. 96.
5951 5. 95.
5952 5. 95.
5953 5. 95.
5954 5. 95.
5955 5. 95.
5956 5. 95.
5957 5. 95.
5958 5. 95.
5959 5. 95.
5960 5. 95.
5961 5. 95.
5962 5. 95.
5963 5. 95.
5964 5. 95.
5965 5. 95.
5966 5. 95.
5967 5. 95.
5968 5. 95.
5969 5. 95.
5970 5. 95.
5971 5. 95.
5972 5. 95.
5973 5. 95.
5974 4. 96.
5975 4. 96.
5976 4. 96.
5977 4. 96.
5978 4. 96.
5979 4. 96.
5980 4. 96.
5981 4. 96.
5982 4. 96.
5983 4. 96.
5984 4. 96.
5985 3. 97.
5986 3. 97.
5987 3. 97.
5988 3. 97.
5989 3. 97.
5990 3. 97.
5991 3. 97.
5992 3. 97.
5993 3. 97.
5994 2. 98.
5995 2. 98.
5996 2. 98.
5997 2. 98.
5998 2. 98.
5999 2. 98.
6000 2. 98.
6001 2. 98.
6002 2. 98.
6003 2. 98.
6004 2. 98.
6005 2. 98.
6006 2. 98.
6007 2. 98.
6008 2. 98.
6009 3. 97.
6010 3. 97.
6011 3. 97.
6012 3. 97.
6013 3. 97.
6014 3. 97.
6015 3. 97.
6016 3. 97.
6017 3. 97.
6018 3. 97.
6019 3. 97.
6020 3. 97.
6021 3. 97.
6022 3. 97.
6023 3. 97.
6024 3. 97.
6025 3. 97.
6026 3. 97.
6027 2. 98.
6028 2. 98.
6029 2. 98.
6030 3. 97.
6031 3. 97.
6032 3. 97.
6033 3. 97.
6034 3. 97.
6035 3. 97.
6036 3. 97.
6037 3. 97.
6038 3. 97.
6039 3. 97.
6040 3. 97.
6041 3. 97.
6042 3. 97.
6043 3. 97.
6044 3. 97.
6045 2. 98.
6046 2. 98.
6047 2. 98.
6048 2. 98.
6049 2. 98.
6050 2. 98.
6051 2. 98.
6052 2. 98.
6053 2. 98.
6054 2. 98.
6055 2. 98.
6056 2. 98.
6057 2. 98.
6058 2. 98.
6059 2. 98.
6060 2. 98.
6061 2. 98.
6062 2. 98.
6063 2. 98.
6064 2. 98.
6065 2. 98.
6066 2. 98.
6067 2. 98.
6068 2. 98.
6069 2. 98.
6070 2. 98.
6071 2. 98.
6072 2. 98.
6073 2. 98.
6074 2. 98.
6075 2. 98.
6076 2. 98.
6077 2. 98.
6078 2. 98.
6079 2. 98.
6080 2. 98.
6081 2. 98.
6082 2. 98.
6083 2. 98.
6084 2. 98.
6085 2. 98.
6086 2. 98.
6087 2. 98.
6088 2. 98.
6089 2. 98.
6090 1. 99.
6091 1. 99.
6092 1. 99.
6093 1. 99.
6094 1. 99.
6095 1. 99.
6096 1. 99.
6097 1. 99.
6098 1. 99.
6099 1. 99.
6100 1. 99.
6101 1. 99.
6102 1. 99.
6103 1. 99.
6104 1. 99.
6105 1. 99.
6106 1. 99.
6107 1. 99.
6108 1. 99.
6109 1. 99.
6110 1. 99.
6111 1. 99.
6112 1. 99.
6113 1. 99.
6114 1. 99.
6115 1. 99.
6116 1. 99.
6117 1. 99.
6118 1. 99.
6119 1. 99.
6120 1. 99.
6121 1. 99.
6122 1. 99.
6123 1. 99.
6124 1. 99.
6125 1. 99.
6126 1. 99.
6127 1. 99.
6128 1. 99.
6129 1. 99.
6130 1. 99.
6131 1. 99.
6132 1. 99.
6133 1. 99.
6134 1. 99.
6135 1. 99.
6136 1. 99.
6137 1. 99.
6138 1. 99.
6139 1. 99.
6140 1. 99.
6141 1. 99.
6142 1. 99.
6143 1. 99.
6144 1. 99.
6145 1. 99.
6146 1. 99.
6147 1. 99.
6148 1. 99.
6149 1. 99.
6150 1. 99.
6151 1. 99.
6152 1. 99.
6153 1. 99.
6154 1. 99.
6155 1. 99.
6156 1. 99.
6157 1. 99.
6158 1. 99.
6159 1. 99.
6160 1. 99.
6161 1. 99.
6162 1. 99.
6163 1. 99.
6164 1. 99.
6165 1. 99.
6166 1. 99.
6167 1. 99.
6168 1. 99.
6169 1. 99.
6170 1. 99.
6171 1. 99.
6172 1. 99.
6173 1. 99.
6174 1. 99.
6175 1. 99.
6176 1. 99.
6177 1. 99.
6178 1. 99.
6179 1. 99.
6180 1. 99.
6181 1. 99.
6182 2. 98.
6183 2. 98.
6184 2. 98.
6185 2. 98.
6186 2. 98.
6187 2. 98.
6188 2. 98.
6189 2. 98.
6190 2. 98.
6191 2. 98.
6192 2. 98.
6193 2. 98.
6194 2. 98.
6195 2. 98.
6196 2. 98.
6197 2. 98.
6198 2. 98.
6199 2. 98.
6200 2. 98.
6201 2. 98.
6202 2. 98.
6203 2. 98.
6204 2. 98.
6205 2. 98.
6206 2. 98.
6207 2. 98.
6208 2. 98.
6209 2. 98.
6210 2. 98.
6211 2. 98.
6212 2. 98.
6213 2. 98.
6214 2. 98.
6215 2. 98.
6216 2. 98.
6217 2. 98.
6218 2. 98.
6219 2. 98.
6220 2. 98.
6221 2. 98.
6222 2. 98.
6223 2. 98.
6224 2. 98.
6225 2. 98.
6226 2. 98.
6227 2. 98.
6228 2. 98.
6229 2. 98.
6230 2. 98.
6231 2. 98.
6232 2. 98.
6233 2. 98.
6234 2. 98.
6235 2. 98.
6236 2. 98.
6237 2. 98.
6238 2. 98.
6239 2. 98.
6240 2. 98.
6241 2. 98.
6242 2. 98.
6243 2. 98.
6244 2. 98.
6245 2. 98.
6246 2. 98.
6247 2. 98.
6248 2. 98.
6249 2. 98.
6250 2. 98.
6251 2. 98.
6252 2. 98.
6253 2. 98.
6254 2. 98.
6255 2. 98.
6256 2. 98.
6257 2. 98.
6258 2. 98.
6259 2. 98.
6260 2. 98.
6261 2. 98.
6262 2. 98.
6263 2. 98.
6264 2. 98.
6265 2. 98.
6266 2. 98.
6267 2. 98.
6268 2. 98.
6269 2. 98.
6270 2. 98.
6271 2. 98.
6272 2. 98.
6273 2. 98.
6274 2. 98.
6275 2. 98.
6276 2. 98.
6277 2. 98.
6278 2. 98.
6279 2. 98.
6280 2. 98.
6281 2. 98.
6282 2. 98.
6283 2. 98.
6284 2. 98.
6285 2. 98.
6286 2. 98.
6287 2. 98.
6288 2. 98.
6289 2. 98.
6290 2. 98.
6291 2. 98.
6292 2. 98.
6293 2. 98.
6294 2. 98.
6295 2. 98.
6296 2. 98.
6297 2. 98.
6298 2. 98.
6299 2. 98.
6300 2. 98.
6301 2. 98.
6302 2. 98.
6303 2. 98.
6304 2. 98.
6305 2. 98.
6306 2. 98.
6307 2. 98.
6308 2. 98.
6309 2. 98.
6310 2. 98.
6311 2. 98.
6312 2. 98.
6313 2. 98.
6314 2. 98.
6315 2. 98.
6316 2. 98.
6317 2. 98.
6318 2. 98.
6319 2. 98.
6320 2. 98.
6321 2. 98.
6322 2. 98.
6323 2. 98.
6324 2. 98.
6325 2. 98.
6326 2. 98.
6327 2. 98.
6328 2. 98.
6329 2. 98.
6330 2. 98.
6331 2. 98.
6332 2. 98.
6333 2. 98.
6334 2. 98.
6335 2. 98.
6336 2. 98.
6337 2. 98.
6338 2. 98.
6339 2. 98.
6340 2. 98.
6341 2. 98.
6342 2. 98.
6343 2. 98.
6344 2. 98.
6345 2. 98.
6346 2. 98.
6347 2. 98.
6348 2. 98.
6349 2. 98.
6350 2. 98.
6351 2. 98.
6352 2. 98.
6353 2. 98.
6354 2. 98.
6355 2. 98.
6356 2. 98.
6357 2. 98.
6358 2. 98.
6359 2. 98.
6360 2. 98.
6361 2. 98.
6362 2. 98.
6363 2. 98.
6364 2. 98.
6365 2. 98.
6366 2. 98.
6367 2. 98.
6368 2. 98.
6369 2. 98.
6370 2. 98.
6371 2. 98.
6372 3. 97.
6373 3. 97.
6374 3. 97.
6375 3. 97.
6376 3. 97.
6377 3. 97.
6378 3. 97.
6379 3. 97.
6380 3. 97.
6381 3. 97.
6382 3. 97.
6383 3. 97.
6384 3. 97.
6385 3. 97.
6386 3. 97.
6387 3. 97.
6388 3. 97.
6389 3. 97.
6390 3. 97.
6391 3. 97.
6392 3. 97.
6393 3. 97.
6394 3. 97.
6395 3. 97.
6396 3. 97.
6397 3. 97.
6398 3. 97.
6399 3. 97.
6400 3. 97.
6401 3. 97.
6402 3. 97.
6403 3. 97.
6404 3. 97.
6405 3. 97.
6406 3. 97.
6407 3. 97.
6408 3. 97.
6409 3. 97.
6410 3. 97.
6411 3. 97.
6412 3. 97.
6413 3. 97.
6414 3. 97.
6415 3. 97.
6416 3. 97.
6417 3. 97.
6418 3. 97.
6419 3. 97.
6420 3. 97.
6421 3. 97.
6422 3. 97.
6423 3. 97.
6424 3. 97.
6425 3. 97.
6426 3. 97.
6427 3. 97.
6428 3. 97.
6429 3. 97.
6430 3. 97.
6431 3. 97.
6432 3. 97.
6433 3. 97.
6434 3. 97.
6435 3. 97.
6436 2. 98.
6437 2. 98.
6438 2. 98.
6439 2. 98.
6440 2. 98.
6441 2. 98.
6442 2. 98.
6443 2. 98.
6444 2. 98.
6445 2. 98.
6446 2. 98.
6447 2. 98.
6448 2. 98.
6449 2. 98.
6450 2. 98.
6451 2. 98.
6452 3. 97.
6453 3. 97.
6454 3. 97.
6455 3. 97.
6456 3. 97.
6457 3. 97.
6458 3. 97.
6459 3. 97.
6460 3. 97.
6461 3. 97.
6462 3. 97.
6463 3. 97.
6464 3. 97.
6465 3. 97.
6466 3. 97.
6467 3. 97.
6468 3. 97.
6469 3. 97.
6470 3. 97.
6471 3. 97.
6472 3. 97.
6473 3. 97.
6474 3. 97.
6475 3. 97.
6476 3. 97.
6477 3. 97.
6478 3. 97.
6479 3. 97.
6480 3. 97.
6481 3. 97.
6482 3. 97.
6483 3. 97.
6484 3. 97.
6485 3. 97.
6486 3. 97.
6487 3. 97.
6488 3. 97.
6489 3. 97.
6490 3. 97.
6491 3. 97.
6492 3. 97.
6493 3. 97.
6494 3. 97.
6495 3. 97.
6496 3. 97.
6497 3. 97.
6498 3. 97.
6499 3. 97.
6500 3. 97.
6501 3. 97.
6502 3. 97.
6503 3. 97.
6504 4. 96.
6505 4. 96.
6506 4. 96.
6507 4. 96.
6508 4. 96.
6509 4. 96.
6510 3. 97.
6511 3. 97.
6512 3. 97.
6513 3. 97.
6514 4. 96.
6515 4. 96.
6516 4. 96.
6517 4. 96.
6518 4. 96.
6519 4. 96.
6520 4. 96.
6521 4. 96.
6522 4. 96.
6523 3. 97.
6524 3. 97.
6525 3. 97.
6526 3. 97.
6527 3. 97.
6528 3. 97.
6529 3. 97.
6530 3. 97.
6531 3. 97.
6532 3. 97.
6533 3. 97.
6534 3. 97.
6535 3. 97.
6536 3. 97.
6537 3. 97.
6538 3. 97.
6539 3. 97.
6540 3. 97.
6541 3. 97.
6542 3. 97.
6543 3. 97.
6544 3. 97.
6545 3. 97.
6546 3. 97.
6547 3. 97.
6548 3. 97.
6549 3. 97.
6550 3. 97.
6551 3. 97.
6552 3. 97.
6553 3. 97.
6554 3. 97.
6555 3. 97.
6556 4. 96.
6557 3. 97.
6558 3. 97.
6559 3. 97.
6560 4. 96.
6561 4. 96.
6562 4. 96.
6563 4. 96.
6564 4. 96.
6565 4. 96.
6566 4. 96.
6567 4. 96.
6568 4. 96.
6569 4. 96.
6570 4. 96.
6571 4. 96.
6572 4. 96.
6573 4. 96.
6574 4. 96.
6575 3. 97.
6576 3. 97.
6577 3. 97.
6578 3. 97.
6579 3. 97.
6580 3. 97.
6581 3. 97.
6582 3. 97.
6583 4. 96.
6584 4. 96.
6585 4. 96.
6586 4. 96.
6587 4. 96.
6588 4. 96.
6589 4. 96.
6590 4. 96.
6591 4. 96.
6592 4. 96.
6593 4. 96.
6594 4. 96.
6595 4. 96.
6596 4. 96.
6597 4. 96.
6598 4. 96.
6599 4. 96.
6600 4. 96.
6601 4. 96.
6602 4. 96.
6603 4. 96.
6604 4. 96.
6605 4. 96.
6606 3. 97.
6607 3. 97.
6608 3. 97.
6609 4. 96.
6610 4. 96.
6611 4. 96.
6612 4. 96.
6613 4. 96.
6614 4. 96.
6615 4. 96.
6616 4. 96.
6617 4. 96.
6618 4. 96.
6619 4. 96.
6620 4. 96.
6621 4. 96.
6622 4. 96.
6623 4. 96.
6624 4. 96.
6625 4. 96.
6626 4. 96.
6627 4. 96.
6628 4. 96.
6629 4. 96.
6630 4. 96.
6631 4. 96.
6632 4. 96.
6633 4. 96.
6634 4. 96.
6635 4. 96.
6636 4. 96.
6637 4. 96.
6638 4. 96.
6639 4. 96.
6640 4. 96.
6641 4. 96.
6642 4. 96.
6643 4. 96.
6644 4. 96.
6645 4. 96.
6646 4. 96.
6647 4. 96.
6648 4. 96.
6649 4. 96.
6650 4. 96.
6651 4. 96.
6652 4. 96.
6653 3. 97.
6654 3. 97.
6655 3. 97.
6656 3. 97.
6657 3. 97.
6658 3. 97.
6659 3. 97.
6660 3. 97.
6661 3. 97.
6662 2. 98.
6663 2. 98.
6664 2. 98.
6665 2. 98.
6666 2. 98.
6667 2. 98.
6668 2. 98.
6669 2. 98.
6670 2. 98.
6671 2. 98.
6672 2. 98.
6673 2. 98.
6674 2. 98.
6675 2. 98.
6676 2. 98.
6677 2. 98.
6678 2. 98.
6679 2. 98.
6680 2. 98.
6681 2. 98.
6682 2. 98.
6683 1. 99.
6684 1. 99.
6685 1. 99.
6686 2. 98.
6687 2. 98.
6688 2. 98.
6689 2. 98.
6690 2. 98.
6691 2. 98.
6692 2. 98.
6693 2. 98.
6694 2. 98.
6695 2. 98.
6696 2. 98.
6697 2. 98.
6698 2. 98.
6699 2. 98.
6700 2. 98.
6701 2. 98.
6702 2. 98.
6703 2. 98.
6704 2. 98.
6705 2. 98.
6706 2. 98.
6707 2. 98.
6708 2. 98.
6709 2. 98.
6710 2. 98.
6711 2. 98.
6712 2. 98.
6713 2. 98.
6714 2. 98.
6715 1. 99.
6716 1. 99.
6717 1. 99.
6718 1. 99.
6719 1. 99.
6720 1. 99.
6721 1. 99.
6722 1. 99.
6723 1. 99.
6724 1. 99.
6725 1. 99.
6726 1. 99.
6727 1. 99.
6728 1. 99.
6729 1. 99.
6730 1. 99.
6731 1. 99.
6732 1. 99.
6733 1. 99.
6734 1. 99.
6735 1. 99.
6736 1. 99.
6737 1. 99.
6738 1. 99.
6739 1. 99.
6740 1. 99.
6741 1. 99.
6742 1. 99.
6743 1. 99.
6744 1. 99.
6745 1. 99.
6746 1. 99.
6747 1. 99.
6748 1. 99.
6749 1. 99.
6750 1. 99.
6751 1. 99.
6752 1. 99.
6753 1. 99.
6754 1. 99.
6755 1. 99.
6756 1. 99.
6757 1. 99.
6758 1. 99.
6759 1. 99.
6760 1. 99.
6761 1. 99.
6762 2. 98.
6763 2. 98.
6764 2. 98.
6765 2. 98.
6766 2. 98.
6767 2. 98.
6768 2. 98.
6769 2. 98.
6770 2. 98.
6771 2. 98.
6772 2. 98.
6773 2. 98.
6774 1. 99.
6775 1. 99.
6776 1. 99.
6777 1. 99.
6778 1. 99.
6779 1. 99.
6780 1. 99.
6781 1. 99.
6782 1. 99.
6783 1. 99.
6784 1. 99.
6785 1. 99.
6786 1. 99.
6787 1. 99.
