0 19. 81.
1 19. 81.
2 19. 81.
3 19. 81.
4 19. 81.
5 19. 81.
6 19. 81.
7 19. 81.
8 20. 80.
9 20. 80.
10 20. 80.
11 20. 80.
12 20. 80.
13 20. 80.
14 20. 80.
15 21. 79.
16 22. 78.
17 22. 78.
18 22. 78.
19 22. 78.
20 22. 78.
21 21. 79.
22 21. 79.
23 22. 78.
24 21. 79.
25 21. 79.
26 21. 79.
27 21. 79.
28 21. 79.
29 20. 80.
30 19. 81.
31 19. 81.
32 19. 81.
33 19. 81.
34 19. 81.
35 20. 80.
36 19. 81.
37 19. 81.
38 19. 81.
39 19. 81.
40 19. 81.
41 19. 81.
42 19. 81.
43 19. 81.
44 19. 81.
45 19. 81.
46 18. 82.
47 18. 82.
48 18. 82.
49 18. 82.
50 18. 82.
51 18. 82.
52 18. 82.
53 18. 82.
54 18. 82.
55 18. 82.
56 19. 81.
57 19. 81.
58 20. 80.
59 20. 80.
60 20. 80.
61 20. 80.
62 20. 80.
63 20. 80.
64 20. 80.
65 20. 80.
66 20. 80.
67 20. 80.
68 20. 80.
69 20. 80.
70 20. 80.
71 20. 80.
72 21. 79.
73 21. 79.
74 21. 79.
75 21. 79.
76 21. 79.
77 20. 80.
78 20. 80.
79 20. 80.
80 20. 80.
81 20. 80.
82 20. 80.
83 20. 80.
84 20. 80.
85 20. 80.
86 20. 80.
87 20. 80.
88 20. 80.
89 19. 81.
90 19. 81.
91 20. 80.
92 20. 80.
93 19. 81.
94 19. 81.
95 20. 80.
96 21. 79.
97 21. 79.
98 21. 79.
99 21. 79.
100 21. 79.
101 21. 79.
102 21. 79.
103 21. 79.
104 21. 79.
105 21. 79.
106 21. 79.
107 22. 78.
108 22. 78.
109 22. 78.
110 22. 78.
111 22. 78.
112 21. 79.
113 21. 79.
114 21. 79.
115 21. 79.
116 21. 79.
117 21. 79.
118 20. 80.
119 20. 80.
120 20. 80.
121 20. 80.
122 20. 80.
123 20. 80.
124 20. 80.
125 20. 80.
126 20. 80.
127 20. 80.
128 20. 80.
129 20. 80.
130 20. 80.
131 20. 80.
132 20. 80.
133 21. 79.
134 21. 79.
135 20. 80.
136 20. 80.
137 20. 80.
138 20. 80.
139 20. 80.
140 20. 80.
141 20. 80.
142 21. 79.
143 20. 80.
144 20. 80.
145 20. 80.
146 20. 80.
147 20. 80.
148 20. 80.
149 19. 81.
150 20. 80.
151 19. 81.
152 18. 82.
153 19. 81.
154 19. 81.
155 19. 81.
156 19. 81.
157 19. 81.
158 20. 80.
159 20. 80.
160 20. 80.
161 20. 80.
162 20. 80.
163 20. 80.
164 20. 80.
165 20. 80.
166 20. 80.
167 20. 80.
168 21. 79.
169 21. 79.
170 21. 79.
171 21. 79.
172 21. 79.
173 22. 78.
174 21. 79.
175 21. 79.
176 21. 79.
177 20. 80.
178 20. 80.
179 20. 80.
180 21. 79.
181 21. 79.
182 21. 79.
183 20. 80.
184 20. 80.
185 20. 80.
186 20. 80.
187 20. 80.
188 19. 81.
189 19. 81.
190 19. 81.
191 20. 80.
192 20. 80.
193 20. 80.
194 19. 81.
195 19. 81.
196 19. 81.
197 19. 81.
198 19. 81.
199 19. 81.
200 19. 81.
201 19. 81.
202 19. 81.
203 19. 81.
204 20. 80.
205 19. 81.
206 19. 81.
207 19. 81.
208 18. 82.
209 18. 82.
210 18. 82.
211 18. 82.
212 18. 82.
213 18. 82.
214 18. 82.
215 17. 83.
216 17. 83.
217 17. 83.
218 18. 82.
219 18. 82.
220 18. 82.
221 18. 82.
222 18. 82.
223 18. 82.
224 18. 82.
225 18. 82.
226 18. 82.
227 19. 81.
228 19. 81.
229 19. 81.
230 19. 81.
231 19. 81.
232 19. 81.
233 19. 81.
234 19. 81.
235 19. 81.
236 19. 81.
237 19. 81.
238 19. 81.
239 19. 81.
240 19. 81.
241 19. 81.
242 19. 81.
243 19. 81.
244 19. 81.
245 19. 81.
246 19. 81.
247 19. 81.
248 19. 81.
249 19. 81.
250 19. 81.
251 20. 80.
252 19. 81.
253 19. 81.
254 19. 81.
255 19. 81.
256 20. 80.
257 20. 80.
258 20. 80.
259 20. 80.
260 21. 79.
261 21. 79.
262 22. 78.
263 22. 78.
264 22. 78.
265 22. 78.
266 22. 78.
267 22. 78.
268 22. 78.
269 22. 78.
270 22. 78.
271 22. 78.
272 22. 78.
273 22. 78.
274 22. 78.
275 22. 78.
276 22. 78.
277 22. 78.
278 22. 78.
279 22. 78.
280 22. 78.
281 22. 78.
282 22. 78.
283 22. 78.
284 22. 78.
285 21. 79.
286 21. 79.
287 21. 79.
288 21. 79.
289 21. 79.
290 21. 79.
291 22. 78.
292 22. 78.
293 22. 78.
294 22. 78.
295 22. 78.
296 22. 78.
297 22. 78.
298 22. 78.
299 22. 78.
300 22. 78.
301 22. 78.
302 22. 78.
303 22. 78.
304 22. 78.
305 22. 78.
306 23. 77.
307 23. 77.
308 23. 77.
309 23. 77.
310 22. 78.
311 23. 77.
312 23. 77.
313 23. 77.
314 23. 77.
315 24. 76.
316 24. 76.
317 24. 76.
318 24. 76.
319 23. 77.
320 23. 77.
321 22. 78.
322 22. 78.
323 22. 78.
324 22. 78.
325 22. 78.
326 22. 78.
327 22. 78.
328 22. 78.
329 22. 78.
330 22. 78.
331 22. 78.
332 22. 78.
333 22. 78.
334 23. 77.
335 24. 76.
336 24. 76.
337 23. 77.
338 23. 77.
339 23. 77.
340 23. 77.
341 23. 77.
342 23. 77.
343 23. 77.
344 23. 77.
345 23. 77.
346 22. 78.
347 23. 77.
348 23. 77.
349 23. 77.
350 24. 76.
351 24. 76.
352 23. 77.
353 23. 77.
354 23. 77.
355 23. 77.
356 23. 77.
357 23. 77.
358 23. 77.
359 23. 77.
360 23. 77.
361 23. 77.
362 24. 76.
363 24. 76.
364 25. 75.
365 25. 75.
366 25. 75.
367 25. 75.
368 25. 75.
369 26. 74.
370 27. 73.
371 27. 73.
372 27. 73.
373 27. 73.
374 27. 73.
375 27. 73.
376 27. 73.
377 28. 72.
378 28. 72.
379 29. 71.
380 28. 72.
381 28. 72.
382 28. 72.
383 28. 72.
384 28. 72.
385 28. 72.
386 28. 72.
387 28. 72.
388 28. 72.
389 28. 72.
390 28. 72.
391 28. 72.
392 28. 72.
393 28. 72.
394 27. 73.
395 27. 73.
396 27. 73.
397 27. 73.
398 27. 73.
399 27. 73.
400 27. 73.
401 27. 73.
402 27. 73.
403 27. 73.
404 27. 73.
405 27. 73.
406 27. 73.
407 27. 73.
408 27. 73.
409 27. 73.
410 28. 72.
411 28. 72.
412 27. 73.
413 27. 73.
414 27. 73.
415 27. 73.
416 27. 73.
417 27. 73.
418 27. 73.
419 26. 74.
420 26. 74.
421 26. 74.
422 26. 74.
423 26. 74.
424 26. 74.
425 25. 75.
426 25. 75.
427 25. 75.
428 25. 75.
429 25. 75.
430 24. 76.
431 24. 76.
432 25. 75.
433 25. 75.
434 25. 75.
435 25. 75.
436 25. 75.
437 26. 74.
438 26. 74.
439 26. 74.
440 26. 74.
441 27. 73.
442 27. 73.
443 27. 73.
444 27. 73.
445 27. 73.
446 27. 73.
447 28. 72.
448 28. 72.
449 28. 72.
450 28. 72.
451 28. 72.
452 28. 72.
453 28. 72.
454 28. 72.
455 28. 72.
456 28. 72.
457 29. 71.
458 29. 71.
459 29. 71.
460 29. 71.
461 29. 71.
462 28. 72.
463 28. 72.
464 28. 72.
465 28. 72.
466 27. 73.
467 27. 73.
468 27. 73.
469 27. 73.
470 27. 73.
471 27. 73.
472 27. 73.
473 27. 73.
474 27. 73.
475 27. 73.
476 27. 73.
477 27. 73.
478 27. 73.
479 27. 73.
480 27. 73.
481 27. 73.
482 27. 73.
483 27. 73.
484 27. 73.
485 27. 73.
486 26. 74.
487 25. 75.
488 25. 75.
489 25. 75.
490 26. 74.
491 26. 74.
492 26. 74.
493 26. 74.
494 26. 74.
495 27. 73.
496 27. 73.
497 27. 73.
498 26. 74.
499 26. 74.
500 26. 74.
501 27. 73.
502 26. 74.
503 26. 74.
504 26. 74.
505 27. 73.
506 27. 73.
507 27. 73.
508 27. 73.
509 27. 73.
510 27. 73.
511 27. 73.
512 27. 73.
513 28. 72.
514 28. 72.
515 28. 72.
516 28. 72.
517 28. 72.
518 29. 71.
519 29. 71.
520 29. 71.
521 29. 71.
522 29. 71.
523 30. 70.
524 30. 70.
525 30. 70.
526 30. 70.
527 30. 70.
528 30. 70.
529 30. 70.
530 30. 70.
531 30. 70.
532 30. 70.
533 29. 71.
534 29. 71.
535 29. 71.
536 29. 71.
537 29. 71.
538 29. 71.
539 29. 71.
540 29. 71.
541 29. 71.
542 29. 71.
543 29. 71.
544 30. 70.
545 30. 70.
546 31. 69.
547 30. 70.
548 30. 70.
549 30. 70.
550 30. 70.
551 30. 70.
552 30. 70.
553 29. 71.
554 29. 71.
555 29. 71.
556 29. 71.
557 29. 71.
558 29. 71.
559 30. 70.
560 30. 70.
561 30. 70.
562 30. 70.
563 30. 70.
564 30. 70.
565 29. 71.
566 29. 71.
567 29. 71.
568 30. 70.
569 30. 70.
570 30. 70.
571 30. 70.
572 30. 70.
573 29. 71.
574 28. 72.
575 27. 73.
576 27. 73.
577 27. 73.
578 27. 73.
579 27. 73.
580 27. 73.
581 27. 73.
582 27. 73.
583 27. 73.
584 26. 74.
585 26. 74.
586 26. 74.
587 26. 74.
588 26. 74.
589 26. 74.
590 26. 74.
591 26. 74.
592 26. 74.
593 25. 75.
594 25. 75.
595 25. 75.
596 25. 75.
597 25. 75.
598 25. 75.
599 24. 76.
600 24. 76.
601 24. 76.
602 24. 76.
603 24. 76.
604 24. 76.
605 24. 76.
606 24. 76.
607 24. 76.
608 24. 76.
609 24. 76.
610 24. 76.
611 24. 76.
612 24. 76.
613 24. 76.
614 24. 76.
615 24. 76.
616 23. 77.
617 23. 77.
618 23. 77.
619 23. 77.
620 23. 77.
621 24. 76.
622 24. 76.
623 24. 76.
624 24. 76.
625 24. 76.
626 23. 77.
627 23. 77.
628 23. 77.
629 23. 77.
630 23. 77.
631 22. 78.
632 22. 78.
633 22. 78.
634 22. 78.
635 22. 78.
636 22. 78.
637 22. 78.
638 22. 78.
639 22. 78.
640 21. 79.
641 21. 79.
642 22. 78.
643 23. 77.
644 23. 77.
645 23. 77.
646 23. 77.
647 23. 77.
648 23. 77.
649 23. 77.
650 23. 77.
651 23. 77.
652 23. 77.
653 23. 77.
654 23. 77.
655 22. 78.
656 22. 78.
657 22. 78.
658 23. 77.
659 23. 77.
660 23. 77.
661 23. 77.
662 23. 77.
663 23. 77.
664 22. 78.
665 21. 79.
666 21. 79.
667 21. 79.
668 21. 79.
669 21. 79.
670 21. 79.
671 21. 79.
672 21. 79.
673 21. 79.
674 22. 78.
675 22. 78.
676 22. 78.
677 22. 78.
678 22. 78.
679 21. 79.
680 21. 79.
681 21. 79.
682 21. 79.
683 21. 79.
684 22. 78.
685 22. 78.
686 22. 78.
687 22. 78.
688 23. 77.
689 23. 77.
690 23. 77.
691 23. 77.
692 23. 77.
693 23. 77.
694 23. 77.
695 23. 77.
696 23. 77.
697 23. 77.
698 23. 77.
699 23. 77.
700 22. 78.
701 23. 77.
702 23. 77.
703 23. 77.
704 23. 77.
705 23. 77.
706 23. 77.
707 23. 77.
708 23. 77.
709 23. 77.
710 23. 77.
711 23. 77.
712 23. 77.
713 23. 77.
714 23. 77.
715 24. 76.
716 24. 76.
717 24. 76.
718 23. 77.
719 23. 77.
720 23. 77.
721 22. 78.
722 22. 78.
723 22. 78.
724 22. 78.
725 22. 78.
726 21. 79.
727 20. 80.
728 20. 80.
729 20. 80.
730 20. 80.
731 20. 80.
732 20. 80.
733 20. 80.
734 20. 80.
735 20. 80.
736 20. 80.
737 20. 80.
738 20. 80.
739 20. 80.
740 20. 80.
741 20. 80.
742 20. 80.
743 20. 80.
744 20. 80.
745 20. 80.
746 20. 80.
747 20. 80.
748 20. 80.
749 21. 79.
750 22. 78.
751 22. 78.
752 21. 79.
753 21. 79.
754 21. 79.
755 22. 78.
756 21. 79.
757 21. 79.
758 21. 79.
759 21. 79.
760 21. 79.
761 21. 79.
762 21. 79.
763 21. 79.
764 21. 79.
765 21. 79.
766 21. 79.
767 21. 79.
768 21. 79.
769 21. 79.
770 21. 79.
771 21. 79.
772 21. 79.
773 22. 78.
774 22. 78.
775 22. 78.
776 23. 77.
777 23. 77.
778 23. 77.
779 23. 77.
780 23. 77.
781 23. 77.
782 23. 77.
783 23. 77.
784 23. 77.
785 23. 77.
786 23. 77.
787 23. 77.
788 23. 77.
789 23. 77.
790 23. 77.
791 23. 77.
792 23. 77.
793 23. 77.
794 23. 77.
795 23. 77.
796 23. 77.
797 23. 77.
798 23. 77.
799 24. 76.
800 24. 76.
801 24. 76.
802 23. 77.
803 23. 77.
804 23. 77.
805 23. 77.
806 23. 77.
807 23. 77.
808 23. 77.
809 23. 77.
810 22. 78.
811 22. 78.
812 22. 78.
813 22. 78.
814 22. 78.
815 22. 78.
816 22. 78.
817 23. 77.
818 23. 77.
819 23. 77.
820 23. 77.
821 23. 77.
822 23. 77.
823 23. 77.
824 23. 77.
825 23. 77.
826 23. 77.
827 23. 77.
828 23. 77.
829 23. 77.
830 23. 77.
831 23. 77.
832 23. 77.
833 23. 77.
834 23. 77.
835 22. 78.
836 22. 78.
837 23. 77.
838 23. 77.
839 23. 77.
840 23. 77.
841 23. 77.
842 22. 78.
843 23. 77.
844 22. 78.
845 22. 78.
846 22. 78.
847 22. 78.
848 22. 78.
849 22. 78.
850 22. 78.
851 22. 78.
852 22. 78.
853 22. 78.
854 22. 78.
855 22. 78.
856 22. 78.
857 22. 78.
858 22. 78.
859 22. 78.
860 22. 78.
861 23. 77.
862 23. 77.
863 22. 78.
864 22. 78.
865 22. 78.
866 22. 78.
867 21. 79.
868 20. 80.
869 20. 80.
870 20. 80.
871 20. 80.
872 20. 80.
873 20. 80.
874 19. 81.
875 19. 81.
876 19. 81.
877 19. 81.
878 20. 80.
879 20. 80.
880 20. 80.
881 20. 80.
882 20. 80.
883 20. 80.
884 20. 80.
885 20. 80.
886 20. 80.
887 20. 80.
888 20. 80.
889 20. 80.
890 20. 80.
891 21. 79.
892 21. 79.
893 20. 80.
894 19. 81.
895 19. 81.
896 19. 81.
897 19. 81.
898 20. 80.
899 20. 80.
900 20. 80.
901 20. 80.
902 20. 80.
903 20. 80.
904 19. 81.
905 19. 81.
906 19. 81.
907 18. 82.
908 18. 82.
909 18. 82.
910 18. 82.
911 18. 82.
912 18. 82.
913 18. 82.
914 18. 82.
915 18. 82.
916 18. 82.
917 18. 82.
918 17. 83.
919 17. 83.
920 17. 83.
921 17. 83.
922 17. 83.
923 17. 83.
924 18. 82.
925 18. 82.
926 18. 82.
927 18. 82.
928 18. 82.
929 18. 82.
930 17. 83.
931 18. 82.
932 18. 82.
933 18. 82.
934 18. 82.
935 18. 82.
936 18. 82.
937 19. 81.
938 19. 81.
939 19. 81.
940 19. 81.
941 19. 81.
942 19. 81.
943 19. 81.
944 19. 81.
945 19. 81.
946 20. 80.
947 20. 80.
948 20. 80.
949 20. 80.
950 20. 80.
951 20. 80.
952 20. 80.
953 20. 80.
954 20. 80.
955 20. 80.
956 20. 80.
957 20. 80.
958 20. 80.
959 20. 80.
960 20. 80.
961 20. 80.
962 20. 80.
963 20. 80.
964 20. 80.
965 19. 81.
966 19. 81.
967 19. 81.
968 19. 81.
969 19. 81.
970 19. 81.
971 19. 81.
972 19. 81.
973 19. 81.
974 19. 81.
975 19. 81.
976 19. 81.
977 19. 81.
978 19. 81.
979 19. 81.
980 19. 81.
981 19. 81.
982 19. 81.
983 19. 81.
984 18. 82.
985 19. 81.
986 19. 81.
987 18. 82.
988 18. 82.
989 18. 82.
990 18. 82.
991 18. 82.
992 17. 83.
993 17. 83.
994 17. 83.
995 17. 83.
996 17. 83.
997 16. 84.
998 16. 84.
999 16. 84.
1000 16. 84.
1001 16. 84.
1002 16. 84.
1003 16. 84.
1004 16. 84.
1005 16. 84.
1006 16. 84.
1007 16. 84.
1008 16. 84.
1009 16. 84.
1010 16. 84.
1011 16. 84.
1012 15. 85.
1013 15. 85.
1014 15. 85.
1015 15. 85.
1016 14. 86.
1017 14. 86.
1018 15. 85.
1019 15. 85.
1020 15. 85.
1021 15. 85.
1022 15. 85.
1023 14. 86.
1024 14. 86.
1025 14. 86.
1026 14. 86.
1027 14. 86.
1028 14. 86.
1029 14. 86.
1030 15. 85.
1031 15. 85.
1032 15. 85.
1033 15. 85.
1034 15. 85.
1035 15. 85.
1036 15. 85.
1037 14. 86.
1038 14. 86.
1039 14. 86.
1040 14. 86.
1041 14. 86.
1042 14. 86.
1043 14. 86.
1044 14. 86.
1045 14. 86.
1046 14. 86.
1047 14. 86.
1048 14. 86.
1049 14. 86.
1050 14. 86.
1051 14. 86.
1052 14. 86.
1053 14. 86.
1054 14. 86.
1055 14. 86.
1056 14. 86.
1057 14. 86.
1058 14. 86.
1059 14. 86.
1060 14. 86.
1061 14. 86.
1062 14. 86.
1063 14. 86.
1064 15. 85.
1065 15. 85.
1066 15. 85.
1067 15. 85.
1068 15. 85.
1069 15. 85.
1070 15. 85.
1071 15. 85.
1072 15. 85.
1073 15. 85.
1074 15. 85.
1075 15. 85.
1076 15. 85.
1077 15. 85.
1078 15. 85.
1079 15. 85.
1080 15. 85.
1081 15. 85.
1082 15. 85.
1083 15. 85.
1084 15. 85.
1085 15. 85.
1086 16. 84.
1087 16. 84.
1088 16. 84.
1089 16. 84.
1090 16. 84.
1091 16. 84.
1092 16. 84.
1093 16. 84.
1094 16. 84.
1095 16. 84.
1096 16. 84.
1097 15. 85.
1098 14. 86.
1099 14. 86.
1100 14. 86.
1101 14. 86.
1102 14. 86.
1103 14. 86.
1104 14. 86.
1105 14. 86.
1106 14. 86.
1107 14. 86.
1108 14. 86.
1109 14. 86.
1110 14. 86.
1111 14. 86.
1112 14. 86.
1113 14. 86.
1114 15. 85.
1115 15. 85.
1116 16. 84.
1117 16. 84.
1118 16. 84.
1119 16. 84.
1120 16. 84.
1121 16. 84.
1122 16. 84.
1123 16. 84.
1124 16. 84.
1125 17. 83.
1126 17. 83.
1127 17. 83.
1128 17. 83.
1129 17. 83.
1130 17. 83.
1131 17. 83.
1132 17. 83.
1133 17. 83.
1134 17. 83.
1135 17. 83.
1136 16. 84.
1137 16. 84.
1138 16. 84.
1139 16. 84.
1140 16. 84.
1141 16. 84.
1142 17. 83.
1143 18. 82.
1144 18. 82.
1145 18. 82.
1146 18. 82.
1147 18. 82.
1148 19. 81.
1149 19. 81.
1150 19. 81.
1151 19. 81.
1152 19. 81.
1153 19. 81.
1154 19. 81.
1155 19. 81.
1156 19. 81.
1157 18. 82.
1158 18. 82.
1159 18. 82.
1160 18. 82.
1161 18. 82.
1162 18. 82.
1163 17. 83.
1164 17. 83.
1165 17. 83.
1166 17. 83.
1167 17. 83.
1168 17. 83.
1169 17. 83.
1170 17. 83.
1171 17. 83.
1172 17. 83.
1173 17. 83.
1174 16. 84.
1175 16. 84.
1176 16. 84.
1177 16. 84.
1178 16. 84.
1179 16. 84.
1180 16. 84.
1181 17. 83.
1182 17. 83.
1183 16. 84.
1184 16. 84.
1185 17. 83.
1186 18. 82.
1187 18. 82.
1188 17. 83.
1189 18. 82.
1190 18. 82.
1191 17. 83.
1192 17. 83.
1193 17. 83.
1194 17. 83.
1195 17. 83.
1196 18. 82.
1197 18. 82.
1198 18. 82.
1199 18. 82.
1200 18. 82.
1201 18. 82.
1202 18. 82.
1203 18. 82.
1204 18. 82.
1205 18. 82.
1206 18. 82.
1207 18. 82.
1208 17. 83.
1209 17. 83.
1210 17. 83.
1211 17. 83.
1212 17. 83.
1213 16. 84.
1214 16. 84.
1215 16. 84.
1216 16. 84.
1217 16. 84.
1218 16. 84.
1219 16. 84.
1220 16. 84.
1221 17. 83.
1222 17. 83.
1223 17. 83.
1224 17. 83.
1225 17. 83.
1226 17. 83.
1227 17. 83.
1228 17. 83.
1229 16. 84.
1230 16. 84.
1231 16. 84.
1232 16. 84.
1233 16. 84.
1234 16. 84.
1235 16. 84.
1236 16. 84.
1237 17. 83.
1238 17. 83.
1239 17. 83.
1240 17. 83.
1241 17. 83.
1242 17. 83.
1243 17. 83.
1244 17. 83.
1245 17. 83.
1246 17. 83.
1247 17. 83.
1248 17. 83.
1249 17. 83.
1250 17. 83.
1251 17. 83.
1252 17. 83.
1253 17. 83.
1254 17. 83.
1255 17. 83.
1256 17. 83.
1257 17. 83.
1258 16. 84.
1259 16. 84.
1260 16. 84.
1261 16. 84.
1262 16. 84.
1263 16. 84.
1264 17. 83.
1265 17. 83.
1266 17. 83.
1267 16. 84.
1268 16. 84.
1269 16. 84.
1270 16. 84.
1271 16. 84.
1272 16. 84.
1273 16. 84.
1274 16. 84.
1275 16. 84.
1276 16. 84.
1277 16. 84.
1278 16. 84.
1279 17. 83.
1280 17. 83.
1281 16. 84.
1282 16. 84.
1283 17. 83.
1284 17. 83.
1285 18. 82.
1286 18. 82.
1287 17. 83.
1288 17. 83.
1289 17. 83.
1290 17. 83.
1291 17. 83.
1292 17. 83.
1293 17. 83.
1294 17. 83.
1295 17. 83.
1296 17. 83.
1297 18. 82.
1298 18. 82.
1299 19. 81.
1300 19. 81.
1301 19. 81.
1302 19. 81.
1303 19. 81.
1304 19. 81.
1305 19. 81.
1306 19. 81.
1307 19. 81.
1308 19. 81.
1309 20. 80.
1310 20. 80.
1311 20. 80.
1312 20. 80.
1313 20. 80.
1314 20. 80.
1315 20. 80.
1316 21. 79.
1317 21. 79.
1318 21. 79.
1319 22. 78.
1320 21. 79.
1321 22. 78.
1322 22. 78.
1323 22. 78.
1324 22. 78.
1325 21. 79.
1326 21. 79.
1327 21. 79.
1328 21. 79.
1329 21. 79.
1330 21. 79.
1331 21. 79.
1332 20. 80.
1333 20. 80.
1334 20. 80.
1335 20. 80.
1336 20. 80.
1337 20. 80.
1338 20. 80.
1339 19. 81.
1340 19. 81.
1341 19. 81.
1342 19. 81.
1343 19. 81.
1344 19. 81.
1345 19. 81.
1346 19. 81.
1347 19. 81.
1348 19. 81.
1349 19. 81.
1350 19. 81.
1351 19. 81.
1352 19. 81.
1353 19. 81.
1354 19. 81.
1355 19. 81.
1356 19. 81.
1357 19. 81.
1358 19. 81.
1359 20. 80.
1360 20. 80.
1361 21. 79.
1362 21. 79.
1363 21. 79.
1364 21. 79.
1365 21. 79.
1366 21. 79.
1367 21. 79.
1368 21. 79.
1369 21. 79.
1370 21. 79.
1371 21. 79.
1372 21. 79.
1373 21. 79.
1374 21. 79.
1375 21. 79.
1376 21. 79.
1377 21. 79.
1378 21. 79.
1379 21. 79.
1380 22. 78.
1381 22. 78.
1382 22. 78.
1383 22. 78.
1384 22. 78.
1385 22. 78.
1386 23. 77.
1387 23. 77.
1388 23. 77.
1389 23. 77.
1390 23. 77.
1391 23. 77.
1392 23. 77.
1393 23. 77.
1394 23. 77.
1395 23. 77.
1396 24. 76.
1397 24. 76.
1398 24. 76.
1399 24. 76.
1400 24. 76.
1401 24. 76.
1402 24. 76.
1403 24. 76.
1404 24. 76.
1405 24. 76.
1406 24. 76.
1407 24. 76.
1408 24. 76.
1409 24. 76.
1410 24. 76.
1411 24. 76.
1412 24. 76.
1413 24. 76.
1414 24. 76.
1415 24. 76.
1416 24. 76.
1417 23. 77.
1418 22. 78.
1419 22. 78.
1420 22. 78.
1421 22. 78.
1422 22. 78.
1423 21. 79.
1424 20. 80.
1425 20. 80.
1426 20. 80.
1427 20. 80.
1428 19. 81.
1429 19. 81.
1430 19. 81.
1431 19. 81.
1432 19. 81.
1433 19. 81.
1434 19. 81.
1435 19. 81.
1436 19. 81.
1437 19. 81.
1438 19. 81.
1439 19. 81.
1440 19. 81.
1441 19. 81.
1442 19. 81.
1443 19. 81.
1444 19. 81.
1445 19. 81.
1446 19. 81.
1447 19. 81.
1448 19. 81.
1449 19. 81.
1450 19. 81.
1451 19. 81.
1452 18. 82.
1453 18. 82.
1454 18. 82.
1455 18. 82.
1456 18. 82.
1457 18. 82.
1458 18. 82.
1459 18. 82.
1460 18. 82.
1461 18. 82.
1462 18. 82.
1463 18. 82.
1464 18. 82.
1465 17. 83.
1466 17. 83.
1467 18. 82.
1468 18. 82.
1469 17. 83.
1470 16. 84.
1471 16. 84.
1472 16. 84.
1473 16. 84.
1474 16. 84.
1475 16. 84.
1476 15. 85.
1477 15. 85.
1478 15. 85.
1479 14. 86.
1480 14. 86.
1481 13. 87.
1482 13. 87.
1483 14. 86.
1484 14. 86.
1485 15. 85.
1486 15. 85.
1487 15. 85.
1488 15. 85.
1489 15. 85.
1490 15. 85.
1491 15. 85.
1492 15. 85.
1493 15. 85.
1494 15. 85.
1495 15. 85.
1496 16. 84.
1497 16. 84.
1498 17. 83.
1499 17. 83.
1500 17. 83.
1501 17. 83.
1502 17. 83.
1503 17. 83.
1504 17. 83.
1505 17. 83.
1506 17. 83.
1507 17. 83.
1508 17. 83.
1509 18. 82.
1510 19. 81.
1511 19. 81.
1512 19. 81.
1513 19. 81.
1514 19. 81.
1515 19. 81.
1516 19. 81.
1517 19. 81.
1518 19. 81.
1519 19. 81.
1520 19. 81.
1521 19. 81.
1522 19. 81.
1523 19. 81.
1524 19. 81.
1525 18. 82.
1526 18. 82.
1527 18. 82.
1528 18. 82.
1529 18. 82.
1530 18. 82.
1531 19. 81.
1532 19. 81.
1533 19. 81.
1534 19. 81.
1535 18. 82.
1536 18. 82.
1537 18. 82.
1538 18. 82.
1539 18. 82.
1540 18. 82.
1541 18. 82.
1542 18. 82.
1543 18. 82.
1544 18. 82.
1545 18. 82.
1546 18. 82.
1547 18. 82.
1548 18. 82.
1549 18. 82.
1550 18. 82.
1551 18. 82.
1552 18. 82.
1553 18. 82.
1554 18. 82.
1555 18. 82.
1556 18. 82.
1557 18. 82.
1558 18. 82.
1559 18. 82.
1560 18. 82.
1561 18. 82.
1562 18. 82.
1563 18. 82.
1564 18. 82.
1565 19. 81.
1566 19. 81.
1567 19. 81.
1568 19. 81.
1569 20. 80.
1570 20. 80.
1571 20. 80.
1572 20. 80.
1573 20. 80.
1574 20. 80.
1575 20. 80.
1576 20. 80.
1577 20. 80.
1578 20. 80.
1579 20. 80.
1580 20. 80.
1581 20. 80.
1582 20. 80.
1583 20. 80.
1584 20. 80.
1585 20. 80.
1586 20. 80.
1587 20. 80.
1588 20. 80.
1589 20. 80.
1590 20. 80.
1591 20. 80.
1592 20. 80.
1593 19. 81.
1594 19. 81.
1595 19. 81.
1596 19. 81.
1597 19. 81.
1598 19. 81.
1599 19. 81.
1600 19. 81.
1601 19. 81.
1602 19. 81.
1603 19. 81.
1604 19. 81.
1605 19. 81.
1606 19. 81.
1607 19. 81.
1608 19. 81.
1609 19. 81.
1610 18. 82.
1611 18. 82.
1612 18. 82.
1613 18. 82.
1614 18. 82.
1615 18. 82.
1616 18. 82.
1617 18. 82.
1618 18. 82.
1619 18. 82.
1620 18. 82.
1621 18. 82.
1622 18. 82.
1623 18. 82.
1624 18. 82.
1625 18. 82.
1626 18. 82.
1627 18. 82.
1628 18. 82.
1629 18. 82.
1630 18. 82.
1631 18. 82.
1632 18. 82.
1633 18. 82.
1634 19. 81.
1635 19. 81.
1636 19. 81.
1637 18. 82.
1638 18. 82.
1639 18. 82.
1640 18. 82.
1641 18. 82.
1642 18. 82.
1643 18. 82.
1644 17. 83.
1645 17. 83.
1646 18. 82.
1647 18. 82.
1648 19. 81.
1649 19. 81.
1650 18. 82.
1651 18. 82.
1652 18. 82.
1653 18. 82.
1654 18. 82.
1655 18. 82.
1656 17. 83.
1657 17. 83.
1658 17. 83.
1659 17. 83.
1660 17. 83.
1661 17. 83.
1662 17. 83.
1663 18. 82.
1664 18. 82.
1665 18. 82.
1666 18. 82.
1667 18. 82.
1668 18. 82.
1669 18. 82.
1670 18. 82.
1671 18. 82.
1672 18. 82.
1673 17. 83.
1674 17. 83.
1675 17. 83.
1676 17. 83.
1677 17. 83.
1678 16. 84.
1679 16. 84.
1680 16. 84.
1681 16. 84.
1682 16. 84.
1683 16. 84.
1684 16. 84.
1685 16. 84.
1686 16. 84.
1687 16. 84.
1688 16. 84.
1689 16. 84.
1690 16. 84.
1691 16. 84.
1692 15. 85.
1693 15. 85.
1694 15. 85.
1695 15. 85.
1696 15. 85.
1697 15. 85.
1698 15. 85.
1699 15. 85.
1700 15. 85.
1701 15. 85.
1702 15. 85.
1703 15. 85.
1704 15. 85.
1705 16. 84.
1706 16. 84.
1707 16. 84.
1708 16. 84.
1709 16. 84.
1710 16. 84.
1711 16. 84.
1712 16. 84.
1713 17. 83.
1714 17. 83.
1715 17. 83.
1716 17. 83.
1717 17. 83.
1718 17. 83.
1719 17. 83.
1720 17. 83.
1721 17. 83.
1722 17. 83.
1723 16. 84.
1724 16. 84.
1725 17. 83.
1726 17. 83.
1727 17. 83.
1728 16. 84.
1729 16. 84.
1730 16. 84.
1731 16. 84.
1732 16. 84.
1733 16. 84.
1734 16. 84.
1735 16. 84.
1736 16. 84.
1737 16. 84.
1738 16. 84.
1739 16. 84.
1740 16. 84.
1741 16. 84.
1742 16. 84.
1743 16. 84.
1744 15. 85.
1745 15. 85.
1746 15. 85.
1747 15. 85.
1748 15. 85.
1749 16. 84.
1750 16. 84.
1751 16. 84.
1752 16. 84.
1753 16. 84.
1754 16. 84.
1755 16. 84.
1756 16. 84.
1757 16. 84.
1758 17. 83.
1759 16. 84.
1760 16. 84.
1761 16. 84.
1762 16. 84.
1763 16. 84.
1764 16. 84.
1765 16. 84.
1766 16. 84.
1767 16. 84.
1768 17. 83.
1769 17. 83.
1770 17. 83.
1771 17. 83.
1772 17. 83.
1773 17. 83.
1774 17. 83.
1775 17. 83.
1776 17. 83.
1777 16. 84.
1778 16. 84.
1779 16. 84.
1780 15. 85.
1781 15. 85.
1782 15. 85.
1783 15. 85.
1784 15. 85.
1785 14. 86.
1786 13. 87.
1787 13. 87.
1788 14. 86.
1789 14. 86.
1790 14. 86.
1791 14. 86.
1792 14. 86.
1793 14. 86.
1794 14. 86.
1795 14. 86.
1796 14. 86.
1797 14. 86.
1798 14. 86.
1799 14. 86.
1800 14. 86.
1801 14. 86.
1802 14. 86.
1803 14. 86.
1804 14. 86.
1805 14. 86.
1806 15. 85.
1807 15. 85.
1808 14. 86.
1809 14. 86.
1810 14. 86.
1811 14. 86.
1812 14. 86.
1813 14. 86.
1814 14. 86.
1815 14. 86.
1816 14. 86.
1817 14. 86.
1818 14. 86.
1819 14. 86.
1820 14. 86.
1821 14. 86.
1822 14. 86.
1823 14. 86.
1824 14. 86.
1825 14. 86.
1826 14. 86.
1827 14. 86.
1828 14. 86.
1829 14. 86.
1830 14. 86.
1831 14. 86.
1832 14. 86.
1833 13. 87.
1834 13. 87.
1835 13. 87.
1836 13. 87.
1837 13. 87.
1838 13. 87.
1839 12. 88.
1840 12. 88.
1841 12. 88.
1842 12. 88.
1843 12. 88.
1844 12. 88.
1845 12. 88.
1846 12. 88.
1847 12. 88.
1848 12. 88.
1849 12. 88.
1850 12. 88.
1851 12. 88.
1852 12. 88.
1853 12. 88.
1854 12. 88.
1855 12. 88.
1856 12. 88.
1857 12. 88.
1858 12. 88.
1859 12. 88.
1860 12. 88.
1861 12. 88.
1862 12. 88.
1863 12. 88.
1864 12. 88.
1865 12. 88.
1866 12. 88.
1867 12. 88.
1868 12. 88.
1869 12. 88.
1870 12. 88.
1871 12. 88.
1872 12. 88.
1873 13. 87.
1874 13. 87.
1875 13. 87.
1876 13. 87.
1877 13. 87.
1878 14. 86.
1879 15. 85.
1880 15. 85.
1881 15. 85.
1882 15. 85.
1883 14. 86.
1884 14. 86.
1885 14. 86.
1886 14. 86.
1887 14. 86.
1888 14. 86.
1889 13. 87.
1890 13. 87.
1891 13. 87.
1892 13. 87.
1893 13. 87.
1894 13. 87.
1895 13. 87.
1896 14. 86.
1897 14. 86.
1898 14. 86.
1899 14. 86.
1900 14. 86.
1901 15. 85.
1902 15. 85.
1903 14. 86.
1904 14. 86.
1905 14. 86.
1906 14. 86.
1907 14. 86.
1908 14. 86.
1909 14. 86.
1910 13. 87.
1911 13. 87.
1912 13. 87.
1913 13. 87.
1914 13. 87.
1915 13. 87.
1916 14. 86.
1917 14. 86.
1918 14. 86.
1919 14. 86.
1920 14. 86.
1921 14. 86.
1922 14. 86.
1923 14. 86.
1924 14. 86.
1925 14. 86.
1926 14. 86.
1927 14. 86.
1928 13. 87.
1929 13. 87.
1930 13. 87.
1931 13. 87.
1932 13. 87.
1933 13. 87.
1934 14. 86.
1935 14. 86.
1936 14. 86.
1937 14. 86.
1938 14. 86.
1939 14. 86.
1940 14. 86.
1941 14. 86.
1942 14. 86.
1943 14. 86.
1944 14. 86.
1945 14. 86.
1946 13. 87.
1947 13. 87.
1948 14. 86.
1949 14. 86.
1950 14. 86.
1951 14. 86.
1952 14. 86.
1953 14. 86.
1954 14. 86.
1955 14. 86.
1956 14. 86.
1957 14. 86.
1958 14. 86.
1959 14. 86.
1960 14. 86.
1961 14. 86.
1962 13. 87.
1963 13. 87.
1964 13. 87.
1965 13. 87.
1966 13. 87.
1967 14. 86.
1968 14. 86.
1969 14. 86.
1970 14. 86.
1971 14. 86.
1972 14. 86.
1973 13. 87.
1974 13. 87.
1975 13. 87.
1976 13. 87.
1977 12. 88.
1978 12. 88.
1979 12. 88.
1980 12. 88.
1981 12. 88.
1982 12. 88.
1983 12. 88.
1984 12. 88.
1985 12. 88.
1986 12. 88.
1987 12. 88.
1988 12. 88.
1989 12. 88.
1990 12. 88.
1991 12. 88.
1992 12. 88.
1993 11. 89.
1994 11. 89.
1995 11. 89.
1996 11. 89.
1997 11. 89.
1998 11. 89.
1999 11. 89.
2000 11. 89.
2001 11. 89.
2002 11. 89.
2003 11. 89.
2004 10. 90.
2005 10. 90.
2006 10. 90.
2007 10. 90.
2008 10. 90.
2009 10. 90.
2010 10. 90.
2011 10. 90.
2012 10. 90.
2013 10. 90.
2014 10. 90.
2015 10. 90.
2016 10. 90.
2017 10. 90.
2018 10. 90.
2019 10. 90.
2020 10. 90.
2021 10. 90.
2022 10. 90.
2023 10. 90.
2024 9. 91.
2025 9. 91.
2026 9. 91.
2027 9. 91.
2028 9. 91.
2029 9. 91.
2030 10. 90.
2031 10. 90.
2032 10. 90.
2033 10. 90.
2034 10. 90.
2035 10. 90.
2036 9. 91.
2037 9. 91.
2038 10. 90.
2039 10. 90.
2040 10. 90.
2041 10. 90.
2042 10. 90.
2043 10. 90.
2044 10. 90.
2045 9. 91.
2046 9. 91.
2047 9. 91.
2048 9. 91.
2049 9. 91.
2050 9. 91.
2051 9. 91.
2052 9. 91.
2053 9. 91.
2054 9. 91.
2055 9. 91.
2056 9. 91.
2057 9. 91.
2058 9. 91.
2059 9. 91.
2060 9. 91.
2061 8. 92.
2062 8. 92.
2063 8. 92.
2064 8. 92.
2065 8. 92.
2066 8. 92.
2067 8. 92.
2068 8. 92.
2069 8. 92.
2070 8. 92.
2071 8. 92.
2072 8. 92.
2073 8. 92.
2074 8. 92.
2075 8. 92.
2076 8. 92.
2077 8. 92.
2078 8. 92.
2079 8. 92.
2080 8. 92.
2081 8. 92.
2082 8. 92.
2083 8. 92.
2084 8. 92.
2085 8. 92.
2086 8. 92.
2087 8. 92.
2088 8. 92.
2089 8. 92.
2090 8. 92.
2091 8. 92.
2092 9. 91.
2093 9. 91.
2094 9. 91.
2095 9. 91.
2096 9. 91.
2097 8. 92.
2098 8. 92.
2099 7. 93.
2100 7. 93.
2101 7. 93.
2102 7. 93.
2103 7. 93.
2104 7. 93.
2105 7. 93.
2106 7. 93.
2107 7. 93.
2108 7. 93.
2109 8. 92.
2110 8. 92.
2111 8. 92.
2112 8. 92.
2113 8. 92.
2114 8. 92.
2115 8. 92.
2116 8. 92.
2117 8. 92.
2118 8. 92.
2119 8. 92.
2120 8. 92.
2121 8. 92.
2122 8. 92.
2123 8. 92.
2124 8. 92.
2125 8. 92.
2126 8. 92.
2127 8. 92.
2128 7. 93.
2129 7. 93.
2130 7. 93.
2131 7. 93.
2132 7. 93.
2133 7. 93.
2134 7. 93.
2135 6. 94.
2136 6. 94.
2137 6. 94.
2138 6. 94.
2139 6. 94.
2140 6. 94.
2141 6. 94.
2142 6. 94.
2143 5. 95.
2144 5. 95.
2145 5. 95.
2146 5. 95.
2147 5. 95.
2148 5. 95.
2149 5. 95.
2150 5. 95.
2151 5. 95.
2152 5. 95.
2153 5. 95.
2154 5. 95.
2155 4. 96.
2156 3. 97.
2157 3. 97.
2158 3. 97.
2159 3. 97.
2160 3. 97.
2161 3. 97.
2162 3. 97.
2163 3. 97.
2164 3. 97.
2165 3. 97.
2166 3. 97.
2167 3. 97.
2168 3. 97.
2169 3. 97.
2170 3. 97.
2171 3. 97.
2172 3. 97.
2173 3. 97.
2174 3. 97.
2175 3. 97.
2176 3. 97.
2177 3. 97.
2178 3. 97.
2179 3. 97.
2180 3. 97.
2181 3. 97.
2182 3. 97.
2183 3. 97.
2184 3. 97.
2185 3. 97.
2186 3. 97.
2187 3. 97.
2188 3. 97.
2189 3. 97.
2190 3. 97.
2191 3. 97.
2192 3. 97.
2193 3. 97.
2194 3. 97.
2195 3. 97.
2196 3. 97.
2197 3. 97.
2198 3. 97.
2199 3. 97.
2200 4. 96.
2201 4. 96.
2202 4. 96.
2203 4. 96.
2204 4. 96.
2205 4. 96.
2206 4. 96.
2207 4. 96.
2208 4. 96.
2209 4. 96.
2210 4. 96.
2211 4. 96.
2212 4. 96.
2213 4. 96.
2214 4. 96.
2215 4. 96.
2216 4. 96.
2217 4. 96.
2218 4. 96.
2219 4. 96.
2220 4. 96.
2221 4. 96.
2222 4. 96.
2223 4. 96.
2224 4. 96.
2225 4. 96.
2226 4. 96.
2227 4. 96.
2228 4. 96.
2229 4. 96.
2230 4. 96.
2231 4. 96.
2232 4. 96.
2233 4. 96.
2234 4. 96.
2235 4. 96.
2236 4. 96.
2237 4. 96.
2238 4. 96.
2239 4. 96.
2240 3. 97.
2241 3. 97.
2242 3. 97.
2243 3. 97.
2244 3. 97.
2245 3. 97.
2246 3. 97.
2247 3. 97.
2248 3. 97.
2249 3. 97.
2250 3. 97.
2251 3. 97.
2252 3. 97.
2253 3. 97.
2254 3. 97.
2255 3. 97.
2256 3. 97.
2257 3. 97.
2258 3. 97.
2259 3. 97.
2260 3. 97.
2261 3. 97.
2262 3. 97.
2263 4. 96.
2264 4. 96.
2265 4. 96.
2266 4. 96.
2267 4. 96.
2268 4. 96.
2269 4. 96.
2270 4. 96.
2271 4. 96.
2272 4. 96.
2273 4. 96.
2274 4. 96.
2275 5. 95.
2276 5. 95.
2277 5. 95.
2278 5. 95.
2279 5. 95.
2280 5. 95.
2281 5. 95.
2282 5. 95.
2283 5. 95.
2284 5. 95.
2285 5. 95.
2286 5. 95.
2287 5. 95.
2288 5. 95.
2289 5. 95.
2290 5. 95.
2291 5. 95.
2292 5. 95.
2293 5. 95.
2294 5. 95.
2295 5. 95.
2296 5. 95.
2297 4. 96.
2298 4. 96.
2299 4. 96.
2300 3. 97.
2301 3. 97.
2302 3. 97.
2303 3. 97.
2304 3. 97.
2305 3. 97.
2306 3. 97.
2307 3. 97.
2308 3. 97.
2309 3. 97.
2310 3. 97.
2311 3. 97.
2312 3. 97.
2313 3. 97.
2314 3. 97.
2315 3. 97.
2316 3. 97.
2317 3. 97.
2318 3. 97.
2319 3. 97.
2320 3. 97.
2321 3. 97.
2322 3. 97.
2323 3. 97.
2324 3. 97.
2325 3. 97.
2326 3. 97.
2327 3. 97.
2328 3. 97.
2329 3. 97.
2330 4. 96.
2331 4. 96.
2332 4. 96.
2333 4. 96.
2334 4. 96.
2335 4. 96.
2336 4. 96.
2337 4. 96.
2338 4. 96.
2339 4. 96.
2340 4. 96.
2341 4. 96.
2342 4. 96.
2343 4. 96.
2344 4. 96.
2345 4. 96.
2346 4. 96.
2347 3. 97.
2348 3. 97.
2349 3. 97.
2350 3. 97.
2351 3. 97.
2352 3. 97.
2353 3. 97.
2354 3. 97.
2355 3. 97.
2356 3. 97.
2357 3. 97.
2358 3. 97.
2359 3. 97.
2360 3. 97.
2361 3. 97.
2362 3. 97.
2363 3. 97.
2364 3. 97.
2365 3. 97.
2366 3. 97.
2367 3. 97.
2368 3. 97.
2369 3. 97.
2370 3. 97.
2371 3. 97.
2372 3. 97.
2373 3. 97.
2374 3. 97.
2375 3. 97.
2376 3. 97.
2377 3. 97.
2378 3. 97.
2379 3. 97.
2380 3. 97.
2381 3. 97.
2382 3. 97.
2383 3. 97.
2384 3. 97.
2385 3. 97.
2386 3. 97.
2387 3. 97.
2388 3. 97.
2389 3. 97.
2390 3. 97.
2391 3. 97.
2392 3. 97.
2393 3. 97.
2394 3. 97.
2395 3. 97.
2396 3. 97.
2397 3. 97.
2398 3. 97.
2399 3. 97.
2400 3. 97.
2401 2. 98.
2402 2. 98.
2403 2. 98.
2404 2. 98.
2405 2. 98.
2406 2. 98.
2407 2. 98.
2408 2. 98.
2409 2. 98.
2410 2. 98.
2411 2. 98.
2412 2. 98.
2413 2. 98.
2414 2. 98.
2415 2. 98.
2416 2. 98.
2417 2. 98.
2418 2. 98.
2419 2. 98.
2420 2. 98.
2421 2. 98.
2422 2. 98.
2423 2. 98.
2424 2. 98.
2425 2. 98.
2426 2. 98.
2427 2. 98.
2428 2. 98.
2429 2. 98.
2430 2. 98.
2431 2. 98.
2432 2. 98.
2433 2. 98.
2434 2. 98.
2435 2. 98.
2436 2. 98.
2437 2. 98.
2438 2. 98.
2439 3. 97.
2440 3. 97.
2441 3. 97.
2442 3. 97.
2443 3. 97.
2444 3. 97.
2445 3. 97.
2446 3. 97.
2447 3. 97.
2448 3. 97.
2449 3. 97.
2450 3. 97.
2451 3. 97.
2452 3. 97.
2453 3. 97.
2454 3. 97.
2455 3. 97.
2456 3. 97.
2457 3. 97.
2458 3. 97.
2459 3. 97.
2460 3. 97.
2461 3. 97.
2462 3. 97.
2463 3. 97.
2464 3. 97.
2465 3. 97.
2466 3. 97.
2467 3. 97.
2468 3. 97.
2469 3. 97.
2470 3. 97.
2471 3. 97.
2472 3. 97.
2473 3. 97.
2474 3. 97.
2475 3. 97.
2476 3. 97.
2477 3. 97.
2478 3. 97.
2479 3. 97.
2480 3. 97.
2481 3. 97.
2482 3. 97.
2483 4. 96.
2484 4. 96.
2485 4. 96.
2486 4. 96.
2487 4. 96.
2488 4. 96.
2489 3. 97.
2490 3. 97.
2491 3. 97.
2492 3. 97.
2493 3. 97.
2494 3. 97.
2495 3. 97.
2496 3. 97.
2497 3. 97.
2498 3. 97.
2499 3. 97.
2500 3. 97.
2501 3. 97.
2502 3. 97.
2503 3. 97.
2504 3. 97.
2505 3. 97.
2506 3. 97.
2507 3. 97.
2508 3. 97.
2509 3. 97.
2510 3. 97.
2511 3. 97.
2512 3. 97.
2513 3. 97.
2514 3. 97.
2515 3. 97.
2516 3. 97.
2517 3. 97.
2518 3. 97.
2519 3. 97.
2520 3. 97.
2521 3. 97.
2522 3. 97.
2523 3. 97.
2524 3. 97.
2525 3. 97.
2526 3. 97.
2527 3. 97.
2528 3. 97.
2529 3. 97.
2530 3. 97.
2531 4. 96.
2532 4. 96.
2533 4. 96.
2534 4. 96.
2535 4. 96.
2536 4. 96.
2537 4. 96.
2538 4. 96.
2539 4. 96.
2540 4. 96.
2541 4. 96.
2542 4. 96.
2543 4. 96.
2544 4. 96.
2545 4. 96.
2546 4. 96.
2547 3. 97.
2548 3. 97.
2549 3. 97.
2550 3. 97.
2551 3. 97.
2552 3. 97.
2553 2. 98.
2554 2. 98.
2555 2. 98.
2556 2. 98.
2557 2. 98.
2558 2. 98.
2559 2. 98.
2560 2. 98.
2561 2. 98.
2562 2. 98.
2563 2. 98.
2564 2. 98.
2565 2. 98.
2566 2. 98.
2567 2. 98.
2568 2. 98.
2569 2. 98.
2570 2. 98.
2571 2. 98.
2572 2. 98.
2573 2. 98.
2574 2. 98.
2575 2. 98.
2576 2. 98.
2577 3. 97.
2578 3. 97.
2579 3. 97.
2580 3. 97.
2581 3. 97.
2582 3. 97.
2583 3. 97.
2584 3. 97.
2585 3. 97.
2586 3. 97.
2587 3. 97.
2588 3. 97.
2589 3. 97.
2590 3. 97.
2591 3. 97.
2592 3. 97.
2593 3. 97.
2594 3. 97.
2595 3. 97.
2596 4. 96.
2597 4. 96.
2598 4. 96.
2599 4. 96.
2600 4. 96.
2601 4. 96.
2602 4. 96.
2603 4. 96.
2604 4. 96.
2605 4. 96.
2606 4. 96.
2607 4. 96.
2608 4. 96.
2609 4. 96.
2610 4. 96.
2611 4. 96.
2612 4. 96.
2613 4. 96.
2614 4. 96.
2615 4. 96.
2616 4. 96.
2617 5. 95.
2618 4. 96.
2619 4. 96.
2620 4. 96.
2621 4. 96.
2622 4. 96.
2623 5. 95.
2624 5. 95.
2625 5. 95.
2626 5. 95.
2627 5. 95.
2628 5. 95.
2629 5. 95.
2630 5. 95.
2631 5. 95.
2632 5. 95.
2633 5. 95.
2634 4. 96.
2635 4. 96.
2636 4. 96.
2637 4. 96.
2638 4. 96.
2639 4. 96.
2640 4. 96.
2641 4. 96.
2642 4. 96.
2643 4. 96.
2644 4. 96.
2645 4. 96.
2646 4. 96.
2647 4. 96.
2648 4. 96.
2649 4. 96.
2650 4. 96.
2651 5. 95.
2652 5. 95.
2653 5. 95.
2654 5. 95.
2655 5. 95.
2656 5. 95.
2657 5. 95.
2658 5. 95.
2659 5. 95.
2660 5. 95.
2661 5. 95.
2662 5. 95.
2663 5. 95.
2664 5. 95.
2665 5. 95.
2666 5. 95.
2667 5. 95.
2668 5. 95.
2669 5. 95.
2670 5. 95.
2671 5. 95.
2672 5. 95.
2673 5. 95.
2674 5. 95.
2675 5. 95.
2676 5. 95.
2677 5. 95.
2678 5. 95.
2679 6. 94.
2680 6. 94.
2681 6. 94.
2682 6. 94.
2683 6. 94.
2684 6. 94.
2685 6. 94.
2686 6. 94.
2687 6. 94.
2688 6. 94.
2689 5. 95.
2690 5. 95.
2691 5. 95.
2692 5. 95.
2693 5. 95.
2694 5. 95.
2695 5. 95.
2696 5. 95.
2697 5. 95.
2698 5. 95.
2699 5. 95.
2700 5. 95.
2701 5. 95.
2702 5. 95.
2703 5. 95.
2704 5. 95.
2705 5. 95.
2706 5. 95.
2707 5. 95.
2708 5. 95.
2709 6. 94.
2710 6. 94.
2711 6. 94.
2712 6. 94.
2713 6. 94.
2714 6. 94.
2715 5. 95.
2716 5. 95.
2717 5. 95.
2718 6. 94.
2719 6. 94.
2720 6. 94.
2721 6. 94.
2722 6. 94.
2723 6. 94.
2724 6. 94.
2725 7. 93.
2726 7. 93.
2727 7. 93.
2728 7. 93.
2729 7. 93.
2730 7. 93.
2731 7. 93.
2732 7. 93.
2733 8. 92.
2734 8. 92.
2735 8. 92.
2736 8. 92.
2737 8. 92.
2738 8. 92.
2739 8. 92.
2740 8. 92.
2741 8. 92.
2742 8. 92.
2743 8. 92.
2744 8. 92.
2745 8. 92.
2746 8. 92.
2747 9. 91.
2748 9. 91.
2749 9. 91.
2750 9. 91.
2751 9. 91.
2752 8. 92.
2753 8. 92.
2754 8. 92.
2755 8. 92.
2756 8. 92.
2757 8. 92.
2758 8. 92.
2759 8. 92.
2760 8. 92.
2761 8. 92.
2762 8. 92.
2763 8. 92.
2764 8. 92.
2765 8. 92.
2766 9. 91.
2767 9. 91.
2768 9. 91.
2769 9. 91.
2770 9. 91.
2771 10. 90.
2772 10. 90.
2773 10. 90.
2774 10. 90.
2775 10. 90.
2776 10. 90.
2777 10. 90.
2778 10. 90.
2779 10. 90.
2780 10. 90.
2781 10. 90.
2782 10. 90.
2783 10. 90.
2784 10. 90.
2785 9. 91.
2786 9. 91.
2787 8. 92.
2788 8. 92.
2789 8. 92.
2790 8. 92.
2791 8. 92.
2792 8. 92.
2793 8. 92.
2794 7. 93.
2795 7. 93.
2796 7. 93.
2797 7. 93.
2798 7. 93.
2799 7. 93.
2800 7. 93.
2801 7. 93.
2802 7. 93.
2803 7. 93.
2804 8. 92.
2805 8. 92.
2806 8. 92.
2807 8. 92.
2808 8. 92.
2809 8. 92.
2810 8. 92.
2811 8. 92.
2812 7. 93.
2813 7. 93.
2814 7. 93.
2815 7. 93.
2816 7. 93.
2817 7. 93.
2818 7. 93.
2819 7. 93.
2820 7. 93.
2821 7. 93.
2822 7. 93.
2823 7. 93.
2824 7. 93.
2825 7. 93.
2826 7. 93.
2827 7. 93.
2828 7. 93.
2829 7. 93.
2830 7. 93.
2831 7. 93.
2832 7. 93.
2833 7. 93.
2834 7. 93.
2835 7. 93.
2836 7. 93.
2837 7. 93.
2838 7. 93.
2839 7. 93.
2840 7. 93.
2841 7. 93.
2842 7. 93.
2843 7. 93.
2844 7. 93.
2845 6. 94.
2846 6. 94.
2847 6. 94.
2848 6. 94.
2849 6. 94.
2850 6. 94.
2851 6. 94.
2852 6. 94.
2853 6. 94.
2854 6. 94.
2855 6. 94.
2856 6. 94.
2857 6. 94.
2858 7. 93.
2859 7. 93.
2860 7. 93.
2861 8. 92.
2862 8. 92.
2863 8. 92.
2864 8. 92.
2865 8. 92.
2866 8. 92.
2867 7. 93.
2868 7. 93.
2869 7. 93.
2870 7. 93.
2871 7. 93.
2872 7. 93.
2873 7. 93.
2874 7. 93.
2875 7. 93.
2876 7. 93.
2877 6. 94.
2878 6. 94.
2879 6. 94.
2880 7. 93.
2881 7. 93.
2882 7. 93.
2883 7. 93.
2884 7. 93.
2885 7. 93.
2886 7. 93.
2887 8. 92.
2888 8. 92.
2889 8. 92.
2890 8. 92.
2891 8. 92.
2892 7. 93.
2893 7. 93.
2894 7. 93.
2895 7. 93.
2896 7. 93.
2897 7. 93.
2898 7. 93.
2899 7. 93.
2900 7. 93.
2901 7. 93.
2902 7. 93.
2903 7. 93.
2904 7. 93.
2905 8. 92.
2906 8. 92.
2907 8. 92.
2908 8. 92.
2909 8. 92.
2910 8. 92.
2911 8. 92.
2912 8. 92.
2913 8. 92.
2914 8. 92.
2915 8. 92.
2916 8. 92.
2917 8. 92.
2918 8. 92.
2919 8. 92.
2920 8. 92.
2921 8. 92.
2922 8. 92.
2923 8. 92.
2924 8. 92.
2925 8. 92.
2926 8. 92.
2927 8. 92.
2928 9. 91.
2929 9. 91.
2930 9. 91.
2931 9. 91.
2932 9. 91.
2933 9. 91.
2934 9. 91.
2935 9. 91.
2936 9. 91.
2937 9. 91.
2938 9. 91.
2939 9. 91.
2940 9. 91.
2941 9. 91.
2942 9. 91.
2943 9. 91.
2944 8. 92.
2945 8. 92.
2946 8. 92.
2947 8. 92.
2948 8. 92.
2949 8. 92.
2950 8. 92.
2951 8. 92.
2952 8. 92.
2953 8. 92.
2954 8. 92.
2955 8. 92.
2956 8. 92.
2957 8. 92.
2958 8. 92.
2959 8. 92.
2960 8. 92.
2961 8. 92.
2962 8. 92.
2963 8. 92.
2964 8. 92.
2965 8. 92.
2966 8. 92.
2967 8. 92.
2968 8. 92.
2969 8. 92.
2970 8. 92.
2971 8. 92.
2972 8. 92.
2973 8. 92.
2974 8. 92.
2975 8. 92.
2976 8. 92.
2977 7. 93.
2978 7. 93.
2979 7. 93.
2980 7. 93.
2981 7. 93.
2982 7. 93.
2983 7. 93.
2984 7. 93.
2985 7. 93.
2986 8. 92.
2987 8. 92.
2988 8. 92.
2989 8. 92.
2990 8. 92.
2991 8. 92.
2992 8. 92.
2993 8. 92.
2994 8. 92.
2995 8. 92.
2996 8. 92.
2997 8. 92.
2998 8. 92.
2999 8. 92.
3000 8. 92.
3001 8. 92.
3002 8. 92.
3003 8. 92.
3004 8. 92.
3005 8. 92.
3006 8. 92.
3007 8. 92.
3008 8. 92.
3009 8. 92.
3010 8. 92.
3011 8. 92.
3012 8. 92.
3013 8. 92.
3014 8. 92.
3015 8. 92.
3016 9. 91.
3017 9. 91.
3018 9. 91.
3019 9. 91.
3020 9. 91.
3021 9. 91.
3022 9. 91.
3023 9. 91.
3024 9. 91.
3025 9. 91.
3026 9. 91.
3027 9. 91.
3028 9. 91.
3029 9. 91.
3030 8. 92.
3031 8. 92.
3032 8. 92.
3033 8. 92.
3034 8. 92.
3035 8. 92.
3036 8. 92.
3037 8. 92.
3038 8. 92.
3039 8. 92.
3040 8. 92.
3041 8. 92.
3042 8. 92.
3043 7. 93.
3044 7. 93.
3045 7. 93.
3046 8. 92.
3047 8. 92.
3048 8. 92.
3049 8. 92.
3050 8. 92.
3051 8. 92.
3052 8. 92.
3053 8. 92.
3054 8. 92.
3055 8. 92.
3056 8. 92.
3057 8. 92.
3058 8. 92.
3059 8. 92.
3060 8. 92.
3061 8. 92.
3062 8. 92.
3063 8. 92.
3064 8. 92.
3065 8. 92.
3066 8. 92.
3067 8. 92.
3068 7. 93.
3069 7. 93.
3070 7. 93.
3071 7. 93.
3072 7. 93.
3073 7. 93.
3074 7. 93.
3075 7. 93.
3076 7. 93.
3077 7. 93.
3078 7. 93.
3079 7. 93.
3080 6. 94.
3081 6. 94.
3082 6. 94.
3083 6. 94.
3084 6. 94.
3085 6. 94.
3086 6. 94.
3087 6. 94.
3088 5. 95.
3089 5. 95.
3090 5. 95.
3091 5. 95.
3092 5. 95.
3093 5. 95.
3094 5. 95.
3095 5. 95.
3096 5. 95.
3097 5. 95.
3098 5. 95.
3099 5. 95.
3100 5. 95.
3101 5. 95.
3102 5. 95.
3103 5. 95.
3104 5. 95.
3105 5. 95.
3106 5. 95.
3107 5. 95.
3108 5. 95.
3109 5. 95.
3110 5. 95.
3111 5. 95.
3112 5. 95.
3113 5. 95.
3114 5. 95.
3115 5. 95.
3116 5. 95.
3117 5. 95.
3118 5. 95.
3119 5. 95.
3120 5. 95.
3121 5. 95.
3122 5. 95.
3123 5. 95.
3124 5. 95.
3125 5. 95.
3126 5. 95.
3127 5. 95.
3128 5. 95.
3129 6. 94.
3130 6. 94.
3131 6. 94.
3132 6. 94.
3133 6. 94.
3134 6. 94.
3135 6. 94.
3136 6. 94.
3137 6. 94.
3138 6. 94.
3139 6. 94.
3140 6. 94.
3141 6. 94.
3142 6. 94.
3143 6. 94.
3144 5. 95.
3145 5. 95.
3146 5. 95.
3147 4. 96.
3148 4. 96.
3149 3. 97.
3150 3. 97.
3151 3. 97.
3152 3. 97.
3153 3. 97.
3154 3. 97.
3155 3. 97.
3156 3. 97.
3157 3. 97.
3158 3. 97.
3159 3. 97.
3160 3. 97.
3161 3. 97.
3162 3. 97.
3163 3. 97.
3164 3. 97.
3165 3. 97.
3166 3. 97.
3167 3. 97.
3168 3. 97.
3169 3. 97.
3170 3. 97.
3171 3. 97.
3172 3. 97.
3173 3. 97.
3174 3. 97.
3175 3. 97.
3176 3. 97.
3177 3. 97.
3178 3. 97.
3179 3. 97.
3180 3. 97.
3181 3. 97.
3182 3. 97.
3183 3. 97.
3184 3. 97.
3185 3. 97.
3186 3. 97.
3187 3. 97.
3188 3. 97.
3189 3. 97.
3190 3. 97.
3191 3. 97.
3192 3. 97.
3193 3. 97.
3194 3. 97.
3195 3. 97.
3196 3. 97.
3197 3. 97.
3198 3. 97.
3199 3. 97.
3200 3. 97.
3201 3. 97.
3202 3. 97.
3203 3. 97.
3204 3. 97.
3205 3. 97.
3206 3. 97.
3207 3. 97.
3208 3. 97.
3209 3. 97.
3210 3. 97.
3211 3. 97.
3212 4. 96.
3213 4. 96.
3214 4. 96.
3215 4. 96.
3216 4. 96.
3217 4. 96.
3218 4. 96.
3219 4. 96.
3220 4. 96.
3221 4. 96.
3222 4. 96.
3223 4. 96.
3224 4. 96.
3225 4. 96.
3226 4. 96.
3227 4. 96.
3228 4. 96.
3229 4. 96.
3230 4. 96.
3231 4. 96.
3232 4. 96.
3233 4. 96.
3234 4. 96.
3235 4. 96.
3236 4. 96.
3237 4. 96.
3238 4. 96.
3239 4. 96.
3240 4. 96.
3241 4. 96.
3242 4. 96.
3243 4. 96.
3244 4. 96.
3245 4. 96.
3246 4. 96.
3247 4. 96.
3248 4. 96.
3249 4. 96.
3250 4. 96.
3251 4. 96.
3252 4. 96.
3253 4. 96.
3254 4. 96.
3255 4. 96.
3256 4. 96.
3257 4. 96.
3258 4. 96.
3259 4. 96.
3260 4. 96.
3261 4. 96.
3262 4. 96.
3263 4. 96.
3264 4. 96.
3265 4. 96.
3266 4. 96.
3267 4. 96.
3268 4. 96.
3269 4. 96.
3270 4. 96.
3271 4. 96.
3272 4. 96.
3273 4. 96.
3274 4. 96.
3275 4. 96.
3276 4. 96.
3277 4. 96.
3278 4. 96.
3279 4. 96.
3280 4. 96.
3281 4. 96.
3282 4. 96.
3283 4. 96.
3284 4. 96.
3285 4. 96.
3286 4. 96.
3287 4. 96.
3288 4. 96.
3289 4. 96.
3290 4. 96.
3291 4. 96.
3292 4. 96.
3293 4. 96.
3294 4. 96.
3295 4. 96.
3296 4. 96.
3297 4. 96.
3298 4. 96.
3299 4. 96.
3300 4. 96.
3301 4. 96.
3302 4. 96.
3303 4. 96.
3304 4. 96.
3305 4. 96.
3306 4. 96.
3307 4. 96.
3308 4. 96.
3309 4. 96.
3310 4. 96.
3311 4. 96.
3312 4. 96.
3313 4. 96.
3314 4. 96.
3315 4. 96.
3316 4. 96.
3317 4. 96.
3318 4. 96.
3319 4. 96.
3320 4. 96.
3321 4. 96.
3322 4. 96.
3323 4. 96.
3324 4. 96.
3325 4. 96.
3326 4. 96.
3327 4. 96.
3328 4. 96.
3329 4. 96.
3330 4. 96.
3331 4. 96.
3332 3. 97.
3333 3. 97.
3334 3. 97.
3335 3. 97.
3336 3. 97.
3337 3. 97.
3338 3. 97.
3339 3. 97.
3340 3. 97.
3341 3. 97.
3342 3. 97.
3343 3. 97.
3344 3. 97.
3345 3. 97.
3346 3. 97.
3347 3. 97.
3348 3. 97.
3349 3. 97.
3350 3. 97.
3351 3. 97.
3352 3. 97.
3353 3. 97.
3354 3. 97.
3355 3. 97.
3356 3. 97.
3357 3. 97.
3358 3. 97.
3359 3. 97.
3360 3. 97.
3361 3. 97.
3362 3. 97.
3363 3. 97.
3364 3. 97.
3365 4. 96.
3366 4. 96.
3367 4. 96.
3368 4. 96.
3369 4. 96.
3370 4. 96.
3371 4. 96.
3372 4. 96.
3373 4. 96.
3374 4. 96.
3375 4. 96.
3376 4. 96.
3377 4. 96.
3378 4. 96.
3379 4. 96.
3380 4. 96.
3381 4. 96.
3382 4. 96.
3383 4. 96.
3384 4. 96.
3385 4. 96.
3386 4. 96.
3387 4. 96.
3388 3. 97.
3389 3. 97.
3390 3. 97.
3391 3. 97.
3392 3. 97.
3393 3. 97.
3394 3. 97.
3395 3. 97.
3396 3. 97.
3397 3. 97.
3398 3. 97.
3399 3. 97.
3400 3. 97.
3401 3. 97.
3402 3. 97.
3403 3. 97.
3404 3. 97.
3405 3. 97.
3406 3. 97.
3407 3. 97.
3408 3. 97.
3409 3. 97.
3410 3. 97.
3411 3. 97.
3412 3. 97.
3413 3. 97.
3414 3. 97.
3415 3. 97.
3416 2. 98.
3417 2. 98.
3418 2. 98.
3419 2. 98.
3420 3. 97.
3421 3. 97.
3422 3. 97.
3423 3. 97.
3424 3. 97.
3425 3. 97.
3426 3. 97.
3427 3. 97.
3428 3. 97.
3429 3. 97.
3430 3. 97.
3431 3. 97.
3432 3. 97.
3433 3. 97.
3434 3. 97.
3435 3. 97.
3436 3. 97.
3437 3. 97.
3438 3. 97.
3439 3. 97.
3440 3. 97.
3441 3. 97.
3442 3. 97.
3443 3. 97.
3444 3. 97.
3445 3. 97.
3446 3. 97.
3447 3. 97.
3448 3. 97.
3449 3. 97.
3450 3. 97.
3451 3. 97.
3452 3. 97.
3453 3. 97.
3454 3. 97.
3455 3. 97.
3456 3. 97.
3457 3. 97.
3458 3. 97.
3459 3. 97.
3460 3. 97.
3461 3. 97.
3462 3. 97.
3463 3. 97.
3464 3. 97.
3465 3. 97.
3466 3. 97.
3467 3. 97.
3468 3. 97.
3469 3. 97.
3470 3. 97.
3471 3. 97.
3472 3. 97.
3473 3. 97.
3474 3. 97.
3475 3. 97.
3476 3. 97.
3477 3. 97.
3478 3. 97.
3479 3. 97.
3480 3. 97.
3481 3. 97.
3482 3. 97.
3483 3. 97.
3484 3. 97.
3485 3. 97.
3486 3. 97.
3487 3. 97.
3488 4. 96.
3489 4. 96.
3490 4. 96.
3491 4. 96.
3492 5. 95.
3493 5. 95.
3494 5. 95.
3495 5. 95.
3496 5. 95.
3497 4. 96.
3498 4. 96.
3499 4. 96.
3500 4. 96.
3501 4. 96.
3502 4. 96.
3503 4. 96.
3504 4. 96.
3505 4. 96.
3506 4. 96.
3507 4. 96.
3508 4. 96.
3509 4. 96.
3510 4. 96.
3511 4. 96.
3512 4. 96.
3513 4. 96.
3514 4. 96.
3515 4. 96.
3516 4. 96.
3517 4. 96.
3518 4. 96.
3519 4. 96.
3520 4. 96.
3521 4. 96.
3522 4. 96.
3523 4. 96.
3524 4. 96.
3525 4. 96.
3526 4. 96.
3527 4. 96.
3528 4. 96.
3529 4. 96.
3530 4. 96.
3531 4. 96.
3532 4. 96.
3533 4. 96.
3534 4. 96.
3535 4. 96.
3536 4. 96.
3537 4. 96.
3538 4. 96.
3539 4. 96.
3540 4. 96.
3541 4. 96.
3542 4. 96.
3543 4. 96.
3544 4. 96.
3545 4. 96.
3546 4. 96.
3547 4. 96.
3548 4. 96.
3549 4. 96.
3550 4. 96.
3551 4. 96.
3552 4. 96.
3553 4. 96.
3554 4. 96.
3555 4. 96.
3556 4. 96.
3557 4. 96.
3558 4. 96.
3559 4. 96.
3560 4. 96.
3561 4. 96.
3562 3. 97.
3563 3. 97.
3564 3. 97.
3565 3. 97.
3566 3. 97.
3567 3. 97.
3568 3. 97.
3569 3. 97.
3570 3. 97.
3571 3. 97.
3572 3. 97.
3573 3. 97.
3574 3. 97.
3575 3. 97.
3576 3. 97.
3577 3. 97.
3578 3. 97.
3579 3. 97.
3580 3. 97.
3581 3. 97.
3582 3. 97.
3583 3. 97.
3584 3. 97.
3585 3. 97.
3586 3. 97.
3587 3. 97.
3588 3. 97.
3589 3. 97.
3590 4. 96.
3591 4. 96.
3592 4. 96.
3593 4. 96.
3594 4. 96.
3595 4. 96.
3596 4. 96.
3597 4. 96.
3598 4. 96.
3599 4. 96.
3600 4. 96.
3601 4. 96.
3602 4. 96.
3603 4. 96.
3604 4. 96.
3605 4. 96.
3606 4. 96.
3607 4. 96.
3608 4. 96.
3609 4. 96.
3610 4. 96.
3611 4. 96.
3612 4. 96.
3613 4. 96.
3614 4. 96.
3615 4. 96.
3616 4. 96.
3617 4. 96.
3618 4. 96.
3619 4. 96.
3620 4. 96.
3621 4. 96.
3622 4. 96.
3623 4. 96.
3624 4. 96.
3625 4. 96.
3626 4. 96.
3627 4. 96.
3628 4. 96.
3629 4. 96.
3630 4. 96.
3631 4. 96.
3632 4. 96.
3633 4. 96.
3634 4. 96.
3635 4. 96.
3636 4. 96.
3637 5. 95.
3638 5. 95.
3639 5. 95.
3640 5. 95.
3641 5. 95.
3642 5. 95.
3643 5. 95.
3644 5. 95.
3645 5. 95.
3646 5. 95.
3647 5. 95.
3648 5. 95.
3649 5. 95.
3650 5. 95.
3651 5. 95.
3652 5. 95.
3653 5. 95.
3654 5. 95.
3655 5. 95.
3656 5. 95.
3657 5. 95.
3658 5. 95.
3659 5. 95.
3660 5. 95.
3661 5. 95.
3662 5. 95.
3663 5. 95.
3664 5. 95.
3665 5. 95.
3666 5. 95.
3667 5. 95.
3668 5. 95.
3669 5. 95.
3670 5. 95.
3671 5. 95.
3672 5. 95.
3673 5. 95.
3674 5. 95.
3675 5. 95.
3676 5. 95.
3677 5. 95.
3678 6. 94.
3679 6. 94.
3680 6. 94.
3681 6. 94.
3682 6. 94.
3683 6. 94.
3684 6. 94.
3685 6. 94.
3686 6. 94.
3687 7. 93.
3688 7. 93.
3689 7. 93.
3690 7. 93.
3691 7. 93.
3692 7. 93.
3693 7. 93.
3694 6. 94.
3695 6. 94.
3696 6. 94.
3697 6. 94.
3698 6. 94.
3699 6. 94.
3700 6. 94.
3701 6. 94.
3702 5. 95.
3703 5. 95.
3704 5. 95.
3705 4. 96.
3706 4. 96.
3707 4. 96.
3708 4. 96.
3709 4. 96.
3710 4. 96.
3711 4. 96.
3712 4. 96.
3713 4. 96.
3714 4. 96.
3715 4. 96.
3716 4. 96.
3717 4. 96.
3718 4. 96.
3719 4. 96.
3720 4. 96.
3721 4. 96.
3722 4. 96.
3723 4. 96.
3724 4. 96.
3725 4. 96.
3726 4. 96.
3727 4. 96.
3728 4. 96.
3729 4. 96.
3730 4. 96.
3731 4. 96.
3732 4. 96.
3733 3. 97.
3734 3. 97.
3735 3. 97.
3736 3. 97.
3737 3. 97.
3738 3. 97.
3739 3. 97.
3740 3. 97.
3741 3. 97.
3742 3. 97.
3743 3. 97.
3744 3. 97.
3745 3. 97.
3746 3. 97.
3747 3. 97.
3748 3. 97.
3749 3. 97.
3750 2. 98.
3751 2. 98.
3752 2. 98.
3753 2. 98.
3754 2. 98.
3755 2. 98.
3756 2. 98.
3757 2. 98.
3758 2. 98.
3759 2. 98.
3760 2. 98.
3761 2. 98.
3762 2. 98.
3763 3. 97.
3764 3. 97.
3765 3. 97.
3766 3. 97.
3767 3. 97.
3768 3. 97.
3769 3. 97.
3770 3. 97.
3771 3. 97.
3772 3. 97.
3773 3. 97.
3774 3. 97.
3775 3. 97.
3776 3. 97.
3777 3. 97.
3778 3. 97.
3779 3. 97.
3780 3. 97.
3781 4. 96.
3782 4. 96.
3783 4. 96.
3784 4. 96.
3785 4. 96.
3786 4. 96.
3787 4. 96.
3788 4. 96.
3789 4. 96.
3790 4. 96.
3791 4. 96.
3792 4. 96.
3793 4. 96.
3794 5. 95.
3795 5. 95.
3796 5. 95.
3797 5. 95.
3798 5. 95.
3799 5. 95.
3800 5. 95.
3801 5. 95.
3802 5. 95.
3803 5. 95.
3804 5. 95.
3805 5. 95.
3806 5. 95.
3807 4. 96.
3808 4. 96.
3809 4. 96.
3810 4. 96.
3811 4. 96.
3812 3. 97.
3813 3. 97.
3814 3. 97.
3815 3. 97.
3816 3. 97.
3817 3. 97.
3818 3. 97.
3819 3. 97.
3820 3. 97.
3821 3. 97.
3822 3. 97.
3823 3. 97.
3824 3. 97.
3825 3. 97.
3826 3. 97.
3827 2. 98.
3828 2. 98.
3829 2. 98.
3830 2. 98.
3831 2. 98.
3832 2. 98.
3833 2. 98.
3834 2. 98.
3835 2. 98.
3836 2. 98.
3837 2. 98.
3838 2. 98.
3839 2. 98.
3840 2. 98.
3841 2. 98.
3842 2. 98.
3843 2. 98.
3844 2. 98.
3845 2. 98.
3846 2. 98.
3847 2. 98.
3848 2. 98.
3849 2. 98.
3850 2. 98.
3851 2. 98.
3852 2. 98.
3853 2. 98.
3854 2. 98.
3855 2. 98.
3856 2. 98.
3857 2. 98.
3858 2. 98.
3859 2. 98.
3860 2. 98.
3861 2. 98.
3862 2. 98.
3863 2. 98.
3864 2. 98.
3865 2. 98.
3866 2. 98.
3867 2. 98.
3868 2. 98.
3869 2. 98.
3870 2. 98.
3871 2. 98.
3872 2. 98.
3873 2. 98.
3874 2. 98.
3875 2. 98.
3876 2. 98.
3877 2. 98.
3878 2. 98.
3879 2. 98.
3880 2. 98.
3881 2. 98.
3882 2. 98.
3883 2. 98.
3884 2. 98.
3885 2. 98.
3886 2. 98.
3887 2. 98.
3888 2. 98.
3889 2. 98.
3890 2. 98.
3891 2. 98.
3892 2. 98.
3893 2. 98.
3894 2. 98.
3895 2. 98.
3896 2. 98.
3897 2. 98.
3898 2. 98.
3899 2. 98.
3900 2. 98.
3901 2. 98.
3902 2. 98.
3903 2. 98.
3904 2. 98.
3905 2. 98.
3906 2. 98.
3907 2. 98.
3908 2. 98.
3909 2. 98.
3910 2. 98.
3911 2. 98.
3912 2. 98.
3913 2. 98.
3914 2. 98.
3915 2. 98.
3916 3. 97.
3917 3. 97.
3918 3. 97.
3919 3. 97.
3920 3. 97.
3921 3. 97.
3922 3. 97.
3923 3. 97.
3924 2. 98.
3925 2. 98.
3926 2. 98.
3927 2. 98.
3928 2. 98.
3929 2. 98.
3930 2. 98.
3931 2. 98.
3932 2. 98.
3933 2. 98.
3934 2. 98.
3935 2. 98.
3936 2. 98.
3937 2. 98.
3938 2. 98.
3939 3. 97.
3940 3. 97.
3941 3. 97.
3942 3. 97.
3943 3. 97.
3944 3. 97.
3945 4. 96.
3946 4. 96.
3947 4. 96.
3948 4. 96.
3949 4. 96.
3950 4. 96.
3951 4. 96.
3952 4. 96.
3953 4. 96.
3954 4. 96.
3955 4. 96.
3956 4. 96.
3957 4. 96.
3958 4. 96.
3959 4. 96.
3960 4. 96.
3961 4. 96.
3962 4. 96.
3963 4. 96.
3964 4. 96.
3965 4. 96.
3966 4. 96.
3967 4. 96.
3968 4. 96.
3969 4. 96.
3970 4. 96.
3971 4. 96.
3972 4. 96.
3973 4. 96.
3974 4. 96.
3975 4. 96.
3976 4. 96.
3977 4. 96.
3978 4. 96.
3979 4. 96.
3980 4. 96.
3981 4. 96.
3982 4. 96.
3983 4. 96.
3984 4. 96.
3985 4. 96.
3986 4. 96.
3987 4. 96.
3988 4. 96.
3989 4. 96.
3990 4. 96.
3991 4. 96.
3992 4. 96.
3993 4. 96.
3994 4. 96.
3995 4. 96.
3996 4. 96.
3997 4. 96.
3998 4. 96.
3999 4. 96.
4000 4. 96.
4001 4. 96.
4002 4. 96.
4003 4. 96.
4004 4. 96.
4005 4. 96.
4006 4. 96.
4007 5. 95.
4008 5. 95.
4009 6. 94.
4010 6. 94.
4011 6. 94.
4012 6. 94.
4013 6. 94.
4014 6. 94.
4015 6. 94.
4016 6. 94.
4017 6. 94.
4018 6. 94.
4019 6. 94.
4020 6. 94.
4021 6. 94.
4022 6. 94.
4023 6. 94.
4024 6. 94.
4025 6. 94.
4026 6. 94.
4027 6. 94.
4028 6. 94.
4029 6. 94.
4030 6. 94.
4031 6. 94.
4032 6. 94.
4033 6. 94.
4034 6. 94.
4035 6. 94.
4036 6. 94.
4037 6. 94.
4038 6. 94.
4039 6. 94.
4040 6. 94.
4041 6. 94.
4042 6. 94.
4043 6. 94.
4044 6. 94.
4045 6. 94.
4046 6. 94.
4047 6. 94.
4048 6. 94.
4049 6. 94.
4050 6. 94.
4051 6. 94.
4052 6. 94.
4053 6. 94.
4054 6. 94.
4055 6. 94.
4056 6. 94.
4057 6. 94.
4058 6. 94.
4059 5. 95.
4060 5. 95.
4061 5. 95.
4062 5. 95.
4063 5. 95.
4064 5. 95.
4065 5. 95.
4066 5. 95.
4067 5. 95.
4068 5. 95.
4069 5. 95.
4070 5. 95.
4071 5. 95.
4072 5. 95.
4073 5. 95.
4074 5. 95.
4075 5. 95.
4076 5. 95.
4077 5. 95.
4078 5. 95.
4079 5. 95.
4080 5. 95.
4081 5. 95.
4082 5. 95.
4083 5. 95.
4084 5. 95.
4085 5. 95.
4086 5. 95.
4087 5. 95.
4088 6. 94.
4089 6. 94.
4090 6. 94.
4091 6. 94.
4092 6. 94.
4093 6. 94.
4094 6. 94.
4095 6. 94.
4096 6. 94.
4097 6. 94.
4098 6. 94.
4099 6. 94.
4100 6. 94.
4101 6. 94.
4102 6. 94.
4103 6. 94.
4104 6. 94.
4105 7. 93.
4106 7. 93.
4107 7. 93.
4108 7. 93.
4109 7. 93.
4110 7. 93.
4111 7. 93.
4112 7. 93.
4113 7. 93.
4114 7. 93.
4115 6. 94.
4116 6. 94.
4117 6. 94.
4118 6. 94.
4119 6. 94.
4120 6. 94.
4121 6. 94.
4122 6. 94.
4123 6. 94.
4124 6. 94.
4125 6. 94.
4126 6. 94.
4127 6. 94.
4128 6. 94.
4129 6. 94.
4130 6. 94.
4131 6. 94.
4132 6. 94.
4133 6. 94.
4134 6. 94.
4135 6. 94.
4136 6. 94.
4137 6. 94.
4138 6. 94.
4139 6. 94.
4140 6. 94.
4141 6. 94.
4142 6. 94.
4143 6. 94.
4144 6. 94.
4145 6. 94.
4146 6. 94.
4147 6. 94.
4148 6. 94.
4149 6. 94.
4150 6. 94.
4151 6. 94.
4152 6. 94.
4153 6. 94.
4154 6. 94.
4155 6. 94.
4156 6. 94.
4157 6. 94.
4158 6. 94.
4159 6. 94.
4160 6. 94.
4161 6. 94.
4162 6. 94.
4163 6. 94.
4164 6. 94.
4165 6. 94.
4166 6. 94.
4167 6. 94.
4168 6. 94.
4169 6. 94.
4170 6. 94.
4171 6. 94.
4172 6. 94.
4173 6. 94.
4174 6. 94.
4175 6. 94.
4176 6. 94.
4177 6. 94.
4178 6. 94.
4179 6. 94.
4180 6. 94.
4181 6. 94.
4182 5. 95.
4183 5. 95.
4184 4. 96.
4185 4. 96.
4186 4. 96.
4187 4. 96.
4188 4. 96.
4189 4. 96.
4190 4. 96.
4191 4. 96.
4192 4. 96.
4193 4. 96.
4194 4. 96.
4195 4. 96.
4196 4. 96.
4197 4. 96.
4198 4. 96.
4199 4. 96.
4200 4. 96.
4201 4. 96.
4202 4. 96.
4203 4. 96.
4204 3. 97.
4205 3. 97.
4206 3. 97.
4207 3. 97.
4208 3. 97.
4209 3. 97.
4210 3. 97.
4211 3. 97.
4212 3. 97.
4213 3. 97.
4214 3. 97.
4215 3. 97.
4216 4. 96.
4217 4. 96.
4218 4. 96.
4219 4. 96.
4220 4. 96.
4221 4. 96.
4222 4. 96.
4223 4. 96.
4224 4. 96.
4225 4. 96.
4226 4. 96.
4227 4. 96.
4228 4. 96.
4229 4. 96.
4230 4. 96.
4231 3. 97.
4232 3. 97.
4233 3. 97.
4234 3. 97.
4235 3. 97.
4236 3. 97.
4237 3. 97.
4238 3. 97.
4239 3. 97.
4240 3. 97.
4241 3. 97.
4242 3. 97.
4243 3. 97.
4244 3. 97.
4245 3. 97.
4246 3. 97.
4247 3. 97.
4248 3. 97.
4249 3. 97.
4250 3. 97.
4251 3. 97.
4252 3. 97.
4253 3. 97.
4254 3. 97.
4255 3. 97.
4256 3. 97.
4257 3. 97.
4258 3. 97.
4259 3. 97.
4260 3. 97.
4261 3. 97.
4262 3. 97.
4263 3. 97.
4264 3. 97.
4265 3. 97.
4266 3. 97.
4267 3. 97.
4268 3. 97.
4269 3. 97.
4270 3. 97.
4271 3. 97.
4272 3. 97.
4273 3. 97.
4274 3. 97.
4275 3. 97.
4276 3. 97.
4277 3. 97.
4278 3. 97.
4279 3. 97.
4280 3. 97.
4281 3. 97.
4282 3. 97.
4283 3. 97.
4284 3. 97.
4285 3. 97.
4286 3. 97.
4287 3. 97.
4288 3. 97.
4289 3. 97.
4290 3. 97.
4291 3. 97.
4292 2. 98.
4293 2. 98.
4294 2. 98.
4295 2. 98.
4296 3. 97.
4297 3. 97.
4298 4. 96.
4299 5. 95.
4300 5. 95.
4301 5. 95.
4302 5. 95.
4303 5. 95.
4304 5. 95.
4305 5. 95.
4306 5. 95.
4307 5. 95.
4308 5. 95.
4309 5. 95.
4310 5. 95.
4311 5. 95.
4312 5. 95.
4313 5. 95.
4314 5. 95.
4315 5. 95.
4316 5. 95.
4317 5. 95.
4318 5. 95.
4319 5. 95.
4320 5. 95.
4321 5. 95.
4322 5. 95.
4323 5. 95.
4324 5. 95.
4325 5. 95.
4326 5. 95.
4327 5. 95.
4328 5. 95.
4329 4. 96.
4330 4. 96.
4331 4. 96.
4332 4. 96.
4333 4. 96.
4334 4. 96.
4335 4. 96.
4336 4. 96.
4337 4. 96.
4338 4. 96.
4339 4. 96.
4340 4. 96.
4341 4. 96.
4342 4. 96.
4343 4. 96.
4344 4. 96.
4345 4. 96.
4346 4. 96.
4347 4. 96.
4348 4. 96.
4349 4. 96.
4350 4. 96.
4351 4. 96.
4352 4. 96.
4353 4. 96.
4354 4. 96.
4355 4. 96.
4356 4. 96.
4357 4. 96.
4358 4. 96.
4359 4. 96.
4360 3. 97.
4361 3. 97.
4362 3. 97.
4363 3. 97.
4364 3. 97.
4365 3. 97.
4366 3. 97.
4367 3. 97.
4368 3. 97.
4369 3. 97.
4370 3. 97.
4371 3. 97.
4372 3. 97.
4373 3. 97.
4374 3. 97.
4375 3. 97.
4376 3. 97.
4377 3. 97.
4378 3. 97.
4379 3. 97.
4380 3. 97.
4381 3. 97.
4382 3. 97.
4383 3. 97.
4384 3. 97.
4385 3. 97.
4386 3. 97.
4387 3. 97.
4388 3. 97.
4389 3. 97.
4390 3. 97.
4391 3. 97.
4392 3. 97.
4393 3. 97.
4394 3. 97.
4395 3. 97.
4396 3. 97.
4397 3. 97.
4398 3. 97.
4399 3. 97.
4400 3. 97.
4401 3. 97.
4402 3. 97.
4403 3. 97.
4404 3. 97.
4405 3. 97.
4406 3. 97.
4407 3. 97.
4408 3. 97.
4409 3. 97.
4410 3. 97.
4411 3. 97.
4412 3. 97.
4413 3. 97.
4414 3. 97.
4415 3. 97.
4416 3. 97.
4417 3. 97.
4418 3. 97.
4419 3. 97.
4420 3. 97.
4421 3. 97.
4422 3. 97.
4423 3. 97.
4424 3. 97.
4425 3. 97.
4426 3. 97.
4427 3. 97.
4428 3. 97.
4429 3. 97.
4430 3. 97.
4431 3. 97.
4432 3. 97.
4433 3. 97.
4434 2. 98.
4435 2. 98.
4436 2. 98.
4437 2. 98.
4438 2. 98.
4439 2. 98.
4440 2. 98.
4441 2. 98.
4442 2. 98.
4443 2. 98.
4444 2. 98.
4445 2. 98.
4446 2. 98.
4447 2. 98.
4448 2. 98.
4449 2. 98.
4450 2. 98.
4451 2. 98.
4452 2. 98.
4453 2. 98.
4454 2. 98.
4455 2. 98.
4456 2. 98.
4457 2. 98.
4458 2. 98.
4459 2. 98.
4460 2. 98.
4461 2. 98.
4462 2. 98.
4463 2. 98.
4464 2. 98.
4465 2. 98.
4466 2. 98.
4467 2. 98.
4468 2. 98.
4469 2. 98.
4470 2. 98.
4471 2. 98.
4472 2. 98.
4473 2. 98.
4474 2. 98.
4475 2. 98.
4476 2. 98.
4477 2. 98.
4478 2. 98.
4479 2. 98.
4480 2. 98.
4481 2. 98.
4482 2. 98.
4483 2. 98.
4484 2. 98.
4485 2. 98.
4486 2. 98.
4487 2. 98.
4488 2. 98.
4489 1. 99.
4490 1. 99.
4491 1. 99.
4492 1. 99.
4493 1. 99.
4494 1. 99.
4495 1. 99.
4496 1. 99.
4497 1. 99.
4498 1. 99.
4499 1. 99.
4500 1. 99.
4501 1. 99.
4502 1. 99.
4503 1. 99.
4504 1. 99.
4505 1. 99.
4506 1. 99.
4507 1. 99.
4508 1. 99.
4509 1. 99.
4510 1. 99.
4511 1. 99.
4512 1. 99.
4513 1. 99.
4514 1. 99.
4515 1. 99.
4516 1. 99.
4517 1. 99.
4518 1. 99.
4519 1. 99.
4520 1. 99.
4521 1. 99.
4522 1. 99.
