0 22. 78.
1 22. 78.
2 23. 77.
3 23. 77.
4 23. 77.
5 23. 77.
6 23. 77.
7 23. 77.
8 23. 77.
9 23. 77.
10 23. 77.
11 24. 76.
12 24. 76.
13 24. 76.
14 24. 76.
15 24. 76.
16 24. 76.
17 24. 76.
18 24. 76.
19 24. 76.
20 24. 76.
21 24. 76.
22 24. 76.
23 24. 76.
24 25. 75.
25 25. 75.
26 25. 75.
27 25. 75.
28 25. 75.
29 25. 75.
30 25. 75.
31 26. 74.
32 26. 74.
33 27. 73.
34 28. 72.
35 27. 73.
36 26. 74.
37 27. 73.
38 28. 72.
39 28. 72.
40 28. 72.
41 28. 72.
42 28. 72.
43 29. 71.
44 29. 71.
45 29. 71.
46 29. 71.
47 30. 70.
48 30. 70.
49 29. 71.
50 29. 71.
51 29. 71.
52 29. 71.
53 29. 71.
54 29. 71.
55 29. 71.
56 30. 70.
57 31. 69.
58 31. 69.
59 30. 70.
60 30. 70.
61 30. 70.
62 31. 69.
63 32. 68.
64 32. 68.
65 32. 68.
66 31. 69.
67 30. 70.
68 30. 70.
69 30. 70.
70 29. 71.
71 29. 71.
72 29. 71.
73 29. 71.
74 29. 71.
75 29. 71.
76 29. 71.
77 29. 71.
78 29. 71.
79 29. 71.
80 29. 71.
81 29. 71.
82 29. 71.
83 29. 71.
84 29. 71.
85 29. 71.
86 29. 71.
87 29. 71.
88 29. 71.
89 29. 71.
90 29. 71.
91 29. 71.
92 28. 72.
93 28. 72.
94 28. 72.
95 27. 73.
96 27. 73.
97 27. 73.
98 27. 73.
99 26. 74.
100 26. 74.
101 27. 73.
102 27. 73.
103 26. 74.
104 26. 74.
105 25. 75.
106 25. 75.
107 25. 75.
108 24. 76.
109 24. 76.
110 23. 77.
111 23. 77.
112 23. 77.
113 23. 77.
114 23. 77.
115 23. 77.
116 23. 77.
117 22. 78.
118 22. 78.
119 22. 78.
120 22. 78.
121 21. 79.
122 21. 79.
123 22. 78.
124 21. 79.
125 22. 78.
126 22. 78.
127 22. 78.
128 22. 78.
129 21. 79.
130 22. 78.
131 22. 78.
132 22. 78.
133 22. 78.
134 22. 78.
135 22. 78.
136 22. 78.
137 22. 78.
138 22. 78.
139 22. 78.
140 22. 78.
141 22. 78.
142 23. 77.
143 23. 77.
144 23. 77.
145 22. 78.
146 22. 78.
147 22. 78.
148 23. 77.
149 24. 76.
150 24. 76.
151 24. 76.
152 24. 76.
153 24. 76.
154 24. 76.
155 24. 76.
156 24. 76.
157 24. 76.
158 24. 76.
159 24. 76.
160 24. 76.
161 25. 75.
162 24. 76.
163 24. 76.
164 24. 76.
165 24. 76.
166 23. 77.
167 22. 78.
168 22. 78.
169 22. 78.
170 22. 78.
171 23. 77.
172 23. 77.
173 23. 77.
174 23. 77.
175 22. 78.
176 22. 78.
177 21. 79.
178 20. 80.
179 21. 79.
180 21. 79.
181 21. 79.
182 21. 79.
183 21. 79.
184 21. 79.
185 20. 80.
186 20. 80.
187 20. 80.
188 21. 79.
189 21. 79.
190 20. 80.
191 20. 80.
192 20. 80.
193 21. 79.
194 21. 79.
195 21. 79.
196 21. 79.
197 21. 79.
198 22. 78.
199 22. 78.
200 22. 78.
201 22. 78.
202 22. 78.
203 22. 78.
204 22. 78.
205 22. 78.
206 22. 78.
207 22. 78.
208 21. 79.
209 21. 79.
210 21. 79.
211 21. 79.
212 22. 78.
213 22. 78.
214 22. 78.
215 22. 78.
216 22. 78.
217 22. 78.
218 23. 77.
219 23. 77.
220 23. 77.
221 23. 77.
222 23. 77.
223 23. 77.
224 23. 77.
225 23. 77.
226 23. 77.
227 23. 77.
228 23. 77.
229 23. 77.
230 23. 77.
231 23. 77.
232 23. 77.
233 23. 77.
234 22. 78.
235 22. 78.
236 22. 78.
237 21. 79.
238 21. 79.
239 21. 79.
240 21. 79.
241 22. 78.
242 21. 79.
243 21. 79.
244 22. 78.
245 22. 78.
246 22. 78.
247 22. 78.
248 22. 78.
249 22. 78.
250 22. 78.
251 22. 78.
252 22. 78.
253 22. 78.
254 22. 78.
255 22. 78.
256 22. 78.
257 22. 78.
258 22. 78.
259 22. 78.
260 22. 78.
261 22. 78.
262 22. 78.
263 22. 78.
264 22. 78.
265 21. 79.
266 21. 79.
267 21. 79.
268 20. 80.
269 21. 79.
270 21. 79.
271 21. 79.
272 21. 79.
273 21. 79.
274 21. 79.
275 21. 79.
276 20. 80.
277 20. 80.
278 20. 80.
279 20. 80.
280 20. 80.
281 20. 80.
282 20. 80.
283 19. 81.
284 19. 81.
285 19. 81.
286 18. 82.
287 18. 82.
288 18. 82.
289 18. 82.
290 18. 82.
291 17. 83.
292 17. 83.
293 17. 83.
294 17. 83.
295 17. 83.
296 17. 83.
297 17. 83.
298 17. 83.
299 17. 83.
300 17. 83.
301 17. 83.
302 17. 83.
303 17. 83.
304 17. 83.
305 17. 83.
306 17. 83.
307 18. 82.
308 18. 82.
309 18. 82.
310 18. 82.
311 18. 82.
312 18. 82.
313 19. 81.
314 19. 81.
315 19. 81.
316 19. 81.
317 19. 81.
318 19. 81.
319 20. 80.
320 20. 80.
321 20. 80.
322 19. 81.
323 19. 81.
324 19. 81.
325 19. 81.
326 19. 81.
327 18. 82.
328 18. 82.
329 18. 82.
330 19. 81.
331 19. 81.
332 19. 81.
333 19. 81.
334 19. 81.
335 19. 81.
336 19. 81.
337 19. 81.
338 19. 81.
339 19. 81.
340 19. 81.
341 20. 80.
342 20. 80.
343 20. 80.
344 20. 80.
345 20. 80.
346 20. 80.
347 20. 80.
348 20. 80.
349 20. 80.
350 20. 80.
351 20. 80.
352 20. 80.
353 20. 80.
354 20. 80.
355 19. 81.
356 18. 82.
357 18. 82.
358 18. 82.
359 18. 82.
360 18. 82.
361 18. 82.
362 19. 81.
363 19. 81.
364 19. 81.
365 19. 81.
366 19. 81.
367 19. 81.
368 19. 81.
369 19. 81.
370 19. 81.
371 19. 81.
372 19. 81.
373 20. 80.
374 20. 80.
375 21. 79.
376 21. 79.
377 21. 79.
378 21. 79.
379 21. 79.
380 21. 79.
381 21. 79.
382 21. 79.
383 22. 78.
384 21. 79.
385 21. 79.
386 21. 79.
387 21. 79.
388 21. 79.
389 21. 79.
390 21. 79.
391 21. 79.
392 22. 78.
393 22. 78.
394 22. 78.
395 22. 78.
396 23. 77.
397 23. 77.
398 23. 77.
399 24. 76.
400 24. 76.
401 24. 76.
402 24. 76.
403 24. 76.
404 24. 76.
405 24. 76.
406 24. 76.
407 23. 77.
408 23. 77.
409 23. 77.
410 23. 77.
411 23. 77.
412 23. 77.
413 22. 78.
414 21. 79.
415 21. 79.
416 21. 79.
417 21. 79.
418 21. 79.
419 21. 79.
420 21. 79.
421 21. 79.
422 21. 79.
423 22. 78.
424 22. 78.
425 21. 79.
426 21. 79.
427 21. 79.
428 21. 79.
429 21. 79.
430 21. 79.
431 21. 79.
432 21. 79.
433 21. 79.
434 21. 79.
435 21. 79.
436 21. 79.
437 22. 78.
438 22. 78.
439 22. 78.
440 22. 78.
441 22. 78.
442 22. 78.
443 22. 78.
444 22. 78.
445 22. 78.
446 22. 78.
447 23. 77.
448 23. 77.
449 23. 77.
450 24. 76.
451 25. 75.
452 25. 75.
453 25. 75.
454 25. 75.
455 24. 76.
456 25. 75.
457 26. 74.
458 26. 74.
459 26. 74.
460 26. 74.
461 26. 74.
462 26. 74.
463 26. 74.
464 26. 74.
465 26. 74.
466 26. 74.
467 25. 75.
468 25. 75.
469 25. 75.
470 26. 74.
471 26. 74.
472 25. 75.
473 25. 75.
474 25. 75.
475 25. 75.
476 25. 75.
477 25. 75.
478 25. 75.
479 26. 74.
480 26. 74.
481 27. 73.
482 27. 73.
483 26. 74.
484 26. 74.
485 26. 74.
486 25. 75.
487 25. 75.
488 24. 76.
489 24. 76.
490 24. 76.
491 24. 76.
492 24. 76.
493 24. 76.
494 23. 77.
495 23. 77.
496 23. 77.
497 23. 77.
498 24. 76.
499 24. 76.
500 24. 76.
501 24. 76.
502 24. 76.
503 24. 76.
504 24. 76.
505 24. 76.
506 24. 76.
507 24. 76.
508 24. 76.
509 24. 76.
510 24. 76.
511 24. 76.
512 24. 76.
513 24. 76.
514 23. 77.
515 23. 77.
516 23. 77.
517 23. 77.
518 23. 77.
519 24. 76.
520 25. 75.
521 25. 75.
522 25. 75.
523 25. 75.
524 25. 75.
525 25. 75.
526 25. 75.
527 25. 75.
528 25. 75.
529 25. 75.
530 26. 74.
531 26. 74.
532 26. 74.
533 26. 74.
534 26. 74.
535 26. 74.
536 26. 74.
537 26. 74.
538 26. 74.
539 26. 74.
540 26. 74.
541 26. 74.
542 25. 75.
543 25. 75.
544 25. 75.
545 25. 75.
546 26. 74.
547 25. 75.
548 25. 75.
549 24. 76.
550 24. 76.
551 24. 76.
552 24. 76.
553 25. 75.
554 25. 75.
555 25. 75.
556 25. 75.
557 25. 75.
558 25. 75.
559 25. 75.
560 25. 75.
561 24. 76.
562 24. 76.
563 24. 76.
564 24. 76.
565 24. 76.
566 24. 76.
567 23. 77.
568 23. 77.
569 23. 77.
570 23. 77.
571 23. 77.
572 23. 77.
573 24. 76.
574 24. 76.
575 24. 76.
576 24. 76.
577 24. 76.
578 24. 76.
579 25. 75.
580 25. 75.
581 25. 75.
582 25. 75.
583 25. 75.
584 25. 75.
585 26. 74.
586 26. 74.
587 26. 74.
588 25. 75.
589 25. 75.
590 24. 76.
591 24. 76.
592 24. 76.
593 24. 76.
594 24. 76.
595 24. 76.
596 24. 76.
597 24. 76.
598 24. 76.
599 24. 76.
600 24. 76.
601 24. 76.
602 24. 76.
603 24. 76.
604 23. 77.
605 23. 77.
606 22. 78.
607 21. 79.
608 20. 80.
609 20. 80.
610 20. 80.
611 20. 80.
612 20. 80.
613 20. 80.
614 20. 80.
615 20. 80.
616 20. 80.
617 20. 80.
618 20. 80.
619 20. 80.
620 20. 80.
621 20. 80.
622 20. 80.
623 20. 80.
624 19. 81.
625 18. 82.
626 18. 82.
627 18. 82.
628 18. 82.
629 18. 82.
630 18. 82.
631 18. 82.
632 18. 82.
633 17. 83.
634 17. 83.
635 17. 83.
636 17. 83.
637 17. 83.
638 17. 83.
639 17. 83.
640 17. 83.
641 17. 83.
642 16. 84.
643 16. 84.
644 16. 84.
645 16. 84.
646 16. 84.
647 16. 84.
648 15. 85.
649 15. 85.
650 15. 85.
651 15. 85.
652 15. 85.
653 15. 85.
654 15. 85.
655 14. 86.
656 14. 86.
657 14. 86.
658 14. 86.
659 14. 86.
660 14. 86.
661 14. 86.
662 14. 86.
663 14. 86.
664 14. 86.
665 14. 86.
666 13. 87.
667 13. 87.
668 13. 87.
669 13. 87.
670 13. 87.
671 13. 87.
672 14. 86.
673 14. 86.
674 15. 85.
675 15. 85.
676 15. 85.
677 15. 85.
678 15. 85.
679 15. 85.
680 15. 85.
681 15. 85.
682 15. 85.
683 15. 85.
684 16. 84.
685 16. 84.
686 16. 84.
687 16. 84.
688 16. 84.
689 16. 84.
690 16. 84.
691 17. 83.
692 17. 83.
693 18. 82.
694 18. 82.
695 18. 82.
696 18. 82.
697 18. 82.
698 18. 82.
699 18. 82.
700 18. 82.
701 19. 81.
702 19. 81.
703 19. 81.
704 19. 81.
705 19. 81.
706 19. 81.
707 19. 81.
708 19. 81.
709 19. 81.
710 19. 81.
711 18. 82.
712 18. 82.
713 18. 82.
714 18. 82.
715 18. 82.
716 18. 82.
717 18. 82.
718 18. 82.
719 18. 82.
720 18. 82.
721 18. 82.
722 17. 83.
723 17. 83.
724 18. 82.
725 18. 82.
726 17. 83.
727 17. 83.
728 17. 83.
729 17. 83.
730 17. 83.
731 17. 83.
732 17. 83.
733 17. 83.
734 17. 83.
735 17. 83.
736 17. 83.
737 17. 83.
738 17. 83.
739 17. 83.
740 17. 83.
741 17. 83.
742 17. 83.
743 18. 82.
744 18. 82.
745 18. 82.
746 18. 82.
747 18. 82.
748 18. 82.
749 18. 82.
750 18. 82.
751 18. 82.
752 17. 83.
753 17. 83.
754 17. 83.
755 16. 84.
756 16. 84.
757 16. 84.
758 16. 84.
759 16. 84.
760 16. 84.
761 16. 84.
762 16. 84.
763 17. 83.
764 17. 83.
765 16. 84.
766 16. 84.
767 15. 85.
768 15. 85.
769 15. 85.
770 15. 85.
771 15. 85.
772 15. 85.
773 15. 85.
774 15. 85.
775 15. 85.
776 15. 85.
777 14. 86.
778 13. 87.
779 13. 87.
780 13. 87.
781 13. 87.
782 13. 87.
783 13. 87.
784 12. 88.
785 13. 87.
786 13. 87.
787 13. 87.
788 13. 87.
789 13. 87.
790 13. 87.
791 13. 87.
792 13. 87.
793 13. 87.
794 13. 87.
795 13. 87.
796 13. 87.
797 13. 87.
798 13. 87.
799 12. 88.
800 12. 88.
801 12. 88.
802 12. 88.
803 12. 88.
804 12. 88.
805 12. 88.
806 12. 88.
807 12. 88.
808 12. 88.
809 12. 88.
810 12. 88.
811 12. 88.
812 12. 88.
813 12. 88.
814 12. 88.
815 11. 89.
816 11. 89.
817 11. 89.
818 11. 89.
819 11. 89.
820 11. 89.
821 11. 89.
822 11. 89.
823 11. 89.
824 11. 89.
825 11. 89.
826 11. 89.
827 11. 89.
828 11. 89.
829 11. 89.
830 11. 89.
831 11. 89.
832 11. 89.
833 11. 89.
834 11. 89.
835 11. 89.
836 11. 89.
837 11. 89.
838 11. 89.
839 12. 88.
840 13. 87.
841 13. 87.
842 13. 87.
843 13. 87.
844 13. 87.
845 13. 87.
846 13. 87.
847 13. 87.
848 13. 87.
849 13. 87.
850 13. 87.
851 13. 87.
852 13. 87.
853 13. 87.
854 13. 87.
855 13. 87.
856 13. 87.
857 13. 87.
858 13. 87.
859 13. 87.
860 13. 87.
861 13. 87.
862 13. 87.
863 13. 87.
864 13. 87.
865 13. 87.
866 13. 87.
867 14. 86.
868 14. 86.
869 14. 86.
870 13. 87.
871 12. 88.
872 12. 88.
873 12. 88.
874 12. 88.
875 12. 88.
876 13. 87.
877 13. 87.
878 12. 88.
879 12. 88.
880 12. 88.
881 12. 88.
882 12. 88.
883 12. 88.
884 11. 89.
885 11. 89.
886 10. 90.
887 10. 90.
888 10. 90.
889 10. 90.
890 10. 90.
891 10. 90.
892 10. 90.
893 10. 90.
894 10. 90.
895 10. 90.
896 11. 89.
897 11. 89.
898 11. 89.
899 12. 88.
900 13. 87.
901 13. 87.
902 13. 87.
903 13. 87.
904 13. 87.
905 13. 87.
906 13. 87.
907 13. 87.
908 13. 87.
909 13. 87.
910 14. 86.
911 14. 86.
912 14. 86.
913 15. 85.
914 15. 85.
915 15. 85.
916 15. 85.
917 15. 85.
918 15. 85.
919 15. 85.
920 15. 85.
921 16. 84.
922 16. 84.
923 16. 84.
924 16. 84.
925 16. 84.
926 16. 84.
927 16. 84.
928 16. 84.
929 16. 84.
930 17. 83.
931 17. 83.
932 17. 83.
933 18. 82.
934 18. 82.
935 18. 82.
936 18. 82.
937 18. 82.
938 18. 82.
939 18. 82.
940 17. 83.
941 17. 83.
942 17. 83.
943 17. 83.
944 17. 83.
945 17. 83.
946 17. 83.
947 17. 83.
948 17. 83.
949 17. 83.
950 17. 83.
951 17. 83.
952 17. 83.
953 17. 83.
954 17. 83.
955 17. 83.
956 17. 83.
957 17. 83.
958 17. 83.
959 17. 83.
960 17. 83.
961 17. 83.
962 17. 83.
963 17. 83.
964 17. 83.
965 17. 83.
966 17. 83.
967 16. 84.
968 17. 83.
969 17. 83.
970 17. 83.
971 17. 83.
972 17. 83.
973 17. 83.
974 17. 83.
975 17. 83.
976 17. 83.
977 17. 83.
978 17. 83.
979 17. 83.
980 17. 83.
981 17. 83.
982 16. 84.
983 17. 83.
984 17. 83.
985 18. 82.
986 18. 82.
987 18. 82.
988 18. 82.
989 18. 82.
990 18. 82.
991 18. 82.
992 17. 83.
993 17. 83.
994 17. 83.
995 18. 82.
996 18. 82.
997 18. 82.
998 18. 82.
999 18. 82.
1000 18. 82.
1001 18. 82.
1002 18. 82.
1003 17. 83.
1004 17. 83.
1005 17. 83.
1006 17. 83.
1007 17. 83.
1008 17. 83.
1009 17. 83.
1010 17. 83.
1011 17. 83.
1012 17. 83.
1013 17. 83.
1014 17. 83.
1015 17. 83.
1016 17. 83.
1017 17. 83.
1018 17. 83.
1019 17. 83.
1020 17. 83.
1021 17. 83.
1022 17. 83.
1023 17. 83.
1024 17. 83.
1025 17. 83.
1026 16. 84.
1027 16. 84.
1028 16. 84.
1029 16. 84.
1030 16. 84.
1031 16. 84.
1032 16. 84.
1033 16. 84.
1034 16. 84.
1035 16. 84.
1036 16. 84.
1037 16. 84.
1038 16. 84.
1039 16. 84.
1040 16. 84.
1041 16. 84.
1042 16. 84.
1043 17. 83.
1044 17. 83.
1045 17. 83.
1046 17. 83.
1047 17. 83.
1048 17. 83.
1049 18. 82.
1050 18. 82.
1051 18. 82.
1052 18. 82.
1053 18. 82.
1054 18. 82.
1055 18. 82.
1056 18. 82.
1057 18. 82.
1058 18. 82.
1059 18. 82.
1060 18. 82.
1061 18. 82.
1062 18. 82.
1063 18. 82.
1064 18. 82.
1065 18. 82.
1066 18. 82.
1067 18. 82.
1068 18. 82.
1069 18. 82.
1070 19. 81.
1071 19. 81.
1072 19. 81.
1073 19. 81.
1074 19. 81.
1075 19. 81.
1076 19. 81.
1077 19. 81.
1078 20. 80.
1079 20. 80.
1080 20. 80.
1081 20. 80.
1082 20. 80.
1083 21. 79.
1084 21. 79.
1085 21. 79.
1086 21. 79.
1087 20. 80.
1088 20. 80.
1089 20. 80.
1090 20. 80.
1091 20. 80.
1092 20. 80.
1093 19. 81.
1094 19. 81.
1095 19. 81.
1096 18. 82.
1097 18. 82.
1098 18. 82.
1099 18. 82.
1100 19. 81.
1101 19. 81.
1102 19. 81.
1103 19. 81.
1104 19. 81.
1105 19. 81.
1106 19. 81.
1107 19. 81.
1108 19. 81.
1109 19. 81.
1110 19. 81.
1111 19. 81.
1112 19. 81.
1113 19. 81.
1114 19. 81.
1115 18. 82.
1116 18. 82.
1117 18. 82.
1118 18. 82.
1119 18. 82.
1120 18. 82.
1121 18. 82.
1122 18. 82.
1123 18. 82.
1124 18. 82.
1125 19. 81.
1126 19. 81.
1127 19. 81.
1128 19. 81.
1129 19. 81.
1130 19. 81.
1131 19. 81.
1132 20. 80.
1133 20. 80.
1134 20. 80.
1135 20. 80.
1136 20. 80.
1137 20. 80.
1138 20. 80.
1139 20. 80.
1140 20. 80.
1141 20. 80.
1142 20. 80.
1143 20. 80.
1144 20. 80.
1145 20. 80.
1146 20. 80.
1147 20. 80.
1148 20. 80.
1149 20. 80.
1150 20. 80.
1151 20. 80.
1152 20. 80.
1153 19. 81.
1154 19. 81.
1155 19. 81.
1156 19. 81.
1157 19. 81.
1158 19. 81.
1159 19. 81.
1160 19. 81.
1161 19. 81.
1162 19. 81.
1163 19. 81.
1164 19. 81.
1165 19. 81.
1166 20. 80.
1167 20. 80.
1168 20. 80.
1169 20. 80.
1170 20. 80.
1171 20. 80.
1172 20. 80.
1173 20. 80.
1174 20. 80.
1175 20. 80.
1176 20. 80.
1177 20. 80.
1178 20. 80.
1179 20. 80.
1180 20. 80.
1181 20. 80.
1182 20. 80.
1183 19. 81.
1184 19. 81.
1185 19. 81.
1186 19. 81.
1187 19. 81.
1188 19. 81.
1189 19. 81.
1190 18. 82.
1191 18. 82.
1192 18. 82.
1193 18. 82.
1194 18. 82.
1195 18. 82.
1196 18. 82.
1197 18. 82.
1198 18. 82.
1199 18. 82.
1200 18. 82.
1201 19. 81.
1202 19. 81.
1203 19. 81.
1204 20. 80.
1205 20. 80.
1206 20. 80.
1207 21. 79.
1208 20. 80.
1209 20. 80.
1210 21. 79.
1211 21. 79.
1212 21. 79.
1213 21. 79.
1214 21. 79.
1215 21. 79.
1216 21. 79.
1217 20. 80.
1218 20. 80.
1219 21. 79.
1220 21. 79.
1221 21. 79.
1222 21. 79.
1223 21. 79.
1224 20. 80.
1225 20. 80.
1226 20. 80.
1227 20. 80.
1228 20. 80.
1229 20. 80.
1230 20. 80.
1231 19. 81.
1232 20. 80.
1233 20. 80.
1234 20. 80.
1235 21. 79.
1236 21. 79.
1237 21. 79.
1238 21. 79.
1239 21. 79.
1240 21. 79.
1241 21. 79.
1242 21. 79.
1243 21. 79.
1244 21. 79.
1245 21. 79.
1246 21. 79.
1247 21. 79.
1248 21. 79.
1249 21. 79.
1250 20. 80.
1251 20. 80.
1252 20. 80.
1253 20. 80.
1254 20. 80.
1255 20. 80.
1256 20. 80.
1257 20. 80.
1258 20. 80.
1259 20. 80.
1260 20. 80.
1261 20. 80.
1262 20. 80.
1263 20. 80.
1264 19. 81.
1265 19. 81.
1266 18. 82.
1267 18. 82.
1268 18. 82.
1269 18. 82.
1270 18. 82.
1271 17. 83.
1272 17. 83.
1273 17. 83.
1274 17. 83.
1275 17. 83.
1276 17. 83.
1277 17. 83.
1278 17. 83.
1279 17. 83.
1280 17. 83.
1281 17. 83.
1282 17. 83.
1283 17. 83.
1284 17. 83.
1285 17. 83.
1286 17. 83.
1287 17. 83.
1288 17. 83.
1289 17. 83.
1290 17. 83.
1291 17. 83.
1292 17. 83.
1293 17. 83.
1294 17. 83.
1295 17. 83.
1296 17. 83.
1297 18. 82.
1298 18. 82.
1299 18. 82.
1300 18. 82.
1301 18. 82.
1302 18. 82.
1303 18. 82.
1304 18. 82.
1305 17. 83.
1306 18. 82.
1307 18. 82.
1308 18. 82.
1309 17. 83.
1310 17. 83.
1311 17. 83.
1312 17. 83.
1313 16. 84.
1314 16. 84.
1315 16. 84.
1316 16. 84.
1317 16. 84.
1318 17. 83.
1319 17. 83.
1320 17. 83.
1321 17. 83.
1322 17. 83.
1323 17. 83.
1324 16. 84.
1325 17. 83.
1326 17. 83.
1327 17. 83.
1328 17. 83.
1329 17. 83.
1330 17. 83.
1331 17. 83.
1332 17. 83.
1333 17. 83.
1334 17. 83.
1335 17. 83.
1336 17. 83.
1337 17. 83.
1338 17. 83.
1339 17. 83.
1340 17. 83.
1341 17. 83.
1342 17. 83.
1343 16. 84.
1344 16. 84.
1345 16. 84.
1346 16. 84.
1347 15. 85.
1348 15. 85.
1349 14. 86.
1350 15. 85.
1351 15. 85.
1352 15. 85.
1353 15. 85.
1354 16. 84.
1355 15. 85.
1356 15. 85.
1357 15. 85.
1358 14. 86.
1359 14. 86.
1360 14. 86.
1361 14. 86.
1362 14. 86.
1363 14. 86.
1364 14. 86.
1365 14. 86.
1366 14. 86.
1367 14. 86.
1368 15. 85.
1369 15. 85.
1370 15. 85.
1371 15. 85.
1372 15. 85.
1373 15. 85.
1374 15. 85.
1375 14. 86.
1376 14. 86.
1377 15. 85.
1378 15. 85.
1379 16. 84.
1380 16. 84.
1381 16. 84.
1382 16. 84.
1383 15. 85.
1384 15. 85.
1385 16. 84.
1386 16. 84.
1387 17. 83.
1388 17. 83.
1389 18. 82.
1390 18. 82.
1391 17. 83.
1392 17. 83.
1393 17. 83.
1394 17. 83.
1395 17. 83.
1396 17. 83.
1397 18. 82.
1398 18. 82.
1399 18. 82.
1400 18. 82.
1401 18. 82.
1402 18. 82.
1403 18. 82.
1404 18. 82.
1405 18. 82.
1406 19. 81.
1407 19. 81.
1408 19. 81.
1409 19. 81.
1410 19. 81.
1411 20. 80.
1412 20. 80.
1413 20. 80.
1414 20. 80.
1415 20. 80.
1416 20. 80.
1417 20. 80.
1418 20. 80.
1419 20. 80.
1420 20. 80.
1421 21. 79.
1422 21. 79.
1423 22. 78.
1424 21. 79.
1425 21. 79.
1426 21. 79.
1427 21. 79.
1428 21. 79.
1429 21. 79.
1430 22. 78.
1431 22. 78.
1432 22. 78.
1433 22. 78.
1434 21. 79.
1435 21. 79.
1436 20. 80.
1437 20. 80.
1438 20. 80.
1439 20. 80.
1440 20. 80.
1441 20. 80.
1442 20. 80.
1443 20. 80.
1444 20. 80.
1445 19. 81.
1446 19. 81.
1447 19. 81.
1448 19. 81.
1449 19. 81.
1450 19. 81.
1451 19. 81.
1452 19. 81.
1453 19. 81.
1454 19. 81.
1455 19. 81.
1456 19. 81.
1457 19. 81.
1458 19. 81.
1459 19. 81.
1460 19. 81.
1461 19. 81.
1462 19. 81.
1463 19. 81.
1464 20. 80.
1465 20. 80.
1466 19. 81.
1467 20. 80.
1468 20. 80.
1469 20. 80.
1470 20. 80.
1471 20. 80.
1472 20. 80.
1473 20. 80.
1474 19. 81.
1475 19. 81.
1476 19. 81.
1477 19. 81.
1478 19. 81.
1479 19. 81.
1480 19. 81.
1481 19. 81.
1482 19. 81.
1483 19. 81.
1484 19. 81.
1485 19. 81.
1486 19. 81.
1487 19. 81.
1488 19. 81.
1489 19. 81.
1490 19. 81.
1491 19. 81.
1492 19. 81.
1493 20. 80.
1494 20. 80.
1495 20. 80.
1496 20. 80.
1497 20. 80.
1498 20. 80.
1499 20. 80.
1500 20. 80.
1501 20. 80.
1502 20. 80.
1503 20. 80.
1504 20. 80.
1505 20. 80.
1506 20. 80.
1507 19. 81.
1508 19. 81.
1509 19. 81.
1510 19. 81.
1511 19. 81.
1512 19. 81.
1513 19. 81.
1514 19. 81.
1515 19. 81.
1516 19. 81.
1517 19. 81.
1518 19. 81.
1519 19. 81.
1520 19. 81.
1521 19. 81.
1522 19. 81.
1523 19. 81.
1524 19. 81.
1525 18. 82.
1526 18. 82.
1527 17. 83.
1528 17. 83.
1529 17. 83.
1530 17. 83.
1531 18. 82.
1532 18. 82.
1533 18. 82.
1534 19. 81.
1535 18. 82.
1536 18. 82.
1537 18. 82.
1538 18. 82.
1539 18. 82.
1540 19. 81.
1541 20. 80.
1542 20. 80.
1543 20. 80.
1544 20. 80.
1545 20. 80.
1546 19. 81.
1547 19. 81.
1548 19. 81.
1549 19. 81.
1550 19. 81.
1551 19. 81.
1552 19. 81.
1553 20. 80.
1554 20. 80.
1555 20. 80.
1556 20. 80.
1557 20. 80.
1558 20. 80.
1559 20. 80.
1560 20. 80.
1561 20. 80.
1562 20. 80.
1563 20. 80.
1564 21. 79.
1565 20. 80.
1566 20. 80.
1567 20. 80.
1568 20. 80.
1569 20. 80.
1570 20. 80.
1571 20. 80.
1572 20. 80.
1573 20. 80.
1574 20. 80.
1575 20. 80.
1576 20. 80.
1577 20. 80.
1578 20. 80.
1579 20. 80.
1580 20. 80.
1581 20. 80.
1582 20. 80.
1583 19. 81.
1584 19. 81.
1585 19. 81.
1586 20. 80.
1587 20. 80.
1588 21. 79.
1589 21. 79.
1590 21. 79.
1591 21. 79.
1592 21. 79.
1593 21. 79.
1594 21. 79.
1595 21. 79.
1596 21. 79.
1597 22. 78.
1598 22. 78.
1599 22. 78.
1600 23. 77.
1601 24. 76.
1602 24. 76.
1603 24. 76.
1604 24. 76.
1605 24. 76.
1606 23. 77.
1607 23. 77.
1608 23. 77.
1609 23. 77.
1610 23. 77.
1611 24. 76.
1612 25. 75.
1613 26. 74.
1614 27. 73.
1615 27. 73.
1616 27. 73.
1617 28. 72.
1618 29. 71.
1619 29. 71.
1620 29. 71.
1621 29. 71.
1622 29. 71.
1623 29. 71.
1624 29. 71.
1625 29. 71.
1626 29. 71.
1627 29. 71.
1628 28. 72.
1629 27. 73.
1630 28. 72.
1631 29. 71.
1632 29. 71.
1633 29. 71.
1634 29. 71.
1635 29. 71.
1636 28. 72.
1637 28. 72.
1638 29. 71.
1639 29. 71.
1640 29. 71.
1641 28. 72.
1642 28. 72.
1643 28. 72.
1644 28. 72.
1645 28. 72.
1646 28. 72.
1647 28. 72.
1648 27. 73.
1649 27. 73.
1650 27. 73.
1651 27. 73.
1652 28. 72.
1653 28. 72.
1654 28. 72.
1655 28. 72.
1656 28. 72.
1657 28. 72.
1658 28. 72.
1659 28. 72.
1660 28. 72.
1661 27. 73.
1662 26. 74.
1663 26. 74.
1664 25. 75.
1665 25. 75.
1666 24. 76.
1667 25. 75.
1668 25. 75.
1669 25. 75.
1670 25. 75.
1671 25. 75.
1672 25. 75.
1673 25. 75.
1674 25. 75.
1675 25. 75.
1676 25. 75.
1677 25. 75.
1678 25. 75.
1679 25. 75.
1680 25. 75.
1681 24. 76.
1682 24. 76.
1683 23. 77.
1684 23. 77.
1685 22. 78.
1686 22. 78.
1687 21. 79.
1688 21. 79.
1689 21. 79.
1690 21. 79.
1691 21. 79.
1692 21. 79.
1693 21. 79.
1694 21. 79.
1695 20. 80.
1696 20. 80.
1697 21. 79.
1698 21. 79.
1699 21. 79.
1700 21. 79.
1701 21. 79.
1702 22. 78.
1703 21. 79.
1704 21. 79.
1705 21. 79.
1706 21. 79.
1707 22. 78.
1708 22. 78.
1709 22. 78.
1710 21. 79.
1711 21. 79.
1712 21. 79.
1713 22. 78.
1714 22. 78.
1715 22. 78.
1716 22. 78.
1717 22. 78.
1718 22. 78.
1719 22. 78.
1720 22. 78.
1721 22. 78.
1722 22. 78.
1723 22. 78.
1724 22. 78.
1725 22. 78.
1726 22. 78.
1727 22. 78.
1728 23. 77.
1729 23. 77.
1730 23. 77.
1731 23. 77.
1732 23. 77.
1733 23. 77.
1734 23. 77.
1735 23. 77.
1736 23. 77.
1737 23. 77.
1738 23. 77.
1739 23. 77.
1740 23. 77.
1741 23. 77.
1742 23. 77.
1743 23. 77.
1744 22. 78.
1745 22. 78.
1746 22. 78.
1747 22. 78.
1748 22. 78.
1749 23. 77.
1750 23. 77.
1751 23. 77.
1752 22. 78.
1753 22. 78.
1754 22. 78.
1755 22. 78.
1756 22. 78.
1757 22. 78.
1758 22. 78.
1759 22. 78.
1760 22. 78.
1761 22. 78.
1762 21. 79.
1763 22. 78.
1764 22. 78.
1765 23. 77.
1766 23. 77.
1767 24. 76.
1768 24. 76.
1769 24. 76.
1770 24. 76.
1771 23. 77.
1772 23. 77.
1773 23. 77.
1774 23. 77.
1775 23. 77.
1776 23. 77.
1777 23. 77.
1778 23. 77.
1779 23. 77.
1780 23. 77.
1781 23. 77.
1782 23. 77.
1783 23. 77.
1784 23. 77.
1785 23. 77.
1786 23. 77.
1787 23. 77.
1788 23. 77.
1789 23. 77.
1790 22. 78.
1791 22. 78.
1792 22. 78.
1793 23. 77.
1794 23. 77.
1795 24. 76.
1796 24. 76.
1797 24. 76.
1798 24. 76.
1799 24. 76.
1800 24. 76.
1801 24. 76.
1802 24. 76.
1803 24. 76.
1804 24. 76.
1805 24. 76.
1806 24. 76.
1807 25. 75.
1808 24. 76.
1809 25. 75.
1810 26. 74.
1811 26. 74.
1812 26. 74.
1813 26. 74.
1814 26. 74.
1815 25. 75.
1816 24. 76.
1817 24. 76.
1818 24. 76.
1819 24. 76.
1820 24. 76.
1821 24. 76.
1822 24. 76.
1823 24. 76.
1824 24. 76.
1825 24. 76.
1826 24. 76.
1827 24. 76.
1828 24. 76.
1829 23. 77.
1830 23. 77.
1831 23. 77.
1832 22. 78.
1833 22. 78.
1834 23. 77.
1835 23. 77.
1836 24. 76.
1837 24. 76.
1838 24. 76.
1839 25. 75.
1840 24. 76.
1841 24. 76.
1842 24. 76.
1843 24. 76.
1844 24. 76.
1845 24. 76.
1846 24. 76.
1847 24. 76.
1848 24. 76.
1849 24. 76.
1850 24. 76.
1851 24. 76.
1852 24. 76.
1853 24. 76.
1854 24. 76.
1855 25. 75.
1856 25. 75.
1857 25. 75.
1858 25. 75.
1859 25. 75.
1860 25. 75.
1861 25. 75.
1862 24. 76.
1863 24. 76.
1864 24. 76.
1865 24. 76.
1866 24. 76.
1867 24. 76.
1868 24. 76.
1869 24. 76.
1870 24. 76.
1871 24. 76.
1872 24. 76.
1873 24. 76.
1874 23. 77.
1875 22. 78.
1876 22. 78.
1877 22. 78.
1878 22. 78.
1879 22. 78.
1880 22. 78.
1881 22. 78.
1882 22. 78.
1883 22. 78.
1884 22. 78.
1885 22. 78.
1886 22. 78.
1887 22. 78.
1888 22. 78.
1889 22. 78.
1890 22. 78.
1891 22. 78.
1892 21. 79.
1893 21. 79.
1894 21. 79.
1895 22. 78.
1896 22. 78.
1897 22. 78.
1898 22. 78.
1899 22. 78.
1900 22. 78.
1901 21. 79.
1902 21. 79.
1903 21. 79.
1904 21. 79.
1905 22. 78.
1906 22. 78.
1907 22. 78.
1908 22. 78.
1909 22. 78.
1910 22. 78.
1911 22. 78.
1912 21. 79.
1913 21. 79.
1914 22. 78.
1915 22. 78.
1916 21. 79.
1917 21. 79.
1918 20. 80.
1919 20. 80.
1920 20. 80.
1921 19. 81.
1922 19. 81.
1923 19. 81.
1924 19. 81.
1925 19. 81.
1926 19. 81.
1927 19. 81.
1928 19. 81.
1929 19. 81.
1930 19. 81.
1931 18. 82.
1932 18. 82.
1933 19. 81.
1934 19. 81.
1935 19. 81.
1936 19. 81.
1937 19. 81.
1938 19. 81.
1939 19. 81.
1940 19. 81.
1941 20. 80.
1942 21. 79.
1943 21. 79.
1944 20. 80.
1945 20. 80.
1946 20. 80.
1947 20. 80.
1948 21. 79.
1949 21. 79.
1950 21. 79.
1951 22. 78.
1952 22. 78.
1953 22. 78.
1954 22. 78.
1955 22. 78.
1956 22. 78.
1957 22. 78.
1958 23. 77.
1959 23. 77.
1960 23. 77.
1961 23. 77.
1962 23. 77.
1963 23. 77.
1964 23. 77.
1965 23. 77.
1966 23. 77.
1967 23. 77.
1968 23. 77.
1969 22. 78.
1970 22. 78.
1971 22. 78.
1972 22. 78.
1973 23. 77.
1974 22. 78.
1975 22. 78.
1976 22. 78.
1977 22. 78.
1978 22. 78.
1979 22. 78.
1980 22. 78.
1981 23. 77.
1982 23. 77.
1983 23. 77.
1984 23. 77.
1985 23. 77.
1986 23. 77.
1987 22. 78.
1988 21. 79.
1989 21. 79.
1990 21. 79.
1991 20. 80.
1992 20. 80.
1993 20. 80.
1994 21. 79.
1995 21. 79.
1996 20. 80.
1997 20. 80.
1998 20. 80.
1999 20. 80.
2000 20. 80.
2001 20. 80.
2002 20. 80.
2003 20. 80.
2004 21. 79.
2005 21. 79.
2006 21. 79.
2007 21. 79.
2008 21. 79.
2009 21. 79.
2010 21. 79.
2011 21. 79.
2012 21. 79.
2013 21. 79.
2014 21. 79.
2015 21. 79.
2016 21. 79.
2017 21. 79.
2018 21. 79.
2019 21. 79.
2020 21. 79.
2021 21. 79.
2022 20. 80.
2023 21. 79.
2024 21. 79.
2025 20. 80.
2026 20. 80.
2027 21. 79.
2028 21. 79.
2029 21. 79.
2030 21. 79.
2031 21. 79.
2032 21. 79.
2033 21. 79.
2034 21. 79.
2035 21. 79.
2036 21. 79.
2037 21. 79.
2038 21. 79.
2039 21. 79.
2040 22. 78.
2041 22. 78.
2042 22. 78.
2043 22. 78.
2044 22. 78.
2045 22. 78.
2046 22. 78.
2047 21. 79.
2048 21. 79.
2049 21. 79.
2050 21. 79.
2051 21. 79.
2052 21. 79.
2053 21. 79.
2054 22. 78.
2055 22. 78.
2056 22. 78.
2057 22. 78.
2058 22. 78.
2059 22. 78.
2060 22. 78.
2061 23. 77.
2062 23. 77.
2063 23. 77.
2064 23. 77.
2065 23. 77.
2066 23. 77.
2067 23. 77.
2068 23. 77.
2069 23. 77.
2070 23. 77.
2071 23. 77.
2072 23. 77.
2073 23. 77.
2074 23. 77.
2075 23. 77.
2076 23. 77.
2077 23. 77.
2078 23. 77.
2079 23. 77.
2080 23. 77.
2081 23. 77.
2082 23. 77.
2083 23. 77.
2084 23. 77.
2085 22. 78.
2086 22. 78.
2087 22. 78.
2088 22. 78.
2089 22. 78.
2090 22. 78.
2091 22. 78.
2092 22. 78.
2093 22. 78.
2094 22. 78.
2095 22. 78.
2096 22. 78.
2097 22. 78.
2098 22. 78.
2099 22. 78.
2100 22. 78.
2101 22. 78.
2102 22. 78.
2103 22. 78.
2104 21. 79.
2105 21. 79.
2106 21. 79.
2107 21. 79.
2108 22. 78.
2109 22. 78.
2110 22. 78.
2111 21. 79.
2112 21. 79.
2113 20. 80.
2114 20. 80.
2115 19. 81.
2116 19. 81.
2117 19. 81.
2118 19. 81.
2119 19. 81.
2120 19. 81.
2121 19. 81.
2122 19. 81.
2123 20. 80.
2124 20. 80.
2125 20. 80.
2126 20. 80.
2127 20. 80.
2128 20. 80.
2129 20. 80.
2130 20. 80.
2131 20. 80.
2132 20. 80.
2133 20. 80.
2134 20. 80.
2135 20. 80.
2136 20. 80.
2137 20. 80.
2138 20. 80.
2139 20. 80.
2140 20. 80.
2141 20. 80.
2142 20. 80.
2143 19. 81.
2144 19. 81.
2145 19. 81.
2146 18. 82.
2147 18. 82.
2148 18. 82.
2149 17. 83.
2150 17. 83.
2151 17. 83.
2152 16. 84.
2153 16. 84.
2154 16. 84.
2155 16. 84.
2156 16. 84.
2157 16. 84.
2158 16. 84.
2159 16. 84.
2160 16. 84.
2161 16. 84.
2162 16. 84.
2163 16. 84.
2164 16. 84.
2165 16. 84.
2166 16. 84.
2167 16. 84.
2168 16. 84.
2169 16. 84.
2170 16. 84.
2171 16. 84.
2172 16. 84.
2173 16. 84.
2174 16. 84.
2175 17. 83.
2176 17. 83.
2177 17. 83.
2178 17. 83.
2179 17. 83.
2180 17. 83.
2181 17. 83.
2182 17. 83.
2183 17. 83.
2184 17. 83.
2185 17. 83.
2186 17. 83.
2187 17. 83.
2188 18. 82.
2189 18. 82.
2190 18. 82.
2191 18. 82.
2192 18. 82.
2193 18. 82.
2194 19. 81.
2195 19. 81.
2196 19. 81.
2197 19. 81.
2198 19. 81.
2199 19. 81.
2200 20. 80.
2201 20. 80.
2202 20. 80.
2203 20. 80.
2204 21. 79.
2205 21. 79.
2206 21. 79.
2207 20. 80.
2208 20. 80.
2209 20. 80.
2210 20. 80.
2211 20. 80.
2212 20. 80.
2213 20. 80.
2214 21. 79.
2215 21. 79.
2216 21. 79.
2217 21. 79.
2218 21. 79.
2219 20. 80.
2220 20. 80.
2221 20. 80.
2222 20. 80.
2223 19. 81.
2224 19. 81.
2225 18. 82.
2226 18. 82.
2227 19. 81.
2228 19. 81.
2229 19. 81.
2230 19. 81.
2231 19. 81.
2232 19. 81.
2233 19. 81.
2234 18. 82.
2235 18. 82.
2236 18. 82.
2237 18. 82.
2238 18. 82.
2239 18. 82.
2240 18. 82.
2241 18. 82.
2242 18. 82.
2243 18. 82.
2244 18. 82.
2245 17. 83.
2246 17. 83.
2247 16. 84.
2248 16. 84.
2249 17. 83.
2250 17. 83.
2251 17. 83.
2252 18. 82.
2253 19. 81.
2254 19. 81.
2255 19. 81.
2256 19. 81.
2257 18. 82.
2258 17. 83.
2259 17. 83.
2260 17. 83.
2261 17. 83.
2262 17. 83.
2263 17. 83.
2264 17. 83.
2265 17. 83.
2266 16. 84.
2267 15. 85.
2268 15. 85.
2269 15. 85.
2270 15. 85.
2271 15. 85.
2272 15. 85.
2273 15. 85.
2274 15. 85.
2275 15. 85.
2276 15. 85.
2277 15. 85.
2278 15. 85.
2279 15. 85.
2280 16. 84.
2281 17. 83.
2282 17. 83.
2283 17. 83.
2284 17. 83.
2285 17. 83.
2286 16. 84.
2287 16. 84.
2288 16. 84.
2289 16. 84.
2290 16. 84.
2291 16. 84.
2292 16. 84.
2293 15. 85.
2294 15. 85.
2295 15. 85.
2296 15. 85.
2297 15. 85.
2298 15. 85.
2299 15. 85.
2300 16. 84.
2301 16. 84.
2302 16. 84.
2303 16. 84.
2304 16. 84.
2305 16. 84.
2306 16. 84.
2307 16. 84.
2308 16. 84.
2309 16. 84.
2310 17. 83.
2311 17. 83.
2312 17. 83.
2313 17. 83.
2314 16. 84.
2315 16. 84.
2316 16. 84.
2317 16. 84.
2318 15. 85.
2319 15. 85.
2320 15. 85.
2321 15. 85.
2322 15. 85.
2323 15. 85.
2324 15. 85.
2325 15. 85.
2326 15. 85.
2327 15. 85.
2328 15. 85.
2329 15. 85.
2330 15. 85.
2331 15. 85.
2332 15. 85.
2333 15. 85.
2334 15. 85.
2335 15. 85.
2336 15. 85.
2337 15. 85.
2338 15. 85.
2339 16. 84.
2340 16. 84.
2341 16. 84.
2342 16. 84.
2343 16. 84.
2344 16. 84.
2345 16. 84.
2346 16. 84.
2347 16. 84.
2348 16. 84.
2349 16. 84.
2350 16. 84.
2351 16. 84.
2352 16. 84.
2353 16. 84.
2354 16. 84.
2355 16. 84.
2356 16. 84.
2357 16. 84.
2358 16. 84.
2359 16. 84.
2360 16. 84.
2361 15. 85.
2362 15. 85.
2363 15. 85.
2364 15. 85.
2365 15. 85.
2366 15. 85.
2367 15. 85.
2368 15. 85.
2369 15. 85.
2370 15. 85.
2371 14. 86.
2372 14. 86.
2373 14. 86.
2374 14. 86.
2375 14. 86.
2376 14. 86.
2377 14. 86.
2378 14. 86.
2379 15. 85.
2380 15. 85.
2381 14. 86.
2382 14. 86.
2383 14. 86.
2384 14. 86.
2385 14. 86.
2386 14. 86.
2387 14. 86.
2388 14. 86.
2389 14. 86.
2390 14. 86.
2391 14. 86.
2392 14. 86.
2393 14. 86.
2394 14. 86.
2395 14. 86.
2396 14. 86.
2397 14. 86.
2398 14. 86.
2399 14. 86.
2400 14. 86.
2401 14. 86.
2402 14. 86.
2403 15. 85.
2404 15. 85.
2405 14. 86.
2406 14. 86.
2407 14. 86.
2408 14. 86.
2409 14. 86.
2410 14. 86.
2411 14. 86.
2412 14. 86.
2413 14. 86.
2414 14. 86.
2415 14. 86.
2416 14. 86.
2417 14. 86.
2418 14. 86.
2419 14. 86.
2420 13. 87.
2421 13. 87.
2422 13. 87.
2423 13. 87.
2424 13. 87.
2425 13. 87.
2426 13. 87.
2427 13. 87.
2428 13. 87.
2429 13. 87.
2430 13. 87.
2431 12. 88.
2432 12. 88.
2433 12. 88.
2434 12. 88.
2435 12. 88.
2436 12. 88.
2437 12. 88.
2438 13. 87.
2439 13. 87.
2440 13. 87.
2441 13. 87.
2442 13. 87.
2443 13. 87.
2444 13. 87.
2445 13. 87.
2446 13. 87.
2447 13. 87.
2448 12. 88.
2449 12. 88.
2450 12. 88.
2451 12. 88.
2452 12. 88.
2453 12. 88.
2454 12. 88.
2455 12. 88.
2456 12. 88.
2457 12. 88.
2458 12. 88.
2459 12. 88.
2460 12. 88.
2461 12. 88.
2462 12. 88.
2463 12. 88.
2464 12. 88.
2465 12. 88.
2466 12. 88.
2467 13. 87.
2468 13. 87.
2469 13. 87.
2470 13. 87.
2471 13. 87.
2472 13. 87.
2473 13. 87.
2474 13. 87.
2475 14. 86.
2476 14. 86.
2477 14. 86.
2478 14. 86.
2479 14. 86.
2480 14. 86.
2481 14. 86.
2482 14. 86.
2483 14. 86.
2484 14. 86.
2485 14. 86.
2486 14. 86.
2487 14. 86.
2488 13. 87.
2489 13. 87.
2490 13. 87.
2491 13. 87.
2492 14. 86.
2493 14. 86.
2494 14. 86.
2495 14. 86.
2496 14. 86.
2497 14. 86.
2498 14. 86.
2499 14. 86.
2500 14. 86.
2501 14. 86.
2502 14. 86.
2503 14. 86.
2504 14. 86.
2505 14. 86.
2506 14. 86.
2507 14. 86.
2508 14. 86.
2509 14. 86.
2510 14. 86.
2511 14. 86.
2512 13. 87.
2513 13. 87.
2514 13. 87.
2515 13. 87.
2516 13. 87.
2517 13. 87.
2518 12. 88.
2519 12. 88.
2520 12. 88.
2521 12. 88.
2522 12. 88.
2523 12. 88.
2524 12. 88.
2525 12. 88.
2526 12. 88.
2527 12. 88.
2528 13. 87.
2529 13. 87.
2530 13. 87.
2531 13. 87.
2532 13. 87.
2533 13. 87.
2534 13. 87.
2535 13. 87.
2536 13. 87.
2537 13. 87.
2538 13. 87.
2539 13. 87.
2540 13. 87.
2541 13. 87.
2542 13. 87.
2543 13. 87.
2544 13. 87.
2545 13. 87.
2546 13. 87.
2547 13. 87.
2548 13. 87.
2549 13. 87.
2550 13. 87.
2551 13. 87.
2552 13. 87.
2553 13. 87.
2554 13. 87.
2555 13. 87.
2556 13. 87.
2557 13. 87.
2558 12. 88.
2559 12. 88.
2560 12. 88.
2561 12. 88.
2562 12. 88.
2563 12. 88.
2564 12. 88.
2565 12. 88.
2566 12. 88.
2567 12. 88.
2568 12. 88.
2569 12. 88.
2570 12. 88.
2571 12. 88.
2572 12. 88.
2573 12. 88.
2574 12. 88.
2575 12. 88.
2576 12. 88.
2577 12. 88.
2578 11. 89.
2579 11. 89.
2580 11. 89.
2581 11. 89.
2582 11. 89.
2583 11. 89.
2584 11. 89.
2585 11. 89.
2586 11. 89.
2587 11. 89.
2588 11. 89.
2589 11. 89.
2590 11. 89.
2591 11. 89.
2592 11. 89.
2593 11. 89.
2594 11. 89.
2595 11. 89.
2596 11. 89.
2597 11. 89.
2598 11. 89.
2599 11. 89.
2600 11. 89.
2601 11. 89.
2602 11. 89.
2603 11. 89.
2604 11. 89.
2605 11. 89.
2606 11. 89.
2607 11. 89.
2608 11. 89.
2609 11. 89.
2610 11. 89.
2611 11. 89.
2612 11. 89.
2613 11. 89.
2614 11. 89.
2615 11. 89.
2616 11. 89.
2617 11. 89.
2618 11. 89.
2619 11. 89.
2620 11. 89.
2621 11. 89.
2622 11. 89.
2623 11. 89.
2624 11. 89.
2625 11. 89.
2626 11. 89.
2627 11. 89.
2628 11. 89.
2629 11. 89.
2630 11. 89.
2631 11. 89.
2632 11. 89.
2633 11. 89.
2634 11. 89.
2635 11. 89.
2636 10. 90.
2637 10. 90.
2638 10. 90.
2639 10. 90.
2640 10. 90.
2641 10. 90.
2642 10. 90.
2643 10. 90.
2644 10. 90.
2645 10. 90.
2646 10. 90.
2647 10. 90.
2648 10. 90.
2649 10. 90.
2650 10. 90.
2651 11. 89.
2652 10. 90.
2653 10. 90.
2654 10. 90.
2655 10. 90.
2656 10. 90.
2657 11. 89.
2658 11. 89.
2659 11. 89.
2660 11. 89.
2661 11. 89.
2662 11. 89.
2663 11. 89.
2664 11. 89.
2665 11. 89.
2666 11. 89.
2667 11. 89.
2668 11. 89.
2669 11. 89.
2670 10. 90.
2671 10. 90.
2672 10. 90.
2673 10. 90.
2674 10. 90.
2675 10. 90.
2676 9. 91.
2677 9. 91.
2678 9. 91.
2679 9. 91.
2680 9. 91.
2681 10. 90.
2682 10. 90.
2683 10. 90.
2684 10. 90.
2685 10. 90.
2686 10. 90.
2687 9. 91.
2688 9. 91.
2689 9. 91.
2690 9. 91.
2691 9. 91.
2692 9. 91.
2693 9. 91.
2694 9. 91.
2695 9. 91.
2696 9. 91.
2697 8. 92.
2698 8. 92.
2699 8. 92.
2700 8. 92.
2701 8. 92.
2702 8. 92.
2703 8. 92.
2704 8. 92.
2705 8. 92.
2706 8. 92.
2707 7. 93.
2708 7. 93.
2709 7. 93.
2710 7. 93.
2711 8. 92.
2712 8. 92.
2713 8. 92.
2714 8. 92.
2715 8. 92.
2716 8. 92.
2717 8. 92.
2718 8. 92.
2719 8. 92.
2720 8. 92.
2721 8. 92.
2722 8. 92.
2723 8. 92.
2724 8. 92.
2725 8. 92.
2726 7. 93.
2727 8. 92.
2728 8. 92.
2729 7. 93.
2730 7. 93.
2731 7. 93.
2732 7. 93.
2733 7. 93.
2734 7. 93.
2735 7. 93.
2736 7. 93.
2737 7. 93.
2738 6. 94.
2739 6. 94.
2740 6. 94.
2741 7. 93.
2742 7. 93.
2743 7. 93.
2744 7. 93.
2745 7. 93.
2746 7. 93.
2747 7. 93.
2748 7. 93.
2749 7. 93.
2750 7. 93.
2751 7. 93.
2752 7. 93.
2753 7. 93.
2754 7. 93.
2755 7. 93.
2756 7. 93.
2757 7. 93.
2758 7. 93.
2759 7. 93.
2760 7. 93.
2761 7. 93.
2762 7. 93.
2763 7. 93.
2764 7. 93.
2765 7. 93.
2766 7. 93.
2767 7. 93.
2768 7. 93.
2769 7. 93.
2770 7. 93.
2771 7. 93.
2772 7. 93.
2773 7. 93.
2774 7. 93.
2775 8. 92.
2776 8. 92.
2777 7. 93.
2778 7. 93.
2779 7. 93.
2780 7. 93.
2781 7. 93.
2782 7. 93.
2783 7. 93.
2784 7. 93.
2785 7. 93.
2786 7. 93.
2787 7. 93.
2788 7. 93.
2789 7. 93.
2790 7. 93.
2791 7. 93.
2792 7. 93.
2793 7. 93.
2794 7. 93.
2795 7. 93.
2796 7. 93.
2797 7. 93.
2798 7. 93.
2799 7. 93.
2800 7. 93.
2801 7. 93.
2802 7. 93.
2803 7. 93.
2804 7. 93.
2805 8. 92.
2806 8. 92.
2807 8. 92.
2808 8. 92.
2809 8. 92.
2810 8. 92.
2811 8. 92.
2812 8. 92.
2813 8. 92.
2814 8. 92.
2815 8. 92.
2816 7. 93.
2817 7. 93.
2818 7. 93.
2819 7. 93.
2820 7. 93.
2821 7. 93.
2822 7. 93.
2823 7. 93.
2824 7. 93.
2825 7. 93.
2826 7. 93.
2827 7. 93.
2828 7. 93.
2829 7. 93.
2830 7. 93.
2831 7. 93.
2832 7. 93.
2833 7. 93.
2834 7. 93.
2835 7. 93.
2836 7. 93.
2837 7. 93.
2838 7. 93.
2839 7. 93.
2840 7. 93.
2841 7. 93.
2842 7. 93.
2843 7. 93.
2844 7. 93.
2845 7. 93.
2846 7. 93.
2847 7. 93.
2848 7. 93.
2849 7. 93.
2850 7. 93.
2851 7. 93.
2852 7. 93.
2853 6. 94.
2854 6. 94.
2855 6. 94.
2856 6. 94.
2857 6. 94.
2858 6. 94.
2859 6. 94.
2860 6. 94.
2861 6. 94.
2862 6. 94.
2863 6. 94.
2864 6. 94.
2865 6. 94.
2866 6. 94.
2867 6. 94.
2868 6. 94.
2869 6. 94.
2870 6. 94.
2871 6. 94.
2872 6. 94.
2873 6. 94.
2874 6. 94.
2875 6. 94.
2876 6. 94.
2877 6. 94.
2878 6. 94.
2879 6. 94.
2880 6. 94.
2881 6. 94.
2882 6. 94.
2883 6. 94.
2884 6. 94.
2885 6. 94.
2886 6. 94.
2887 6. 94.
2888 6. 94.
2889 6. 94.
2890 6. 94.
2891 6. 94.
2892 6. 94.
2893 6. 94.
2894 6. 94.
2895 6. 94.
2896 6. 94.
2897 6. 94.
2898 6. 94.
2899 6. 94.
2900 6. 94.
2901 6. 94.
2902 7. 93.
2903 7. 93.
2904 7. 93.
2905 7. 93.
2906 7. 93.
2907 7. 93.
2908 7. 93.
2909 7. 93.
2910 7. 93.
2911 7. 93.
2912 7. 93.
2913 7. 93.
2914 7. 93.
2915 7. 93.
2916 8. 92.
2917 8. 92.
2918 8. 92.
2919 8. 92.
2920 8. 92.
2921 8. 92.
2922 8. 92.
2923 8. 92.
2924 8. 92.
2925 8. 92.
2926 8. 92.
2927 8. 92.
2928 8. 92.
2929 8. 92.
2930 8. 92.
2931 8. 92.
2932 8. 92.
2933 8. 92.
2934 8. 92.
2935 8. 92.
2936 8. 92.
2937 8. 92.
2938 8. 92.
2939 8. 92.
2940 7. 93.
2941 7. 93.
2942 7. 93.
2943 6. 94.
2944 6. 94.
2945 6. 94.
2946 6. 94.
2947 6. 94.
2948 6. 94.
2949 6. 94.
2950 6. 94.
2951 6. 94.
2952 6. 94.
2953 6. 94.
2954 6. 94.
2955 6. 94.
2956 6. 94.
2957 6. 94.
2958 6. 94.
2959 6. 94.
2960 7. 93.
2961 7. 93.
2962 7. 93.
2963 6. 94.
2964 6. 94.
2965 6. 94.
2966 6. 94.
2967 6. 94.
2968 6. 94.
2969 6. 94.
2970 6. 94.
2971 6. 94.
2972 6. 94.
2973 6. 94.
2974 6. 94.
2975 6. 94.
2976 6. 94.
2977 6. 94.
2978 6. 94.
2979 6. 94.
2980 6. 94.
2981 6. 94.
2982 6. 94.
2983 6. 94.
2984 6. 94.
2985 6. 94.
2986 6. 94.
2987 6. 94.
2988 6. 94.
2989 6. 94.
2990 6. 94.
2991 6. 94.
2992 6. 94.
2993 6. 94.
2994 6. 94.
2995 6. 94.
2996 6. 94.
2997 6. 94.
2998 6. 94.
2999 6. 94.
3000 6. 94.
3001 5. 95.
3002 5. 95.
3003 5. 95.
3004 4. 96.
3005 4. 96.
3006 4. 96.
3007 4. 96.
3008 4. 96.
3009 5. 95.
3010 5. 95.
3011 5. 95.
3012 6. 94.
3013 6. 94.
3014 6. 94.
3015 6. 94.
3016 7. 93.
3017 7. 93.
3018 7. 93.
3019 7. 93.
3020 7. 93.
3021 7. 93.
3022 7. 93.
3023 7. 93.
3024 7. 93.
3025 7. 93.
3026 7. 93.
3027 7. 93.
3028 7. 93.
3029 7. 93.
3030 7. 93.
3031 7. 93.
3032 7. 93.
3033 7. 93.
3034 7. 93.
3035 7. 93.
3036 7. 93.
3037 7. 93.
3038 7. 93.
3039 7. 93.
3040 7. 93.
3041 7. 93.
3042 6. 94.
3043 6. 94.
3044 6. 94.
3045 6. 94.
3046 6. 94.
3047 6. 94.
3048 6. 94.
3049 7. 93.
3050 7. 93.
3051 7. 93.
3052 7. 93.
3053 7. 93.
3054 7. 93.
3055 7. 93.
3056 8. 92.
3057 8. 92.
3058 8. 92.
3059 8. 92.
3060 8. 92.
3061 8. 92.
3062 8. 92.
3063 8. 92.
3064 8. 92.
3065 8. 92.
3066 8. 92.
3067 8. 92.
3068 8. 92.
3069 8. 92.
3070 8. 92.
3071 8. 92.
3072 9. 91.
3073 9. 91.
3074 9. 91.
3075 9. 91.
3076 9. 91.
3077 8. 92.
3078 8. 92.
3079 8. 92.
3080 8. 92.
3081 8. 92.
3082 8. 92.
3083 8. 92.
3084 8. 92.
3085 8. 92.
3086 8. 92.
3087 8. 92.
3088 8. 92.
3089 8. 92.
3090 8. 92.
3091 8. 92.
3092 8. 92.
3093 8. 92.
3094 8. 92.
3095 8. 92.
3096 8. 92.
3097 8. 92.
3098 8. 92.
3099 8. 92.
3100 8. 92.
3101 8. 92.
3102 8. 92.
3103 8. 92.
3104 8. 92.
3105 8. 92.
3106 7. 93.
3107 7. 93.
3108 7. 93.
3109 7. 93.
3110 7. 93.
3111 7. 93.
3112 7. 93.
3113 7. 93.
3114 7. 93.
3115 7. 93.
3116 7. 93.
3117 7. 93.
3118 7. 93.
3119 7. 93.
3120 7. 93.
3121 7. 93.
3122 7. 93.
3123 7. 93.
3124 7. 93.
3125 7. 93.
3126 7. 93.
3127 7. 93.
3128 7. 93.
3129 8. 92.
3130 8. 92.
3131 8. 92.
3132 8. 92.
3133 8. 92.
3134 8. 92.
3135 8. 92.
3136 8. 92.
3137 8. 92.
3138 8. 92.
3139 8. 92.
3140 8. 92.
3141 8. 92.
3142 8. 92.
3143 8. 92.
3144 8. 92.
3145 8. 92.
3146 8. 92.
3147 8. 92.
3148 8. 92.
3149 8. 92.
3150 8. 92.
3151 8. 92.
3152 8. 92.
3153 8. 92.
3154 8. 92.
3155 8. 92.
3156 8. 92.
3157 8. 92.
3158 8. 92.
3159 8. 92.
3160 8. 92.
3161 8. 92.
3162 8. 92.
3163 8. 92.
3164 8. 92.
3165 8. 92.
3166 8. 92.
3167 8. 92.
3168 8. 92.
3169 8. 92.
3170 8. 92.
3171 8. 92.
3172 8. 92.
3173 8. 92.
3174 8. 92.
3175 8. 92.
3176 8. 92.
3177 8. 92.
3178 8. 92.
3179 8. 92.
3180 8. 92.
3181 8. 92.
3182 8. 92.
3183 8. 92.
3184 8. 92.
3185 8. 92.
3186 8. 92.
3187 8. 92.
3188 8. 92.
3189 8. 92.
3190 8. 92.
3191 8. 92.
3192 8. 92.
3193 8. 92.
3194 9. 91.
3195 9. 91.
3196 9. 91.
3197 9. 91.
3198 9. 91.
3199 9. 91.
3200 9. 91.
3201 9. 91.
3202 9. 91.
3203 9. 91.
3204 10. 90.
3205 10. 90.
3206 10. 90.
3207 10. 90.
3208 10. 90.
3209 10. 90.
3210 10. 90.
3211 10. 90.
3212 10. 90.
3213 10. 90.
3214 10. 90.
3215 10. 90.
3216 10. 90.
3217 10. 90.
3218 10. 90.
3219 10. 90.
3220 10. 90.
3221 10. 90.
3222 10. 90.
3223 10. 90.
3224 10. 90.
3225 10. 90.
3226 10. 90.
3227 10. 90.
3228 10. 90.
3229 10. 90.
3230 10. 90.
3231 10. 90.
3232 10. 90.
3233 10. 90.
3234 9. 91.
3235 8. 92.
3236 8. 92.
3237 8. 92.
3238 8. 92.
3239 8. 92.
3240 8. 92.
3241 8. 92.
3242 8. 92.
3243 8. 92.
3244 8. 92.
3245 8. 92.
3246 8. 92.
3247 8. 92.
3248 8. 92.
3249 8. 92.
3250 8. 92.
3251 8. 92.
3252 7. 93.
3253 7. 93.
3254 7. 93.
3255 7. 93.
3256 7. 93.
3257 7. 93.
3258 7. 93.
3259 7. 93.
3260 7. 93.
3261 7. 93.
3262 8. 92.
3263 7. 93.
3264 7. 93.
3265 7. 93.
3266 7. 93.
3267 7. 93.
3268 7. 93.
3269 7. 93.
3270 7. 93.
3271 7. 93.
3272 7. 93.
3273 7. 93.
3274 7. 93.
3275 8. 92.
3276 8. 92.
3277 8. 92.
3278 8. 92.
3279 8. 92.
3280 8. 92.
3281 8. 92.
3282 8. 92.
3283 8. 92.
3284 8. 92.
3285 8. 92.
3286 8. 92.
3287 8. 92.
3288 8. 92.
3289 8. 92.
3290 8. 92.
3291 8. 92.
3292 8. 92.
3293 8. 92.
3294 8. 92.
3295 8. 92.
3296 8. 92.
3297 8. 92.
3298 7. 93.
3299 7. 93.
3300 7. 93.
3301 7. 93.
3302 7. 93.
3303 7. 93.
3304 7. 93.
3305 7. 93.
3306 7. 93.
3307 6. 94.
3308 6. 94.
3309 6. 94.
3310 6. 94.
3311 6. 94.
3312 6. 94.
3313 6. 94.
3314 6. 94.
3315 6. 94.
3316 6. 94.
3317 6. 94.
3318 6. 94.
3319 6. 94.
3320 6. 94.
3321 6. 94.
3322 6. 94.
3323 6. 94.
3324 6. 94.
3325 6. 94.
3326 6. 94.
3327 6. 94.
3328 6. 94.
3329 6. 94.
3330 6. 94.
3331 6. 94.
3332 6. 94.
3333 6. 94.
3334 6. 94.
3335 6. 94.
3336 6. 94.
3337 6. 94.
3338 6. 94.
3339 5. 95.
3340 5. 95.
3341 5. 95.
3342 5. 95.
3343 5. 95.
3344 5. 95.
3345 5. 95.
3346 5. 95.
3347 5. 95.
3348 5. 95.
3349 5. 95.
3350 6. 94.
3351 6. 94.
3352 6. 94.
3353 6. 94.
3354 6. 94.
3355 6. 94.
3356 6. 94.
3357 6. 94.
3358 6. 94.
3359 6. 94.
3360 6. 94.
3361 6. 94.
3362 5. 95.
3363 5. 95.
3364 5. 95.
3365 5. 95.
3366 5. 95.
3367 5. 95.
3368 5. 95.
3369 5. 95.
3370 5. 95.
3371 5. 95.
3372 5. 95.
3373 5. 95.
3374 5. 95.
3375 5. 95.
3376 5. 95.
3377 5. 95.
3378 5. 95.
3379 5. 95.
3380 5. 95.
3381 5. 95.
3382 5. 95.
3383 5. 95.
3384 6. 94.
3385 6. 94.
3386 6. 94.
3387 6. 94.
3388 6. 94.
3389 6. 94.
3390 6. 94.
3391 6. 94.
3392 5. 95.
3393 5. 95.
3394 5. 95.
3395 5. 95.
3396 5. 95.
3397 5. 95.
3398 5. 95.
3399 5. 95.
3400 5. 95.
3401 5. 95.
3402 5. 95.
3403 5. 95.
3404 5. 95.
3405 5. 95.
3406 5. 95.
3407 5. 95.
3408 5. 95.
3409 5. 95.
3410 5. 95.
3411 5. 95.
3412 5. 95.
3413 5. 95.
3414 5. 95.
3415 5. 95.
3416 5. 95.
3417 5. 95.
3418 5. 95.
3419 5. 95.
3420 5. 95.
3421 5. 95.
3422 5. 95.
3423 4. 96.
3424 4. 96.
3425 4. 96.
3426 4. 96.
3427 4. 96.
3428 4. 96.
3429 4. 96.
3430 4. 96.
3431 4. 96.
3432 4. 96.
3433 4. 96.
3434 4. 96.
3435 4. 96.
3436 3. 97.
3437 3. 97.
3438 3. 97.
3439 3. 97.
3440 3. 97.
3441 3. 97.
3442 3. 97.
3443 3. 97.
3444 3. 97.
3445 3. 97.
3446 3. 97.
3447 3. 97.
3448 3. 97.
3449 3. 97.
3450 3. 97.
3451 3. 97.
3452 3. 97.
3453 3. 97.
3454 3. 97.
3455 3. 97.
3456 3. 97.
3457 4. 96.
3458 4. 96.
3459 4. 96.
3460 4. 96.
3461 4. 96.
3462 4. 96.
3463 4. 96.
3464 4. 96.
3465 4. 96.
3466 4. 96.
3467 4. 96.
3468 4. 96.
3469 3. 97.
3470 3. 97.
3471 3. 97.
3472 3. 97.
3473 3. 97.
3474 4. 96.
3475 4. 96.
3476 4. 96.
3477 4. 96.
3478 4. 96.
3479 4. 96.
3480 4. 96.
3481 4. 96.
3482 4. 96.
3483 4. 96.
3484 4. 96.
3485 4. 96.
3486 4. 96.
3487 4. 96.
3488 4. 96.
3489 4. 96.
3490 4. 96.
3491 5. 95.
3492 5. 95.
3493 5. 95.
3494 5. 95.
3495 5. 95.
3496 5. 95.
3497 5. 95.
3498 5. 95.
3499 5. 95.
3500 5. 95.
3501 5. 95.
3502 5. 95.
3503 5. 95.
3504 5. 95.
3505 5. 95.
3506 5. 95.
3507 5. 95.
3508 5. 95.
3509 5. 95.
3510 5. 95.
3511 5. 95.
3512 5. 95.
3513 5. 95.
3514 5. 95.
3515 5. 95.
3516 5. 95.
3517 4. 96.
3518 4. 96.
3519 4. 96.
3520 4. 96.
3521 4. 96.
3522 4. 96.
3523 4. 96.
3524 4. 96.
3525 4. 96.
3526 4. 96.
3527 4. 96.
3528 4. 96.
3529 4. 96.
3530 4. 96.
3531 4. 96.
3532 4. 96.
3533 4. 96.
3534 4. 96.
3535 4. 96.
3536 4. 96.
3537 4. 96.
3538 4. 96.
3539 4. 96.
3540 4. 96.
3541 4. 96.
3542 4. 96.
3543 4. 96.
3544 3. 97.
3545 3. 97.
3546 3. 97.
3547 3. 97.
3548 3. 97.
3549 3. 97.
3550 3. 97.
3551 3. 97.
3552 3. 97.
3553 3. 97.
3554 3. 97.
3555 3. 97.
3556 3. 97.
3557 3. 97.
3558 3. 97.
3559 3. 97.
3560 3. 97.
3561 3. 97.
3562 2. 98.
3563 2. 98.
3564 2. 98.
3565 2. 98.
3566 2. 98.
3567 2. 98.
3568 2. 98.
3569 2. 98.
3570 2. 98.
3571 2. 98.
3572 2. 98.
3573 2. 98.
3574 2. 98.
3575 2. 98.
3576 2. 98.
3577 2. 98.
3578 2. 98.
3579 2. 98.
3580 3. 97.
3581 3. 97.
3582 3. 97.
3583 3. 97.
3584 3. 97.
3585 3. 97.
3586 4. 96.
3587 4. 96.
3588 4. 96.
3589 4. 96.
3590 4. 96.
3591 4. 96.
3592 4. 96.
3593 4. 96.
3594 4. 96.
3595 4. 96.
3596 4. 96.
3597 4. 96.
3598 4. 96.
3599 4. 96.
3600 4. 96.
3601 4. 96.
3602 4. 96.
3603 4. 96.
3604 4. 96.
3605 4. 96.
3606 4. 96.
3607 4. 96.
3608 4. 96.
3609 4. 96.
3610 4. 96.
3611 4. 96.
3612 4. 96.
3613 4. 96.
3614 5. 95.
3615 5. 95.
3616 5. 95.
3617 5. 95.
3618 5. 95.
3619 5. 95.
3620 5. 95.
3621 5. 95.
3622 5. 95.
3623 5. 95.
3624 5. 95.
3625 5. 95.
3626 5. 95.
3627 5. 95.
3628 5. 95.
3629 5. 95.
3630 5. 95.
3631 5. 95.
3632 5. 95.
3633 5. 95.
3634 5. 95.
3635 5. 95.
3636 5. 95.
3637 5. 95.
3638 5. 95.
3639 5. 95.
3640 5. 95.
3641 5. 95.
3642 5. 95.
3643 5. 95.
3644 5. 95.
3645 5. 95.
3646 5. 95.
3647 5. 95.
3648 6. 94.
3649 6. 94.
3650 6. 94.
3651 6. 94.
3652 6. 94.
3653 6. 94.
3654 6. 94.
3655 6. 94.
3656 6. 94.
3657 6. 94.
3658 6. 94.
3659 6. 94.
3660 6. 94.
3661 6. 94.
3662 6. 94.
3663 6. 94.
3664 6. 94.
3665 6. 94.
3666 6. 94.
3667 6. 94.
3668 6. 94.
3669 6. 94.
3670 6. 94.
3671 6. 94.
3672 6. 94.
3673 6. 94.
3674 6. 94.
3675 6. 94.
3676 6. 94.
3677 6. 94.
3678 6. 94.
3679 6. 94.
3680 6. 94.
3681 6. 94.
3682 6. 94.
3683 6. 94.
3684 6. 94.
3685 6. 94.
3686 6. 94.
3687 6. 94.
3688 6. 94.
3689 6. 94.
3690 6. 94.
3691 6. 94.
3692 6. 94.
3693 6. 94.
3694 6. 94.
3695 6. 94.
3696 6. 94.
3697 6. 94.
3698 6. 94.
3699 6. 94.
3700 6. 94.
3701 6. 94.
3702 6. 94.
3703 6. 94.
3704 6. 94.
3705 6. 94.
3706 6. 94.
3707 6. 94.
3708 6. 94.
3709 7. 93.
3710 7. 93.
3711 7. 93.
3712 7. 93.
3713 7. 93.
3714 7. 93.
3715 7. 93.
3716 7. 93.
3717 7. 93.
3718 6. 94.
3719 6. 94.
3720 6. 94.
3721 6. 94.
3722 6. 94.
3723 6. 94.
3724 6. 94.
3725 6. 94.
3726 6. 94.
3727 6. 94.
3728 6. 94.
3729 6. 94.
3730 6. 94.
3731 6. 94.
3732 6. 94.
3733 6. 94.
3734 6. 94.
3735 6. 94.
3736 6. 94.
3737 6. 94.
3738 6. 94.
3739 6. 94.
3740 6. 94.
3741 6. 94.
3742 6. 94.
3743 6. 94.
3744 6. 94.
3745 6. 94.
3746 6. 94.
3747 6. 94.
3748 6. 94.
3749 6. 94.
3750 6. 94.
3751 6. 94.
3752 6. 94.
3753 6. 94.
3754 6. 94.
3755 6. 94.
3756 6. 94.
3757 6. 94.
3758 6. 94.
3759 6. 94.
3760 6. 94.
3761 6. 94.
3762 6. 94.
3763 6. 94.
3764 6. 94.
3765 6. 94.
3766 6. 94.
3767 5. 95.
3768 5. 95.
3769 5. 95.
3770 5. 95.
3771 5. 95.
3772 5. 95.
3773 5. 95.
3774 5. 95.
3775 5. 95.
3776 5. 95.
3777 5. 95.
3778 5. 95.
3779 5. 95.
3780 5. 95.
3781 5. 95.
3782 5. 95.
3783 5. 95.
3784 5. 95.
3785 5. 95.
3786 5. 95.
3787 5. 95.
3788 5. 95.
3789 5. 95.
3790 5. 95.
3791 5. 95.
3792 5. 95.
3793 5. 95.
3794 5. 95.
3795 5. 95.
3796 5. 95.
3797 5. 95.
3798 5. 95.
3799 5. 95.
3800 5. 95.
3801 5. 95.
3802 5. 95.
3803 5. 95.
3804 5. 95.
3805 4. 96.
3806 4. 96.
3807 4. 96.
3808 4. 96.
3809 5. 95.
3810 5. 95.
3811 5. 95.
3812 5. 95.
3813 5. 95.
3814 5. 95.
3815 5. 95.
3816 5. 95.
3817 5. 95.
3818 5. 95.
3819 5. 95.
3820 5. 95.
3821 5. 95.
3822 5. 95.
3823 5. 95.
3824 5. 95.
3825 5. 95.
3826 5. 95.
3827 5. 95.
3828 5. 95.
3829 5. 95.
3830 4. 96.
3831 4. 96.
3832 4. 96.
3833 4. 96.
3834 4. 96.
3835 4. 96.
3836 4. 96.
3837 4. 96.
3838 4. 96.
3839 4. 96.
3840 4. 96.
3841 4. 96.
3842 4. 96.
3843 4. 96.
3844 4. 96.
3845 4. 96.
3846 4. 96.
3847 4. 96.
3848 4. 96.
3849 4. 96.
3850 4. 96.
3851 4. 96.
3852 4. 96.
3853 4. 96.
3854 4. 96.
3855 4. 96.
3856 4. 96.
3857 4. 96.
3858 4. 96.
3859 4. 96.
3860 4. 96.
3861 4. 96.
3862 4. 96.
3863 4. 96.
3864 4. 96.
3865 4. 96.
3866 4. 96.
3867 4. 96.
3868 4. 96.
3869 4. 96.
3870 4. 96.
3871 4. 96.
3872 4. 96.
3873 4. 96.
3874 4. 96.
3875 4. 96.
3876 4. 96.
3877 4. 96.
3878 4. 96.
3879 4. 96.
3880 5. 95.
3881 5. 95.
3882 5. 95.
3883 5. 95.
3884 4. 96.
3885 4. 96.
3886 4. 96.
3887 4. 96.
3888 4. 96.
3889 4. 96.
3890 4. 96.
3891 4. 96.
3892 4. 96.
3893 4. 96.
3894 4. 96.
3895 4. 96.
3896 4. 96.
3897 4. 96.
3898 4. 96.
3899 4. 96.
3900 4. 96.
3901 4. 96.
3902 4. 96.
3903 5. 95.
3904 5. 95.
3905 5. 95.
3906 5. 95.
3907 5. 95.
3908 5. 95.
3909 5. 95.
3910 4. 96.
3911 4. 96.
3912 4. 96.
3913 4. 96.
3914 4. 96.
3915 4. 96.
3916 4. 96.
3917 4. 96.
3918 4. 96.
3919 4. 96.
3920 4. 96.
3921 4. 96.
3922 4. 96.
3923 4. 96.
3924 4. 96.
3925 4. 96.
3926 4. 96.
3927 4. 96.
3928 4. 96.
3929 4. 96.
3930 4. 96.
3931 4. 96.
3932 4. 96.
3933 4. 96.
3934 4. 96.
3935 4. 96.
3936 4. 96.
3937 4. 96.
3938 4. 96.
3939 4. 96.
3940 4. 96.
3941 4. 96.
3942 4. 96.
3943 4. 96.
3944 4. 96.
3945 4. 96.
3946 4. 96.
3947 4. 96.
3948 4. 96.
3949 5. 95.
3950 5. 95.
3951 5. 95.
3952 5. 95.
3953 5. 95.
3954 5. 95.
3955 5. 95.
3956 5. 95.
3957 5. 95.
3958 5. 95.
3959 5. 95.
3960 5. 95.
3961 5. 95.
3962 5. 95.
3963 5. 95.
3964 5. 95.
3965 5. 95.
3966 5. 95.
3967 5. 95.
3968 5. 95.
3969 5. 95.
3970 5. 95.
3971 5. 95.
3972 5. 95.
3973 5. 95.
3974 5. 95.
3975 5. 95.
3976 5. 95.
3977 5. 95.
3978 5. 95.
3979 5. 95.
3980 5. 95.
3981 5. 95.
3982 4. 96.
3983 4. 96.
3984 4. 96.
3985 4. 96.
3986 4. 96.
3987 4. 96.
3988 4. 96.
3989 4. 96.
3990 4. 96.
3991 4. 96.
3992 4. 96.
3993 4. 96.
3994 4. 96.
3995 4. 96.
3996 4. 96.
3997 4. 96.
3998 4. 96.
3999 4. 96.
4000 4. 96.
4001 4. 96.
4002 4. 96.
4003 4. 96.
4004 4. 96.
4005 4. 96.
4006 4. 96.
4007 4. 96.
4008 4. 96.
4009 4. 96.
4010 4. 96.
4011 4. 96.
4012 4. 96.
4013 4. 96.
4014 4. 96.
4015 4. 96.
4016 4. 96.
4017 4. 96.
4018 4. 96.
4019 4. 96.
4020 4. 96.
4021 4. 96.
4022 4. 96.
4023 4. 96.
4024 4. 96.
4025 4. 96.
4026 4. 96.
4027 4. 96.
4028 4. 96.
4029 4. 96.
4030 4. 96.
4031 3. 97.
4032 3. 97.
4033 3. 97.
4034 3. 97.
4035 3. 97.
4036 3. 97.
4037 3. 97.
4038 4. 96.
4039 4. 96.
4040 4. 96.
4041 4. 96.
4042 4. 96.
4043 4. 96.
4044 4. 96.
4045 4. 96.
4046 4. 96.
4047 4. 96.
4048 4. 96.
4049 4. 96.
4050 4. 96.
4051 4. 96.
4052 4. 96.
4053 4. 96.
4054 4. 96.
4055 4. 96.
4056 4. 96.
4057 4. 96.
4058 4. 96.
4059 4. 96.
4060 4. 96.
4061 4. 96.
4062 5. 95.
4063 5. 95.
4064 5. 95.
4065 5. 95.
4066 5. 95.
4067 5. 95.
4068 5. 95.
4069 5. 95.
4070 5. 95.
4071 5. 95.
4072 5. 95.
4073 5. 95.
4074 5. 95.
4075 5. 95.
4076 5. 95.
4077 5. 95.
4078 5. 95.
4079 5. 95.
4080 5. 95.
4081 5. 95.
4082 5. 95.
4083 5. 95.
4084 5. 95.
4085 5. 95.
4086 5. 95.
4087 5. 95.
4088 5. 95.
4089 5. 95.
4090 5. 95.
4091 4. 96.
4092 4. 96.
4093 4. 96.
4094 4. 96.
4095 4. 96.
4096 4. 96.
4097 4. 96.
4098 4. 96.
4099 4. 96.
4100 4. 96.
4101 4. 96.
4102 4. 96.
4103 4. 96.
4104 4. 96.
4105 4. 96.
4106 4. 96.
4107 4. 96.
4108 4. 96.
4109 4. 96.
4110 4. 96.
4111 4. 96.
4112 4. 96.
4113 4. 96.
4114 4. 96.
4115 4. 96.
4116 4. 96.
4117 4. 96.
4118 4. 96.
4119 4. 96.
4120 4. 96.
4121 4. 96.
4122 4. 96.
4123 4. 96.
4124 4. 96.
4125 4. 96.
4126 4. 96.
4127 4. 96.
4128 4. 96.
4129 4. 96.
4130 4. 96.
4131 4. 96.
4132 4. 96.
4133 4. 96.
4134 4. 96.
4135 4. 96.
4136 4. 96.
4137 4. 96.
4138 4. 96.
4139 4. 96.
4140 4. 96.
4141 4. 96.
4142 4. 96.
4143 4. 96.
4144 4. 96.
4145 4. 96.
4146 4. 96.
4147 4. 96.
4148 4. 96.
4149 4. 96.
4150 4. 96.
4151 4. 96.
4152 4. 96.
4153 4. 96.
4154 3. 97.
4155 3. 97.
4156 3. 97.
4157 3. 97.
4158 3. 97.
4159 3. 97.
4160 3. 97.
4161 3. 97.
4162 3. 97.
4163 3. 97.
4164 3. 97.
4165 3. 97.
4166 2. 98.
4167 2. 98.
4168 2. 98.
4169 2. 98.
4170 2. 98.
4171 2. 98.
4172 2. 98.
4173 2. 98.
4174 2. 98.
4175 2. 98.
4176 2. 98.
4177 2. 98.
4178 2. 98.
4179 2. 98.
4180 2. 98.
4181 2. 98.
4182 2. 98.
4183 2. 98.
4184 2. 98.
4185 2. 98.
4186 2. 98.
4187 2. 98.
4188 2. 98.
4189 2. 98.
4190 2. 98.
4191 2. 98.
4192 2. 98.
4193 2. 98.
4194 2. 98.
4195 2. 98.
4196 2. 98.
4197 2. 98.
4198 2. 98.
4199 2. 98.
4200 2. 98.
4201 2. 98.
4202 2. 98.
4203 2. 98.
4204 2. 98.
4205 2. 98.
4206 2. 98.
4207 2. 98.
4208 2. 98.
4209 2. 98.
4210 2. 98.
4211 2. 98.
4212 2. 98.
4213 2. 98.
4214 2. 98.
4215 2. 98.
4216 2. 98.
4217 1. 99.
4218 1. 99.
4219 1. 99.
4220 1. 99.
4221 1. 99.
4222 1. 99.
4223 1. 99.
4224 1. 99.
4225 1. 99.
4226 1. 99.
4227 1. 99.
4228 1. 99.
4229 1. 99.
4230 1. 99.
4231 1. 99.
4232 1. 99.
4233 1. 99.
4234 1. 99.
4235 1. 99.
4236 1. 99.
4237 1. 99.
4238 1. 99.
4239 1. 99.
4240 1. 99.
4241 1. 99.
4242 1. 99.
4243 1. 99.
4244 1. 99.
4245 1. 99.
4246 1. 99.
4247 1. 99.
4248 1. 99.
4249 1. 99.
4250 1. 99.
4251 1. 99.
4252 1. 99.
4253 1. 99.
4254 1. 99.
4255 1. 99.
4256 1. 99.
4257 1. 99.
4258 2. 98.
4259 2. 98.
4260 2. 98.
4261 2. 98.
4262 2. 98.
4263 2. 98.
4264 2. 98.
4265 2. 98.
4266 2. 98.
4267 2. 98.
4268 2. 98.
4269 2. 98.
4270 2. 98.
4271 1. 99.
4272 1. 99.
4273 1. 99.
4274 1. 99.
4275 1. 99.
4276 1. 99.
4277 1. 99.
4278 1. 99.
4279 1. 99.
4280 1. 99.
4281 1. 99.
4282 1. 99.
4283 1. 99.
4284 1. 99.
4285 1. 99.
4286 1. 99.
4287 1. 99.
4288 1. 99.
4289 1. 99.
4290 1. 99.
4291 1. 99.
4292 1. 99.
4293 1. 99.
4294 1. 99.
4295 1. 99.
4296 1. 99.
4297 1. 99.
4298 1. 99.
4299 1. 99.
4300 1. 99.
4301 1. 99.
4302 1. 99.
4303 1. 99.
4304 1. 99.
4305 1. 99.
4306 1. 99.
4307 1. 99.
4308 1. 99.
4309 1. 99.
4310 1. 99.
4311 1. 99.
4312 1. 99.
4313 1. 99.
4314 1. 99.
4315 1. 99.
4316 1. 99.
4317 1. 99.
4318 1. 99.
4319 1. 99.
4320 1. 99.
4321 1. 99.
4322 1. 99.
4323 1. 99.
4324 1. 99.
4325 1. 99.
4326 1. 99.
4327 1. 99.
4328 1. 99.
4329 1. 99.
4330 1. 99.
4331 1. 99.
4332 1. 99.
4333 1. 99.
4334 1. 99.
4335 1. 99.
4336 1. 99.
4337 1. 99.
4338 1. 99.
4339 1. 99.
4340 1. 99.
4341 1. 99.
4342 1. 99.
4343 1. 99.
4344 1. 99.
4345 1. 99.
4346 1. 99.
4347 1. 99.
4348 1. 99.
4349 1. 99.
4350 1. 99.
4351 1. 99.
4352 1. 99.
4353 1. 99.
4354 1. 99.
4355 1. 99.
4356 1. 99.
4357 1. 99.
4358 1. 99.
4359 1. 99.
4360 1. 99.
4361 1. 99.
4362 1. 99.
4363 2. 98.
4364 2. 98.
4365 2. 98.
4366 2. 98.
4367 2. 98.
4368 2. 98.
4369 2. 98.
4370 2. 98.
4371 2. 98.
4372 2. 98.
4373 2. 98.
4374 2. 98.
4375 2. 98.
4376 2. 98.
4377 2. 98.
4378 2. 98.
4379 2. 98.
4380 2. 98.
4381 2. 98.
4382 2. 98.
4383 2. 98.
4384 2. 98.
4385 2. 98.
4386 2. 98.
4387 2. 98.
4388 2. 98.
4389 2. 98.
4390 2. 98.
4391 2. 98.
4392 2. 98.
4393 2. 98.
4394 2. 98.
4395 2. 98.
4396 2. 98.
4397 2. 98.
4398 2. 98.
4399 2. 98.
4400 2. 98.
4401 2. 98.
4402 2. 98.
4403 2. 98.
4404 2. 98.
4405 3. 97.
4406 3. 97.
4407 3. 97.
4408 3. 97.
4409 3. 97.
4410 3. 97.
4411 3. 97.
4412 3. 97.
4413 3. 97.
4414 3. 97.
4415 3. 97.
4416 3. 97.
4417 3. 97.
4418 3. 97.
4419 3. 97.
4420 3. 97.
4421 3. 97.
4422 3. 97.
4423 3. 97.
4424 3. 97.
4425 3. 97.
4426 3. 97.
4427 3. 97.
4428 3. 97.
4429 3. 97.
4430 3. 97.
4431 3. 97.
4432 3. 97.
4433 3. 97.
4434 3. 97.
4435 3. 97.
4436 3. 97.
4437 2. 98.
4438 2. 98.
4439 2. 98.
4440 2. 98.
4441 2. 98.
4442 2. 98.
4443 2. 98.
4444 2. 98.
4445 2. 98.
4446 2. 98.
4447 2. 98.
4448 2. 98.
4449 2. 98.
4450 2. 98.
4451 2. 98.
4452 2. 98.
4453 2. 98.
4454 2. 98.
4455 2. 98.
4456 2. 98.
4457 2. 98.
4458 2. 98.
4459 2. 98.
4460 2. 98.
4461 2. 98.
4462 2. 98.
4463 2. 98.
4464 2. 98.
4465 2. 98.
4466 2. 98.
4467 2. 98.
4468 2. 98.
4469 2. 98.
4470 2. 98.
4471 2. 98.
4472 2. 98.
4473 2. 98.
4474 2. 98.
4475 2. 98.
4476 2. 98.
4477 2. 98.
4478 2. 98.
4479 2. 98.
4480 2. 98.
4481 2. 98.
4482 2. 98.
4483 2. 98.
4484 2. 98.
4485 2. 98.
4486 2. 98.
4487 2. 98.
4488 2. 98.
4489 2. 98.
4490 2. 98.
4491 2. 98.
4492 2. 98.
4493 2. 98.
4494 2. 98.
4495 2. 98.
4496 2. 98.
4497 2. 98.
4498 2. 98.
4499 2. 98.
4500 2. 98.
4501 2. 98.
4502 2. 98.
4503 2. 98.
4504 1. 99.
4505 1. 99.
4506 1. 99.
4507 1. 99.
4508 1. 99.
4509 1. 99.
4510 1. 99.
4511 1. 99.
4512 1. 99.
4513 1. 99.
4514 1. 99.
4515 1. 99.
4516 1. 99.
4517 1. 99.
4518 1. 99.
4519 1. 99.
4520 1. 99.
4521 1. 99.
4522 1. 99.
4523 1. 99.
4524 1. 99.
4525 1. 99.
4526 1. 99.
4527 1. 99.
4528 1. 99.
4529 1. 99.
4530 1. 99.
4531 1. 99.
4532 1. 99.
4533 1. 99.
4534 1. 99.
4535 1. 99.
4536 1. 99.
4537 1. 99.
4538 1. 99.
4539 1. 99.
4540 1. 99.
4541 1. 99.
4542 1. 99.
4543 1. 99.
4544 1. 99.
4545 1. 99.
4546 1. 99.
4547 1. 99.
4548 1. 99.
4549 1. 99.
4550 1. 99.
4551 1. 99.
4552 1. 99.
4553 1. 99.
4554 1. 99.
4555 1. 99.
4556 1. 99.
4557 1. 99.
4558 1. 99.
4559 1. 99.
4560 1. 99.
4561 1. 99.
4562 1. 99.
4563 1. 99.
4564 1. 99.
4565 1. 99.
4566 1. 99.
4567 1. 99.
4568 1. 99.
4569 1. 99.
4570 1. 99.
4571 1. 99.
4572 1. 99.
4573 1. 99.
4574 1. 99.
4575 1. 99.
4576 1. 99.
4577 1. 99.
4578 1. 99.
4579 1. 99.
4580 1. 99.
4581 1. 99.
4582 1. 99.
4583 1. 99.
4584 1. 99.
4585 1. 99.
4586 1. 99.
4587 1. 99.
4588 1. 99.
4589 1. 99.
4590 1. 99.
4591 1. 99.
4592 1. 99.
4593 1. 99.
4594 1. 99.
4595 1. 99.
4596 1. 99.
4597 1. 99.
4598 1. 99.
4599 1. 99.
4600 1. 99.
4601 1. 99.
4602 1. 99.
4603 1. 99.
4604 1. 99.
4605 1. 99.
4606 1. 99.
4607 1. 99.
4608 1. 99.
4609 1. 99.
4610 1. 99.
4611 1. 99.
4612 1. 99.
4613 1. 99.
4614 1. 99.
4615 1. 99.
4616 1. 99.
4617 1. 99.
4618 1. 99.
4619 1. 99.
4620 1. 99.
4621 1. 99.
4622 1. 99.
4623 1. 99.
4624 1. 99.
4625 1. 99.
4626 1. 99.
4627 1. 99.
4628 1. 99.
4629 1. 99.
4630 1. 99.
4631 1. 99.
4632 1. 99.
4633 1. 99.
4634 1. 99.
4635 1. 99.
4636 1. 99.
4637 1. 99.
4638 1. 99.
4639 1. 99.
4640 1. 99.
4641 1. 99.
4642 1. 99.
4643 1. 99.
4644 1. 99.
4645 1. 99.
4646 1. 99.
4647 1. 99.
4648 1. 99.
4649 1. 99.
4650 1. 99.
4651 1. 99.
4652 1. 99.
4653 1. 99.
4654 1. 99.
4655 1. 99.
4656 1. 99.
4657 1. 99.
4658 1. 99.
4659 1. 99.
4660 1. 99.
4661 1. 99.
4662 1. 99.
4663 1. 99.
4664 1. 99.
4665 1. 99.
4666 1. 99.
4667 1. 99.
4668 1. 99.
4669 1. 99.
4670 1. 99.
4671 1. 99.
4672 1. 99.
4673 2. 98.
4674 2. 98.
4675 2. 98.
4676 2. 98.
4677 2. 98.
4678 2. 98.
4679 2. 98.
4680 2. 98.
4681 2. 98.
4682 2. 98.
4683 2. 98.
4684 2. 98.
4685 2. 98.
4686 2. 98.
4687 2. 98.
4688 2. 98.
4689 2. 98.
4690 2. 98.
4691 2. 98.
4692 2. 98.
4693 2. 98.
4694 2. 98.
4695 2. 98.
4696 2. 98.
4697 2. 98.
4698 2. 98.
4699 2. 98.
4700 2. 98.
4701 2. 98.
4702 2. 98.
4703 2. 98.
4704 2. 98.
4705 2. 98.
4706 2. 98.
4707 2. 98.
4708 2. 98.
4709 2. 98.
4710 2. 98.
4711 2. 98.
4712 2. 98.
4713 2. 98.
4714 2. 98.
4715 2. 98.
4716 2. 98.
4717 2. 98.
4718 2. 98.
4719 2. 98.
4720 2. 98.
4721 2. 98.
4722 2. 98.
4723 2. 98.
4724 2. 98.
4725 2. 98.
4726 2. 98.
4727 2. 98.
4728 2. 98.
4729 2. 98.
4730 2. 98.
4731 2. 98.
4732 2. 98.
4733 2. 98.
4734 2. 98.
4735 2. 98.
4736 2. 98.
4737 2. 98.
4738 2. 98.
4739 2. 98.
4740 2. 98.
4741 2. 98.
4742 2. 98.
4743 2. 98.
4744 2. 98.
4745 2. 98.
4746 2. 98.
4747 2. 98.
4748 2. 98.
4749 2. 98.
4750 2. 98.
4751 2. 98.
4752 2. 98.
4753 2. 98.
4754 2. 98.
4755 2. 98.
4756 2. 98.
4757 1. 99.
4758 1. 99.
4759 1. 99.
4760 1. 99.
4761 1. 99.
4762 1. 99.
4763 1. 99.
4764 1. 99.
4765 1. 99.
4766 1. 99.
4767 1. 99.
4768 1. 99.
4769 1. 99.
4770 1. 99.
4771 1. 99.
4772 1. 99.
4773 1. 99.
4774 1. 99.
4775 1. 99.
4776 1. 99.
4777 1. 99.
4778 1. 99.
4779 1. 99.
4780 1. 99.
4781 1. 99.
4782 1. 99.
4783 1. 99.
4784 1. 99.
4785 1. 99.
4786 1. 99.
4787 1. 99.
4788 1. 99.
4789 1. 99.
4790 1. 99.
4791 1. 99.
4792 1. 99.
4793 1. 99.
4794 1. 99.
4795 1. 99.
4796 1. 99.
4797 1. 99.
4798 1. 99.
4799 1. 99.
4800 1. 99.
4801 1. 99.
4802 1. 99.
4803 1. 99.
4804 1. 99.
4805 1. 99.
4806 1. 99.
4807 1. 99.
4808 1. 99.
4809 1. 99.
4810 1. 99.
4811 1. 99.
4812 1. 99.
4813 1. 99.
4814 1. 99.
4815 1. 99.
4816 1. 99.
4817 1. 99.
4818 1. 99.
4819 1. 99.
4820 1. 99.
4821 1. 99.
4822 1. 99.
4823 1. 99.
4824 1. 99.
4825 1. 99.
4826 1. 99.
4827 1. 99.
4828 1. 99.
4829 1. 99.
4830 1. 99.
4831 1. 99.
4832 1. 99.
4833 1. 99.
4834 1. 99.
4835 1. 99.
4836 1. 99.
4837 1. 99.
4838 1. 99.
4839 1. 99.
4840 1. 99.
4841 1. 99.
4842 1. 99.
4843 1. 99.
4844 1. 99.
4845 1. 99.
4846 1. 99.
4847 1. 99.
4848 1. 99.
4849 1. 99.
4850 1. 99.
4851 1. 99.
4852 1. 99.
4853 1. 99.
4854 1. 99.
4855 1. 99.
4856 1. 99.
4857 1. 99.
4858 1. 99.
4859 1. 99.
4860 1. 99.
4861 1. 99.
4862 1. 99.
4863 1. 99.
