0 26. 74.
1 26. 74.
2 26. 74.
3 26. 74.
4 27. 73.
5 27. 73.
6 28. 72.
7 29. 71.
8 29. 71.
9 30. 70.
10 31. 69.
11 30. 70.
12 30. 70.
13 30. 70.
14 30. 70.
15 30. 70.
16 30. 70.
17 31. 69.
18 32. 68.
19 32. 68.
20 32. 68.
21 33. 67.
22 33. 67.
23 33. 67.
24 33. 67.
25 33. 67.
26 33. 67.
27 32. 68.
28 32. 68.
29 33. 67.
30 33. 67.
31 33. 67.
32 33. 67.
33 33. 67.
34 33. 67.
35 34. 66.
36 34. 66.
37 34. 66.
38 34. 66.
39 34. 66.
40 34. 66.
41 34. 66.
42 34. 66.
43 34. 66.
44 34. 66.
45 33. 67.
46 33. 67.
47 33. 67.
48 33. 67.
49 33. 67.
50 32. 68.
51 32. 68.
52 32. 68.
53 31. 69.
54 31. 69.
55 31. 69.
56 31. 69.
57 30. 70.
58 30. 70.
59 30. 70.
60 30. 70.
61 30. 70.
62 30. 70.
63 30. 70.
64 29. 71.
65 29. 71.
66 29. 71.
67 29. 71.
68 29. 71.
69 29. 71.
70 29. 71.
71 29. 71.
72 29. 71.
73 30. 70.
74 31. 69.
75 31. 69.
76 32. 68.
77 32. 68.
78 32. 68.
79 33. 67.
80 33. 67.
81 33. 67.
82 33. 67.
83 33. 67.
84 33. 67.
85 33. 67.
86 33. 67.
87 33. 67.
88 34. 66.
89 34. 66.
90 34. 66.
91 35. 65.
92 36. 64.
93 36. 64.
94 36. 64.
95 36. 64.
96 35. 65.
97 35. 65.
98 36. 64.
99 37. 63.
100 37. 63.
101 36. 64.
102 36. 64.
103 37. 63.
104 37. 63.
105 38. 62.
106 38. 62.
107 38. 62.
108 38. 62.
109 38. 62.
110 39. 61.
111 40. 60.
112 39. 61.
113 39. 61.
114 40. 60.
115 40. 60.
116 40. 60.
117 40. 60.
118 40. 60.
119 40. 60.
120 41. 59.
121 41. 59.
122 41. 59.
123 42. 58.
124 42. 58.
125 42. 58.
126 42. 58.
127 42. 58.
128 42. 58.
129 42. 58.
130 42. 58.
131 42. 58.
132 41. 59.
133 42. 58.
134 42. 58.
135 42. 58.
136 42. 58.
137 42. 58.
138 43. 57.
139 44. 56.
140 44. 56.
141 44. 56.
142 44. 56.
143 45. 55.
144 45. 55.
145 46. 54.
146 46. 54.
147 47. 53.
148 46. 54.
149 46. 54.
150 45. 55.
151 45. 55.
152 46. 54.
153 46. 54.
154 46. 54.
155 46. 54.
156 46. 54.
157 46. 54.
158 46. 54.
159 46. 54.
160 45. 55.
161 45. 55.
162 45. 55.
163 45. 55.
164 45. 55.
165 44. 56.
166 43. 57.
167 42. 58.
168 42. 58.
169 42. 58.
170 42. 58.
171 43. 57.
172 43. 57.
173 43. 57.
174 43. 57.
175 43. 57.
176 44. 56.
177 45. 55.
178 45. 55.
179 45. 55.
180 44. 56.
181 45. 55.
182 45. 55.
183 45. 55.
184 45. 55.
185 46. 54.
186 47. 53.
187 48. 52.
188 48. 52.
189 48. 52.
190 48. 52.
191 48. 52.
192 48. 52.
193 47. 53.
194 47. 53.
195 47. 53.
196 48. 52.
197 48. 52.
198 48. 52.
199 48. 52.
200 49. 51.
201 49. 51.
202 49. 51.
203 49. 51.
204 49. 51.
205 49. 51.
206 49. 51.
207 48. 52.
208 49. 51.
209 49. 51.
210 48. 52.
211 49. 51.
212 49. 51.
213 48. 52.
214 48. 52.
215 47. 53.
216 47. 53.
217 47. 53.
218 47. 53.
219 47. 53.
220 47. 53.
221 47. 53.
222 48. 52.
223 48. 52.
224 48. 52.
225 48. 52.
226 48. 52.
227 48. 52.
228 47. 53.
229 47. 53.
230 47. 53.
231 47. 53.
232 47. 53.
233 47. 53.
234 47. 53.
235 47. 53.
236 46. 54.
237 46. 54.
238 46. 54.
239 47. 53.
240 47. 53.
241 47. 53.
242 47. 53.
243 47. 53.
244 47. 53.
245 47. 53.
246 47. 53.
247 47. 53.
248 48. 52.
249 48. 52.
250 48. 52.
251 48. 52.
252 49. 51.
253 49. 51.
254 49. 51.
255 48. 52.
256 48. 52.
257 49. 51.
258 49. 51.
259 50. 50.
260 50. 50.
261 50. 50.
262 50. 50.
263 50. 50.
264 50. 50.
265 50. 50.
266 50. 50.
267 50. 50.
268 50. 50.
269 50. 50.
270 50. 50.
271 51. 49.
272 52. 48.
273 52. 48.
274 52. 48.
275 52. 48.
276 52. 48.
277 52. 48.
278 52. 48.
279 53. 47.
280 53. 47.
281 53. 47.
282 54. 46.
283 55. 45.
284 55. 45.
285 55. 45.
286 56. 44.
287 55. 45.
288 55. 45.
289 56. 44.
290 56. 44.
291 56. 44.
292 56. 44.
293 56. 44.
294 56. 44.
295 56. 44.
296 56. 44.
297 56. 44.
298 56. 44.
299 56. 44.
300 56. 44.
301 55. 45.
302 55. 45.
303 54. 46.
304 55. 45.
305 55. 45.
306 55. 45.
307 55. 45.
308 54. 46.
309 54. 46.
310 54. 46.
311 53. 47.
312 53. 47.
313 53. 47.
314 53. 47.
315 53. 47.
316 54. 46.
317 55. 45.
318 55. 45.
319 55. 45.
320 56. 44.
321 55. 45.
322 55. 45.
323 55. 45.
324 55. 45.
325 55. 45.
326 55. 45.
327 55. 45.
328 55. 45.
329 55. 45.
330 55. 45.
331 55. 45.
332 55. 45.
333 54. 46.
334 53. 47.
335 52. 48.
336 52. 48.
337 52. 48.
338 51. 49.
339 51. 49.
340 51. 49.
341 51. 49.
342 51. 49.
343 51. 49.
344 51. 49.
345 51. 49.
346 50. 50.
347 50. 50.
348 50. 50.
349 50. 50.
350 49. 51.
351 50. 50.
352 50. 50.
353 51. 49.
354 51. 49.
355 51. 49.
356 50. 50.
357 51. 49.
358 51. 49.
359 51. 49.
360 51. 49.
361 51. 49.
362 51. 49.
363 50. 50.
364 50. 50.
365 50. 50.
366 50. 50.
367 50. 50.
368 50. 50.
369 50. 50.
370 50. 50.
371 50. 50.
372 50. 50.
373 49. 51.
374 48. 52.
375 49. 51.
376 49. 51.
377 50. 50.
378 50. 50.
379 50. 50.
380 50. 50.
381 50. 50.
382 50. 50.
383 50. 50.
384 50. 50.
385 50. 50.
386 49. 51.
387 49. 51.
388 49. 51.
389 49. 51.
390 49. 51.
391 49. 51.
392 49. 51.
393 50. 50.
394 49. 51.
395 50. 50.
396 50. 50.
397 50. 50.
398 50. 50.
399 50. 50.
400 51. 49.
401 51. 49.
402 52. 48.
403 52. 48.
404 51. 49.
405 52. 48.
406 52. 48.
407 52. 48.
408 52. 48.
409 52. 48.
410 52. 48.
411 52. 48.
412 51. 49.
413 51. 49.
414 50. 50.
415 50. 50.
416 50. 50.
417 50. 50.
418 50. 50.
419 50. 50.
420 50. 50.
421 50. 50.
422 50. 50.
423 50. 50.
424 50. 50.
425 50. 50.
426 50. 50.
427 51. 49.
428 50. 50.
429 50. 50.
430 51. 49.
431 52. 48.
432 52. 48.
433 52. 48.
434 53. 47.
435 53. 47.
436 53. 47.
437 53. 47.
438 53. 47.
439 53. 47.
440 53. 47.
441 53. 47.
442 53. 47.
443 53. 47.
444 53. 47.
445 53. 47.
446 53. 47.
447 53. 47.
448 53. 47.
449 54. 46.
450 55. 45.
451 55. 45.
452 55. 45.
453 55. 45.
454 54. 46.
455 54. 46.
456 54. 46.
457 54. 46.
458 55. 45.
459 55. 45.
460 55. 45.
461 54. 46.
462 54. 46.
463 54. 46.
464 54. 46.
465 54. 46.
466 53. 47.
467 53. 47.
468 53. 47.
469 53. 47.
470 53. 47.
471 53. 47.
472 53. 47.
473 53. 47.
474 54. 46.
475 54. 46.
476 54. 46.
477 54. 46.
478 54. 46.
479 54. 46.
480 54. 46.
481 55. 45.
482 55. 45.
483 56. 44.
484 57. 43.
485 56. 44.
486 56. 44.
487 56. 44.
488 56. 44.
489 55. 45.
490 55. 45.
491 55. 45.
492 55. 45.
493 56. 44.
494 56. 44.
495 56. 44.
496 55. 45.
497 55. 45.
498 55. 45.
499 54. 46.
500 54. 46.
501 54. 46.
502 55. 45.
503 54. 46.
504 54. 46.
505 54. 46.
506 54. 46.
507 54. 46.
508 54. 46.
509 54. 46.
510 54. 46.
511 53. 47.
512 54. 46.
513 55. 45.
514 55. 45.
515 55. 45.
516 54. 46.
517 54. 46.
518 54. 46.
519 54. 46.
520 54. 46.
521 54. 46.
522 54. 46.
523 54. 46.
524 54. 46.
525 54. 46.
526 53. 47.
527 54. 46.
528 54. 46.
529 54. 46.
530 54. 46.
531 55. 45.
532 55. 45.
533 56. 44.
534 56. 44.
535 56. 44.
536 56. 44.
537 56. 44.
538 56. 44.
539 56. 44.
540 56. 44.
541 56. 44.
542 56. 44.
543 56. 44.
544 56. 44.
545 56. 44.
546 56. 44.
547 56. 44.
548 56. 44.
549 56. 44.
550 55. 45.
551 56. 44.
552 57. 43.
553 56. 44.
554 55. 45.
555 55. 45.
556 56. 44.
557 56. 44.
558 56. 44.
559 56. 44.
560 56. 44.
561 56. 44.
562 56. 44.
563 56. 44.
564 55. 45.
565 54. 46.
566 54. 46.
567 55. 45.
568 56. 44.
569 56. 44.
570 56. 44.
571 56. 44.
572 56. 44.
573 55. 45.
574 55. 45.
575 55. 45.
576 55. 45.
577 55. 45.
578 55. 45.
579 55. 45.
580 55. 45.
581 56. 44.
582 56. 44.
583 56. 44.
584 56. 44.
585 56. 44.
586 56. 44.
587 56. 44.
588 56. 44.
589 56. 44.
590 56. 44.
591 56. 44.
592 56. 44.
593 56. 44.
594 56. 44.
595 56. 44.
596 56. 44.
597 56. 44.
598 57. 43.
599 57. 43.
600 57. 43.
601 58. 42.
602 58. 42.
603 58. 42.
604 58. 42.
605 58. 42.
606 58. 42.
607 59. 41.
608 59. 41.
609 59. 41.
610 58. 42.
611 58. 42.
612 58. 42.
613 58. 42.
614 58. 42.
615 58. 42.
616 58. 42.
617 58. 42.
618 58. 42.
619 59. 41.
620 60. 40.
621 60. 40.
622 60. 40.
623 60. 40.
624 60. 40.
625 60. 40.
626 60. 40.
627 60. 40.
628 60. 40.
629 60. 40.
630 60. 40.
631 60. 40.
632 60. 40.
633 59. 41.
634 59. 41.
635 60. 40.
636 60. 40.
637 60. 40.
638 60. 40.
639 60. 40.
640 59. 41.
641 59. 41.
642 59. 41.
643 58. 42.
644 57. 43.
645 58. 42.
646 59. 41.
647 59. 41.
648 59. 41.
649 59. 41.
650 58. 42.
651 58. 42.
652 58. 42.
653 58. 42.
654 57. 43.
655 58. 42.
656 57. 43.
657 57. 43.
658 57. 43.
659 57. 43.
660 58. 42.
661 58. 42.
662 58. 42.
663 57. 43.
664 57. 43.
665 57. 43.
666 57. 43.
667 57. 43.
668 57. 43.
669 57. 43.
670 56. 44.
671 56. 44.
672 56. 44.
673 56. 44.
674 56. 44.
675 55. 45.
676 55. 45.
677 55. 45.
678 55. 45.
679 55. 45.
680 55. 45.
681 55. 45.
682 54. 46.
683 54. 46.
684 54. 46.
685 54. 46.
686 54. 46.
687 55. 45.
688 55. 45.
689 55. 45.
690 55. 45.
691 54. 46.
692 53. 47.
693 52. 48.
694 52. 48.
695 52. 48.
696 51. 49.
697 51. 49.
698 51. 49.
699 52. 48.
700 52. 48.
701 52. 48.
702 52. 48.
703 52. 48.
704 52. 48.
705 51. 49.
706 52. 48.
707 53. 47.
708 53. 47.
709 54. 46.
710 55. 45.
711 55. 45.
712 56. 44.
713 56. 44.
714 56. 44.
715 56. 44.
716 55. 45.
717 55. 45.
718 55. 45.
719 56. 44.
720 56. 44.
721 56. 44.
722 56. 44.
723 57. 43.
724 57. 43.
725 57. 43.
726 57. 43.
727 57. 43.
728 57. 43.
729 56. 44.
730 56. 44.
731 56. 44.
732 56. 44.
733 56. 44.
734 56. 44.
735 56. 44.
736 57. 43.
737 56. 44.
738 56. 44.
739 56. 44.
740 57. 43.
741 57. 43.
742 57. 43.
743 56. 44.
744 56. 44.
745 56. 44.
746 56. 44.
747 56. 44.
748 56. 44.
749 56. 44.
750 57. 43.
751 57. 43.
752 57. 43.
753 58. 42.
754 58. 42.
755 58. 42.
756 58. 42.
757 58. 42.
758 58. 42.
759 58. 42.
760 58. 42.
761 58. 42.
762 58. 42.
763 59. 41.
764 59. 41.
765 59. 41.
766 60. 40.
767 60. 40.
768 60. 40.
769 60. 40.
770 60. 40.
771 61. 39.
772 61. 39.
773 61. 39.
774 61. 39.
775 61. 39.
776 61. 39.
777 61. 39.
778 60. 40.
779 60. 40.
780 59. 41.
781 59. 41.
782 59. 41.
783 59. 41.
784 59. 41.
785 59. 41.
786 59. 41.
787 59. 41.
788 59. 41.
789 60. 40.
790 60. 40.
791 59. 41.
792 59. 41.
793 59. 41.
794 60. 40.
795 61. 39.
796 61. 39.
797 61. 39.
798 62. 38.
799 62. 38.
800 61. 39.
801 62. 38.
802 62. 38.
803 62. 38.
804 62. 38.
805 62. 38.
806 63. 37.
807 62. 38.
808 61. 39.
809 61. 39.
810 60. 40.
811 60. 40.
812 60. 40.
813 60. 40.
814 60. 40.
815 60. 40.
816 60. 40.
817 60. 40.
818 60. 40.
819 60. 40.
820 59. 41.
821 58. 42.
822 58. 42.
823 58. 42.
824 59. 41.
825 59. 41.
826 59. 41.
827 59. 41.
828 59. 41.
829 59. 41.
830 60. 40.
831 60. 40.
832 60. 40.
833 60. 40.
834 60. 40.
835 61. 39.
836 61. 39.
837 61. 39.
838 61. 39.
839 60. 40.
840 60. 40.
841 60. 40.
842 59. 41.
843 59. 41.
844 59. 41.
845 59. 41.
846 59. 41.
847 59. 41.
848 59. 41.
849 59. 41.
850 60. 40.
851 60. 40.
852 61. 39.
853 60. 40.
854 60. 40.
855 60. 40.
856 61. 39.
857 61. 39.
858 60. 40.
859 61. 39.
860 61. 39.
861 61. 39.
862 62. 38.
863 63. 37.
864 63. 37.
865 63. 37.
866 63. 37.
867 63. 37.
868 63. 37.
869 64. 36.
870 64. 36.
871 64. 36.
872 64. 36.
873 64. 36.
874 64. 36.
875 64. 36.
876 64. 36.
877 65. 35.
878 65. 35.
879 66. 34.
880 66. 34.
881 66. 34.
882 66. 34.
883 65. 35.
884 64. 36.
885 64. 36.
886 64. 36.
887 64. 36.
888 64. 36.
889 64. 36.
890 64. 36.
891 65. 35.
892 65. 35.
893 65. 35.
894 66. 34.
895 66. 34.
896 66. 34.
897 66. 34.
898 66. 34.
899 65. 35.
900 66. 34.
901 67. 33.
902 66. 34.
903 66. 34.
904 66. 34.
905 66. 34.
906 66. 34.
907 66. 34.
908 65. 35.
909 65. 35.
910 66. 34.
911 66. 34.
912 66. 34.
913 65. 35.
914 65. 35.
915 65. 35.
916 65. 35.
917 65. 35.
918 65. 35.
919 65. 35.
920 65. 35.
921 65. 35.
922 66. 34.
923 66. 34.
924 66. 34.
925 66. 34.
926 66. 34.
927 66. 34.
928 66. 34.
929 66. 34.
930 66. 34.
931 66. 34.
932 66. 34.
933 67. 33.
934 67. 33.
935 66. 34.
936 67. 33.
937 67. 33.
938 67. 33.
939 66. 34.
940 66. 34.
941 66. 34.
942 67. 33.
943 67. 33.
944 67. 33.
945 67. 33.
946 68. 32.
947 68. 32.
948 68. 32.
949 68. 32.
950 68. 32.
951 68. 32.
952 67. 33.
953 67. 33.
954 67. 33.
955 67. 33.
956 68. 32.
957 68. 32.
958 68. 32.
959 68. 32.
960 68. 32.
961 67. 33.
962 67. 33.
963 67. 33.
964 67. 33.
965 67. 33.
966 66. 34.
967 66. 34.
968 66. 34.
969 66. 34.
970 66. 34.
971 66. 34.
972 66. 34.
973 66. 34.
974 66. 34.
975 66. 34.
976 65. 35.
977 65. 35.
978 66. 34.
979 66. 34.
980 66. 34.
981 66. 34.
982 66. 34.
983 65. 35.
984 65. 35.
985 65. 35.
986 65. 35.
987 65. 35.
988 65. 35.
989 64. 36.
990 63. 37.
991 63. 37.
992 64. 36.
993 63. 37.
994 63. 37.
995 63. 37.
996 63. 37.
997 63. 37.
998 63. 37.
999 63. 37.
1000 63. 37.
1001 63. 37.
1002 63. 37.
1003 64. 36.
1004 64. 36.
1005 64. 36.
1006 64. 36.
1007 64. 36.
1008 64. 36.
1009 64. 36.
1010 64. 36.
1011 64. 36.
1012 64. 36.
1013 65. 35.
1014 65. 35.
1015 66. 34.
1016 66. 34.
1017 66. 34.
1018 66. 34.
1019 66. 34.
1020 67. 33.
1021 68. 32.
1022 68. 32.
1023 68. 32.
1024 68. 32.
1025 68. 32.
1026 68. 32.
1027 68. 32.
1028 68. 32.
1029 68. 32.
1030 69. 31.
1031 69. 31.
1032 69. 31.
1033 70. 30.
1034 70. 30.
1035 70. 30.
1036 70. 30.
1037 70. 30.
1038 70. 30.
1039 71. 29.
1040 71. 29.
1041 72. 28.
1042 72. 28.
1043 72. 28.
1044 71. 29.
1045 70. 30.
1046 70. 30.
1047 69. 31.
1048 69. 31.
1049 69. 31.
1050 69. 31.
1051 69. 31.
1052 69. 31.
1053 68. 32.
1054 68. 32.
1055 68. 32.
1056 68. 32.
1057 68. 32.
1058 68. 32.
1059 69. 31.
1060 68. 32.
1061 68. 32.
1062 68. 32.
1063 68. 32.
1064 68. 32.
1065 68. 32.
1066 68. 32.
1067 67. 33.
1068 66. 34.
1069 66. 34.
1070 66. 34.
1071 66. 34.
1072 66. 34.
1073 66. 34.
1074 66. 34.
1075 65. 35.
1076 65. 35.
1077 65. 35.
1078 66. 34.
1079 66. 34.
1080 65. 35.
1081 65. 35.
1082 64. 36.
1083 64. 36.
1084 64. 36.
1085 64. 36.
1086 64. 36.
1087 64. 36.
1088 65. 35.
1089 66. 34.
1090 66. 34.
1091 65. 35.
1092 64. 36.
1093 63. 37.
1094 63. 37.
1095 63. 37.
1096 63. 37.
1097 63. 37.
1098 63. 37.
1099 62. 38.
1100 62. 38.
1101 62. 38.
1102 63. 37.
1103 63. 37.
1104 64. 36.
1105 63. 37.
1106 64. 36.
1107 64. 36.
1108 64. 36.
1109 64. 36.
1110 64. 36.
1111 65. 35.
1112 65. 35.
1113 65. 35.
1114 65. 35.
1115 65. 35.
1116 65. 35.
1117 65. 35.
1118 65. 35.
1119 65. 35.
1120 65. 35.
1121 66. 34.
1122 65. 35.
1123 65. 35.
1124 64. 36.
1125 65. 35.
1126 65. 35.
1127 66. 34.
1128 66. 34.
1129 66. 34.
1130 66. 34.
1131 65. 35.
1132 65. 35.
1133 65. 35.
1134 65. 35.
1135 65. 35.
1136 66. 34.
1137 65. 35.
1138 66. 34.
1139 66. 34.
1140 65. 35.
1141 64. 36.
1142 64. 36.
1143 64. 36.
1144 64. 36.
1145 65. 35.
1146 64. 36.
1147 64. 36.
1148 64. 36.
1149 64. 36.
1150 64. 36.
1151 64. 36.
1152 64. 36.
1153 63. 37.
1154 63. 37.
1155 63. 37.
1156 64. 36.
1157 64. 36.
1158 63. 37.
1159 62. 38.
1160 62. 38.
1161 62. 38.
1162 62. 38.
1163 63. 37.
1164 63. 37.
1165 62. 38.
1166 62. 38.
1167 62. 38.
1168 62. 38.
1169 61. 39.
1170 61. 39.
1171 61. 39.
1172 60. 40.
1173 59. 41.
1174 59. 41.
1175 59. 41.
1176 59. 41.
1177 59. 41.
1178 59. 41.
1179 59. 41.
1180 59. 41.
1181 59. 41.
1182 59. 41.
1183 59. 41.
1184 58. 42.
1185 58. 42.
1186 57. 43.
1187 57. 43.
1188 56. 44.
1189 56. 44.
1190 55. 45.
1191 55. 45.
1192 56. 44.
1193 55. 45.
1194 55. 45.
1195 55. 45.
1196 56. 44.
1197 56. 44.
1198 55. 45.
1199 56. 44.
1200 57. 43.
1201 57. 43.
1202 57. 43.
1203 58. 42.
1204 58. 42.
1205 59. 41.
1206 59. 41.
1207 60. 40.
1208 60. 40.
1209 60. 40.
1210 59. 41.
1211 59. 41.
1212 59. 41.
1213 58. 42.
1214 58. 42.
1215 59. 41.
1216 58. 42.
1217 58. 42.
1218 58. 42.
1219 59. 41.
1220 59. 41.
1221 59. 41.
1222 59. 41.
1223 59. 41.
1224 59. 41.
1225 59. 41.
1226 59. 41.
1227 59. 41.
1228 59. 41.
1229 60. 40.
1230 60. 40.
1231 60. 40.
1232 60. 40.
1233 60. 40.
1234 60. 40.
1235 60. 40.
1236 60. 40.
1237 60. 40.
1238 60. 40.
1239 60. 40.
1240 59. 41.
1241 59. 41.
1242 59. 41.
1243 59. 41.
1244 59. 41.
1245 60. 40.
1246 61. 39.
1247 61. 39.
1248 61. 39.
1249 61. 39.
1250 61. 39.
1251 61. 39.
1252 61. 39.
1253 60. 40.
1254 60. 40.
1255 60. 40.
1256 61. 39.
1257 62. 38.
1258 62. 38.
1259 63. 37.
1260 62. 38.
1261 61. 39.
1262 61. 39.
1263 61. 39.
1264 61. 39.
1265 61. 39.
1266 61. 39.
1267 61. 39.
1268 61. 39.
1269 61. 39.
1270 62. 38.
1271 62. 38.
1272 62. 38.
1273 62. 38.
1274 62. 38.
1275 62. 38.
1276 62. 38.
1277 62. 38.
1278 61. 39.
1279 62. 38.
1280 62. 38.
1281 62. 38.
1282 62. 38.
1283 63. 37.
1284 63. 37.
1285 63. 37.
1286 63. 37.
1287 63. 37.
1288 63. 37.
1289 63. 37.
1290 63. 37.
1291 64. 36.
1292 64. 36.
1293 63. 37.
1294 63. 37.
1295 64. 36.
1296 64. 36.
1297 64. 36.
1298 64. 36.
1299 64. 36.
1300 65. 35.
1301 65. 35.
1302 64. 36.
1303 64. 36.
1304 64. 36.
1305 64. 36.
1306 64. 36.
1307 64. 36.
1308 64. 36.
1309 65. 35.
1310 65. 35.
1311 65. 35.
1312 65. 35.
1313 65. 35.
1314 65. 35.
1315 64. 36.
1316 64. 36.
1317 64. 36.
1318 64. 36.
1319 63. 37.
1320 63. 37.
1321 63. 37.
1322 63. 37.
1323 64. 36.
1324 64. 36.
1325 65. 35.
1326 65. 35.
1327 65. 35.
1328 65. 35.
1329 65. 35.
1330 65. 35.
1331 65. 35.
1332 65. 35.
1333 65. 35.
1334 65. 35.
1335 65. 35.
1336 65. 35.
1337 66. 34.
1338 66. 34.
1339 66. 34.
1340 67. 33.
1341 67. 33.
1342 68. 32.
1343 67. 33.
1344 66. 34.
1345 67. 33.
1346 67. 33.
1347 67. 33.
1348 67. 33.
1349 67. 33.
1350 67. 33.
1351 67. 33.
1352 67. 33.
1353 67. 33.
1354 67. 33.
1355 68. 32.
1356 69. 31.
1357 69. 31.
1358 69. 31.
1359 69. 31.
1360 69. 31.
1361 69. 31.
1362 69. 31.
1363 69. 31.
1364 69. 31.
1365 70. 30.
1366 70. 30.
1367 70. 30.
1368 70. 30.
1369 70. 30.
1370 70. 30.
1371 70. 30.
1372 70. 30.
1373 70. 30.
1374 70. 30.
1375 70. 30.
1376 70. 30.
1377 70. 30.
1378 71. 29.
1379 71. 29.
1380 71. 29.
1381 71. 29.
1382 71. 29.
1383 70. 30.
1384 70. 30.
1385 70. 30.
1386 70. 30.
1387 70. 30.
1388 70. 30.
1389 70. 30.
1390 71. 29.
1391 71. 29.
1392 71. 29.
1393 71. 29.
1394 71. 29.
1395 71. 29.
1396 71. 29.
1397 71. 29.
1398 71. 29.
1399 72. 28.
1400 72. 28.
1401 72. 28.
1402 71. 29.
1403 71. 29.
1404 71. 29.
1405 71. 29.
1406 71. 29.
1407 71. 29.
1408 71. 29.
1409 71. 29.
1410 71. 29.
1411 71. 29.
1412 71. 29.
1413 71. 29.
1414 70. 30.
1415 70. 30.
1416 70. 30.
1417 70. 30.
1418 70. 30.
1419 70. 30.
1420 71. 29.
1421 72. 28.
1422 73. 27.
1423 73. 27.
1424 73. 27.
1425 73. 27.
1426 73. 27.
1427 73. 27.
1428 73. 27.
1429 73. 27.
1430 73. 27.
1431 72. 28.
1432 72. 28.
1433 72. 28.
1434 72. 28.
1435 71. 29.
1436 72. 28.
1437 72. 28.
1438 71. 29.
1439 71. 29.
1440 71. 29.
1441 71. 29.
1442 71. 29.
1443 72. 28.
1444 72. 28.
1445 72. 28.
1446 73. 27.
1447 73. 27.
1448 73. 27.
1449 73. 27.
1450 73. 27.
1451 73. 27.
1452 73. 27.
1453 73. 27.
1454 73. 27.
1455 73. 27.
1456 73. 27.
1457 73. 27.
1458 73. 27.
1459 73. 27.
1460 73. 27.
1461 73. 27.
1462 74. 26.
1463 74. 26.
1464 74. 26.
1465 74. 26.
1466 74. 26.
1467 74. 26.
1468 74. 26.
1469 74. 26.
1470 74. 26.
1471 74. 26.
1472 74. 26.
1473 74. 26.
1474 75. 25.
1475 75. 25.
1476 74. 26.
1477 74. 26.
1478 73. 27.
1479 73. 27.
1480 73. 27.
1481 72. 28.
1482 72. 28.
1483 72. 28.
1484 72. 28.
1485 72. 28.
1486 73. 27.
1487 72. 28.
1488 72. 28.
1489 72. 28.
1490 72. 28.
1491 72. 28.
1492 72. 28.
1493 72. 28.
1494 72. 28.
1495 72. 28.
1496 72. 28.
1497 72. 28.
1498 72. 28.
1499 72. 28.
1500 72. 28.
1501 72. 28.
1502 72. 28.
1503 72. 28.
1504 72. 28.
1505 72. 28.
1506 72. 28.
1507 72. 28.
1508 72. 28.
1509 72. 28.
1510 72. 28.
1511 72. 28.
1512 72. 28.
1513 71. 29.
1514 71. 29.
1515 71. 29.
1516 70. 30.
1517 69. 31.
1518 69. 31.
1519 69. 31.
1520 68. 32.
1521 67. 33.
1522 67. 33.
1523 67. 33.
1524 67. 33.
1525 67. 33.
1526 67. 33.
1527 68. 32.
1528 68. 32.
1529 68. 32.
1530 68. 32.
1531 69. 31.
1532 70. 30.
1533 70. 30.
1534 69. 31.
1535 69. 31.
1536 69. 31.
1537 69. 31.
1538 69. 31.
1539 69. 31.
1540 70. 30.
1541 70. 30.
1542 70. 30.
1543 70. 30.
1544 70. 30.
1545 70. 30.
1546 70. 30.
1547 70. 30.
1548 70. 30.
1549 69. 31.
1550 69. 31.
1551 69. 31.
1552 68. 32.
1553 69. 31.
1554 70. 30.
1555 71. 29.
1556 71. 29.
1557 71. 29.
1558 71. 29.
1559 71. 29.
1560 72. 28.
1561 72. 28.
1562 72. 28.
1563 72. 28.
1564 72. 28.
1565 72. 28.
1566 72. 28.
1567 72. 28.
1568 72. 28.
1569 72. 28.
1570 72. 28.
1571 72. 28.
1572 72. 28.
1573 72. 28.
1574 72. 28.
1575 71. 29.
1576 71. 29.
1577 71. 29.
1578 71. 29.
1579 71. 29.
1580 71. 29.
1581 71. 29.
1582 71. 29.
1583 71. 29.
1584 71. 29.
1585 71. 29.
1586 71. 29.
1587 71. 29.
1588 71. 29.
1589 71. 29.
1590 71. 29.
1591 71. 29.
1592 71. 29.
1593 71. 29.
1594 71. 29.
1595 71. 29.
1596 71. 29.
1597 71. 29.
1598 71. 29.
1599 72. 28.
1600 73. 27.
1601 73. 27.
1602 72. 28.
1603 72. 28.
1604 72. 28.
1605 72. 28.
1606 72. 28.
1607 72. 28.
1608 71. 29.
1609 71. 29.
1610 71. 29.
1611 70. 30.
1612 70. 30.
1613 70. 30.
1614 70. 30.
1615 69. 31.
1616 69. 31.
1617 69. 31.
1618 68. 32.
1619 67. 33.
1620 67. 33.
1621 66. 34.
1622 66. 34.
1623 66. 34.
1624 65. 35.
1625 65. 35.
1626 65. 35.
1627 65. 35.
1628 65. 35.
1629 65. 35.
1630 66. 34.
1631 66. 34.
1632 65. 35.
1633 65. 35.
1634 66. 34.
1635 66. 34.
1636 66. 34.
1637 67. 33.
1638 67. 33.
1639 67. 33.
1640 67. 33.
1641 68. 32.
1642 68. 32.
1643 69. 31.
1644 69. 31.
1645 68. 32.
1646 67. 33.
1647 66. 34.
1648 66. 34.
1649 65. 35.
1650 65. 35.
1651 65. 35.
1652 65. 35.
1653 65. 35.
1654 65. 35.
1655 65. 35.
1656 65. 35.
1657 65. 35.
1658 65. 35.
1659 65. 35.
1660 66. 34.
1661 66. 34.
1662 65. 35.
1663 65. 35.
1664 65. 35.
1665 65. 35.
1666 65. 35.
1667 64. 36.
1668 64. 36.
1669 64. 36.
1670 64. 36.
1671 65. 35.
1672 65. 35.
1673 66. 34.
1674 65. 35.
1675 65. 35.
1676 65. 35.
1677 65. 35.
1678 65. 35.
1679 65. 35.
1680 65. 35.
1681 65. 35.
1682 64. 36.
1683 63. 37.
1684 63. 37.
1685 62. 38.
1686 62. 38.
1687 61. 39.
1688 61. 39.
1689 61. 39.
1690 61. 39.
1691 61. 39.
1692 60. 40.
1693 60. 40.
1694 61. 39.
1695 62. 38.
1696 62. 38.
1697 62. 38.
1698 62. 38.
1699 62. 38.
1700 63. 37.
1701 64. 36.
1702 64. 36.
1703 64. 36.
1704 65. 35.
1705 65. 35.
1706 65. 35.
1707 65. 35.
1708 65. 35.
1709 66. 34.
1710 66. 34.
1711 66. 34.
1712 66. 34.
1713 66. 34.
1714 66. 34.
1715 66. 34.
1716 66. 34.
1717 66. 34.
1718 66. 34.
1719 66. 34.
1720 67. 33.
1721 67. 33.
1722 67. 33.
1723 67. 33.
1724 67. 33.
1725 67. 33.
1726 68. 32.
1727 69. 31.
1728 69. 31.
1729 69. 31.
1730 69. 31.
1731 70. 30.
1732 70. 30.
1733 70. 30.
1734 69. 31.
1735 69. 31.
1736 69. 31.
1737 68. 32.
1738 68. 32.
1739 68. 32.
1740 68. 32.
1741 69. 31.
1742 69. 31.
1743 69. 31.
1744 69. 31.
1745 69. 31.
1746 68. 32.
1747 67. 33.
1748 67. 33.
1749 67. 33.
1750 67. 33.
1751 67. 33.
1752 68. 32.
1753 68. 32.
1754 68. 32.
1755 68. 32.
1756 68. 32.
1757 68. 32.
1758 68. 32.
1759 68. 32.
1760 68. 32.
1761 67. 33.
1762 67. 33.
1763 68. 32.
1764 68. 32.
1765 68. 32.
1766 68. 32.
1767 68. 32.
1768 68. 32.
1769 68. 32.
1770 69. 31.
1771 69. 31.
1772 69. 31.
1773 69. 31.
1774 69. 31.
1775 69. 31.
1776 69. 31.
1777 69. 31.
1778 69. 31.
1779 69. 31.
1780 69. 31.
1781 69. 31.
1782 69. 31.
1783 69. 31.
1784 69. 31.
1785 69. 31.
1786 69. 31.
1787 69. 31.
1788 70. 30.
1789 70. 30.
1790 70. 30.
1791 70. 30.
1792 70. 30.
1793 70. 30.
1794 70. 30.
1795 71. 29.
1796 71. 29.
1797 72. 28.
1798 72. 28.
1799 72. 28.
1800 72. 28.
1801 72. 28.
1802 72. 28.
1803 72. 28.
1804 72. 28.
1805 72. 28.
1806 72. 28.
1807 72. 28.
1808 72. 28.
1809 72. 28.
1810 72. 28.
1811 72. 28.
1812 72. 28.
1813 72. 28.
1814 71. 29.
1815 71. 29.
1816 71. 29.
1817 70. 30.
1818 70. 30.
1819 70. 30.
1820 70. 30.
1821 70. 30.
1822 69. 31.
1823 68. 32.
1824 68. 32.
1825 68. 32.
1826 68. 32.
1827 68. 32.
1828 68. 32.
1829 68. 32.
1830 69. 31.
1831 70. 30.
1832 70. 30.
1833 71. 29.
1834 71. 29.
1835 71. 29.
1836 71. 29.
1837 70. 30.
1838 69. 31.
1839 69. 31.
1840 68. 32.
1841 68. 32.
1842 68. 32.
1843 68. 32.
1844 68. 32.
1845 68. 32.
1846 68. 32.
1847 69. 31.
1848 68. 32.
1849 69. 31.
1850 69. 31.
1851 69. 31.
1852 69. 31.
1853 68. 32.
1854 68. 32.
1855 68. 32.
1856 68. 32.
1857 67. 33.
1858 67. 33.
1859 67. 33.
1860 67. 33.
1861 67. 33.
1862 67. 33.
1863 67. 33.
1864 67. 33.
1865 67. 33.
1866 68. 32.
1867 68. 32.
1868 69. 31.
1869 69. 31.
1870 69. 31.
1871 69. 31.
1872 69. 31.
1873 69. 31.
1874 69. 31.
1875 69. 31.
1876 69. 31.
1877 69. 31.
1878 69. 31.
1879 69. 31.
1880 69. 31.
1881 70. 30.
1882 69. 31.
1883 69. 31.
1884 69. 31.
1885 70. 30.
1886 71. 29.
1887 71. 29.
1888 71. 29.
1889 71. 29.
1890 71. 29.
1891 71. 29.
1892 72. 28.
1893 72. 28.
1894 72. 28.
1895 72. 28.
1896 72. 28.
1897 72. 28.
1898 72. 28.
1899 72. 28.
1900 72. 28.
1901 73. 27.
1902 73. 27.
1903 73. 27.
1904 73. 27.
1905 73. 27.
1906 74. 26.
1907 75. 25.
1908 75. 25.
1909 75. 25.
1910 74. 26.
1911 74. 26.
1912 73. 27.
1913 73. 27.
1914 73. 27.
1915 73. 27.
1916 73. 27.
1917 72. 28.
1918 72. 28.
1919 73. 27.
1920 73. 27.
1921 73. 27.
1922 73. 27.
1923 73. 27.
1924 73. 27.
1925 73. 27.
1926 73. 27.
1927 74. 26.
1928 74. 26.
1929 74. 26.
1930 74. 26.
1931 74. 26.
1932 74. 26.
1933 75. 25.
1934 75. 25.
1935 76. 24.
1936 76. 24.
1937 76. 24.
1938 75. 25.
1939 76. 24.
1940 76. 24.
1941 76. 24.
1942 76. 24.
1943 76. 24.
1944 75. 25.
1945 75. 25.
1946 74. 26.
1947 74. 26.
1948 74. 26.
1949 75. 25.
1950 75. 25.
1951 75. 25.
1952 76. 24.
1953 76. 24.
1954 76. 24.
1955 76. 24.
1956 76. 24.
1957 76. 24.
1958 76. 24.
1959 76. 24.
1960 76. 24.
1961 77. 23.
1962 76. 24.
1963 76. 24.
1964 76. 24.
1965 76. 24.
1966 76. 24.
1967 76. 24.
1968 76. 24.
1969 76. 24.
1970 76. 24.
1971 76. 24.
1972 76. 24.
1973 76. 24.
1974 76. 24.
1975 75. 25.
1976 75. 25.
1977 75. 25.
1978 75. 25.
1979 75. 25.
1980 75. 25.
1981 75. 25.
1982 75. 25.
1983 75. 25.
1984 75. 25.
1985 75. 25.
1986 75. 25.
1987 75. 25.
1988 75. 25.
1989 75. 25.
1990 75. 25.
1991 76. 24.
1992 76. 24.
1993 76. 24.
1994 76. 24.
1995 76. 24.
1996 76. 24.
1997 76. 24.
1998 76. 24.
1999 76. 24.
2000 76. 24.
2001 76. 24.
2002 76. 24.
2003 76. 24.
2004 76. 24.
2005 76. 24.
2006 76. 24.
2007 76. 24.
2008 76. 24.
2009 76. 24.
2010 76. 24.
2011 76. 24.
2012 77. 23.
2013 78. 22.
2014 78. 22.
2015 79. 21.
2016 79. 21.
2017 79. 21.
2018 79. 21.
2019 79. 21.
2020 79. 21.
2021 80. 20.
2022 80. 20.
2023 81. 19.
2024 81. 19.
2025 81. 19.
2026 81. 19.
2027 81. 19.
2028 81. 19.
2029 80. 20.
2030 80. 20.
2031 80. 20.
2032 80. 20.
2033 80. 20.
2034 80. 20.
2035 81. 19.
2036 81. 19.
2037 81. 19.
2038 80. 20.
2039 80. 20.
2040 81. 19.
2041 81. 19.
2042 81. 19.
2043 80. 20.
2044 80. 20.
2045 81. 19.
2046 81. 19.
2047 81. 19.
2048 80. 20.
2049 80. 20.
2050 80. 20.
2051 80. 20.
2052 80. 20.
2053 79. 21.
2054 79. 21.
2055 78. 22.
2056 79. 21.
2057 80. 20.
2058 80. 20.
2059 80. 20.
2060 80. 20.
2061 80. 20.
2062 79. 21.
2063 78. 22.
2064 78. 22.
2065 78. 22.
2066 78. 22.
2067 78. 22.
2068 78. 22.
2069 78. 22.
2070 78. 22.
2071 78. 22.
2072 78. 22.
2073 78. 22.
2074 77. 23.
2075 77. 23.
2076 77. 23.
2077 77. 23.
2078 77. 23.
2079 77. 23.
2080 77. 23.
2081 76. 24.
2082 76. 24.
2083 76. 24.
2084 76. 24.
2085 77. 23.
2086 77. 23.
2087 77. 23.
2088 77. 23.
2089 77. 23.
2090 77. 23.
2091 77. 23.
2092 78. 22.
2093 78. 22.
2094 78. 22.
2095 78. 22.
2096 78. 22.
2097 78. 22.
2098 78. 22.
2099 78. 22.
2100 78. 22.
2101 78. 22.
2102 78. 22.
2103 77. 23.
2104 77. 23.
2105 77. 23.
2106 77. 23.
2107 77. 23.
2108 78. 22.
2109 78. 22.
2110 78. 22.
2111 78. 22.
2112 79. 21.
2113 79. 21.
2114 79. 21.
2115 79. 21.
2116 80. 20.
2117 80. 20.
2118 80. 20.
2119 80. 20.
2120 81. 19.
2121 81. 19.
2122 81. 19.
2123 81. 19.
2124 81. 19.
2125 81. 19.
2126 81. 19.
2127 81. 19.
2128 81. 19.
2129 81. 19.
2130 81. 19.
2131 81. 19.
2132 81. 19.
2133 81. 19.
2134 82. 18.
2135 82. 18.
2136 83. 17.
2137 83. 17.
2138 83. 17.
2139 83. 17.
2140 83. 17.
2141 83. 17.
2142 83. 17.
2143 83. 17.
2144 83. 17.
2145 83. 17.
2146 83. 17.
2147 83. 17.
2148 83. 17.
2149 83. 17.
2150 83. 17.
2151 83. 17.
2152 83. 17.
2153 83. 17.
2154 83. 17.
2155 83. 17.
2156 83. 17.
2157 83. 17.
2158 83. 17.
2159 82. 18.
2160 82. 18.
2161 82. 18.
2162 82. 18.
2163 82. 18.
2164 82. 18.
2165 82. 18.
2166 82. 18.
2167 82. 18.
2168 82. 18.
2169 82. 18.
2170 82. 18.
2171 82. 18.
2172 82. 18.
2173 81. 19.
2174 81. 19.
2175 81. 19.
2176 81. 19.
2177 81. 19.
2178 80. 20.
2179 80. 20.
2180 80. 20.
2181 80. 20.
2182 80. 20.
2183 80. 20.
2184 80. 20.
2185 80. 20.
2186 80. 20.
2187 80. 20.
2188 80. 20.
2189 80. 20.
2190 80. 20.
2191 80. 20.
2192 81. 19.
2193 81. 19.
2194 82. 18.
2195 82. 18.
2196 83. 17.
2197 84. 16.
2198 83. 17.
2199 83. 17.
2200 83. 17.
2201 83. 17.
2202 83. 17.
2203 83. 17.
2204 83. 17.
2205 84. 16.
2206 84. 16.
2207 85. 15.
2208 85. 15.
2209 85. 15.
2210 85. 15.
2211 85. 15.
2212 85. 15.
2213 85. 15.
2214 85. 15.
2215 85. 15.
2216 84. 16.
2217 84. 16.
2218 84. 16.
2219 83. 17.
2220 83. 17.
2221 83. 17.
2222 83. 17.
2223 83. 17.
2224 83. 17.
2225 83. 17.
2226 83. 17.
2227 83. 17.
2228 83. 17.
2229 83. 17.
2230 83. 17.
2231 83. 17.
2232 82. 18.
2233 82. 18.
2234 82. 18.
2235 82. 18.
2236 83. 17.
2237 83. 17.
2238 83. 17.
2239 83. 17.
2240 83. 17.
2241 83. 17.
2242 83. 17.
2243 83. 17.
2244 83. 17.
2245 84. 16.
2246 84. 16.
2247 85. 15.
2248 85. 15.
2249 85. 15.
2250 85. 15.
2251 85. 15.
2252 85. 15.
2253 85. 15.
2254 85. 15.
2255 86. 14.
2256 86. 14.
2257 86. 14.
2258 86. 14.
2259 86. 14.
2260 86. 14.
2261 86. 14.
2262 86. 14.
2263 86. 14.
2264 86. 14.
2265 86. 14.
2266 86. 14.
2267 86. 14.
2268 86. 14.
2269 86. 14.
2270 86. 14.
2271 86. 14.
2272 86. 14.
2273 86. 14.
2274 86. 14.
2275 86. 14.
2276 86. 14.
2277 86. 14.
2278 86. 14.
2279 86. 14.
2280 86. 14.
2281 86. 14.
2282 86. 14.
2283 86. 14.
2284 86. 14.
2285 86. 14.
2286 86. 14.
2287 86. 14.
2288 86. 14.
2289 85. 15.
2290 86. 14.
2291 86. 14.
2292 86. 14.
2293 86. 14.
2294 86. 14.
2295 85. 15.
2296 86. 14.
2297 86. 14.
2298 86. 14.
2299 86. 14.
2300 86. 14.
2301 86. 14.
2302 86. 14.
2303 85. 15.
2304 84. 16.
2305 84. 16.
2306 84. 16.
2307 84. 16.
2308 84. 16.
2309 84. 16.
2310 84. 16.
2311 84. 16.
2312 84. 16.
2313 84. 16.
2314 85. 15.
2315 86. 14.
2316 86. 14.
2317 86. 14.
2318 85. 15.
2319 85. 15.
2320 85. 15.
2321 85. 15.
2322 85. 15.
2323 85. 15.
2324 84. 16.
2325 85. 15.
2326 85. 15.
2327 84. 16.
2328 85. 15.
2329 85. 15.
2330 85. 15.
2331 85. 15.
2332 85. 15.
2333 85. 15.
2334 85. 15.
2335 85. 15.
2336 85. 15.
2337 85. 15.
2338 85. 15.
2339 85. 15.
2340 85. 15.
2341 85. 15.
2342 85. 15.
2343 85. 15.
2344 85. 15.
2345 85. 15.
2346 85. 15.
2347 85. 15.
2348 85. 15.
2349 85. 15.
2350 85. 15.
2351 85. 15.
2352 85. 15.
2353 86. 14.
2354 86. 14.
2355 86. 14.
2356 86. 14.
2357 87. 13.
2358 87. 13.
2359 87. 13.
2360 87. 13.
2361 87. 13.
2362 88. 12.
2363 88. 12.
2364 88. 12.
2365 89. 11.
2366 89. 11.
2367 89. 11.
2368 89. 11.
2369 89. 11.
2370 89. 11.
2371 89. 11.
2372 89. 11.
2373 89. 11.
2374 89. 11.
2375 89. 11.
2376 89. 11.
2377 89. 11.
2378 89. 11.
2379 89. 11.
2380 90. 10.
2381 90. 10.
2382 90. 10.
2383 90. 10.
2384 89. 11.
2385 89. 11.
2386 89. 11.
2387 89. 11.
2388 89. 11.
2389 89. 11.
2390 89. 11.
2391 89. 11.
2392 89. 11.
2393 89. 11.
2394 89. 11.
2395 89. 11.
2396 89. 11.
2397 89. 11.
2398 89. 11.
2399 89. 11.
2400 89. 11.
2401 89. 11.
2402 89. 11.
2403 89. 11.
2404 89. 11.
2405 89. 11.
2406 88. 12.
2407 88. 12.
2408 88. 12.
2409 88. 12.
2410 88. 12.
2411 88. 12.
2412 88. 12.
2413 88. 12.
2414 87. 13.
2415 87. 13.
2416 87. 13.
2417 87. 13.
2418 87. 13.
2419 87. 13.
2420 87. 13.
2421 87. 13.
2422 86. 14.
2423 86. 14.
2424 86. 14.
2425 86. 14.
2426 86. 14.
2427 86. 14.
2428 86. 14.
2429 86. 14.
2430 86. 14.
2431 86. 14.
2432 86. 14.
2433 87. 13.
2434 87. 13.
2435 87. 13.
2436 87. 13.
2437 88. 12.
2438 88. 12.
2439 88. 12.
2440 88. 12.
2441 88. 12.
2442 88. 12.
2443 88. 12.
2444 88. 12.
2445 88. 12.
2446 88. 12.
2447 88. 12.
2448 88. 12.
2449 87. 13.
2450 87. 13.
2451 87. 13.
2452 87. 13.
2453 87. 13.
2454 87. 13.
2455 86. 14.
2456 86. 14.
2457 86. 14.
2458 86. 14.
2459 86. 14.
2460 87. 13.
2461 87. 13.
2462 87. 13.
2463 87. 13.
2464 87. 13.
2465 87. 13.
2466 86. 14.
2467 86. 14.
2468 86. 14.
2469 86. 14.
2470 86. 14.
2471 86. 14.
2472 86. 14.
2473 86. 14.
2474 86. 14.
2475 86. 14.
2476 86. 14.
2477 86. 14.
2478 86. 14.
2479 86. 14.
2480 86. 14.
2481 86. 14.
2482 86. 14.
2483 86. 14.
2484 86. 14.
2485 86. 14.
2486 86. 14.
2487 86. 14.
2488 86. 14.
2489 86. 14.
2490 87. 13.
2491 87. 13.
2492 87. 13.
2493 87. 13.
2494 86. 14.
2495 87. 13.
2496 87. 13.
2497 87. 13.
2498 87. 13.
2499 88. 12.
2500 88. 12.
2501 89. 11.
2502 89. 11.
2503 89. 11.
2504 89. 11.
2505 89. 11.
2506 89. 11.
2507 89. 11.
2508 89. 11.
2509 89. 11.
2510 89. 11.
2511 89. 11.
2512 90. 10.
2513 90. 10.
2514 90. 10.
2515 90. 10.
2516 90. 10.
2517 90. 10.
2518 90. 10.
2519 91. 9.
2520 91. 9.
2521 91. 9.
2522 91. 9.
2523 91. 9.
2524 91. 9.
2525 91. 9.
2526 91. 9.
2527 91. 9.
2528 90. 10.
2529 90. 10.
2530 90. 10.
2531 90. 10.
2532 90. 10.
2533 90. 10.
2534 90. 10.
2535 90. 10.
2536 90. 10.
2537 90. 10.
2538 90. 10.
2539 91. 9.
2540 91. 9.
2541 91. 9.
2542 91. 9.
2543 91. 9.
2544 91. 9.
2545 91. 9.
2546 91. 9.
2547 91. 9.
2548 91. 9.
2549 91. 9.
2550 90. 10.
2551 90. 10.
2552 90. 10.
2553 90. 10.
2554 89. 11.
2555 89. 11.
2556 89. 11.
2557 89. 11.
2558 89. 11.
2559 89. 11.
2560 89. 11.
2561 89. 11.
2562 88. 12.
2563 88. 12.
2564 89. 11.
2565 89. 11.
2566 89. 11.
2567 89. 11.
2568 90. 10.
2569 90. 10.
2570 90. 10.
2571 90. 10.
2572 90. 10.
2573 90. 10.
2574 90. 10.
2575 89. 11.
2576 89. 11.
2577 89. 11.
2578 89. 11.
2579 89. 11.
2580 89. 11.
2581 89. 11.
2582 89. 11.
2583 90. 10.
2584 90. 10.
2585 91. 9.
2586 91. 9.
2587 91. 9.
2588 91. 9.
2589 92. 8.
2590 92. 8.
2591 92. 8.
2592 93. 7.
2593 93. 7.
2594 93. 7.
2595 93. 7.
2596 93. 7.
2597 93. 7.
2598 93. 7.
2599 93. 7.
2600 93. 7.
2601 93. 7.
2602 93. 7.
2603 93. 7.
2604 93. 7.
2605 93. 7.
2606 93. 7.
2607 93. 7.
2608 93. 7.
2609 93. 7.
2610 93. 7.
2611 93. 7.
2612 93. 7.
2613 93. 7.
2614 93. 7.
2615 93. 7.
2616 93. 7.
2617 94. 6.
2618 94. 6.
2619 94. 6.
2620 94. 6.
2621 94. 6.
2622 94. 6.
2623 93. 7.
2624 94. 6.
2625 94. 6.
2626 94. 6.
2627 94. 6.
2628 94. 6.
2629 94. 6.
2630 94. 6.
2631 94. 6.
2632 94. 6.
2633 95. 5.
2634 95. 5.
2635 95. 5.
2636 95. 5.
2637 95. 5.
2638 95. 5.
2639 95. 5.
2640 95. 5.
2641 95. 5.
2642 95. 5.
2643 95. 5.
2644 95. 5.
2645 95. 5.
2646 95. 5.
2647 95. 5.
2648 95. 5.
2649 95. 5.
2650 95. 5.
2651 95. 5.
2652 95. 5.
2653 95. 5.
2654 95. 5.
2655 95. 5.
2656 95. 5.
2657 95. 5.
2658 95. 5.
2659 95. 5.
2660 95. 5.
2661 95. 5.
2662 95. 5.
2663 95. 5.
2664 95. 5.
2665 95. 5.
2666 95. 5.
2667 95. 5.
2668 95. 5.
2669 95. 5.
2670 95. 5.
2671 95. 5.
2672 95. 5.
2673 94. 6.
2674 94. 6.
2675 94. 6.
2676 94. 6.
2677 94. 6.
2678 94. 6.
2679 94. 6.
2680 94. 6.
2681 94. 6.
2682 94. 6.
2683 94. 6.
2684 94. 6.
2685 94. 6.
2686 94. 6.
2687 94. 6.
2688 94. 6.
2689 94. 6.
2690 94. 6.
2691 94. 6.
2692 94. 6.
2693 94. 6.
2694 94. 6.
2695 94. 6.
2696 94. 6.
2697 94. 6.
2698 94. 6.
2699 94. 6.
2700 94. 6.
2701 94. 6.
2702 94. 6.
2703 94. 6.
2704 94. 6.
2705 94. 6.
2706 94. 6.
2707 94. 6.
2708 94. 6.
2709 94. 6.
2710 94. 6.
2711 94. 6.
2712 95. 5.
2713 95. 5.
2714 95. 5.
2715 95. 5.
2716 95. 5.
2717 95. 5.
2718 95. 5.
2719 95. 5.
2720 94. 6.
2721 94. 6.
2722 94. 6.
2723 94. 6.
2724 94. 6.
2725 94. 6.
2726 94. 6.
2727 94. 6.
2728 94. 6.
2729 94. 6.
2730 94. 6.
2731 94. 6.
2732 94. 6.
2733 94. 6.
2734 94. 6.
2735 94. 6.
2736 94. 6.
2737 94. 6.
2738 94. 6.
2739 94. 6.
2740 94. 6.
2741 94. 6.
2742 94. 6.
2743 94. 6.
2744 94. 6.
2745 93. 7.
2746 93. 7.
2747 93. 7.
2748 93. 7.
2749 93. 7.
2750 93. 7.
2751 92. 8.
2752 92. 8.
2753 92. 8.
2754 92. 8.
2755 92. 8.
2756 92. 8.
2757 92. 8.
2758 92. 8.
2759 92. 8.
2760 92. 8.
2761 92. 8.
2762 92. 8.
2763 92. 8.
2764 92. 8.
2765 92. 8.
2766 92. 8.
2767 92. 8.
2768 92. 8.
2769 92. 8.
2770 92. 8.
2771 92. 8.
2772 92. 8.
2773 92. 8.
2774 92. 8.
2775 92. 8.
2776 92. 8.
2777 92. 8.
2778 92. 8.
2779 93. 7.
2780 93. 7.
2781 93. 7.
2782 93. 7.
2783 93. 7.
2784 93. 7.
2785 93. 7.
2786 93. 7.
2787 93. 7.
2788 93. 7.
2789 93. 7.
2790 93. 7.
2791 93. 7.
2792 93. 7.
2793 93. 7.
2794 93. 7.
2795 93. 7.
2796 93. 7.
2797 93. 7.
2798 93. 7.
2799 93. 7.
2800 93. 7.
2801 93. 7.
2802 93. 7.
2803 93. 7.
2804 93. 7.
2805 93. 7.
2806 93. 7.
2807 93. 7.
2808 93. 7.
2809 93. 7.
2810 94. 6.
2811 94. 6.
2812 94. 6.
2813 94. 6.
2814 94. 6.
2815 94. 6.
2816 94. 6.
2817 94. 6.
2818 94. 6.
2819 94. 6.
2820 94. 6.
2821 94. 6.
2822 94. 6.
2823 94. 6.
2824 94. 6.
2825 94. 6.
2826 94. 6.
2827 94. 6.
2828 94. 6.
2829 94. 6.
2830 94. 6.
2831 94. 6.
2832 94. 6.
2833 94. 6.
2834 94. 6.
2835 94. 6.
2836 94. 6.
2837 94. 6.
2838 94. 6.
2839 93. 7.
2840 93. 7.
2841 93. 7.
2842 93. 7.
2843 93. 7.
2844 93. 7.
2845 93. 7.
2846 93. 7.
2847 93. 7.
2848 93. 7.
2849 93. 7.
2850 93. 7.
2851 93. 7.
2852 93. 7.
2853 93. 7.
2854 94. 6.
2855 94. 6.
2856 93. 7.
2857 93. 7.
2858 93. 7.
2859 93. 7.
2860 93. 7.
2861 93. 7.
2862 93. 7.
2863 93. 7.
2864 93. 7.
2865 93. 7.
2866 93. 7.
2867 93. 7.
2868 93. 7.
2869 93. 7.
2870 93. 7.
2871 93. 7.
2872 93. 7.
2873 93. 7.
2874 92. 8.
2875 91. 9.
2876 91. 9.
2877 91. 9.
2878 91. 9.
2879 91. 9.
2880 91. 9.
2881 91. 9.
2882 91. 9.
2883 91. 9.
2884 91. 9.
2885 91. 9.
2886 91. 9.
2887 91. 9.
2888 91. 9.
2889 92. 8.
2890 92. 8.
2891 92. 8.
2892 92. 8.
2893 93. 7.
2894 93. 7.
2895 93. 7.
2896 93. 7.
2897 93. 7.
2898 93. 7.
2899 93. 7.
2900 93. 7.
2901 93. 7.
2902 93. 7.
2903 93. 7.
2904 94. 6.
2905 94. 6.
2906 94. 6.
2907 94. 6.
2908 94. 6.
2909 94. 6.
2910 93. 7.
2911 93. 7.
2912 93. 7.
2913 93. 7.
2914 93. 7.
2915 93. 7.
2916 93. 7.
2917 93. 7.
2918 93. 7.
2919 93. 7.
2920 93. 7.
2921 93. 7.
2922 93. 7.
2923 93. 7.
2924 93. 7.
2925 93. 7.
2926 93. 7.
2927 93. 7.
2928 93. 7.
2929 93. 7.
2930 93. 7.
2931 93. 7.
2932 93. 7.
2933 92. 8.
2934 92. 8.
2935 92. 8.
2936 92. 8.
2937 92. 8.
2938 92. 8.
2939 92. 8.
2940 92. 8.
2941 92. 8.
2942 91. 9.
2943 91. 9.
2944 90. 10.
2945 90. 10.
2946 90. 10.
2947 90. 10.
2948 90. 10.
2949 90. 10.
2950 90. 10.
2951 91. 9.
2952 91. 9.
2953 91. 9.
2954 91. 9.
2955 91. 9.
2956 91. 9.
2957 92. 8.
2958 92. 8.
2959 92. 8.
2960 92. 8.
2961 92. 8.
2962 92. 8.
2963 92. 8.
2964 92. 8.
2965 92. 8.
2966 92. 8.
2967 92. 8.
2968 92. 8.
2969 92. 8.
2970 92. 8.
2971 92. 8.
2972 92. 8.
2973 92. 8.
2974 93. 7.
2975 93. 7.
2976 93. 7.
2977 92. 8.
2978 92. 8.
2979 92. 8.
2980 93. 7.
2981 93. 7.
2982 93. 7.
2983 93. 7.
2984 93. 7.
2985 93. 7.
2986 93. 7.
2987 94. 6.
2988 94. 6.
2989 94. 6.
2990 94. 6.
2991 94. 6.
2992 94. 6.
2993 93. 7.
2994 93. 7.
2995 93. 7.
2996 93. 7.
2997 93. 7.
2998 93. 7.
2999 93. 7.
3000 93. 7.
3001 93. 7.
3002 93. 7.
3003 93. 7.
3004 93. 7.
3005 94. 6.
3006 94. 6.
3007 94. 6.
3008 94. 6.
3009 94. 6.
3010 94. 6.
3011 94. 6.
3012 94. 6.
3013 94. 6.
3014 94. 6.
3015 94. 6.
3016 94. 6.
3017 95. 5.
3018 95. 5.
3019 95. 5.
3020 95. 5.
3021 95. 5.
3022 95. 5.
3023 95. 5.
3024 95. 5.
3025 95. 5.
3026 96. 4.
3027 96. 4.
3028 96. 4.
3029 96. 4.
3030 96. 4.
3031 96. 4.
3032 96. 4.
3033 96. 4.
3034 96. 4.
3035 96. 4.
3036 96. 4.
3037 96. 4.
3038 97. 3.
3039 97. 3.
3040 97. 3.
3041 97. 3.
3042 97. 3.
3043 97. 3.
3044 97. 3.
3045 97. 3.
3046 97. 3.
3047 97. 3.
3048 97. 3.
3049 97. 3.
3050 97. 3.
3051 97. 3.
3052 97. 3.
3053 97. 3.
3054 97. 3.
3055 97. 3.
3056 97. 3.
3057 97. 3.
3058 97. 3.
3059 97. 3.
3060 97. 3.
3061 97. 3.
3062 97. 3.
3063 97. 3.
3064 97. 3.
3065 97. 3.
3066 97. 3.
3067 97. 3.
3068 97. 3.
3069 97. 3.
3070 97. 3.
3071 97. 3.
3072 97. 3.
3073 97. 3.
3074 97. 3.
3075 97. 3.
3076 97. 3.
3077 97. 3.
3078 97. 3.
3079 97. 3.
3080 97. 3.
3081 97. 3.
3082 97. 3.
3083 97. 3.
3084 97. 3.
3085 97. 3.
3086 97. 3.
3087 98. 2.
3088 98. 2.
3089 98. 2.
3090 98. 2.
3091 98. 2.
3092 98. 2.
3093 98. 2.
3094 98. 2.
3095 98. 2.
3096 98. 2.
3097 98. 2.
3098 98. 2.
3099 98. 2.
3100 98. 2.
3101 98. 2.
3102 98. 2.
3103 98. 2.
3104 98. 2.
3105 98. 2.
3106 98. 2.
3107 98. 2.
3108 98. 2.
3109 98. 2.
3110 98. 2.
3111 98. 2.
3112 98. 2.
3113 98. 2.
3114 98. 2.
3115 98. 2.
3116 98. 2.
3117 98. 2.
3118 98. 2.
3119 98. 2.
3120 98. 2.
3121 98. 2.
3122 98. 2.
3123 98. 2.
3124 98. 2.
3125 98. 2.
3126 98. 2.
3127 98. 2.
3128 98. 2.
3129 98. 2.
3130 98. 2.
3131 98. 2.
3132 98. 2.
3133 98. 2.
3134 98. 2.
3135 98. 2.
3136 98. 2.
3137 98. 2.
3138 98. 2.
3139 98. 2.
3140 98. 2.
3141 98. 2.
3142 98. 2.
3143 98. 2.
3144 98. 2.
3145 98. 2.
3146 98. 2.
3147 98. 2.
3148 98. 2.
3149 98. 2.
3150 98. 2.
3151 98. 2.
3152 98. 2.
3153 98. 2.
3154 98. 2.
3155 98. 2.
3156 98. 2.
3157 98. 2.
3158 98. 2.
3159 98. 2.
3160 98. 2.
3161 98. 2.
3162 98. 2.
3163 98. 2.
3164 98. 2.
3165 98. 2.
3166 98. 2.
3167 98. 2.
3168 98. 2.
3169 98. 2.
3170 98. 2.
3171 98. 2.
3172 98. 2.
3173 98. 2.
3174 98. 2.
3175 98. 2.
3176 98. 2.
3177 98. 2.
3178 98. 2.
3179 98. 2.
3180 98. 2.
3181 98. 2.
3182 98. 2.
3183 98. 2.
3184 98. 2.
3185 98. 2.
3186 98. 2.
3187 98. 2.
3188 98. 2.
3189 98. 2.
3190 98. 2.
3191 98. 2.
3192 98. 2.
3193 98. 2.
3194 98. 2.
3195 98. 2.
3196 98. 2.
3197 98. 2.
3198 98. 2.
3199 98. 2.
3200 98. 2.
3201 98. 2.
3202 98. 2.
3203 98. 2.
3204 98. 2.
3205 98. 2.
3206 98. 2.
3207 98. 2.
3208 98. 2.
3209 98. 2.
3210 98. 2.
3211 98. 2.
3212 98. 2.
3213 98. 2.
3214 98. 2.
3215 98. 2.
3216 98. 2.
3217 98. 2.
3218 98. 2.
3219 98. 2.
3220 98. 2.
3221 98. 2.
3222 98. 2.
3223 98. 2.
3224 98. 2.
3225 98. 2.
3226 98. 2.
3227 98. 2.
3228 98. 2.
3229 98. 2.
3230 98. 2.
3231 98. 2.
3232 98. 2.
3233 98. 2.
3234 98. 2.
3235 98. 2.
3236 98. 2.
3237 98. 2.
3238 98. 2.
3239 98. 2.
3240 98. 2.
3241 98. 2.
3242 98. 2.
3243 98. 2.
3244 98. 2.
3245 98. 2.
3246 98. 2.
3247 98. 2.
3248 98. 2.
3249 98. 2.
3250 98. 2.
3251 98. 2.
3252 98. 2.
3253 98. 2.
3254 98. 2.
3255 98. 2.
3256 98. 2.
3257 98. 2.
3258 98. 2.
3259 98. 2.
3260 98. 2.
3261 98. 2.
3262 98. 2.
3263 98. 2.
3264 98. 2.
3265 98. 2.
3266 98. 2.
3267 98. 2.
3268 98. 2.
3269 98. 2.
3270 98. 2.
3271 98. 2.
3272 98. 2.
3273 98. 2.
3274 98. 2.
3275 98. 2.
3276 98. 2.
3277 98. 2.
3278 98. 2.
3279 98. 2.
3280 98. 2.
3281 98. 2.
3282 98. 2.
3283 98. 2.
3284 98. 2.
3285 98. 2.
3286 98. 2.
3287 98. 2.
3288 98. 2.
3289 98. 2.
3290 98. 2.
3291 98. 2.
3292 98. 2.
3293 98. 2.
3294 98. 2.
3295 98. 2.
3296 98. 2.
3297 98. 2.
3298 98. 2.
3299 98. 2.
3300 98. 2.
3301 98. 2.
3302 97. 3.
3303 97. 3.
3304 97. 3.
3305 97. 3.
3306 97. 3.
3307 97. 3.
3308 97. 3.
3309 97. 3.
3310 97. 3.
3311 97. 3.
3312 97. 3.
3313 97. 3.
3314 97. 3.
3315 97. 3.
3316 97. 3.
3317 97. 3.
3318 97. 3.
3319 97. 3.
3320 97. 3.
3321 97. 3.
3322 97. 3.
3323 97. 3.
3324 97. 3.
3325 97. 3.
3326 97. 3.
3327 97. 3.
3328 97. 3.
3329 97. 3.
3330 97. 3.
3331 97. 3.
3332 97. 3.
3333 97. 3.
3334 97. 3.
3335 97. 3.
3336 97. 3.
3337 97. 3.
3338 97. 3.
3339 97. 3.
3340 97. 3.
3341 97. 3.
3342 97. 3.
3343 97. 3.
3344 97. 3.
3345 97. 3.
3346 97. 3.
3347 97. 3.
3348 97. 3.
3349 97. 3.
3350 97. 3.
3351 97. 3.
3352 97. 3.
3353 97. 3.
3354 97. 3.
3355 97. 3.
3356 97. 3.
3357 97. 3.
3358 97. 3.
3359 97. 3.
3360 97. 3.
3361 97. 3.
3362 97. 3.
3363 97. 3.
3364 97. 3.
3365 97. 3.
3366 97. 3.
3367 97. 3.
3368 97. 3.
3369 97. 3.
3370 97. 3.
3371 97. 3.
3372 97. 3.
3373 97. 3.
3374 97. 3.
3375 97. 3.
3376 97. 3.
3377 97. 3.
3378 97. 3.
3379 97. 3.
3380 97. 3.
3381 97. 3.
3382 97. 3.
3383 97. 3.
3384 97. 3.
3385 97. 3.
3386 97. 3.
3387 97. 3.
3388 97. 3.
3389 98. 2.
3390 98. 2.
3391 98. 2.
3392 98. 2.
3393 98. 2.
3394 98. 2.
3395 98. 2.
3396 98. 2.
3397 98. 2.
3398 98. 2.
3399 98. 2.
3400 98. 2.
3401 98. 2.
3402 98. 2.
3403 98. 2.
3404 98. 2.
3405 98. 2.
3406 98. 2.
3407 98. 2.
3408 98. 2.
3409 98. 2.
3410 98. 2.
3411 98. 2.
3412 98. 2.
3413 98. 2.
3414 99. 1.
3415 99. 1.
3416 99. 1.
3417 99. 1.
3418 99. 1.
3419 99. 1.
3420 99. 1.
3421 99. 1.
3422 99. 1.
3423 99. 1.
3424 99. 1.
3425 99. 1.
3426 99. 1.
3427 99. 1.
3428 99. 1.
3429 99. 1.
3430 99. 1.
3431 99. 1.
3432 99. 1.
3433 99. 1.
3434 99. 1.
3435 99. 1.
3436 99. 1.
3437 99. 1.
3438 99. 1.
3439 99. 1.
3440 99. 1.
3441 99. 1.
3442 99. 1.
3443 99. 1.
3444 99. 1.
3445 99. 1.
3446 99. 1.
3447 99. 1.
3448 99. 1.
3449 99. 1.
3450 99. 1.
3451 99. 1.
3452 99. 1.
3453 99. 1.
3454 99. 1.
3455 99. 1.
3456 99. 1.
3457 99. 1.
3458 98. 2.
3459 98. 2.
3460 98. 2.
3461 98. 2.
3462 98. 2.
3463 98. 2.
3464 98. 2.
3465 98. 2.
3466 98. 2.
3467 98. 2.
3468 98. 2.
3469 98. 2.
3470 98. 2.
3471 98. 2.
3472 98. 2.
3473 98. 2.
3474 98. 2.
3475 98. 2.
3476 98. 2.
3477 98. 2.
3478 98. 2.
3479 98. 2.
3480 98. 2.
3481 98. 2.
3482 98. 2.
3483 98. 2.
3484 98. 2.
3485 98. 2.
3486 98. 2.
3487 98. 2.
3488 98. 2.
3489 98. 2.
3490 98. 2.
3491 98. 2.
3492 98. 2.
3493 98. 2.
3494 98. 2.
3495 98. 2.
3496 98. 2.
3497 98. 2.
3498 98. 2.
3499 98. 2.
3500 98. 2.
3501 98. 2.
3502 98. 2.
3503 98. 2.
3504 98. 2.
3505 98. 2.
3506 98. 2.
3507 98. 2.
3508 98. 2.
3509 98. 2.
3510 98. 2.
3511 98. 2.
3512 98. 2.
3513 98. 2.
3514 98. 2.
3515 98. 2.
3516 98. 2.
3517 98. 2.
3518 98. 2.
3519 98. 2.
3520 98. 2.
3521 98. 2.
3522 98. 2.
3523 98. 2.
3524 98. 2.
3525 98. 2.
3526 98. 2.
3527 98. 2.
3528 98. 2.
3529 99. 1.
3530 99. 1.
3531 99. 1.
3532 99. 1.
3533 99. 1.
3534 99. 1.
3535 99. 1.
3536 99. 1.
3537 99. 1.
3538 99. 1.
3539 99. 1.
3540 99. 1.
3541 99. 1.
3542 99. 1.
3543 99. 1.
3544 99. 1.
3545 99. 1.
3546 99. 1.
3547 99. 1.
3548 99. 1.
3549 99. 1.
3550 99. 1.
