0 12. 88.
1 13. 87.
2 13. 87.
3 13. 87.
4 13. 87.
5 13. 87.
6 13. 87.
7 13. 87.
8 13. 87.
9 13. 87.
10 13. 87.
11 13. 87.
12 13. 87.
13 14. 86.
14 15. 85.
15 15. 85.
16 15. 85.
17 15. 85.
18 15. 85.
19 16. 84.
20 16. 84.
21 16. 84.
22 15. 85.
23 15. 85.
24 16. 84.
25 16. 84.
26 16. 84.
27 16. 84.
28 17. 83.
29 17. 83.
30 17. 83.
31 18. 82.
32 17. 83.
33 17. 83.
34 17. 83.
35 17. 83.
36 17. 83.
37 18. 82.
38 18. 82.
39 18. 82.
40 18. 82.
41 18. 82.
42 18. 82.
43 18. 82.
44 18. 82.
45 18. 82.
46 18. 82.
47 18. 82.
48 18. 82.
49 18. 82.
50 18. 82.
51 18. 82.
52 17. 83.
53 17. 83.
54 17. 83.
55 17. 83.
56 17. 83.
57 17. 83.
58 18. 82.
59 17. 83.
60 17. 83.
61 17. 83.
62 17. 83.
63 17. 83.
64 17. 83.
65 17. 83.
66 17. 83.
67 18. 82.
68 18. 82.
69 19. 81.
70 19. 81.
71 19. 81.
72 20. 80.
73 20. 80.
74 20. 80.
75 20. 80.
76 21. 79.
77 20. 80.
78 20. 80.
79 21. 79.
80 21. 79.
81 21. 79.
82 21. 79.
83 21. 79.
84 21. 79.
85 21. 79.
86 21. 79.
87 21. 79.
88 21. 79.
89 21. 79.
90 22. 78.
91 22. 78.
92 22. 78.
93 22. 78.
94 23. 77.
95 23. 77.
96 23. 77.
97 22. 78.
98 22. 78.
99 22. 78.
100 22. 78.
101 22. 78.
102 22. 78.
103 22. 78.
104 22. 78.
105 22. 78.
106 22. 78.
107 22. 78.
108 23. 77.
109 23. 77.
110 23. 77.
111 23. 77.
112 23. 77.
113 23. 77.
114 23. 77.
115 23. 77.
116 24. 76.
117 23. 77.
118 23. 77.
119 23. 77.
120 23. 77.
121 24. 76.
122 24. 76.
123 24. 76.
124 24. 76.
125 23. 77.
126 24. 76.
127 24. 76.
128 24. 76.
129 24. 76.
130 24. 76.
131 24. 76.
132 24. 76.
133 24. 76.
134 24. 76.
135 24. 76.
136 24. 76.
137 24. 76.
138 23. 77.
139 23. 77.
140 24. 76.
141 25. 75.
142 26. 74.
143 26. 74.
144 26. 74.
145 26. 74.
146 26. 74.
147 26. 74.
148 27. 73.
149 27. 73.
150 26. 74.
151 27. 73.
152 27. 73.
153 27. 73.
154 28. 72.
155 28. 72.
156 28. 72.
157 28. 72.
158 28. 72.
159 28. 72.
160 28. 72.
161 28. 72.
162 29. 71.
163 28. 72.
164 27. 73.
165 27. 73.
166 27. 73.
167 27. 73.
168 27. 73.
169 27. 73.
170 27. 73.
171 27. 73.
172 28. 72.
173 28. 72.
174 28. 72.
175 28. 72.
176 28. 72.
177 28. 72.
178 29. 71.
179 30. 70.
180 29. 71.
181 29. 71.
182 29. 71.
183 29. 71.
184 28. 72.
185 28. 72.
186 28. 72.
187 28. 72.
188 27. 73.
189 26. 74.
190 26. 74.
191 26. 74.
192 26. 74.
193 26. 74.
194 27. 73.
195 27. 73.
196 27. 73.
197 27. 73.
198 26. 74.
199 26. 74.
200 26. 74.
201 25. 75.
202 25. 75.
203 25. 75.
204 25. 75.
205 25. 75.
206 24. 76.
207 24. 76.
208 24. 76.
209 25. 75.
210 25. 75.
211 25. 75.
212 25. 75.
213 25. 75.
214 26. 74.
215 26. 74.
216 26. 74.
217 26. 74.
218 25. 75.
219 26. 74.
220 26. 74.
221 26. 74.
222 26. 74.
223 26. 74.
224 27. 73.
225 27. 73.
226 27. 73.
227 27. 73.
228 27. 73.
229 28. 72.
230 28. 72.
231 27. 73.
232 27. 73.
233 27. 73.
234 26. 74.
235 26. 74.
236 25. 75.
237 25. 75.
238 26. 74.
239 25. 75.
240 25. 75.
241 25. 75.
242 25. 75.
243 25. 75.
244 25. 75.
245 25. 75.
246 25. 75.
247 25. 75.
248 25. 75.
249 25. 75.
250 25. 75.
251 25. 75.
252 25. 75.
253 25. 75.
254 25. 75.
255 25. 75.
256 25. 75.
257 25. 75.
258 26. 74.
259 26. 74.
260 26. 74.
261 27. 73.
262 27. 73.
263 27. 73.
264 27. 73.
265 27. 73.
266 27. 73.
267 27. 73.
268 26. 74.
269 27. 73.
270 27. 73.
271 27. 73.
272 27. 73.
273 27. 73.
274 27. 73.
275 27. 73.
276 26. 74.
277 25. 75.
278 25. 75.
279 24. 76.
280 24. 76.
281 24. 76.
282 24. 76.
283 24. 76.
284 24. 76.
285 24. 76.
286 24. 76.
287 23. 77.
288 24. 76.
289 24. 76.
290 25. 75.
291 26. 74.
292 26. 74.
293 26. 74.
294 26. 74.
295 26. 74.
296 26. 74.
297 25. 75.
298 25. 75.
299 24. 76.
300 24. 76.
301 24. 76.
302 24. 76.
303 23. 77.
304 23. 77.
305 23. 77.
306 23. 77.
307 23. 77.
308 23. 77.
309 23. 77.
310 23. 77.
311 23. 77.
312 23. 77.
313 23. 77.
314 24. 76.
315 24. 76.
316 24. 76.
317 25. 75.
318 25. 75.
319 25. 75.
320 24. 76.
321 25. 75.
322 25. 75.
323 25. 75.
324 25. 75.
325 25. 75.
326 25. 75.
327 24. 76.
328 24. 76.
329 25. 75.
330 25. 75.
331 25. 75.
332 24. 76.
333 25. 75.
334 25. 75.
335 25. 75.
336 25. 75.
337 25. 75.
338 25. 75.
339 24. 76.
340 24. 76.
341 24. 76.
342 23. 77.
343 23. 77.
344 23. 77.
345 23. 77.
346 23. 77.
347 23. 77.
348 22. 78.
349 21. 79.
350 21. 79.
351 21. 79.
352 21. 79.
353 21. 79.
354 21. 79.
355 21. 79.
356 21. 79.
357 21. 79.
358 20. 80.
359 20. 80.
360 20. 80.
361 20. 80.
362 20. 80.
363 20. 80.
364 20. 80.
365 21. 79.
366 21. 79.
367 21. 79.
368 21. 79.
369 21. 79.
370 21. 79.
371 21. 79.
372 21. 79.
373 21. 79.
374 22. 78.
375 22. 78.
376 22. 78.
377 21. 79.
378 21. 79.
379 22. 78.
380 22. 78.
381 22. 78.
382 22. 78.
383 21. 79.
384 22. 78.
385 22. 78.
386 22. 78.
387 21. 79.
388 21. 79.
389 21. 79.
390 21. 79.
391 21. 79.
392 21. 79.
393 21. 79.
394 21. 79.
395 20. 80.
396 20. 80.
397 20. 80.
398 20. 80.
399 21. 79.
400 21. 79.
401 21. 79.
402 21. 79.
403 21. 79.
404 21. 79.
405 21. 79.
406 21. 79.
407 21. 79.
408 21. 79.
409 20. 80.
410 20. 80.
411 20. 80.
412 20. 80.
413 20. 80.
414 19. 81.
415 19. 81.
416 18. 82.
417 19. 81.
418 20. 80.
419 20. 80.
420 20. 80.
421 20. 80.
422 20. 80.
423 19. 81.
424 19. 81.
425 19. 81.
426 19. 81.
427 20. 80.
428 20. 80.
429 20. 80.
430 20. 80.
431 20. 80.
432 20. 80.
433 20. 80.
434 20. 80.
435 21. 79.
436 21. 79.
437 21. 79.
438 21. 79.
439 21. 79.
440 21. 79.
441 21. 79.
442 21. 79.
443 21. 79.
444 21. 79.
445 21. 79.
446 21. 79.
447 21. 79.
448 21. 79.
449 21. 79.
450 21. 79.
451 21. 79.
452 21. 79.
453 21. 79.
454 21. 79.
455 20. 80.
456 20. 80.
457 20. 80.
458 20. 80.
459 20. 80.
460 20. 80.
461 20. 80.
462 20. 80.
463 20. 80.
464 20. 80.
465 20. 80.
466 20. 80.
467 20. 80.
468 21. 79.
469 21. 79.
470 20. 80.
471 20. 80.
472 20. 80.
473 20. 80.
474 20. 80.
475 21. 79.
476 21. 79.
477 21. 79.
478 21. 79.
479 21. 79.
480 21. 79.
481 21. 79.
482 21. 79.
483 21. 79.
484 21. 79.
485 20. 80.
486 20. 80.
487 20. 80.
488 20. 80.
489 20. 80.
490 20. 80.
491 20. 80.
492 20. 80.
493 20. 80.
494 20. 80.
495 20. 80.
496 21. 79.
497 21. 79.
498 21. 79.
499 21. 79.
500 20. 80.
501 20. 80.
502 20. 80.
503 20. 80.
504 20. 80.
505 20. 80.
506 20. 80.
507 20. 80.
508 20. 80.
509 20. 80.
510 20. 80.
511 20. 80.
512 20. 80.
513 20. 80.
514 20. 80.
515 20. 80.
516 20. 80.
517 20. 80.
518 20. 80.
519 20. 80.
520 20. 80.
521 20. 80.
522 20. 80.
523 20. 80.
524 21. 79.
525 21. 79.
526 21. 79.
527 20. 80.
528 20. 80.
529 20. 80.
530 20. 80.
531 20. 80.
532 19. 81.
533 19. 81.
534 19. 81.
535 19. 81.
536 19. 81.
537 19. 81.
538 19. 81.
539 19. 81.
540 19. 81.
541 18. 82.
542 18. 82.
543 18. 82.
544 18. 82.
545 18. 82.
546 17. 83.
547 16. 84.
548 16. 84.
549 16. 84.
550 16. 84.
551 16. 84.
552 16. 84.
553 16. 84.
554 16. 84.
555 16. 84.
556 17. 83.
557 17. 83.
558 17. 83.
559 16. 84.
560 16. 84.
561 16. 84.
562 16. 84.
563 16. 84.
564 17. 83.
565 17. 83.
566 17. 83.
567 17. 83.
568 17. 83.
569 17. 83.
570 17. 83.
571 17. 83.
572 17. 83.
573 18. 82.
574 18. 82.
575 18. 82.
576 18. 82.
577 18. 82.
578 18. 82.
579 18. 82.
580 18. 82.
581 18. 82.
582 18. 82.
583 18. 82.
584 19. 81.
585 19. 81.
586 19. 81.
587 19. 81.
588 18. 82.
589 18. 82.
590 18. 82.
591 18. 82.
592 18. 82.
593 18. 82.
594 18. 82.
595 18. 82.
596 19. 81.
597 19. 81.
598 19. 81.
599 19. 81.
600 19. 81.
601 19. 81.
602 19. 81.
603 19. 81.
604 19. 81.
605 19. 81.
606 19. 81.
607 19. 81.
608 19. 81.
609 19. 81.
610 19. 81.
611 19. 81.
612 18. 82.
613 18. 82.
614 18. 82.
615 18. 82.
616 18. 82.
617 18. 82.
618 18. 82.
619 18. 82.
620 18. 82.
621 18. 82.
622 18. 82.
623 18. 82.
624 18. 82.
625 18. 82.
626 19. 81.
627 19. 81.
628 19. 81.
629 19. 81.
630 19. 81.
631 19. 81.
632 18. 82.
633 17. 83.
634 17. 83.
635 17. 83.
636 17. 83.
637 17. 83.
638 17. 83.
639 17. 83.
640 18. 82.
641 18. 82.
642 18. 82.
643 18. 82.
644 18. 82.
645 17. 83.
646 17. 83.
647 17. 83.
648 17. 83.
649 17. 83.
650 17. 83.
651 17. 83.
652 16. 84.
653 16. 84.
654 16. 84.
655 16. 84.
656 16. 84.
657 16. 84.
658 16. 84.
659 17. 83.
660 17. 83.
661 17. 83.
662 17. 83.
663 17. 83.
664 17. 83.
665 16. 84.
666 16. 84.
667 16. 84.
668 16. 84.
669 16. 84.
670 16. 84.
671 17. 83.
672 17. 83.
673 18. 82.
674 17. 83.
675 17. 83.
676 17. 83.
677 17. 83.
678 17. 83.
679 17. 83.
680 17. 83.
681 17. 83.
682 17. 83.
683 17. 83.
684 17. 83.
685 17. 83.
686 17. 83.
687 17. 83.
688 17. 83.
689 17. 83.
690 17. 83.
691 17. 83.
692 17. 83.
693 17. 83.
694 17. 83.
695 17. 83.
696 18. 82.
697 18. 82.
698 18. 82.
699 18. 82.
700 17. 83.
701 17. 83.
702 17. 83.
703 17. 83.
704 17. 83.
705 17. 83.
706 17. 83.
707 17. 83.
708 17. 83.
709 17. 83.
710 17. 83.
711 17. 83.
712 18. 82.
713 18. 82.
714 18. 82.
715 18. 82.
716 19. 81.
717 19. 81.
718 19. 81.
719 19. 81.
720 18. 82.
721 19. 81.
722 19. 81.
723 18. 82.
724 18. 82.
725 18. 82.
726 18. 82.
727 18. 82.
728 18. 82.
729 18. 82.
730 18. 82.
731 18. 82.
732 18. 82.
733 18. 82.
734 18. 82.
735 18. 82.
736 18. 82.
737 19. 81.
738 20. 80.
739 20. 80.
740 21. 79.
741 21. 79.
742 21. 79.
743 21. 79.
744 21. 79.
745 20. 80.
746 20. 80.
747 20. 80.
748 19. 81.
749 19. 81.
750 19. 81.
751 18. 82.
752 18. 82.
753 18. 82.
754 18. 82.
755 17. 83.
756 17. 83.
757 17. 83.
758 17. 83.
759 17. 83.
760 17. 83.
761 16. 84.
762 16. 84.
763 16. 84.
764 15. 85.
765 15. 85.
766 15. 85.
767 15. 85.
768 15. 85.
769 15. 85.
770 15. 85.
771 15. 85.
772 15. 85.
773 14. 86.
774 14. 86.
775 14. 86.
776 14. 86.
777 14. 86.
778 14. 86.
779 14. 86.
780 14. 86.
781 15. 85.
782 15. 85.
783 15. 85.
784 15. 85.
785 15. 85.
786 14. 86.
787 14. 86.
788 14. 86.
789 15. 85.
790 15. 85.
791 15. 85.
792 15. 85.
793 15. 85.
794 15. 85.
795 15. 85.
796 15. 85.
797 15. 85.
798 16. 84.
799 16. 84.
800 16. 84.
801 15. 85.
802 15. 85.
803 15. 85.
804 15. 85.
805 16. 84.
806 16. 84.
807 16. 84.
808 17. 83.
809 18. 82.
810 17. 83.
811 17. 83.
812 17. 83.
813 17. 83.
814 17. 83.
815 17. 83.
816 17. 83.
817 17. 83.
818 18. 82.
819 18. 82.
820 18. 82.
821 18. 82.
822 18. 82.
823 19. 81.
824 19. 81.
825 19. 81.
826 19. 81.
827 19. 81.
828 19. 81.
829 19. 81.
830 19. 81.
831 19. 81.
832 19. 81.
833 18. 82.
834 18. 82.
835 18. 82.
836 18. 82.
837 18. 82.
838 18. 82.
839 18. 82.
840 18. 82.
841 18. 82.
842 18. 82.
843 17. 83.
844 17. 83.
845 16. 84.
846 17. 83.
847 17. 83.
848 17. 83.
849 17. 83.
850 17. 83.
851 16. 84.
852 16. 84.
853 15. 85.
854 15. 85.
855 15. 85.
856 14. 86.
857 14. 86.
858 14. 86.
859 14. 86.
860 13. 87.
861 12. 88.
862 13. 87.
863 13. 87.
864 14. 86.
865 14. 86.
866 15. 85.
867 15. 85.
868 15. 85.
869 15. 85.
870 15. 85.
871 15. 85.
872 15. 85.
873 15. 85.
874 14. 86.
875 14. 86.
876 14. 86.
877 13. 87.
878 12. 88.
879 12. 88.
880 12. 88.
881 12. 88.
882 12. 88.
883 12. 88.
884 12. 88.
885 12. 88.
886 12. 88.
887 12. 88.
888 13. 87.
889 13. 87.
890 13. 87.
891 13. 87.
892 13. 87.
893 13. 87.
894 13. 87.
895 13. 87.
896 13. 87.
897 13. 87.
898 13. 87.
899 12. 88.
900 12. 88.
901 12. 88.
902 12. 88.
903 11. 89.
904 11. 89.
905 12. 88.
906 12. 88.
907 12. 88.
908 12. 88.
909 12. 88.
910 12. 88.
911 12. 88.
912 12. 88.
913 12. 88.
914 12. 88.
915 12. 88.
916 12. 88.
917 12. 88.
918 11. 89.
919 11. 89.
920 11. 89.
921 11. 89.
922 11. 89.
923 10. 90.
924 10. 90.
925 10. 90.
926 10. 90.
927 11. 89.
928 11. 89.
929 11. 89.
930 11. 89.
931 11. 89.
932 11. 89.
933 11. 89.
934 11. 89.
935 11. 89.
936 11. 89.
937 11. 89.
938 11. 89.
939 12. 88.
940 12. 88.
941 13. 87.
942 14. 86.
943 14. 86.
944 14. 86.
945 14. 86.
946 14. 86.
947 14. 86.
948 14. 86.
949 14. 86.
950 14. 86.
951 13. 87.
952 13. 87.
953 13. 87.
954 13. 87.
955 13. 87.
956 13. 87.
957 13. 87.
958 13. 87.
959 12. 88.
960 12. 88.
961 12. 88.
962 12. 88.
963 12. 88.
964 12. 88.
965 12. 88.
966 12. 88.
967 12. 88.
968 12. 88.
969 12. 88.
970 13. 87.
971 13. 87.
972 13. 87.
973 13. 87.
974 13. 87.
975 14. 86.
976 14. 86.
977 14. 86.
978 14. 86.
979 14. 86.
980 13. 87.
981 12. 88.
982 12. 88.
983 12. 88.
984 12. 88.
985 13. 87.
986 13. 87.
987 13. 87.
988 13. 87.
989 13. 87.
990 13. 87.
991 13. 87.
992 13. 87.
993 13. 87.
994 13. 87.
995 13. 87.
996 13. 87.
997 13. 87.
998 13. 87.
999 13. 87.
1000 13. 87.
1001 13. 87.
1002 13. 87.
1003 13. 87.
1004 14. 86.
1005 14. 86.
1006 14. 86.
1007 14. 86.
1008 14. 86.
1009 15. 85.
1010 15. 85.
1011 15. 85.
1012 15. 85.
1013 15. 85.
1014 16. 84.
1015 16. 84.
1016 16. 84.
1017 17. 83.
1018 17. 83.
1019 17. 83.
1020 18. 82.
1021 18. 82.
1022 18. 82.
1023 18. 82.
1024 17. 83.
1025 17. 83.
1026 16. 84.
1027 16. 84.
1028 16. 84.
1029 16. 84.
1030 16. 84.
1031 16. 84.
1032 16. 84.
1033 16. 84.
1034 16. 84.
1035 16. 84.
1036 16. 84.
1037 16. 84.
1038 16. 84.
1039 16. 84.
1040 16. 84.
1041 16. 84.
1042 16. 84.
1043 17. 83.
1044 17. 83.
1045 17. 83.
1046 17. 83.
1047 18. 82.
1048 18. 82.
1049 18. 82.
1050 18. 82.
1051 18. 82.
1052 18. 82.
1053 18. 82.
1054 19. 81.
1055 19. 81.
1056 19. 81.
1057 19. 81.
1058 19. 81.
1059 19. 81.
1060 19. 81.
1061 19. 81.
1062 19. 81.
1063 18. 82.
1064 18. 82.
1065 18. 82.
1066 18. 82.
1067 19. 81.
1068 19. 81.
1069 19. 81.
1070 20. 80.
1071 20. 80.
1072 20. 80.
1073 20. 80.
1074 20. 80.
1075 20. 80.
1076 20. 80.
1077 20. 80.
1078 20. 80.
1079 20. 80.
1080 20. 80.
1081 20. 80.
1082 20. 80.
1083 20. 80.
1084 20. 80.
1085 20. 80.
1086 20. 80.
1087 20. 80.
1088 20. 80.
1089 20. 80.
1090 20. 80.
1091 20. 80.
1092 19. 81.
1093 19. 81.
1094 19. 81.
1095 19. 81.
1096 19. 81.
1097 19. 81.
1098 19. 81.
1099 19. 81.
1100 19. 81.
1101 19. 81.
1102 19. 81.
1103 19. 81.
1104 19. 81.
1105 18. 82.
1106 18. 82.
1107 18. 82.
1108 18. 82.
1109 18. 82.
1110 17. 83.
1111 18. 82.
1112 17. 83.
1113 17. 83.
1114 18. 82.
1115 18. 82.
1116 18. 82.
1117 19. 81.
1118 19. 81.
1119 19. 81.
1120 19. 81.
1121 18. 82.
1122 18. 82.
1123 18. 82.
1124 18. 82.
1125 18. 82.
1126 18. 82.
1127 18. 82.
1128 18. 82.
1129 18. 82.
1130 19. 81.
1131 19. 81.
1132 19. 81.
1133 19. 81.
1134 19. 81.
1135 19. 81.
1136 19. 81.
1137 19. 81.
1138 18. 82.
1139 18. 82.
1140 18. 82.
1141 18. 82.
1142 17. 83.
1143 17. 83.
1144 17. 83.
1145 17. 83.
1146 18. 82.
1147 18. 82.
1148 18. 82.
1149 18. 82.
1150 17. 83.
1151 17. 83.
1152 17. 83.
1153 17. 83.
1154 17. 83.
1155 17. 83.
1156 17. 83.
1157 17. 83.
1158 17. 83.
1159 17. 83.
1160 17. 83.
1161 17. 83.
1162 17. 83.
1163 17. 83.
1164 17. 83.
1165 17. 83.
1166 17. 83.
1167 17. 83.
1168 16. 84.
1169 16. 84.
1170 16. 84.
1171 16. 84.
1172 16. 84.
1173 16. 84.
1174 16. 84.
1175 16. 84.
1176 16. 84.
1177 15. 85.
1178 14. 86.
1179 14. 86.
1180 14. 86.
1181 15. 85.
1182 15. 85.
1183 15. 85.
1184 15. 85.
1185 15. 85.
1186 15. 85.
1187 15. 85.
1188 15. 85.
1189 15. 85.
1190 15. 85.
1191 15. 85.
1192 15. 85.
1193 15. 85.
1194 16. 84.
1195 16. 84.
1196 16. 84.
1197 16. 84.
1198 16. 84.
1199 16. 84.
1200 16. 84.
1201 16. 84.
1202 16. 84.
1203 16. 84.
1204 17. 83.
1205 17. 83.
1206 16. 84.
1207 16. 84.
1208 16. 84.
1209 16. 84.
1210 16. 84.
1211 16. 84.
1212 16. 84.
1213 16. 84.
1214 16. 84.
1215 16. 84.
1216 16. 84.
1217 16. 84.
1218 16. 84.
1219 16. 84.
1220 16. 84.
1221 16. 84.
1222 16. 84.
1223 16. 84.
1224 16. 84.
1225 16. 84.
1226 16. 84.
1227 16. 84.
1228 16. 84.
1229 17. 83.
1230 17. 83.
1231 18. 82.
1232 18. 82.
1233 18. 82.
1234 18. 82.
1235 18. 82.
1236 18. 82.
1237 18. 82.
1238 18. 82.
1239 18. 82.
1240 18. 82.
1241 18. 82.
1242 18. 82.
1243 18. 82.
1244 18. 82.
1245 18. 82.
1246 17. 83.
1247 16. 84.
1248 16. 84.
1249 16. 84.
1250 16. 84.
1251 16. 84.
1252 16. 84.
1253 16. 84.
1254 16. 84.
1255 16. 84.
1256 16. 84.
1257 16. 84.
1258 16. 84.
1259 16. 84.
1260 16. 84.
1261 16. 84.
1262 16. 84.
1263 16. 84.
1264 16. 84.
1265 16. 84.
1266 16. 84.
1267 16. 84.
1268 16. 84.
1269 16. 84.
1270 16. 84.
1271 16. 84.
1272 16. 84.
1273 16. 84.
1274 16. 84.
1275 16. 84.
1276 16. 84.
1277 15. 85.
1278 15. 85.
1279 15. 85.
1280 15. 85.
1281 15. 85.
1282 16. 84.
1283 16. 84.
1284 16. 84.
1285 16. 84.
1286 16. 84.
1287 16. 84.
1288 17. 83.
1289 17. 83.
1290 18. 82.
1291 18. 82.
1292 18. 82.
1293 18. 82.
1294 18. 82.
1295 18. 82.
1296 19. 81.
1297 18. 82.
1298 18. 82.
1299 18. 82.
1300 18. 82.
1301 18. 82.
1302 18. 82.
1303 18. 82.
1304 18. 82.
1305 18. 82.
1306 18. 82.
1307 18. 82.
1308 18. 82.
1309 18. 82.
1310 19. 81.
1311 19. 81.
1312 19. 81.
1313 19. 81.
1314 19. 81.
1315 18. 82.
1316 18. 82.
1317 18. 82.
1318 18. 82.
1319 18. 82.
1320 18. 82.
1321 18. 82.
1322 18. 82.
1323 18. 82.
1324 18. 82.
1325 18. 82.
1326 18. 82.
1327 18. 82.
1328 18. 82.
1329 18. 82.
1330 18. 82.
1331 18. 82.
1332 17. 83.
1333 17. 83.
1334 17. 83.
1335 17. 83.
1336 17. 83.
1337 17. 83.
1338 17. 83.
1339 18. 82.
1340 18. 82.
1341 18. 82.
1342 18. 82.
1343 18. 82.
1344 18. 82.
1345 18. 82.
1346 18. 82.
1347 17. 83.
1348 18. 82.
1349 18. 82.
1350 18. 82.
1351 19. 81.
1352 19. 81.
1353 19. 81.
1354 19. 81.
1355 19. 81.
1356 19. 81.
1357 19. 81.
1358 19. 81.
1359 20. 80.
1360 20. 80.
1361 20. 80.
1362 20. 80.
1363 20. 80.
1364 20. 80.
1365 20. 80.
1366 20. 80.
1367 20. 80.
1368 20. 80.
1369 20. 80.
1370 20. 80.
1371 20. 80.
1372 20. 80.
1373 20. 80.
1374 20. 80.
1375 20. 80.
1376 19. 81.
1377 19. 81.
1378 20. 80.
1379 20. 80.
1380 21. 79.
1381 21. 79.
1382 21. 79.
1383 21. 79.
1384 21. 79.
1385 21. 79.
1386 21. 79.
1387 22. 78.
1388 22. 78.
1389 22. 78.
1390 22. 78.
1391 22. 78.
1392 21. 79.
1393 21. 79.
1394 21. 79.
1395 20. 80.
1396 20. 80.
1397 20. 80.
1398 20. 80.
1399 20. 80.
1400 20. 80.
1401 20. 80.
1402 20. 80.
1403 20. 80.
1404 20. 80.
1405 20. 80.
1406 20. 80.
1407 20. 80.
1408 20. 80.
1409 21. 79.
1410 21. 79.
1411 21. 79.
1412 21. 79.
1413 21. 79.
1414 20. 80.
1415 20. 80.
1416 20. 80.
1417 21. 79.
1418 21. 79.
1419 21. 79.
1420 21. 79.
1421 21. 79.
1422 21. 79.
1423 21. 79.
1424 21. 79.
1425 21. 79.
1426 21. 79.
1427 21. 79.
1428 21. 79.
1429 21. 79.
1430 21. 79.
1431 21. 79.
1432 21. 79.
1433 21. 79.
1434 20. 80.
1435 20. 80.
1436 20. 80.
1437 20. 80.
1438 20. 80.
1439 20. 80.
1440 20. 80.
1441 20. 80.
1442 20. 80.
1443 20. 80.
1444 21. 79.
1445 21. 79.
1446 21. 79.
1447 21. 79.
1448 21. 79.
1449 21. 79.
1450 20. 80.
1451 20. 80.
1452 20. 80.
1453 20. 80.
1454 20. 80.
1455 20. 80.
1456 20. 80.
1457 20. 80.
1458 19. 81.
1459 19. 81.
1460 19. 81.
1461 19. 81.
1462 19. 81.
1463 19. 81.
1464 19. 81.
1465 19. 81.
1466 19. 81.
1467 19. 81.
1468 19. 81.
1469 19. 81.
1470 19. 81.
1471 19. 81.
1472 19. 81.
1473 19. 81.
1474 19. 81.
1475 19. 81.
1476 19. 81.
1477 19. 81.
1478 19. 81.
1479 19. 81.
1480 19. 81.
1481 19. 81.
1482 20. 80.
1483 20. 80.
1484 20. 80.
1485 20. 80.
1486 20. 80.
1487 20. 80.
1488 20. 80.
1489 20. 80.
1490 20. 80.
1491 20. 80.
1492 20. 80.
1493 20. 80.
1494 20. 80.
1495 20. 80.
1496 20. 80.
1497 20. 80.
1498 20. 80.
1499 20. 80.
1500 20. 80.
1501 20. 80.
1502 20. 80.
1503 20. 80.
1504 20. 80.
1505 19. 81.
1506 18. 82.
1507 18. 82.
1508 19. 81.
1509 19. 81.
1510 19. 81.
1511 19. 81.
1512 19. 81.
1513 19. 81.
1514 19. 81.
1515 19. 81.
1516 19. 81.
1517 19. 81.
1518 19. 81.
1519 19. 81.
1520 19. 81.
1521 20. 80.
1522 20. 80.
1523 20. 80.
1524 20. 80.
1525 20. 80.
1526 19. 81.
1527 18. 82.
1528 18. 82.
1529 17. 83.
1530 17. 83.
1531 17. 83.
1532 17. 83.
1533 17. 83.
1534 17. 83.
1535 18. 82.
1536 19. 81.
1537 19. 81.
1538 19. 81.
1539 20. 80.
1540 20. 80.
1541 20. 80.
1542 20. 80.
1543 20. 80.
1544 20. 80.
1545 20. 80.
1546 20. 80.
1547 20. 80.
1548 21. 79.
1549 21. 79.
1550 21. 79.
1551 21. 79.
1552 21. 79.
1553 21. 79.
1554 21. 79.
1555 21. 79.
1556 21. 79.
1557 21. 79.
1558 21. 79.
1559 21. 79.
1560 20. 80.
1561 20. 80.
1562 20. 80.
1563 19. 81.
1564 19. 81.
1565 19. 81.
1566 19. 81.
1567 19. 81.
1568 19. 81.
1569 19. 81.
1570 19. 81.
1571 19. 81.
1572 19. 81.
1573 19. 81.
1574 19. 81.
1575 19. 81.
1576 19. 81.
1577 19. 81.
1578 19. 81.
1579 19. 81.
1580 19. 81.
1581 19. 81.
1582 19. 81.
1583 19. 81.
1584 20. 80.
1585 20. 80.
1586 20. 80.
1587 20. 80.
1588 20. 80.
1589 20. 80.
1590 19. 81.
1591 19. 81.
1592 19. 81.
1593 19. 81.
1594 19. 81.
1595 19. 81.
1596 18. 82.
1597 18. 82.
1598 18. 82.
1599 18. 82.
1600 18. 82.
1601 18. 82.
1602 18. 82.
1603 18. 82.
1604 18. 82.
1605 18. 82.
1606 18. 82.
1607 17. 83.
1608 17. 83.
1609 17. 83.
1610 17. 83.
1611 17. 83.
1612 18. 82.
1613 18. 82.
1614 18. 82.
1615 18. 82.
1616 18. 82.
1617 18. 82.
1618 18. 82.
1619 18. 82.
1620 18. 82.
1621 18. 82.
1622 19. 81.
1623 19. 81.
1624 19. 81.
1625 18. 82.
1626 18. 82.
1627 17. 83.
1628 17. 83.
1629 17. 83.
1630 17. 83.
1631 17. 83.
1632 17. 83.
1633 17. 83.
1634 17. 83.
1635 17. 83.
1636 17. 83.
1637 17. 83.
1638 17. 83.
1639 18. 82.
1640 18. 82.
1641 18. 82.
1642 18. 82.
1643 18. 82.
1644 18. 82.
1645 18. 82.
1646 18. 82.
1647 18. 82.
1648 18. 82.
1649 18. 82.
1650 19. 81.
1651 19. 81.
1652 19. 81.
1653 18. 82.
1654 19. 81.
1655 19. 81.
1656 19. 81.
1657 19. 81.
1658 19. 81.
1659 19. 81.
1660 19. 81.
1661 19. 81.
1662 19. 81.
1663 19. 81.
1664 19. 81.
1665 19. 81.
1666 19. 81.
1667 19. 81.
1668 19. 81.
1669 19. 81.
1670 19. 81.
1671 19. 81.
1672 19. 81.
1673 19. 81.
1674 19. 81.
1675 19. 81.
1676 19. 81.
1677 19. 81.
1678 19. 81.
1679 19. 81.
1680 18. 82.
1681 18. 82.
1682 18. 82.
1683 18. 82.
1684 18. 82.
1685 18. 82.
1686 18. 82.
1687 18. 82.
1688 18. 82.
1689 18. 82.
1690 18. 82.
1691 18. 82.
1692 18. 82.
1693 18. 82.
1694 18. 82.
1695 18. 82.
1696 18. 82.
1697 18. 82.
1698 18. 82.
1699 18. 82.
1700 18. 82.
1701 18. 82.
1702 18. 82.
1703 18. 82.
1704 18. 82.
1705 18. 82.
1706 18. 82.
1707 17. 83.
1708 17. 83.
1709 17. 83.
1710 17. 83.
1711 17. 83.
1712 17. 83.
1713 17. 83.
1714 17. 83.
1715 17. 83.
1716 17. 83.
1717 16. 84.
1718 16. 84.
1719 16. 84.
1720 16. 84.
1721 16. 84.
1722 16. 84.
1723 16. 84.
1724 16. 84.
1725 16. 84.
1726 16. 84.
1727 15. 85.
1728 15. 85.
1729 15. 85.
1730 15. 85.
1731 15. 85.
1732 15. 85.
1733 15. 85.
1734 15. 85.
1735 16. 84.
1736 17. 83.
1737 17. 83.
1738 17. 83.
1739 17. 83.
1740 17. 83.
1741 17. 83.
1742 17. 83.
1743 17. 83.
1744 17. 83.
1745 17. 83.
1746 17. 83.
1747 18. 82.
1748 18. 82.
1749 19. 81.
1750 19. 81.
1751 19. 81.
1752 19. 81.
1753 19. 81.
1754 19. 81.
1755 19. 81.
1756 19. 81.
1757 19. 81.
1758 19. 81.
1759 19. 81.
1760 19. 81.
1761 19. 81.
1762 20. 80.
1763 20. 80.
1764 19. 81.
1765 19. 81.
1766 19. 81.
1767 19. 81.
1768 18. 82.
1769 18. 82.
1770 18. 82.
1771 18. 82.
1772 18. 82.
1773 18. 82.
1774 18. 82.
1775 18. 82.
1776 18. 82.
1777 18. 82.
1778 18. 82.
1779 18. 82.
1780 17. 83.
1781 17. 83.
1782 17. 83.
1783 17. 83.
1784 17. 83.
1785 17. 83.
1786 17. 83.
1787 17. 83.
1788 17. 83.
1789 17. 83.
1790 18. 82.
1791 17. 83.
1792 17. 83.
1793 17. 83.
1794 17. 83.
1795 17. 83.
1796 17. 83.
1797 17. 83.
1798 17. 83.
1799 17. 83.
1800 17. 83.
1801 17. 83.
1802 17. 83.
1803 18. 82.
1804 18. 82.
1805 18. 82.
1806 18. 82.
1807 18. 82.
1808 18. 82.
1809 18. 82.
1810 18. 82.
1811 17. 83.
1812 17. 83.
1813 17. 83.
1814 17. 83.
1815 17. 83.
1816 17. 83.
1817 17. 83.
1818 17. 83.
1819 17. 83.
1820 17. 83.
1821 17. 83.
1822 17. 83.
1823 17. 83.
1824 17. 83.
1825 17. 83.
1826 17. 83.
1827 17. 83.
1828 17. 83.
1829 17. 83.
1830 17. 83.
1831 17. 83.
1832 17. 83.
1833 17. 83.
1834 18. 82.
1835 18. 82.
1836 18. 82.
1837 18. 82.
1838 18. 82.
1839 18. 82.
1840 18. 82.
1841 18. 82.
1842 18. 82.
1843 18. 82.
1844 18. 82.
1845 18. 82.
1846 18. 82.
1847 18. 82.
1848 18. 82.
1849 18. 82.
1850 18. 82.
1851 18. 82.
1852 18. 82.
1853 18. 82.
1854 18. 82.
1855 18. 82.
1856 18. 82.
1857 17. 83.
1858 17. 83.
1859 17. 83.
1860 17. 83.
1861 17. 83.
1862 17. 83.
1863 17. 83.
1864 17. 83.
1865 17. 83.
1866 17. 83.
1867 17. 83.
1868 17. 83.
1869 17. 83.
1870 17. 83.
1871 17. 83.
1872 17. 83.
1873 17. 83.
1874 17. 83.
1875 17. 83.
1876 17. 83.
1877 17. 83.
1878 17. 83.
1879 17. 83.
1880 17. 83.
1881 16. 84.
1882 16. 84.
1883 16. 84.
1884 16. 84.
1885 16. 84.
1886 16. 84.
1887 16. 84.
1888 16. 84.
1889 16. 84.
1890 16. 84.
1891 16. 84.
1892 16. 84.
1893 16. 84.
1894 16. 84.
1895 16. 84.
1896 16. 84.
1897 16. 84.
1898 15. 85.
1899 14. 86.
1900 15. 85.
1901 15. 85.
1902 15. 85.
1903 15. 85.
1904 14. 86.
1905 14. 86.
1906 14. 86.
1907 14. 86.
1908 14. 86.
1909 14. 86.
1910 14. 86.
1911 14. 86.
1912 14. 86.
1913 14. 86.
1914 14. 86.
1915 14. 86.
1916 14. 86.
1917 14. 86.
1918 14. 86.
1919 14. 86.
1920 14. 86.
1921 14. 86.
1922 13. 87.
1923 13. 87.
1924 13. 87.
1925 13. 87.
1926 13. 87.
1927 13. 87.
1928 13. 87.
1929 13. 87.
1930 14. 86.
1931 14. 86.
1932 14. 86.
1933 14. 86.
1934 13. 87.
1935 13. 87.
1936 13. 87.
1937 13. 87.
1938 12. 88.
1939 12. 88.
1940 12. 88.
1941 12. 88.
1942 12. 88.
1943 12. 88.
1944 12. 88.
1945 12. 88.
1946 13. 87.
1947 13. 87.
1948 13. 87.
1949 13. 87.
1950 13. 87.
1951 13. 87.
1952 13. 87.
1953 13. 87.
1954 13. 87.
1955 13. 87.
1956 13. 87.
1957 13. 87.
1958 13. 87.
1959 13. 87.
1960 13. 87.
1961 13. 87.
1962 13. 87.
1963 13. 87.
1964 13. 87.
1965 13. 87.
1966 13. 87.
1967 13. 87.
1968 13. 87.
1969 13. 87.
1970 13. 87.
1971 13. 87.
1972 13. 87.
1973 13. 87.
1974 13. 87.
1975 13. 87.
1976 14. 86.
1977 14. 86.
1978 14. 86.
1979 14. 86.
1980 14. 86.
1981 14. 86.
1982 14. 86.
1983 14. 86.
1984 14. 86.
1985 13. 87.
1986 13. 87.
1987 13. 87.
1988 13. 87.
1989 13. 87.
1990 13. 87.
1991 13. 87.
1992 13. 87.
1993 13. 87.
1994 13. 87.
1995 13. 87.
1996 13. 87.
1997 13. 87.
1998 13. 87.
1999 13. 87.
2000 13. 87.
2001 13. 87.
2002 13. 87.
2003 13. 87.
2004 13. 87.
2005 13. 87.
2006 13. 87.
2007 13. 87.
2008 13. 87.
2009 13. 87.
2010 13. 87.
2011 13. 87.
2012 13. 87.
2013 13. 87.
2014 13. 87.
2015 13. 87.
2016 12. 88.
2017 12. 88.
2018 12. 88.
2019 12. 88.
2020 12. 88.
2021 12. 88.
2022 12. 88.
2023 12. 88.
2024 12. 88.
2025 12. 88.
2026 12. 88.
2027 12. 88.
2028 12. 88.
2029 12. 88.
2030 11. 89.
2031 11. 89.
2032 11. 89.
2033 11. 89.
2034 11. 89.
2035 11. 89.
2036 11. 89.
2037 11. 89.
2038 11. 89.
2039 10. 90.
2040 10. 90.
2041 10. 90.
2042 10. 90.
2043 10. 90.
2044 10. 90.
2045 10. 90.
2046 10. 90.
2047 10. 90.
2048 10. 90.
2049 10. 90.
2050 10. 90.
2051 10. 90.
2052 10. 90.
2053 10. 90.
2054 10. 90.
2055 10. 90.
2056 10. 90.
2057 10. 90.
2058 10. 90.
2059 10. 90.
2060 10. 90.
2061 10. 90.
2062 10. 90.
2063 10. 90.
2064 10. 90.
2065 11. 89.
2066 11. 89.
2067 11. 89.
2068 11. 89.
2069 11. 89.
2070 11. 89.
2071 11. 89.
2072 11. 89.
2073 11. 89.
2074 10. 90.
2075 10. 90.
2076 10. 90.
2077 10. 90.
2078 10. 90.
2079 10. 90.
2080 10. 90.
2081 10. 90.
2082 9. 91.
2083 9. 91.
2084 9. 91.
2085 9. 91.
2086 9. 91.
2087 9. 91.
2088 10. 90.
2089 11. 89.
2090 11. 89.
2091 11. 89.
2092 11. 89.
2093 11. 89.
2094 12. 88.
2095 12. 88.
2096 11. 89.
2097 11. 89.
2098 11. 89.
2099 12. 88.
2100 12. 88.
2101 12. 88.
2102 12. 88.
2103 12. 88.
2104 12. 88.
2105 12. 88.
2106 12. 88.
2107 11. 89.
2108 11. 89.
2109 11. 89.
2110 12. 88.
2111 12. 88.
2112 12. 88.
2113 12. 88.
2114 12. 88.
2115 12. 88.
2116 12. 88.
2117 12. 88.
2118 12. 88.
2119 12. 88.
2120 11. 89.
2121 11. 89.
2122 10. 90.
2123 10. 90.
2124 10. 90.
2125 10. 90.
2126 10. 90.
2127 10. 90.
2128 11. 89.
2129 11. 89.
2130 12. 88.
2131 12. 88.
2132 12. 88.
2133 12. 88.
2134 12. 88.
2135 12. 88.
2136 12. 88.
2137 12. 88.
2138 12. 88.
2139 12. 88.
2140 12. 88.
2141 12. 88.
2142 12. 88.
2143 12. 88.
2144 12. 88.
2145 12. 88.
2146 12. 88.
2147 12. 88.
2148 12. 88.
2149 12. 88.
2150 13. 87.
2151 13. 87.
2152 13. 87.
2153 13. 87.
2154 13. 87.
2155 13. 87.
2156 13. 87.
2157 13. 87.
2158 13. 87.
2159 13. 87.
2160 13. 87.
2161 13. 87.
2162 13. 87.
2163 13. 87.
2164 14. 86.
2165 14. 86.
2166 14. 86.
2167 14. 86.
2168 14. 86.
2169 14. 86.
2170 14. 86.
2171 14. 86.
2172 14. 86.
2173 14. 86.
2174 14. 86.
2175 14. 86.
2176 14. 86.
2177 14. 86.
2178 14. 86.
2179 14. 86.
2180 14. 86.
2181 14. 86.
2182 14. 86.
2183 14. 86.
2184 14. 86.
2185 14. 86.
2186 14. 86.
2187 14. 86.
2188 14. 86.
2189 14. 86.
2190 14. 86.
2191 14. 86.
2192 14. 86.
2193 14. 86.
2194 14. 86.
2195 14. 86.
2196 14. 86.
2197 14. 86.
2198 14. 86.
2199 14. 86.
2200 14. 86.
2201 14. 86.
2202 14. 86.
2203 14. 86.
2204 14. 86.
2205 14. 86.
2206 14. 86.
2207 14. 86.
2208 14. 86.
2209 14. 86.
2210 14. 86.
2211 14. 86.
2212 14. 86.
2213 14. 86.
2214 14. 86.
2215 14. 86.
2216 14. 86.
2217 14. 86.
2218 14. 86.
2219 14. 86.
2220 14. 86.
2221 14. 86.
2222 14. 86.
2223 14. 86.
2224 14. 86.
2225 14. 86.
2226 14. 86.
2227 14. 86.
2228 14. 86.
2229 14. 86.
2230 14. 86.
2231 14. 86.
2232 14. 86.
2233 14. 86.
2234 14. 86.
2235 14. 86.
2236 14. 86.
2237 14. 86.
2238 14. 86.
2239 14. 86.
2240 14. 86.
2241 14. 86.
2242 14. 86.
2243 14. 86.
2244 14. 86.
2245 14. 86.
2246 14. 86.
2247 14. 86.
2248 14. 86.
2249 14. 86.
2250 14. 86.
2251 14. 86.
2252 14. 86.
2253 14. 86.
2254 15. 85.
2255 15. 85.
2256 15. 85.
2257 15. 85.
2258 15. 85.
2259 15. 85.
2260 15. 85.
2261 15. 85.
2262 15. 85.
2263 15. 85.
2264 15. 85.
2265 15. 85.
2266 15. 85.
2267 15. 85.
2268 15. 85.
2269 15. 85.
2270 16. 84.
2271 16. 84.
2272 16. 84.
2273 16. 84.
2274 16. 84.
2275 16. 84.
2276 16. 84.
2277 16. 84.
2278 16. 84.
2279 16. 84.
2280 16. 84.
2281 16. 84.
2282 16. 84.
2283 16. 84.
2284 16. 84.
2285 16. 84.
2286 16. 84.
2287 16. 84.
2288 16. 84.
2289 16. 84.
2290 16. 84.
2291 16. 84.
2292 16. 84.
2293 16. 84.
2294 16. 84.
2295 16. 84.
2296 16. 84.
2297 16. 84.
2298 16. 84.
2299 16. 84.
2300 16. 84.
2301 16. 84.
2302 16. 84.
2303 16. 84.
2304 16. 84.
2305 16. 84.
2306 16. 84.
2307 16. 84.
2308 16. 84.
2309 16. 84.
2310 15. 85.
2311 15. 85.
2312 15. 85.
2313 14. 86.
2314 14. 86.
2315 14. 86.
2316 14. 86.
2317 14. 86.
2318 14. 86.
2319 14. 86.
2320 14. 86.
2321 14. 86.
2322 14. 86.
2323 14. 86.
2324 14. 86.
2325 14. 86.
2326 14. 86.
2327 14. 86.
2328 14. 86.
2329 14. 86.
2330 14. 86.
2331 14. 86.
2332 14. 86.
2333 14. 86.
2334 14. 86.
2335 14. 86.
2336 14. 86.
2337 15. 85.
2338 15. 85.
2339 15. 85.
2340 15. 85.
2341 15. 85.
2342 15. 85.
2343 15. 85.
2344 15. 85.
2345 14. 86.
2346 14. 86.
2347 15. 85.
2348 15. 85.
2349 15. 85.
2350 16. 84.
2351 16. 84.
2352 16. 84.
2353 16. 84.
2354 16. 84.
2355 16. 84.
2356 16. 84.
2357 16. 84.
2358 16. 84.
2359 16. 84.
2360 16. 84.
2361 16. 84.
2362 16. 84.
2363 16. 84.
2364 16. 84.
2365 15. 85.
2366 15. 85.
2367 15. 85.
2368 16. 84.
2369 16. 84.
2370 17. 83.
2371 17. 83.
2372 17. 83.
2373 17. 83.
2374 17. 83.
2375 17. 83.
2376 17. 83.
2377 17. 83.
2378 16. 84.
2379 16. 84.
2380 16. 84.
2381 16. 84.
2382 16. 84.
2383 17. 83.
2384 17. 83.
2385 17. 83.
2386 17. 83.
2387 17. 83.
2388 17. 83.
2389 17. 83.
2390 17. 83.
2391 17. 83.
2392 17. 83.
2393 17. 83.
2394 17. 83.
2395 17. 83.
2396 17. 83.
2397 17. 83.
2398 17. 83.
2399 17. 83.
2400 17. 83.
2401 17. 83.
2402 17. 83.
2403 17. 83.
2404 17. 83.
2405 17. 83.
2406 17. 83.
2407 17. 83.
2408 17. 83.
2409 17. 83.
2410 17. 83.
2411 17. 83.
2412 17. 83.
2413 16. 84.
2414 15. 85.
2415 15. 85.
2416 15. 85.
2417 15. 85.
2418 15. 85.
2419 15. 85.
2420 15. 85.
2421 15. 85.
2422 15. 85.
2423 15. 85.
2424 14. 86.
2425 14. 86.
2426 14. 86.
2427 14. 86.
2428 14. 86.
2429 14. 86.
2430 14. 86.
2431 13. 87.
2432 13. 87.
2433 13. 87.
2434 13. 87.
2435 13. 87.
2436 14. 86.
2437 14. 86.
2438 14. 86.
2439 14. 86.
2440 13. 87.
2441 13. 87.
2442 13. 87.
2443 13. 87.
2444 13. 87.
2445 13. 87.
2446 13. 87.
2447 13. 87.
2448 13. 87.
2449 13. 87.
2450 13. 87.
2451 13. 87.
2452 13. 87.
2453 13. 87.
2454 13. 87.
2455 13. 87.
2456 13. 87.
2457 13. 87.
2458 12. 88.
2459 12. 88.
2460 12. 88.
2461 12. 88.
2462 12. 88.
2463 12. 88.
2464 12. 88.
2465 12. 88.
2466 12. 88.
2467 12. 88.
2468 12. 88.
2469 12. 88.
2470 12. 88.
2471 12. 88.
2472 13. 87.
2473 13. 87.
2474 13. 87.
2475 13. 87.
2476 13. 87.
2477 13. 87.
2478 13. 87.
2479 13. 87.
2480 13. 87.
2481 12. 88.
2482 12. 88.
2483 12. 88.
2484 12. 88.
2485 11. 89.
2486 11. 89.
2487 11. 89.
2488 11. 89.
2489 11. 89.
2490 11. 89.
2491 11. 89.
2492 11. 89.
2493 11. 89.
2494 11. 89.
2495 11. 89.
2496 11. 89.
2497 11. 89.
2498 11. 89.
2499 11. 89.
2500 11. 89.
2501 11. 89.
2502 11. 89.
2503 12. 88.
2504 12. 88.
2505 12. 88.
2506 12. 88.
2507 12. 88.
2508 12. 88.
2509 12. 88.
2510 12. 88.
2511 12. 88.
2512 12. 88.
2513 12. 88.
2514 12. 88.
2515 12. 88.
2516 12. 88.
2517 12. 88.
2518 12. 88.
2519 12. 88.
2520 12. 88.
2521 12. 88.
2522 12. 88.
2523 12. 88.
2524 12. 88.
2525 12. 88.
2526 12. 88.
2527 12. 88.
2528 11. 89.
2529 11. 89.
2530 11. 89.
2531 11. 89.
2532 11. 89.
2533 11. 89.
2534 11. 89.
2535 10. 90.
2536 10. 90.
2537 10. 90.
2538 10. 90.
2539 10. 90.
2540 10. 90.
2541 10. 90.
2542 10. 90.
2543 10. 90.
2544 10. 90.
2545 10. 90.
2546 10. 90.
2547 10. 90.
2548 10. 90.
2549 10. 90.
2550 10. 90.
2551 10. 90.
2552 10. 90.
2553 10. 90.
2554 10. 90.
2555 10. 90.
2556 10. 90.
2557 10. 90.
2558 10. 90.
2559 10. 90.
2560 10. 90.
2561 10. 90.
2562 10. 90.
2563 10. 90.
2564 11. 89.
2565 11. 89.
2566 11. 89.
2567 11. 89.
2568 11. 89.
2569 11. 89.
2570 11. 89.
2571 11. 89.
2572 11. 89.
2573 11. 89.
2574 11. 89.
2575 11. 89.
2576 11. 89.
2577 11. 89.
2578 11. 89.
2579 11. 89.
2580 11. 89.
2581 11. 89.
2582 11. 89.
2583 11. 89.
2584 11. 89.
2585 11. 89.
2586 11. 89.
2587 11. 89.
2588 11. 89.
2589 11. 89.
2590 11. 89.
2591 11. 89.
2592 11. 89.
2593 12. 88.
2594 12. 88.
2595 13. 87.
2596 12. 88.
2597 13. 87.
2598 13. 87.
2599 13. 87.
2600 13. 87.
2601 13. 87.
2602 13. 87.
2603 13. 87.
2604 13. 87.
2605 13. 87.
2606 14. 86.
2607 13. 87.
2608 13. 87.
2609 13. 87.
2610 13. 87.
2611 13. 87.
2612 14. 86.
2613 14. 86.
2614 14. 86.
2615 14. 86.
2616 14. 86.
2617 14. 86.
2618 14. 86.
2619 14. 86.
2620 14. 86.
2621 14. 86.
2622 14. 86.
2623 14. 86.
2624 14. 86.
2625 14. 86.
2626 14. 86.
2627 14. 86.
2628 14. 86.
2629 14. 86.
2630 14. 86.
2631 15. 85.
2632 15. 85.
2633 14. 86.
2634 14. 86.
2635 14. 86.
2636 14. 86.
2637 14. 86.
2638 14. 86.
2639 14. 86.
2640 15. 85.
2641 15. 85.
2642 16. 84.
2643 16. 84.
2644 16. 84.
2645 16. 84.
2646 16. 84.
2647 16. 84.
2648 16. 84.
2649 16. 84.
2650 16. 84.
2651 16. 84.
2652 15. 85.
2653 15. 85.
2654 15. 85.
2655 15. 85.
2656 15. 85.
2657 16. 84.
2658 16. 84.
2659 16. 84.
2660 16. 84.
2661 16. 84.
2662 16. 84.
2663 17. 83.
2664 17. 83.
2665 17. 83.
2666 17. 83.
2667 17. 83.
2668 17. 83.
2669 17. 83.
2670 17. 83.
2671 17. 83.
2672 16. 84.
2673 16. 84.
2674 16. 84.
2675 17. 83.
2676 17. 83.
2677 17. 83.
2678 17. 83.
2679 17. 83.
2680 17. 83.
2681 17. 83.
2682 17. 83.
2683 17. 83.
2684 16. 84.
2685 15. 85.
2686 16. 84.
2687 16. 84.
2688 17. 83.
2689 18. 82.
2690 18. 82.
2691 18. 82.
2692 18. 82.
2693 18. 82.
2694 18. 82.
2695 18. 82.
2696 18. 82.
2697 18. 82.
2698 17. 83.
2699 17. 83.
2700 17. 83.
2701 17. 83.
2702 17. 83.
2703 17. 83.
2704 17. 83.
2705 17. 83.
2706 17. 83.
2707 17. 83.
2708 17. 83.
2709 18. 82.
2710 18. 82.
2711 17. 83.
2712 17. 83.
2713 17. 83.
2714 17. 83.
2715 17. 83.
2716 17. 83.
2717 17. 83.
2718 17. 83.
2719 18. 82.
2720 18. 82.
2721 18. 82.
2722 17. 83.
2723 17. 83.
2724 16. 84.
2725 16. 84.
2726 17. 83.
2727 17. 83.
2728 17. 83.
2729 16. 84.
2730 15. 85.
2731 15. 85.
2732 15. 85.
2733 15. 85.
2734 15. 85.
2735 15. 85.
2736 16. 84.
2737 16. 84.
2738 16. 84.
2739 16. 84.
2740 16. 84.
2741 16. 84.
2742 16. 84.
2743 16. 84.
2744 17. 83.
2745 17. 83.
2746 17. 83.
2747 16. 84.
2748 16. 84.
2749 16. 84.
2750 16. 84.
2751 16. 84.
2752 16. 84.
2753 16. 84.
2754 16. 84.
2755 16. 84.
2756 16. 84.
2757 16. 84.
2758 16. 84.
2759 16. 84.
2760 16. 84.
2761 16. 84.
2762 16. 84.
2763 16. 84.
2764 16. 84.
2765 16. 84.
2766 16. 84.
2767 16. 84.
2768 16. 84.
2769 16. 84.
2770 16. 84.
2771 16. 84.
2772 16. 84.
2773 16. 84.
2774 16. 84.
2775 16. 84.
2776 16. 84.
2777 16. 84.
2778 16. 84.
2779 16. 84.
2780 16. 84.
2781 16. 84.
2782 16. 84.
2783 16. 84.
2784 15. 85.
2785 15. 85.
2786 15. 85.
2787 15. 85.
2788 15. 85.
2789 15. 85.
2790 14. 86.
2791 14. 86.
2792 14. 86.
2793 14. 86.
2794 14. 86.
2795 14. 86.
2796 13. 87.
2797 13. 87.
2798 14. 86.
2799 14. 86.
2800 14. 86.
2801 14. 86.
2802 14. 86.
2803 14. 86.
2804 14. 86.
2805 14. 86.
2806 14. 86.
2807 14. 86.
2808 14. 86.
2809 14. 86.
2810 14. 86.
2811 14. 86.
2812 14. 86.
2813 14. 86.
2814 14. 86.
2815 14. 86.
2816 14. 86.
2817 14. 86.
2818 14. 86.
2819 14. 86.
2820 14. 86.
2821 14. 86.
2822 14. 86.
2823 14. 86.
2824 15. 85.
2825 15. 85.
2826 15. 85.
2827 16. 84.
2828 16. 84.
2829 16. 84.
2830 15. 85.
2831 15. 85.
2832 16. 84.
2833 16. 84.
2834 16. 84.
2835 15. 85.
2836 15. 85.
2837 15. 85.
2838 15. 85.
2839 15. 85.
2840 15. 85.
2841 15. 85.
2842 14. 86.
2843 15. 85.
2844 15. 85.
2845 15. 85.
2846 16. 84.
2847 15. 85.
2848 15. 85.
2849 15. 85.
2850 15. 85.
2851 15. 85.
2852 15. 85.
2853 15. 85.
2854 15. 85.
2855 14. 86.
2856 14. 86.
2857 14. 86.
2858 14. 86.
2859 14. 86.
2860 14. 86.
2861 13. 87.
2862 13. 87.
2863 13. 87.
2864 13. 87.
2865 13. 87.
2866 13. 87.
2867 13. 87.
2868 13. 87.
2869 13. 87.
2870 13. 87.
2871 13. 87.
2872 13. 87.
2873 13. 87.
2874 13. 87.
2875 13. 87.
2876 13. 87.
2877 13. 87.
2878 13. 87.
2879 13. 87.
2880 13. 87.
2881 13. 87.
2882 13. 87.
2883 13. 87.
2884 13. 87.
2885 13. 87.
2886 13. 87.
2887 13. 87.
2888 14. 86.
2889 15. 85.
2890 16. 84.
2891 16. 84.
2892 16. 84.
2893 16. 84.
2894 16. 84.
2895 16. 84.
2896 16. 84.
2897 16. 84.
2898 16. 84.
2899 16. 84.
2900 16. 84.
2901 16. 84.
2902 16. 84.
2903 15. 85.
2904 15. 85.
2905 15. 85.
2906 15. 85.
2907 15. 85.
2908 15. 85.
2909 15. 85.
2910 15. 85.
2911 16. 84.
2912 16. 84.
2913 16. 84.
2914 16. 84.
2915 16. 84.
2916 16. 84.
2917 16. 84.
2918 16. 84.
2919 16. 84.
2920 16. 84.
2921 16. 84.
2922 16. 84.
2923 16. 84.
2924 16. 84.
2925 16. 84.
2926 16. 84.
2927 17. 83.
2928 17. 83.
2929 17. 83.
2930 17. 83.
2931 18. 82.
2932 18. 82.
2933 17. 83.
2934 17. 83.
2935 17. 83.
2936 17. 83.
2937 17. 83.
2938 17. 83.
2939 17. 83.
2940 17. 83.
2941 17. 83.
2942 17. 83.
2943 17. 83.
2944 17. 83.
2945 17. 83.
2946 18. 82.
2947 19. 81.
2948 18. 82.
2949 18. 82.
2950 18. 82.
2951 18. 82.
2952 19. 81.
2953 19. 81.
2954 19. 81.
2955 19. 81.
2956 19. 81.
2957 19. 81.
2958 19. 81.
2959 19. 81.
2960 19. 81.
2961 19. 81.
2962 19. 81.
2963 19. 81.
2964 19. 81.
2965 19. 81.
2966 19. 81.
2967 19. 81.
2968 19. 81.
2969 19. 81.
2970 19. 81.
2971 19. 81.
2972 19. 81.
2973 19. 81.
2974 19. 81.
2975 19. 81.
2976 20. 80.
2977 20. 80.
2978 20. 80.
2979 20. 80.
2980 20. 80.
2981 20. 80.
2982 20. 80.
2983 20. 80.
2984 20. 80.
2985 20. 80.
2986 19. 81.
2987 19. 81.
2988 19. 81.
2989 19. 81.
2990 19. 81.
2991 20. 80.
2992 20. 80.
2993 20. 80.
2994 20. 80.
2995 20. 80.
2996 20. 80.
2997 20. 80.
2998 20. 80.
2999 20. 80.
3000 20. 80.
3001 20. 80.
3002 20. 80.
3003 19. 81.
3004 20. 80.
3005 20. 80.
3006 20. 80.
3007 20. 80.
3008 20. 80.
3009 20. 80.
3010 20. 80.
3011 20. 80.
3012 20. 80.
3013 20. 80.
3014 20. 80.
3015 20. 80.
3016 20. 80.
3017 21. 79.
3018 21. 79.
3019 21. 79.
3020 21. 79.
3021 21. 79.
3022 21. 79.
3023 21. 79.
3024 21. 79.
3025 21. 79.
3026 21. 79.
3027 21. 79.
3028 21. 79.
3029 21. 79.
3030 21. 79.
3031 21. 79.
3032 21. 79.
3033 20. 80.
3034 20. 80.
3035 21. 79.
3036 21. 79.
3037 21. 79.
3038 21. 79.
3039 22. 78.
3040 21. 79.
3041 21. 79.
3042 22. 78.
3043 22. 78.
3044 22. 78.
3045 23. 77.
3046 23. 77.
3047 23. 77.
3048 22. 78.
3049 22. 78.
3050 22. 78.
3051 23. 77.
3052 23. 77.
3053 23. 77.
3054 23. 77.
3055 23. 77.
3056 23. 77.
3057 23. 77.
3058 23. 77.
3059 23. 77.
3060 22. 78.
3061 22. 78.
3062 22. 78.
3063 22. 78.
3064 22. 78.
3065 22. 78.
3066 22. 78.
3067 22. 78.
3068 22. 78.
3069 22. 78.
3070 22. 78.
3071 22. 78.
3072 22. 78.
3073 22. 78.
3074 22. 78.
3075 22. 78.
3076 22. 78.
3077 22. 78.
3078 22. 78.
3079 22. 78.
3080 22. 78.
3081 22. 78.
3082 22. 78.
3083 22. 78.
3084 22. 78.
3085 22. 78.
3086 22. 78.
3087 22. 78.
3088 22. 78.
3089 21. 79.
3090 21. 79.
3091 21. 79.
3092 20. 80.
3093 20. 80.
3094 20. 80.
3095 19. 81.
3096 19. 81.
3097 19. 81.
3098 19. 81.
3099 19. 81.
3100 19. 81.
3101 20. 80.
3102 20. 80.
3103 20. 80.
3104 20. 80.
3105 20. 80.
3106 20. 80.
3107 20. 80.
3108 21. 79.
3109 21. 79.
3110 22. 78.
3111 22. 78.
3112 23. 77.
3113 23. 77.
3114 23. 77.
3115 23. 77.
3116 23. 77.
3117 23. 77.
3118 23. 77.
3119 23. 77.
3120 23. 77.
3121 23. 77.
3122 23. 77.
3123 23. 77.
3124 24. 76.
3125 24. 76.
3126 24. 76.
3127 24. 76.
3128 24. 76.
3129 24. 76.
3130 24. 76.
3131 24. 76.
3132 24. 76.
3133 24. 76.
3134 24. 76.
3135 24. 76.
3136 24. 76.
3137 23. 77.
3138 23. 77.
3139 23. 77.
3140 23. 77.
3141 23. 77.
3142 24. 76.
3143 24. 76.
3144 24. 76.
3145 23. 77.
3146 23. 77.
3147 23. 77.
3148 23. 77.
3149 23. 77.
3150 23. 77.
3151 23. 77.
3152 23. 77.
3153 23. 77.
3154 23. 77.
3155 22. 78.
3156 22. 78.
3157 22. 78.
3158 22. 78.
3159 22. 78.
3160 22. 78.
3161 22. 78.
3162 22. 78.
3163 21. 79.
3164 21. 79.
3165 21. 79.
3166 21. 79.
3167 21. 79.
3168 21. 79.
3169 21. 79.
3170 20. 80.
3171 20. 80.
3172 20. 80.
3173 20. 80.
3174 20. 80.
3175 20. 80.
3176 20. 80.
3177 20. 80.
3178 20. 80.
3179 20. 80.
3180 20. 80.
3181 20. 80.
3182 20. 80.
3183 20. 80.
3184 20. 80.
3185 20. 80.
3186 21. 79.
3187 22. 78.
3188 22. 78.
3189 22. 78.
3190 22. 78.
3191 22. 78.
3192 22. 78.
3193 22. 78.
3194 22. 78.
3195 22. 78.
3196 22. 78.
3197 22. 78.
3198 22. 78.
3199 22. 78.
3200 22. 78.
3201 22. 78.
3202 22. 78.
3203 22. 78.
3204 22. 78.
3205 22. 78.
3206 22. 78.
3207 22. 78.
3208 22. 78.
3209 22. 78.
3210 22. 78.
3211 22. 78.
3212 22. 78.
3213 21. 79.
3214 21. 79.
3215 21. 79.
3216 21. 79.
3217 21. 79.
3218 21. 79.
3219 21. 79.
3220 20. 80.
3221 20. 80.
3222 20. 80.
3223 19. 81.
3224 19. 81.
3225 19. 81.
3226 19. 81.
3227 19. 81.
3228 19. 81.
3229 19. 81.
3230 19. 81.
3231 18. 82.
3232 18. 82.
3233 18. 82.
3234 18. 82.
3235 18. 82.
3236 18. 82.
3237 18. 82.
3238 18. 82.
3239 18. 82.
3240 18. 82.
3241 19. 81.
3242 19. 81.
3243 19. 81.
3244 19. 81.
3245 19. 81.
3246 19. 81.
3247 19. 81.
3248 18. 82.
3249 18. 82.
3250 18. 82.
3251 18. 82.
3252 18. 82.
3253 18. 82.
3254 18. 82.
3255 18. 82.
3256 18. 82.
3257 18. 82.
3258 18. 82.
3259 18. 82.
3260 18. 82.
3261 18. 82.
3262 17. 83.
3263 17. 83.
3264 18. 82.
3265 18. 82.
3266 18. 82.
3267 17. 83.
3268 17. 83.
3269 17. 83.
3270 17. 83.
3271 17. 83.
3272 17. 83.
3273 17. 83.
3274 17. 83.
3275 17. 83.
3276 17. 83.
3277 17. 83.
3278 17. 83.
3279 17. 83.
3280 17. 83.
3281 17. 83.
3282 17. 83.
3283 16. 84.
3284 16. 84.
3285 16. 84.
3286 16. 84.
3287 16. 84.
3288 16. 84.
3289 16. 84.
3290 16. 84.
3291 16. 84.
3292 16. 84.
3293 16. 84.
3294 17. 83.
3295 17. 83.
3296 17. 83.
3297 17. 83.
3298 17. 83.
3299 17. 83.
3300 17. 83.
3301 17. 83.
3302 17. 83.
3303 17. 83.
3304 17. 83.
3305 17. 83.
3306 17. 83.
3307 16. 84.
3308 16. 84.
3309 16. 84.
3310 16. 84.
3311 16. 84.
3312 16. 84.
3313 17. 83.
3314 17. 83.
3315 17. 83.
3316 17. 83.
3317 17. 83.
3318 17. 83.
3319 17. 83.
3320 17. 83.
3321 17. 83.
3322 17. 83.
3323 16. 84.
3324 16. 84.
3325 16. 84.
3326 16. 84.
3327 16. 84.
3328 16. 84.
3329 16. 84.
3330 16. 84.
3331 16. 84.
3332 16. 84.
3333 16. 84.
3334 16. 84.
3335 16. 84.
3336 16. 84.
3337 15. 85.
3338 15. 85.
3339 15. 85.
3340 15. 85.
3341 15. 85.
3342 15. 85.
3343 15. 85.
3344 15. 85.
3345 15. 85.
3346 15. 85.
3347 15. 85.
3348 15. 85.
3349 16. 84.
3350 16. 84.
3351 16. 84.
3352 16. 84.
3353 16. 84.
3354 16. 84.
3355 16. 84.
3356 16. 84.
3357 16. 84.
3358 16. 84.
3359 16. 84.
3360 16. 84.
3361 16. 84.
3362 16. 84.
3363 16. 84.
3364 16. 84.
3365 16. 84.
3366 16. 84.
3367 16. 84.
3368 17. 83.
3369 17. 83.
3370 17. 83.
3371 17. 83.
3372 17. 83.
3373 16. 84.
3374 16. 84.
3375 16. 84.
3376 16. 84.
3377 17. 83.
3378 17. 83.
3379 17. 83.
3380 17. 83.
3381 17. 83.
3382 17. 83.
3383 17. 83.
3384 17. 83.
3385 17. 83.
3386 17. 83.
3387 16. 84.
3388 16. 84.
3389 17. 83.
3390 17. 83.
3391 17. 83.
3392 17. 83.
3393 17. 83.
3394 17. 83.
3395 16. 84.
3396 16. 84.
3397 16. 84.
3398 16. 84.
3399 16. 84.
3400 15. 85.
3401 15. 85.
3402 15. 85.
3403 15. 85.
3404 15. 85.
3405 15. 85.
3406 15. 85.
3407 15. 85.
3408 15. 85.
3409 15. 85.
3410 15. 85.
3411 15. 85.
3412 15. 85.
3413 15. 85.
3414 15. 85.
3415 15. 85.
3416 15. 85.
3417 15. 85.
3418 14. 86.
3419 14. 86.
3420 14. 86.
3421 14. 86.
3422 14. 86.
3423 14. 86.
3424 14. 86.
3425 14. 86.
3426 14. 86.
3427 14. 86.
3428 14. 86.
3429 14. 86.
3430 14. 86.
3431 14. 86.
3432 14. 86.
3433 14. 86.
3434 14. 86.
3435 14. 86.
3436 14. 86.
3437 14. 86.
3438 14. 86.
3439 14. 86.
3440 14. 86.
3441 15. 85.
3442 15. 85.
3443 15. 85.
3444 15. 85.
3445 15. 85.
3446 16. 84.
3447 16. 84.
3448 16. 84.
3449 16. 84.
3450 16. 84.
3451 16. 84.
3452 16. 84.
3453 16. 84.
3454 16. 84.
3455 16. 84.
3456 15. 85.
3457 14. 86.
3458 15. 85.
3459 15. 85.
3460 15. 85.
3461 15. 85.
3462 15. 85.
3463 14. 86.
3464 14. 86.
3465 14. 86.
3466 14. 86.
3467 14. 86.
3468 14. 86.
3469 14. 86.
3470 14. 86.
3471 14. 86.
3472 14. 86.
3473 13. 87.
3474 12. 88.
3475 12. 88.
3476 12. 88.
3477 12. 88.
3478 12. 88.
3479 12. 88.
3480 12. 88.
3481 12. 88.
3482 12. 88.
3483 12. 88.
3484 13. 87.
3485 14. 86.
3486 14. 86.
3487 14. 86.
3488 14. 86.
3489 14. 86.
3490 14. 86.
3491 14. 86.
3492 14. 86.
3493 14. 86.
3494 14. 86.
3495 15. 85.
3496 16. 84.
3497 16. 84.
3498 16. 84.
3499 16. 84.
3500 16. 84.
3501 16. 84.
3502 16. 84.
3503 16. 84.
3504 16. 84.
3505 16. 84.
3506 16. 84.
3507 16. 84.
3508 16. 84.
3509 16. 84.
3510 16. 84.
3511 17. 83.
3512 16. 84.
3513 17. 83.
3514 17. 83.
3515 17. 83.
3516 17. 83.
3517 18. 82.
3518 18. 82.
3519 18. 82.
3520 18. 82.
3521 18. 82.
3522 18. 82.
3523 19. 81.
3524 19. 81.
3525 19. 81.
3526 19. 81.
3527 19. 81.
3528 19. 81.
3529 19. 81.
3530 19. 81.
3531 19. 81.
3532 19. 81.
3533 19. 81.
3534 19. 81.
3535 19. 81.
3536 18. 82.
3537 18. 82.
3538 18. 82.
3539 18. 82.
3540 18. 82.
3541 18. 82.
3542 18. 82.
3543 18. 82.
3544 17. 83.
3545 17. 83.
3546 17. 83.
3547 17. 83.
3548 17. 83.
3549 17. 83.
3550 17. 83.
3551 17. 83.
3552 17. 83.
3553 17. 83.
3554 17. 83.
3555 17. 83.
3556 17. 83.
3557 16. 84.
3558 16. 84.
3559 16. 84.
3560 16. 84.
3561 16. 84.
3562 16. 84.
3563 16. 84.
3564 16. 84.
3565 16. 84.
3566 16. 84.
3567 16. 84.
3568 16. 84.
3569 16. 84.
3570 16. 84.
3571 15. 85.
3572 15. 85.
3573 15. 85.
3574 15. 85.
3575 15. 85.
3576 15. 85.
3577 15. 85.
3578 14. 86.
3579 14. 86.
3580 14. 86.
3581 14. 86.
3582 14. 86.
3583 14. 86.
3584 14. 86.
3585 13. 87.
3586 13. 87.
3587 13. 87.
3588 13. 87.
3589 13. 87.
3590 13. 87.
3591 13. 87.
3592 13. 87.
3593 13. 87.
3594 13. 87.
3595 13. 87.
3596 13. 87.
3597 13. 87.
3598 13. 87.
3599 13. 87.
3600 13. 87.
3601 13. 87.
3602 14. 86.
3603 13. 87.
3604 13. 87.
3605 12. 88.
3606 12. 88.
3607 12. 88.
3608 12. 88.
3609 12. 88.
3610 12. 88.
3611 12. 88.
3612 13. 87.
3613 13. 87.
3614 13. 87.
3615 13. 87.
3616 13. 87.
3617 13. 87.
3618 12. 88.
3619 12. 88.
3620 12. 88.
3621 12. 88.
3622 13. 87.
3623 14. 86.
3624 14. 86.
3625 14. 86.
3626 14. 86.
3627 14. 86.
3628 14. 86.
3629 14. 86.
3630 14. 86.
3631 14. 86.
3632 14. 86.
3633 13. 87.
3634 13. 87.
3635 13. 87.
3636 13. 87.
3637 13. 87.
3638 13. 87.
3639 13. 87.
3640 13. 87.
3641 12. 88.
3642 12. 88.
3643 11. 89.
3644 11. 89.
3645 11. 89.
3646 11. 89.
3647 11. 89.
3648 11. 89.
3649 11. 89.
3650 11. 89.
3651 11. 89.
3652 11. 89.
3653 11. 89.
3654 11. 89.
3655 11. 89.
3656 11. 89.
3657 11. 89.
3658 11. 89.
3659 11. 89.
3660 11. 89.
3661 11. 89.
3662 11. 89.
3663 11. 89.
3664 10. 90.
3665 10. 90.
3666 10. 90.
3667 11. 89.
3668 11. 89.
3669 11. 89.
3670 11. 89.
3671 11. 89.
3672 10. 90.
3673 10. 90.
3674 10. 90.
3675 10. 90.
3676 10. 90.
3677 10. 90.
3678 10. 90.
3679 10. 90.
3680 10. 90.
3681 10. 90.
3682 10. 90.
3683 10. 90.
3684 10. 90.
3685 10. 90.
3686 10. 90.
3687 10. 90.
3688 10. 90.
3689 10. 90.
3690 10. 90.
3691 10. 90.
3692 10. 90.
3693 10. 90.
3694 10. 90.
3695 10. 90.
3696 10. 90.
3697 10. 90.
3698 10. 90.
3699 10. 90.
3700 10. 90.
3701 10. 90.
3702 10. 90.
3703 10. 90.
3704 10. 90.
3705 10. 90.
3706 10. 90.
3707 10. 90.
3708 10. 90.
3709 10. 90.
3710 10. 90.
3711 10. 90.
3712 10. 90.
3713 10. 90.
3714 10. 90.
3715 10. 90.
3716 10. 90.
3717 10. 90.
3718 10. 90.
3719 10. 90.
3720 10. 90.
3721 10. 90.
3722 10. 90.
3723 10. 90.
3724 10. 90.
3725 10. 90.
3726 10. 90.
3727 10. 90.
3728 10. 90.
3729 10. 90.
3730 10. 90.
3731 10. 90.
3732 10. 90.
3733 10. 90.
3734 10. 90.
3735 10. 90.
3736 10. 90.
3737 10. 90.
3738 9. 91.
3739 10. 90.
3740 10. 90.
3741 10. 90.
3742 10. 90.
3743 10. 90.
3744 10. 90.
3745 10. 90.
3746 10. 90.
3747 10. 90.
3748 10. 90.
3749 10. 90.
3750 10. 90.
3751 10. 90.
3752 10. 90.
3753 10. 90.
3754 10. 90.
3755 10. 90.
3756 10. 90.
3757 10. 90.
3758 10. 90.
3759 10. 90.
3760 10. 90.
3761 10. 90.
3762 10. 90.
3763 10. 90.
3764 10. 90.
3765 10. 90.
3766 10. 90.
3767 10. 90.
3768 10. 90.
3769 10. 90.
3770 10. 90.
3771 10. 90.
3772 9. 91.
3773 9. 91.
3774 9. 91.
3775 9. 91.
3776 9. 91.
3777 9. 91.
3778 9. 91.
3779 9. 91.
3780 9. 91.
3781 9. 91.
3782 9. 91.
3783 9. 91.
3784 8. 92.
3785 8. 92.
3786 8. 92.
3787 8. 92.
3788 8. 92.
3789 8. 92.
3790 8. 92.
3791 8. 92.
3792 8. 92.
3793 8. 92.
3794 8. 92.
3795 8. 92.
3796 8. 92.
3797 8. 92.
3798 8. 92.
3799 8. 92.
3800 8. 92.
3801 8. 92.
3802 8. 92.
3803 8. 92.
3804 8. 92.
3805 8. 92.
3806 8. 92.
3807 8. 92.
3808 9. 91.
3809 9. 91.
3810 9. 91.
3811 9. 91.
3812 9. 91.
3813 9. 91.
3814 9. 91.
3815 10. 90.
3816 10. 90.
3817 10. 90.
3818 10. 90.
3819 10. 90.
3820 10. 90.
3821 10. 90.
3822 10. 90.
3823 10. 90.
3824 10. 90.
3825 10. 90.
3826 10. 90.
3827 10. 90.
3828 10. 90.
3829 10. 90.
3830 10. 90.
3831 10. 90.
3832 10. 90.
3833 10. 90.
3834 10. 90.
3835 10. 90.
3836 10. 90.
3837 10. 90.
3838 10. 90.
3839 10. 90.
3840 10. 90.
3841 10. 90.
3842 10. 90.
3843 10. 90.
3844 10. 90.
3845 10. 90.
3846 10. 90.
3847 10. 90.
3848 10. 90.
3849 10. 90.
3850 10. 90.
3851 10. 90.
3852 10. 90.
3853 10. 90.
3854 10. 90.
3855 10. 90.
3856 10. 90.
3857 10. 90.
3858 10. 90.
3859 10. 90.
3860 10. 90.
3861 10. 90.
3862 10. 90.
3863 10. 90.
3864 10. 90.
3865 10. 90.
3866 10. 90.
3867 11. 89.
3868 12. 88.
3869 12. 88.
3870 12. 88.
3871 13. 87.
3872 13. 87.
3873 13. 87.
3874 13. 87.
3875 13. 87.
3876 13. 87.
3877 13. 87.
3878 13. 87.
3879 13. 87.
3880 13. 87.
3881 13. 87.
3882 12. 88.
3883 12. 88.
3884 12. 88.
3885 12. 88.
3886 12. 88.
3887 12. 88.
3888 12. 88.
3889 12. 88.
3890 12. 88.
3891 12. 88.
3892 12. 88.
3893 13. 87.
3894 13. 87.
3895 13. 87.
3896 13. 87.
3897 13. 87.
3898 13. 87.
3899 13. 87.
3900 13. 87.
3901 13. 87.
3902 13. 87.
3903 13. 87.
3904 13. 87.
3905 13. 87.
3906 13. 87.
3907 13. 87.
3908 13. 87.
3909 13. 87.
3910 13. 87.
3911 13. 87.
3912 13. 87.
3913 13. 87.
3914 13. 87.
3915 13. 87.
3916 13. 87.
3917 13. 87.
3918 13. 87.
3919 13. 87.
3920 13. 87.
3921 14. 86.
3922 14. 86.
3923 14. 86.
3924 14. 86.
3925 14. 86.
3926 13. 87.
3927 13. 87.
3928 13. 87.
3929 13. 87.
3930 13. 87.
3931 13. 87.
3932 13. 87.
3933 12. 88.
3934 12. 88.
3935 12. 88.
3936 13. 87.
3937 13. 87.
3938 13. 87.
3939 14. 86.
3940 14. 86.
3941 14. 86.
3942 14. 86.
3943 14. 86.
3944 14. 86.
3945 14. 86.
3946 14. 86.
3947 14. 86.
3948 14. 86.
3949 14. 86.
3950 13. 87.
3951 13. 87.
3952 13. 87.
3953 13. 87.
3954 13. 87.
3955 13. 87.
3956 13. 87.
3957 13. 87.
3958 13. 87.
3959 13. 87.
3960 12. 88.
3961 12. 88.
3962 12. 88.
3963 12. 88.
3964 12. 88.
3965 12. 88.
3966 12. 88.
3967 12. 88.
3968 12. 88.
3969 12. 88.
3970 12. 88.
3971 12. 88.
3972 12. 88.
3973 12. 88.
3974 12. 88.
3975 12. 88.
3976 12. 88.
3977 12. 88.
3978 12. 88.
3979 12. 88.
3980 12. 88.
3981 12. 88.
3982 12. 88.
3983 12. 88.
3984 12. 88.
3985 12. 88.
3986 11. 89.
3987 11. 89.
3988 11. 89.
3989 11. 89.
3990 11. 89.
3991 10. 90.
3992 10. 90.
3993 11. 89.
3994 11. 89.
3995 11. 89.
3996 11. 89.
3997 11. 89.
3998 11. 89.
3999 11. 89.
4000 11. 89.
4001 12. 88.
4002 12. 88.
4003 12. 88.
4004 12. 88.
4005 12. 88.
4006 12. 88.
4007 12. 88.
4008 13. 87.
4009 13. 87.
4010 13. 87.
4011 13. 87.
4012 13. 87.
4013 13. 87.
4014 13. 87.
4015 13. 87.
4016 13. 87.
4017 13. 87.
4018 13. 87.
4019 13. 87.
4020 13. 87.
4021 13. 87.
4022 13. 87.
4023 14. 86.
4024 13. 87.
4025 13. 87.
4026 13. 87.
4027 13. 87.
4028 13. 87.
4029 13. 87.
4030 13. 87.
4031 14. 86.
4032 14. 86.
4033 14. 86.
4034 14. 86.
4035 14. 86.
4036 14. 86.
4037 14. 86.
4038 13. 87.
4039 13. 87.
4040 13. 87.
4041 13. 87.
4042 13. 87.
4043 14. 86.
4044 14. 86.
4045 14. 86.
4046 14. 86.
4047 14. 86.
4048 15. 85.
4049 15. 85.
4050 15. 85.
4051 15. 85.
4052 15. 85.
4053 15. 85.
4054 14. 86.
4055 14. 86.
4056 14. 86.
4057 14. 86.
4058 14. 86.
4059 15. 85.
4060 15. 85.
4061 15. 85.
4062 15. 85.
4063 15. 85.
4064 15. 85.
4065 15. 85.
4066 15. 85.
4067 15. 85.
4068 16. 84.
4069 16. 84.
4070 15. 85.
4071 15. 85.
4072 15. 85.
4073 15. 85.
4074 16. 84.
4075 15. 85.
4076 15. 85.
4077 15. 85.
4078 15. 85.
4079 15. 85.
4080 15. 85.
4081 15. 85.
4082 15. 85.
4083 15. 85.
4084 15. 85.
4085 15. 85.
4086 15. 85.
4087 15. 85.
4088 15. 85.
4089 16. 84.
4090 17. 83.
4091 17. 83.
4092 17. 83.
4093 18. 82.
4094 18. 82.
4095 18. 82.
4096 18. 82.
4097 18. 82.
4098 18. 82.
4099 18. 82.
4100 18. 82.
4101 18. 82.
4102 18. 82.
4103 18. 82.
4104 18. 82.
4105 18. 82.
4106 18. 82.
4107 18. 82.
4108 18. 82.
4109 18. 82.
4110 18. 82.
4111 18. 82.
4112 18. 82.
4113 18. 82.
4114 18. 82.
4115 19. 81.
4116 19. 81.
4117 19. 81.
4118 19. 81.
4119 19. 81.
4120 19. 81.
4121 19. 81.
4122 19. 81.
4123 19. 81.
4124 20. 80.
4125 20. 80.
4126 20. 80.
4127 20. 80.
4128 20. 80.
4129 20. 80.
4130 20. 80.
4131 20. 80.
4132 20. 80.
4133 20. 80.
4134 20. 80.
4135 20. 80.
4136 20. 80.
4137 20. 80.
4138 20. 80.
4139 21. 79.
4140 21. 79.
4141 21. 79.
4142 21. 79.
4143 21. 79.
4144 21. 79.
4145 21. 79.
4146 21. 79.
4147 21. 79.
4148 21. 79.
4149 20. 80.
4150 20. 80.
4151 19. 81.
4152 19. 81.
4153 19. 81.
4154 19. 81.
4155 19. 81.
4156 19. 81.
4157 19. 81.
4158 19. 81.
4159 19. 81.
4160 19. 81.
4161 19. 81.
4162 19. 81.
4163 19. 81.
4164 19. 81.
4165 19. 81.
4166 19. 81.
4167 19. 81.
4168 19. 81.
4169 19. 81.
4170 18. 82.
4171 18. 82.
4172 18. 82.
4173 18. 82.
4174 18. 82.
4175 18. 82.
4176 18. 82.
4177 18. 82.
4178 18. 82.
4179 18. 82.
4180 18. 82.
4181 18. 82.
4182 19. 81.
4183 19. 81.
4184 19. 81.
4185 20. 80.
4186 19. 81.
4187 19. 81.
4188 19. 81.
4189 19. 81.
4190 19. 81.
4191 19. 81.
4192 20. 80.
4193 20. 80.
4194 20. 80.
4195 20. 80.
4196 20. 80.
4197 20. 80.
4198 20. 80.
4199 20. 80.
4200 20. 80.
4201 20. 80.
4202 21. 79.
4203 21. 79.
4204 21. 79.
4205 21. 79.
4206 21. 79.
4207 21. 79.
4208 21. 79.
4209 21. 79.
4210 21. 79.
4211 21. 79.
4212 21. 79.
4213 21. 79.
4214 21. 79.
4215 21. 79.
4216 21. 79.
4217 21. 79.
4218 21. 79.
4219 21. 79.
4220 20. 80.
4221 20. 80.
4222 20. 80.
4223 20. 80.
4224 20. 80.
4225 19. 81.
4226 19. 81.
4227 20. 80.
4228 20. 80.
4229 20. 80.
4230 20. 80.
4231 20. 80.
4232 20. 80.
4233 20. 80.
4234 20. 80.
4235 20. 80.
4236 20. 80.
4237 20. 80.
4238 20. 80.
4239 20. 80.
4240 20. 80.
4241 20. 80.
4242 20. 80.
4243 19. 81.
4244 18. 82.
4245 18. 82.
4246 18. 82.
4247 18. 82.
4248 18. 82.
4249 18. 82.
4250 18. 82.
4251 18. 82.
4252 18. 82.
4253 18. 82.
4254 18. 82.
4255 18. 82.
4256 18. 82.
4257 18. 82.
4258 18. 82.
4259 18. 82.
4260 18. 82.
4261 18. 82.
4262 18. 82.
4263 18. 82.
4264 18. 82.
4265 18. 82.
4266 17. 83.
4267 17. 83.
4268 17. 83.
4269 17. 83.
4270 17. 83.
4271 17. 83.
4272 17. 83.
4273 17. 83.
4274 17. 83.
4275 17. 83.
4276 17. 83.
4277 17. 83.
4278 18. 82.
4279 18. 82.
4280 18. 82.
4281 18. 82.
4282 18. 82.
4283 18. 82.
4284 18. 82.
4285 18. 82.
4286 18. 82.
4287 18. 82.
4288 17. 83.
4289 17. 83.
4290 17. 83.
4291 17. 83.
4292 17. 83.
4293 16. 84.
4294 16. 84.
4295 16. 84.
4296 16. 84.
4297 16. 84.
4298 16. 84.
4299 16. 84.
4300 16. 84.
4301 16. 84.
4302 16. 84.
4303 16. 84.
4304 15. 85.
4305 15. 85.
4306 15. 85.
4307 15. 85.
4308 15. 85.
4309 15. 85.
4310 15. 85.
4311 14. 86.
4312 14. 86.
4313 14. 86.
4314 14. 86.
4315 14. 86.
4316 14. 86.
4317 14. 86.
4318 14. 86.
4319 14. 86.
4320 14. 86.
4321 14. 86.
4322 14. 86.
4323 14. 86.
4324 14. 86.
4325 14. 86.
4326 14. 86.
4327 14. 86.
4328 14. 86.
4329 14. 86.
4330 14. 86.
4331 14. 86.
4332 14. 86.
4333 14. 86.
4334 14. 86.
4335 14. 86.
4336 14. 86.
4337 14. 86.
4338 14. 86.
4339 14. 86.
4340 15. 85.
4341 15. 85.
4342 15. 85.
4343 15. 85.
4344 15. 85.
4345 15. 85.
4346 15. 85.
4347 15. 85.
4348 16. 84.
4349 16. 84.
4350 16. 84.
4351 16. 84.
4352 16. 84.
4353 16. 84.
4354 16. 84.
4355 16. 84.
4356 16. 84.
4357 16. 84.
4358 16. 84.
4359 16. 84.
4360 16. 84.
4361 16. 84.
4362 16. 84.
4363 16. 84.
4364 16. 84.
4365 16. 84.
4366 16. 84.
4367 17. 83.
4368 16. 84.
4369 16. 84.
4370 17. 83.
4371 17. 83.
4372 17. 83.
4373 17. 83.
4374 17. 83.
4375 17. 83.
4376 17. 83.
4377 17. 83.
4378 17. 83.
4379 17. 83.
4380 18. 82.
4381 18. 82.
4382 18. 82.
4383 18. 82.
4384 19. 81.
4385 19. 81.
4386 19. 81.
4387 19. 81.
4388 19. 81.
4389 19. 81.
4390 19. 81.
4391 18. 82.
4392 18. 82.
4393 18. 82.
4394 17. 83.
4395 17. 83.
4396 17. 83.
4397 18. 82.
4398 18. 82.
4399 17. 83.
4400 17. 83.
4401 17. 83.
4402 17. 83.
4403 17. 83.
4404 17. 83.
4405 17. 83.
4406 17. 83.
4407 17. 83.
4408 17. 83.
4409 17. 83.
4410 17. 83.
4411 18. 82.
4412 18. 82.
4413 17. 83.
4414 17. 83.
4415 18. 82.
4416 18. 82.
4417 18. 82.
4418 18. 82.
4419 18. 82.
4420 18. 82.
4421 17. 83.
4422 18. 82.
4423 18. 82.
4424 18. 82.
4425 18. 82.
4426 18. 82.
4427 19. 81.
4428 18. 82.
4429 18. 82.
4430 18. 82.
4431 18. 82.
4432 18. 82.
4433 18. 82.
4434 18. 82.
4435 18. 82.
4436 18. 82.
4437 18. 82.
4438 18. 82.
4439 18. 82.
4440 18. 82.
4441 18. 82.
4442 18. 82.
4443 17. 83.
4444 17. 83.
4445 17. 83.
4446 17. 83.
4447 17. 83.
4448 17. 83.
4449 17. 83.
4450 17. 83.
4451 17. 83.
4452 17. 83.
4453 17. 83.
4454 16. 84.
4455 16. 84.
4456 16. 84.
4457 17. 83.
4458 17. 83.
4459 17. 83.
4460 17. 83.
4461 17. 83.
4462 18. 82.
4463 18. 82.
4464 18. 82.
4465 18. 82.
4466 18. 82.
4467 18. 82.
4468 18. 82.
4469 18. 82.
4470 18. 82.
4471 18. 82.
4472 18. 82.
4473 19. 81.
4474 19. 81.
4475 19. 81.
4476 18. 82.
4477 18. 82.
4478 18. 82.
4479 18. 82.
4480 17. 83.
4481 17. 83.
4482 17. 83.
4483 17. 83.
4484 17. 83.
4485 17. 83.
4486 17. 83.
4487 17. 83.
4488 16. 84.
4489 16. 84.
4490 16. 84.
4491 16. 84.
4492 16. 84.
4493 16. 84.
4494 16. 84.
4495 15. 85.
4496 15. 85.
4497 15. 85.
4498 16. 84.
4499 16. 84.
4500 16. 84.
4501 16. 84.
4502 16. 84.
4503 17. 83.
4504 17. 83.
4505 17. 83.
4506 17. 83.
4507 17. 83.
4508 17. 83.
4509 18. 82.
4510 18. 82.
4511 17. 83.
4512 16. 84.
4513 16. 84.
4514 16. 84.
4515 16. 84.
4516 15. 85.
4517 15. 85.
4518 15. 85.
4519 15. 85.
4520 14. 86.
4521 14. 86.
4522 14. 86.
4523 14. 86.
4524 14. 86.
4525 14. 86.
4526 15. 85.
4527 15. 85.
4528 15. 85.
4529 15. 85.
4530 15. 85.
4531 15. 85.
4532 15. 85.
4533 16. 84.
4534 16. 84.
4535 16. 84.
4536 16. 84.
4537 16. 84.
4538 16. 84.
4539 16. 84.
4540 16. 84.
4541 16. 84.
4542 16. 84.
4543 16. 84.
4544 16. 84.
4545 15. 85.
4546 15. 85.
4547 16. 84.
4548 16. 84.
4549 16. 84.
4550 17. 83.
4551 17. 83.
4552 17. 83.
4553 17. 83.
4554 16. 84.
4555 15. 85.
4556 15. 85.
4557 15. 85.
4558 15. 85.
4559 15. 85.
4560 15. 85.
4561 15. 85.
4562 15. 85.
4563 15. 85.
4564 15. 85.
4565 16. 84.
4566 16. 84.
4567 16. 84.
4568 16. 84.
4569 16. 84.
4570 16. 84.
4571 16. 84.
4572 16. 84.
4573 16. 84.
4574 16. 84.
4575 16. 84.
4576 15. 85.
4577 15. 85.
4578 15. 85.
4579 15. 85.
4580 15. 85.
4581 15. 85.
4582 15. 85.
4583 15. 85.
4584 14. 86.
4585 14. 86.
4586 14. 86.
4587 14. 86.
4588 14. 86.
4589 14. 86.
4590 14. 86.
4591 14. 86.
4592 14. 86.
4593 14. 86.
4594 14. 86.
4595 14. 86.
4596 14. 86.
4597 14. 86.
4598 14. 86.
4599 14. 86.
4600 14. 86.
4601 13. 87.
4602 13. 87.
4603 13. 87.
4604 13. 87.
4605 13. 87.
4606 13. 87.
4607 13. 87.
4608 13. 87.
4609 13. 87.
4610 13. 87.
4611 14. 86.
4612 14. 86.
4613 14. 86.
4614 14. 86.
4615 14. 86.
4616 14. 86.
4617 14. 86.
4618 14. 86.
4619 14. 86.
4620 14. 86.
4621 14. 86.
4622 14. 86.
4623 14. 86.
4624 14. 86.
4625 14. 86.
4626 14. 86.
4627 14. 86.
4628 14. 86.
4629 14. 86.
4630 14. 86.
4631 14. 86.
4632 14. 86.
4633 14. 86.
4634 14. 86.
4635 14. 86.
4636 14. 86.
4637 14. 86.
4638 14. 86.
4639 14. 86.
4640 14. 86.
4641 15. 85.
4642 15. 85.
4643 15. 85.
4644 15. 85.
4645 15. 85.
4646 15. 85.
4647 15. 85.
4648 15. 85.
4649 15. 85.
4650 16. 84.
4651 16. 84.
4652 16. 84.
4653 16. 84.
4654 16. 84.
4655 16. 84.
4656 16. 84.
4657 16. 84.
4658 16. 84.
4659 16. 84.
4660 16. 84.
4661 16. 84.
4662 16. 84.
4663 16. 84.
4664 16. 84.
4665 16. 84.
4666 16. 84.
4667 17. 83.
4668 17. 83.
4669 17. 83.
4670 17. 83.
4671 17. 83.
4672 17. 83.
4673 17. 83.
4674 17. 83.
4675 17. 83.
4676 17. 83.
4677 18. 82.
4678 18. 82.
4679 18. 82.
4680 18. 82.
4681 17. 83.
4682 17. 83.
4683 17. 83.
4684 17. 83.
4685 17. 83.
4686 17. 83.
4687 18. 82.
4688 18. 82.
4689 18. 82.
4690 18. 82.
4691 18. 82.
4692 18. 82.
4693 18. 82.
4694 18. 82.
4695 19. 81.
4696 19. 81.
4697 19. 81.
4698 19. 81.
4699 18. 82.
4700 18. 82.
4701 18. 82.
4702 18. 82.
4703 18. 82.
4704 18. 82.
4705 18. 82.
4706 18. 82.
4707 18. 82.
4708 18. 82.
4709 18. 82.
4710 18. 82.
4711 18. 82.
4712 18. 82.
4713 18. 82.
4714 17. 83.
4715 17. 83.
4716 17. 83.
4717 17. 83.
4718 17. 83.
4719 16. 84.
4720 16. 84.
4721 16. 84.
4722 16. 84.
4723 16. 84.
4724 17. 83.
4725 17. 83.
4726 17. 83.
4727 16. 84.
4728 16. 84.
4729 17. 83.
4730 17. 83.
4731 17. 83.
4732 17. 83.
4733 17. 83.
4734 17. 83.
4735 17. 83.
4736 16. 84.
4737 16. 84.
4738 16. 84.
4739 16. 84.
4740 16. 84.
4741 16. 84.
4742 16. 84.
4743 16. 84.
4744 16. 84.
4745 16. 84.
4746 16. 84.
4747 16. 84.
4748 16. 84.
4749 16. 84.
4750 16. 84.
4751 16. 84.
4752 16. 84.
4753 16. 84.
4754 16. 84.
4755 16. 84.
4756 16. 84.
4757 16. 84.
4758 16. 84.
4759 15. 85.
4760 15. 85.
4761 15. 85.
4762 14. 86.
4763 14. 86.
4764 14. 86.
4765 14. 86.
4766 14. 86.
4767 14. 86.
4768 14. 86.
4769 14. 86.
4770 14. 86.
4771 14. 86.
4772 14. 86.
4773 14. 86.
4774 15. 85.
4775 16. 84.
4776 16. 84.
4777 17. 83.
4778 17. 83.
4779 17. 83.
4780 18. 82.
4781 18. 82.
4782 18. 82.
4783 18. 82.
4784 18. 82.
4785 18. 82.
4786 18. 82.
4787 18. 82.
4788 17. 83.
4789 17. 83.
4790 17. 83.
4791 17. 83.
4792 17. 83.
4793 17. 83.
4794 17. 83.
4795 17. 83.
4796 17. 83.
4797 17. 83.
4798 17. 83.
4799 17. 83.
4800 17. 83.
4801 17. 83.
4802 17. 83.
4803 17. 83.
4804 17. 83.
4805 17. 83.
4806 17. 83.
4807 17. 83.
4808 17. 83.
4809 17. 83.
4810 17. 83.
4811 17. 83.
4812 17. 83.
4813 17. 83.
4814 16. 84.
4815 16. 84.
4816 16. 84.
4817 16. 84.
4818 16. 84.
4819 16. 84.
4820 16. 84.
4821 16. 84.
4822 16. 84.
4823 17. 83.
4824 17. 83.
4825 17. 83.
4826 17. 83.
4827 17. 83.
4828 17. 83.
4829 17. 83.
4830 17. 83.
4831 17. 83.
4832 18. 82.
4833 18. 82.
4834 17. 83.
4835 17. 83.
4836 17. 83.
4837 17. 83.
4838 17. 83.
4839 17. 83.
4840 17. 83.
4841 17. 83.
4842 17. 83.
4843 17. 83.
4844 18. 82.
4845 18. 82.
4846 18. 82.
4847 18. 82.
4848 18. 82.
4849 18. 82.
4850 18. 82.
4851 18. 82.
4852 18. 82.
4853 18. 82.
4854 18. 82.
4855 18. 82.
4856 18. 82.
4857 18. 82.
4858 18. 82.
4859 18. 82.
4860 17. 83.
4861 18. 82.
4862 19. 81.
4863 19. 81.
4864 19. 81.
4865 19. 81.
4866 19. 81.
4867 19. 81.
4868 19. 81.
4869 19. 81.
4870 19. 81.
4871 19. 81.
4872 19. 81.
4873 19. 81.
4874 19. 81.
4875 19. 81.
4876 19. 81.
4877 19. 81.
4878 19. 81.
4879 19. 81.
4880 19. 81.
4881 19. 81.
4882 19. 81.
4883 18. 82.
4884 18. 82.
4885 18. 82.
4886 18. 82.
4887 18. 82.
4888 18. 82.
4889 18. 82.
4890 18. 82.
4891 18. 82.
4892 18. 82.
4893 18. 82.
4894 18. 82.
4895 19. 81.
4896 19. 81.
4897 19. 81.
4898 19. 81.
4899 20. 80.
4900 20. 80.
4901 20. 80.
4902 20. 80.
4903 19. 81.
4904 19. 81.
4905 19. 81.
4906 19. 81.
4907 18. 82.
4908 18. 82.
4909 18. 82.
4910 18. 82.
4911 18. 82.
4912 17. 83.
4913 17. 83.
4914 17. 83.
4915 17. 83.
4916 17. 83.
4917 17. 83.
4918 17. 83.
4919 17. 83.
4920 18. 82.
4921 18. 82.
4922 18. 82.
4923 18. 82.
4924 18. 82.
4925 18. 82.
4926 18. 82.
4927 17. 83.
4928 17. 83.
4929 17. 83.
4930 17. 83.
4931 17. 83.
4932 17. 83.
4933 17. 83.
4934 17. 83.
4935 17. 83.
4936 17. 83.
4937 17. 83.
4938 18. 82.
4939 18. 82.
4940 18. 82.
4941 18. 82.
4942 18. 82.
4943 18. 82.
4944 18. 82.
4945 18. 82.
4946 18. 82.
4947 18. 82.
4948 18. 82.
4949 18. 82.
4950 18. 82.
4951 18. 82.
4952 18. 82.
4953 18. 82.
4954 18. 82.
4955 18. 82.
4956 18. 82.
4957 18. 82.
4958 18. 82.
4959 18. 82.
4960 17. 83.
4961 16. 84.
4962 15. 85.
4963 16. 84.
4964 16. 84.
4965 16. 84.
4966 16. 84.
4967 16. 84.
4968 16. 84.
4969 16. 84.
4970 16. 84.
4971 16. 84.
4972 16. 84.
4973 16. 84.
4974 16. 84.
4975 17. 83.
4976 16. 84.
4977 16. 84.
4978 16. 84.
4979 16. 84.
4980 16. 84.
4981 16. 84.
4982 16. 84.
4983 16. 84.
4984 16. 84.
4985 16. 84.
4986 16. 84.
4987 16. 84.
4988 16. 84.
4989 16. 84.
4990 16. 84.
4991 16. 84.
4992 16. 84.
4993 16. 84.
4994 15. 85.
4995 15. 85.
4996 15. 85.
4997 16. 84.
4998 16. 84.
4999 16. 84.
5000 16. 84.
5001 16. 84.
5002 16. 84.
5003 16. 84.
5004 16. 84.
5005 16. 84.
5006 16. 84.
5007 16. 84.
5008 16. 84.
5009 16. 84.
5010 17. 83.
5011 17. 83.
5012 17. 83.
5013 17. 83.
5014 17. 83.
5015 17. 83.
5016 17. 83.
5017 17. 83.
5018 17. 83.
5019 17. 83.
5020 17. 83.
5021 17. 83.
5022 17. 83.
5023 17. 83.
5024 17. 83.
5025 17. 83.
5026 16. 84.
5027 15. 85.
5028 15. 85.
5029 16. 84.
5030 15. 85.
5031 15. 85.
5032 15. 85.
5033 15. 85.
5034 15. 85.
5035 15. 85.
5036 15. 85.
5037 15. 85.
5038 15. 85.
5039 15. 85.
5040 15. 85.
5041 15. 85.
5042 15. 85.
5043 15. 85.
5044 14. 86.
5045 14. 86.
5046 14. 86.
5047 14. 86.
5048 15. 85.
5049 15. 85.
5050 14. 86.
5051 14. 86.
5052 15. 85.
5053 15. 85.
5054 16. 84.
5055 16. 84.
5056 16. 84.
5057 16. 84.
5058 17. 83.
5059 17. 83.
5060 18. 82.
5061 18. 82.
5062 18. 82.
5063 18. 82.
5064 18. 82.
5065 17. 83.
5066 17. 83.
5067 17. 83.
5068 17. 83.
5069 17. 83.
5070 17. 83.
5071 16. 84.
5072 16. 84.
5073 16. 84.
5074 16. 84.
5075 16. 84.
5076 16. 84.
5077 16. 84.
5078 16. 84.
5079 16. 84.
5080 16. 84.
5081 17. 83.
5082 17. 83.
5083 17. 83.
5084 17. 83.
5085 17. 83.
5086 17. 83.
5087 16. 84.
5088 16. 84.
5089 16. 84.
5090 16. 84.
5091 16. 84.
5092 16. 84.
5093 16. 84.
5094 16. 84.
5095 16. 84.
5096 16. 84.
5097 16. 84.
5098 16. 84.
5099 16. 84.
5100 15. 85.
5101 15. 85.
5102 15. 85.
5103 15. 85.
5104 15. 85.
5105 14. 86.
5106 14. 86.
5107 14. 86.
5108 14. 86.
5109 14. 86.
5110 14. 86.
5111 14. 86.
5112 14. 86.
5113 14. 86.
5114 14. 86.
5115 14. 86.
5116 14. 86.
5117 14. 86.
5118 15. 85.
5119 15. 85.
5120 15. 85.
5121 15. 85.
5122 15. 85.
5123 15. 85.
5124 15. 85.
5125 15. 85.
5126 15. 85.
5127 15. 85.
5128 15. 85.
5129 15. 85.
5130 15. 85.
5131 15. 85.
5132 15. 85.
5133 15. 85.
5134 15. 85.
5135 15. 85.
5136 15. 85.
5137 15. 85.
5138 15. 85.
5139 15. 85.
5140 15. 85.
5141 15. 85.
5142 15. 85.
5143 15. 85.
5144 15. 85.
5145 15. 85.
5146 15. 85.
5147 15. 85.
5148 15. 85.
5149 15. 85.
5150 14. 86.
5151 14. 86.
5152 15. 85.
5153 15. 85.
5154 15. 85.
5155 15. 85.
5156 14. 86.
5157 14. 86.
5158 14. 86.
5159 13. 87.
5160 13. 87.
5161 13. 87.
5162 13. 87.
5163 13. 87.
5164 13. 87.
5165 14. 86.
5166 14. 86.
5167 15. 85.
5168 15. 85.
5169 15. 85.
5170 15. 85.
5171 15. 85.
5172 16. 84.
5173 16. 84.
5174 16. 84.
5175 16. 84.
5176 16. 84.
5177 16. 84.
5178 17. 83.
5179 17. 83.
5180 17. 83.
5181 17. 83.
5182 17. 83.
5183 17. 83.
5184 17. 83.
5185 17. 83.
5186 17. 83.
5187 17. 83.
5188 17. 83.
5189 17. 83.
5190 17. 83.
5191 17. 83.
5192 17. 83.
5193 17. 83.
5194 17. 83.
5195 17. 83.
5196 17. 83.
5197 16. 84.
5198 16. 84.
5199 16. 84.
5200 16. 84.
5201 16. 84.
5202 16. 84.
5203 16. 84.
5204 16. 84.
5205 16. 84.
5206 16. 84.
5207 16. 84.
5208 16. 84.
5209 16. 84.
5210 16. 84.
5211 16. 84.
5212 16. 84.
5213 16. 84.
5214 17. 83.
5215 17. 83.
5216 18. 82.
5217 18. 82.
5218 17. 83.
5219 17. 83.
5220 17. 83.
5221 17. 83.
5222 17. 83.
5223 17. 83.
5224 17. 83.
5225 17. 83.
5226 17. 83.
5227 17. 83.
5228 17. 83.
5229 18. 82.
5230 18. 82.
5231 18. 82.
5232 18. 82.
5233 18. 82.
5234 18. 82.
5235 18. 82.
5236 18. 82.
5237 18. 82.
5238 19. 81.
5239 19. 81.
5240 19. 81.
5241 19. 81.
5242 20. 80.
5243 20. 80.
5244 20. 80.
5245 20. 80.
5246 20. 80.
5247 20. 80.
5248 20. 80.
5249 20. 80.
5250 20. 80.
5251 20. 80.
5252 20. 80.
5253 20. 80.
5254 20. 80.
5255 20. 80.
5256 20. 80.
5257 20. 80.
5258 20. 80.
5259 20. 80.
5260 21. 79.
5261 20. 80.
5262 20. 80.
5263 20. 80.
5264 20. 80.
5265 20. 80.
5266 20. 80.
5267 20. 80.
5268 20. 80.
5269 20. 80.
5270 20. 80.
5271 20. 80.
5272 20. 80.
5273 20. 80.
5274 20. 80.
5275 20. 80.
5276 20. 80.
5277 20. 80.
5278 20. 80.
5279 20. 80.
5280 20. 80.
5281 20. 80.
5282 20. 80.
5283 20. 80.
5284 20. 80.
5285 20. 80.
5286 20. 80.
5287 20. 80.
5288 20. 80.
5289 20. 80.
5290 20. 80.
5291 20. 80.
5292 20. 80.
5293 20. 80.
5294 20. 80.
5295 20. 80.
5296 20. 80.
5297 20. 80.
5298 20. 80.
5299 20. 80.
5300 20. 80.
5301 20. 80.
5302 20. 80.
5303 20. 80.
5304 20. 80.
5305 19. 81.
5306 18. 82.
5307 18. 82.
5308 17. 83.
5309 17. 83.
5310 17. 83.
5311 17. 83.
5312 17. 83.
5313 18. 82.
5314 18. 82.
5315 18. 82.
5316 18. 82.
5317 18. 82.
5318 18. 82.
5319 18. 82.
5320 18. 82.
5321 18. 82.
5322 18. 82.
5323 17. 83.
5324 17. 83.
5325 17. 83.
5326 17. 83.
5327 17. 83.
5328 17. 83.
5329 17. 83.
5330 17. 83.
5331 17. 83.
5332 17. 83.
5333 17. 83.
5334 17. 83.
5335 17. 83.
5336 17. 83.
5337 17. 83.
5338 17. 83.
5339 17. 83.
5340 17. 83.
5341 17. 83.
5342 17. 83.
5343 17. 83.
5344 17. 83.
5345 17. 83.
5346 17. 83.
5347 17. 83.
5348 17. 83.
5349 18. 82.
5350 18. 82.
5351 18. 82.
5352 18. 82.
5353 18. 82.
5354 18. 82.
5355 18. 82.
5356 18. 82.
5357 18. 82.
5358 19. 81.
5359 19. 81.
5360 19. 81.
5361 19. 81.
5362 19. 81.
5363 19. 81.
5364 19. 81.
5365 19. 81.
5366 19. 81.
5367 19. 81.
5368 19. 81.
5369 19. 81.
5370 19. 81.
5371 19. 81.
5372 19. 81.
5373 19. 81.
5374 19. 81.
5375 19. 81.
5376 19. 81.
5377 19. 81.
5378 19. 81.
5379 19. 81.
5380 19. 81.
5381 19. 81.
5382 19. 81.
5383 19. 81.
5384 19. 81.
5385 19. 81.
5386 19. 81.
5387 18. 82.
5388 18. 82.
5389 18. 82.
5390 18. 82.
5391 18. 82.
5392 18. 82.
5393 18. 82.
5394 17. 83.
5395 17. 83.
5396 17. 83.
5397 17. 83.
5398 17. 83.
5399 17. 83.
5400 17. 83.
5401 17. 83.
5402 17. 83.
5403 17. 83.
5404 16. 84.
5405 16. 84.
5406 16. 84.
5407 16. 84.
5408 16. 84.
5409 16. 84.
5410 16. 84.
5411 16. 84.
5412 16. 84.
5413 16. 84.
5414 16. 84.
5415 16. 84.
5416 16. 84.
5417 16. 84.
5418 16. 84.
5419 16. 84.
5420 16. 84.
5421 16. 84.
5422 16. 84.
5423 17. 83.
5424 17. 83.
5425 17. 83.
5426 16. 84.
5427 17. 83.
5428 17. 83.
5429 17. 83.
5430 17. 83.
5431 17. 83.
5432 17. 83.
5433 17. 83.
5434 17. 83.
5435 16. 84.
5436 16. 84.
5437 16. 84.
5438 16. 84.
5439 16. 84.
5440 15. 85.
5441 15. 85.
5442 15. 85.
5443 15. 85.
5444 15. 85.
5445 15. 85.
5446 15. 85.
5447 15. 85.
5448 15. 85.
5449 15. 85.
5450 15. 85.
5451 15. 85.
5452 15. 85.
5453 16. 84.
5454 16. 84.
5455 16. 84.
5456 16. 84.
5457 16. 84.
5458 16. 84.
5459 16. 84.
5460 16. 84.
5461 16. 84.
5462 16. 84.
5463 16. 84.
5464 16. 84.
5465 16. 84.
5466 16. 84.
5467 16. 84.
5468 15. 85.
5469 15. 85.
5470 15. 85.
5471 15. 85.
5472 14. 86.
5473 14. 86.
5474 14. 86.
5475 14. 86.
5476 14. 86.
5477 14. 86.
5478 13. 87.
5479 13. 87.
5480 13. 87.
5481 13. 87.
5482 13. 87.
5483 12. 88.
5484 12. 88.
5485 12. 88.
5486 12. 88.
5487 13. 87.
5488 13. 87.
5489 13. 87.
5490 13. 87.
5491 13. 87.
5492 13. 87.
5493 13. 87.
5494 13. 87.
5495 13. 87.
5496 14. 86.
5497 14. 86.
5498 14. 86.
5499 14. 86.
5500 14. 86.
5501 14. 86.
5502 13. 87.
5503 13. 87.
5504 13. 87.
5505 13. 87.
5506 13. 87.
5507 12. 88.
5508 12. 88.
5509 12. 88.
5510 13. 87.
5511 13. 87.
5512 13. 87.
5513 13. 87.
5514 13. 87.
5515 13. 87.
5516 13. 87.
5517 13. 87.
5518 13. 87.
5519 13. 87.
5520 13. 87.
5521 13. 87.
5522 13. 87.
5523 13. 87.
5524 13. 87.
5525 12. 88.
5526 12. 88.
5527 11. 89.
5528 11. 89.
5529 11. 89.
5530 11. 89.
5531 11. 89.
5532 11. 89.
5533 11. 89.
5534 11. 89.
5535 11. 89.
5536 11. 89.
5537 11. 89.
5538 11. 89.
5539 11. 89.
5540 12. 88.
5541 12. 88.
5542 12. 88.
5543 12. 88.
5544 12. 88.
5545 12. 88.
5546 12. 88.
5547 12. 88.
5548 12. 88.
5549 12. 88.
5550 12. 88.
5551 12. 88.
5552 12. 88.
5553 12. 88.
5554 11. 89.
5555 11. 89.
5556 11. 89.
5557 11. 89.
5558 12. 88.
5559 12. 88.
5560 12. 88.
5561 12. 88.
5562 12. 88.
5563 12. 88.
5564 12. 88.
5565 12. 88.
5566 11. 89.
5567 11. 89.
5568 11. 89.
5569 12. 88.
5570 12. 88.
5571 11. 89.
5572 11. 89.
5573 11. 89.
5574 12. 88.
5575 12. 88.
5576 12. 88.
5577 13. 87.
5578 13. 87.
5579 13. 87.
5580 13. 87.
5581 14. 86.
5582 14. 86.
5583 15. 85.
5584 15. 85.
5585 15. 85.
5586 15. 85.
5587 15. 85.
5588 16. 84.
5589 16. 84.
5590 17. 83.
5591 16. 84.
5592 16. 84.
5593 16. 84.
5594 16. 84.
5595 16. 84.
5596 16. 84.
5597 15. 85.
5598 15. 85.
5599 15. 85.
5600 15. 85.
5601 15. 85.
5602 15. 85.
5603 15. 85.
5604 15. 85.
5605 15. 85.
5606 15. 85.
5607 14. 86.
5608 14. 86.
5609 14. 86.
5610 14. 86.
5611 14. 86.
5612 14. 86.
5613 14. 86.
5614 13. 87.
5615 13. 87.
5616 14. 86.
5617 14. 86.
5618 13. 87.
5619 13. 87.
5620 13. 87.
5621 13. 87.
5622 13. 87.
5623 13. 87.
5624 13. 87.
5625 13. 87.
5626 13. 87.
5627 12. 88.
5628 12. 88.
5629 13. 87.
5630 13. 87.
5631 13. 87.
5632 13. 87.
5633 13. 87.
5634 13. 87.
5635 13. 87.
5636 13. 87.
5637 13. 87.
5638 13. 87.
5639 13. 87.
5640 13. 87.
5641 13. 87.
5642 12. 88.
5643 12. 88.
5644 13. 87.
5645 13. 87.
5646 13. 87.
5647 13. 87.
5648 13. 87.
5649 13. 87.
5650 13. 87.
5651 13. 87.
5652 13. 87.
5653 13. 87.
5654 13. 87.
5655 13. 87.
5656 13. 87.
5657 13. 87.
5658 13. 87.
5659 14. 86.
5660 14. 86.
5661 14. 86.
5662 14. 86.
5663 14. 86.
5664 14. 86.
5665 14. 86.
5666 14. 86.
5667 14. 86.
5668 14. 86.
5669 14. 86.
5670 14. 86.
5671 14. 86.
5672 14. 86.
5673 13. 87.
5674 13. 87.
5675 13. 87.
5676 13. 87.
5677 13. 87.
5678 13. 87.
5679 13. 87.
5680 13. 87.
5681 12. 88.
5682 12. 88.
5683 12. 88.
5684 12. 88.
5685 11. 89.
5686 11. 89.
5687 11. 89.
5688 11. 89.
5689 11. 89.
5690 11. 89.
5691 11. 89.
5692 10. 90.
5693 10. 90.
5694 11. 89.
5695 11. 89.
5696 11. 89.
5697 11. 89.
5698 11. 89.
5699 11. 89.
5700 11. 89.
5701 11. 89.
5702 12. 88.
5703 12. 88.
5704 12. 88.
5705 12. 88.
5706 12. 88.
5707 12. 88.
5708 12. 88.
5709 11. 89.
5710 11. 89.
5711 11. 89.
5712 11. 89.
5713 11. 89.
5714 11. 89.
5715 12. 88.
5716 12. 88.
5717 12. 88.
5718 12. 88.
5719 12. 88.
5720 12. 88.
5721 12. 88.
5722 12. 88.
5723 12. 88.
5724 12. 88.
5725 12. 88.
5726 12. 88.
5727 12. 88.
5728 12. 88.
5729 12. 88.
5730 12. 88.
5731 12. 88.
5732 11. 89.
5733 11. 89.
5734 11. 89.
5735 11. 89.
5736 11. 89.
5737 11. 89.
5738 11. 89.
5739 11. 89.
5740 11. 89.
5741 10. 90.
5742 10. 90.
5743 10. 90.
5744 10. 90.
5745 10. 90.
5746 10. 90.
5747 9. 91.
5748 9. 91.
5749 9. 91.
5750 9. 91.
5751 9. 91.
5752 9. 91.
5753 9. 91.
5754 9. 91.
5755 9. 91.
5756 9. 91.
5757 9. 91.
5758 9. 91.
5759 9. 91.
5760 9. 91.
5761 9. 91.
5762 9. 91.
5763 9. 91.
5764 9. 91.
5765 9. 91.
5766 9. 91.
5767 9. 91.
5768 9. 91.
5769 9. 91.
5770 9. 91.
5771 10. 90.
5772 10. 90.
5773 10. 90.
5774 10. 90.
5775 10. 90.
5776 10. 90.
5777 10. 90.
5778 10. 90.
5779 10. 90.
5780 10. 90.
5781 10. 90.
5782 11. 89.
5783 11. 89.
5784 12. 88.
5785 12. 88.
5786 12. 88.
5787 12. 88.
5788 12. 88.
5789 12. 88.
5790 12. 88.
5791 12. 88.
5792 12. 88.
5793 12. 88.
5794 12. 88.
5795 12. 88.
5796 12. 88.
5797 12. 88.
5798 12. 88.
5799 12. 88.
5800 13. 87.
5801 13. 87.
5802 13. 87.
5803 14. 86.
5804 14. 86.
5805 14. 86.
5806 13. 87.
5807 13. 87.
5808 13. 87.
5809 13. 87.
5810 13. 87.
5811 13. 87.
5812 13. 87.
5813 13. 87.
5814 13. 87.
5815 13. 87.
5816 13. 87.
5817 13. 87.
5818 13. 87.
5819 13. 87.
5820 14. 86.
5821 14. 86.
5822 14. 86.
5823 14. 86.
5824 14. 86.
5825 14. 86.
5826 13. 87.
5827 13. 87.
5828 13. 87.
5829 13. 87.
5830 13. 87.
5831 13. 87.
5832 13. 87.
5833 13. 87.
5834 13. 87.
5835 13. 87.
5836 13. 87.
5837 13. 87.
5838 13. 87.
5839 13. 87.
5840 13. 87.
5841 13. 87.
5842 12. 88.
5843 12. 88.
5844 12. 88.
5845 13. 87.
5846 13. 87.
5847 13. 87.
5848 13. 87.
5849 13. 87.
5850 13. 87.
5851 13. 87.
5852 13. 87.
5853 13. 87.
5854 13. 87.
5855 13. 87.
5856 13. 87.
5857 13. 87.
5858 13. 87.
5859 13. 87.
5860 13. 87.
5861 13. 87.
5862 13. 87.
5863 13. 87.
5864 13. 87.
5865 13. 87.
5866 13. 87.
5867 13. 87.
5868 13. 87.
5869 14. 86.
5870 14. 86.
5871 14. 86.
5872 14. 86.
5873 14. 86.
5874 14. 86.
5875 14. 86.
5876 14. 86.
5877 14. 86.
5878 14. 86.
5879 14. 86.
5880 14. 86.
5881 14. 86.
5882 14. 86.
5883 14. 86.
5884 14. 86.
5885 14. 86.
5886 14. 86.
5887 14. 86.
5888 14. 86.
5889 14. 86.
5890 14. 86.
5891 14. 86.
5892 14. 86.
5893 14. 86.
5894 14. 86.
5895 14. 86.
5896 14. 86.
5897 14. 86.
5898 14. 86.
5899 13. 87.
5900 13. 87.
5901 13. 87.
5902 13. 87.
5903 13. 87.
5904 13. 87.
5905 13. 87.
5906 13. 87.
5907 13. 87.
5908 13. 87.
5909 12. 88.
5910 12. 88.
5911 12. 88.
5912 12. 88.
5913 12. 88.
5914 12. 88.
5915 12. 88.
5916 12. 88.
5917 12. 88.
5918 12. 88.
5919 12. 88.
5920 12. 88.
5921 12. 88.
5922 12. 88.
5923 12. 88.
5924 13. 87.
5925 13. 87.
5926 13. 87.
5927 13. 87.
5928 13. 87.
5929 13. 87.
5930 13. 87.
5931 13. 87.
5932 13. 87.
5933 13. 87.
5934 13. 87.
5935 13. 87.
5936 13. 87.
5937 13. 87.
5938 13. 87.
5939 13. 87.
5940 13. 87.
5941 13. 87.
5942 13. 87.
5943 13. 87.
5944 13. 87.
5945 13. 87.
5946 13. 87.
5947 13. 87.
5948 13. 87.
5949 13. 87.
5950 13. 87.
5951 13. 87.
5952 13. 87.
5953 13. 87.
5954 13. 87.
5955 13. 87.
5956 13. 87.
5957 13. 87.
5958 13. 87.
5959 13. 87.
5960 13. 87.
5961 13. 87.
5962 13. 87.
5963 13. 87.
5964 13. 87.
5965 13. 87.
5966 13. 87.
5967 13. 87.
5968 13. 87.
5969 13. 87.
5970 13. 87.
5971 13. 87.
5972 12. 88.
5973 12. 88.
5974 12. 88.
5975 12. 88.
5976 12. 88.
5977 12. 88.
5978 12. 88.
5979 13. 87.
5980 13. 87.
5981 13. 87.
5982 13. 87.
5983 13. 87.
5984 13. 87.
5985 13. 87.
5986 12. 88.
5987 12. 88.
5988 12. 88.
5989 12. 88.
5990 12. 88.
5991 12. 88.
5992 12. 88.
5993 12. 88.
5994 12. 88.
5995 12. 88.
5996 12. 88.
5997 12. 88.
5998 12. 88.
5999 12. 88.
6000 13. 87.
6001 13. 87.
6002 14. 86.
6003 14. 86.
6004 14. 86.
6005 14. 86.
6006 14. 86.
6007 14. 86.
6008 14. 86.
6009 13. 87.
6010 13. 87.
6011 12. 88.
6012 12. 88.
6013 12. 88.
6014 12. 88.
6015 12. 88.
6016 13. 87.
6017 13. 87.
6018 13. 87.
6019 13. 87.
6020 13. 87.
6021 13. 87.
6022 13. 87.
6023 12. 88.
6024 11. 89.
6025 11. 89.
6026 11. 89.
6027 11. 89.
6028 11. 89.
6029 11. 89.
6030 11. 89.
6031 11. 89.
6032 11. 89.
6033 11. 89.
6034 11. 89.
6035 11. 89.
6036 11. 89.
6037 11. 89.
6038 11. 89.
6039 11. 89.
6040 11. 89.
6041 11. 89.
6042 10. 90.
6043 10. 90.
6044 11. 89.
6045 11. 89.
6046 11. 89.
6047 11. 89.
6048 11. 89.
6049 11. 89.
6050 11. 89.
6051 11. 89.
6052 11. 89.
6053 11. 89.
6054 11. 89.
6055 11. 89.
6056 11. 89.
6057 11. 89.
6058 11. 89.
6059 11. 89.
6060 11. 89.
6061 11. 89.
6062 11. 89.
6063 11. 89.
6064 11. 89.
6065 11. 89.
6066 11. 89.
6067 11. 89.
6068 11. 89.
6069 11. 89.
6070 11. 89.
6071 11. 89.
6072 11. 89.
6073 11. 89.
6074 11. 89.
6075 11. 89.
6076 11. 89.
6077 11. 89.
6078 11. 89.
6079 11. 89.
6080 11. 89.
6081 11. 89.
6082 11. 89.
6083 11. 89.
6084 11. 89.
6085 11. 89.
6086 11. 89.
6087 10. 90.
6088 10. 90.
6089 10. 90.
6090 10. 90.
6091 11. 89.
6092 11. 89.
6093 11. 89.
6094 11. 89.
6095 11. 89.
6096 11. 89.
6097 11. 89.
6098 11. 89.
6099 11. 89.
6100 11. 89.
6101 11. 89.
6102 11. 89.
6103 11. 89.
6104 11. 89.
6105 11. 89.
6106 11. 89.
6107 11. 89.
6108 11. 89.
6109 11. 89.
6110 11. 89.
6111 11. 89.
6112 11. 89.
6113 11. 89.
6114 11. 89.
6115 11. 89.
6116 11. 89.
6117 11. 89.
6118 11. 89.
6119 11. 89.
6120 11. 89.
6121 10. 90.
6122 10. 90.
6123 10. 90.
6124 10. 90.
6125 10. 90.
6126 10. 90.
6127 9. 91.
6128 9. 91.
6129 9. 91.
6130 9. 91.
6131 9. 91.
6132 9. 91.
6133 9. 91.
6134 9. 91.
6135 9. 91.
6136 9. 91.
6137 9. 91.
6138 9. 91.
6139 9. 91.
6140 9. 91.
6141 9. 91.
6142 9. 91.
6143 9. 91.
6144 9. 91.
6145 9. 91.
6146 9. 91.
6147 9. 91.
6148 9. 91.
6149 9. 91.
6150 9. 91.
6151 9. 91.
6152 9. 91.
6153 9. 91.
6154 9. 91.
6155 9. 91.
6156 9. 91.
6157 10. 90.
6158 10. 90.
6159 10. 90.
6160 9. 91.
6161 9. 91.
6162 9. 91.
6163 9. 91.
6164 9. 91.
6165 9. 91.
6166 8. 92.
6167 8. 92.
6168 8. 92.
6169 8. 92.
6170 8. 92.
6171 8. 92.
6172 8. 92.
6173 8. 92.
6174 8. 92.
6175 8. 92.
6176 8. 92.
6177 8. 92.
6178 8. 92.
6179 8. 92.
6180 8. 92.
6181 8. 92.
6182 9. 91.
6183 9. 91.
6184 9. 91.
6185 9. 91.
6186 9. 91.
6187 9. 91.
6188 9. 91.
6189 9. 91.
6190 9. 91.
6191 9. 91.
6192 9. 91.
6193 9. 91.
6194 9. 91.
6195 9. 91.
6196 9. 91.
6197 9. 91.
6198 9. 91.
6199 9. 91.
6200 9. 91.
6201 8. 92.
6202 8. 92.
6203 8. 92.
6204 8. 92.
6205 8. 92.
6206 8. 92.
6207 7. 93.
6208 7. 93.
6209 7. 93.
6210 7. 93.
6211 7. 93.
6212 7. 93.
6213 7. 93.
6214 7. 93.
6215 8. 92.
6216 8. 92.
6217 8. 92.
6218 8. 92.
6219 8. 92.
6220 8. 92.
6221 8. 92.
6222 8. 92.
6223 8. 92.
6224 8. 92.
6225 8. 92.
6226 8. 92.
6227 8. 92.
6228 8. 92.
6229 8. 92.
6230 8. 92.
6231 8. 92.
6232 8. 92.
6233 8. 92.
6234 8. 92.
6235 8. 92.
6236 8. 92.
6237 8. 92.
6238 8. 92.
6239 8. 92.
6240 8. 92.
6241 8. 92.
6242 8. 92.
6243 9. 91.
6244 9. 91.
6245 9. 91.
6246 9. 91.
6247 8. 92.
6248 9. 91.
6249 9. 91.
6250 9. 91.
6251 9. 91.
6252 10. 90.
6253 10. 90.
6254 10. 90.
6255 10. 90.
6256 10. 90.
6257 10. 90.
6258 10. 90.
6259 10. 90.
6260 10. 90.
6261 10. 90.
6262 10. 90.
6263 10. 90.
6264 10. 90.
6265 10. 90.
6266 10. 90.
6267 10. 90.
6268 10. 90.
6269 10. 90.
6270 10. 90.
6271 10. 90.
6272 10. 90.
6273 10. 90.
6274 10. 90.
6275 10. 90.
6276 10. 90.
6277 9. 91.
6278 9. 91.
6279 9. 91.
6280 9. 91.
6281 9. 91.
6282 9. 91.
6283 9. 91.
6284 9. 91.
6285 9. 91.
6286 9. 91.
6287 9. 91.
6288 9. 91.
6289 9. 91.
6290 9. 91.
6291 9. 91.
6292 9. 91.
6293 9. 91.
6294 9. 91.
6295 9. 91.
6296 9. 91.
6297 9. 91.
6298 9. 91.
6299 9. 91.
6300 9. 91.
6301 9. 91.
6302 9. 91.
6303 9. 91.
6304 9. 91.
6305 9. 91.
6306 9. 91.
6307 9. 91.
6308 9. 91.
6309 9. 91.
6310 9. 91.
6311 9. 91.
6312 9. 91.
6313 9. 91.
6314 9. 91.
6315 9. 91.
6316 9. 91.
6317 9. 91.
6318 9. 91.
6319 9. 91.
6320 9. 91.
6321 9. 91.
6322 9. 91.
6323 9. 91.
6324 9. 91.
6325 9. 91.
6326 9. 91.
6327 8. 92.
6328 8. 92.
6329 7. 93.
6330 7. 93.
6331 7. 93.
6332 7. 93.
6333 7. 93.
6334 7. 93.
6335 7. 93.
6336 7. 93.
6337 7. 93.
6338 7. 93.
6339 7. 93.
6340 7. 93.
6341 7. 93.
6342 7. 93.
6343 7. 93.
6344 7. 93.
6345 7. 93.
6346 7. 93.
6347 7. 93.
6348 8. 92.
6349 8. 92.
6350 8. 92.
6351 8. 92.
6352 8. 92.
6353 8. 92.
6354 8. 92.
6355 8. 92.
6356 8. 92.
6357 8. 92.
6358 8. 92.
6359 8. 92.
6360 8. 92.
6361 8. 92.
6362 8. 92.
6363 8. 92.
6364 8. 92.
6365 8. 92.
6366 8. 92.
6367 8. 92.
6368 8. 92.
6369 8. 92.
6370 8. 92.
6371 8. 92.
6372 8. 92.
6373 8. 92.
6374 8. 92.
6375 8. 92.
6376 7. 93.
6377 7. 93.
6378 7. 93.
6379 7. 93.
6380 7. 93.
6381 7. 93.
6382 7. 93.
6383 7. 93.
6384 7. 93.
6385 7. 93.
6386 7. 93.
6387 7. 93.
6388 7. 93.
6389 7. 93.
6390 7. 93.
6391 7. 93.
6392 7. 93.
6393 7. 93.
6394 7. 93.
6395 7. 93.
6396 7. 93.
6397 7. 93.
6398 7. 93.
6399 7. 93.
6400 7. 93.
6401 7. 93.
6402 7. 93.
6403 7. 93.
6404 7. 93.
6405 7. 93.
6406 7. 93.
6407 7. 93.
6408 7. 93.
6409 7. 93.
6410 7. 93.
6411 7. 93.
6412 7. 93.
6413 7. 93.
6414 7. 93.
6415 7. 93.
6416 7. 93.
6417 7. 93.
6418 7. 93.
6419 7. 93.
6420 7. 93.
6421 7. 93.
6422 7. 93.
6423 7. 93.
6424 7. 93.
6425 7. 93.
6426 7. 93.
6427 7. 93.
6428 7. 93.
6429 7. 93.
6430 7. 93.
6431 7. 93.
6432 7. 93.
6433 7. 93.
6434 7. 93.
6435 7. 93.
6436 7. 93.
6437 7. 93.
6438 7. 93.
6439 7. 93.
6440 7. 93.
6441 7. 93.
6442 7. 93.
6443 7. 93.
6444 7. 93.
6445 7. 93.
6446 7. 93.
6447 7. 93.
6448 7. 93.
6449 7. 93.
6450 7. 93.
6451 7. 93.
6452 7. 93.
6453 7. 93.
6454 7. 93.
6455 7. 93.
6456 7. 93.
6457 7. 93.
6458 7. 93.
6459 7. 93.
6460 7. 93.
6461 7. 93.
6462 8. 92.
6463 8. 92.
6464 9. 91.
6465 9. 91.
6466 9. 91.
6467 9. 91.
6468 9. 91.
6469 10. 90.
6470 10. 90.
6471 10. 90.
6472 10. 90.
6473 10. 90.
6474 10. 90.
6475 11. 89.
6476 11. 89.
6477 11. 89.
6478 11. 89.
6479 11. 89.
6480 11. 89.
6481 11. 89.
6482 11. 89.
6483 11. 89.
6484 10. 90.
6485 10. 90.
6486 10. 90.
6487 10. 90.
6488 10. 90.
6489 10. 90.
6490 10. 90.
6491 10. 90.
6492 10. 90.
6493 10. 90.
6494 10. 90.
6495 10. 90.
6496 10. 90.
6497 10. 90.
6498 10. 90.
6499 10. 90.
6500 10. 90.
6501 10. 90.
6502 10. 90.
6503 10. 90.
6504 10. 90.
6505 10. 90.
6506 10. 90.
6507 10. 90.
6508 10. 90.
6509 10. 90.
6510 10. 90.
6511 10. 90.
6512 10. 90.
6513 10. 90.
6514 9. 91.
6515 9. 91.
6516 9. 91.
6517 9. 91.
6518 9. 91.
6519 9. 91.
6520 9. 91.
6521 9. 91.
6522 8. 92.
6523 9. 91.
6524 9. 91.
6525 9. 91.
6526 8. 92.
6527 8. 92.
6528 8. 92.
6529 8. 92.
6530 7. 93.
6531 7. 93.
6532 7. 93.
6533 7. 93.
6534 7. 93.
6535 7. 93.
6536 7. 93.
6537 7. 93.
6538 7. 93.
6539 7. 93.
6540 7. 93.
6541 7. 93.
6542 7. 93.
6543 7. 93.
6544 7. 93.
6545 7. 93.
6546 7. 93.
6547 7. 93.
6548 7. 93.
6549 7. 93.
6550 7. 93.
6551 7. 93.
6552 7. 93.
6553 7. 93.
6554 7. 93.
6555 7. 93.
6556 7. 93.
6557 7. 93.
6558 7. 93.
6559 7. 93.
6560 7. 93.
6561 7. 93.
6562 7. 93.
6563 7. 93.
6564 7. 93.
6565 7. 93.
6566 7. 93.
6567 7. 93.
6568 7. 93.
6569 7. 93.
6570 7. 93.
6571 7. 93.
6572 7. 93.
6573 7. 93.
6574 7. 93.
6575 7. 93.
6576 7. 93.
6577 7. 93.
6578 6. 94.
6579 6. 94.
6580 6. 94.
6581 6. 94.
6582 6. 94.
6583 6. 94.
6584 6. 94.
6585 7. 93.
6586 7. 93.
6587 7. 93.
6588 7. 93.
6589 7. 93.
6590 7. 93.
6591 7. 93.
6592 7. 93.
6593 7. 93.
6594 7. 93.
6595 8. 92.
6596 8. 92.
6597 8. 92.
6598 8. 92.
6599 8. 92.
6600 8. 92.
6601 8. 92.
6602 8. 92.
6603 8. 92.
6604 8. 92.
6605 8. 92.
6606 8. 92.
6607 8. 92.
6608 8. 92.
6609 8. 92.
6610 8. 92.
6611 8. 92.
6612 8. 92.
6613 8. 92.
6614 8. 92.
6615 8. 92.
6616 8. 92.
6617 8. 92.
6618 8. 92.
6619 8. 92.
6620 8. 92.
6621 8. 92.
6622 8. 92.
6623 8. 92.
6624 8. 92.
6625 8. 92.
6626 8. 92.
6627 8. 92.
6628 7. 93.
6629 7. 93.
6630 7. 93.
6631 7. 93.
6632 7. 93.
6633 7. 93.
6634 7. 93.
6635 7. 93.
6636 7. 93.
6637 7. 93.
6638 7. 93.
6639 7. 93.
6640 7. 93.
6641 7. 93.
6642 7. 93.
6643 7. 93.
6644 7. 93.
6645 7. 93.
6646 8. 92.
6647 8. 92.
6648 8. 92.
6649 8. 92.
6650 8. 92.
6651 8. 92.
6652 8. 92.
6653 8. 92.
6654 8. 92.
6655 9. 91.
6656 9. 91.
6657 9. 91.
6658 9. 91.
6659 9. 91.
6660 9. 91.
6661 10. 90.
6662 9. 91.
6663 9. 91.
6664 8. 92.
6665 8. 92.
6666 8. 92.
6667 8. 92.
6668 8. 92.
6669 8. 92.
6670 8. 92.
6671 8. 92.
6672 8. 92.
6673 8. 92.
6674 8. 92.
6675 8. 92.
6676 8. 92.
6677 8. 92.
6678 7. 93.
6679 8. 92.
6680 8. 92.
6681 8. 92.
6682 8. 92.
6683 8. 92.
6684 8. 92.
6685 8. 92.
6686 8. 92.
6687 8. 92.
6688 8. 92.
6689 8. 92.
6690 8. 92.
6691 8. 92.
6692 9. 91.
6693 9. 91.
6694 9. 91.
6695 9. 91.
6696 9. 91.
6697 9. 91.
6698 9. 91.
6699 8. 92.
6700 8. 92.
6701 8. 92.
6702 8. 92.
6703 8. 92.
6704 8. 92.
6705 8. 92.
6706 8. 92.
6707 8. 92.
6708 8. 92.
6709 8. 92.
6710 8. 92.
6711 8. 92.
6712 8. 92.
6713 8. 92.
6714 8. 92.
6715 8. 92.
6716 8. 92.
6717 8. 92.
6718 8. 92.
6719 8. 92.
6720 8. 92.
6721 8. 92.
6722 8. 92.
6723 8. 92.
6724 8. 92.
6725 8. 92.
6726 8. 92.
6727 8. 92.
6728 8. 92.
6729 8. 92.
6730 8. 92.
6731 8. 92.
6732 8. 92.
6733 8. 92.
6734 8. 92.
6735 8. 92.
6736 8. 92.
6737 9. 91.
6738 9. 91.
6739 8. 92.
6740 8. 92.
6741 8. 92.
6742 8. 92.
6743 8. 92.
6744 8. 92.
6745 8. 92.
6746 8. 92.
6747 8. 92.
6748 8. 92.
6749 8. 92.
6750 8. 92.
6751 8. 92.
6752 8. 92.
6753 8. 92.
6754 8. 92.
6755 8. 92.
6756 8. 92.
6757 8. 92.
6758 8. 92.
6759 8. 92.
6760 8. 92.
6761 8. 92.
6762 8. 92.
6763 8. 92.
6764 8. 92.
6765 8. 92.
6766 7. 93.
6767 7. 93.
6768 7. 93.
6769 7. 93.
6770 7. 93.
6771 7. 93.
6772 7. 93.
6773 7. 93.
6774 7. 93.
6775 7. 93.
6776 7. 93.
6777 7. 93.
6778 7. 93.
6779 7. 93.
6780 7. 93.
6781 7. 93.
6782 7. 93.
6783 7. 93.
6784 7. 93.
6785 7. 93.
6786 7. 93.
6787 7. 93.
6788 7. 93.
6789 7. 93.
6790 7. 93.
6791 7. 93.
6792 7. 93.
6793 7. 93.
6794 7. 93.
6795 7. 93.
6796 7. 93.
6797 7. 93.
6798 7. 93.
6799 7. 93.
6800 7. 93.
6801 7. 93.
6802 7. 93.
6803 7. 93.
6804 7. 93.
6805 7. 93.
6806 7. 93.
6807 7. 93.
6808 7. 93.
6809 7. 93.
6810 7. 93.
6811 7. 93.
6812 7. 93.
6813 7. 93.
6814 7. 93.
6815 8. 92.
6816 8. 92.
6817 8. 92.
6818 8. 92.
6819 8. 92.
6820 8. 92.
6821 8. 92.
6822 8. 92.
6823 8. 92.
6824 8. 92.
6825 8. 92.
6826 8. 92.
6827 8. 92.
6828 8. 92.
6829 8. 92.
6830 8. 92.
6831 8. 92.
6832 8. 92.
6833 8. 92.
6834 8. 92.
6835 8. 92.
6836 8. 92.
6837 7. 93.
6838 7. 93.
6839 7. 93.
6840 7. 93.
6841 7. 93.
6842 7. 93.
6843 7. 93.
6844 7. 93.
6845 7. 93.
6846 7. 93.
6847 7. 93.
6848 7. 93.
6849 7. 93.
6850 7. 93.
6851 7. 93.
6852 7. 93.
6853 7. 93.
6854 7. 93.
6855 7. 93.
6856 7. 93.
6857 7. 93.
6858 7. 93.
6859 7. 93.
6860 7. 93.
6861 7. 93.
6862 7. 93.
6863 7. 93.
6864 7. 93.
6865 7. 93.
6866 7. 93.
6867 7. 93.
6868 7. 93.
6869 7. 93.
6870 7. 93.
6871 7. 93.
6872 7. 93.
6873 6. 94.
6874 6. 94.
6875 6. 94.
6876 6. 94.
6877 6. 94.
6878 6. 94.
6879 6. 94.
6880 6. 94.
6881 6. 94.
6882 6. 94.
6883 6. 94.
6884 6. 94.
6885 6. 94.
6886 6. 94.
6887 6. 94.
6888 6. 94.
6889 6. 94.
6890 6. 94.
6891 6. 94.
6892 6. 94.
6893 6. 94.
6894 6. 94.
6895 6. 94.
6896 6. 94.
6897 6. 94.
6898 6. 94.
6899 6. 94.
6900 6. 94.
6901 6. 94.
6902 6. 94.
6903 6. 94.
6904 6. 94.
6905 6. 94.
6906 6. 94.
6907 6. 94.
6908 6. 94.
6909 6. 94.
6910 6. 94.
6911 6. 94.
6912 6. 94.
6913 6. 94.
6914 7. 93.
6915 7. 93.
6916 7. 93.
6917 7. 93.
6918 7. 93.
6919 7. 93.
6920 7. 93.
6921 7. 93.
6922 6. 94.
6923 6. 94.
6924 6. 94.
6925 6. 94.
6926 6. 94.
6927 6. 94.
6928 6. 94.
6929 6. 94.
6930 6. 94.
6931 6. 94.
6932 6. 94.
6933 6. 94.
6934 6. 94.
6935 6. 94.
6936 6. 94.
6937 6. 94.
6938 6. 94.
6939 6. 94.
6940 6. 94.
6941 6. 94.
6942 6. 94.
6943 6. 94.
6944 6. 94.
6945 6. 94.
6946 6. 94.
6947 6. 94.
6948 6. 94.
6949 6. 94.
6950 6. 94.
6951 6. 94.
6952 6. 94.
6953 6. 94.
6954 6. 94.
6955 6. 94.
6956 6. 94.
6957 6. 94.
6958 6. 94.
6959 6. 94.
6960 6. 94.
6961 6. 94.
6962 6. 94.
6963 6. 94.
6964 6. 94.
6965 6. 94.
6966 6. 94.
6967 6. 94.
6968 6. 94.
6969 6. 94.
6970 6. 94.
6971 6. 94.
6972 6. 94.
6973 6. 94.
6974 6. 94.
6975 6. 94.
6976 6. 94.
6977 6. 94.
6978 7. 93.
6979 7. 93.
6980 7. 93.
6981 7. 93.
6982 7. 93.
6983 7. 93.
6984 7. 93.
6985 7. 93.
6986 7. 93.
6987 7. 93.
6988 7. 93.
6989 7. 93.
6990 7. 93.
6991 7. 93.
6992 7. 93.
6993 7. 93.
6994 7. 93.
6995 7. 93.
6996 7. 93.
6997 7. 93.
6998 7. 93.
6999 7. 93.
7000 7. 93.
7001 7. 93.
7002 7. 93.
7003 7. 93.
7004 7. 93.
7005 7. 93.
7006 7. 93.
7007 7. 93.
7008 7. 93.
7009 7. 93.
7010 7. 93.
7011 7. 93.
7012 7. 93.
7013 7. 93.
7014 7. 93.
7015 7. 93.
7016 7. 93.
7017 7. 93.
7018 7. 93.
7019 7. 93.
7020 7. 93.
7021 7. 93.
7022 7. 93.
7023 7. 93.
7024 7. 93.
7025 7. 93.
7026 7. 93.
7027 7. 93.
7028 7. 93.
7029 8. 92.
7030 8. 92.
7031 8. 92.
7032 8. 92.
7033 8. 92.
7034 8. 92.
7035 8. 92.
7036 8. 92.
7037 8. 92.
7038 8. 92.
7039 8. 92.
7040 8. 92.
7041 8. 92.
7042 8. 92.
7043 8. 92.
7044 8. 92.
7045 8. 92.
7046 8. 92.
7047 8. 92.
7048 8. 92.
7049 8. 92.
7050 8. 92.
7051 8. 92.
7052 8. 92.
7053 8. 92.
7054 8. 92.
7055 8. 92.
7056 8. 92.
7057 8. 92.
7058 8. 92.
7059 7. 93.
7060 7. 93.
7061 7. 93.
7062 7. 93.
7063 7. 93.
7064 7. 93.
7065 7. 93.
7066 7. 93.
7067 7. 93.
7068 7. 93.
7069 7. 93.
7070 7. 93.
7071 7. 93.
7072 7. 93.
7073 7. 93.
7074 7. 93.
7075 7. 93.
7076 7. 93.
7077 7. 93.
7078 7. 93.
7079 7. 93.
7080 7. 93.
7081 7. 93.
7082 7. 93.
7083 7. 93.
7084 7. 93.
7085 7. 93.
7086 7. 93.
7087 7. 93.
7088 7. 93.
7089 7. 93.
7090 7. 93.
7091 7. 93.
7092 7. 93.
7093 7. 93.
7094 7. 93.
7095 7. 93.
7096 7. 93.
7097 7. 93.
7098 7. 93.
7099 7. 93.
7100 7. 93.
7101 7. 93.
7102 7. 93.
7103 8. 92.
7104 8. 92.
7105 8. 92.
7106 8. 92.
7107 8. 92.
7108 8. 92.
7109 8. 92.
7110 8. 92.
7111 8. 92.
7112 8. 92.
7113 8. 92.
7114 8. 92.
7115 8. 92.
7116 8. 92.
7117 8. 92.
7118 8. 92.
7119 8. 92.
7120 8. 92.
7121 8. 92.
7122 8. 92.
7123 8. 92.
7124 8. 92.
7125 7. 93.
7126 7. 93.
7127 7. 93.
7128 7. 93.
7129 7. 93.
7130 7. 93.
7131 7. 93.
7132 7. 93.
7133 7. 93.
7134 7. 93.
7135 7. 93.
7136 7. 93.
7137 7. 93.
7138 7. 93.
7139 7. 93.
7140 6. 94.
7141 6. 94.
7142 6. 94.
7143 5. 95.
7144 5. 95.
7145 5. 95.
7146 6. 94.
7147 6. 94.
7148 6. 94.
7149 6. 94.
7150 6. 94.
7151 6. 94.
7152 6. 94.
7153 6. 94.
7154 6. 94.
7155 6. 94.
7156 6. 94.
7157 6. 94.
7158 6. 94.
7159 6. 94.
7160 6. 94.
7161 6. 94.
7162 6. 94.
7163 6. 94.
7164 6. 94.
7165 5. 95.
7166 5. 95.
7167 5. 95.
7168 5. 95.
7169 5. 95.
7170 5. 95.
7171 5. 95.
7172 5. 95.
7173 5. 95.
7174 5. 95.
7175 5. 95.
7176 5. 95.
7177 4. 96.
7178 4. 96.
7179 4. 96.
7180 4. 96.
7181 4. 96.
7182 4. 96.
7183 4. 96.
7184 4. 96.
7185 3. 97.
7186 3. 97.
7187 3. 97.
7188 3. 97.
7189 3. 97.
7190 3. 97.
7191 3. 97.
7192 3. 97.
7193 3. 97.
7194 3. 97.
7195 3. 97.
7196 3. 97.
7197 3. 97.
7198 3. 97.
7199 3. 97.
7200 3. 97.
7201 3. 97.
7202 3. 97.
7203 3. 97.
7204 3. 97.
7205 3. 97.
7206 3. 97.
7207 3. 97.
7208 3. 97.
7209 3. 97.
7210 3. 97.
7211 3. 97.
7212 3. 97.
7213 3. 97.
7214 3. 97.
7215 3. 97.
7216 3. 97.
7217 3. 97.
7218 3. 97.
7219 3. 97.
7220 3. 97.
7221 3. 97.
7222 3. 97.
7223 3. 97.
7224 3. 97.
7225 3. 97.
7226 3. 97.
7227 3. 97.
7228 3. 97.
7229 3. 97.
7230 3. 97.
7231 3. 97.
7232 3. 97.
7233 3. 97.
7234 3. 97.
7235 3. 97.
7236 3. 97.
7237 3. 97.
7238 3. 97.
7239 3. 97.
7240 3. 97.
7241 3. 97.
7242 3. 97.
7243 2. 98.
7244 2. 98.
7245 2. 98.
7246 2. 98.
7247 2. 98.
7248 2. 98.
7249 2. 98.
7250 2. 98.
7251 2. 98.
7252 2. 98.
7253 2. 98.
7254 2. 98.
7255 2. 98.
7256 2. 98.
7257 2. 98.
7258 2. 98.
7259 2. 98.
7260 2. 98.
7261 2. 98.
7262 2. 98.
7263 2. 98.
7264 2. 98.
7265 2. 98.
7266 2. 98.
7267 2. 98.
7268 2. 98.
7269 2. 98.
7270 2. 98.
7271 2. 98.
7272 2. 98.
7273 2. 98.
7274 2. 98.
7275 2. 98.
7276 2. 98.
7277 2. 98.
7278 1. 99.
7279 1. 99.
7280 1. 99.
7281 1. 99.
7282 1. 99.
7283 1. 99.
7284 1. 99.
7285 1. 99.
7286 2. 98.
7287 2. 98.
7288 2. 98.
7289 2. 98.
7290 2. 98.
7291 2. 98.
7292 2. 98.
7293 2. 98.
7294 2. 98.
7295 2. 98.
7296 2. 98.
7297 2. 98.
7298 2. 98.
7299 2. 98.
7300 2. 98.
7301 2. 98.
7302 2. 98.
7303 2. 98.
7304 2. 98.
7305 2. 98.
7306 2. 98.
7307 2. 98.
7308 2. 98.
7309 2. 98.
7310 2. 98.
7311 2. 98.
7312 2. 98.
7313 2. 98.
7314 2. 98.
7315 2. 98.
7316 2. 98.
7317 2. 98.
7318 2. 98.
7319 2. 98.
7320 2. 98.
7321 2. 98.
7322 2. 98.
7323 2. 98.
7324 2. 98.
7325 2. 98.
7326 2. 98.
7327 2. 98.
7328 2. 98.
7329 2. 98.
7330 2. 98.
7331 2. 98.
7332 2. 98.
7333 2. 98.
7334 2. 98.
7335 2. 98.
7336 2. 98.
7337 2. 98.
7338 2. 98.
7339 2. 98.
7340 2. 98.
7341 2. 98.
7342 2. 98.
7343 2. 98.
7344 2. 98.
7345 3. 97.
7346 3. 97.
7347 3. 97.
7348 3. 97.
7349 3. 97.
7350 3. 97.
7351 3. 97.
7352 3. 97.
7353 3. 97.
7354 3. 97.
7355 3. 97.
7356 3. 97.
7357 3. 97.
7358 3. 97.
7359 3. 97.
7360 3. 97.
7361 3. 97.
7362 3. 97.
7363 3. 97.
7364 3. 97.
7365 3. 97.
7366 3. 97.
7367 3. 97.
7368 3. 97.
7369 3. 97.
7370 3. 97.
7371 3. 97.
7372 3. 97.
7373 3. 97.
7374 3. 97.
7375 3. 97.
7376 3. 97.
7377 3. 97.
7378 3. 97.
7379 3. 97.
7380 3. 97.
7381 3. 97.
7382 2. 98.
7383 2. 98.
7384 2. 98.
7385 2. 98.
7386 2. 98.
7387 2. 98.
7388 2. 98.
7389 2. 98.
7390 2. 98.
7391 2. 98.
7392 2. 98.
7393 2. 98.
7394 2. 98.
7395 2. 98.
7396 2. 98.
7397 2. 98.
7398 2. 98.
7399 2. 98.
7400 2. 98.
7401 2. 98.
7402 2. 98.
7403 2. 98.
7404 2. 98.
7405 1. 99.
7406 1. 99.
7407 1. 99.
7408 1. 99.
7409 1. 99.
7410 1. 99.
7411 1. 99.
7412 1. 99.
7413 1. 99.
7414 1. 99.
7415 1. 99.
7416 1. 99.
7417 1. 99.
7418 1. 99.
7419 1. 99.
7420 1. 99.
7421 1. 99.
7422 1. 99.
7423 1. 99.
7424 1. 99.
7425 1. 99.
7426 1. 99.
7427 1. 99.
7428 1. 99.
7429 1. 99.
7430 1. 99.
7431 1. 99.
7432 1. 99.
7433 1. 99.
7434 1. 99.
7435 1. 99.
7436 1. 99.
7437 1. 99.
7438 1. 99.
7439 1. 99.
7440 1. 99.
7441 1. 99.
7442 1. 99.
7443 1. 99.
7444 1. 99.
7445 1. 99.
7446 1. 99.
7447 1. 99.
7448 1. 99.
7449 1. 99.
7450 1. 99.
7451 1. 99.
7452 1. 99.
7453 1. 99.
7454 1. 99.
7455 1. 99.
7456 1. 99.
7457 1. 99.
7458 1. 99.
7459 1. 99.
7460 1. 99.
7461 1. 99.
7462 2. 98.
7463 2. 98.
7464 2. 98.
7465 2. 98.
7466 1. 99.
7467 1. 99.
7468 1. 99.
7469 1. 99.
7470 1. 99.
7471 1. 99.
7472 1. 99.
7473 1. 99.
7474 1. 99.
7475 1. 99.
7476 1. 99.
7477 1. 99.
7478 1. 99.
7479 1. 99.
7480 1. 99.
7481 1. 99.
7482 1. 99.
7483 1. 99.
7484 1. 99.
7485 1. 99.
7486 1. 99.
7487 1. 99.
7488 1. 99.
7489 1. 99.
7490 1. 99.
7491 1. 99.
7492 1. 99.
7493 1. 99.
7494 1. 99.
7495 1. 99.
7496 1. 99.
7497 1. 99.
7498 1. 99.
7499 1. 99.
7500 1. 99.
7501 1. 99.
7502 1. 99.
7503 1. 99.
7504 1. 99.
7505 1. 99.
7506 1. 99.
7507 1. 99.
7508 1. 99.
7509 1. 99.
7510 1. 99.
7511 1. 99.
7512 1. 99.
7513 1. 99.
7514 1. 99.
7515 1. 99.
7516 1. 99.
7517 1. 99.
7518 1. 99.
7519 1. 99.
7520 1. 99.
7521 1. 99.
7522 1. 99.
7523 1. 99.
7524 1. 99.
7525 1. 99.
7526 1. 99.
7527 1. 99.
7528 1. 99.
7529 1. 99.
7530 1. 99.
7531 1. 99.
7532 1. 99.
7533 1. 99.
7534 1. 99.
7535 1. 99.
7536 1. 99.
7537 1. 99.
7538 1. 99.
7539 1. 99.
7540 1. 99.
7541 1. 99.
7542 1. 99.
7543 1. 99.
7544 1. 99.
7545 1. 99.
7546 1. 99.
7547 1. 99.
7548 1. 99.
7549 1. 99.
7550 1. 99.
7551 1. 99.
7552 1. 99.
7553 1. 99.
7554 1. 99.
7555 1. 99.
7556 1. 99.
7557 1. 99.
7558 1. 99.
7559 1. 99.
7560 1. 99.
7561 1. 99.
7562 1. 99.
7563 1. 99.
7564 1. 99.
7565 1. 99.
7566 1. 99.
7567 1. 99.
7568 1. 99.
7569 1. 99.
7570 1. 99.
7571 1. 99.
7572 1. 99.
7573 1. 99.
7574 1. 99.
7575 1. 99.
7576 2. 98.
7577 2. 98.
7578 2. 98.
7579 2. 98.
7580 2. 98.
7581 2. 98.
7582 2. 98.
7583 2. 98.
7584 2. 98.
7585 2. 98.
7586 2. 98.
7587 2. 98.
7588 2. 98.
7589 2. 98.
7590 2. 98.
7591 2. 98.
7592 2. 98.
7593 2. 98.
7594 2. 98.
7595 2. 98.
7596 2. 98.
7597 2. 98.
7598 2. 98.
7599 2. 98.
7600 2. 98.
7601 2. 98.
7602 2. 98.
7603 2. 98.
7604 2. 98.
7605 2. 98.
7606 2. 98.
7607 2. 98.
7608 2. 98.
7609 2. 98.
7610 2. 98.
7611 2. 98.
7612 2. 98.
7613 2. 98.
7614 2. 98.
7615 2. 98.
7616 2. 98.
7617 2. 98.
7618 2. 98.
7619 2. 98.
7620 2. 98.
7621 2. 98.
7622 2. 98.
7623 2. 98.
7624 2. 98.
7625 2. 98.
7626 2. 98.
7627 2. 98.
7628 2. 98.
7629 2. 98.
7630 2. 98.
7631 2. 98.
7632 2. 98.
7633 2. 98.
7634 1. 99.
7635 1. 99.
7636 1. 99.
7637 1. 99.
7638 1. 99.
7639 1. 99.
7640 1. 99.
7641 1. 99.
7642 1. 99.
7643 1. 99.
7644 1. 99.
7645 1. 99.
7646 1. 99.
7647 1. 99.
7648 1. 99.
7649 1. 99.
7650 1. 99.
7651 1. 99.
7652 1. 99.
7653 1. 99.
7654 1. 99.
7655 1. 99.
7656 1. 99.
7657 1. 99.
7658 1. 99.
7659 1. 99.
7660 1. 99.
7661 1. 99.
7662 1. 99.
7663 1. 99.
7664 1. 99.
7665 1. 99.
7666 1. 99.
7667 1. 99.
7668 1. 99.
7669 1. 99.
7670 1. 99.
7671 1. 99.
7672 1. 99.
7673 1. 99.
7674 1. 99.
7675 1. 99.
7676 1. 99.
7677 1. 99.
7678 1. 99.
7679 1. 99.
7680 1. 99.
7681 1. 99.
7682 1. 99.
7683 1. 99.
7684 1. 99.
7685 1. 99.
7686 1. 99.
7687 1. 99.
7688 1. 99.
7689 1. 99.
7690 1. 99.
7691 1. 99.
7692 1. 99.
7693 1. 99.
7694 1. 99.
7695 1. 99.
7696 1. 99.
7697 1. 99.
7698 1. 99.
7699 1. 99.
7700 1. 99.
7701 1. 99.
7702 1. 99.
7703 1. 99.
7704 1. 99.
7705 1. 99.
7706 1. 99.
7707 1. 99.
7708 1. 99.
7709 1. 99.
7710 1. 99.
7711 1. 99.
7712 1. 99.
7713 1. 99.
7714 1. 99.
7715 1. 99.
7716 1. 99.
7717 1. 99.
7718 1. 99.
7719 1. 99.
7720 1. 99.
7721 1. 99.
7722 1. 99.
7723 1. 99.
7724 1. 99.
7725 1. 99.
7726 1. 99.
7727 1. 99.
7728 1. 99.
7729 1. 99.
7730 1. 99.
7731 1. 99.
7732 1. 99.
7733 1. 99.
7734 1. 99.
7735 1. 99.
7736 1. 99.
7737 1. 99.
7738 1. 99.
7739 1. 99.
7740 1. 99.
7741 1. 99.
7742 1. 99.
7743 1. 99.
7744 1. 99.
7745 1. 99.
7746 1. 99.
7747 1. 99.
7748 1. 99.
7749 1. 99.
7750 1. 99.
7751 1. 99.
7752 1. 99.
7753 1. 99.
7754 1. 99.
7755 1. 99.
7756 1. 99.
7757 1. 99.
7758 1. 99.
7759 1. 99.
7760 1. 99.
7761 1. 99.
7762 1. 99.
7763 1. 99.
7764 1. 99.
7765 1. 99.
7766 1. 99.
7767 1. 99.
7768 1. 99.
7769 1. 99.
7770 1. 99.
7771 1. 99.
7772 1. 99.
7773 1. 99.
7774 1. 99.
7775 1. 99.
7776 1. 99.
7777 1. 99.
7778 1. 99.
7779 1. 99.
7780 1. 99.
7781 1. 99.
7782 1. 99.
7783 1. 99.
7784 1. 99.
7785 1. 99.
7786 1. 99.
7787 1. 99.
7788 1. 99.
7789 1. 99.
7790 1. 99.
7791 1. 99.
7792 1. 99.
7793 1. 99.
7794 1. 99.
7795 1. 99.
7796 1. 99.
