0 16. 84.
1 17. 83.
2 16. 84.
3 16. 84.
4 16. 84.
5 16. 84.
6 16. 84.
7 15. 85.
8 15. 85.
9 15. 85.
10 15. 85.
11 15. 85.
12 15. 85.
13 15. 85.
14 15. 85.
15 15. 85.
16 15. 85.
17 15. 85.
18 15. 85.
19 15. 85.
20 15. 85.
21 15. 85.
22 15. 85.
23 15. 85.
24 15. 85.
25 15. 85.
26 15. 85.
27 15. 85.
28 15. 85.
29 15. 85.
30 15. 85.
31 15. 85.
32 15. 85.
33 15. 85.
34 15. 85.
35 15. 85.
36 15. 85.
37 15. 85.
38 15. 85.
39 15. 85.
40 15. 85.
41 15. 85.
42 15. 85.
43 15. 85.
44 15. 85.
45 15. 85.
46 15. 85.
47 15. 85.
48 15. 85.
49 15. 85.
50 15. 85.
51 15. 85.
52 15. 85.
53 15. 85.
54 15. 85.
55 15. 85.
56 15. 85.
57 15. 85.
58 15. 85.
59 15. 85.
60 15. 85.
61 15. 85.
62 15. 85.
63 15. 85.
64 15. 85.
65 15. 85.
66 15. 85.
67 15. 85.
68 16. 84.
69 16. 84.
70 16. 84.
71 17. 83.
72 16. 84.
73 16. 84.
74 17. 83.
75 17. 83.
76 18. 82.
77 19. 81.
78 19. 81.
79 19. 81.
80 19. 81.
81 19. 81.
82 19. 81.
83 20. 80.
84 20. 80.
85 20. 80.
86 19. 81.
87 20. 80.
88 21. 79.
89 21. 79.
90 21. 79.
91 21. 79.
92 21. 79.
93 21. 79.
94 21. 79.
95 21. 79.
96 21. 79.
97 20. 80.
98 21. 79.
99 21. 79.
100 21. 79.
101 21. 79.
102 20. 80.
103 21. 79.
104 21. 79.
105 21. 79.
106 21. 79.
107 21. 79.
108 20. 80.
109 21. 79.
110 22. 78.
111 22. 78.
112 22. 78.
113 22. 78.
114 22. 78.
115 22. 78.
116 22. 78.
117 22. 78.
118 22. 78.
119 22. 78.
120 22. 78.
121 22. 78.
122 22. 78.
123 21. 79.
124 21. 79.
125 21. 79.
126 20. 80.
127 21. 79.
128 21. 79.
129 21. 79.
130 20. 80.
131 21. 79.
132 21. 79.
133 21. 79.
134 21. 79.
135 21. 79.
136 21. 79.
137 21. 79.
138 21. 79.
139 21. 79.
140 20. 80.
141 20. 80.
142 20. 80.
143 20. 80.
144 20. 80.
145 20. 80.
146 20. 80.
147 20. 80.
148 20. 80.
149 20. 80.
150 20. 80.
151 21. 79.
152 21. 79.
153 21. 79.
154 21. 79.
155 21. 79.
156 21. 79.
157 21. 79.
158 21. 79.
159 21. 79.
160 21. 79.
161 21. 79.
162 22. 78.
163 23. 77.
164 23. 77.
165 23. 77.
166 22. 78.
167 22. 78.
168 22. 78.
169 23. 77.
170 24. 76.
171 24. 76.
172 24. 76.
173 24. 76.
174 24. 76.
175 24. 76.
176 24. 76.
177 24. 76.
178 24. 76.
179 25. 75.
180 25. 75.
181 26. 74.
182 26. 74.
183 26. 74.
184 25. 75.
185 25. 75.
186 25. 75.
187 25. 75.
188 25. 75.
189 25. 75.
190 26. 74.
191 26. 74.
192 26. 74.
193 26. 74.
194 27. 73.
195 27. 73.
196 28. 72.
197 28. 72.
198 28. 72.
199 28. 72.
200 28. 72.
201 27. 73.
202 27. 73.
203 27. 73.
204 27. 73.
205 28. 72.
206 28. 72.
207 28. 72.
208 28. 72.
209 28. 72.
210 27. 73.
211 27. 73.
212 27. 73.
213 27. 73.
214 27. 73.
215 27. 73.
216 27. 73.
217 27. 73.
218 27. 73.
219 27. 73.
220 27. 73.
221 27. 73.
222 27. 73.
223 27. 73.
224 27. 73.
225 27. 73.
226 27. 73.
227 27. 73.
228 27. 73.
229 27. 73.
230 27. 73.
231 27. 73.
232 27. 73.
233 27. 73.
234 28. 72.
235 28. 72.
236 28. 72.
237 28. 72.
238 28. 72.
239 28. 72.
240 28. 72.
241 28. 72.
242 28. 72.
243 29. 71.
244 29. 71.
245 30. 70.
246 30. 70.
247 30. 70.
248 30. 70.
249 30. 70.
250 30. 70.
251 30. 70.
252 30. 70.
253 30. 70.
254 30. 70.
255 30. 70.
256 30. 70.
257 30. 70.
258 30. 70.
259 30. 70.
260 30. 70.
261 31. 69.
262 31. 69.
263 31. 69.
264 30. 70.
265 30. 70.
266 30. 70.
267 30. 70.
268 30. 70.
269 29. 71.
270 29. 71.
271 30. 70.
272 30. 70.
273 30. 70.
274 30. 70.
275 30. 70.
276 30. 70.
277 30. 70.
278 30. 70.
279 29. 71.
280 29. 71.
281 29. 71.
282 29. 71.
283 29. 71.
284 29. 71.
285 29. 71.
286 29. 71.
287 29. 71.
288 29. 71.
289 28. 72.
290 28. 72.
291 28. 72.
292 28. 72.
293 27. 73.
294 27. 73.
295 27. 73.
296 27. 73.
297 27. 73.
298 27. 73.
299 27. 73.
300 27. 73.
301 27. 73.
302 27. 73.
303 26. 74.
304 26. 74.
305 26. 74.
306 26. 74.
307 26. 74.
308 26. 74.
309 26. 74.
310 26. 74.
311 26. 74.
312 27. 73.
313 26. 74.
314 26. 74.
315 26. 74.
316 26. 74.
317 26. 74.
318 26. 74.
319 26. 74.
320 26. 74.
321 26. 74.
322 26. 74.
323 26. 74.
324 26. 74.
325 26. 74.
326 26. 74.
327 26. 74.
328 27. 73.
329 27. 73.
330 27. 73.
331 27. 73.
332 27. 73.
333 27. 73.
334 27. 73.
335 27. 73.
336 27. 73.
337 27. 73.
338 27. 73.
339 27. 73.
340 27. 73.
341 27. 73.
342 27. 73.
343 27. 73.
344 27. 73.
345 27. 73.
346 27. 73.
347 27. 73.
348 27. 73.
349 26. 74.
350 26. 74.
351 26. 74.
352 27. 73.
353 27. 73.
354 27. 73.
355 27. 73.
356 27. 73.
357 27. 73.
358 27. 73.
359 27. 73.
360 26. 74.
361 27. 73.
362 27. 73.
363 27. 73.
364 27. 73.
365 27. 73.
366 27. 73.
367 26. 74.
368 25. 75.
369 25. 75.
370 26. 74.
371 26. 74.
372 26. 74.
373 26. 74.
374 27. 73.
375 27. 73.
376 27. 73.
377 27. 73.
378 27. 73.
379 27. 73.
380 27. 73.
381 28. 72.
382 28. 72.
383 28. 72.
384 28. 72.
385 28. 72.
386 28. 72.
387 28. 72.
388 28. 72.
389 28. 72.
390 28. 72.
391 28. 72.
392 27. 73.
393 26. 74.
394 26. 74.
395 26. 74.
396 26. 74.
397 26. 74.
398 26. 74.
399 26. 74.
400 25. 75.
401 25. 75.
402 25. 75.
403 25. 75.
404 25. 75.
405 26. 74.
406 26. 74.
407 25. 75.
408 25. 75.
409 25. 75.
410 25. 75.
411 25. 75.
412 25. 75.
413 25. 75.
414 25. 75.
415 26. 74.
416 26. 74.
417 26. 74.
418 25. 75.
419 25. 75.
420 25. 75.
421 25. 75.
422 25. 75.
423 25. 75.
424 25. 75.
425 25. 75.
426 25. 75.
427 25. 75.
428 25. 75.
429 25. 75.
430 26. 74.
431 26. 74.
432 26. 74.
433 26. 74.
434 26. 74.
435 26. 74.
436 26. 74.
437 26. 74.
438 25. 75.
439 25. 75.
440 25. 75.
441 25. 75.
442 25. 75.
443 25. 75.
444 25. 75.
445 25. 75.
446 25. 75.
447 25. 75.
448 25. 75.
449 26. 74.
450 26. 74.
451 26. 74.
452 26. 74.
453 26. 74.
454 26. 74.
455 26. 74.
456 25. 75.
457 25. 75.
458 26. 74.
459 26. 74.
460 26. 74.
461 26. 74.
462 26. 74.
463 26. 74.
464 26. 74.
465 26. 74.
466 26. 74.
467 26. 74.
468 26. 74.
469 26. 74.
470 26. 74.
471 26. 74.
472 25. 75.
473 25. 75.
474 25. 75.
475 25. 75.
476 25. 75.
477 25. 75.
478 25. 75.
479 24. 76.
480 24. 76.
481 24. 76.
482 24. 76.
483 24. 76.
484 24. 76.
485 23. 77.
486 22. 78.
487 22. 78.
488 21. 79.
489 20. 80.
490 20. 80.
491 21. 79.
492 22. 78.
493 22. 78.
494 22. 78.
495 22. 78.
496 23. 77.
497 23. 77.
498 24. 76.
499 24. 76.
500 24. 76.
501 24. 76.
502 24. 76.
503 24. 76.
504 24. 76.
505 24. 76.
506 24. 76.
507 25. 75.
508 25. 75.
509 25. 75.
510 25. 75.
511 25. 75.
512 25. 75.
513 25. 75.
514 25. 75.
515 25. 75.
516 26. 74.
517 26. 74.
518 26. 74.
519 26. 74.
520 26. 74.
521 26. 74.
522 26. 74.
523 25. 75.
524 25. 75.
525 25. 75.
526 25. 75.
527 25. 75.
528 25. 75.
529 25. 75.
530 26. 74.
531 26. 74.
532 27. 73.
533 27. 73.
534 27. 73.
535 27. 73.
536 27. 73.
537 27. 73.
538 26. 74.
539 26. 74.
540 27. 73.
541 27. 73.
542 26. 74.
543 26. 74.
544 27. 73.
545 27. 73.
546 26. 74.
547 26. 74.
548 26. 74.
549 26. 74.
550 26. 74.
551 26. 74.
552 26. 74.
553 25. 75.
554 25. 75.
555 25. 75.
556 25. 75.
557 25. 75.
558 25. 75.
559 25. 75.
560 25. 75.
561 25. 75.
562 25. 75.
563 25. 75.
564 25. 75.
565 25. 75.
566 25. 75.
567 25. 75.
568 25. 75.
569 26. 74.
570 26. 74.
571 26. 74.
572 27. 73.
573 28. 72.
574 29. 71.
575 29. 71.
576 29. 71.
577 29. 71.
578 30. 70.
579 30. 70.
580 31. 69.
581 31. 69.
582 31. 69.
583 30. 70.
584 30. 70.
585 30. 70.
586 30. 70.
587 30. 70.
588 30. 70.
589 29. 71.
590 29. 71.
591 29. 71.
592 29. 71.
593 29. 71.
594 28. 72.
595 28. 72.
596 28. 72.
597 27. 73.
598 27. 73.
599 27. 73.
600 27. 73.
601 27. 73.
602 26. 74.
603 26. 74.
604 26. 74.
605 25. 75.
606 25. 75.
607 25. 75.
608 25. 75.
609 26. 74.
610 26. 74.
611 26. 74.
612 26. 74.
613 26. 74.
614 26. 74.
615 26. 74.
616 25. 75.
617 25. 75.
618 25. 75.
619 25. 75.
620 25. 75.
621 25. 75.
622 25. 75.
623 25. 75.
624 25. 75.
625 24. 76.
626 23. 77.
627 23. 77.
628 23. 77.
629 23. 77.
630 23. 77.
631 23. 77.
632 23. 77.
633 23. 77.
634 23. 77.
635 23. 77.
636 23. 77.
637 23. 77.
638 23. 77.
639 24. 76.
640 24. 76.
641 24. 76.
642 24. 76.
643 24. 76.
644 24. 76.
645 23. 77.
646 22. 78.
647 21. 79.
648 21. 79.
649 20. 80.
650 20. 80.
651 20. 80.
652 20. 80.
653 19. 81.
654 19. 81.
655 19. 81.
656 19. 81.
657 19. 81.
658 19. 81.
659 19. 81.
660 19. 81.
661 19. 81.
662 18. 82.
663 18. 82.
664 18. 82.
665 18. 82.
666 19. 81.
667 19. 81.
668 19. 81.
669 19. 81.
670 18. 82.
671 18. 82.
672 18. 82.
673 18. 82.
674 18. 82.
675 17. 83.
676 18. 82.
677 17. 83.
678 17. 83.
679 17. 83.
680 17. 83.
681 17. 83.
682 17. 83.
683 17. 83.
684 17. 83.
685 17. 83.
686 17. 83.
687 17. 83.
688 17. 83.
689 17. 83.
690 17. 83.
691 17. 83.
692 17. 83.
693 17. 83.
694 17. 83.
695 17. 83.
696 16. 84.
697 16. 84.
698 16. 84.
699 16. 84.
700 16. 84.
701 16. 84.
702 16. 84.
703 16. 84.
704 16. 84.
705 16. 84.
706 16. 84.
707 16. 84.
708 16. 84.
709 16. 84.
710 16. 84.
711 15. 85.
712 15. 85.
713 15. 85.
714 15. 85.
715 15. 85.
716 15. 85.
717 15. 85.
718 15. 85.
719 15. 85.
720 15. 85.
721 15. 85.
722 15. 85.
723 15. 85.
724 15. 85.
725 16. 84.
726 16. 84.
727 16. 84.
728 16. 84.
729 16. 84.
730 17. 83.
731 17. 83.
732 17. 83.
733 17. 83.
734 17. 83.
735 17. 83.
736 17. 83.
737 17. 83.
738 17. 83.
739 17. 83.
740 17. 83.
741 17. 83.
742 17. 83.
743 17. 83.
744 17. 83.
745 17. 83.
746 18. 82.
747 18. 82.
748 18. 82.
749 18. 82.
750 18. 82.
751 18. 82.
752 18. 82.
753 18. 82.
754 18. 82.
755 18. 82.
756 18. 82.
757 19. 81.
758 19. 81.
759 19. 81.
760 19. 81.
761 19. 81.
762 19. 81.
763 19. 81.
764 19. 81.
765 19. 81.
766 19. 81.
767 19. 81.
768 20. 80.
769 20. 80.
770 20. 80.
771 21. 79.
772 22. 78.
773 22. 78.
774 21. 79.
775 21. 79.
776 21. 79.
777 21. 79.
778 22. 78.
779 22. 78.
780 23. 77.
781 23. 77.
782 23. 77.
783 23. 77.
784 23. 77.
785 23. 77.
786 23. 77.
787 23. 77.
788 23. 77.
789 23. 77.
790 23. 77.
791 23. 77.
792 23. 77.
793 23. 77.
794 23. 77.
795 23. 77.
796 23. 77.
797 22. 78.
798 22. 78.
799 23. 77.
800 23. 77.
801 22. 78.
802 23. 77.
803 23. 77.
804 23. 77.
805 23. 77.
806 23. 77.
807 23. 77.
808 23. 77.
809 23. 77.
810 23. 77.
811 24. 76.
812 24. 76.
813 24. 76.
814 24. 76.
815 24. 76.
816 24. 76.
817 24. 76.
818 24. 76.
819 24. 76.
820 24. 76.
821 24. 76.
822 23. 77.
823 23. 77.
824 23. 77.
825 23. 77.
826 22. 78.
827 21. 79.
828 21. 79.
829 22. 78.
830 22. 78.
831 22. 78.
832 22. 78.
833 22. 78.
834 22. 78.
835 22. 78.
836 23. 77.
837 23. 77.
838 23. 77.
839 23. 77.
840 23. 77.
841 23. 77.
842 23. 77.
843 23. 77.
844 23. 77.
845 23. 77.
846 23. 77.
847 23. 77.
848 23. 77.
849 23. 77.
850 23. 77.
851 22. 78.
852 23. 77.
853 23. 77.
854 23. 77.
855 23. 77.
856 23. 77.
857 22. 78.
858 23. 77.
859 23. 77.
860 22. 78.
861 22. 78.
862 21. 79.
863 21. 79.
864 21. 79.
865 21. 79.
866 21. 79.
867 21. 79.
868 21. 79.
869 21. 79.
870 21. 79.
871 22. 78.
872 22. 78.
873 22. 78.
874 22. 78.
875 22. 78.
876 22. 78.
877 22. 78.
878 22. 78.
879 22. 78.
880 22. 78.
881 22. 78.
882 22. 78.
883 23. 77.
884 23. 77.
885 23. 77.
886 23. 77.
887 23. 77.
888 23. 77.
889 23. 77.
890 23. 77.
891 22. 78.
892 22. 78.
893 22. 78.
894 22. 78.
895 22. 78.
896 22. 78.
897 22. 78.
898 22. 78.
899 22. 78.
900 22. 78.
901 21. 79.
902 21. 79.
903 20. 80.
904 20. 80.
905 20. 80.
906 20. 80.
907 20. 80.
908 20. 80.
909 20. 80.
910 20. 80.
911 20. 80.
912 20. 80.
913 20. 80.
914 21. 79.
915 21. 79.
916 21. 79.
917 21. 79.
918 21. 79.
919 21. 79.
920 21. 79.
921 21. 79.
922 21. 79.
923 21. 79.
924 21. 79.
925 22. 78.
926 22. 78.
927 22. 78.
928 22. 78.
929 22. 78.
930 22. 78.
931 22. 78.
932 22. 78.
933 22. 78.
934 22. 78.
935 22. 78.
936 22. 78.
937 22. 78.
938 22. 78.
939 22. 78.
940 22. 78.
941 22. 78.
942 22. 78.
943 22. 78.
944 22. 78.
945 22. 78.
946 22. 78.
947 22. 78.
948 22. 78.
949 22. 78.
950 22. 78.
951 22. 78.
952 22. 78.
953 22. 78.
954 21. 79.
955 21. 79.
956 20. 80.
957 20. 80.
958 20. 80.
959 21. 79.
960 20. 80.
961 20. 80.
962 19. 81.
963 19. 81.
964 19. 81.
965 19. 81.
966 19. 81.
967 19. 81.
968 19. 81.
969 19. 81.
970 19. 81.
971 19. 81.
972 19. 81.
973 20. 80.
974 19. 81.
975 19. 81.
976 19. 81.
977 19. 81.
978 20. 80.
979 20. 80.
980 20. 80.
981 20. 80.
982 20. 80.
983 20. 80.
984 20. 80.
985 19. 81.
986 19. 81.
987 18. 82.
988 19. 81.
989 19. 81.
990 19. 81.
991 19. 81.
992 19. 81.
993 19. 81.
994 19. 81.
995 19. 81.
996 19. 81.
997 19. 81.
998 19. 81.
999 19. 81.
1000 19. 81.
1001 19. 81.
1002 19. 81.
1003 19. 81.
1004 19. 81.
1005 18. 82.
1006 18. 82.
1007 18. 82.
1008 18. 82.
1009 18. 82.
1010 18. 82.
1011 18. 82.
1012 18. 82.
1013 18. 82.
1014 18. 82.
1015 19. 81.
1016 19. 81.
1017 19. 81.
1018 19. 81.
1019 19. 81.
1020 19. 81.
1021 20. 80.
1022 20. 80.
1023 20. 80.
1024 21. 79.
1025 21. 79.
1026 21. 79.
1027 21. 79.
1028 21. 79.
1029 20. 80.
1030 20. 80.
1031 20. 80.
1032 20. 80.
1033 20. 80.
1034 20. 80.
1035 20. 80.
1036 20. 80.
1037 20. 80.
1038 20. 80.
1039 20. 80.
1040 20. 80.
1041 20. 80.
1042 20. 80.
1043 20. 80.
1044 20. 80.
1045 20. 80.
1046 20. 80.
1047 20. 80.
1048 20. 80.
1049 20. 80.
1050 20. 80.
1051 20. 80.
1052 19. 81.
1053 19. 81.
1054 18. 82.
1055 18. 82.
1056 18. 82.
1057 18. 82.
1058 18. 82.
1059 18. 82.
1060 18. 82.
1061 18. 82.
1062 18. 82.
1063 18. 82.
1064 18. 82.
1065 18. 82.
1066 18. 82.
1067 17. 83.
1068 17. 83.
1069 17. 83.
1070 17. 83.
1071 17. 83.
1072 17. 83.
1073 17. 83.
1074 17. 83.
1075 17. 83.
1076 17. 83.
1077 17. 83.
1078 17. 83.
1079 17. 83.
1080 17. 83.
1081 17. 83.
1082 17. 83.
1083 17. 83.
1084 17. 83.
1085 17. 83.
1086 17. 83.
1087 17. 83.
1088 18. 82.
1089 17. 83.
1090 17. 83.
1091 17. 83.
1092 16. 84.
1093 16. 84.
1094 16. 84.
1095 16. 84.
1096 16. 84.
1097 16. 84.
1098 15. 85.
1099 15. 85.
1100 15. 85.
1101 15. 85.
1102 15. 85.
1103 15. 85.
1104 15. 85.
1105 15. 85.
1106 15. 85.
1107 16. 84.
1108 16. 84.
1109 16. 84.
1110 16. 84.
1111 16. 84.
1112 16. 84.
1113 16. 84.
1114 16. 84.
1115 16. 84.
1116 16. 84.
1117 16. 84.
1118 16. 84.
1119 16. 84.
1120 16. 84.
1121 16. 84.
1122 16. 84.
1123 16. 84.
1124 16. 84.
1125 16. 84.
1126 16. 84.
1127 16. 84.
1128 16. 84.
1129 17. 83.
1130 17. 83.
1131 17. 83.
1132 18. 82.
1133 18. 82.
1134 19. 81.
1135 19. 81.
1136 18. 82.
1137 18. 82.
1138 18. 82.
1139 19. 81.
1140 19. 81.
1141 19. 81.
1142 18. 82.
1143 18. 82.
1144 18. 82.
1145 18. 82.
1146 18. 82.
1147 18. 82.
1148 18. 82.
1149 17. 83.
1150 17. 83.
1151 17. 83.
1152 17. 83.
1153 17. 83.
1154 17. 83.
1155 17. 83.
1156 17. 83.
1157 18. 82.
1158 18. 82.
1159 18. 82.
1160 18. 82.
1161 18. 82.
1162 17. 83.
1163 17. 83.
1164 17. 83.
1165 17. 83.
1166 17. 83.
1167 17. 83.
1168 17. 83.
1169 18. 82.
1170 18. 82.
1171 18. 82.
1172 18. 82.
1173 18. 82.
1174 18. 82.
1175 17. 83.
1176 17. 83.
1177 17. 83.
1178 16. 84.
1179 16. 84.
1180 16. 84.
1181 16. 84.
1182 16. 84.
1183 16. 84.
1184 16. 84.
1185 16. 84.
1186 15. 85.
1187 15. 85.
1188 15. 85.
1189 15. 85.
1190 15. 85.
1191 15. 85.
1192 15. 85.
1193 15. 85.
1194 15. 85.
1195 15. 85.
1196 15. 85.
1197 15. 85.
1198 15. 85.
1199 15. 85.
1200 15. 85.
1201 15. 85.
1202 15. 85.
1203 15. 85.
1204 16. 84.
1205 16. 84.
1206 17. 83.
1207 16. 84.
1208 16. 84.
1209 16. 84.
1210 15. 85.
1211 15. 85.
1212 15. 85.
1213 15. 85.
1214 14. 86.
1215 14. 86.
1216 14. 86.
1217 14. 86.
1218 14. 86.
1219 13. 87.
1220 13. 87.
1221 13. 87.
1222 14. 86.
1223 15. 85.
1224 15. 85.
1225 15. 85.
1226 15. 85.
1227 14. 86.
1228 14. 86.
1229 14. 86.
1230 14. 86.
1231 13. 87.
1232 13. 87.
1233 13. 87.
1234 13. 87.
1235 13. 87.
1236 13. 87.
1237 13. 87.
1238 13. 87.
1239 13. 87.
1240 13. 87.
1241 13. 87.
1242 13. 87.
1243 13. 87.
1244 13. 87.
1245 13. 87.
1246 13. 87.
1247 13. 87.
1248 13. 87.
1249 13. 87.
1250 13. 87.
1251 13. 87.
1252 13. 87.
1253 12. 88.
1254 12. 88.
1255 12. 88.
1256 12. 88.
1257 12. 88.
1258 12. 88.
1259 12. 88.
1260 12. 88.
1261 12. 88.
1262 12. 88.
1263 12. 88.
1264 12. 88.
1265 13. 87.
1266 13. 87.
1267 13. 87.
1268 12. 88.
1269 13. 87.
1270 13. 87.
1271 13. 87.
1272 13. 87.
1273 13. 87.
1274 13. 87.
1275 13. 87.
1276 13. 87.
1277 13. 87.
1278 13. 87.
1279 13. 87.
1280 13. 87.
1281 13. 87.
1282 13. 87.
1283 14. 86.
1284 13. 87.
1285 12. 88.
1286 12. 88.
1287 12. 88.
1288 12. 88.
1289 12. 88.
1290 12. 88.
1291 12. 88.
1292 12. 88.
1293 11. 89.
1294 11. 89.
1295 12. 88.
1296 13. 87.
1297 13. 87.
1298 13. 87.
1299 13. 87.
1300 13. 87.
1301 13. 87.
1302 13. 87.
1303 13. 87.
1304 13. 87.
1305 13. 87.
1306 13. 87.
1307 13. 87.
1308 13. 87.
1309 13. 87.
1310 13. 87.
1311 13. 87.
1312 12. 88.
1313 12. 88.
1314 12. 88.
1315 12. 88.
1316 12. 88.
1317 12. 88.
1318 12. 88.
1319 12. 88.
1320 12. 88.
1321 12. 88.
1322 12. 88.
1323 12. 88.
1324 12. 88.
1325 12. 88.
1326 12. 88.
1327 12. 88.
1328 12. 88.
1329 12. 88.
1330 12. 88.
1331 12. 88.
1332 12. 88.
1333 12. 88.
1334 12. 88.
1335 12. 88.
1336 13. 87.
1337 13. 87.
1338 13. 87.
1339 13. 87.
1340 13. 87.
1341 13. 87.
1342 13. 87.
1343 13. 87.
1344 12. 88.
1345 12. 88.
1346 12. 88.
1347 12. 88.
1348 12. 88.
1349 12. 88.
1350 12. 88.
1351 12. 88.
1352 12. 88.
1353 11. 89.
1354 11. 89.
1355 11. 89.
1356 10. 90.
1357 10. 90.
1358 10. 90.
1359 10. 90.
1360 10. 90.
1361 10. 90.
1362 10. 90.
1363 11. 89.
1364 11. 89.
1365 11. 89.
1366 11. 89.
1367 11. 89.
1368 11. 89.
1369 11. 89.
1370 11. 89.
1371 11. 89.
1372 11. 89.
1373 11. 89.
1374 11. 89.
1375 11. 89.
1376 11. 89.
1377 11. 89.
1378 11. 89.
1379 11. 89.
1380 11. 89.
1381 11. 89.
1382 11. 89.
1383 11. 89.
1384 11. 89.
1385 11. 89.
1386 11. 89.
1387 11. 89.
1388 11. 89.
1389 11. 89.
1390 11. 89.
1391 12. 88.
1392 12. 88.
1393 12. 88.
1394 12. 88.
1395 13. 87.
1396 13. 87.
1397 13. 87.
1398 13. 87.
1399 13. 87.
1400 13. 87.
1401 13. 87.
1402 13. 87.
1403 13. 87.
1404 13. 87.
1405 13. 87.
1406 13. 87.
1407 13. 87.
1408 13. 87.
1409 13. 87.
1410 13. 87.
1411 13. 87.
1412 13. 87.
1413 13. 87.
1414 13. 87.
1415 13. 87.
1416 13. 87.
1417 13. 87.
1418 13. 87.
1419 13. 87.
1420 13. 87.
1421 13. 87.
1422 13. 87.
1423 13. 87.
1424 12. 88.
1425 12. 88.
1426 12. 88.
1427 12. 88.
1428 12. 88.
1429 12. 88.
1430 11. 89.
1431 11. 89.
1432 11. 89.
1433 11. 89.
1434 11. 89.
1435 11. 89.
1436 11. 89.
1437 12. 88.
1438 12. 88.
1439 12. 88.
1440 12. 88.
1441 12. 88.
1442 12. 88.
1443 12. 88.
1444 12. 88.
1445 12. 88.
1446 12. 88.
1447 12. 88.
1448 12. 88.
1449 12. 88.
1450 12. 88.
1451 12. 88.
1452 12. 88.
1453 12. 88.
1454 12. 88.
1455 12. 88.
1456 12. 88.
1457 12. 88.
1458 12. 88.
1459 12. 88.
1460 12. 88.
1461 12. 88.
1462 12. 88.
1463 12. 88.
1464 11. 89.
1465 11. 89.
1466 11. 89.
1467 12. 88.
1468 13. 87.
1469 13. 87.
1470 13. 87.
1471 13. 87.
1472 13. 87.
1473 13. 87.
1474 13. 87.
1475 13. 87.
1476 13. 87.
1477 13. 87.
1478 13. 87.
1479 13. 87.
1480 13. 87.
1481 13. 87.
1482 13. 87.
1483 13. 87.
1484 13. 87.
1485 13. 87.
1486 13. 87.
1487 13. 87.
1488 13. 87.
1489 13. 87.
1490 13. 87.
1491 13. 87.
1492 13. 87.
1493 13. 87.
1494 13. 87.
1495 13. 87.
1496 13. 87.
1497 13. 87.
1498 13. 87.
1499 12. 88.
1500 12. 88.
1501 12. 88.
1502 12. 88.
1503 12. 88.
1504 12. 88.
1505 12. 88.
1506 12. 88.
1507 12. 88.
1508 12. 88.
1509 12. 88.
1510 12. 88.
1511 12. 88.
1512 12. 88.
1513 12. 88.
1514 12. 88.
1515 13. 87.
1516 13. 87.
1517 13. 87.
1518 13. 87.
1519 13. 87.
1520 13. 87.
1521 13. 87.
1522 13. 87.
1523 12. 88.
1524 12. 88.
1525 12. 88.
1526 12. 88.
1527 12. 88.
1528 12. 88.
1529 12. 88.
1530 12. 88.
1531 12. 88.
1532 12. 88.
1533 12. 88.
1534 12. 88.
1535 12. 88.
1536 12. 88.
1537 12. 88.
1538 12. 88.
1539 13. 87.
1540 13. 87.
1541 13. 87.
1542 12. 88.
1543 12. 88.
1544 12. 88.
1545 12. 88.
1546 12. 88.
1547 12. 88.
1548 12. 88.
1549 12. 88.
1550 12. 88.
1551 12. 88.
1552 12. 88.
1553 12. 88.
1554 12. 88.
1555 12. 88.
1556 12. 88.
1557 12. 88.
1558 12. 88.
1559 12. 88.
1560 13. 87.
1561 13. 87.
1562 13. 87.
1563 13. 87.
1564 13. 87.
1565 13. 87.
1566 13. 87.
1567 13. 87.
1568 13. 87.
1569 13. 87.
1570 13. 87.
1571 13. 87.
1572 13. 87.
1573 13. 87.
1574 13. 87.
1575 13. 87.
1576 13. 87.
1577 13. 87.
1578 13. 87.
1579 13. 87.
1580 13. 87.
1581 12. 88.
1582 12. 88.
1583 12. 88.
1584 12. 88.
1585 12. 88.
1586 12. 88.
1587 12. 88.
1588 12. 88.
1589 12. 88.
1590 12. 88.
1591 12. 88.
1592 12. 88.
1593 12. 88.
1594 12. 88.
1595 12. 88.
1596 12. 88.
1597 13. 87.
1598 13. 87.
1599 13. 87.
1600 13. 87.
1601 13. 87.
1602 13. 87.
1603 13. 87.
1604 13. 87.
1605 13. 87.
1606 13. 87.
1607 12. 88.
1608 12. 88.
1609 13. 87.
1610 13. 87.
1611 13. 87.
1612 13. 87.
1613 13. 87.
1614 13. 87.
1615 13. 87.
1616 13. 87.
1617 13. 87.
1618 12. 88.
1619 12. 88.
1620 12. 88.
1621 12. 88.
1622 12. 88.
1623 12. 88.
1624 12. 88.
1625 11. 89.
1626 11. 89.
1627 11. 89.
1628 12. 88.
1629 12. 88.
1630 12. 88.
1631 12. 88.
1632 12. 88.
1633 12. 88.
1634 12. 88.
1635 12. 88.
1636 12. 88.
1637 12. 88.
1638 12. 88.
1639 12. 88.
1640 12. 88.
1641 12. 88.
1642 12. 88.
1643 12. 88.
1644 11. 89.
1645 11. 89.
1646 11. 89.
1647 11. 89.
1648 11. 89.
1649 11. 89.
1650 11. 89.
1651 11. 89.
1652 11. 89.
1653 11. 89.
1654 11. 89.
1655 11. 89.
1656 11. 89.
1657 11. 89.
1658 11. 89.
1659 11. 89.
1660 11. 89.
1661 11. 89.
1662 11. 89.
1663 11. 89.
1664 10. 90.
1665 10. 90.
1666 10. 90.
1667 10. 90.
1668 9. 91.
1669 9. 91.
1670 9. 91.
1671 9. 91.
1672 9. 91.
1673 9. 91.
1674 9. 91.
1675 9. 91.
1676 10. 90.
1677 10. 90.
1678 10. 90.
1679 10. 90.
1680 10. 90.
1681 10. 90.
1682 10. 90.
1683 10. 90.
1684 10. 90.
1685 11. 89.
1686 10. 90.
1687 10. 90.
1688 10. 90.
1689 10. 90.
1690 10. 90.
1691 10. 90.
1692 10. 90.
1693 10. 90.
1694 10. 90.
1695 9. 91.
1696 9. 91.
1697 9. 91.
1698 9. 91.
1699 9. 91.
1700 9. 91.
1701 9. 91.
1702 9. 91.
1703 9. 91.
1704 9. 91.
1705 9. 91.
1706 9. 91.
1707 9. 91.
1708 9. 91.
1709 9. 91.
1710 10. 90.
1711 10. 90.
1712 10. 90.
1713 10. 90.
1714 10. 90.
1715 10. 90.
1716 10. 90.
1717 10. 90.
1718 10. 90.
1719 10. 90.
1720 10. 90.
1721 10. 90.
1722 10. 90.
1723 10. 90.
1724 10. 90.
1725 10. 90.
1726 10. 90.
1727 10. 90.
1728 10. 90.
1729 10. 90.
1730 9. 91.
1731 9. 91.
1732 9. 91.
1733 9. 91.
1734 9. 91.
1735 9. 91.
1736 9. 91.
1737 9. 91.
1738 9. 91.
1739 9. 91.
1740 9. 91.
1741 9. 91.
1742 9. 91.
1743 9. 91.
1744 9. 91.
1745 9. 91.
1746 9. 91.
1747 9. 91.
1748 9. 91.
1749 9. 91.
1750 9. 91.
1751 9. 91.
1752 9. 91.
1753 9. 91.
1754 9. 91.
1755 9. 91.
1756 9. 91.
1757 10. 90.
1758 10. 90.
1759 10. 90.
1760 10. 90.
1761 10. 90.
1762 10. 90.
1763 10. 90.
1764 9. 91.
1765 9. 91.
1766 9. 91.
1767 9. 91.
1768 9. 91.
1769 9. 91.
1770 9. 91.
1771 9. 91.
1772 9. 91.
1773 9. 91.
1774 9. 91.
1775 9. 91.
1776 9. 91.
1777 9. 91.
1778 8. 92.
1779 8. 92.
1780 8. 92.
1781 8. 92.
1782 8. 92.
1783 8. 92.
1784 8. 92.
1785 8. 92.
1786 8. 92.
1787 8. 92.
1788 7. 93.
1789 6. 94.
1790 6. 94.
1791 6. 94.
1792 6. 94.
1793 5. 95.
1794 5. 95.
1795 5. 95.
1796 5. 95.
1797 5. 95.
1798 5. 95.
1799 5. 95.
1800 5. 95.
1801 5. 95.
1802 5. 95.
1803 5. 95.
1804 5. 95.
1805 5. 95.
1806 5. 95.
1807 5. 95.
1808 5. 95.
1809 5. 95.
1810 5. 95.
1811 5. 95.
1812 5. 95.
1813 5. 95.
1814 5. 95.
1815 5. 95.
1816 5. 95.
1817 5. 95.
1818 5. 95.
1819 5. 95.
1820 5. 95.
1821 5. 95.
1822 6. 94.
1823 6. 94.
1824 6. 94.
1825 6. 94.
1826 6. 94.
1827 6. 94.
1828 6. 94.
1829 6. 94.
1830 6. 94.
1831 6. 94.
1832 6. 94.
1833 6. 94.
1834 6. 94.
1835 6. 94.
1836 6. 94.
1837 6. 94.
1838 7. 93.
1839 7. 93.
1840 8. 92.
1841 8. 92.
1842 8. 92.
1843 8. 92.
1844 9. 91.
1845 10. 90.
1846 10. 90.
1847 10. 90.
1848 10. 90.
1849 10. 90.
1850 10. 90.
1851 10. 90.
1852 10. 90.
1853 11. 89.
1854 11. 89.
1855 11. 89.
1856 12. 88.
1857 12. 88.
1858 12. 88.
1859 12. 88.
1860 13. 87.
1861 13. 87.
1862 13. 87.
1863 13. 87.
1864 13. 87.
1865 13. 87.
1866 13. 87.
1867 13. 87.
1868 13. 87.
1869 13. 87.
1870 13. 87.
1871 12. 88.
1872 12. 88.
1873 12. 88.
1874 12. 88.
1875 12. 88.
1876 12. 88.
1877 12. 88.
1878 12. 88.
1879 12. 88.
1880 12. 88.
1881 12. 88.
1882 12. 88.
1883 12. 88.
1884 12. 88.
1885 12. 88.
1886 12. 88.
1887 12. 88.
1888 12. 88.
1889 12. 88.
1890 12. 88.
1891 12. 88.
1892 12. 88.
1893 12. 88.
1894 12. 88.
1895 11. 89.
1896 11. 89.
1897 11. 89.
1898 11. 89.
1899 12. 88.
1900 12. 88.
1901 13. 87.
1902 13. 87.
1903 13. 87.
1904 13. 87.
1905 14. 86.
1906 14. 86.
1907 14. 86.
1908 14. 86.
1909 14. 86.
1910 14. 86.
1911 14. 86.
1912 14. 86.
1913 14. 86.
1914 14. 86.
1915 14. 86.
1916 14. 86.
1917 14. 86.
1918 14. 86.
1919 14. 86.
1920 14. 86.
1921 14. 86.
1922 14. 86.
1923 14. 86.
1924 14. 86.
1925 14. 86.
1926 14. 86.
1927 14. 86.
1928 13. 87.
1929 13. 87.
1930 13. 87.
1931 13. 87.
1932 13. 87.
1933 13. 87.
1934 13. 87.
1935 13. 87.
1936 13. 87.
1937 13. 87.
1938 13. 87.
1939 13. 87.
1940 13. 87.
1941 13. 87.
1942 13. 87.
1943 13. 87.
1944 14. 86.
1945 14. 86.
1946 14. 86.
1947 14. 86.
1948 15. 85.
1949 15. 85.
1950 15. 85.
1951 15. 85.
1952 14. 86.
1953 14. 86.
1954 14. 86.
1955 14. 86.
1956 14. 86.
1957 14. 86.
1958 14. 86.
1959 14. 86.
1960 14. 86.
1961 14. 86.
1962 14. 86.
1963 14. 86.
1964 14. 86.
1965 14. 86.
1966 14. 86.
1967 15. 85.
1968 14. 86.
1969 14. 86.
1970 14. 86.
1971 14. 86.
1972 14. 86.
1973 14. 86.
1974 14. 86.
1975 14. 86.
1976 14. 86.
1977 14. 86.
1978 14. 86.
1979 14. 86.
1980 14. 86.
1981 14. 86.
1982 14. 86.
1983 14. 86.
1984 14. 86.
1985 14. 86.
1986 14. 86.
1987 14. 86.
1988 14. 86.
1989 14. 86.
1990 14. 86.
1991 14. 86.
1992 14. 86.
1993 14. 86.
1994 14. 86.
1995 14. 86.
1996 14. 86.
1997 14. 86.
1998 14. 86.
1999 14. 86.
2000 14. 86.
2001 14. 86.
2002 13. 87.
2003 13. 87.
2004 13. 87.
2005 13. 87.
2006 14. 86.
2007 14. 86.
2008 14. 86.
2009 14. 86.
2010 14. 86.
2011 14. 86.
2012 14. 86.
2013 13. 87.
2014 13. 87.
2015 13. 87.
2016 13. 87.
2017 13. 87.
2018 13. 87.
2019 13. 87.
2020 14. 86.
2021 14. 86.
2022 14. 86.
2023 14. 86.
2024 14. 86.
2025 14. 86.
2026 15. 85.
2027 15. 85.
2028 14. 86.
2029 14. 86.
2030 14. 86.
2031 14. 86.
2032 14. 86.
2033 13. 87.
2034 13. 87.
2035 13. 87.
2036 12. 88.
2037 12. 88.
2038 12. 88.
2039 12. 88.
2040 12. 88.
2041 12. 88.
2042 12. 88.
2043 12. 88.
2044 12. 88.
2045 12. 88.
2046 12. 88.
2047 12. 88.
2048 12. 88.
2049 12. 88.
2050 12. 88.
2051 12. 88.
2052 12. 88.
2053 12. 88.
2054 12. 88.
2055 12. 88.
2056 12. 88.
2057 12. 88.
2058 12. 88.
2059 12. 88.
2060 12. 88.
2061 12. 88.
2062 12. 88.
2063 12. 88.
2064 12. 88.
2065 12. 88.
2066 13. 87.
2067 13. 87.
2068 14. 86.
2069 14. 86.
2070 14. 86.
2071 14. 86.
2072 14. 86.
2073 14. 86.
2074 14. 86.
2075 14. 86.
2076 15. 85.
2077 15. 85.
2078 15. 85.
2079 15. 85.
2080 15. 85.
2081 15. 85.
2082 15. 85.
2083 15. 85.
2084 15. 85.
2085 15. 85.
2086 15. 85.
2087 15. 85.
2088 15. 85.
2089 15. 85.
2090 14. 86.
2091 14. 86.
2092 13. 87.
2093 13. 87.
2094 13. 87.
2095 13. 87.
2096 13. 87.
2097 13. 87.
2098 13. 87.
2099 12. 88.
2100 12. 88.
2101 12. 88.
2102 11. 89.
2103 11. 89.
2104 11. 89.
2105 11. 89.
2106 11. 89.
2107 10. 90.
2108 10. 90.
2109 10. 90.
2110 10. 90.
2111 10. 90.
2112 10. 90.
2113 10. 90.
2114 10. 90.
2115 10. 90.
2116 10. 90.
2117 10. 90.
2118 10. 90.
2119 9. 91.
2120 9. 91.
2121 9. 91.
2122 9. 91.
2123 9. 91.
2124 9. 91.
2125 9. 91.
2126 9. 91.
2127 9. 91.
2128 9. 91.
2129 10. 90.
2130 9. 91.
2131 9. 91.
2132 9. 91.
2133 9. 91.
2134 8. 92.
2135 9. 91.
2136 9. 91.
2137 9. 91.
2138 9. 91.
2139 9. 91.
2140 9. 91.
2141 9. 91.
2142 9. 91.
2143 9. 91.
2144 9. 91.
2145 10. 90.
2146 10. 90.
2147 10. 90.
2148 10. 90.
2149 11. 89.
2150 11. 89.
2151 11. 89.
2152 11. 89.
2153 11. 89.
2154 11. 89.
2155 11. 89.
2156 10. 90.
2157 10. 90.
2158 10. 90.
2159 10. 90.
2160 10. 90.
2161 10. 90.
2162 10. 90.
2163 10. 90.
2164 10. 90.
2165 10. 90.
2166 9. 91.
2167 9. 91.
2168 9. 91.
2169 9. 91.
2170 9. 91.
2171 9. 91.
2172 9. 91.
2173 9. 91.
2174 9. 91.
2175 9. 91.
2176 9. 91.
2177 9. 91.
2178 9. 91.
2179 9. 91.
2180 9. 91.
2181 9. 91.
2182 9. 91.
2183 9. 91.
2184 9. 91.
2185 9. 91.
2186 9. 91.
2187 9. 91.
2188 9. 91.
2189 9. 91.
2190 9. 91.
2191 9. 91.
2192 9. 91.
2193 9. 91.
2194 9. 91.
2195 9. 91.
2196 9. 91.
2197 9. 91.
2198 9. 91.
2199 9. 91.
2200 9. 91.
2201 9. 91.
2202 9. 91.
2203 9. 91.
2204 8. 92.
2205 8. 92.
2206 8. 92.
2207 8. 92.
2208 8. 92.
2209 7. 93.
2210 6. 94.
2211 6. 94.
2212 6. 94.
2213 6. 94.
2214 7. 93.
2215 7. 93.
2216 7. 93.
2217 7. 93.
2218 7. 93.
2219 7. 93.
2220 7. 93.
2221 7. 93.
2222 7. 93.
2223 7. 93.
2224 7. 93.
2225 7. 93.
2226 7. 93.
2227 7. 93.
2228 7. 93.
2229 7. 93.
2230 7. 93.
2231 8. 92.
2232 8. 92.
2233 8. 92.
2234 8. 92.
2235 8. 92.
2236 8. 92.
2237 7. 93.
2238 7. 93.
2239 7. 93.
2240 7. 93.
2241 7. 93.
2242 7. 93.
2243 7. 93.
2244 7. 93.
2245 7. 93.
2246 7. 93.
2247 7. 93.
2248 7. 93.
2249 7. 93.
2250 7. 93.
2251 7. 93.
2252 7. 93.
2253 8. 92.
2254 8. 92.
2255 8. 92.
2256 8. 92.
2257 8. 92.
2258 8. 92.
2259 8. 92.
2260 8. 92.
2261 8. 92.
2262 8. 92.
2263 7. 93.
2264 7. 93.
2265 7. 93.
2266 7. 93.
2267 7. 93.
2268 7. 93.
2269 7. 93.
2270 8. 92.
2271 8. 92.
2272 8. 92.
2273 8. 92.
2274 8. 92.
2275 8. 92.
2276 7. 93.
2277 7. 93.
2278 7. 93.
2279 7. 93.
2280 7. 93.
2281 7. 93.
2282 7. 93.
2283 7. 93.
2284 7. 93.
2285 7. 93.
2286 7. 93.
2287 7. 93.
2288 7. 93.
2289 7. 93.
2290 7. 93.
2291 7. 93.
2292 7. 93.
2293 7. 93.
2294 7. 93.
2295 7. 93.
2296 7. 93.
2297 7. 93.
2298 7. 93.
2299 7. 93.
2300 7. 93.
2301 7. 93.
2302 7. 93.
2303 7. 93.
2304 7. 93.
2305 7. 93.
2306 7. 93.
2307 7. 93.
2308 7. 93.
2309 7. 93.
2310 7. 93.
2311 7. 93.
2312 7. 93.
2313 7. 93.
2314 7. 93.
2315 7. 93.
2316 7. 93.
2317 7. 93.
2318 7. 93.
2319 7. 93.
2320 7. 93.
2321 7. 93.
2322 7. 93.
2323 7. 93.
2324 7. 93.
2325 7. 93.
2326 7. 93.
2327 7. 93.
2328 8. 92.
2329 8. 92.
2330 8. 92.
2331 8. 92.
2332 8. 92.
2333 8. 92.
2334 7. 93.
2335 7. 93.
2336 7. 93.
2337 7. 93.
2338 7. 93.
2339 7. 93.
2340 7. 93.
2341 7. 93.
2342 7. 93.
2343 7. 93.
2344 7. 93.
2345 7. 93.
2346 7. 93.
2347 7. 93.
2348 7. 93.
2349 7. 93.
2350 7. 93.
2351 7. 93.
2352 7. 93.
2353 7. 93.
2354 7. 93.
2355 7. 93.
2356 7. 93.
2357 7. 93.
2358 7. 93.
2359 7. 93.
2360 7. 93.
2361 7. 93.
2362 7. 93.
2363 7. 93.
2364 7. 93.
2365 6. 94.
2366 6. 94.
2367 6. 94.
2368 6. 94.
2369 6. 94.
2370 6. 94.
2371 6. 94.
2372 6. 94.
2373 6. 94.
2374 6. 94.
2375 6. 94.
2376 6. 94.
2377 6. 94.
2378 6. 94.
2379 6. 94.
2380 6. 94.
2381 6. 94.
2382 6. 94.
2383 6. 94.
2384 6. 94.
2385 6. 94.
2386 6. 94.
2387 6. 94.
2388 6. 94.
2389 6. 94.
2390 6. 94.
2391 6. 94.
2392 6. 94.
2393 7. 93.
2394 7. 93.
2395 7. 93.
2396 7. 93.
2397 7. 93.
2398 7. 93.
2399 7. 93.
2400 7. 93.
2401 7. 93.
2402 7. 93.
2403 7. 93.
2404 6. 94.
2405 6. 94.
2406 7. 93.
2407 7. 93.
2408 7. 93.
2409 7. 93.
2410 7. 93.
2411 7. 93.
2412 7. 93.
2413 7. 93.
2414 7. 93.
2415 7. 93.
2416 7. 93.
2417 7. 93.
2418 7. 93.
2419 7. 93.
2420 7. 93.
2421 7. 93.
2422 7. 93.
2423 7. 93.
2424 7. 93.
2425 7. 93.
2426 7. 93.
2427 7. 93.
2428 7. 93.
2429 7. 93.
2430 6. 94.
2431 6. 94.
2432 6. 94.
2433 6. 94.
2434 6. 94.
2435 6. 94.
2436 6. 94.
2437 6. 94.
2438 6. 94.
2439 6. 94.
2440 6. 94.
2441 6. 94.
2442 6. 94.
2443 6. 94.
2444 6. 94.
2445 6. 94.
2446 6. 94.
2447 6. 94.
2448 6. 94.
2449 6. 94.
2450 6. 94.
2451 6. 94.
2452 6. 94.
2453 7. 93.
2454 8. 92.
2455 8. 92.
2456 8. 92.
2457 8. 92.
2458 8. 92.
2459 8. 92.
2460 8. 92.
2461 8. 92.
2462 8. 92.
2463 8. 92.
2464 7. 93.
2465 7. 93.
2466 7. 93.
2467 7. 93.
2468 7. 93.
2469 7. 93.
2470 7. 93.
2471 7. 93.
2472 8. 92.
2473 8. 92.
2474 8. 92.
2475 7. 93.
2476 7. 93.
2477 7. 93.
2478 7. 93.
2479 7. 93.
2480 7. 93.
2481 7. 93.
2482 7. 93.
2483 7. 93.
2484 7. 93.
2485 7. 93.
2486 7. 93.
2487 7. 93.
2488 7. 93.
2489 7. 93.
2490 7. 93.
2491 7. 93.
2492 7. 93.
2493 7. 93.
2494 7. 93.
2495 7. 93.
2496 7. 93.
2497 7. 93.
2498 7. 93.
2499 7. 93.
2500 7. 93.
2501 7. 93.
2502 7. 93.
2503 7. 93.
2504 7. 93.
2505 7. 93.
2506 7. 93.
2507 7. 93.
2508 7. 93.
2509 7. 93.
2510 7. 93.
2511 7. 93.
2512 7. 93.
2513 7. 93.
2514 7. 93.
2515 7. 93.
2516 7. 93.
2517 7. 93.
2518 7. 93.
2519 7. 93.
2520 7. 93.
2521 7. 93.
2522 7. 93.
2523 7. 93.
2524 7. 93.
2525 7. 93.
2526 7. 93.
2527 7. 93.
2528 7. 93.
2529 7. 93.
2530 7. 93.
2531 7. 93.
2532 7. 93.
2533 7. 93.
2534 7. 93.
2535 7. 93.
2536 7. 93.
2537 7. 93.
2538 7. 93.
2539 7. 93.
2540 7. 93.
2541 8. 92.
2542 8. 92.
2543 8. 92.
2544 8. 92.
2545 8. 92.
2546 8. 92.
2547 8. 92.
2548 8. 92.
2549 8. 92.
2550 8. 92.
2551 8. 92.
2552 8. 92.
2553 8. 92.
2554 9. 91.
2555 9. 91.
2556 9. 91.
2557 9. 91.
2558 9. 91.
2559 9. 91.
2560 9. 91.
2561 9. 91.
2562 9. 91.
2563 9. 91.
2564 9. 91.
2565 9. 91.
2566 9. 91.
2567 9. 91.
2568 9. 91.
2569 9. 91.
2570 9. 91.
2571 9. 91.
2572 9. 91.
2573 9. 91.
2574 9. 91.
2575 9. 91.
2576 9. 91.
2577 9. 91.
2578 9. 91.
2579 9. 91.
2580 9. 91.
2581 8. 92.
2582 8. 92.
2583 8. 92.
2584 8. 92.
2585 8. 92.
2586 8. 92.
2587 8. 92.
2588 8. 92.
2589 8. 92.
2590 8. 92.
2591 8. 92.
2592 8. 92.
2593 8. 92.
2594 8. 92.
2595 8. 92.
2596 8. 92.
2597 8. 92.
2598 8. 92.
2599 8. 92.
2600 8. 92.
2601 8. 92.
2602 8. 92.
2603 8. 92.
2604 8. 92.
2605 8. 92.
2606 8. 92.
2607 8. 92.
2608 8. 92.
2609 8. 92.
2610 8. 92.
2611 8. 92.
2612 8. 92.
2613 9. 91.
2614 9. 91.
2615 9. 91.
2616 9. 91.
2617 9. 91.
2618 9. 91.
2619 9. 91.
2620 9. 91.
2621 9. 91.
2622 9. 91.
2623 9. 91.
2624 9. 91.
2625 9. 91.
2626 9. 91.
2627 9. 91.
2628 9. 91.
2629 9. 91.
2630 9. 91.
2631 9. 91.
2632 9. 91.
2633 9. 91.
2634 9. 91.
2635 9. 91.
2636 9. 91.
2637 9. 91.
2638 9. 91.
2639 9. 91.
2640 9. 91.
2641 9. 91.
2642 9. 91.
2643 9. 91.
2644 9. 91.
2645 9. 91.
2646 8. 92.
2647 8. 92.
2648 8. 92.
2649 8. 92.
2650 8. 92.
2651 8. 92.
2652 8. 92.
2653 8. 92.
2654 8. 92.
2655 8. 92.
2656 7. 93.
2657 7. 93.
2658 7. 93.
2659 7. 93.
2660 7. 93.
2661 7. 93.
2662 7. 93.
2663 7. 93.
2664 7. 93.
2665 7. 93.
2666 7. 93.
2667 7. 93.
2668 7. 93.
2669 7. 93.
2670 7. 93.
2671 7. 93.
2672 7. 93.
2673 7. 93.
2674 7. 93.
2675 7. 93.
2676 7. 93.
2677 7. 93.
2678 7. 93.
2679 7. 93.
2680 7. 93.
2681 7. 93.
2682 7. 93.
2683 7. 93.
2684 7. 93.
2685 7. 93.
2686 7. 93.
2687 7. 93.
2688 7. 93.
2689 7. 93.
2690 7. 93.
2691 7. 93.
2692 7. 93.
2693 7. 93.
2694 7. 93.
2695 7. 93.
2696 7. 93.
2697 7. 93.
2698 7. 93.
2699 7. 93.
2700 7. 93.
2701 7. 93.
2702 7. 93.
2703 7. 93.
2704 7. 93.
2705 7. 93.
2706 7. 93.
2707 7. 93.
2708 7. 93.
2709 7. 93.
2710 7. 93.
2711 6. 94.
2712 6. 94.
2713 6. 94.
2714 6. 94.
2715 6. 94.
2716 6. 94.
2717 6. 94.
2718 6. 94.
2719 5. 95.
2720 5. 95.
2721 5. 95.
2722 5. 95.
2723 5. 95.
2724 5. 95.
2725 5. 95.
2726 5. 95.
2727 5. 95.
2728 5. 95.
2729 5. 95.
2730 5. 95.
2731 5. 95.
2732 5. 95.
2733 5. 95.
2734 5. 95.
2735 5. 95.
2736 5. 95.
2737 5. 95.
2738 5. 95.
2739 5. 95.
2740 5. 95.
2741 5. 95.
2742 5. 95.
2743 5. 95.
2744 5. 95.
2745 5. 95.
2746 5. 95.
2747 5. 95.
2748 6. 94.
2749 6. 94.
2750 6. 94.
2751 6. 94.
2752 6. 94.
2753 6. 94.
2754 7. 93.
2755 6. 94.
2756 6. 94.
2757 6. 94.
2758 6. 94.
2759 6. 94.
2760 6. 94.
2761 6. 94.
2762 6. 94.
2763 6. 94.
2764 6. 94.
2765 6. 94.
2766 6. 94.
2767 6. 94.
2768 6. 94.
2769 6. 94.
2770 6. 94.
2771 6. 94.
2772 6. 94.
2773 6. 94.
2774 6. 94.
2775 6. 94.
2776 6. 94.
2777 6. 94.
2778 6. 94.
2779 6. 94.
2780 6. 94.
2781 6. 94.
2782 6. 94.
2783 6. 94.
2784 6. 94.
2785 6. 94.
2786 6. 94.
2787 6. 94.
2788 6. 94.
2789 5. 95.
2790 5. 95.
2791 5. 95.
2792 5. 95.
2793 5. 95.
2794 5. 95.
2795 5. 95.
2796 5. 95.
2797 5. 95.
2798 5. 95.
2799 5. 95.
2800 5. 95.
2801 5. 95.
2802 5. 95.
2803 5. 95.
2804 5. 95.
2805 5. 95.
2806 5. 95.
2807 5. 95.
2808 5. 95.
2809 5. 95.
2810 5. 95.
2811 5. 95.
2812 5. 95.
2813 5. 95.
2814 5. 95.
2815 5. 95.
2816 5. 95.
2817 5. 95.
2818 5. 95.
2819 5. 95.
2820 5. 95.
2821 5. 95.
2822 5. 95.
2823 5. 95.
2824 5. 95.
2825 5. 95.
2826 5. 95.
2827 5. 95.
2828 5. 95.
2829 5. 95.
2830 5. 95.
2831 5. 95.
2832 5. 95.
2833 5. 95.
2834 5. 95.
2835 5. 95.
2836 5. 95.
2837 5. 95.
2838 5. 95.
2839 5. 95.
2840 5. 95.
2841 5. 95.
2842 5. 95.
2843 5. 95.
2844 5. 95.
2845 5. 95.
2846 5. 95.
2847 5. 95.
2848 5. 95.
2849 5. 95.
2850 6. 94.
2851 6. 94.
2852 6. 94.
2853 6. 94.
2854 6. 94.
2855 6. 94.
2856 6. 94.
2857 6. 94.
2858 6. 94.
2859 6. 94.
2860 6. 94.
2861 6. 94.
2862 6. 94.
2863 6. 94.
2864 6. 94.
2865 6. 94.
2866 6. 94.
2867 6. 94.
2868 6. 94.
2869 7. 93.
2870 7. 93.
2871 7. 93.
2872 7. 93.
2873 7. 93.
2874 7. 93.
2875 7. 93.
2876 7. 93.
2877 8. 92.
2878 8. 92.
2879 8. 92.
2880 8. 92.
2881 8. 92.
2882 8. 92.
2883 8. 92.
2884 8. 92.
2885 8. 92.
2886 8. 92.
2887 8. 92.
2888 8. 92.
2889 8. 92.
2890 8. 92.
2891 8. 92.
2892 8. 92.
2893 8. 92.
2894 8. 92.
2895 8. 92.
2896 8. 92.
2897 8. 92.
2898 8. 92.
2899 8. 92.
2900 8. 92.
2901 8. 92.
2902 8. 92.
2903 8. 92.
2904 8. 92.
2905 8. 92.
2906 8. 92.
2907 8. 92.
2908 8. 92.
2909 8. 92.
2910 7. 93.
2911 7. 93.
2912 7. 93.
2913 7. 93.
2914 7. 93.
2915 7. 93.
2916 7. 93.
2917 7. 93.
2918 7. 93.
2919 6. 94.
2920 6. 94.
2921 6. 94.
2922 6. 94.
2923 6. 94.
2924 6. 94.
2925 6. 94.
2926 6. 94.
2927 5. 95.
2928 5. 95.
2929 5. 95.
2930 5. 95.
2931 5. 95.
2932 5. 95.
2933 5. 95.
2934 5. 95.
2935 5. 95.
2936 5. 95.
2937 5. 95.
2938 6. 94.
2939 6. 94.
2940 6. 94.
2941 6. 94.
2942 6. 94.
2943 6. 94.
2944 6. 94.
2945 6. 94.
2946 6. 94.
2947 6. 94.
2948 6. 94.
2949 6. 94.
2950 6. 94.
2951 5. 95.
2952 5. 95.
2953 5. 95.
2954 5. 95.
2955 5. 95.
2956 5. 95.
2957 5. 95.
2958 5. 95.
2959 5. 95.
2960 6. 94.
2961 6. 94.
2962 6. 94.
2963 6. 94.
2964 6. 94.
2965 7. 93.
2966 7. 93.
2967 7. 93.
2968 7. 93.
2969 7. 93.
2970 7. 93.
2971 7. 93.
2972 7. 93.
2973 7. 93.
2974 7. 93.
2975 7. 93.
2976 7. 93.
2977 7. 93.
2978 7. 93.
2979 7. 93.
2980 7. 93.
2981 7. 93.
2982 7. 93.
2983 7. 93.
2984 7. 93.
2985 7. 93.
2986 7. 93.
2987 7. 93.
2988 7. 93.
2989 7. 93.
2990 7. 93.
2991 7. 93.
2992 7. 93.
2993 7. 93.
2994 7. 93.
2995 7. 93.
2996 7. 93.
2997 7. 93.
2998 7. 93.
2999 7. 93.
3000 7. 93.
3001 7. 93.
3002 7. 93.
3003 7. 93.
3004 7. 93.
3005 7. 93.
3006 7. 93.
3007 7. 93.
3008 7. 93.
3009 7. 93.
3010 7. 93.
3011 7. 93.
3012 7. 93.
3013 7. 93.
3014 7. 93.
3015 7. 93.
3016 7. 93.
3017 7. 93.
3018 7. 93.
3019 7. 93.
3020 7. 93.
3021 7. 93.
3022 7. 93.
3023 7. 93.
3024 7. 93.
3025 7. 93.
3026 7. 93.
3027 7. 93.
3028 7. 93.
3029 7. 93.
3030 7. 93.
3031 7. 93.
3032 7. 93.
3033 7. 93.
3034 7. 93.
3035 7. 93.
3036 7. 93.
3037 7. 93.
3038 7. 93.
3039 7. 93.
3040 7. 93.
3041 7. 93.
3042 7. 93.
3043 6. 94.
3044 6. 94.
3045 6. 94.
3046 6. 94.
3047 6. 94.
3048 6. 94.
3049 6. 94.
3050 6. 94.
3051 7. 93.
3052 7. 93.
3053 7. 93.
3054 7. 93.
3055 7. 93.
3056 7. 93.
3057 7. 93.
3058 7. 93.
3059 7. 93.
3060 7. 93.
3061 7. 93.
3062 7. 93.
3063 7. 93.
3064 6. 94.
3065 6. 94.
3066 6. 94.
3067 6. 94.
3068 6. 94.
3069 6. 94.
3070 6. 94.
3071 6. 94.
3072 6. 94.
3073 6. 94.
3074 6. 94.
3075 6. 94.
3076 6. 94.
3077 6. 94.
3078 6. 94.
3079 6. 94.
3080 6. 94.
3081 6. 94.
3082 6. 94.
3083 6. 94.
3084 6. 94.
3085 6. 94.
3086 6. 94.
3087 6. 94.
3088 6. 94.
3089 6. 94.
3090 6. 94.
3091 6. 94.
3092 6. 94.
3093 6. 94.
3094 6. 94.
3095 6. 94.
3096 6. 94.
3097 6. 94.
3098 6. 94.
3099 6. 94.
3100 6. 94.
3101 6. 94.
3102 6. 94.
3103 6. 94.
3104 6. 94.
3105 7. 93.
3106 7. 93.
3107 7. 93.
3108 7. 93.
3109 7. 93.
3110 7. 93.
3111 7. 93.
3112 7. 93.
3113 7. 93.
3114 7. 93.
3115 7. 93.
3116 7. 93.
3117 7. 93.
3118 6. 94.
3119 6. 94.
3120 6. 94.
3121 6. 94.
3122 6. 94.
3123 6. 94.
3124 6. 94.
3125 6. 94.
3126 7. 93.
3127 7. 93.
3128 7. 93.
3129 7. 93.
3130 7. 93.
3131 7. 93.
3132 7. 93.
3133 7. 93.
3134 7. 93.
3135 7. 93.
3136 7. 93.
3137 7. 93.
3138 7. 93.
3139 7. 93.
3140 7. 93.
3141 7. 93.
3142 7. 93.
3143 7. 93.
3144 7. 93.
3145 7. 93.
3146 7. 93.
3147 7. 93.
3148 7. 93.
3149 7. 93.
3150 7. 93.
3151 7. 93.
3152 7. 93.
3153 6. 94.
3154 7. 93.
3155 7. 93.
3156 7. 93.
3157 7. 93.
3158 7. 93.
3159 7. 93.
3160 6. 94.
3161 6. 94.
3162 6. 94.
3163 6. 94.
3164 6. 94.
3165 6. 94.
3166 6. 94.
3167 6. 94.
3168 6. 94.
3169 6. 94.
3170 6. 94.
3171 6. 94.
3172 6. 94.
3173 6. 94.
3174 6. 94.
3175 6. 94.
3176 6. 94.
3177 6. 94.
3178 6. 94.
3179 6. 94.
3180 6. 94.
3181 6. 94.
3182 6. 94.
3183 6. 94.
3184 6. 94.
3185 6. 94.
3186 6. 94.
3187 6. 94.
3188 6. 94.
3189 6. 94.
3190 6. 94.
3191 6. 94.
3192 6. 94.
3193 6. 94.
3194 6. 94.
3195 6. 94.
3196 6. 94.
3197 6. 94.
3198 6. 94.
3199 6. 94.
3200 6. 94.
3201 6. 94.
3202 6. 94.
3203 7. 93.
3204 7. 93.
3205 7. 93.
3206 7. 93.
3207 7. 93.
3208 7. 93.
3209 6. 94.
3210 6. 94.
3211 6. 94.
3212 6. 94.
3213 6. 94.
3214 6. 94.
3215 6. 94.
3216 6. 94.
3217 6. 94.
3218 6. 94.
3219 6. 94.
3220 6. 94.
3221 6. 94.
3222 6. 94.
3223 6. 94.
3224 6. 94.
3225 6. 94.
3226 6. 94.
3227 6. 94.
3228 6. 94.
3229 6. 94.
3230 6. 94.
3231 6. 94.
3232 6. 94.
3233 6. 94.
3234 6. 94.
3235 6. 94.
3236 6. 94.
3237 6. 94.
3238 5. 95.
3239 5. 95.
3240 5. 95.
3241 5. 95.
3242 5. 95.
3243 5. 95.
3244 5. 95.
3245 5. 95.
3246 5. 95.
3247 5. 95.
3248 5. 95.
3249 5. 95.
3250 5. 95.
3251 5. 95.
3252 5. 95.
3253 5. 95.
3254 5. 95.
3255 5. 95.
3256 5. 95.
3257 5. 95.
3258 5. 95.
3259 5. 95.
3260 5. 95.
3261 5. 95.
3262 5. 95.
3263 5. 95.
3264 5. 95.
3265 5. 95.
3266 5. 95.
3267 5. 95.
3268 5. 95.
3269 5. 95.
3270 5. 95.
3271 5. 95.
3272 5. 95.
3273 5. 95.
3274 4. 96.
3275 4. 96.
3276 4. 96.
3277 4. 96.
3278 4. 96.
3279 4. 96.
3280 4. 96.
3281 4. 96.
3282 5. 95.
3283 4. 96.
3284 4. 96.
3285 4. 96.
3286 4. 96.
3287 4. 96.
3288 4. 96.
3289 4. 96.
3290 4. 96.
3291 4. 96.
3292 4. 96.
3293 4. 96.
3294 4. 96.
3295 4. 96.
3296 4. 96.
3297 4. 96.
3298 4. 96.
3299 4. 96.
3300 4. 96.
3301 4. 96.
3302 4. 96.
3303 4. 96.
3304 4. 96.
3305 4. 96.
3306 4. 96.
3307 4. 96.
3308 4. 96.
3309 4. 96.
3310 4. 96.
3311 4. 96.
3312 4. 96.
3313 4. 96.
3314 4. 96.
3315 4. 96.
3316 4. 96.
3317 3. 97.
3318 3. 97.
3319 3. 97.
3320 3. 97.
3321 3. 97.
3322 3. 97.
3323 3. 97.
3324 3. 97.
3325 3. 97.
3326 3. 97.
3327 3. 97.
3328 3. 97.
3329 3. 97.
3330 2. 98.
3331 2. 98.
3332 2. 98.
3333 1. 99.
3334 1. 99.
3335 1. 99.
3336 1. 99.
3337 1. 99.
3338 1. 99.
3339 1. 99.
3340 1. 99.
3341 1. 99.
3342 1. 99.
3343 1. 99.
3344 1. 99.
3345 1. 99.
3346 1. 99.
3347 1. 99.
3348 1. 99.
3349 1. 99.
3350 1. 99.
3351 1. 99.
3352 1. 99.
3353 1. 99.
3354 1. 99.
3355 1. 99.
3356 1. 99.
3357 1. 99.
3358 1. 99.
3359 1. 99.
3360 1. 99.
3361 1. 99.
3362 1. 99.
3363 1. 99.
3364 1. 99.
3365 1. 99.
3366 1. 99.
3367 1. 99.
3368 1. 99.
3369 1. 99.
3370 1. 99.
3371 1. 99.
3372 1. 99.
3373 1. 99.
3374 1. 99.
3375 1. 99.
3376 1. 99.
3377 1. 99.
3378 1. 99.
3379 1. 99.
3380 1. 99.
3381 1. 99.
3382 1. 99.
3383 1. 99.
3384 1. 99.
3385 1. 99.
3386 1. 99.
3387 1. 99.
3388 1. 99.
3389 1. 99.
3390 1. 99.
3391 1. 99.
3392 1. 99.
3393 1. 99.
3394 1. 99.
3395 1. 99.
3396 1. 99.
3397 1. 99.
3398 1. 99.
3399 1. 99.
3400 1. 99.
3401 1. 99.
3402 1. 99.
3403 1. 99.
3404 1. 99.
3405 1. 99.
3406 1. 99.
3407 1. 99.
3408 1. 99.
3409 1. 99.
3410 1. 99.
3411 1. 99.
3412 1. 99.
3413 1. 99.
3414 1. 99.
3415 1. 99.
3416 1. 99.
3417 1. 99.
3418 1. 99.
3419 1. 99.
3420 1. 99.
3421 1. 99.
3422 1. 99.
