0 22. 78.
1 22. 78.
2 22. 78.
3 22. 78.
4 22. 78.
5 22. 78.
6 22. 78.
7 22. 78.
8 22. 78.
9 22. 78.
10 23. 77.
11 23. 77.
12 23. 77.
13 23. 77.
14 23. 77.
15 24. 76.
16 25. 75.
17 25. 75.
18 25. 75.
19 25. 75.
20 25. 75.
21 25. 75.
22 25. 75.
23 25. 75.
24 25. 75.
25 25. 75.
26 25. 75.
27 25. 75.
28 25. 75.
29 25. 75.
30 25. 75.
31 25. 75.
32 26. 74.
33 25. 75.
34 25. 75.
35 25. 75.
36 25. 75.
37 25. 75.
38 25. 75.
39 25. 75.
40 25. 75.
41 25. 75.
42 25. 75.
43 25. 75.
44 25. 75.
45 25. 75.
46 26. 74.
47 26. 74.
48 26. 74.
49 26. 74.
50 26. 74.
51 26. 74.
52 26. 74.
53 26. 74.
54 25. 75.
55 25. 75.
56 26. 74.
57 26. 74.
58 25. 75.
59 25. 75.
60 25. 75.
61 25. 75.
62 25. 75.
63 25. 75.
64 25. 75.
65 25. 75.
66 25. 75.
67 25. 75.
68 26. 74.
69 26. 74.
70 26. 74.
71 26. 74.
72 27. 73.
73 26. 74.
74 27. 73.
75 27. 73.
76 27. 73.
77 27. 73.
78 27. 73.
79 26. 74.
80 26. 74.
81 27. 73.
82 27. 73.
83 26. 74.
84 26. 74.
85 26. 74.
86 26. 74.
87 26. 74.
88 26. 74.
89 26. 74.
90 26. 74.
91 26. 74.
92 26. 74.
93 26. 74.
94 26. 74.
95 26. 74.
96 26. 74.
97 26. 74.
98 25. 75.
99 25. 75.
100 25. 75.
101 25. 75.
102 25. 75.
103 25. 75.
104 25. 75.
105 25. 75.
106 25. 75.
107 25. 75.
108 25. 75.
109 26. 74.
110 25. 75.
111 25. 75.
112 25. 75.
113 25. 75.
114 25. 75.
115 25. 75.
116 25. 75.
117 25. 75.
118 24. 76.
119 23. 77.
120 22. 78.
121 22. 78.
122 22. 78.
123 22. 78.
124 22. 78.
125 21. 79.
126 21. 79.
127 21. 79.
128 21. 79.
129 20. 80.
130 20. 80.
131 20. 80.
132 20. 80.
133 20. 80.
134 20. 80.
135 20. 80.
136 20. 80.
137 21. 79.
138 20. 80.
139 20. 80.
140 20. 80.
141 20. 80.
142 19. 81.
143 20. 80.
144 20. 80.
145 21. 79.
146 22. 78.
147 22. 78.
148 22. 78.
149 22. 78.
150 23. 77.
151 23. 77.
152 23. 77.
153 23. 77.
154 23. 77.
155 23. 77.
156 23. 77.
157 23. 77.
158 23. 77.
159 23. 77.
160 23. 77.
161 23. 77.
162 23. 77.
163 23. 77.
164 23. 77.
165 23. 77.
166 23. 77.
167 23. 77.
168 23. 77.
169 23. 77.
170 23. 77.
171 23. 77.
172 24. 76.
173 24. 76.
174 25. 75.
175 25. 75.
176 24. 76.
177 24. 76.
178 24. 76.
179 24. 76.
180 24. 76.
181 23. 77.
182 23. 77.
183 23. 77.
184 24. 76.
185 24. 76.
186 23. 77.
187 23. 77.
188 23. 77.
189 23. 77.
190 23. 77.
191 23. 77.
192 22. 78.
193 22. 78.
194 22. 78.
195 21. 79.
196 21. 79.
197 20. 80.
198 20. 80.
199 20. 80.
200 20. 80.
201 21. 79.
202 21. 79.
203 21. 79.
204 21. 79.
205 21. 79.
206 21. 79.
207 21. 79.
208 21. 79.
209 21. 79.
210 21. 79.
211 21. 79.
212 22. 78.
213 22. 78.
214 22. 78.
215 22. 78.
216 22. 78.
217 22. 78.
218 22. 78.
219 22. 78.
220 23. 77.
221 24. 76.
222 24. 76.
223 24. 76.
224 24. 76.
225 24. 76.
226 24. 76.
227 24. 76.
228 23. 77.
229 24. 76.
230 24. 76.
231 24. 76.
232 24. 76.
233 24. 76.
234 24. 76.
235 24. 76.
236 24. 76.
237 24. 76.
238 25. 75.
239 25. 75.
240 25. 75.
241 25. 75.
242 25. 75.
243 25. 75.
244 24. 76.
245 24. 76.
246 24. 76.
247 24. 76.
248 24. 76.
249 24. 76.
250 24. 76.
251 24. 76.
252 24. 76.
253 24. 76.
254 24. 76.
255 24. 76.
256 24. 76.
257 24. 76.
258 25. 75.
259 25. 75.
260 26. 74.
261 26. 74.
262 26. 74.
263 26. 74.
264 25. 75.
265 25. 75.
266 25. 75.
267 25. 75.
268 25. 75.
269 25. 75.
270 25. 75.
271 25. 75.
272 25. 75.
273 25. 75.
274 25. 75.
275 25. 75.
276 24. 76.
277 24. 76.
278 24. 76.
279 24. 76.
280 24. 76.
281 24. 76.
282 24. 76.
283 23. 77.
284 23. 77.
285 23. 77.
286 23. 77.
287 23. 77.
288 23. 77.
289 23. 77.
290 23. 77.
291 23. 77.
292 23. 77.
293 23. 77.
294 23. 77.
295 23. 77.
296 24. 76.
297 25. 75.
298 25. 75.
299 26. 74.
300 26. 74.
301 26. 74.
302 26. 74.
303 26. 74.
304 26. 74.
305 26. 74.
306 25. 75.
307 25. 75.
308 25. 75.
309 25. 75.
310 24. 76.
311 23. 77.
312 23. 77.
313 24. 76.
314 24. 76.
315 24. 76.
316 23. 77.
317 23. 77.
318 23. 77.
319 23. 77.
320 23. 77.
321 23. 77.
322 23. 77.
323 23. 77.
324 23. 77.
325 23. 77.
326 23. 77.
327 23. 77.
328 23. 77.
329 23. 77.
330 22. 78.
331 22. 78.
332 22. 78.
333 22. 78.
334 22. 78.
335 22. 78.
336 22. 78.
337 23. 77.
338 23. 77.
339 23. 77.
340 22. 78.
341 22. 78.
342 22. 78.
343 22. 78.
344 22. 78.
345 22. 78.
346 22. 78.
347 22. 78.
348 22. 78.
349 22. 78.
350 23. 77.
351 23. 77.
352 23. 77.
353 23. 77.
354 23. 77.
355 23. 77.
356 23. 77.
357 23. 77.
358 23. 77.
359 23. 77.
360 23. 77.
361 23. 77.
362 23. 77.
363 22. 78.
364 22. 78.
365 22. 78.
366 23. 77.
367 23. 77.
368 22. 78.
369 22. 78.
370 22. 78.
371 22. 78.
372 22. 78.
373 21. 79.
374 21. 79.
375 21. 79.
376 21. 79.
377 21. 79.
378 21. 79.
379 21. 79.
380 21. 79.
381 21. 79.
382 21. 79.
383 21. 79.
384 21. 79.
385 21. 79.
386 21. 79.
387 21. 79.
388 22. 78.
389 22. 78.
390 23. 77.
391 23. 77.
392 23. 77.
393 22. 78.
394 22. 78.
395 22. 78.
396 23. 77.
397 23. 77.
398 23. 77.
399 22. 78.
400 22. 78.
401 22. 78.
402 22. 78.
403 22. 78.
404 22. 78.
405 22. 78.
406 22. 78.
407 22. 78.
408 22. 78.
409 22. 78.
410 22. 78.
411 23. 77.
412 23. 77.
413 23. 77.
414 23. 77.
415 22. 78.
416 22. 78.
417 22. 78.
418 22. 78.
419 21. 79.
420 22. 78.
421 22. 78.
422 22. 78.
423 22. 78.
424 22. 78.
425 22. 78.
426 22. 78.
427 22. 78.
428 22. 78.
429 22. 78.
430 21. 79.
431 21. 79.
432 21. 79.
433 21. 79.
434 20. 80.
435 19. 81.
436 19. 81.
437 19. 81.
438 19. 81.
439 19. 81.
440 19. 81.
441 19. 81.
442 19. 81.
443 19. 81.
444 19. 81.
445 19. 81.
446 19. 81.
447 19. 81.
448 19. 81.
449 19. 81.
450 19. 81.
451 19. 81.
452 19. 81.
453 19. 81.
454 19. 81.
455 19. 81.
456 19. 81.
457 19. 81.
458 19. 81.
459 20. 80.
460 20. 80.
461 20. 80.
462 20. 80.
463 20. 80.
464 20. 80.
465 20. 80.
466 20. 80.
467 20. 80.
468 20. 80.
469 20. 80.
470 20. 80.
471 20. 80.
472 20. 80.
473 20. 80.
474 20. 80.
475 20. 80.
476 20. 80.
477 20. 80.
478 20. 80.
479 19. 81.
480 19. 81.
481 19. 81.
482 18. 82.
483 18. 82.
484 19. 81.
485 19. 81.
486 19. 81.
487 19. 81.
488 19. 81.
489 19. 81.
490 19. 81.
491 19. 81.
492 19. 81.
493 19. 81.
494 20. 80.
495 20. 80.
496 21. 79.
497 21. 79.
498 21. 79.
499 21. 79.
500 21. 79.
501 20. 80.
502 20. 80.
503 20. 80.
504 20. 80.
505 20. 80.
506 20. 80.
507 21. 79.
508 21. 79.
509 21. 79.
510 20. 80.
511 21. 79.
512 21. 79.
513 21. 79.
514 22. 78.
515 22. 78.
516 22. 78.
517 22. 78.
518 22. 78.
519 22. 78.
520 22. 78.
521 22. 78.
522 22. 78.
523 22. 78.
524 22. 78.
525 22. 78.
526 22. 78.
527 22. 78.
528 22. 78.
529 21. 79.
530 21. 79.
531 21. 79.
532 22. 78.
533 22. 78.
534 23. 77.
535 23. 77.
536 23. 77.
537 23. 77.
538 23. 77.
539 23. 77.
540 23. 77.
541 23. 77.
542 23. 77.
543 23. 77.
544 23. 77.
545 23. 77.
546 22. 78.
547 22. 78.
548 22. 78.
549 22. 78.
550 22. 78.
551 22. 78.
552 22. 78.
553 22. 78.
554 22. 78.
555 22. 78.
556 22. 78.
557 22. 78.
558 23. 77.
559 23. 77.
560 23. 77.
561 23. 77.
562 22. 78.
563 21. 79.
564 22. 78.
565 22. 78.
566 22. 78.
567 23. 77.
568 23. 77.
569 23. 77.
570 23. 77.
571 23. 77.
572 23. 77.
573 23. 77.
574 23. 77.
575 23. 77.
576 23. 77.
577 23. 77.
578 23. 77.
579 23. 77.
580 22. 78.
581 22. 78.
582 21. 79.
583 21. 79.
584 21. 79.
585 22. 78.
586 22. 78.
587 22. 78.
588 22. 78.
589 23. 77.
590 23. 77.
591 23. 77.
592 23. 77.
593 23. 77.
594 23. 77.
595 23. 77.
596 24. 76.
597 24. 76.
598 24. 76.
599 24. 76.
600 24. 76.
601 24. 76.
602 24. 76.
603 24. 76.
604 24. 76.
605 24. 76.
606 24. 76.
607 24. 76.
608 24. 76.
609 25. 75.
610 25. 75.
611 25. 75.
612 25. 75.
613 25. 75.
614 25. 75.
615 25. 75.
616 25. 75.
617 25. 75.
618 25. 75.
619 25. 75.
620 25. 75.
621 25. 75.
622 25. 75.
623 25. 75.
624 25. 75.
625 25. 75.
626 25. 75.
627 25. 75.
628 25. 75.
629 25. 75.
630 25. 75.
631 26. 74.
632 26. 74.
633 25. 75.
634 25. 75.
635 25. 75.
636 25. 75.
637 25. 75.
638 24. 76.
639 23. 77.
640 23. 77.
641 23. 77.
642 23. 77.
643 23. 77.
644 23. 77.
645 23. 77.
646 23. 77.
647 22. 78.
648 22. 78.
649 23. 77.
650 23. 77.
651 23. 77.
652 24. 76.
653 24. 76.
654 24. 76.
655 24. 76.
656 24. 76.
657 24. 76.
658 24. 76.
659 24. 76.
660 24. 76.
661 24. 76.
662 24. 76.
663 24. 76.
664 24. 76.
665 24. 76.
666 24. 76.
667 24. 76.
668 24. 76.
669 24. 76.
670 24. 76.
671 24. 76.
672 25. 75.
673 25. 75.
674 25. 75.
675 25. 75.
676 25. 75.
677 25. 75.
678 25. 75.
679 25. 75.
680 24. 76.
681 24. 76.
682 24. 76.
683 24. 76.
684 24. 76.
685 24. 76.
686 24. 76.
687 24. 76.
688 25. 75.
689 25. 75.
690 25. 75.
691 26. 74.
692 26. 74.
693 25. 75.
694 25. 75.
695 25. 75.
696 25. 75.
697 25. 75.
698 25. 75.
699 25. 75.
700 26. 74.
701 26. 74.
702 26. 74.
703 25. 75.
704 25. 75.
705 26. 74.
706 26. 74.
707 26. 74.
708 27. 73.
709 28. 72.
710 28. 72.
711 28. 72.
712 29. 71.
713 29. 71.
714 29. 71.
715 29. 71.
716 29. 71.
717 29. 71.
718 29. 71.
719 30. 70.
720 29. 71.
721 30. 70.
722 30. 70.
723 30. 70.
724 30. 70.
725 30. 70.
726 30. 70.
727 30. 70.
728 30. 70.
729 31. 69.
730 30. 70.
731 30. 70.
732 31. 69.
733 31. 69.
734 31. 69.
735 31. 69.
736 31. 69.
737 31. 69.
738 31. 69.
739 31. 69.
740 31. 69.
741 31. 69.
742 31. 69.
743 31. 69.
744 31. 69.
745 30. 70.
746 30. 70.
747 30. 70.
748 29. 71.
749 30. 70.
750 30. 70.
751 30. 70.
752 30. 70.
753 30. 70.
754 30. 70.
755 30. 70.
756 30. 70.
757 30. 70.
758 30. 70.
759 30. 70.
760 31. 69.
761 31. 69.
762 30. 70.
763 30. 70.
764 30. 70.
765 30. 70.
766 30. 70.
767 30. 70.
768 30. 70.
769 30. 70.
770 30. 70.
771 30. 70.
772 29. 71.
773 29. 71.
774 29. 71.
775 29. 71.
776 29. 71.
777 29. 71.
778 29. 71.
779 29. 71.
780 29. 71.
781 29. 71.
782 29. 71.
783 29. 71.
784 29. 71.
785 28. 72.
786 28. 72.
787 28. 72.
788 28. 72.
789 28. 72.
790 28. 72.
791 28. 72.
792 28. 72.
793 28. 72.
794 28. 72.
795 28. 72.
796 28. 72.
797 28. 72.
798 28. 72.
799 28. 72.
800 28. 72.
801 27. 73.
802 27. 73.
803 27. 73.
804 27. 73.
805 27. 73.
806 27. 73.
807 27. 73.
808 27. 73.
809 27. 73.
810 27. 73.
811 27. 73.
812 27. 73.
813 26. 74.
814 26. 74.
815 26. 74.
816 26. 74.
817 26. 74.
818 26. 74.
819 26. 74.
820 26. 74.
821 25. 75.
822 24. 76.
823 24. 76.
824 24. 76.
825 24. 76.
826 25. 75.
827 25. 75.
828 25. 75.
829 25. 75.
830 25. 75.
831 25. 75.
832 25. 75.
833 25. 75.
834 25. 75.
835 25. 75.
836 25. 75.
837 24. 76.
838 24. 76.
839 23. 77.
840 23. 77.
841 23. 77.
842 23. 77.
843 23. 77.
844 23. 77.
845 23. 77.
846 23. 77.
847 23. 77.
848 23. 77.
849 23. 77.
850 23. 77.
851 24. 76.
852 24. 76.
853 24. 76.
854 24. 76.
855 24. 76.
856 24. 76.
857 24. 76.
858 24. 76.
859 23. 77.
860 24. 76.
861 24. 76.
862 23. 77.
863 24. 76.
864 25. 75.
865 25. 75.
866 25. 75.
867 25. 75.
868 25. 75.
869 25. 75.
870 25. 75.
871 25. 75.
872 25. 75.
873 25. 75.
874 25. 75.
875 25. 75.
876 25. 75.
877 25. 75.
878 25. 75.
879 25. 75.
880 25. 75.
881 25. 75.
882 25. 75.
883 25. 75.
884 25. 75.
885 25. 75.
886 25. 75.
887 25. 75.
888 25. 75.
889 25. 75.
890 25. 75.
891 25. 75.
892 25. 75.
893 25. 75.
894 25. 75.
895 25. 75.
896 26. 74.
897 26. 74.
898 25. 75.
899 25. 75.
900 25. 75.
901 26. 74.
902 26. 74.
903 26. 74.
904 26. 74.
905 25. 75.
906 25. 75.
907 25. 75.
908 25. 75.
909 25. 75.
910 25. 75.
911 25. 75.
912 25. 75.
913 26. 74.
914 26. 74.
915 26. 74.
916 26. 74.
917 25. 75.
918 26. 74.
919 26. 74.
920 26. 74.
921 25. 75.
922 25. 75.
923 26. 74.
924 25. 75.
925 25. 75.
926 25. 75.
927 25. 75.
928 25. 75.
929 25. 75.
930 25. 75.
931 26. 74.
932 26. 74.
933 26. 74.
934 26. 74.
935 26. 74.
936 25. 75.
937 25. 75.
938 25. 75.
939 25. 75.
940 24. 76.
941 24. 76.
942 24. 76.
943 24. 76.
944 24. 76.
945 24. 76.
946 25. 75.
947 25. 75.
948 24. 76.
949 24. 76.
950 24. 76.
951 24. 76.
952 24. 76.
953 24. 76.
954 24. 76.
955 24. 76.
956 25. 75.
957 25. 75.
958 25. 75.
959 25. 75.
960 25. 75.
961 25. 75.
962 25. 75.
963 26. 74.
964 26. 74.
965 27. 73.
966 28. 72.
967 28. 72.
968 28. 72.
969 28. 72.
970 28. 72.
971 28. 72.
972 28. 72.
973 28. 72.
974 29. 71.
975 29. 71.
976 29. 71.
977 29. 71.
978 29. 71.
979 29. 71.
980 30. 70.
981 30. 70.
982 31. 69.
983 31. 69.
984 30. 70.
985 30. 70.
986 30. 70.
987 30. 70.
988 30. 70.
989 30. 70.
990 30. 70.
991 30. 70.
992 30. 70.
993 30. 70.
994 30. 70.
995 30. 70.
996 30. 70.
997 30. 70.
998 30. 70.
999 30. 70.
1000 30. 70.
1001 30. 70.
1002 30. 70.
1003 30. 70.
1004 30. 70.
1005 30. 70.
1006 30. 70.
1007 29. 71.
1008 29. 71.
1009 29. 71.
1010 29. 71.
1011 29. 71.
1012 29. 71.
1013 28. 72.
1014 28. 72.
1015 28. 72.
1016 28. 72.
1017 27. 73.
1018 26. 74.
1019 26. 74.
1020 25. 75.
1021 25. 75.
1022 25. 75.
1023 25. 75.
1024 25. 75.
1025 25. 75.
1026 25. 75.
1027 25. 75.
1028 25. 75.
1029 25. 75.
1030 25. 75.
1031 25. 75.
1032 25. 75.
1033 25. 75.
1034 25. 75.
1035 25. 75.
1036 25. 75.
1037 26. 74.
1038 26. 74.
1039 27. 73.
1040 27. 73.
1041 27. 73.
1042 27. 73.
1043 26. 74.
1044 26. 74.
1045 26. 74.
1046 25. 75.
1047 25. 75.
1048 24. 76.
1049 24. 76.
1050 24. 76.
1051 25. 75.
1052 25. 75.
1053 25. 75.
1054 24. 76.
1055 25. 75.
1056 24. 76.
1057 24. 76.
1058 23. 77.
1059 23. 77.
1060 23. 77.
1061 23. 77.
1062 24. 76.
1063 23. 77.
1064 23. 77.
1065 24. 76.
1066 24. 76.
1067 24. 76.
1068 24. 76.
1069 24. 76.
1070 24. 76.
1071 24. 76.
1072 23. 77.
1073 23. 77.
1074 23. 77.
1075 23. 77.
1076 23. 77.
1077 23. 77.
1078 23. 77.
1079 23. 77.
1080 23. 77.
1081 24. 76.
1082 24. 76.
1083 24. 76.
1084 25. 75.
1085 25. 75.
1086 25. 75.
1087 25. 75.
1088 25. 75.
1089 25. 75.
1090 25. 75.
1091 25. 75.
1092 25. 75.
1093 25. 75.
1094 25. 75.
1095 25. 75.
1096 25. 75.
1097 25. 75.
1098 25. 75.
1099 25. 75.
1100 25. 75.
1101 25. 75.
1102 25. 75.
1103 25. 75.
1104 26. 74.
1105 26. 74.
1106 26. 74.
1107 26. 74.
1108 26. 74.
1109 26. 74.
1110 27. 73.
1111 27. 73.
1112 27. 73.
1113 27. 73.
1114 27. 73.
1115 27. 73.
1116 27. 73.
1117 27. 73.
1118 27. 73.
1119 27. 73.
1120 27. 73.
1121 28. 72.
1122 29. 71.
1123 29. 71.
1124 29. 71.
1125 29. 71.
1126 29. 71.
1127 29. 71.
1128 30. 70.
1129 30. 70.
1130 30. 70.
1131 30. 70.
1132 30. 70.
1133 31. 69.
1134 31. 69.
1135 31. 69.
1136 31. 69.
1137 31. 69.
1138 32. 68.
1139 32. 68.
1140 32. 68.
1141 33. 67.
1142 33. 67.
1143 33. 67.
1144 33. 67.
1145 33. 67.
1146 33. 67.
1147 33. 67.
1148 33. 67.
1149 33. 67.
1150 33. 67.
1151 33. 67.
1152 33. 67.
1153 33. 67.
1154 33. 67.
1155 33. 67.
1156 33. 67.
1157 34. 66.
1158 34. 66.
1159 33. 67.
1160 33. 67.
1161 32. 68.
1162 32. 68.
1163 32. 68.
1164 32. 68.
1165 32. 68.
1166 32. 68.
1167 32. 68.
1168 32. 68.
1169 32. 68.
1170 32. 68.
1171 32. 68.
1172 32. 68.
1173 32. 68.
1174 32. 68.
1175 32. 68.
1176 32. 68.
1177 31. 69.
1178 31. 69.
1179 31. 69.
1180 31. 69.
1181 31. 69.
1182 32. 68.
1183 32. 68.
1184 32. 68.
1185 31. 69.
1186 31. 69.
1187 31. 69.
1188 31. 69.
1189 31. 69.
1190 31. 69.
1191 31. 69.
1192 31. 69.
1193 31. 69.
1194 31. 69.
1195 31. 69.
1196 31. 69.
1197 31. 69.
1198 31. 69.
1199 31. 69.
1200 31. 69.
1201 32. 68.
1202 32. 68.
1203 31. 69.
1204 31. 69.
1205 31. 69.
1206 30. 70.
1207 30. 70.
1208 30. 70.
1209 30. 70.
1210 30. 70.
1211 30. 70.
1212 30. 70.
1213 30. 70.
1214 30. 70.
1215 30. 70.
1216 30. 70.
1217 30. 70.
1218 30. 70.
1219 30. 70.
1220 31. 69.
1221 31. 69.
1222 30. 70.
1223 30. 70.
1224 30. 70.
1225 30. 70.
1226 30. 70.
1227 30. 70.
1228 29. 71.
1229 29. 71.
1230 30. 70.
1231 31. 69.
1232 31. 69.
1233 31. 69.
1234 31. 69.
1235 31. 69.
1236 31. 69.
1237 31. 69.
1238 30. 70.
1239 31. 69.
1240 31. 69.
1241 32. 68.
1242 32. 68.
1243 33. 67.
1244 33. 67.
1245 33. 67.
1246 32. 68.
1247 33. 67.
1248 33. 67.
1249 33. 67.
1250 33. 67.
1251 33. 67.
1252 33. 67.
1253 34. 66.
1254 33. 67.
1255 33. 67.
1256 33. 67.
1257 33. 67.
1258 33. 67.
1259 33. 67.
1260 33. 67.
1261 33. 67.
1262 33. 67.
1263 32. 68.
1264 31. 69.
1265 30. 70.
1266 31. 69.
1267 31. 69.
1268 31. 69.
1269 31. 69.
1270 31. 69.
1271 32. 68.
1272 31. 69.
1273 31. 69.
1274 30. 70.
1275 30. 70.
1276 30. 70.
1277 29. 71.
1278 29. 71.
1279 29. 71.
1280 29. 71.
1281 29. 71.
1282 28. 72.
1283 27. 73.
1284 26. 74.
1285 26. 74.
1286 26. 74.
1287 26. 74.
1288 26. 74.
1289 26. 74.
1290 26. 74.
1291 26. 74.
1292 26. 74.
1293 26. 74.
1294 26. 74.
1295 27. 73.
1296 27. 73.
1297 26. 74.
1298 26. 74.
1299 27. 73.
1300 27. 73.
1301 26. 74.
1302 26. 74.
1303 25. 75.
1304 25. 75.
1305 25. 75.
1306 25. 75.
1307 24. 76.
1308 24. 76.
1309 23. 77.
1310 23. 77.
1311 23. 77.
1312 23. 77.
1313 23. 77.
1314 23. 77.
1315 22. 78.
1316 22. 78.
1317 22. 78.
1318 21. 79.
1319 21. 79.
1320 21. 79.
1321 21. 79.
1322 21. 79.
1323 21. 79.
1324 21. 79.
1325 20. 80.
1326 20. 80.
1327 20. 80.
1328 20. 80.
1329 20. 80.
1330 20. 80.
1331 20. 80.
1332 20. 80.
1333 20. 80.
1334 20. 80.
1335 20. 80.
1336 20. 80.
1337 20. 80.
1338 21. 79.
1339 21. 79.
1340 21. 79.
1341 22. 78.
1342 22. 78.
1343 22. 78.
1344 22. 78.
1345 22. 78.
1346 22. 78.
1347 21. 79.
1348 22. 78.
1349 22. 78.
1350 23. 77.
1351 24. 76.
1352 24. 76.
1353 24. 76.
1354 25. 75.
1355 25. 75.
1356 25. 75.
1357 25. 75.
1358 24. 76.
1359 25. 75.
1360 25. 75.
1361 25. 75.
1362 25. 75.
1363 25. 75.
1364 25. 75.
1365 25. 75.
1366 24. 76.
1367 24. 76.
1368 24. 76.
1369 24. 76.
1370 25. 75.
1371 26. 74.
1372 25. 75.
1373 25. 75.
1374 24. 76.
1375 25. 75.
1376 25. 75.
1377 25. 75.
1378 25. 75.
1379 25. 75.
1380 25. 75.
1381 25. 75.
1382 25. 75.
1383 25. 75.
1384 25. 75.
1385 25. 75.
1386 25. 75.
1387 25. 75.
1388 25. 75.
1389 26. 74.
1390 26. 74.
1391 26. 74.
1392 26. 74.
1393 26. 74.
1394 26. 74.
1395 26. 74.
1396 26. 74.
1397 26. 74.
1398 26. 74.
1399 26. 74.
1400 26. 74.
1401 26. 74.
1402 26. 74.
1403 26. 74.
1404 26. 74.
1405 27. 73.
1406 26. 74.
1407 25. 75.
1408 26. 74.
1409 26. 74.
1410 26. 74.
1411 26. 74.
1412 26. 74.
1413 26. 74.
1414 27. 73.
1415 27. 73.
1416 26. 74.
1417 26. 74.
1418 26. 74.
1419 27. 73.
1420 27. 73.
1421 27. 73.
1422 28. 72.
1423 28. 72.
1424 28. 72.
1425 27. 73.
1426 27. 73.
1427 27. 73.
1428 27. 73.
1429 27. 73.
1430 27. 73.
1431 27. 73.
1432 27. 73.
1433 27. 73.
1434 27. 73.
1435 26. 74.
1436 26. 74.
1437 26. 74.
1438 25. 75.
1439 25. 75.
1440 25. 75.
1441 25. 75.
1442 25. 75.
1443 25. 75.
1444 25. 75.
1445 25. 75.
1446 25. 75.
1447 25. 75.
1448 25. 75.
1449 25. 75.
1450 25. 75.
1451 25. 75.
1452 25. 75.
1453 25. 75.
1454 25. 75.
1455 26. 74.
1456 26. 74.
1457 26. 74.
1458 26. 74.
1459 27. 73.
1460 26. 74.
1461 26. 74.
1462 26. 74.
1463 26. 74.
1464 26. 74.
1465 26. 74.
1466 26. 74.
1467 26. 74.
1468 25. 75.
1469 25. 75.
1470 25. 75.
1471 25. 75.
1472 25. 75.
1473 25. 75.
1474 25. 75.
1475 25. 75.
1476 26. 74.
1477 26. 74.
1478 26. 74.
1479 26. 74.
1480 25. 75.
1481 26. 74.
1482 26. 74.
1483 25. 75.
1484 25. 75.
1485 25. 75.
1486 26. 74.
1487 26. 74.
1488 26. 74.
1489 26. 74.
1490 26. 74.
1491 26. 74.
1492 26. 74.
1493 26. 74.
1494 26. 74.
1495 27. 73.
1496 27. 73.
1497 27. 73.
1498 27. 73.
1499 26. 74.
1500 26. 74.
1501 27. 73.
1502 27. 73.
1503 27. 73.
1504 27. 73.
1505 26. 74.
1506 27. 73.
1507 26. 74.
1508 26. 74.
1509 26. 74.
1510 26. 74.
1511 26. 74.
1512 26. 74.
1513 26. 74.
1514 27. 73.
1515 27. 73.
1516 27. 73.
1517 26. 74.
1518 26. 74.
1519 26. 74.
1520 26. 74.
1521 26. 74.
1522 27. 73.
1523 27. 73.
1524 28. 72.
1525 28. 72.
1526 28. 72.
1527 28. 72.
1528 28. 72.
1529 28. 72.
1530 28. 72.
1531 27. 73.
1532 28. 72.
1533 28. 72.
1534 28. 72.
1535 29. 71.
1536 29. 71.
1537 29. 71.
1538 29. 71.
1539 29. 71.
1540 29. 71.
1541 29. 71.
1542 29. 71.
1543 29. 71.
1544 30. 70.
1545 30. 70.
1546 30. 70.
1547 30. 70.
1548 30. 70.
1549 30. 70.
1550 30. 70.
1551 30. 70.
1552 30. 70.
1553 30. 70.
1554 30. 70.
1555 30. 70.
1556 30. 70.
1557 30. 70.
1558 30. 70.
1559 31. 69.
1560 31. 69.
1561 31. 69.
1562 31. 69.
1563 31. 69.
1564 31. 69.
1565 31. 69.
1566 30. 70.
1567 30. 70.
1568 30. 70.
1569 30. 70.
1570 30. 70.
1571 30. 70.
1572 30. 70.
1573 31. 69.
1574 31. 69.
1575 31. 69.
1576 30. 70.
1577 30. 70.
1578 30. 70.
1579 30. 70.
1580 30. 70.
1581 30. 70.
1582 30. 70.
1583 30. 70.
1584 30. 70.
1585 30. 70.
1586 30. 70.
1587 29. 71.
1588 29. 71.
1589 29. 71.
1590 29. 71.
1591 29. 71.
1592 29. 71.
1593 29. 71.
1594 29. 71.
1595 29. 71.
1596 29. 71.
1597 29. 71.
1598 29. 71.
1599 30. 70.
1600 30. 70.
1601 29. 71.
1602 29. 71.
1603 29. 71.
1604 29. 71.
1605 29. 71.
1606 29. 71.
1607 30. 70.
1608 30. 70.
1609 30. 70.
1610 30. 70.
1611 31. 69.
1612 31. 69.
1613 31. 69.
1614 32. 68.
1615 32. 68.
1616 32. 68.
1617 32. 68.
1618 32. 68.
1619 32. 68.
1620 32. 68.
1621 32. 68.
1622 31. 69.
1623 31. 69.
1624 31. 69.
1625 31. 69.
1626 30. 70.
1627 30. 70.
1628 30. 70.
1629 30. 70.
1630 29. 71.
1631 28. 72.
1632 28. 72.
1633 28. 72.
1634 29. 71.
1635 29. 71.
1636 29. 71.
1637 29. 71.
1638 29. 71.
1639 29. 71.
1640 29. 71.
1641 29. 71.
1642 29. 71.
1643 29. 71.
1644 29. 71.
1645 29. 71.
1646 29. 71.
1647 29. 71.
1648 29. 71.
1649 29. 71.
1650 29. 71.
1651 28. 72.
1652 28. 72.
1653 28. 72.
1654 28. 72.
1655 28. 72.
1656 28. 72.
1657 28. 72.
1658 28. 72.
1659 28. 72.
1660 28. 72.
1661 28. 72.
1662 28. 72.
1663 28. 72.
1664 27. 73.
1665 27. 73.
1666 27. 73.
1667 26. 74.
1668 26. 74.
1669 26. 74.
1670 26. 74.
1671 26. 74.
1672 26. 74.
1673 25. 75.
1674 25. 75.
1675 25. 75.
1676 25. 75.
1677 25. 75.
1678 25. 75.
1679 25. 75.
1680 24. 76.
1681 24. 76.
1682 24. 76.
1683 24. 76.
1684 24. 76.
1685 24. 76.
1686 24. 76.
1687 24. 76.
1688 24. 76.
1689 24. 76.
1690 24. 76.
1691 24. 76.
1692 24. 76.
1693 24. 76.
1694 24. 76.
1695 24. 76.
1696 24. 76.
1697 24. 76.
1698 25. 75.
1699 25. 75.
1700 24. 76.
1701 24. 76.
1702 23. 77.
1703 23. 77.
1704 23. 77.
1705 23. 77.
1706 23. 77.
1707 23. 77.
1708 23. 77.
1709 23. 77.
1710 23. 77.
1711 23. 77.
1712 23. 77.
1713 24. 76.
1714 24. 76.
1715 24. 76.
1716 24. 76.
1717 24. 76.
1718 24. 76.
1719 24. 76.
1720 23. 77.
1721 23. 77.
1722 22. 78.
1723 22. 78.
1724 22. 78.
1725 22. 78.
1726 22. 78.
1727 22. 78.
1728 23. 77.
1729 23. 77.
1730 23. 77.
1731 23. 77.
1732 23. 77.
1733 23. 77.
1734 24. 76.
1735 24. 76.
1736 24. 76.
1737 23. 77.
1738 22. 78.
1739 22. 78.
1740 22. 78.
1741 21. 79.
1742 20. 80.
1743 21. 79.
1744 22. 78.
1745 22. 78.
1746 22. 78.
1747 23. 77.
1748 23. 77.
1749 23. 77.
1750 23. 77.
1751 23. 77.
1752 23. 77.
1753 23. 77.
1754 23. 77.
1755 23. 77.
1756 24. 76.
1757 24. 76.
1758 24. 76.
1759 24. 76.
1760 24. 76.
1761 24. 76.
1762 24. 76.
1763 25. 75.
1764 24. 76.
1765 24. 76.
1766 24. 76.
1767 24. 76.
1768 24. 76.
1769 24. 76.
1770 24. 76.
1771 24. 76.
1772 24. 76.
1773 24. 76.
1774 24. 76.
1775 24. 76.
1776 24. 76.
1777 24. 76.
1778 24. 76.
1779 24. 76.
1780 24. 76.
1781 24. 76.
1782 24. 76.
1783 23. 77.
1784 22. 78.
1785 22. 78.
1786 22. 78.
1787 22. 78.
1788 22. 78.
1789 22. 78.
1790 22. 78.
1791 23. 77.
1792 23. 77.
1793 23. 77.
1794 23. 77.
1795 23. 77.
1796 23. 77.
1797 23. 77.
1798 23. 77.
1799 23. 77.
1800 23. 77.
1801 23. 77.
1802 23. 77.
1803 23. 77.
1804 23. 77.
1805 23. 77.
1806 23. 77.
1807 23. 77.
1808 22. 78.
1809 22. 78.
1810 23. 77.
1811 24. 76.
1812 24. 76.
1813 24. 76.
1814 24. 76.
1815 24. 76.
1816 24. 76.
1817 24. 76.
1818 24. 76.
1819 24. 76.
1820 25. 75.
1821 25. 75.
1822 25. 75.
1823 25. 75.
1824 25. 75.
1825 24. 76.
1826 24. 76.
1827 24. 76.
1828 24. 76.
1829 24. 76.
1830 24. 76.
1831 24. 76.
1832 24. 76.
1833 24. 76.
1834 24. 76.
1835 24. 76.
1836 24. 76.
1837 24. 76.
1838 24. 76.
1839 25. 75.
1840 25. 75.
1841 25. 75.
1842 25. 75.
1843 25. 75.
1844 25. 75.
1845 25. 75.
1846 24. 76.
1847 24. 76.
1848 24. 76.
1849 24. 76.
1850 24. 76.
1851 24. 76.
1852 24. 76.
1853 24. 76.
1854 24. 76.
1855 24. 76.
1856 23. 77.
1857 22. 78.
1858 22. 78.
1859 22. 78.
1860 22. 78.
1861 22. 78.
1862 21. 79.
1863 21. 79.
1864 21. 79.
1865 22. 78.
1866 22. 78.
1867 22. 78.
1868 22. 78.
1869 22. 78.
1870 22. 78.
1871 22. 78.
1872 21. 79.
1873 21. 79.
1874 20. 80.
1875 20. 80.
1876 20. 80.
1877 20. 80.
1878 20. 80.
1879 20. 80.
1880 20. 80.
1881 20. 80.
1882 20. 80.
1883 21. 79.
1884 21. 79.
1885 21. 79.
1886 21. 79.
1887 21. 79.
1888 21. 79.
1889 20. 80.
1890 20. 80.
1891 20. 80.
1892 20. 80.
1893 20. 80.
1894 20. 80.
1895 20. 80.
1896 20. 80.
1897 20. 80.
1898 20. 80.
1899 20. 80.
1900 20. 80.
1901 20. 80.
1902 20. 80.
1903 20. 80.
1904 20. 80.
1905 20. 80.
1906 19. 81.
1907 20. 80.
1908 20. 80.
1909 19. 81.
1910 19. 81.
1911 19. 81.
1912 19. 81.
1913 19. 81.
1914 19. 81.
1915 19. 81.
1916 19. 81.
1917 19. 81.
1918 19. 81.
1919 19. 81.
1920 20. 80.
1921 20. 80.
1922 20. 80.
1923 20. 80.
1924 20. 80.
1925 20. 80.
1926 20. 80.
1927 19. 81.
1928 19. 81.
1929 19. 81.
1930 19. 81.
1931 19. 81.
1932 19. 81.
1933 19. 81.
1934 19. 81.
1935 19. 81.
1936 19. 81.
1937 19. 81.
1938 19. 81.
1939 19. 81.
1940 19. 81.
1941 18. 82.
1942 18. 82.
1943 18. 82.
1944 17. 83.
1945 17. 83.
1946 18. 82.
1947 19. 81.
1948 20. 80.
1949 20. 80.
1950 20. 80.
1951 20. 80.
1952 20. 80.
1953 20. 80.
1954 20. 80.
1955 20. 80.
1956 20. 80.
1957 20. 80.
1958 20. 80.
1959 20. 80.
1960 20. 80.
1961 21. 79.
1962 22. 78.
1963 23. 77.
1964 23. 77.
1965 22. 78.
1966 22. 78.
1967 22. 78.
1968 22. 78.
1969 22. 78.
1970 22. 78.
1971 22. 78.
1972 22. 78.
1973 22. 78.
1974 22. 78.
1975 22. 78.
1976 22. 78.
1977 22. 78.
1978 22. 78.
1979 22. 78.
1980 22. 78.
1981 22. 78.
1982 22. 78.
1983 22. 78.
1984 22. 78.
1985 22. 78.
1986 22. 78.
1987 22. 78.
1988 22. 78.
1989 22. 78.
1990 22. 78.
1991 22. 78.
1992 22. 78.
1993 22. 78.
1994 22. 78.
1995 22. 78.
1996 22. 78.
1997 23. 77.
1998 23. 77.
1999 23. 77.
2000 23. 77.
2001 23. 77.
2002 23. 77.
2003 23. 77.
2004 24. 76.
2005 24. 76.
2006 24. 76.
2007 24. 76.
2008 24. 76.
2009 24. 76.
2010 24. 76.
2011 24. 76.
2012 24. 76.
2013 24. 76.
2014 25. 75.
2015 25. 75.
2016 25. 75.
2017 25. 75.
2018 25. 75.
2019 25. 75.
2020 25. 75.
2021 25. 75.
2022 25. 75.
2023 25. 75.
2024 25. 75.
2025 25. 75.
2026 26. 74.
2027 26. 74.
2028 26. 74.
2029 26. 74.
2030 26. 74.
2031 27. 73.
2032 28. 72.
2033 29. 71.
2034 28. 72.
2035 28. 72.
2036 29. 71.
2037 28. 72.
2038 28. 72.
2039 28. 72.
2040 27. 73.
2041 27. 73.
2042 27. 73.
2043 27. 73.
2044 27. 73.
2045 27. 73.
2046 27. 73.
2047 27. 73.
2048 27. 73.
2049 27. 73.
2050 27. 73.
2051 27. 73.
2052 27. 73.
2053 27. 73.
2054 27. 73.
2055 27. 73.
2056 27. 73.
2057 27. 73.
2058 28. 72.
2059 28. 72.
2060 28. 72.
2061 27. 73.
2062 27. 73.
2063 27. 73.
2064 27. 73.
2065 27. 73.
2066 27. 73.
2067 26. 74.
2068 25. 75.
2069 25. 75.
2070 25. 75.
2071 25. 75.
2072 25. 75.
2073 25. 75.
2074 25. 75.
2075 25. 75.
2076 25. 75.
2077 25. 75.
2078 26. 74.
2079 26. 74.
2080 26. 74.
2081 25. 75.
2082 25. 75.
2083 25. 75.
2084 25. 75.
2085 25. 75.
2086 25. 75.
2087 25. 75.
2088 25. 75.
2089 25. 75.
2090 25. 75.
2091 25. 75.
2092 25. 75.
2093 24. 76.
2094 24. 76.
2095 24. 76.
2096 24. 76.
2097 24. 76.
2098 24. 76.
2099 25. 75.
2100 25. 75.
2101 25. 75.
2102 25. 75.
2103 25. 75.
2104 25. 75.
2105 25. 75.
2106 25. 75.
2107 25. 75.
2108 25. 75.
2109 25. 75.
2110 25. 75.
2111 26. 74.
2112 26. 74.
2113 27. 73.
2114 27. 73.
2115 27. 73.
2116 27. 73.
2117 27. 73.
2118 27. 73.
2119 27. 73.
2120 27. 73.
2121 27. 73.
2122 27. 73.
2123 28. 72.
2124 28. 72.
2125 28. 72.
2126 28. 72.
2127 28. 72.
2128 28. 72.
2129 27. 73.
2130 27. 73.
2131 27. 73.
2132 27. 73.
2133 27. 73.
2134 27. 73.
2135 27. 73.
2136 28. 72.
2137 27. 73.
2138 26. 74.
2139 25. 75.
2140 24. 76.
2141 24. 76.
2142 24. 76.
2143 24. 76.
2144 24. 76.
2145 24. 76.
2146 25. 75.
2147 25. 75.
2148 24. 76.
2149 24. 76.
2150 25. 75.
2151 25. 75.
2152 25. 75.
2153 25. 75.
2154 25. 75.
2155 25. 75.
2156 25. 75.
2157 25. 75.
2158 25. 75.
2159 25. 75.
2160 25. 75.
2161 25. 75.
2162 25. 75.
2163 25. 75.
2164 25. 75.
2165 25. 75.
2166 25. 75.
2167 26. 74.
2168 25. 75.
2169 25. 75.
2170 24. 76.
2171 24. 76.
2172 24. 76.
2173 24. 76.
2174 24. 76.
2175 25. 75.
2176 25. 75.
2177 25. 75.
2178 25. 75.
2179 25. 75.
2180 25. 75.
2181 25. 75.
2182 25. 75.
2183 25. 75.
2184 25. 75.
2185 25. 75.
2186 25. 75.
2187 25. 75.
2188 25. 75.
2189 25. 75.
2190 25. 75.
2191 25. 75.
2192 25. 75.
2193 25. 75.
2194 25. 75.
2195 24. 76.
2196 24. 76.
2197 24. 76.
2198 24. 76.
2199 24. 76.
2200 24. 76.
2201 24. 76.
2202 25. 75.
2203 25. 75.
2204 26. 74.
2205 26. 74.
2206 26. 74.
2207 26. 74.
2208 26. 74.
2209 26. 74.
2210 26. 74.
2211 27. 73.
2212 27. 73.
2213 27. 73.
2214 27. 73.
2215 27. 73.
2216 27. 73.
2217 27. 73.
2218 26. 74.
2219 27. 73.
2220 27. 73.
2221 27. 73.
2222 27. 73.
2223 27. 73.
2224 26. 74.
2225 26. 74.
2226 26. 74.
2227 26. 74.
2228 26. 74.
2229 26. 74.
2230 26. 74.
2231 26. 74.
2232 26. 74.
2233 25. 75.
2234 25. 75.
2235 25. 75.
2236 25. 75.
2237 25. 75.
2238 25. 75.
2239 25. 75.
2240 25. 75.
2241 26. 74.
2242 26. 74.
2243 26. 74.
2244 26. 74.
2245 26. 74.
2246 26. 74.
2247 26. 74.
2248 26. 74.
2249 26. 74.
2250 26. 74.
2251 26. 74.
2252 26. 74.
2253 26. 74.
2254 27. 73.
2255 27. 73.
2256 27. 73.
2257 27. 73.
2258 27. 73.
2259 27. 73.
2260 27. 73.
2261 27. 73.
2262 28. 72.
2263 28. 72.
2264 27. 73.
2265 27. 73.
2266 27. 73.
2267 27. 73.
2268 27. 73.
2269 27. 73.
2270 27. 73.
2271 27. 73.
2272 27. 73.
2273 27. 73.
2274 27. 73.
2275 27. 73.
2276 27. 73.
2277 27. 73.
2278 27. 73.
2279 27. 73.
2280 26. 74.
2281 26. 74.
2282 26. 74.
2283 26. 74.
2284 26. 74.
2285 26. 74.
2286 26. 74.
2287 26. 74.
2288 26. 74.
2289 27. 73.
2290 28. 72.
2291 28. 72.
2292 28. 72.
2293 28. 72.
2294 29. 71.
2295 28. 72.
2296 28. 72.
2297 28. 72.
2298 28. 72.
2299 28. 72.
2300 28. 72.
2301 28. 72.
2302 27. 73.
2303 28. 72.
2304 28. 72.
2305 28. 72.
2306 28. 72.
2307 28. 72.
2308 28. 72.
2309 28. 72.
2310 28. 72.
2311 28. 72.
2312 28. 72.
2313 28. 72.
2314 28. 72.
2315 28. 72.
2316 27. 73.
2317 26. 74.
2318 26. 74.
2319 26. 74.
2320 26. 74.
2321 26. 74.
2322 26. 74.
2323 26. 74.
2324 27. 73.
2325 26. 74.
2326 26. 74.
2327 26. 74.
2328 26. 74.
2329 26. 74.
2330 26. 74.
2331 26. 74.
2332 25. 75.
2333 25. 75.
2334 25. 75.
2335 25. 75.
2336 25. 75.
2337 25. 75.
2338 25. 75.
2339 25. 75.
2340 25. 75.
2341 25. 75.
2342 25. 75.
2343 25. 75.
2344 24. 76.
2345 24. 76.
2346 24. 76.
2347 24. 76.
2348 24. 76.
2349 24. 76.
2350 24. 76.
2351 24. 76.
2352 24. 76.
2353 24. 76.
2354 24. 76.
2355 24. 76.
2356 24. 76.
2357 24. 76.
2358 24. 76.
2359 24. 76.
2360 24. 76.
2361 24. 76.
2362 24. 76.
2363 24. 76.
2364 24. 76.
2365 24. 76.
2366 24. 76.
2367 23. 77.
2368 23. 77.
2369 24. 76.
2370 24. 76.
2371 24. 76.
2372 24. 76.
2373 24. 76.
2374 24. 76.
2375 24. 76.
2376 24. 76.
2377 24. 76.
2378 23. 77.
2379 23. 77.
2380 24. 76.
2381 24. 76.
2382 25. 75.
2383 25. 75.
2384 25. 75.
2385 25. 75.
2386 25. 75.
2387 25. 75.
2388 25. 75.
2389 25. 75.
2390 24. 76.
2391 24. 76.
2392 24. 76.
2393 24. 76.
2394 24. 76.
2395 24. 76.
2396 24. 76.
2397 24. 76.
2398 23. 77.
2399 23. 77.
2400 23. 77.
2401 23. 77.
2402 23. 77.
2403 23. 77.
2404 23. 77.
2405 23. 77.
2406 23. 77.
2407 23. 77.
2408 23. 77.
2409 23. 77.
2410 23. 77.
2411 22. 78.
2412 23. 77.
2413 23. 77.
2414 23. 77.
2415 22. 78.
2416 22. 78.
2417 22. 78.
2418 22. 78.
2419 22. 78.
2420 22. 78.
2421 22. 78.
2422 22. 78.
2423 22. 78.
2424 22. 78.
2425 22. 78.
2426 23. 77.
2427 23. 77.
2428 23. 77.
2429 23. 77.
2430 23. 77.
2431 23. 77.
2432 23. 77.
2433 23. 77.
2434 23. 77.
2435 22. 78.
2436 22. 78.
2437 22. 78.
2438 23. 77.
2439 24. 76.
2440 24. 76.
2441 24. 76.
2442 24. 76.
2443 24. 76.
2444 24. 76.
2445 25. 75.
2446 25. 75.
2447 25. 75.
2448 26. 74.
2449 26. 74.
2450 26. 74.
2451 26. 74.
2452 25. 75.
2453 25. 75.
2454 25. 75.
2455 25. 75.
2456 25. 75.
2457 25. 75.
2458 25. 75.
2459 25. 75.
2460 25. 75.
2461 24. 76.
2462 23. 77.
2463 23. 77.
2464 23. 77.
2465 23. 77.
2466 23. 77.
2467 23. 77.
2468 23. 77.
2469 23. 77.
2470 23. 77.
2471 23. 77.
2472 23. 77.
2473 23. 77.
2474 23. 77.
2475 23. 77.
2476 23. 77.
2477 24. 76.
2478 24. 76.
2479 24. 76.
2480 24. 76.
2481 24. 76.
2482 24. 76.
2483 23. 77.
2484 23. 77.
2485 23. 77.
2486 24. 76.
2487 24. 76.
2488 24. 76.
2489 24. 76.
2490 24. 76.
2491 24. 76.
2492 23. 77.
2493 23. 77.
2494 23. 77.
2495 23. 77.
2496 23. 77.
2497 23. 77.
2498 24. 76.
2499 24. 76.
2500 23. 77.
2501 23. 77.
2502 23. 77.
2503 24. 76.
2504 24. 76.
2505 24. 76.
2506 24. 76.
2507 24. 76.
2508 24. 76.
2509 24. 76.
2510 24. 76.
2511 24. 76.
2512 24. 76.
2513 23. 77.
2514 24. 76.
2515 24. 76.
2516 25. 75.
2517 26. 74.
2518 26. 74.
2519 26. 74.
2520 26. 74.
2521 26. 74.
2522 25. 75.
2523 24. 76.
2524 24. 76.
2525 24. 76.
2526 24. 76.
2527 24. 76.
2528 24. 76.
2529 24. 76.
2530 24. 76.
2531 24. 76.
2532 23. 77.
2533 23. 77.
2534 23. 77.
2535 23. 77.
2536 23. 77.
2537 24. 76.
2538 23. 77.
2539 23. 77.
2540 23. 77.
2541 23. 77.
2542 23. 77.
2543 23. 77.
2544 22. 78.
2545 22. 78.
2546 22. 78.
2547 21. 79.
2548 21. 79.
2549 21. 79.
2550 21. 79.
2551 21. 79.
2552 21. 79.
2553 21. 79.
2554 21. 79.
2555 21. 79.
2556 21. 79.
2557 21. 79.
2558 21. 79.
2559 22. 78.
2560 23. 77.
2561 23. 77.
2562 23. 77.
2563 23. 77.
2564 23. 77.
2565 22. 78.
2566 22. 78.
2567 22. 78.
2568 22. 78.
2569 22. 78.
2570 22. 78.
2571 23. 77.
2572 23. 77.
2573 23. 77.
2574 23. 77.
2575 23. 77.
2576 23. 77.
2577 23. 77.
2578 23. 77.
2579 23. 77.
2580 23. 77.
2581 23. 77.
2582 23. 77.
2583 23. 77.
2584 23. 77.
2585 23. 77.
2586 23. 77.
2587 23. 77.
2588 23. 77.
2589 23. 77.
2590 23. 77.
2591 23. 77.
2592 22. 78.
2593 22. 78.
2594 22. 78.
2595 22. 78.
2596 21. 79.
2597 21. 79.
2598 21. 79.
2599 21. 79.
2600 20. 80.
2601 20. 80.
2602 20. 80.
2603 20. 80.
2604 20. 80.
2605 21. 79.
2606 21. 79.
2607 21. 79.
2608 21. 79.
2609 21. 79.
2610 21. 79.
2611 21. 79.
2612 21. 79.
2613 22. 78.
2614 22. 78.
2615 22. 78.
2616 22. 78.
2617 22. 78.
2618 22. 78.
2619 22. 78.
2620 22. 78.
2621 22. 78.
2622 22. 78.
2623 22. 78.
2624 22. 78.
2625 22. 78.
2626 22. 78.
2627 23. 77.
2628 23. 77.
2629 23. 77.
2630 24. 76.
2631 24. 76.
2632 24. 76.
2633 24. 76.
2634 24. 76.
2635 24. 76.
2636 24. 76.
2637 24. 76.
2638 23. 77.
2639 22. 78.
2640 22. 78.
2641 23. 77.
2642 24. 76.
2643 24. 76.
2644 24. 76.
2645 24. 76.
2646 24. 76.
2647 23. 77.
2648 22. 78.
2649 22. 78.
2650 22. 78.
2651 22. 78.
2652 21. 79.
2653 21. 79.
2654 21. 79.
2655 21. 79.
2656 21. 79.
2657 21. 79.
2658 21. 79.
2659 20. 80.
2660 20. 80.
2661 20. 80.
2662 21. 79.
2663 20. 80.
2664 20. 80.
2665 21. 79.
2666 21. 79.
2667 21. 79.
2668 22. 78.
2669 22. 78.
2670 22. 78.
2671 22. 78.
2672 22. 78.
2673 22. 78.
2674 22. 78.
2675 22. 78.
2676 22. 78.
2677 22. 78.
2678 22. 78.
2679 22. 78.
2680 22. 78.
2681 22. 78.
2682 22. 78.
2683 22. 78.
2684 22. 78.
2685 21. 79.
2686 21. 79.
2687 21. 79.
2688 21. 79.
2689 21. 79.
2690 21. 79.
2691 21. 79.
2692 21. 79.
2693 21. 79.
2694 21. 79.
2695 21. 79.
2696 20. 80.
2697 19. 81.
2698 19. 81.
2699 20. 80.
2700 21. 79.
2701 21. 79.
2702 21. 79.
2703 21. 79.
2704 21. 79.
2705 21. 79.
2706 21. 79.
2707 21. 79.
2708 21. 79.
2709 22. 78.
2710 22. 78.
2711 22. 78.
2712 23. 77.
2713 23. 77.
2714 23. 77.
2715 23. 77.
2716 23. 77.
2717 23. 77.
2718 23. 77.
2719 23. 77.
2720 23. 77.
2721 23. 77.
2722 23. 77.
2723 23. 77.
2724 23. 77.
2725 23. 77.
2726 22. 78.
2727 22. 78.
2728 22. 78.
2729 22. 78.
2730 23. 77.
2731 23. 77.
2732 23. 77.
2733 23. 77.
2734 23. 77.
2735 23. 77.
2736 24. 76.
2737 24. 76.
2738 24. 76.
2739 24. 76.
2740 24. 76.
2741 24. 76.
2742 24. 76.
2743 24. 76.
2744 24. 76.
2745 24. 76.
2746 24. 76.
2747 24. 76.
2748 24. 76.
2749 25. 75.
2750 25. 75.
2751 25. 75.
2752 25. 75.
2753 24. 76.
2754 24. 76.
2755 24. 76.
2756 24. 76.
2757 24. 76.
2758 23. 77.
2759 23. 77.
2760 23. 77.
2761 23. 77.
2762 23. 77.
2763 23. 77.
2764 23. 77.
2765 23. 77.
2766 23. 77.
2767 23. 77.
2768 23. 77.
2769 23. 77.
2770 23. 77.
2771 23. 77.
2772 23. 77.
2773 22. 78.
2774 22. 78.
2775 22. 78.
2776 22. 78.
2777 22. 78.
2778 22. 78.
2779 22. 78.
2780 22. 78.
2781 22. 78.
2782 22. 78.
2783 22. 78.
2784 22. 78.
2785 22. 78.
2786 23. 77.
2787 23. 77.
2788 23. 77.
2789 23. 77.
2790 23. 77.
2791 23. 77.
2792 23. 77.
2793 23. 77.
2794 23. 77.
2795 23. 77.
2796 22. 78.
2797 22. 78.
2798 21. 79.
2799 21. 79.
2800 21. 79.
2801 21. 79.
2802 21. 79.
2803 21. 79.
2804 21. 79.
2805 21. 79.
2806 21. 79.
2807 21. 79.
2808 21. 79.
2809 21. 79.
2810 21. 79.
2811 21. 79.
2812 21. 79.
2813 21. 79.
2814 21. 79.
2815 21. 79.
2816 20. 80.
2817 20. 80.
2818 20. 80.
2819 19. 81.
2820 19. 81.
2821 19. 81.
2822 19. 81.
2823 19. 81.
2824 18. 82.
2825 18. 82.
2826 18. 82.
2827 18. 82.
2828 18. 82.
2829 18. 82.
2830 18. 82.
2831 18. 82.
2832 18. 82.
2833 18. 82.
2834 18. 82.
2835 18. 82.
2836 18. 82.
2837 18. 82.
2838 19. 81.
2839 19. 81.
2840 19. 81.
2841 19. 81.
2842 19. 81.
2843 19. 81.
2844 19. 81.
2845 19. 81.
2846 19. 81.
2847 19. 81.
2848 19. 81.
2849 19. 81.
2850 20. 80.
2851 20. 80.
2852 20. 80.
2853 20. 80.
2854 19. 81.
2855 19. 81.
2856 19. 81.
2857 19. 81.
2858 19. 81.
2859 19. 81.
2860 19. 81.
2861 19. 81.
2862 19. 81.
2863 19. 81.
2864 19. 81.
2865 19. 81.
2866 19. 81.
2867 19. 81.
2868 20. 80.
2869 20. 80.
2870 20. 80.
2871 20. 80.
2872 20. 80.
2873 20. 80.
2874 20. 80.
2875 20. 80.
2876 20. 80.
2877 20. 80.
2878 20. 80.
2879 20. 80.
2880 20. 80.
2881 20. 80.
2882 20. 80.
2883 20. 80.
2884 20. 80.
2885 20. 80.
2886 20. 80.
2887 20. 80.
2888 20. 80.
2889 20. 80.
2890 21. 79.
2891 21. 79.
2892 21. 79.
2893 21. 79.
2894 22. 78.
2895 22. 78.
2896 22. 78.
2897 23. 77.
2898 23. 77.
2899 22. 78.
2900 22. 78.
2901 22. 78.
2902 22. 78.
2903 22. 78.
2904 22. 78.
2905 22. 78.
2906 21. 79.
2907 20. 80.
2908 20. 80.
2909 20. 80.
2910 20. 80.
2911 20. 80.
2912 20. 80.
2913 19. 81.
2914 19. 81.
2915 20. 80.
2916 20. 80.
2917 20. 80.
2918 19. 81.
2919 19. 81.
2920 19. 81.
2921 18. 82.
2922 18. 82.
2923 18. 82.
2924 18. 82.
2925 18. 82.
2926 17. 83.
2927 17. 83.
2928 17. 83.
2929 17. 83.
2930 17. 83.
2931 17. 83.
2932 17. 83.
2933 17. 83.
2934 17. 83.
2935 17. 83.
2936 18. 82.
2937 19. 81.
2938 19. 81.
2939 19. 81.
2940 19. 81.
2941 19. 81.
2942 19. 81.
2943 19. 81.
2944 19. 81.
2945 19. 81.
2946 19. 81.
2947 19. 81.
2948 19. 81.
2949 20. 80.
2950 19. 81.
2951 19. 81.
2952 20. 80.
2953 20. 80.
2954 20. 80.
2955 20. 80.
2956 20. 80.
2957 20. 80.
2958 19. 81.
2959 19. 81.
2960 19. 81.
2961 19. 81.
2962 19. 81.
2963 19. 81.
2964 19. 81.
2965 19. 81.
2966 19. 81.
2967 19. 81.
2968 19. 81.
2969 19. 81.
2970 19. 81.
2971 19. 81.
2972 19. 81.
2973 19. 81.
2974 18. 82.
2975 18. 82.
2976 18. 82.
2977 18. 82.
2978 18. 82.
2979 18. 82.
2980 18. 82.
2981 18. 82.
2982 18. 82.
2983 17. 83.
2984 17. 83.
2985 17. 83.
2986 17. 83.
2987 17. 83.
2988 17. 83.
2989 17. 83.
2990 17. 83.
2991 17. 83.
2992 17. 83.
2993 17. 83.
2994 17. 83.
2995 17. 83.
2996 17. 83.
2997 17. 83.
2998 16. 84.
2999 16. 84.
3000 16. 84.
3001 16. 84.
3002 16. 84.
3003 17. 83.
3004 17. 83.
3005 17. 83.
3006 17. 83.
3007 17. 83.
3008 17. 83.
3009 17. 83.
3010 17. 83.
3011 17. 83.
3012 17. 83.
3013 17. 83.
3014 17. 83.
3015 17. 83.
3016 17. 83.
3017 17. 83.
3018 16. 84.
3019 16. 84.
3020 16. 84.
3021 16. 84.
3022 16. 84.
3023 16. 84.
3024 16. 84.
3025 16. 84.
3026 17. 83.
3027 16. 84.
3028 16. 84.
3029 15. 85.
3030 15. 85.
3031 14. 86.
3032 14. 86.
3033 14. 86.
3034 14. 86.
3035 14. 86.
3036 14. 86.
3037 13. 87.
3038 13. 87.
3039 13. 87.
3040 13. 87.
3041 13. 87.
3042 13. 87.
3043 13. 87.
3044 13. 87.
3045 14. 86.
3046 14. 86.
3047 14. 86.
3048 14. 86.
3049 14. 86.
3050 14. 86.
3051 14. 86.
3052 13. 87.
3053 12. 88.
3054 12. 88.
3055 12. 88.
3056 12. 88.
3057 13. 87.
3058 13. 87.
3059 13. 87.
3060 13. 87.
3061 13. 87.
3062 13. 87.
3063 13. 87.
3064 13. 87.
3065 12. 88.
3066 13. 87.
3067 13. 87.
3068 13. 87.
3069 13. 87.
3070 13. 87.
3071 13. 87.
3072 14. 86.
3073 14. 86.
3074 14. 86.
3075 13. 87.
3076 13. 87.
3077 13. 87.
3078 13. 87.
3079 13. 87.
3080 13. 87.
3081 13. 87.
3082 14. 86.
3083 15. 85.
3084 15. 85.
3085 15. 85.
3086 15. 85.
3087 15. 85.
3088 15. 85.
3089 15. 85.
3090 15. 85.
3091 15. 85.
3092 15. 85.
3093 15. 85.
3094 15. 85.
3095 15. 85.
3096 15. 85.
3097 15. 85.
3098 15. 85.
3099 15. 85.
3100 15. 85.
3101 15. 85.
3102 15. 85.
3103 15. 85.
3104 15. 85.
3105 15. 85.
3106 15. 85.
3107 15. 85.
3108 15. 85.
3109 15. 85.
3110 15. 85.
3111 15. 85.
3112 15. 85.
3113 16. 84.
3114 16. 84.
3115 16. 84.
3116 16. 84.
3117 16. 84.
3118 15. 85.
3119 15. 85.
3120 15. 85.
3121 15. 85.
3122 15. 85.
3123 15. 85.
3124 15. 85.
3125 15. 85.
3126 15. 85.
3127 15. 85.
3128 15. 85.
3129 15. 85.
3130 15. 85.
3131 15. 85.
3132 15. 85.
3133 15. 85.
3134 15. 85.
3135 15. 85.
3136 15. 85.
3137 15. 85.
3138 15. 85.
3139 15. 85.
3140 15. 85.
3141 15. 85.
3142 15. 85.
3143 15. 85.
3144 15. 85.
3145 15. 85.
3146 15. 85.
3147 14. 86.
3148 14. 86.
3149 14. 86.
3150 14. 86.
3151 14. 86.
3152 14. 86.
3153 14. 86.
3154 14. 86.
3155 14. 86.
3156 14. 86.
3157 14. 86.
3158 14. 86.
3159 15. 85.
3160 16. 84.
3161 16. 84.
3162 16. 84.
3163 16. 84.
3164 16. 84.
3165 16. 84.
3166 16. 84.
3167 16. 84.
3168 16. 84.
3169 16. 84.
3170 17. 83.
3171 17. 83.
3172 17. 83.
3173 16. 84.
3174 16. 84.
3175 16. 84.
3176 16. 84.
3177 15. 85.
3178 15. 85.
3179 15. 85.
3180 15. 85.
3181 15. 85.
3182 15. 85.
3183 15. 85.
3184 15. 85.
3185 15. 85.
3186 16. 84.
3187 16. 84.
3188 16. 84.
3189 16. 84.
3190 16. 84.
3191 16. 84.
3192 16. 84.
3193 16. 84.
3194 16. 84.
3195 16. 84.
3196 16. 84.
3197 16. 84.
3198 16. 84.
3199 15. 85.
3200 15. 85.
3201 15. 85.
3202 15. 85.
3203 14. 86.
3204 14. 86.
3205 14. 86.
3206 14. 86.
3207 14. 86.
3208 13. 87.
3209 13. 87.
3210 13. 87.
3211 13. 87.
3212 13. 87.
3213 13. 87.
3214 13. 87.
3215 13. 87.
3216 13. 87.
3217 13. 87.
3218 13. 87.
3219 13. 87.
3220 13. 87.
3221 13. 87.
3222 13. 87.
3223 14. 86.
3224 14. 86.
3225 14. 86.
3226 14. 86.
3227 14. 86.
3228 14. 86.
3229 14. 86.
3230 14. 86.
3231 14. 86.
3232 14. 86.
3233 14. 86.
3234 14. 86.
3235 14. 86.
3236 14. 86.
3237 14. 86.
3238 14. 86.
3239 14. 86.
3240 15. 85.
3241 15. 85.
3242 15. 85.
3243 15. 85.
3244 15. 85.
3245 15. 85.
3246 15. 85.
3247 15. 85.
3248 15. 85.
3249 15. 85.
3250 15. 85.
3251 15. 85.
3252 15. 85.
3253 15. 85.
3254 15. 85.
3255 15. 85.
3256 15. 85.
3257 15. 85.
3258 15. 85.
3259 15. 85.
3260 15. 85.
3261 15. 85.
3262 16. 84.
3263 16. 84.
3264 16. 84.
3265 16. 84.
3266 16. 84.
3267 16. 84.
3268 16. 84.
3269 15. 85.
3270 15. 85.
3271 15. 85.
3272 15. 85.
3273 15. 85.
3274 15. 85.
3275 15. 85.
3276 16. 84.
3277 15. 85.
3278 15. 85.
3279 16. 84.
3280 17. 83.
3281 17. 83.
3282 18. 82.
3283 18. 82.
3284 18. 82.
3285 18. 82.
3286 18. 82.
3287 18. 82.
3288 18. 82.
3289 18. 82.
3290 18. 82.
3291 18. 82.
3292 18. 82.
3293 18. 82.
3294 18. 82.
3295 19. 81.
3296 19. 81.
3297 19. 81.
3298 19. 81.
3299 19. 81.
3300 19. 81.
3301 19. 81.
3302 19. 81.
3303 19. 81.
3304 20. 80.
3305 20. 80.
3306 20. 80.
3307 20. 80.
3308 20. 80.
3309 20. 80.
3310 20. 80.
3311 20. 80.
3312 19. 81.
3313 19. 81.
3314 20. 80.
3315 20. 80.
3316 20. 80.
3317 20. 80.
3318 20. 80.
3319 20. 80.
3320 20. 80.
3321 20. 80.
3322 20. 80.
3323 20. 80.
3324 20. 80.
3325 20. 80.
3326 20. 80.
3327 20. 80.
3328 20. 80.
3329 20. 80.
3330 20. 80.
3331 20. 80.
3332 20. 80.
3333 20. 80.
3334 20. 80.
3335 20. 80.
3336 20. 80.
3337 20. 80.
3338 20. 80.
3339 20. 80.
3340 19. 81.
3341 19. 81.
3342 19. 81.
3343 19. 81.
3344 19. 81.
3345 18. 82.
3346 18. 82.
3347 18. 82.
3348 18. 82.
3349 18. 82.
3350 18. 82.
3351 18. 82.
3352 18. 82.
3353 18. 82.
3354 18. 82.
3355 18. 82.
3356 18. 82.
3357 18. 82.
3358 19. 81.
3359 19. 81.
3360 19. 81.
3361 19. 81.
3362 19. 81.
3363 19. 81.
3364 19. 81.
3365 19. 81.
3366 19. 81.
3367 19. 81.
3368 19. 81.
3369 19. 81.
3370 19. 81.
3371 19. 81.
3372 19. 81.
3373 19. 81.
3374 19. 81.
3375 19. 81.
3376 19. 81.
3377 19. 81.
3378 19. 81.
3379 19. 81.
3380 19. 81.
3381 19. 81.
3382 19. 81.
3383 19. 81.
3384 19. 81.
3385 19. 81.
3386 18. 82.
3387 18. 82.
3388 18. 82.
3389 18. 82.
3390 18. 82.
3391 18. 82.
3392 18. 82.
3393 17. 83.
3394 17. 83.
3395 17. 83.
3396 16. 84.
3397 16. 84.
3398 16. 84.
3399 16. 84.
3400 16. 84.
3401 16. 84.
3402 16. 84.
3403 16. 84.
3404 16. 84.
3405 16. 84.
3406 16. 84.
3407 16. 84.
3408 16. 84.
3409 17. 83.
3410 17. 83.
3411 17. 83.
3412 16. 84.
3413 16. 84.
3414 16. 84.
3415 16. 84.
3416 16. 84.
3417 16. 84.
3418 16. 84.
3419 16. 84.
3420 16. 84.
3421 16. 84.
3422 16. 84.
3423 16. 84.
3424 16. 84.
3425 16. 84.
3426 16. 84.
3427 16. 84.
3428 16. 84.
3429 16. 84.
3430 16. 84.
3431 17. 83.
3432 18. 82.
3433 18. 82.
3434 19. 81.
3435 19. 81.
3436 19. 81.
3437 19. 81.
3438 19. 81.
3439 19. 81.
3440 19. 81.
3441 19. 81.
3442 18. 82.
3443 17. 83.
3444 17. 83.
3445 17. 83.
3446 17. 83.
3447 17. 83.
3448 17. 83.
3449 17. 83.
3450 16. 84.
3451 16. 84.
3452 16. 84.
3453 16. 84.
3454 16. 84.
3455 16. 84.
3456 16. 84.
3457 16. 84.
3458 16. 84.
3459 16. 84.
3460 16. 84.
3461 16. 84.
3462 16. 84.
3463 16. 84.
3464 15. 85.
3465 15. 85.
3466 15. 85.
3467 15. 85.
3468 15. 85.
3469 15. 85.
3470 15. 85.
3471 15. 85.
3472 15. 85.
3473 15. 85.
3474 15. 85.
3475 15. 85.
3476 15. 85.
3477 16. 84.
3478 16. 84.
3479 16. 84.
3480 16. 84.
3481 16. 84.
3482 15. 85.
3483 15. 85.
3484 14. 86.
3485 14. 86.
3486 14. 86.
3487 14. 86.
3488 13. 87.
3489 13. 87.
3490 13. 87.
3491 13. 87.
3492 13. 87.
3493 13. 87.
3494 13. 87.
3495 13. 87.
3496 13. 87.
3497 13. 87.
3498 13. 87.
3499 13. 87.
3500 13. 87.
3501 13. 87.
3502 13. 87.
3503 13. 87.
3504 12. 88.
3505 12. 88.
3506 12. 88.
3507 12. 88.
3508 12. 88.
3509 12. 88.
3510 12. 88.
3511 12. 88.
3512 12. 88.
3513 12. 88.
3514 12. 88.
3515 13. 87.
3516 13. 87.
3517 13. 87.
3518 13. 87.
3519 13. 87.
3520 12. 88.
3521 12. 88.
3522 12. 88.
3523 12. 88.
3524 12. 88.
3525 11. 89.
3526 11. 89.
3527 11. 89.
3528 11. 89.
3529 11. 89.
3530 11. 89.
3531 11. 89.
3532 11. 89.
3533 11. 89.
3534 11. 89.
3535 11. 89.
3536 11. 89.
3537 11. 89.
3538 11. 89.
3539 11. 89.
3540 11. 89.
3541 11. 89.
3542 11. 89.
3543 11. 89.
3544 12. 88.
3545 12. 88.
3546 12. 88.
3547 11. 89.
3548 11. 89.
3549 11. 89.
3550 11. 89.
3551 11. 89.
3552 11. 89.
3553 11. 89.
3554 11. 89.
3555 11. 89.
3556 11. 89.
3557 12. 88.
3558 12. 88.
3559 12. 88.
3560 12. 88.
3561 12. 88.
3562 12. 88.
3563 12. 88.
3564 12. 88.
3565 12. 88.
3566 12. 88.
3567 12. 88.
3568 12. 88.
3569 12. 88.
3570 12. 88.
3571 12. 88.
3572 12. 88.
3573 12. 88.
3574 12. 88.
3575 13. 87.
3576 13. 87.
3577 13. 87.
3578 14. 86.
3579 14. 86.
3580 14. 86.
3581 14. 86.
3582 14. 86.
3583 14. 86.
3584 14. 86.
3585 14. 86.
3586 14. 86.
3587 14. 86.
3588 14. 86.
3589 14. 86.
3590 14. 86.
3591 14. 86.
3592 14. 86.
3593 14. 86.
3594 14. 86.
3595 14. 86.
3596 14. 86.
3597 14. 86.
3598 14. 86.
3599 14. 86.
3600 14. 86.
3601 14. 86.
3602 15. 85.
3603 15. 85.
3604 15. 85.
3605 15. 85.
3606 15. 85.
3607 15. 85.
3608 15. 85.
3609 15. 85.
3610 15. 85.
3611 15. 85.
3612 15. 85.
3613 15. 85.
3614 14. 86.
3615 14. 86.
3616 14. 86.
3617 14. 86.
3618 14. 86.
3619 14. 86.
3620 14. 86.
3621 14. 86.
3622 14. 86.
3623 14. 86.
3624 14. 86.
3625 13. 87.
3626 13. 87.
3627 13. 87.
3628 13. 87.
3629 13. 87.
3630 13. 87.
3631 13. 87.
3632 14. 86.
3633 14. 86.
3634 14. 86.
3635 15. 85.
3636 15. 85.
3637 15. 85.
3638 15. 85.
3639 15. 85.
3640 16. 84.
3641 16. 84.
3642 16. 84.
3643 16. 84.
3644 16. 84.
3645 16. 84.
3646 15. 85.
3647 15. 85.
3648 15. 85.
3649 14. 86.
3650 14. 86.
3651 14. 86.
3652 14. 86.
3653 14. 86.
3654 14. 86.
3655 14. 86.
3656 13. 87.
3657 13. 87.
3658 14. 86.
3659 14. 86.
3660 14. 86.
3661 14. 86.
3662 14. 86.
3663 14. 86.
3664 14. 86.
3665 14. 86.
3666 15. 85.
3667 15. 85.
3668 15. 85.
3669 15. 85.
3670 15. 85.
3671 15. 85.
3672 15. 85.
3673 15. 85.
3674 15. 85.
3675 16. 84.
3676 16. 84.
3677 16. 84.
3678 16. 84.
3679 16. 84.
3680 16. 84.
3681 16. 84.
3682 16. 84.
3683 16. 84.
3684 16. 84.
3685 16. 84.
3686 16. 84.
3687 16. 84.
3688 15. 85.
3689 15. 85.
3690 15. 85.
3691 15. 85.
3692 15. 85.
3693 15. 85.
3694 15. 85.
3695 15. 85.
3696 15. 85.
3697 15. 85.
3698 15. 85.
3699 15. 85.
3700 15. 85.
3701 15. 85.
3702 15. 85.
3703 15. 85.
3704 15. 85.
3705 15. 85.
3706 16. 84.
3707 16. 84.
3708 16. 84.
3709 16. 84.
3710 15. 85.
3711 14. 86.
3712 14. 86.
3713 14. 86.
3714 14. 86.
3715 14. 86.
3716 14. 86.
3717 14. 86.
3718 14. 86.
3719 14. 86.
3720 14. 86.
3721 14. 86.
3722 14. 86.
3723 14. 86.
3724 14. 86.
3725 14. 86.
3726 14. 86.
3727 14. 86.
3728 14. 86.
3729 14. 86.
3730 14. 86.
3731 14. 86.
3732 14. 86.
3733 14. 86.
3734 14. 86.
3735 14. 86.
3736 14. 86.
3737 14. 86.
3738 14. 86.
3739 14. 86.
3740 14. 86.
3741 14. 86.
3742 14. 86.
3743 14. 86.
3744 14. 86.
3745 14. 86.
3746 14. 86.
3747 14. 86.
3748 14. 86.
3749 14. 86.
3750 14. 86.
3751 14. 86.
3752 14. 86.
3753 14. 86.
3754 14. 86.
3755 14. 86.
3756 14. 86.
3757 14. 86.
3758 14. 86.
3759 14. 86.
3760 14. 86.
3761 14. 86.
3762 13. 87.
3763 14. 86.
3764 14. 86.
3765 14. 86.
3766 14. 86.
3767 14. 86.
3768 14. 86.
3769 13. 87.
3770 13. 87.
3771 13. 87.
3772 13. 87.
3773 13. 87.
3774 13. 87.
3775 14. 86.
3776 14. 86.
3777 13. 87.
3778 13. 87.
3779 13. 87.
3780 13. 87.
3781 13. 87.
3782 13. 87.
3783 13. 87.
3784 13. 87.
3785 13. 87.
3786 12. 88.
3787 12. 88.
3788 12. 88.
3789 12. 88.
3790 12. 88.
3791 12. 88.
3792 12. 88.
3793 12. 88.
3794 12. 88.
3795 12. 88.
3796 12. 88.
3797 12. 88.
3798 12. 88.
3799 12. 88.
3800 12. 88.
3801 12. 88.
3802 12. 88.
3803 12. 88.
3804 12. 88.
3805 12. 88.
3806 12. 88.
3807 12. 88.
3808 12. 88.
3809 12. 88.
3810 12. 88.
3811 12. 88.
3812 12. 88.
3813 12. 88.
3814 12. 88.
3815 12. 88.
3816 12. 88.
3817 12. 88.
3818 12. 88.
3819 12. 88.
3820 12. 88.
3821 12. 88.
3822 13. 87.
3823 13. 87.
3824 13. 87.
3825 13. 87.
3826 13. 87.
3827 13. 87.
3828 13. 87.
3829 13. 87.
3830 13. 87.
3831 13. 87.
3832 13. 87.
3833 13. 87.
3834 13. 87.
3835 13. 87.
3836 14. 86.
3837 14. 86.
3838 14. 86.
3839 14. 86.
3840 15. 85.
3841 15. 85.
3842 15. 85.
3843 15. 85.
3844 15. 85.
3845 15. 85.
3846 15. 85.
3847 15. 85.
3848 15. 85.
3849 15. 85.
3850 15. 85.
3851 15. 85.
3852 15. 85.
3853 15. 85.
3854 15. 85.
3855 15. 85.
3856 15. 85.
3857 15. 85.
3858 16. 84.
3859 16. 84.
3860 16. 84.
3861 16. 84.
3862 16. 84.
3863 16. 84.
3864 16. 84.
3865 16. 84.
3866 16. 84.
3867 16. 84.
3868 15. 85.
3869 15. 85.
3870 15. 85.
3871 15. 85.
3872 15. 85.
3873 15. 85.
3874 15. 85.
3875 16. 84.
3876 16. 84.
3877 16. 84.
3878 16. 84.
3879 16. 84.
3880 16. 84.
3881 16. 84.
3882 15. 85.
3883 15. 85.
3884 14. 86.
3885 14. 86.
3886 13. 87.
3887 13. 87.
3888 13. 87.
3889 13. 87.
3890 13. 87.
3891 13. 87.
3892 13. 87.
3893 13. 87.
3894 13. 87.
3895 13. 87.
3896 13. 87.
3897 13. 87.
3898 13. 87.
3899 13. 87.
3900 13. 87.
3901 13. 87.
3902 13. 87.
3903 13. 87.
3904 13. 87.
3905 13. 87.
3906 13. 87.
3907 13. 87.
3908 13. 87.
3909 13. 87.
3910 13. 87.
3911 13. 87.
3912 13. 87.
3913 13. 87.
3914 13. 87.
3915 13. 87.
3916 14. 86.
3917 14. 86.
3918 14. 86.
3919 14. 86.
3920 14. 86.
3921 14. 86.
3922 14. 86.
3923 14. 86.
3924 14. 86.
3925 15. 85.
3926 15. 85.
3927 15. 85.
3928 15. 85.
3929 14. 86.
3930 14. 86.
3931 14. 86.
3932 14. 86.
3933 14. 86.
3934 14. 86.
3935 13. 87.
3936 13. 87.
3937 13. 87.
3938 13. 87.
3939 13. 87.
3940 13. 87.
3941 13. 87.
3942 13. 87.
3943 13. 87.
3944 13. 87.
3945 13. 87.
3946 13. 87.
3947 13. 87.
3948 13. 87.
3949 13. 87.
3950 13. 87.
3951 13. 87.
3952 14. 86.
3953 14. 86.
3954 14. 86.
3955 14. 86.
3956 14. 86.
3957 14. 86.
3958 14. 86.
3959 14. 86.
3960 13. 87.
3961 13. 87.
3962 13. 87.
3963 13. 87.
3964 13. 87.
3965 12. 88.
3966 12. 88.
3967 12. 88.
3968 12. 88.
3969 12. 88.
3970 12. 88.
3971 12. 88.
3972 12. 88.
3973 12. 88.
3974 12. 88.
3975 12. 88.
3976 12. 88.
3977 12. 88.
3978 12. 88.
3979 12. 88.
3980 11. 89.
3981 11. 89.
3982 11. 89.
3983 11. 89.
3984 11. 89.
3985 11. 89.
3986 11. 89.
3987 11. 89.
3988 11. 89.
3989 11. 89.
3990 11. 89.
3991 11. 89.
3992 11. 89.
3993 11. 89.
3994 11. 89.
3995 11. 89.
3996 11. 89.
3997 11. 89.
3998 11. 89.
3999 11. 89.
4000 11. 89.
4001 11. 89.
4002 11. 89.
4003 11. 89.
4004 11. 89.
4005 11. 89.
4006 11. 89.
4007 11. 89.
4008 11. 89.
4009 12. 88.
4010 13. 87.
4011 13. 87.
4012 13. 87.
4013 12. 88.
4014 12. 88.
4015 12. 88.
4016 12. 88.
4017 12. 88.
4018 12. 88.
4019 12. 88.
4020 12. 88.
4021 12. 88.
4022 12. 88.
4023 12. 88.
4024 12. 88.
4025 12. 88.
4026 12. 88.
4027 11. 89.
4028 11. 89.
4029 11. 89.
4030 11. 89.
4031 12. 88.
4032 12. 88.
4033 12. 88.
4034 12. 88.
4035 12. 88.
4036 12. 88.
4037 12. 88.
4038 12. 88.
4039 12. 88.
4040 12. 88.
4041 12. 88.
4042 11. 89.
4043 11. 89.
4044 10. 90.
4045 11. 89.
4046 11. 89.
4047 11. 89.
4048 10. 90.
4049 10. 90.
4050 10. 90.
4051 10. 90.
4052 11. 89.
4053 12. 88.
4054 12. 88.
4055 12. 88.
4056 12. 88.
4057 12. 88.
4058 12. 88.
4059 12. 88.
4060 12. 88.
4061 12. 88.
4062 13. 87.
4063 13. 87.
4064 13. 87.
4065 13. 87.
4066 12. 88.
4067 12. 88.
4068 12. 88.
4069 12. 88.
4070 12. 88.
4071 12. 88.
4072 12. 88.
4073 11. 89.
4074 12. 88.
4075 12. 88.
4076 12. 88.
4077 12. 88.
4078 12. 88.
4079 12. 88.
4080 13. 87.
4081 13. 87.
4082 13. 87.
4083 12. 88.
4084 12. 88.
4085 12. 88.
4086 12. 88.
4087 12. 88.
4088 12. 88.
4089 12. 88.
4090 12. 88.
4091 12. 88.
4092 12. 88.
4093 12. 88.
4094 12. 88.
4095 12. 88.
4096 12. 88.
4097 12. 88.
4098 13. 87.
4099 13. 87.
4100 13. 87.
4101 13. 87.
4102 13. 87.
4103 13. 87.
4104 13. 87.
4105 13. 87.
4106 13. 87.
4107 13. 87.
4108 13. 87.
4109 14. 86.
4110 13. 87.
4111 13. 87.
4112 13. 87.
4113 13. 87.
4114 13. 87.
4115 13. 87.
4116 13. 87.
4117 13. 87.
4118 13. 87.
4119 13. 87.
4120 13. 87.
4121 13. 87.
4122 13. 87.
4123 13. 87.
4124 13. 87.
4125 13. 87.
4126 13. 87.
4127 14. 86.
4128 14. 86.
4129 14. 86.
4130 14. 86.
4131 14. 86.
4132 15. 85.
4133 15. 85.
4134 16. 84.
4135 16. 84.
4136 16. 84.
4137 16. 84.
4138 15. 85.
4139 15. 85.
4140 15. 85.
4141 15. 85.
4142 15. 85.
4143 15. 85.
4144 15. 85.
4145 15. 85.
4146 15. 85.
4147 15. 85.
4148 15. 85.
4149 15. 85.
4150 15. 85.
4151 15. 85.
4152 15. 85.
4153 15. 85.
4154 15. 85.
4155 15. 85.
4156 15. 85.
4157 15. 85.
4158 15. 85.
4159 15. 85.
4160 15. 85.
4161 15. 85.
4162 16. 84.
4163 16. 84.
4164 16. 84.
4165 16. 84.
4166 16. 84.
4167 16. 84.
4168 16. 84.
4169 16. 84.
4170 16. 84.
4171 16. 84.
4172 16. 84.
4173 16. 84.
4174 15. 85.
4175 15. 85.
4176 15. 85.
4177 15. 85.
4178 15. 85.
4179 15. 85.
4180 14. 86.
4181 14. 86.
4182 14. 86.
4183 14. 86.
4184 14. 86.
4185 14. 86.
4186 14. 86.
4187 14. 86.
4188 14. 86.
4189 14. 86.
4190 15. 85.
4191 15. 85.
4192 15. 85.
4193 14. 86.
4194 14. 86.
4195 14. 86.
4196 14. 86.
4197 14. 86.
4198 14. 86.
4199 14. 86.
4200 14. 86.
4201 14. 86.
4202 14. 86.
4203 14. 86.
4204 14. 86.
4205 14. 86.
4206 14. 86.
4207 14. 86.
4208 15. 85.
4209 15. 85.
4210 15. 85.
4211 15. 85.
4212 15. 85.
4213 15. 85.
4214 15. 85.
4215 14. 86.
4216 14. 86.
4217 14. 86.
4218 14. 86.
4219 14. 86.
4220 14. 86.
4221 14. 86.
4222 14. 86.
4223 13. 87.
4224 13. 87.
4225 13. 87.
4226 13. 87.
4227 13. 87.
4228 13. 87.
4229 13. 87.
4230 13. 87.
4231 13. 87.
4232 13. 87.
4233 13. 87.
4234 13. 87.
4235 13. 87.
4236 13. 87.
4237 13. 87.
4238 13. 87.
4239 13. 87.
4240 13. 87.
4241 13. 87.
4242 13. 87.
4243 13. 87.
4244 13. 87.
4245 13. 87.
4246 13. 87.
4247 13. 87.
4248 13. 87.
4249 13. 87.
4250 13. 87.
4251 13. 87.
4252 13. 87.
4253 13. 87.
4254 13. 87.
4255 13. 87.
4256 13. 87.
4257 13. 87.
4258 13. 87.
4259 13. 87.
4260 13. 87.
4261 13. 87.
4262 13. 87.
4263 13. 87.
4264 13. 87.
4265 13. 87.
4266 13. 87.
4267 13. 87.
4268 13. 87.
4269 13. 87.
4270 13. 87.
4271 13. 87.
4272 13. 87.
4273 13. 87.
4274 13. 87.
4275 13. 87.
4276 13. 87.
4277 13. 87.
4278 13. 87.
4279 13. 87.
4280 13. 87.
4281 13. 87.
4282 13. 87.
4283 13. 87.
4284 14. 86.
4285 14. 86.
4286 14. 86.
4287 14. 86.
4288 14. 86.
4289 13. 87.
4290 13. 87.
4291 13. 87.
4292 13. 87.
4293 13. 87.
4294 13. 87.
4295 13. 87.
4296 13. 87.
4297 13. 87.
4298 13. 87.
4299 13. 87.
4300 13. 87.
4301 13. 87.
4302 13. 87.
4303 13. 87.
4304 13. 87.
4305 14. 86.
4306 14. 86.
4307 14. 86.
4308 14. 86.
4309 13. 87.
4310 13. 87.
4311 12. 88.
4312 12. 88.
4313 12. 88.
4314 12. 88.
4315 12. 88.
4316 12. 88.
4317 12. 88.
4318 12. 88.
4319 12. 88.
4320 12. 88.
4321 12. 88.
4322 12. 88.
4323 12. 88.
4324 12. 88.
4325 11. 89.
4326 11. 89.
4327 11. 89.
4328 11. 89.
4329 12. 88.
4330 12. 88.
4331 12. 88.
4332 12. 88.
4333 13. 87.
4334 14. 86.
4335 14. 86.
4336 14. 86.
4337 14. 86.
4338 13. 87.
4339 13. 87.
4340 13. 87.
4341 13. 87.
4342 13. 87.
4343 13. 87.
4344 13. 87.
4345 13. 87.
4346 13. 87.
4347 13. 87.
4348 13. 87.
4349 13. 87.
4350 13. 87.
4351 12. 88.
4352 13. 87.
4353 13. 87.
4354 13. 87.
4355 13. 87.
4356 14. 86.
4357 14. 86.
4358 14. 86.
4359 14. 86.
4360 14. 86.
4361 14. 86.
4362 14. 86.
4363 14. 86.
4364 14. 86.
4365 14. 86.
4366 14. 86.
4367 14. 86.
4368 14. 86.
4369 14. 86.
4370 14. 86.
4371 14. 86.
4372 14. 86.
4373 13. 87.
4374 13. 87.
4375 13. 87.
4376 13. 87.
4377 13. 87.
4378 12. 88.
4379 12. 88.
4380 12. 88.
4381 12. 88.
4382 12. 88.
4383 12. 88.
4384 12. 88.
4385 12. 88.
4386 12. 88.
4387 12. 88.
4388 12. 88.
4389 12. 88.
4390 12. 88.
4391 12. 88.
4392 12. 88.
4393 11. 89.
4394 11. 89.
4395 11. 89.
4396 11. 89.
4397 11. 89.
4398 11. 89.
4399 11. 89.
4400 11. 89.
4401 11. 89.
4402 11. 89.
4403 11. 89.
4404 11. 89.
4405 11. 89.
4406 11. 89.
4407 11. 89.
4408 11. 89.
4409 11. 89.
4410 11. 89.
4411 11. 89.
4412 11. 89.
4413 11. 89.
4414 11. 89.
4415 11. 89.
4416 11. 89.
4417 11. 89.
4418 11. 89.
4419 11. 89.
4420 11. 89.
4421 11. 89.
4422 11. 89.
4423 11. 89.
4424 11. 89.
4425 11. 89.
4426 11. 89.
4427 11. 89.
4428 11. 89.
4429 11. 89.
4430 11. 89.
4431 11. 89.
4432 11. 89.
4433 11. 89.
4434 11. 89.
4435 11. 89.
4436 11. 89.
4437 11. 89.
4438 11. 89.
4439 11. 89.
4440 11. 89.
4441 11. 89.
4442 11. 89.
4443 11. 89.
4444 10. 90.
4445 10. 90.
4446 10. 90.
4447 10. 90.
4448 10. 90.
4449 10. 90.
4450 10. 90.
4451 9. 91.
4452 9. 91.
4453 9. 91.
4454 9. 91.
4455 9. 91.
4456 9. 91.
4457 9. 91.
4458 9. 91.
4459 9. 91.
4460 9. 91.
4461 9. 91.
4462 9. 91.
4463 9. 91.
4464 9. 91.
4465 10. 90.
4466 10. 90.
4467 10. 90.
4468 10. 90.
4469 10. 90.
4470 10. 90.
4471 10. 90.
4472 10. 90.
4473 10. 90.
4474 10. 90.
4475 10. 90.
4476 10. 90.
4477 10. 90.
4478 10. 90.
4479 10. 90.
4480 11. 89.
4481 11. 89.
4482 11. 89.
4483 11. 89.
4484 11. 89.
4485 11. 89.
4486 11. 89.
4487 11. 89.
4488 11. 89.
4489 11. 89.
4490 11. 89.
4491 10. 90.
4492 10. 90.
4493 10. 90.
4494 10. 90.
4495 10. 90.
4496 10. 90.
4497 10. 90.
4498 10. 90.
4499 10. 90.
4500 10. 90.
4501 10. 90.
4502 10. 90.
4503 10. 90.
4504 10. 90.
4505 10. 90.
4506 10. 90.
4507 10. 90.
4508 10. 90.
4509 10. 90.
4510 10. 90.
4511 10. 90.
4512 10. 90.
4513 10. 90.
4514 10. 90.
4515 10. 90.
4516 10. 90.
4517 10. 90.
4518 10. 90.
4519 10. 90.
4520 10. 90.
4521 10. 90.
4522 10. 90.
4523 10. 90.
4524 10. 90.
4525 10. 90.
4526 10. 90.
4527 10. 90.
4528 10. 90.
4529 10. 90.
4530 10. 90.
4531 10. 90.
4532 10. 90.
4533 10. 90.
4534 10. 90.
4535 10. 90.
4536 10. 90.
4537 10. 90.
4538 10. 90.
4539 10. 90.
4540 10. 90.
4541 10. 90.
4542 10. 90.
4543 10. 90.
4544 10. 90.
4545 10. 90.
4546 10. 90.
4547 10. 90.
4548 10. 90.
4549 10. 90.
4550 10. 90.
4551 10. 90.
4552 10. 90.
4553 10. 90.
4554 10. 90.
4555 10. 90.
4556 10. 90.
4557 10. 90.
4558 10. 90.
4559 10. 90.
4560 10. 90.
4561 10. 90.
4562 10. 90.
4563 10. 90.
4564 10. 90.
4565 10. 90.
4566 10. 90.
4567 10. 90.
4568 10. 90.
4569 10. 90.
4570 10. 90.
4571 10. 90.
4572 10. 90.
4573 10. 90.
4574 10. 90.
4575 10. 90.
4576 10. 90.
4577 10. 90.
4578 10. 90.
4579 10. 90.
4580 10. 90.
4581 10. 90.
4582 10. 90.
4583 10. 90.
4584 10. 90.
4585 10. 90.
4586 10. 90.
4587 10. 90.
4588 10. 90.
4589 10. 90.
4590 10. 90.
4591 10. 90.
4592 10. 90.
4593 11. 89.
4594 11. 89.
4595 11. 89.
4596 11. 89.
4597 10. 90.
4598 9. 91.
4599 9. 91.
4600 9. 91.
4601 9. 91.
4602 9. 91.
4603 9. 91.
4604 9. 91.
4605 9. 91.
4606 9. 91.
4607 9. 91.
4608 9. 91.
4609 8. 92.
4610 8. 92.
4611 8. 92.
4612 8. 92.
4613 8. 92.
4614 8. 92.
4615 8. 92.
4616 8. 92.
4617 8. 92.
4618 8. 92.
4619 8. 92.
4620 8. 92.
4621 8. 92.
4622 8. 92.
4623 8. 92.
4624 9. 91.
4625 9. 91.
4626 9. 91.
4627 9. 91.
4628 9. 91.
4629 9. 91.
4630 9. 91.
4631 9. 91.
4632 9. 91.
4633 9. 91.
4634 9. 91.
4635 9. 91.
4636 9. 91.
4637 9. 91.
4638 9. 91.
4639 9. 91.
4640 9. 91.
4641 9. 91.
4642 9. 91.
4643 9. 91.
4644 9. 91.
4645 9. 91.
4646 9. 91.
4647 9. 91.
4648 9. 91.
4649 9. 91.
4650 9. 91.
4651 9. 91.
4652 9. 91.
4653 9. 91.
4654 9. 91.
4655 9. 91.
4656 9. 91.
4657 9. 91.
4658 9. 91.
4659 9. 91.
4660 9. 91.
4661 9. 91.
4662 9. 91.
4663 8. 92.
4664 8. 92.
4665 8. 92.
4666 8. 92.
4667 8. 92.
4668 7. 93.
4669 7. 93.
4670 7. 93.
4671 7. 93.
4672 7. 93.
4673 7. 93.
4674 8. 92.
4675 7. 93.
4676 7. 93.
4677 7. 93.
4678 7. 93.
4679 7. 93.
4680 7. 93.
4681 7. 93.
4682 7. 93.
4683 7. 93.
4684 7. 93.
4685 7. 93.
4686 7. 93.
4687 7. 93.
4688 7. 93.
4689 7. 93.
4690 7. 93.
4691 7. 93.
4692 7. 93.
4693 7. 93.
4694 7. 93.
4695 7. 93.
4696 7. 93.
4697 7. 93.
4698 7. 93.
4699 7. 93.
4700 7. 93.
4701 6. 94.
4702 6. 94.
4703 6. 94.
4704 6. 94.
4705 6. 94.
4706 6. 94.
4707 6. 94.
4708 6. 94.
4709 6. 94.
4710 6. 94.
4711 6. 94.
4712 6. 94.
4713 6. 94.
4714 6. 94.
4715 6. 94.
4716 5. 95.
4717 5. 95.
4718 5. 95.
4719 5. 95.
4720 5. 95.
4721 5. 95.
4722 5. 95.
4723 5. 95.
4724 5. 95.
4725 5. 95.
4726 5. 95.
4727 5. 95.
4728 5. 95.
4729 5. 95.
4730 5. 95.
4731 5. 95.
4732 5. 95.
4733 5. 95.
4734 5. 95.
4735 6. 94.
4736 6. 94.
4737 6. 94.
4738 6. 94.
4739 7. 93.
4740 7. 93.
4741 7. 93.
4742 7. 93.
4743 7. 93.
4744 7. 93.
4745 7. 93.
4746 6. 94.
4747 6. 94.
4748 6. 94.
4749 6. 94.
4750 6. 94.
4751 7. 93.
4752 7. 93.
4753 7. 93.
4754 7. 93.
4755 7. 93.
4756 7. 93.
4757 7. 93.
4758 7. 93.
4759 7. 93.
4760 7. 93.
4761 7. 93.
4762 7. 93.
4763 7. 93.
4764 7. 93.
4765 7. 93.
4766 7. 93.
4767 7. 93.
4768 7. 93.
4769 7. 93.
4770 7. 93.
4771 7. 93.
4772 7. 93.
4773 7. 93.
4774 7. 93.
4775 7. 93.
4776 7. 93.
4777 7. 93.
4778 7. 93.
4779 7. 93.
4780 7. 93.
4781 7. 93.
4782 7. 93.
4783 7. 93.
4784 7. 93.
4785 7. 93.
4786 7. 93.
4787 7. 93.
4788 7. 93.
4789 7. 93.
4790 7. 93.
4791 7. 93.
4792 7. 93.
4793 7. 93.
4794 7. 93.
4795 7. 93.
4796 7. 93.
4797 8. 92.
4798 8. 92.
4799 8. 92.
4800 7. 93.
4801 7. 93.
4802 7. 93.
4803 7. 93.
4804 7. 93.
4805 7. 93.
4806 7. 93.
4807 7. 93.
4808 7. 93.
4809 7. 93.
4810 7. 93.
4811 7. 93.
4812 8. 92.
4813 8. 92.
4814 9. 91.
4815 9. 91.
4816 9. 91.
4817 9. 91.
4818 9. 91.
4819 9. 91.
4820 8. 92.
4821 8. 92.
4822 8. 92.
4823 8. 92.
4824 8. 92.
4825 8. 92.
4826 8. 92.
4827 8. 92.
4828 8. 92.
4829 8. 92.
4830 7. 93.
4831 7. 93.
4832 7. 93.
4833 7. 93.
4834 7. 93.
4835 7. 93.
4836 7. 93.
4837 7. 93.
4838 7. 93.
4839 7. 93.
4840 7. 93.
4841 7. 93.
4842 7. 93.
4843 7. 93.
4844 7. 93.
4845 7. 93.
4846 7. 93.
4847 7. 93.
4848 7. 93.
4849 7. 93.
4850 7. 93.
4851 7. 93.
4852 7. 93.
4853 7. 93.
4854 7. 93.
4855 7. 93.
4856 7. 93.
4857 7. 93.
4858 7. 93.
4859 7. 93.
4860 7. 93.
4861 8. 92.
4862 8. 92.
4863 8. 92.
4864 8. 92.
4865 8. 92.
4866 8. 92.
4867 8. 92.
4868 8. 92.
4869 8. 92.
4870 8. 92.
4871 8. 92.
4872 8. 92.
4873 8. 92.
4874 8. 92.
4875 8. 92.
4876 8. 92.
4877 8. 92.
4878 8. 92.
4879 8. 92.
4880 9. 91.
4881 9. 91.
4882 9. 91.
4883 9. 91.
4884 9. 91.
4885 9. 91.
4886 9. 91.
4887 9. 91.
4888 9. 91.
4889 10. 90.
4890 10. 90.
4891 10. 90.
4892 10. 90.
4893 10. 90.
4894 10. 90.
4895 9. 91.
4896 9. 91.
4897 9. 91.
4898 9. 91.
4899 9. 91.
4900 9. 91.
4901 9. 91.
4902 9. 91.
4903 10. 90.
4904 10. 90.
4905 10. 90.
4906 10. 90.
4907 10. 90.
4908 10. 90.
4909 10. 90.
4910 10. 90.
4911 10. 90.
4912 10. 90.
4913 10. 90.
4914 10. 90.
4915 10. 90.
4916 10. 90.
4917 10. 90.
4918 10. 90.
4919 10. 90.
4920 10. 90.
4921 10. 90.
4922 10. 90.
4923 10. 90.
4924 10. 90.
4925 10. 90.
4926 10. 90.
4927 10. 90.
4928 10. 90.
4929 10. 90.
4930 10. 90.
4931 10. 90.
4932 10. 90.
4933 10. 90.
4934 10. 90.
4935 10. 90.
4936 9. 91.
4937 9. 91.
4938 9. 91.
4939 9. 91.
4940 9. 91.
4941 9. 91.
4942 9. 91.
4943 9. 91.
4944 9. 91.
4945 9. 91.
4946 9. 91.
4947 9. 91.
4948 9. 91.
4949 9. 91.
4950 9. 91.
4951 9. 91.
4952 9. 91.
4953 9. 91.
4954 9. 91.
4955 9. 91.
4956 9. 91.
4957 9. 91.
4958 9. 91.
4959 9. 91.
4960 9. 91.
4961 9. 91.
4962 9. 91.
4963 9. 91.
4964 9. 91.
4965 9. 91.
4966 9. 91.
4967 9. 91.
4968 9. 91.
4969 9. 91.
4970 10. 90.
4971 10. 90.
4972 10. 90.
4973 10. 90.
4974 10. 90.
4975 10. 90.
4976 10. 90.
4977 10. 90.
4978 10. 90.
4979 10. 90.
4980 10. 90.
4981 10. 90.
4982 10. 90.
4983 10. 90.
4984 10. 90.
4985 10. 90.
4986 10. 90.
4987 9. 91.
4988 9. 91.
4989 9. 91.
4990 9. 91.
4991 9. 91.
4992 9. 91.
4993 9. 91.
4994 9. 91.
4995 9. 91.
4996 9. 91.
4997 9. 91.
4998 9. 91.
4999 9. 91.
5000 9. 91.
5001 9. 91.
5002 10. 90.
5003 10. 90.
5004 10. 90.
5005 10. 90.
5006 10. 90.
5007 10. 90.
5008 10. 90.
5009 10. 90.
5010 9. 91.
5011 9. 91.
5012 9. 91.
5013 9. 91.
5014 10. 90.
5015 10. 90.
5016 10. 90.
5017 11. 89.
5018 11. 89.
5019 11. 89.
5020 11. 89.
5021 10. 90.
5022 10. 90.
5023 10. 90.
5024 10. 90.
5025 10. 90.
5026 10. 90.
5027 10. 90.
5028 11. 89.
5029 11. 89.
5030 11. 89.
5031 11. 89.
5032 11. 89.
5033 11. 89.
5034 11. 89.
5035 11. 89.
5036 11. 89.
5037 11. 89.
5038 11. 89.
5039 11. 89.
5040 11. 89.
5041 11. 89.
5042 11. 89.
5043 10. 90.
5044 10. 90.
5045 10. 90.
5046 10. 90.
5047 10. 90.
5048 10. 90.
5049 10. 90.
5050 9. 91.
5051 9. 91.
5052 9. 91.
5053 9. 91.
5054 9. 91.
5055 9. 91.
5056 9. 91.
5057 9. 91.
5058 9. 91.
5059 9. 91.
5060 9. 91.
5061 9. 91.
5062 9. 91.
5063 9. 91.
5064 9. 91.
5065 9. 91.
5066 9. 91.
5067 9. 91.
5068 10. 90.
5069 10. 90.
5070 10. 90.
5071 10. 90.
5072 10. 90.
5073 10. 90.
5074 10. 90.
5075 10. 90.
5076 10. 90.
5077 10. 90.
5078 10. 90.
5079 10. 90.
5080 10. 90.
5081 10. 90.
5082 10. 90.
5083 10. 90.
5084 10. 90.
5085 10. 90.
5086 10. 90.
5087 10. 90.
5088 10. 90.
5089 10. 90.
5090 10. 90.
5091 10. 90.
5092 10. 90.
5093 10. 90.
5094 10. 90.
5095 10. 90.
5096 10. 90.
5097 10. 90.
5098 10. 90.
5099 10. 90.
5100 10. 90.
5101 10. 90.
5102 10. 90.
5103 10. 90.
5104 10. 90.
5105 10. 90.
5106 10. 90.
5107 10. 90.
5108 10. 90.
5109 10. 90.
5110 9. 91.
5111 9. 91.
5112 9. 91.
5113 8. 92.
5114 8. 92.
5115 8. 92.
5116 9. 91.
5117 9. 91.
5118 8. 92.
5119 8. 92.
5120 8. 92.
5121 8. 92.
5122 8. 92.
5123 8. 92.
5124 9. 91.
5125 9. 91.
5126 9. 91.
5127 9. 91.
5128 9. 91.
5129 9. 91.
5130 9. 91.
5131 9. 91.
5132 9. 91.
5133 9. 91.
5134 9. 91.
5135 9. 91.
5136 9. 91.
5137 9. 91.
5138 9. 91.
5139 9. 91.
5140 9. 91.
5141 9. 91.
5142 9. 91.
5143 8. 92.
5144 8. 92.
5145 8. 92.
5146 8. 92.
5147 8. 92.
5148 7. 93.
5149 7. 93.
5150 7. 93.
5151 7. 93.
5152 7. 93.
5153 7. 93.
5154 7. 93.
5155 7. 93.
5156 7. 93.
5157 7. 93.
5158 7. 93.
5159 7. 93.
5160 7. 93.
5161 8. 92.
5162 8. 92.
5163 8. 92.
5164 8. 92.
5165 8. 92.
5166 8. 92.
5167 8. 92.
5168 8. 92.
5169 8. 92.
5170 8. 92.
5171 8. 92.
5172 8. 92.
5173 8. 92.
5174 8. 92.
5175 8. 92.
5176 8. 92.
5177 8. 92.
5178 8. 92.
5179 8. 92.
5180 8. 92.
5181 8. 92.
5182 7. 93.
5183 7. 93.
5184 7. 93.
5185 7. 93.
5186 8. 92.
5187 8. 92.
5188 8. 92.
5189 8. 92.
5190 8. 92.
5191 8. 92.
5192 8. 92.
5193 8. 92.
5194 8. 92.
5195 8. 92.
5196 8. 92.
5197 8. 92.
5198 8. 92.
5199 8. 92.
5200 8. 92.
5201 8. 92.
5202 8. 92.
5203 8. 92.
5204 8. 92.
5205 8. 92.
5206 8. 92.
5207 7. 93.
5208 7. 93.
5209 7. 93.
5210 7. 93.
5211 7. 93.
5212 7. 93.
5213 7. 93.
5214 7. 93.
5215 7. 93.
5216 7. 93.
5217 7. 93.
5218 8. 92.
5219 8. 92.
5220 8. 92.
5221 8. 92.
5222 8. 92.
5223 8. 92.
5224 7. 93.
5225 7. 93.
5226 7. 93.
5227 7. 93.
5228 7. 93.
5229 6. 94.
5230 6. 94.
5231 7. 93.
5232 7. 93.
5233 7. 93.
5234 7. 93.
5235 6. 94.
5236 6. 94.
5237 6. 94.
5238 6. 94.
5239 6. 94.
5240 6. 94.
5241 6. 94.
5242 6. 94.
5243 6. 94.
5244 6. 94.
5245 6. 94.
5246 6. 94.
5247 6. 94.
5248 6. 94.
5249 6. 94.
5250 5. 95.
5251 5. 95.
5252 5. 95.
5253 5. 95.
5254 5. 95.
5255 5. 95.
5256 5. 95.
5257 5. 95.
5258 5. 95.
5259 5. 95.
5260 5. 95.
5261 5. 95.
5262 5. 95.
5263 5. 95.
5264 5. 95.
5265 5. 95.
5266 5. 95.
5267 5. 95.
5268 5. 95.
5269 5. 95.
5270 5. 95.
5271 5. 95.
5272 5. 95.
5273 5. 95.
5274 5. 95.
5275 5. 95.
5276 5. 95.
5277 5. 95.
5278 5. 95.
5279 5. 95.
5280 5. 95.
5281 5. 95.
5282 5. 95.
5283 5. 95.
5284 5. 95.
5285 5. 95.
5286 5. 95.
5287 5. 95.
5288 5. 95.
5289 5. 95.
5290 5. 95.
5291 5. 95.
5292 5. 95.
5293 5. 95.
5294 5. 95.
5295 5. 95.
5296 4. 96.
5297 4. 96.
5298 4. 96.
5299 4. 96.
5300 4. 96.
5301 4. 96.
5302 4. 96.
5303 4. 96.
5304 3. 97.
5305 3. 97.
5306 3. 97.
5307 3. 97.
5308 3. 97.
5309 3. 97.
5310 3. 97.
5311 3. 97.
5312 3. 97.
5313 3. 97.
5314 3. 97.
5315 3. 97.
5316 3. 97.
5317 3. 97.
5318 3. 97.
5319 3. 97.
5320 3. 97.
5321 2. 98.
5322 2. 98.
5323 2. 98.
5324 2. 98.
5325 2. 98.
5326 2. 98.
5327 2. 98.
5328 2. 98.
5329 2. 98.
5330 2. 98.
5331 2. 98.
5332 2. 98.
5333 2. 98.
5334 2. 98.
5335 2. 98.
5336 2. 98.
5337 2. 98.
5338 2. 98.
5339 2. 98.
5340 2. 98.
5341 2. 98.
5342 2. 98.
5343 2. 98.
5344 2. 98.
5345 2. 98.
5346 2. 98.
5347 2. 98.
5348 2. 98.
5349 2. 98.
5350 2. 98.
5351 2. 98.
5352 2. 98.
5353 2. 98.
5354 2. 98.
5355 2. 98.
5356 2. 98.
5357 2. 98.
5358 2. 98.
5359 2. 98.
5360 2. 98.
5361 2. 98.
5362 2. 98.
5363 2. 98.
5364 2. 98.
5365 2. 98.
5366 2. 98.
5367 2. 98.
5368 2. 98.
5369 2. 98.
5370 2. 98.
5371 2. 98.
5372 2. 98.
5373 2. 98.
5374 2. 98.
5375 2. 98.
5376 2. 98.
5377 2. 98.
5378 2. 98.
5379 2. 98.
5380 2. 98.
5381 2. 98.
5382 2. 98.
5383 2. 98.
5384 3. 97.
5385 3. 97.
5386 3. 97.
5387 3. 97.
5388 3. 97.
5389 3. 97.
5390 3. 97.
5391 3. 97.
5392 3. 97.
5393 3. 97.
5394 3. 97.
5395 3. 97.
5396 3. 97.
5397 3. 97.
5398 3. 97.
5399 3. 97.
5400 3. 97.
5401 3. 97.
5402 3. 97.
5403 3. 97.
5404 3. 97.
5405 3. 97.
5406 3. 97.
5407 3. 97.
5408 3. 97.
5409 3. 97.
5410 3. 97.
5411 3. 97.
5412 3. 97.
5413 3. 97.
5414 3. 97.
5415 3. 97.
5416 3. 97.
5417 3. 97.
5418 3. 97.
5419 3. 97.
5420 3. 97.
5421 3. 97.
5422 3. 97.
5423 3. 97.
5424 3. 97.
5425 3. 97.
5426 3. 97.
5427 3. 97.
5428 3. 97.
5429 3. 97.
5430 3. 97.
5431 3. 97.
5432 3. 97.
5433 3. 97.
5434 3. 97.
5435 3. 97.
5436 3. 97.
5437 3. 97.
5438 4. 96.
5439 4. 96.
5440 4. 96.
5441 4. 96.
5442 4. 96.
5443 4. 96.
5444 4. 96.
5445 4. 96.
5446 4. 96.
5447 4. 96.
5448 4. 96.
5449 4. 96.
5450 4. 96.
5451 4. 96.
5452 4. 96.
5453 4. 96.
5454 4. 96.
5455 4. 96.
5456 4. 96.
5457 4. 96.
5458 4. 96.
5459 4. 96.
5460 4. 96.
5461 4. 96.
5462 5. 95.
5463 5. 95.
5464 5. 95.
5465 5. 95.
5466 5. 95.
5467 5. 95.
5468 5. 95.
5469 5. 95.
5470 5. 95.
5471 5. 95.
5472 5. 95.
5473 5. 95.
5474 5. 95.
5475 5. 95.
5476 5. 95.
5477 5. 95.
5478 5. 95.
5479 5. 95.
5480 5. 95.
5481 5. 95.
5482 5. 95.
5483 5. 95.
5484 5. 95.
5485 5. 95.
5486 5. 95.
5487 5. 95.
5488 5. 95.
5489 5. 95.
5490 5. 95.
5491 5. 95.
5492 5. 95.
5493 5. 95.
5494 5. 95.
5495 5. 95.
5496 5. 95.
5497 5. 95.
5498 5. 95.
5499 5. 95.
5500 5. 95.
5501 5. 95.
5502 5. 95.
5503 5. 95.
5504 5. 95.
5505 5. 95.
5506 5. 95.
5507 5. 95.
5508 5. 95.
5509 5. 95.
5510 5. 95.
5511 5. 95.
5512 5. 95.
5513 5. 95.
5514 5. 95.
5515 5. 95.
5516 5. 95.
5517 5. 95.
5518 5. 95.
5519 5. 95.
5520 5. 95.
5521 5. 95.
5522 5. 95.
5523 5. 95.
5524 5. 95.
5525 5. 95.
5526 5. 95.
5527 5. 95.
5528 5. 95.
5529 5. 95.
5530 5. 95.
5531 5. 95.
5532 5. 95.
5533 5. 95.
5534 5. 95.
5535 5. 95.
5536 5. 95.
5537 5. 95.
5538 5. 95.
5539 5. 95.
5540 5. 95.
5541 5. 95.
5542 5. 95.
5543 5. 95.
5544 5. 95.
5545 5. 95.
5546 5. 95.
5547 5. 95.
5548 5. 95.
5549 5. 95.
5550 5. 95.
5551 5. 95.
5552 5. 95.
5553 5. 95.
5554 5. 95.
5555 5. 95.
5556 6. 94.
5557 6. 94.
5558 7. 93.
5559 7. 93.
5560 7. 93.
5561 7. 93.
5562 7. 93.
5563 7. 93.
5564 7. 93.
5565 7. 93.
5566 7. 93.
5567 7. 93.
5568 7. 93.
5569 7. 93.
5570 7. 93.
5571 7. 93.
5572 7. 93.
5573 7. 93.
5574 7. 93.
5575 7. 93.
5576 7. 93.
5577 7. 93.
5578 7. 93.
5579 7. 93.
5580 7. 93.
5581 7. 93.
5582 7. 93.
5583 7. 93.
5584 7. 93.
5585 7. 93.
5586 7. 93.
5587 7. 93.
5588 7. 93.
5589 7. 93.
5590 7. 93.
5591 7. 93.
5592 7. 93.
5593 7. 93.
5594 7. 93.
5595 7. 93.
5596 7. 93.
5597 7. 93.
5598 7. 93.
5599 7. 93.
5600 7. 93.
5601 7. 93.
5602 7. 93.
5603 7. 93.
5604 7. 93.
5605 7. 93.
5606 7. 93.
5607 7. 93.
5608 7. 93.
5609 7. 93.
5610 7. 93.
5611 7. 93.
5612 7. 93.
5613 7. 93.
5614 7. 93.
5615 7. 93.
5616 7. 93.
5617 7. 93.
5618 7. 93.
5619 7. 93.
5620 7. 93.
5621 7. 93.
5622 7. 93.
5623 7. 93.
5624 7. 93.
5625 7. 93.
5626 7. 93.
5627 7. 93.
5628 7. 93.
5629 7. 93.
5630 7. 93.
5631 7. 93.
5632 7. 93.
5633 7. 93.
5634 7. 93.
5635 7. 93.
5636 7. 93.
5637 7. 93.
5638 7. 93.
5639 7. 93.
5640 7. 93.
5641 7. 93.
5642 7. 93.
5643 7. 93.
5644 6. 94.
5645 6. 94.
5646 6. 94.
5647 6. 94.
5648 5. 95.
5649 5. 95.
5650 5. 95.
5651 5. 95.
5652 5. 95.
5653 5. 95.
5654 5. 95.
5655 4. 96.
5656 4. 96.
5657 4. 96.
5658 4. 96.
5659 4. 96.
5660 5. 95.
5661 5. 95.
5662 5. 95.
5663 5. 95.
5664 5. 95.
5665 5. 95.
5666 5. 95.
5667 5. 95.
5668 5. 95.
5669 5. 95.
5670 5. 95.
5671 5. 95.
5672 5. 95.
5673 5. 95.
5674 5. 95.
5675 5. 95.
5676 5. 95.
5677 5. 95.
5678 5. 95.
5679 5. 95.
5680 5. 95.
5681 5. 95.
5682 5. 95.
5683 5. 95.
5684 5. 95.
5685 5. 95.
5686 5. 95.
5687 5. 95.
5688 5. 95.
5689 5. 95.
5690 5. 95.
5691 5. 95.
5692 5. 95.
5693 5. 95.
5694 6. 94.
5695 6. 94.
5696 6. 94.
5697 6. 94.
5698 6. 94.
5699 6. 94.
5700 6. 94.
5701 6. 94.
5702 6. 94.
5703 5. 95.
5704 5. 95.
5705 5. 95.
5706 5. 95.
5707 5. 95.
5708 5. 95.
5709 5. 95.
5710 5. 95.
5711 5. 95.
5712 5. 95.
5713 5. 95.
5714 5. 95.
5715 5. 95.
5716 5. 95.
5717 5. 95.
5718 5. 95.
5719 5. 95.
5720 5. 95.
5721 5. 95.
5722 5. 95.
5723 5. 95.
5724 6. 94.
5725 6. 94.
5726 6. 94.
5727 6. 94.
5728 6. 94.
5729 6. 94.
5730 6. 94.
5731 6. 94.
5732 5. 95.
5733 5. 95.
5734 5. 95.
5735 5. 95.
5736 5. 95.
5737 5. 95.
5738 5. 95.
5739 5. 95.
5740 5. 95.
5741 5. 95.
5742 5. 95.
5743 5. 95.
5744 5. 95.
5745 5. 95.
5746 5. 95.
5747 5. 95.
5748 5. 95.
5749 5. 95.
5750 5. 95.
5751 5. 95.
5752 5. 95.
5753 5. 95.
5754 5. 95.
5755 5. 95.
5756 5. 95.
5757 5. 95.
5758 5. 95.
5759 5. 95.
5760 5. 95.
5761 5. 95.
5762 5. 95.
5763 5. 95.
5764 5. 95.
5765 5. 95.
5766 5. 95.
5767 5. 95.
5768 5. 95.
5769 5. 95.
5770 5. 95.
5771 5. 95.
5772 5. 95.
5773 5. 95.
5774 5. 95.
5775 5. 95.
5776 5. 95.
5777 5. 95.
5778 5. 95.
5779 5. 95.
5780 5. 95.
5781 5. 95.
5782 5. 95.
5783 5. 95.
5784 5. 95.
5785 5. 95.
5786 5. 95.
5787 5. 95.
5788 5. 95.
5789 5. 95.
5790 5. 95.
5791 5. 95.
5792 5. 95.
5793 5. 95.
5794 5. 95.
5795 5. 95.
5796 5. 95.
5797 5. 95.
5798 5. 95.
5799 5. 95.
5800 5. 95.
5801 5. 95.
5802 5. 95.
5803 5. 95.
5804 5. 95.
5805 5. 95.
5806 5. 95.
5807 5. 95.
5808 5. 95.
5809 5. 95.
5810 5. 95.
5811 5. 95.
5812 5. 95.
5813 5. 95.
5814 5. 95.
5815 5. 95.
5816 5. 95.
5817 5. 95.
5818 5. 95.
5819 5. 95.
5820 5. 95.
5821 5. 95.
5822 5. 95.
5823 5. 95.
5824 5. 95.
5825 5. 95.
5826 5. 95.
5827 5. 95.
5828 5. 95.
5829 5. 95.
5830 5. 95.
5831 5. 95.
5832 5. 95.
5833 5. 95.
5834 5. 95.
5835 5. 95.
5836 5. 95.
5837 5. 95.
5838 5. 95.
5839 5. 95.
5840 5. 95.
5841 5. 95.
5842 5. 95.
5843 5. 95.
5844 5. 95.
5845 5. 95.
5846 5. 95.
5847 5. 95.
5848 5. 95.
5849 5. 95.
5850 5. 95.
5851 5. 95.
5852 5. 95.
5853 5. 95.
5854 5. 95.
5855 5. 95.
5856 5. 95.
5857 5. 95.
5858 5. 95.
5859 5. 95.
5860 5. 95.
5861 5. 95.
5862 5. 95.
5863 5. 95.
5864 5. 95.
5865 5. 95.
5866 5. 95.
5867 5. 95.
5868 5. 95.
5869 5. 95.
5870 5. 95.
5871 5. 95.
5872 5. 95.
5873 5. 95.
5874 5. 95.
5875 5. 95.
5876 4. 96.
5877 4. 96.
5878 4. 96.
5879 4. 96.
5880 4. 96.
5881 4. 96.
5882 4. 96.
5883 4. 96.
5884 4. 96.
5885 4. 96.
5886 4. 96.
5887 4. 96.
5888 4. 96.
5889 4. 96.
5890 4. 96.
5891 4. 96.
5892 4. 96.
5893 4. 96.
5894 4. 96.
5895 4. 96.
5896 4. 96.
5897 4. 96.
5898 4. 96.
5899 4. 96.
5900 4. 96.
5901 4. 96.
5902 4. 96.
5903 4. 96.
5904 4. 96.
5905 4. 96.
5906 3. 97.
5907 3. 97.
5908 3. 97.
5909 3. 97.
5910 3. 97.
5911 3. 97.
5912 3. 97.
5913 3. 97.
5914 3. 97.
5915 3. 97.
5916 3. 97.
5917 3. 97.
5918 3. 97.
5919 2. 98.
5920 2. 98.
5921 2. 98.
5922 2. 98.
5923 2. 98.
5924 2. 98.
5925 2. 98.
5926 2. 98.
5927 2. 98.
5928 2. 98.
5929 2. 98.
5930 2. 98.
5931 2. 98.
5932 2. 98.
5933 2. 98.
5934 2. 98.
5935 2. 98.
5936 2. 98.
5937 2. 98.
5938 2. 98.
5939 3. 97.
5940 3. 97.
5941 3. 97.
5942 3. 97.
5943 3. 97.
5944 3. 97.
5945 3. 97.
5946 3. 97.
5947 3. 97.
5948 3. 97.
5949 3. 97.
5950 3. 97.
5951 3. 97.
5952 3. 97.
5953 3. 97.
5954 3. 97.
5955 3. 97.
5956 3. 97.
5957 3. 97.
5958 3. 97.
5959 3. 97.
5960 3. 97.
5961 3. 97.
5962 3. 97.
5963 3. 97.
5964 3. 97.
5965 3. 97.
5966 3. 97.
5967 3. 97.
5968 4. 96.
5969 4. 96.
5970 4. 96.
5971 4. 96.
5972 4. 96.
5973 4. 96.
5974 4. 96.
5975 4. 96.
5976 4. 96.
5977 4. 96.
5978 4. 96.
5979 4. 96.
5980 4. 96.
5981 4. 96.
5982 4. 96.
5983 4. 96.
5984 4. 96.
5985 4. 96.
5986 4. 96.
5987 4. 96.
5988 4. 96.
5989 4. 96.
5990 4. 96.
5991 4. 96.
5992 4. 96.
5993 4. 96.
5994 4. 96.
5995 5. 95.
5996 5. 95.
5997 5. 95.
5998 5. 95.
5999 5. 95.
6000 5. 95.
6001 5. 95.
6002 5. 95.
6003 5. 95.
6004 5. 95.
6005 5. 95.
6006 5. 95.
6007 5. 95.
6008 5. 95.
6009 5. 95.
6010 5. 95.
6011 5. 95.
6012 5. 95.
6013 5. 95.
6014 5. 95.
6015 5. 95.
6016 5. 95.
6017 5. 95.
6018 5. 95.
6019 5. 95.
6020 5. 95.
6021 5. 95.
6022 5. 95.
6023 5. 95.
6024 5. 95.
6025 5. 95.
6026 5. 95.
6027 5. 95.
6028 5. 95.
6029 5. 95.
6030 5. 95.
6031 5. 95.
6032 5. 95.
6033 5. 95.
6034 5. 95.
6035 5. 95.
6036 5. 95.
6037 5. 95.
6038 5. 95.
6039 4. 96.
6040 4. 96.
6041 4. 96.
6042 4. 96.
6043 4. 96.
6044 4. 96.
6045 4. 96.
6046 4. 96.
6047 4. 96.
6048 4. 96.
6049 4. 96.
6050 4. 96.
6051 3. 97.
6052 3. 97.
6053 3. 97.
6054 3. 97.
6055 3. 97.
6056 3. 97.
6057 3. 97.
6058 3. 97.
6059 3. 97.
6060 3. 97.
6061 3. 97.
6062 3. 97.
6063 3. 97.
6064 3. 97.
6065 3. 97.
6066 3. 97.
6067 3. 97.
6068 3. 97.
6069 3. 97.
6070 3. 97.
6071 3. 97.
6072 3. 97.
6073 3. 97.
6074 3. 97.
6075 3. 97.
6076 3. 97.
6077 3. 97.
6078 3. 97.
6079 3. 97.
6080 3. 97.
6081 3. 97.
6082 3. 97.
6083 3. 97.
6084 3. 97.
6085 3. 97.
6086 3. 97.
6087 3. 97.
6088 3. 97.
6089 3. 97.
6090 3. 97.
6091 3. 97.
6092 3. 97.
6093 3. 97.
6094 3. 97.
6095 3. 97.
6096 3. 97.
6097 3. 97.
6098 3. 97.
6099 3. 97.
6100 3. 97.
6101 3. 97.
6102 3. 97.
6103 3. 97.
6104 3. 97.
6105 3. 97.
6106 3. 97.
6107 3. 97.
6108 3. 97.
6109 3. 97.
6110 3. 97.
6111 3. 97.
6112 3. 97.
6113 3. 97.
6114 3. 97.
6115 2. 98.
6116 2. 98.
6117 2. 98.
6118 2. 98.
6119 2. 98.
6120 2. 98.
6121 2. 98.
6122 2. 98.
6123 2. 98.
6124 2. 98.
6125 2. 98.
6126 2. 98.
6127 2. 98.
6128 2. 98.
6129 2. 98.
6130 2. 98.
6131 2. 98.
6132 1. 99.
6133 1. 99.
6134 1. 99.
6135 1. 99.
6136 1. 99.
6137 1. 99.
6138 1. 99.
6139 2. 98.
6140 2. 98.
6141 2. 98.
6142 2. 98.
6143 2. 98.
6144 2. 98.
6145 2. 98.
6146 2. 98.
6147 2. 98.
6148 2. 98.
6149 2. 98.
6150 2. 98.
6151 2. 98.
6152 2. 98.
6153 3. 97.
6154 3. 97.
6155 3. 97.
6156 3. 97.
6157 3. 97.
6158 3. 97.
6159 3. 97.
6160 3. 97.
6161 3. 97.
6162 3. 97.
6163 3. 97.
6164 3. 97.
6165 3. 97.
6166 3. 97.
6167 3. 97.
6168 3. 97.
6169 3. 97.
6170 3. 97.
6171 3. 97.
6172 3. 97.
6173 3. 97.
6174 3. 97.
6175 3. 97.
6176 3. 97.
6177 3. 97.
6178 3. 97.
6179 3. 97.
6180 3. 97.
6181 3. 97.
6182 3. 97.
6183 3. 97.
6184 3. 97.
6185 3. 97.
6186 3. 97.
6187 3. 97.
6188 3. 97.
6189 3. 97.
6190 3. 97.
6191 3. 97.
6192 3. 97.
6193 3. 97.
6194 3. 97.
6195 3. 97.
6196 3. 97.
6197 3. 97.
6198 3. 97.
6199 3. 97.
6200 3. 97.
6201 3. 97.
6202 3. 97.
6203 3. 97.
6204 3. 97.
6205 3. 97.
6206 3. 97.
6207 3. 97.
6208 3. 97.
6209 3. 97.
6210 3. 97.
6211 3. 97.
6212 3. 97.
6213 3. 97.
6214 3. 97.
6215 3. 97.
6216 3. 97.
6217 3. 97.
6218 3. 97.
6219 3. 97.
6220 3. 97.
6221 3. 97.
6222 3. 97.
6223 3. 97.
6224 3. 97.
6225 3. 97.
6226 3. 97.
6227 3. 97.
6228 3. 97.
6229 3. 97.
6230 3. 97.
6231 3. 97.
6232 3. 97.
6233 3. 97.
6234 3. 97.
6235 3. 97.
6236 3. 97.
6237 3. 97.
6238 3. 97.
6239 3. 97.
6240 3. 97.
6241 3. 97.
6242 3. 97.
6243 3. 97.
6244 3. 97.
6245 3. 97.
6246 3. 97.
6247 3. 97.
6248 3. 97.
6249 3. 97.
6250 3. 97.
6251 3. 97.
6252 3. 97.
6253 3. 97.
6254 3. 97.
6255 3. 97.
6256 3. 97.
6257 3. 97.
6258 3. 97.
6259 3. 97.
6260 3. 97.
6261 3. 97.
6262 3. 97.
6263 3. 97.
6264 3. 97.
6265 3. 97.
6266 3. 97.
6267 3. 97.
6268 3. 97.
6269 3. 97.
6270 3. 97.
6271 3. 97.
6272 3. 97.
6273 3. 97.
6274 3. 97.
6275 3. 97.
6276 3. 97.
6277 3. 97.
6278 3. 97.
6279 3. 97.
6280 3. 97.
6281 3. 97.
6282 3. 97.
6283 3. 97.
6284 3. 97.
6285 3. 97.
6286 2. 98.
6287 2. 98.
6288 2. 98.
6289 2. 98.
6290 2. 98.
6291 2. 98.
6292 2. 98.
6293 2. 98.
6294 2. 98.
6295 2. 98.
6296 2. 98.
6297 2. 98.
6298 2. 98.
6299 2. 98.
6300 2. 98.
6301 2. 98.
6302 2. 98.
6303 2. 98.
6304 2. 98.
6305 2. 98.
6306 2. 98.
6307 2. 98.
6308 2. 98.
6309 2. 98.
6310 2. 98.
6311 2. 98.
6312 2. 98.
6313 2. 98.
6314 2. 98.
6315 2. 98.
6316 2. 98.
6317 2. 98.
6318 2. 98.
6319 2. 98.
6320 2. 98.
6321 2. 98.
6322 2. 98.
6323 2. 98.
6324 2. 98.
6325 2. 98.
6326 2. 98.
6327 2. 98.
6328 3. 97.
6329 3. 97.
6330 3. 97.
6331 3. 97.
6332 3. 97.
6333 3. 97.
6334 3. 97.
6335 3. 97.
6336 3. 97.
6337 3. 97.
6338 3. 97.
6339 3. 97.
6340 3. 97.
6341 3. 97.
6342 3. 97.
6343 3. 97.
6344 3. 97.
6345 3. 97.
6346 3. 97.
6347 3. 97.
6348 3. 97.
6349 3. 97.
6350 3. 97.
6351 3. 97.
6352 3. 97.
6353 3. 97.
6354 4. 96.
6355 4. 96.
6356 4. 96.
6357 3. 97.
6358 3. 97.
6359 3. 97.
6360 3. 97.
6361 3. 97.
6362 3. 97.
6363 3. 97.
6364 3. 97.
6365 3. 97.
6366 3. 97.
6367 3. 97.
6368 3. 97.
6369 3. 97.
6370 3. 97.
6371 3. 97.
6372 3. 97.
6373 3. 97.
6374 3. 97.
6375 3. 97.
6376 3. 97.
6377 3. 97.
6378 3. 97.
6379 3. 97.
6380 3. 97.
6381 3. 97.
6382 3. 97.
6383 3. 97.
6384 3. 97.
6385 3. 97.
6386 3. 97.
6387 3. 97.
6388 3. 97.
6389 3. 97.
6390 3. 97.
6391 3. 97.
6392 3. 97.
6393 3. 97.
6394 2. 98.
6395 2. 98.
6396 2. 98.
6397 2. 98.
6398 2. 98.
6399 2. 98.
6400 2. 98.
6401 2. 98.
6402 2. 98.
6403 2. 98.
6404 2. 98.
6405 2. 98.
6406 2. 98.
6407 2. 98.
6408 2. 98.
6409 2. 98.
6410 2. 98.
6411 2. 98.
6412 2. 98.
6413 2. 98.
6414 2. 98.
6415 2. 98.
6416 2. 98.
6417 2. 98.
6418 2. 98.
6419 2. 98.
6420 2. 98.
6421 2. 98.
6422 2. 98.
6423 2. 98.
6424 2. 98.
6425 2. 98.
6426 2. 98.
6427 2. 98.
6428 2. 98.
6429 2. 98.
6430 2. 98.
6431 2. 98.
6432 2. 98.
6433 2. 98.
6434 2. 98.
6435 2. 98.
6436 2. 98.
6437 2. 98.
6438 2. 98.
6439 2. 98.
6440 2. 98.
6441 2. 98.
6442 2. 98.
6443 2. 98.
6444 2. 98.
6445 2. 98.
6446 2. 98.
6447 2. 98.
6448 2. 98.
6449 2. 98.
6450 2. 98.
6451 2. 98.
6452 2. 98.
6453 2. 98.
6454 2. 98.
6455 2. 98.
6456 2. 98.
6457 2. 98.
6458 2. 98.
6459 2. 98.
6460 2. 98.
6461 2. 98.
6462 2. 98.
6463 2. 98.
6464 2. 98.
6465 2. 98.
6466 2. 98.
6467 2. 98.
6468 2. 98.
6469 2. 98.
6470 2. 98.
6471 2. 98.
6472 2. 98.
6473 2. 98.
6474 2. 98.
6475 2. 98.
6476 2. 98.
6477 2. 98.
6478 2. 98.
6479 2. 98.
6480 2. 98.
6481 2. 98.
6482 2. 98.
6483 2. 98.
6484 2. 98.
6485 2. 98.
6486 2. 98.
6487 2. 98.
6488 2. 98.
6489 2. 98.
6490 2. 98.
6491 2. 98.
6492 2. 98.
6493 2. 98.
6494 2. 98.
6495 2. 98.
6496 2. 98.
6497 2. 98.
6498 2. 98.
6499 2. 98.
6500 2. 98.
6501 2. 98.
6502 2. 98.
6503 2. 98.
6504 2. 98.
6505 2. 98.
6506 2. 98.
6507 2. 98.
6508 2. 98.
6509 2. 98.
6510 2. 98.
6511 2. 98.
6512 2. 98.
6513 2. 98.
6514 2. 98.
6515 2. 98.
6516 2. 98.
6517 2. 98.
6518 2. 98.
6519 2. 98.
6520 2. 98.
6521 2. 98.
6522 2. 98.
6523 2. 98.
6524 2. 98.
6525 2. 98.
6526 2. 98.
6527 3. 97.
6528 3. 97.
6529 3. 97.
6530 3. 97.
6531 3. 97.
6532 3. 97.
6533 3. 97.
6534 3. 97.
6535 3. 97.
6536 3. 97.
6537 3. 97.
6538 3. 97.
6539 3. 97.
6540 3. 97.
6541 3. 97.
6542 3. 97.
6543 3. 97.
6544 3. 97.
6545 3. 97.
6546 2. 98.
6547 2. 98.
6548 2. 98.
6549 2. 98.
6550 2. 98.
6551 2. 98.
6552 2. 98.
6553 2. 98.
6554 2. 98.
6555 2. 98.
6556 2. 98.
6557 2. 98.
6558 2. 98.
6559 2. 98.
6560 2. 98.
6561 2. 98.
6562 2. 98.
6563 2. 98.
6564 2. 98.
6565 2. 98.
6566 2. 98.
6567 3. 97.
6568 3. 97.
6569 3. 97.
6570 3. 97.
6571 3. 97.
6572 3. 97.
6573 3. 97.
6574 3. 97.
6575 3. 97.
6576 3. 97.
6577 3. 97.
6578 3. 97.
6579 3. 97.
6580 3. 97.
6581 3. 97.
6582 3. 97.
6583 3. 97.
6584 3. 97.
6585 3. 97.
6586 3. 97.
6587 3. 97.
6588 3. 97.
6589 3. 97.
6590 3. 97.
6591 3. 97.
6592 3. 97.
6593 3. 97.
6594 3. 97.
6595 3. 97.
6596 3. 97.
6597 3. 97.
6598 3. 97.
6599 3. 97.
6600 3. 97.
6601 3. 97.
6602 3. 97.
6603 3. 97.
6604 3. 97.
6605 3. 97.
6606 3. 97.
6607 3. 97.
6608 3. 97.
6609 3. 97.
6610 3. 97.
6611 3. 97.
6612 3. 97.
6613 3. 97.
6614 3. 97.
6615 3. 97.
6616 3. 97.
6617 3. 97.
6618 3. 97.
6619 3. 97.
6620 3. 97.
6621 3. 97.
6622 3. 97.
6623 3. 97.
6624 3. 97.
6625 3. 97.
6626 3. 97.
6627 3. 97.
6628 2. 98.
6629 3. 97.
6630 3. 97.
6631 3. 97.
6632 4. 96.
6633 4. 96.
6634 4. 96.
6635 4. 96.
6636 4. 96.
6637 4. 96.
6638 4. 96.
6639 4. 96.
6640 5. 95.
6641 5. 95.
6642 5. 95.
6643 5. 95.
6644 5. 95.
6645 5. 95.
6646 5. 95.
6647 5. 95.
6648 5. 95.
6649 5. 95.
6650 5. 95.
6651 5. 95.
6652 5. 95.
6653 5. 95.
6654 5. 95.
6655 5. 95.
6656 5. 95.
6657 5. 95.
6658 5. 95.
6659 5. 95.
6660 5. 95.
6661 5. 95.
6662 5. 95.
6663 5. 95.
6664 5. 95.
6665 5. 95.
6666 5. 95.
6667 5. 95.
6668 5. 95.
6669 5. 95.
6670 5. 95.
6671 5. 95.
6672 5. 95.
6673 5. 95.
6674 5. 95.
6675 5. 95.
6676 5. 95.
6677 5. 95.
6678 5. 95.
6679 5. 95.
6680 6. 94.
6681 6. 94.
6682 6. 94.
6683 6. 94.
6684 6. 94.
6685 6. 94.
6686 6. 94.
6687 6. 94.
6688 6. 94.
6689 6. 94.
6690 6. 94.
6691 6. 94.
6692 6. 94.
6693 6. 94.
6694 6. 94.
6695 6. 94.
6696 6. 94.
6697 6. 94.
6698 6. 94.
6699 6. 94.
6700 6. 94.
6701 6. 94.
6702 6. 94.
6703 6. 94.
6704 6. 94.
6705 6. 94.
6706 6. 94.
6707 6. 94.
6708 6. 94.
6709 6. 94.
6710 6. 94.
6711 6. 94.
6712 6. 94.
6713 6. 94.
6714 6. 94.
6715 6. 94.
6716 6. 94.
6717 6. 94.
6718 6. 94.
6719 6. 94.
6720 6. 94.
6721 6. 94.
6722 6. 94.
6723 6. 94.
6724 6. 94.
6725 6. 94.
6726 6. 94.
6727 6. 94.
6728 6. 94.
6729 6. 94.
6730 6. 94.
6731 6. 94.
6732 7. 93.
6733 7. 93.
6734 7. 93.
6735 7. 93.
6736 7. 93.
6737 7. 93.
6738 7. 93.
6739 7. 93.
6740 7. 93.
6741 7. 93.
6742 7. 93.
6743 7. 93.
6744 7. 93.
6745 7. 93.
6746 7. 93.
6747 7. 93.
6748 7. 93.
6749 7. 93.
6750 7. 93.
6751 7. 93.
6752 7. 93.
6753 7. 93.
6754 7. 93.
6755 7. 93.
6756 7. 93.
6757 7. 93.
6758 7. 93.
6759 7. 93.
6760 7. 93.
6761 7. 93.
6762 7. 93.
6763 7. 93.
6764 7. 93.
6765 7. 93.
6766 7. 93.
6767 7. 93.
6768 7. 93.
6769 7. 93.
6770 7. 93.
6771 7. 93.
6772 7. 93.
6773 7. 93.
6774 7. 93.
6775 7. 93.
6776 7. 93.
6777 7. 93.
6778 7. 93.
6779 7. 93.
6780 7. 93.
6781 7. 93.
6782 7. 93.
6783 7. 93.
6784 7. 93.
6785 7. 93.
6786 7. 93.
6787 7. 93.
6788 7. 93.
6789 7. 93.
6790 7. 93.
6791 7. 93.
6792 7. 93.
6793 7. 93.
6794 7. 93.
6795 7. 93.
6796 7. 93.
6797 7. 93.
6798 7. 93.
6799 7. 93.
6800 7. 93.
6801 7. 93.
6802 7. 93.
6803 7. 93.
6804 7. 93.
6805 7. 93.
6806 7. 93.
6807 7. 93.
6808 7. 93.
6809 7. 93.
6810 7. 93.
6811 7. 93.
6812 7. 93.
6813 6. 94.
6814 6. 94.
6815 6. 94.
6816 6. 94.
6817 6. 94.
6818 6. 94.
6819 6. 94.
6820 6. 94.
6821 6. 94.
6822 6. 94.
6823 6. 94.
6824 6. 94.
6825 6. 94.
6826 6. 94.
6827 6. 94.
6828 6. 94.
6829 6. 94.
6830 6. 94.
6831 6. 94.
6832 7. 93.
6833 7. 93.
6834 7. 93.
6835 8. 92.
6836 8. 92.
6837 8. 92.
6838 8. 92.
6839 8. 92.
6840 8. 92.
6841 7. 93.
6842 7. 93.
6843 7. 93.
6844 7. 93.
6845 7. 93.
6846 7. 93.
6847 7. 93.
6848 7. 93.
6849 7. 93.
6850 7. 93.
6851 7. 93.
6852 7. 93.
6853 7. 93.
6854 7. 93.
6855 7. 93.
6856 7. 93.
6857 7. 93.
6858 7. 93.
6859 7. 93.
6860 7. 93.
6861 8. 92.
6862 8. 92.
6863 8. 92.
6864 8. 92.
6865 8. 92.
6866 7. 93.
6867 7. 93.
6868 7. 93.
6869 7. 93.
6870 7. 93.
6871 7. 93.
6872 7. 93.
6873 7. 93.
6874 7. 93.
6875 7. 93.
6876 7. 93.
6877 7. 93.
6878 7. 93.
6879 7. 93.
6880 7. 93.
6881 7. 93.
6882 7. 93.
6883 7. 93.
6884 7. 93.
6885 7. 93.
6886 7. 93.
6887 7. 93.
6888 7. 93.
6889 7. 93.
6890 7. 93.
6891 7. 93.
6892 7. 93.
6893 7. 93.
6894 7. 93.
6895 7. 93.
6896 7. 93.
6897 7. 93.
6898 7. 93.
6899 7. 93.
6900 7. 93.
6901 7. 93.
6902 7. 93.
6903 7. 93.
6904 7. 93.
6905 7. 93.
6906 7. 93.
6907 7. 93.
6908 7. 93.
6909 7. 93.
6910 7. 93.
6911 7. 93.
6912 7. 93.
6913 7. 93.
6914 7. 93.
6915 7. 93.
6916 7. 93.
6917 7. 93.
6918 7. 93.
6919 7. 93.
6920 7. 93.
6921 7. 93.
6922 7. 93.
6923 7. 93.
6924 7. 93.
6925 7. 93.
6926 7. 93.
6927 7. 93.
6928 7. 93.
6929 7. 93.
6930 7. 93.
6931 7. 93.
6932 7. 93.
6933 7. 93.
6934 7. 93.
6935 7. 93.
6936 7. 93.
6937 7. 93.
6938 7. 93.
6939 7. 93.
6940 7. 93.
6941 7. 93.
6942 7. 93.
6943 7. 93.
6944 7. 93.
6945 7. 93.
6946 6. 94.
6947 6. 94.
6948 6. 94.
6949 6. 94.
6950 6. 94.
6951 6. 94.
6952 6. 94.
6953 6. 94.
6954 6. 94.
6955 6. 94.
6956 6. 94.
6957 6. 94.
6958 6. 94.
6959 6. 94.
6960 6. 94.
6961 6. 94.
6962 6. 94.
6963 6. 94.
6964 6. 94.
6965 6. 94.
6966 6. 94.
6967 6. 94.
6968 6. 94.
6969 6. 94.
6970 6. 94.
6971 6. 94.
6972 6. 94.
6973 6. 94.
6974 6. 94.
6975 6. 94.
6976 6. 94.
6977 6. 94.
6978 6. 94.
6979 6. 94.
6980 6. 94.
6981 6. 94.
6982 6. 94.
6983 6. 94.
6984 6. 94.
6985 6. 94.
6986 6. 94.
6987 6. 94.
6988 6. 94.
6989 6. 94.
6990 6. 94.
6991 6. 94.
6992 6. 94.
6993 6. 94.
6994 6. 94.
6995 6. 94.
6996 6. 94.
6997 6. 94.
6998 6. 94.
6999 5. 95.
7000 5. 95.
7001 5. 95.
7002 5. 95.
7003 5. 95.
7004 5. 95.
7005 5. 95.
7006 5. 95.
7007 5. 95.
7008 4. 96.
7009 4. 96.
7010 4. 96.
7011 4. 96.
7012 4. 96.
7013 4. 96.
7014 4. 96.
7015 4. 96.
7016 4. 96.
7017 4. 96.
7018 4. 96.
7019 4. 96.
7020 4. 96.
7021 4. 96.
7022 4. 96.
7023 4. 96.
7024 4. 96.
7025 4. 96.
7026 4. 96.
7027 4. 96.
7028 4. 96.
7029 4. 96.
7030 4. 96.
7031 4. 96.
7032 4. 96.
7033 4. 96.
7034 4. 96.
7035 4. 96.
7036 4. 96.
7037 4. 96.
7038 4. 96.
7039 4. 96.
7040 4. 96.
7041 4. 96.
7042 4. 96.
7043 4. 96.
7044 4. 96.
7045 4. 96.
7046 4. 96.
7047 4. 96.
7048 4. 96.
7049 4. 96.
7050 4. 96.
7051 4. 96.
7052 4. 96.
7053 4. 96.
7054 4. 96.
7055 4. 96.
7056 4. 96.
7057 4. 96.
7058 4. 96.
7059 4. 96.
7060 4. 96.
7061 4. 96.
7062 4. 96.
7063 4. 96.
7064 4. 96.
7065 4. 96.
7066 4. 96.
7067 4. 96.
7068 4. 96.
7069 4. 96.
7070 4. 96.
7071 4. 96.
7072 4. 96.
7073 4. 96.
7074 4. 96.
7075 4. 96.
7076 4. 96.
7077 4. 96.
7078 4. 96.
7079 4. 96.
7080 4. 96.
7081 4. 96.
7082 4. 96.
7083 4. 96.
7084 4. 96.
7085 4. 96.
7086 4. 96.
7087 4. 96.
7088 3. 97.
7089 3. 97.
7090 3. 97.
7091 3. 97.
7092 3. 97.
7093 3. 97.
7094 3. 97.
7095 3. 97.
7096 3. 97.
7097 3. 97.
7098 3. 97.
7099 3. 97.
7100 3. 97.
7101 3. 97.
7102 3. 97.
7103 3. 97.
7104 3. 97.
7105 3. 97.
7106 3. 97.
7107 3. 97.
7108 3. 97.
7109 3. 97.
7110 3. 97.
7111 3. 97.
7112 3. 97.
7113 3. 97.
7114 3. 97.
7115 3. 97.
7116 3. 97.
7117 3. 97.
7118 3. 97.
7119 3. 97.
7120 3. 97.
7121 3. 97.
7122 3. 97.
7123 3. 97.
7124 3. 97.
7125 3. 97.
7126 3. 97.
7127 3. 97.
7128 3. 97.
7129 3. 97.
7130 3. 97.
7131 2. 98.
7132 2. 98.
7133 2. 98.
7134 2. 98.
7135 2. 98.
7136 2. 98.
7137 2. 98.
7138 2. 98.
7139 2. 98.
7140 2. 98.
7141 2. 98.
7142 2. 98.
7143 2. 98.
7144 2. 98.
7145 2. 98.
7146 2. 98.
7147 2. 98.
7148 2. 98.
7149 2. 98.
7150 2. 98.
7151 2. 98.
7152 2. 98.
7153 2. 98.
7154 2. 98.
7155 2. 98.
7156 2. 98.
7157 2. 98.
7158 2. 98.
7159 2. 98.
7160 2. 98.
7161 2. 98.
7162 2. 98.
7163 2. 98.
7164 2. 98.
7165 2. 98.
7166 2. 98.
7167 2. 98.
7168 2. 98.
7169 2. 98.
7170 2. 98.
7171 2. 98.
7172 2. 98.
7173 2. 98.
7174 2. 98.
7175 2. 98.
7176 3. 97.
7177 3. 97.
7178 2. 98.
7179 2. 98.
7180 2. 98.
7181 2. 98.
7182 2. 98.
7183 2. 98.
7184 2. 98.
7185 2. 98.
7186 2. 98.
7187 2. 98.
7188 2. 98.
7189 2. 98.
7190 2. 98.
7191 2. 98.
7192 2. 98.
7193 2. 98.
7194 2. 98.
7195 2. 98.
7196 2. 98.
7197 2. 98.
7198 2. 98.
7199 2. 98.
7200 2. 98.
7201 2. 98.
7202 2. 98.
7203 2. 98.
7204 2. 98.
7205 2. 98.
7206 2. 98.
7207 2. 98.
7208 2. 98.
7209 2. 98.
7210 2. 98.
7211 2. 98.
7212 2. 98.
7213 1. 99.
7214 1. 99.
7215 1. 99.
7216 1. 99.
7217 1. 99.
7218 1. 99.
7219 1. 99.
7220 1. 99.
7221 1. 99.
7222 1. 99.
7223 1. 99.
7224 1. 99.
7225 1. 99.
7226 1. 99.
7227 1. 99.
