0 25. 75.
1 25. 75.
2 26. 74.
3 26. 74.
4 27. 73.
5 27. 73.
6 27. 73.
7 27. 73.
8 26. 74.
9 26. 74.
10 26. 74.
11 26. 74.
12 25. 75.
13 25. 75.
14 25. 75.
15 26. 74.
16 26. 74.
17 27. 73.
18 27. 73.
19 27. 73.
20 28. 72.
21 29. 71.
22 29. 71.
23 29. 71.
24 29. 71.
25 30. 70.
26 30. 70.
27 31. 69.
28 30. 70.
29 30. 70.
30 30. 70.
31 31. 69.
32 32. 68.
33 33. 67.
34 33. 67.
35 33. 67.
36 33. 67.
37 33. 67.
38 33. 67.
39 33. 67.
40 33. 67.
41 32. 68.
42 32. 68.
43 32. 68.
44 32. 68.
45 32. 68.
46 32. 68.
47 32. 68.
48 32. 68.
49 31. 69.
50 31. 69.
51 31. 69.
52 31. 69.
53 31. 69.
54 32. 68.
55 32. 68.
56 32. 68.
57 31. 69.
58 32. 68.
59 33. 67.
60 33. 67.
61 33. 67.
62 33. 67.
63 32. 68.
64 32. 68.
65 33. 67.
66 33. 67.
67 33. 67.
68 33. 67.
69 33. 67.
70 33. 67.
71 32. 68.
72 32. 68.
73 32. 68.
74 32. 68.
75 32. 68.
76 32. 68.
77 31. 69.
78 31. 69.
79 32. 68.
80 32. 68.
81 32. 68.
82 33. 67.
83 32. 68.
84 32. 68.
85 32. 68.
86 32. 68.
87 33. 67.
88 33. 67.
89 32. 68.
90 32. 68.
91 32. 68.
92 33. 67.
93 33. 67.
94 33. 67.
95 32. 68.
96 31. 69.
97 31. 69.
98 30. 70.
99 30. 70.
100 31. 69.
101 32. 68.
102 32. 68.
103 32. 68.
104 32. 68.
105 31. 69.
106 31. 69.
107 31. 69.
108 31. 69.
109 31. 69.
110 30. 70.
111 30. 70.
112 30. 70.
113 30. 70.
114 31. 69.
115 32. 68.
116 32. 68.
117 32. 68.
118 31. 69.
119 32. 68.
120 32. 68.
121 32. 68.
122 32. 68.
123 33. 67.
124 33. 67.
125 33. 67.
126 33. 67.
127 33. 67.
128 32. 68.
129 32. 68.
130 32. 68.
131 32. 68.
132 32. 68.
133 32. 68.
134 32. 68.
135 32. 68.
136 32. 68.
137 33. 67.
138 33. 67.
139 33. 67.
140 33. 67.
141 33. 67.
142 33. 67.
143 33. 67.
144 33. 67.
145 33. 67.
146 32. 68.
147 32. 68.
148 32. 68.
149 32. 68.
150 32. 68.
151 32. 68.
152 33. 67.
153 33. 67.
154 32. 68.
155 31. 69.
156 31. 69.
157 31. 69.
158 31. 69.
159 31. 69.
160 31. 69.
161 31. 69.
162 30. 70.
163 30. 70.
164 30. 70.
165 31. 69.
166 31. 69.
167 31. 69.
168 31. 69.
169 32. 68.
170 32. 68.
171 32. 68.
172 32. 68.
173 32. 68.
174 32. 68.
175 32. 68.
176 32. 68.
177 32. 68.
178 32. 68.
179 33. 67.
180 34. 66.
181 34. 66.
182 35. 65.
183 35. 65.
184 35. 65.
185 35. 65.
186 35. 65.
187 35. 65.
188 36. 64.
189 36. 64.
190 36. 64.
191 36. 64.
192 36. 64.
193 36. 64.
194 36. 64.
195 36. 64.
196 36. 64.
197 36. 64.
198 37. 63.
199 37. 63.
200 36. 64.
201 37. 63.
202 37. 63.
203 38. 62.
204 39. 61.
205 39. 61.
206 39. 61.
207 39. 61.
208 38. 62.
209 39. 61.
210 39. 61.
211 39. 61.
212 40. 60.
213 40. 60.
214 40. 60.
215 40. 60.
216 40. 60.
217 40. 60.
218 40. 60.
219 40. 60.
220 40. 60.
221 40. 60.
222 40. 60.
223 40. 60.
224 40. 60.
225 39. 61.
226 39. 61.
227 38. 62.
228 38. 62.
229 38. 62.
230 39. 61.
231 38. 62.
232 38. 62.
233 38. 62.
234 38. 62.
235 38. 62.
236 39. 61.
237 39. 61.
238 39. 61.
239 40. 60.
240 40. 60.
241 40. 60.
242 41. 59.
243 40. 60.
244 40. 60.
245 40. 60.
246 40. 60.
247 40. 60.
248 40. 60.
249 40. 60.
250 39. 61.
251 39. 61.
252 38. 62.
253 38. 62.
254 39. 61.
255 39. 61.
256 39. 61.
257 39. 61.
258 40. 60.
259 40. 60.
260 40. 60.
261 39. 61.
262 39. 61.
263 39. 61.
264 39. 61.
265 39. 61.
266 39. 61.
267 39. 61.
268 38. 62.
269 38. 62.
270 38. 62.
271 37. 63.
272 38. 62.
273 38. 62.
274 37. 63.
275 37. 63.
276 37. 63.
277 37. 63.
278 36. 64.
279 36. 64.
280 36. 64.
281 35. 65.
282 35. 65.
283 35. 65.
284 35. 65.
285 34. 66.
286 34. 66.
287 34. 66.
288 34. 66.
289 34. 66.
290 35. 65.
291 35. 65.
292 35. 65.
293 34. 66.
294 33. 67.
295 33. 67.
296 33. 67.
297 33. 67.
298 33. 67.
299 32. 68.
300 32. 68.
301 31. 69.
302 31. 69.
303 30. 70.
304 29. 71.
305 29. 71.
306 29. 71.
307 29. 71.
308 29. 71.
309 30. 70.
310 30. 70.
311 30. 70.
312 30. 70.
313 31. 69.
314 31. 69.
315 32. 68.
316 32. 68.
317 32. 68.
318 32. 68.
319 32. 68.
320 31. 69.
321 31. 69.
322 31. 69.
323 31. 69.
324 31. 69.
325 31. 69.
326 31. 69.
327 30. 70.
328 30. 70.
329 30. 70.
330 30. 70.
331 30. 70.
332 30. 70.
333 29. 71.
334 30. 70.
335 30. 70.
336 31. 69.
337 31. 69.
338 31. 69.
339 31. 69.
340 31. 69.
341 31. 69.
342 31. 69.
343 31. 69.
344 31. 69.
345 31. 69.
346 31. 69.
347 31. 69.
348 31. 69.
349 31. 69.
350 31. 69.
351 31. 69.
352 31. 69.
353 32. 68.
354 31. 69.
355 31. 69.
356 31. 69.
357 32. 68.
358 32. 68.
359 32. 68.
360 33. 67.
361 34. 66.
362 34. 66.
363 34. 66.
364 34. 66.
365 35. 65.
366 35. 65.
367 35. 65.
368 35. 65.
369 35. 65.
370 35. 65.
371 34. 66.
372 34. 66.
373 34. 66.
374 34. 66.
375 34. 66.
376 35. 65.
377 35. 65.
378 35. 65.
379 35. 65.
380 35. 65.
381 35. 65.
382 36. 64.
383 36. 64.
384 36. 64.
385 35. 65.
386 35. 65.
387 34. 66.
388 34. 66.
389 33. 67.
390 33. 67.
391 33. 67.
392 33. 67.
393 34. 66.
394 34. 66.
395 34. 66.
396 33. 67.
397 33. 67.
398 34. 66.
399 34. 66.
400 34. 66.
401 34. 66.
402 33. 67.
403 33. 67.
404 33. 67.
405 34. 66.
406 34. 66.
407 34. 66.
408 34. 66.
409 34. 66.
410 34. 66.
411 34. 66.
412 34. 66.
413 34. 66.
414 34. 66.
415 34. 66.
416 34. 66.
417 34. 66.
418 35. 65.
419 36. 64.
420 36. 64.
421 35. 65.
422 35. 65.
423 36. 64.
424 35. 65.
425 35. 65.
426 35. 65.
427 35. 65.
428 35. 65.
429 35. 65.
430 36. 64.
431 37. 63.
432 37. 63.
433 37. 63.
434 37. 63.
435 37. 63.
436 36. 64.
437 36. 64.
438 36. 64.
439 36. 64.
440 36. 64.
441 36. 64.
442 36. 64.
443 36. 64.
444 35. 65.
445 35. 65.
446 35. 65.
447 35. 65.
448 36. 64.
449 36. 64.
450 35. 65.
451 35. 65.
452 35. 65.
453 35. 65.
454 35. 65.
455 35. 65.
456 35. 65.
457 35. 65.
458 35. 65.
459 35. 65.
460 35. 65.
461 35. 65.
462 34. 66.
463 34. 66.
464 34. 66.
465 34. 66.
466 35. 65.
467 35. 65.
468 35. 65.
469 35. 65.
470 35. 65.
471 35. 65.
472 35. 65.
473 35. 65.
474 35. 65.
475 35. 65.
476 35. 65.
477 35. 65.
478 35. 65.
479 35. 65.
480 35. 65.
481 35. 65.
482 35. 65.
483 34. 66.
484 34. 66.
485 34. 66.
486 34. 66.
487 34. 66.
488 34. 66.
489 34. 66.
490 35. 65.
491 35. 65.
492 35. 65.
493 34. 66.
494 34. 66.
495 34. 66.
496 34. 66.
497 34. 66.
498 34. 66.
499 35. 65.
500 34. 66.
501 35. 65.
502 35. 65.
503 35. 65.
504 35. 65.
505 36. 64.
506 36. 64.
507 36. 64.
508 36. 64.
509 36. 64.
510 36. 64.
511 35. 65.
512 35. 65.
513 35. 65.
514 36. 64.
515 36. 64.
516 37. 63.
517 37. 63.
518 37. 63.
519 38. 62.
520 38. 62.
521 38. 62.
522 38. 62.
523 38. 62.
524 38. 62.
525 38. 62.
526 38. 62.
527 38. 62.
528 37. 63.
529 37. 63.
530 37. 63.
531 37. 63.
532 36. 64.
533 36. 64.
534 36. 64.
535 36. 64.
536 35. 65.
537 35. 65.
538 35. 65.
539 35. 65.
540 35. 65.
541 35. 65.
542 35. 65.
543 35. 65.
544 35. 65.
545 35. 65.
546 35. 65.
547 34. 66.
548 34. 66.
549 34. 66.
550 34. 66.
551 34. 66.
552 34. 66.
553 34. 66.
554 34. 66.
555 34. 66.
556 34. 66.
557 34. 66.
558 34. 66.
559 34. 66.
560 34. 66.
561 33. 67.
562 33. 67.
563 33. 67.
564 33. 67.
565 34. 66.
566 34. 66.
567 34. 66.
568 34. 66.
569 34. 66.
570 34. 66.
571 34. 66.
572 34. 66.
573 34. 66.
574 34. 66.
575 34. 66.
576 34. 66.
577 33. 67.
578 32. 68.
579 33. 67.
580 33. 67.
581 33. 67.
582 33. 67.
583 33. 67.
584 33. 67.
585 32. 68.
586 32. 68.
587 32. 68.
588 33. 67.
589 33. 67.
590 33. 67.
591 33. 67.
592 32. 68.
593 32. 68.
594 32. 68.
595 32. 68.
596 32. 68.
597 32. 68.
598 33. 67.
599 33. 67.
600 33. 67.
601 33. 67.
602 33. 67.
603 33. 67.
604 33. 67.
605 34. 66.
606 34. 66.
607 33. 67.
608 33. 67.
609 33. 67.
610 33. 67.
611 33. 67.
612 32. 68.
613 32. 68.
614 32. 68.
615 32. 68.
616 32. 68.
617 32. 68.
618 32. 68.
619 33. 67.
620 34. 66.
621 34. 66.
622 34. 66.
623 34. 66.
624 35. 65.
625 35. 65.
626 35. 65.
627 35. 65.
628 35. 65.
629 35. 65.
630 35. 65.
631 35. 65.
632 35. 65.
633 35. 65.
634 35. 65.
635 35. 65.
636 35. 65.
637 35. 65.
638 34. 66.
639 34. 66.
640 34. 66.
641 34. 66.
642 34. 66.
643 34. 66.
644 34. 66.
645 34. 66.
646 34. 66.
647 35. 65.
648 35. 65.
649 35. 65.
650 36. 64.
651 35. 65.
652 34. 66.
653 35. 65.
654 35. 65.
655 34. 66.
656 34. 66.
657 34. 66.
658 34. 66.
659 33. 67.
660 33. 67.
661 33. 67.
662 33. 67.
663 33. 67.
664 33. 67.
665 33. 67.
666 33. 67.
667 33. 67.
668 34. 66.
669 34. 66.
670 34. 66.
671 33. 67.
672 33. 67.
673 33. 67.
674 33. 67.
675 33. 67.
676 33. 67.
677 33. 67.
678 33. 67.
679 33. 67.
680 33. 67.
681 34. 66.
682 33. 67.
683 33. 67.
684 33. 67.
685 33. 67.
686 33. 67.
687 32. 68.
688 32. 68.
689 32. 68.
690 32. 68.
691 32. 68.
692 32. 68.
693 32. 68.
694 32. 68.
695 32. 68.
696 32. 68.
697 31. 69.
698 31. 69.
699 32. 68.
700 32. 68.
701 32. 68.
702 32. 68.
703 31. 69.
704 31. 69.
705 31. 69.
706 31. 69.
707 30. 70.
708 30. 70.
709 30. 70.
710 30. 70.
711 30. 70.
712 30. 70.
713 30. 70.
714 30. 70.
715 30. 70.
716 29. 71.
717 29. 71.
718 29. 71.
719 29. 71.
720 29. 71.
721 29. 71.
722 29. 71.
723 29. 71.
724 29. 71.
725 29. 71.
726 28. 72.
727 29. 71.
728 29. 71.
729 29. 71.
730 30. 70.
731 30. 70.
732 30. 70.
733 31. 69.
734 31. 69.
735 31. 69.
736 31. 69.
737 31. 69.
738 32. 68.
739 31. 69.
740 31. 69.
741 31. 69.
742 30. 70.
743 30. 70.
744 30. 70.
745 30. 70.
746 30. 70.
747 30. 70.
748 30. 70.
749 30. 70.
750 30. 70.
751 29. 71.
752 29. 71.
753 29. 71.
754 29. 71.
755 29. 71.
756 29. 71.
757 29. 71.
758 29. 71.
759 29. 71.
760 30. 70.
761 30. 70.
762 30. 70.
763 30. 70.
764 30. 70.
765 30. 70.
766 30. 70.
767 30. 70.
768 30. 70.
769 29. 71.
770 29. 71.
771 29. 71.
772 29. 71.
773 29. 71.
774 29. 71.
775 29. 71.
776 29. 71.
777 28. 72.
778 28. 72.
779 28. 72.
780 28. 72.
781 28. 72.
782 28. 72.
783 28. 72.
784 29. 71.
785 29. 71.
786 29. 71.
787 29. 71.
788 28. 72.
789 28. 72.
790 28. 72.
791 27. 73.
792 27. 73.
793 27. 73.
794 27. 73.
795 26. 74.
796 26. 74.
797 26. 74.
798 26. 74.
799 25. 75.
800 26. 74.
801 26. 74.
802 26. 74.
803 26. 74.
804 26. 74.
805 26. 74.
806 26. 74.
807 26. 74.
808 26. 74.
809 26. 74.
810 26. 74.
811 27. 73.
812 27. 73.
813 27. 73.
814 27. 73.
815 28. 72.
816 28. 72.
817 28. 72.
818 28. 72.
819 29. 71.
820 28. 72.
821 28. 72.
822 27. 73.
823 26. 74.
824 25. 75.
825 26. 74.
826 26. 74.
827 26. 74.
828 26. 74.
829 26. 74.
830 27. 73.
831 27. 73.
832 27. 73.
833 27. 73.
834 26. 74.
835 26. 74.
836 26. 74.
837 26. 74.
838 26. 74.
839 26. 74.
840 26. 74.
841 26. 74.
842 25. 75.
843 25. 75.
844 25. 75.
845 25. 75.
846 25. 75.
847 25. 75.
848 25. 75.
849 25. 75.
850 25. 75.
851 25. 75.
852 25. 75.
853 25. 75.
854 25. 75.
855 25. 75.
856 26. 74.
857 26. 74.
858 25. 75.
859 25. 75.
860 25. 75.
861 25. 75.
862 25. 75.
863 25. 75.
864 24. 76.
865 24. 76.
866 24. 76.
867 24. 76.
868 25. 75.
869 24. 76.
870 24. 76.
871 24. 76.
872 24. 76.
873 24. 76.
874 25. 75.
875 25. 75.
876 25. 75.
877 24. 76.
878 23. 77.
879 24. 76.
880 24. 76.
881 24. 76.
882 24. 76.
883 24. 76.
884 24. 76.
885 25. 75.
886 25. 75.
887 25. 75.
888 25. 75.
889 25. 75.
890 25. 75.
891 25. 75.
892 25. 75.
893 25. 75.
894 24. 76.
895 24. 76.
896 24. 76.
897 25. 75.
898 25. 75.
899 25. 75.
900 25. 75.
901 25. 75.
902 26. 74.
903 26. 74.
904 26. 74.
905 26. 74.
906 26. 74.
907 26. 74.
908 26. 74.
909 27. 73.
910 27. 73.
911 27. 73.
912 26. 74.
913 26. 74.
914 26. 74.
915 27. 73.
916 26. 74.
917 26. 74.
918 26. 74.
919 26. 74.
920 26. 74.
921 26. 74.
922 26. 74.
923 26. 74.
924 26. 74.
925 26. 74.
926 25. 75.
927 25. 75.
928 25. 75.
929 25. 75.
930 25. 75.
931 25. 75.
932 25. 75.
933 26. 74.
934 26. 74.
935 26. 74.
936 26. 74.
937 26. 74.
938 26. 74.
939 26. 74.
940 26. 74.
941 26. 74.
942 26. 74.
943 26. 74.
944 26. 74.
945 26. 74.
946 26. 74.
947 25. 75.
948 25. 75.
949 25. 75.
950 25. 75.
951 26. 74.
952 26. 74.
953 26. 74.
954 26. 74.
955 26. 74.
956 26. 74.
957 26. 74.
958 26. 74.
959 25. 75.
960 25. 75.
961 25. 75.
962 25. 75.
963 26. 74.
964 26. 74.
965 25. 75.
966 25. 75.
967 25. 75.
968 25. 75.
969 25. 75.
970 25. 75.
971 25. 75.
972 25. 75.
973 25. 75.
974 25. 75.
975 25. 75.
976 25. 75.
977 25. 75.
978 25. 75.
979 25. 75.
980 25. 75.
981 25. 75.
982 25. 75.
983 25. 75.
984 26. 74.
985 26. 74.
986 26. 74.
987 26. 74.
988 26. 74.
989 26. 74.
990 25. 75.
991 26. 74.
992 26. 74.
993 26. 74.
994 26. 74.
995 26. 74.
996 26. 74.
997 26. 74.
998 26. 74.
999 27. 73.
1000 27. 73.
1001 28. 72.
1002 28. 72.
1003 29. 71.
1004 29. 71.
1005 29. 71.
1006 29. 71.
1007 29. 71.
1008 30. 70.
1009 30. 70.
1010 29. 71.
1011 29. 71.
1012 29. 71.
1013 29. 71.
1014 29. 71.
1015 30. 70.
1016 30. 70.
1017 30. 70.
1018 30. 70.
1019 30. 70.
1020 29. 71.
1021 29. 71.
1022 29. 71.
1023 28. 72.
1024 28. 72.
1025 28. 72.
1026 28. 72.
1027 28. 72.
1028 27. 73.
1029 27. 73.
1030 27. 73.
1031 28. 72.
1032 28. 72.
1033 27. 73.
1034 27. 73.
1035 28. 72.
1036 28. 72.
1037 27. 73.
1038 27. 73.
1039 27. 73.
1040 27. 73.
1041 27. 73.
1042 27. 73.
1043 27. 73.
1044 27. 73.
1045 26. 74.
1046 25. 75.
1047 25. 75.
1048 25. 75.
1049 25. 75.
1050 25. 75.
1051 25. 75.
1052 25. 75.
1053 25. 75.
1054 25. 75.
1055 25. 75.
1056 25. 75.
1057 25. 75.
1058 25. 75.
1059 25. 75.
1060 25. 75.
1061 24. 76.
1062 24. 76.
1063 24. 76.
1064 24. 76.
1065 23. 77.
1066 23. 77.
1067 23. 77.
1068 23. 77.
1069 23. 77.
1070 23. 77.
1071 23. 77.
1072 24. 76.
1073 24. 76.
1074 24. 76.
1075 24. 76.
1076 24. 76.
1077 24. 76.
1078 24. 76.
1079 24. 76.
1080 24. 76.
1081 24. 76.
1082 24. 76.
1083 24. 76.
1084 24. 76.
1085 24. 76.
1086 24. 76.
1087 24. 76.
1088 24. 76.
1089 25. 75.
1090 25. 75.
1091 24. 76.
1092 23. 77.
1093 23. 77.
1094 23. 77.
1095 23. 77.
1096 23. 77.
1097 23. 77.
1098 23. 77.
1099 23. 77.
1100 22. 78.
1101 22. 78.
1102 22. 78.
1103 22. 78.
1104 22. 78.
1105 22. 78.
1106 22. 78.
1107 22. 78.
1108 22. 78.
1109 22. 78.
1110 22. 78.
1111 22. 78.
1112 22. 78.
1113 22. 78.
1114 22. 78.
1115 22. 78.
1116 22. 78.
1117 22. 78.
1118 22. 78.
1119 22. 78.
1120 22. 78.
1121 22. 78.
1122 23. 77.
1123 23. 77.
1124 23. 77.
1125 23. 77.
1126 23. 77.
1127 23. 77.
1128 23. 77.
1129 23. 77.
1130 22. 78.
1131 23. 77.
1132 23. 77.
1133 23. 77.
1134 23. 77.
1135 23. 77.
1136 23. 77.
1137 23. 77.
1138 23. 77.
1139 22. 78.
1140 22. 78.
1141 22. 78.
1142 22. 78.
1143 22. 78.
1144 22. 78.
1145 23. 77.
1146 22. 78.
1147 22. 78.
1148 22. 78.
1149 22. 78.
1150 22. 78.
1151 23. 77.
1152 23. 77.
1153 23. 77.
1154 23. 77.
1155 23. 77.
1156 23. 77.
1157 24. 76.
1158 25. 75.
1159 25. 75.
1160 25. 75.
1161 26. 74.
1162 27. 73.
1163 27. 73.
1164 27. 73.
1165 27. 73.
1166 27. 73.
1167 27. 73.
1168 27. 73.
1169 27. 73.
1170 26. 74.
1171 26. 74.
1172 26. 74.
1173 26. 74.
1174 27. 73.
1175 27. 73.
1176 27. 73.
1177 27. 73.
1178 27. 73.
1179 27. 73.
1180 27. 73.
1181 26. 74.
1182 25. 75.
1183 25. 75.
1184 24. 76.
1185 24. 76.
1186 24. 76.
1187 24. 76.
1188 24. 76.
1189 23. 77.
1190 23. 77.
1191 23. 77.
1192 23. 77.
1193 24. 76.
1194 24. 76.
1195 24. 76.
1196 24. 76.
1197 24. 76.
1198 23. 77.
1199 23. 77.
1200 22. 78.
1201 22. 78.
1202 21. 79.
1203 21. 79.
1204 21. 79.
1205 22. 78.
1206 22. 78.
1207 23. 77.
1208 23. 77.
1209 23. 77.
1210 23. 77.
1211 22. 78.
1212 23. 77.
1213 23. 77.
1214 24. 76.
1215 24. 76.
1216 24. 76.
1217 24. 76.
1218 24. 76.
1219 24. 76.
1220 24. 76.
1221 24. 76.
1222 24. 76.
1223 23. 77.
1224 23. 77.
1225 23. 77.
1226 22. 78.
1227 22. 78.
1228 22. 78.
1229 21. 79.
1230 21. 79.
1231 22. 78.
1232 22. 78.
1233 22. 78.
1234 21. 79.
1235 21. 79.
1236 21. 79.
1237 21. 79.
1238 21. 79.
1239 21. 79.
1240 21. 79.
1241 20. 80.
1242 20. 80.
1243 20. 80.
1244 20. 80.
1245 19. 81.
1246 19. 81.
1247 20. 80.
1248 20. 80.
1249 20. 80.
1250 20. 80.
1251 20. 80.
1252 20. 80.
1253 20. 80.
1254 20. 80.
1255 20. 80.
1256 21. 79.
1257 21. 79.
1258 21. 79.
1259 21. 79.
1260 22. 78.
1261 22. 78.
1262 22. 78.
1263 22. 78.
1264 22. 78.
1265 22. 78.
1266 22. 78.
1267 22. 78.
1268 22. 78.
1269 21. 79.
1270 21. 79.
1271 22. 78.
1272 22. 78.
1273 22. 78.
1274 22. 78.
1275 22. 78.
1276 22. 78.
1277 22. 78.
1278 23. 77.
1279 23. 77.
1280 23. 77.
1281 23. 77.
1282 23. 77.
1283 23. 77.
1284 23. 77.
1285 23. 77.
1286 23. 77.
1287 23. 77.
1288 23. 77.
1289 23. 77.
1290 23. 77.
1291 23. 77.
1292 23. 77.
1293 24. 76.
1294 24. 76.
1295 24. 76.
1296 24. 76.
1297 23. 77.
1298 23. 77.
1299 23. 77.
1300 23. 77.
1301 23. 77.
1302 23. 77.
1303 24. 76.
1304 24. 76.
1305 24. 76.
1306 23. 77.
1307 23. 77.
1308 23. 77.
1309 24. 76.
1310 24. 76.
1311 25. 75.
1312 25. 75.
1313 25. 75.
1314 25. 75.
1315 25. 75.
1316 25. 75.
1317 25. 75.
1318 25. 75.
1319 25. 75.
1320 26. 74.
1321 26. 74.
1322 26. 74.
1323 26. 74.
1324 26. 74.
1325 27. 73.
1326 27. 73.
1327 27. 73.
1328 27. 73.
1329 27. 73.
1330 27. 73.
1331 27. 73.
1332 27. 73.
1333 27. 73.
1334 26. 74.
1335 26. 74.
1336 26. 74.
1337 25. 75.
1338 25. 75.
1339 25. 75.
1340 25. 75.
1341 25. 75.
1342 25. 75.
1343 25. 75.
1344 25. 75.
1345 25. 75.
1346 25. 75.
1347 25. 75.
1348 24. 76.
1349 24. 76.
1350 24. 76.
1351 24. 76.
1352 24. 76.
1353 25. 75.
1354 24. 76.
1355 24. 76.
1356 23. 77.
1357 23. 77.
1358 23. 77.
1359 24. 76.
1360 24. 76.
1361 25. 75.
1362 25. 75.
1363 25. 75.
1364 26. 74.
1365 26. 74.
1366 26. 74.
1367 26. 74.
1368 26. 74.
1369 26. 74.
1370 26. 74.
1371 27. 73.
1372 27. 73.
1373 27. 73.
1374 27. 73.
1375 27. 73.
1376 28. 72.
1377 28. 72.
1378 29. 71.
1379 29. 71.
1380 29. 71.
1381 29. 71.
1382 29. 71.
1383 29. 71.
1384 29. 71.
1385 29. 71.
1386 29. 71.
1387 29. 71.
1388 29. 71.
1389 29. 71.
1390 29. 71.
1391 29. 71.
1392 30. 70.
1393 30. 70.
1394 31. 69.
1395 31. 69.
1396 31. 69.
1397 31. 69.
1398 31. 69.
1399 31. 69.
1400 31. 69.
1401 31. 69.
1402 32. 68.
1403 32. 68.
1404 31. 69.
1405 31. 69.
1406 31. 69.
1407 31. 69.
1408 31. 69.
1409 31. 69.
1410 31. 69.
1411 31. 69.
1412 31. 69.
1413 31. 69.
1414 31. 69.
1415 31. 69.
1416 31. 69.
1417 31. 69.
1418 31. 69.
1419 31. 69.
1420 31. 69.
1421 31. 69.
1422 32. 68.
1423 32. 68.
1424 32. 68.
1425 32. 68.
1426 32. 68.
1427 33. 67.
1428 33. 67.
1429 33. 67.
1430 33. 67.
1431 33. 67.
1432 33. 67.
1433 33. 67.
1434 32. 68.
1435 32. 68.
1436 32. 68.
1437 32. 68.
1438 32. 68.
1439 32. 68.
1440 32. 68.
1441 32. 68.
1442 32. 68.
1443 32. 68.
1444 33. 67.
1445 34. 66.
1446 35. 65.
1447 35. 65.
1448 35. 65.
1449 35. 65.
1450 35. 65.
1451 35. 65.
1452 35. 65.
1453 35. 65.
1454 35. 65.
1455 35. 65.
1456 35. 65.
1457 35. 65.
1458 35. 65.
1459 36. 64.
1460 36. 64.
1461 35. 65.
1462 36. 64.
1463 35. 65.
1464 35. 65.
1465 35. 65.
1466 35. 65.
1467 35. 65.
1468 35. 65.
1469 35. 65.
1470 35. 65.
1471 35. 65.
1472 36. 64.
1473 36. 64.
1474 36. 64.
1475 36. 64.
1476 36. 64.
1477 36. 64.
1478 36. 64.
1479 36. 64.
1480 36. 64.
1481 36. 64.
1482 37. 63.
1483 36. 64.
1484 36. 64.
1485 36. 64.
1486 36. 64.
1487 36. 64.
1488 36. 64.
1489 36. 64.
1490 36. 64.
1491 36. 64.
1492 37. 63.
1493 37. 63.
1494 37. 63.
1495 36. 64.
1496 35. 65.
1497 35. 65.
1498 34. 66.
1499 35. 65.
1500 35. 65.
1501 35. 65.
1502 35. 65.
1503 35. 65.
1504 35. 65.
1505 35. 65.
1506 35. 65.
1507 35. 65.
1508 35. 65.
1509 35. 65.
1510 34. 66.
1511 34. 66.
1512 34. 66.
1513 34. 66.
1514 34. 66.
1515 34. 66.
1516 34. 66.
1517 34. 66.
1518 33. 67.
1519 32. 68.
1520 32. 68.
1521 32. 68.
1522 32. 68.
1523 31. 69.
1524 31. 69.
1525 31. 69.
1526 31. 69.
1527 31. 69.
1528 31. 69.
1529 31. 69.
1530 31. 69.
1531 31. 69.
1532 31. 69.
1533 30. 70.
1534 30. 70.
1535 30. 70.
1536 30. 70.
1537 30. 70.
1538 30. 70.
1539 30. 70.
1540 31. 69.
1541 31. 69.
1542 31. 69.
1543 31. 69.
1544 31. 69.
1545 31. 69.
1546 30. 70.
1547 30. 70.
1548 31. 69.
1549 31. 69.
1550 31. 69.
1551 31. 69.
1552 32. 68.
1553 32. 68.
1554 32. 68.
1555 32. 68.
1556 32. 68.
1557 32. 68.
1558 32. 68.
1559 32. 68.
1560 32. 68.
1561 32. 68.
1562 32. 68.
1563 32. 68.
1564 32. 68.
1565 32. 68.
1566 32. 68.
1567 32. 68.
1568 32. 68.
1569 32. 68.
1570 31. 69.
1571 30. 70.
1572 30. 70.
1573 30. 70.
1574 30. 70.
1575 29. 71.
1576 29. 71.
1577 29. 71.
1578 29. 71.
1579 29. 71.
1580 29. 71.
1581 29. 71.
1582 28. 72.
1583 28. 72.
1584 28. 72.
1585 28. 72.
1586 27. 73.
1587 28. 72.
1588 28. 72.
1589 29. 71.
1590 29. 71.
1591 29. 71.
1592 29. 71.
1593 29. 71.
1594 29. 71.
1595 29. 71.
1596 28. 72.
1597 28. 72.
1598 27. 73.
1599 27. 73.
1600 28. 72.
1601 28. 72.
1602 28. 72.
1603 28. 72.
1604 28. 72.
1605 27. 73.
1606 27. 73.
1607 27. 73.
1608 27. 73.
1609 28. 72.
1610 28. 72.
1611 28. 72.
1612 28. 72.
1613 28. 72.
1614 28. 72.
1615 28. 72.
1616 29. 71.
1617 29. 71.
1618 29. 71.
1619 29. 71.
1620 29. 71.
1621 29. 71.
1622 29. 71.
1623 29. 71.
1624 30. 70.
1625 30. 70.
1626 30. 70.
1627 30. 70.
1628 30. 70.
1629 30. 70.
1630 30. 70.
1631 30. 70.
1632 30. 70.
1633 30. 70.
1634 30. 70.
1635 29. 71.
1636 29. 71.
1637 29. 71.
1638 29. 71.
1639 29. 71.
1640 29. 71.
1641 29. 71.
1642 29. 71.
1643 30. 70.
1644 30. 70.
1645 30. 70.
1646 29. 71.
1647 29. 71.
1648 29. 71.
1649 29. 71.
1650 28. 72.
1651 28. 72.
1652 28. 72.
1653 28. 72.
1654 27. 73.
1655 27. 73.
1656 27. 73.
1657 26. 74.
1658 26. 74.
1659 26. 74.
1660 26. 74.
1661 26. 74.
1662 26. 74.
1663 26. 74.
1664 26. 74.
1665 25. 75.
1666 25. 75.
1667 25. 75.
1668 24. 76.
1669 24. 76.
1670 24. 76.
1671 24. 76.
1672 24. 76.
1673 24. 76.
1674 24. 76.
1675 24. 76.
1676 24. 76.
1677 24. 76.
1678 24. 76.
1679 24. 76.
1680 24. 76.
1681 24. 76.
1682 23. 77.
1683 23. 77.
1684 23. 77.
1685 23. 77.
1686 23. 77.
1687 23. 77.
1688 23. 77.
1689 23. 77.
1690 23. 77.
1691 22. 78.
1692 23. 77.
1693 23. 77.
1694 23. 77.
1695 23. 77.
1696 22. 78.
1697 22. 78.
1698 22. 78.
1699 23. 77.
1700 22. 78.
1701 21. 79.
1702 21. 79.
1703 21. 79.
1704 22. 78.
1705 22. 78.
1706 22. 78.
1707 21. 79.
1708 21. 79.
1709 22. 78.
1710 23. 77.
1711 23. 77.
1712 23. 77.
1713 24. 76.
1714 24. 76.
1715 24. 76.
1716 24. 76.
1717 24. 76.
1718 24. 76.
1719 24. 76.
1720 24. 76.
1721 24. 76.
1722 24. 76.
1723 24. 76.
1724 24. 76.
1725 24. 76.
1726 25. 75.
1727 25. 75.
1728 25. 75.
1729 25. 75.
1730 24. 76.
1731 24. 76.
1732 25. 75.
1733 25. 75.
1734 24. 76.
1735 24. 76.
1736 24. 76.
1737 25. 75.
1738 25. 75.
1739 25. 75.
1740 24. 76.
1741 24. 76.
1742 24. 76.
1743 24. 76.
1744 23. 77.
1745 23. 77.
1746 24. 76.
1747 24. 76.
1748 24. 76.
1749 24. 76.
1750 25. 75.
1751 25. 75.
1752 25. 75.
1753 25. 75.
1754 25. 75.
1755 25. 75.
1756 25. 75.
1757 25. 75.
1758 25. 75.
1759 24. 76.
1760 24. 76.
1761 25. 75.
1762 24. 76.
1763 24. 76.
1764 24. 76.
1765 24. 76.
1766 24. 76.
1767 24. 76.
1768 24. 76.
1769 25. 75.
1770 25. 75.
1771 24. 76.
1772 24. 76.
1773 24. 76.
1774 24. 76.
1775 24. 76.
1776 24. 76.
1777 24. 76.
1778 24. 76.
1779 25. 75.
1780 25. 75.
1781 25. 75.
1782 25. 75.
1783 25. 75.
1784 25. 75.
1785 25. 75.
1786 25. 75.
1787 26. 74.
1788 26. 74.
1789 26. 74.
1790 26. 74.
1791 27. 73.
1792 27. 73.
1793 27. 73.
1794 27. 73.
1795 27. 73.
1796 27. 73.
1797 27. 73.
1798 27. 73.
1799 28. 72.
1800 27. 73.
1801 27. 73.
1802 27. 73.
1803 27. 73.
1804 27. 73.
1805 26. 74.
1806 26. 74.
1807 26. 74.
1808 25. 75.
1809 25. 75.
1810 25. 75.
1811 24. 76.
1812 25. 75.
1813 25. 75.
1814 25. 75.
1815 24. 76.
1816 24. 76.
1817 24. 76.
1818 24. 76.
1819 24. 76.
1820 24. 76.
1821 24. 76.
1822 24. 76.
1823 24. 76.
1824 24. 76.
1825 25. 75.
1826 25. 75.
1827 25. 75.
1828 25. 75.
1829 25. 75.
1830 25. 75.
1831 25. 75.
1832 24. 76.
1833 24. 76.
1834 24. 76.
1835 24. 76.
1836 24. 76.
1837 24. 76.
1838 25. 75.
1839 26. 74.
1840 27. 73.
1841 27. 73.
1842 27. 73.
1843 27. 73.
1844 27. 73.
1845 27. 73.
1846 27. 73.
1847 27. 73.
1848 27. 73.
1849 27. 73.
1850 27. 73.
1851 27. 73.
1852 27. 73.
1853 27. 73.
1854 27. 73.
1855 27. 73.
1856 27. 73.
1857 27. 73.
1858 27. 73.
1859 27. 73.
1860 27. 73.
1861 27. 73.
1862 27. 73.
1863 27. 73.
1864 27. 73.
1865 27. 73.
1866 28. 72.
1867 28. 72.
1868 28. 72.
1869 28. 72.
1870 29. 71.
1871 29. 71.
1872 29. 71.
1873 29. 71.
1874 29. 71.
1875 29. 71.
1876 29. 71.
1877 29. 71.
1878 29. 71.
1879 29. 71.
1880 29. 71.
1881 28. 72.
1882 28. 72.
1883 28. 72.
1884 28. 72.
1885 28. 72.
1886 29. 71.
1887 29. 71.
1888 29. 71.
1889 30. 70.
1890 30. 70.
1891 30. 70.
1892 30. 70.
1893 30. 70.
1894 29. 71.
1895 28. 72.
1896 28. 72.
1897 28. 72.
1898 28. 72.
1899 28. 72.
1900 28. 72.
1901 28. 72.
1902 28. 72.
1903 28. 72.
1904 27. 73.
1905 27. 73.
1906 27. 73.
1907 26. 74.
1908 26. 74.
1909 27. 73.
1910 27. 73.
1911 27. 73.
1912 27. 73.
1913 28. 72.
1914 28. 72.
1915 28. 72.
1916 29. 71.
1917 30. 70.
1918 30. 70.
1919 31. 69.
1920 31. 69.
1921 31. 69.
1922 31. 69.
1923 30. 70.
1924 30. 70.
1925 30. 70.
1926 30. 70.
1927 30. 70.
1928 30. 70.
1929 30. 70.
1930 30. 70.
1931 30. 70.
1932 30. 70.
1933 30. 70.
1934 30. 70.
1935 29. 71.
1936 28. 72.
1937 28. 72.
1938 29. 71.
1939 29. 71.
1940 29. 71.
1941 29. 71.
1942 29. 71.
1943 29. 71.
1944 30. 70.
1945 30. 70.
1946 29. 71.
1947 30. 70.
1948 30. 70.
1949 31. 69.
1950 31. 69.
1951 32. 68.
1952 32. 68.
1953 33. 67.
1954 33. 67.
1955 33. 67.
1956 33. 67.
1957 33. 67.
1958 33. 67.
1959 33. 67.
1960 33. 67.
1961 33. 67.
1962 34. 66.
1963 34. 66.
1964 33. 67.
1965 33. 67.
1966 33. 67.
1967 32. 68.
1968 32. 68.
1969 32. 68.
1970 32. 68.
1971 32. 68.
1972 32. 68.
1973 31. 69.
1974 32. 68.
1975 32. 68.
1976 32. 68.
1977 31. 69.
1978 32. 68.
1979 32. 68.
1980 32. 68.
1981 33. 67.
1982 33. 67.
1983 33. 67.
1984 33. 67.
1985 33. 67.
1986 33. 67.
1987 34. 66.
1988 34. 66.
1989 33. 67.
1990 33. 67.
1991 33. 67.
1992 33. 67.
1993 33. 67.
1994 33. 67.
1995 33. 67.
1996 33. 67.
1997 33. 67.
1998 33. 67.
1999 33. 67.
2000 33. 67.
2001 34. 66.
2002 34. 66.
2003 34. 66.
2004 34. 66.
2005 34. 66.
2006 33. 67.
2007 32. 68.
2008 32. 68.
2009 32. 68.
2010 32. 68.
2011 33. 67.
2012 32. 68.
2013 32. 68.
2014 32. 68.
2015 31. 69.
2016 30. 70.
2017 30. 70.
2018 30. 70.
2019 30. 70.
2020 30. 70.
2021 30. 70.
2022 30. 70.
2023 30. 70.
2024 30. 70.
2025 30. 70.
2026 30. 70.
2027 30. 70.
2028 30. 70.
2029 30. 70.
2030 30. 70.
2031 30. 70.
2032 30. 70.
2033 30. 70.
2034 30. 70.
2035 30. 70.
2036 29. 71.
2037 29. 71.
2038 29. 71.
2039 29. 71.
2040 30. 70.
2041 30. 70.
2042 30. 70.
2043 30. 70.
2044 30. 70.
2045 30. 70.
2046 30. 70.
2047 30. 70.
2048 30. 70.
2049 30. 70.
2050 30. 70.
2051 30. 70.
2052 30. 70.
2053 29. 71.
2054 29. 71.
2055 29. 71.
2056 29. 71.
2057 29. 71.
2058 28. 72.
2059 28. 72.
2060 28. 72.
2061 28. 72.
2062 28. 72.
2063 29. 71.
2064 29. 71.
2065 29. 71.
2066 29. 71.
2067 29. 71.
2068 28. 72.
2069 28. 72.
2070 28. 72.
2071 28. 72.
2072 28. 72.
2073 29. 71.
2074 29. 71.
2075 28. 72.
2076 28. 72.
2077 28. 72.
2078 28. 72.
2079 28. 72.
2080 28. 72.
2081 27. 73.
2082 27. 73.
2083 26. 74.
2084 26. 74.
2085 25. 75.
2086 25. 75.
2087 24. 76.
2088 24. 76.
2089 23. 77.
2090 23. 77.
2091 24. 76.
2092 24. 76.
2093 25. 75.
2094 25. 75.
2095 25. 75.
2096 24. 76.
2097 24. 76.
2098 24. 76.
2099 23. 77.
2100 23. 77.
2101 24. 76.
2102 25. 75.
2103 26. 74.
2104 27. 73.
2105 27. 73.
2106 27. 73.
2107 26. 74.
2108 26. 74.
2109 27. 73.
2110 27. 73.
2111 26. 74.
2112 26. 74.
2113 25. 75.
2114 25. 75.
2115 25. 75.
2116 24. 76.
2117 25. 75.
2118 25. 75.
2119 25. 75.
2120 25. 75.
2121 25. 75.
2122 25. 75.
2123 25. 75.
2124 25. 75.
2125 24. 76.
2126 24. 76.
2127 23. 77.
2128 23. 77.
2129 23. 77.
2130 24. 76.
2131 24. 76.
2132 25. 75.
2133 25. 75.
2134 24. 76.
2135 24. 76.
2136 24. 76.
2137 24. 76.
2138 24. 76.
2139 24. 76.
2140 24. 76.
2141 24. 76.
2142 24. 76.
2143 24. 76.
2144 24. 76.
2145 25. 75.
2146 25. 75.
2147 25. 75.
2148 25. 75.
2149 25. 75.
2150 26. 74.
2151 26. 74.
2152 26. 74.
2153 26. 74.
2154 26. 74.
2155 26. 74.
2156 26. 74.
2157 26. 74.
2158 25. 75.
2159 25. 75.
2160 25. 75.
2161 25. 75.
2162 25. 75.
2163 25. 75.
2164 26. 74.
2165 26. 74.
2166 26. 74.
2167 26. 74.
2168 26. 74.
2169 26. 74.
2170 26. 74.
2171 26. 74.
2172 26. 74.
2173 25. 75.
2174 25. 75.
2175 25. 75.
2176 25. 75.
2177 25. 75.
2178 25. 75.
2179 25. 75.
2180 25. 75.
2181 25. 75.
2182 25. 75.
2183 25. 75.
2184 25. 75.
2185 25. 75.
2186 25. 75.
2187 25. 75.
2188 25. 75.
2189 25. 75.
2190 25. 75.
2191 25. 75.
2192 25. 75.
2193 25. 75.
2194 24. 76.
2195 25. 75.
2196 25. 75.
2197 25. 75.
2198 25. 75.
2199 25. 75.
2200 25. 75.
2201 25. 75.
2202 25. 75.
2203 24. 76.
2204 24. 76.
2205 23. 77.
2206 23. 77.
2207 22. 78.
2208 22. 78.
2209 22. 78.
2210 22. 78.
2211 21. 79.
2212 21. 79.
2213 21. 79.
2214 21. 79.
2215 21. 79.
2216 21. 79.
2217 21. 79.
2218 21. 79.
2219 21. 79.
2220 21. 79.
2221 21. 79.
2222 21. 79.
2223 21. 79.
2224 20. 80.
2225 20. 80.
2226 20. 80.
2227 20. 80.
2228 20. 80.
2229 20. 80.
2230 20. 80.
2231 20. 80.
2232 20. 80.
2233 20. 80.
2234 20. 80.
2235 20. 80.
2236 20. 80.
2237 20. 80.
2238 20. 80.
2239 20. 80.
2240 20. 80.
2241 20. 80.
2242 20. 80.
2243 20. 80.
2244 20. 80.
2245 20. 80.
2246 20. 80.
2247 20. 80.
2248 20. 80.
2249 20. 80.
2250 20. 80.
2251 20. 80.
2252 20. 80.
2253 20. 80.
2254 20. 80.
2255 20. 80.
2256 20. 80.
2257 20. 80.
2258 20. 80.
2259 20. 80.
2260 20. 80.
2261 20. 80.
2262 20. 80.
2263 20. 80.
2264 19. 81.
2265 19. 81.
2266 19. 81.
2267 19. 81.
2268 19. 81.
2269 19. 81.
2270 19. 81.
2271 19. 81.
2272 20. 80.
2273 20. 80.
2274 20. 80.
2275 20. 80.
2276 20. 80.
2277 19. 81.
2278 19. 81.
2279 19. 81.
2280 19. 81.
2281 19. 81.
2282 19. 81.
2283 19. 81.
2284 19. 81.
2285 19. 81.
2286 19. 81.
2287 19. 81.
2288 19. 81.
2289 19. 81.
2290 20. 80.
2291 20. 80.
2292 20. 80.
2293 20. 80.
2294 20. 80.
2295 19. 81.
2296 19. 81.
2297 19. 81.
2298 18. 82.
2299 18. 82.
2300 18. 82.
2301 18. 82.
2302 18. 82.
2303 18. 82.
2304 18. 82.
2305 19. 81.
2306 19. 81.
2307 19. 81.
2308 19. 81.
2309 19. 81.
2310 19. 81.
2311 19. 81.
2312 19. 81.
2313 19. 81.
2314 19. 81.
2315 20. 80.
2316 20. 80.
2317 20. 80.
2318 20. 80.
2319 20. 80.
2320 20. 80.
2321 20. 80.
2322 20. 80.
2323 20. 80.
2324 20. 80.
2325 20. 80.
2326 20. 80.
2327 20. 80.
2328 20. 80.
2329 20. 80.
2330 20. 80.
2331 20. 80.
2332 20. 80.
2333 20. 80.
2334 20. 80.
2335 21. 79.
2336 21. 79.
2337 21. 79.
2338 21. 79.
2339 21. 79.
2340 21. 79.
2341 21. 79.
2342 21. 79.
2343 21. 79.
2344 21. 79.
2345 21. 79.
2346 21. 79.
2347 21. 79.
2348 21. 79.
2349 21. 79.
2350 21. 79.
2351 21. 79.
2352 21. 79.
2353 21. 79.
2354 21. 79.
2355 21. 79.
2356 21. 79.
2357 21. 79.
2358 21. 79.
2359 22. 78.
2360 22. 78.
2361 22. 78.
2362 22. 78.
2363 22. 78.
2364 22. 78.
2365 22. 78.
2366 21. 79.
2367 21. 79.
2368 21. 79.
2369 21. 79.
2370 21. 79.
2371 21. 79.
2372 21. 79.
2373 21. 79.
2374 21. 79.
2375 21. 79.
2376 21. 79.
2377 21. 79.
2378 21. 79.
2379 21. 79.
2380 20. 80.
2381 20. 80.
2382 20. 80.
2383 20. 80.
2384 19. 81.
2385 19. 81.
2386 18. 82.
2387 18. 82.
2388 18. 82.
2389 19. 81.
2390 19. 81.
2391 20. 80.
2392 20. 80.
2393 20. 80.
2394 20. 80.
2395 20. 80.
2396 20. 80.
2397 19. 81.
2398 19. 81.
2399 19. 81.
2400 18. 82.
2401 18. 82.
2402 18. 82.
2403 18. 82.
2404 18. 82.
2405 19. 81.
2406 20. 80.
2407 20. 80.
2408 20. 80.
2409 20. 80.
2410 20. 80.
2411 20. 80.
2412 20. 80.
2413 20. 80.
2414 20. 80.
2415 20. 80.
2416 20. 80.
2417 20. 80.
2418 19. 81.
2419 19. 81.
2420 20. 80.
2421 20. 80.
2422 19. 81.
2423 19. 81.
2424 19. 81.
2425 19. 81.
2426 19. 81.
2427 19. 81.
2428 20. 80.
2429 20. 80.
2430 20. 80.
2431 20. 80.
2432 20. 80.
2433 20. 80.
2434 20. 80.
2435 20. 80.
2436 20. 80.
2437 20. 80.
2438 20. 80.
2439 20. 80.
2440 20. 80.
2441 20. 80.
2442 20. 80.
2443 20. 80.
2444 20. 80.
2445 20. 80.
2446 20. 80.
2447 21. 79.
2448 21. 79.
2449 21. 79.
2450 22. 78.
2451 22. 78.
2452 22. 78.
2453 23. 77.
2454 23. 77.
2455 22. 78.
2456 22. 78.
2457 22. 78.
2458 22. 78.
2459 22. 78.
2460 22. 78.
2461 22. 78.
2462 23. 77.
2463 23. 77.
2464 23. 77.
2465 23. 77.
2466 23. 77.
2467 23. 77.
2468 23. 77.
2469 23. 77.
2470 23. 77.
2471 23. 77.
2472 23. 77.
2473 23. 77.
2474 23. 77.
2475 24. 76.
2476 24. 76.
2477 25. 75.
2478 26. 74.
2479 26. 74.
2480 27. 73.
2481 26. 74.
2482 26. 74.
2483 26. 74.
2484 26. 74.
2485 26. 74.
2486 26. 74.
2487 26. 74.
2488 26. 74.
2489 26. 74.
2490 25. 75.
2491 24. 76.
2492 24. 76.
2493 25. 75.
2494 25. 75.
2495 25. 75.
2496 25. 75.
2497 25. 75.
2498 25. 75.
2499 25. 75.
2500 25. 75.
2501 25. 75.
2502 25. 75.
2503 25. 75.
2504 25. 75.
2505 24. 76.
2506 24. 76.
2507 25. 75.
2508 25. 75.
2509 24. 76.
2510 24. 76.
2511 23. 77.
2512 22. 78.
2513 21. 79.
2514 21. 79.
2515 21. 79.
2516 21. 79.
2517 21. 79.
2518 21. 79.
2519 20. 80.
2520 20. 80.
2521 20. 80.
2522 21. 79.
2523 21. 79.
2524 21. 79.
2525 20. 80.
2526 20. 80.
2527 20. 80.
2528 20. 80.
2529 19. 81.
2530 19. 81.
2531 19. 81.
2532 19. 81.
2533 19. 81.
2534 19. 81.
2535 19. 81.
2536 18. 82.
2537 18. 82.
2538 18. 82.
2539 18. 82.
2540 17. 83.
2541 16. 84.
2542 17. 83.
2543 17. 83.
2544 17. 83.
2545 17. 83.
2546 17. 83.
2547 17. 83.
2548 18. 82.
2549 18. 82.
2550 18. 82.
2551 18. 82.
2552 18. 82.
2553 18. 82.
2554 18. 82.
2555 18. 82.
2556 18. 82.
2557 18. 82.
2558 18. 82.
2559 18. 82.
2560 18. 82.
2561 18. 82.
2562 18. 82.
2563 18. 82.
2564 18. 82.
2565 18. 82.
2566 18. 82.
2567 18. 82.
2568 18. 82.
2569 18. 82.
2570 18. 82.
2571 18. 82.
2572 18. 82.
2573 19. 81.
2574 19. 81.
2575 19. 81.
2576 20. 80.
2577 20. 80.
2578 20. 80.
2579 20. 80.
2580 20. 80.
2581 20. 80.
2582 20. 80.
2583 20. 80.
2584 20. 80.
2585 20. 80.
2586 20. 80.
2587 20. 80.
2588 20. 80.
2589 20. 80.
2590 20. 80.
2591 20. 80.
2592 20. 80.
2593 20. 80.
2594 20. 80.
2595 20. 80.
2596 20. 80.
2597 20. 80.
2598 20. 80.
2599 19. 81.
2600 19. 81.
2601 19. 81.
2602 19. 81.
2603 19. 81.
2604 19. 81.
2605 19. 81.
2606 19. 81.
2607 18. 82.
2608 18. 82.
2609 18. 82.
2610 18. 82.
2611 18. 82.
2612 18. 82.
2613 18. 82.
2614 19. 81.
2615 20. 80.
2616 20. 80.
2617 20. 80.
2618 20. 80.
2619 20. 80.
2620 20. 80.
2621 21. 79.
2622 21. 79.
2623 21. 79.
2624 21. 79.
2625 20. 80.
2626 21. 79.
2627 21. 79.
2628 21. 79.
2629 21. 79.
2630 21. 79.
2631 21. 79.
2632 21. 79.
2633 21. 79.
2634 22. 78.
2635 22. 78.
2636 21. 79.
2637 21. 79.
2638 21. 79.
2639 21. 79.
2640 21. 79.
2641 21. 79.
2642 21. 79.
2643 21. 79.
2644 21. 79.
2645 21. 79.
2646 21. 79.
2647 21. 79.
2648 21. 79.
2649 21. 79.
2650 21. 79.
2651 22. 78.
2652 22. 78.
2653 22. 78.
2654 22. 78.
2655 23. 77.
2656 23. 77.
2657 22. 78.
2658 22. 78.
2659 23. 77.
2660 24. 76.
2661 25. 75.
2662 25. 75.
2663 25. 75.
2664 25. 75.
2665 25. 75.
2666 26. 74.
2667 27. 73.
2668 27. 73.
2669 27. 73.
2670 26. 74.
2671 26. 74.
2672 26. 74.
2673 26. 74.
2674 26. 74.
2675 26. 74.
2676 26. 74.
2677 26. 74.
2678 26. 74.
2679 26. 74.
2680 26. 74.
2681 26. 74.
2682 26. 74.
2683 26. 74.
2684 26. 74.
2685 26. 74.
2686 26. 74.
2687 26. 74.
2688 25. 75.
2689 25. 75.
2690 25. 75.
2691 25. 75.
2692 25. 75.
2693 26. 74.
2694 26. 74.
2695 26. 74.
2696 26. 74.
2697 26. 74.
2698 26. 74.
2699 26. 74.
2700 26. 74.
2701 26. 74.
2702 26. 74.
2703 26. 74.
2704 25. 75.
2705 25. 75.
2706 25. 75.
2707 25. 75.
2708 25. 75.
2709 25. 75.
2710 25. 75.
2711 26. 74.
2712 25. 75.
2713 25. 75.
2714 25. 75.
2715 25. 75.
2716 25. 75.
2717 26. 74.
2718 26. 74.
2719 26. 74.
2720 26. 74.
2721 26. 74.
2722 26. 74.
2723 27. 73.
2724 27. 73.
2725 27. 73.
2726 27. 73.
2727 27. 73.
2728 27. 73.
2729 27. 73.
2730 27. 73.
2731 27. 73.
2732 27. 73.
2733 27. 73.
2734 27. 73.
2735 27. 73.
2736 28. 72.
2737 28. 72.
2738 28. 72.
2739 28. 72.
2740 28. 72.
2741 28. 72.
2742 28. 72.
2743 29. 71.
2744 29. 71.
2745 29. 71.
2746 29. 71.
2747 29. 71.
2748 29. 71.
2749 29. 71.
2750 29. 71.
2751 29. 71.
2752 29. 71.
2753 29. 71.
2754 28. 72.
2755 28. 72.
2756 28. 72.
2757 29. 71.
2758 29. 71.
2759 29. 71.
2760 29. 71.
2761 29. 71.
2762 29. 71.
2763 29. 71.
2764 29. 71.
2765 29. 71.
2766 29. 71.
2767 29. 71.
2768 29. 71.
2769 28. 72.
2770 28. 72.
2771 28. 72.
2772 29. 71.
2773 29. 71.
2774 30. 70.
2775 30. 70.
2776 30. 70.
2777 29. 71.
2778 29. 71.
2779 29. 71.
2780 29. 71.
2781 29. 71.
2782 29. 71.
2783 29. 71.
2784 29. 71.
2785 29. 71.
2786 29. 71.
2787 29. 71.
2788 29. 71.
2789 29. 71.
2790 29. 71.
2791 29. 71.
2792 29. 71.
2793 29. 71.
2794 29. 71.
2795 29. 71.
2796 30. 70.
2797 30. 70.
2798 30. 70.
2799 30. 70.
2800 30. 70.
2801 30. 70.
2802 30. 70.
2803 30. 70.
2804 30. 70.
2805 30. 70.
2806 30. 70.
2807 30. 70.
2808 30. 70.
2809 30. 70.
2810 30. 70.
2811 30. 70.
2812 30. 70.
2813 30. 70.
2814 30. 70.
2815 30. 70.
2816 30. 70.
2817 30. 70.
2818 30. 70.
2819 30. 70.
2820 30. 70.
2821 30. 70.
2822 30. 70.
2823 30. 70.
2824 30. 70.
2825 30. 70.
2826 29. 71.
2827 29. 71.
2828 29. 71.
2829 29. 71.
2830 29. 71.
2831 28. 72.
2832 28. 72.
2833 28. 72.
2834 28. 72.
2835 28. 72.
2836 28. 72.
2837 28. 72.
2838 28. 72.
2839 28. 72.
2840 28. 72.
2841 28. 72.
2842 28. 72.
2843 28. 72.
2844 28. 72.
2845 28. 72.
2846 27. 73.
2847 27. 73.
2848 27. 73.
2849 27. 73.
2850 27. 73.
2851 26. 74.
2852 26. 74.
2853 26. 74.
2854 25. 75.
2855 25. 75.
2856 26. 74.
2857 26. 74.
2858 25. 75.
2859 25. 75.
2860 24. 76.
2861 24. 76.
2862 24. 76.
2863 23. 77.
2864 23. 77.
2865 23. 77.
2866 24. 76.
2867 24. 76.
2868 24. 76.
2869 23. 77.
2870 23. 77.
2871 23. 77.
2872 23. 77.
2873 23. 77.
2874 23. 77.
2875 23. 77.
2876 23. 77.
2877 23. 77.
2878 23. 77.
2879 23. 77.
2880 23. 77.
2881 23. 77.
2882 24. 76.
2883 24. 76.
2884 24. 76.
2885 23. 77.
2886 23. 77.
2887 23. 77.
2888 23. 77.
2889 23. 77.
2890 22. 78.
2891 22. 78.
2892 22. 78.
2893 22. 78.
2894 22. 78.
2895 22. 78.
2896 22. 78.
2897 22. 78.
2898 22. 78.
2899 22. 78.
2900 22. 78.
2901 22. 78.
2902 22. 78.
2903 22. 78.
2904 22. 78.
2905 21. 79.
2906 21. 79.
2907 22. 78.
2908 22. 78.
2909 22. 78.
2910 22. 78.
2911 22. 78.
2912 22. 78.
2913 22. 78.
2914 22. 78.
2915 23. 77.
2916 23. 77.
2917 23. 77.
2918 23. 77.
2919 23. 77.
2920 23. 77.
2921 24. 76.
2922 24. 76.
2923 24. 76.
2924 24. 76.
2925 24. 76.
2926 24. 76.
2927 24. 76.
2928 25. 75.
2929 25. 75.
2930 25. 75.
2931 25. 75.
2932 25. 75.
2933 25. 75.
2934 25. 75.
2935 25. 75.
2936 24. 76.
2937 24. 76.
2938 24. 76.
2939 23. 77.
2940 23. 77.
2941 23. 77.
2942 23. 77.
2943 23. 77.
2944 24. 76.
2945 24. 76.
2946 24. 76.
2947 24. 76.
2948 24. 76.
2949 24. 76.
2950 25. 75.
2951 25. 75.
2952 25. 75.
2953 25. 75.
2954 25. 75.
2955 25. 75.
2956 25. 75.
2957 24. 76.
2958 24. 76.
2959 25. 75.
2960 25. 75.
2961 25. 75.
2962 25. 75.
2963 25. 75.
2964 25. 75.
2965 25. 75.
2966 25. 75.
2967 26. 74.
2968 26. 74.
2969 26. 74.
2970 26. 74.
2971 26. 74.
2972 26. 74.
2973 26. 74.
2974 26. 74.
2975 26. 74.
2976 26. 74.
2977 26. 74.
2978 25. 75.
2979 24. 76.
2980 24. 76.
2981 24. 76.
2982 24. 76.
2983 24. 76.
2984 24. 76.
2985 24. 76.
2986 24. 76.
2987 24. 76.
2988 24. 76.
2989 24. 76.
2990 24. 76.
2991 24. 76.
2992 24. 76.
2993 24. 76.
2994 24. 76.
2995 24. 76.
2996 24. 76.
2997 24. 76.
2998 24. 76.
2999 24. 76.
3000 24. 76.
3001 24. 76.
3002 24. 76.
3003 25. 75.
3004 25. 75.
3005 25. 75.
3006 25. 75.
3007 25. 75.
3008 25. 75.
3009 26. 74.
3010 26. 74.
3011 27. 73.
3012 27. 73.
3013 27. 73.
3014 27. 73.
3015 27. 73.
3016 27. 73.
3017 27. 73.
3018 27. 73.
3019 27. 73.
3020 26. 74.
3021 26. 74.
3022 26. 74.
3023 26. 74.
3024 25. 75.
3025 25. 75.
3026 25. 75.
3027 25. 75.
3028 25. 75.
3029 25. 75.
3030 25. 75.
3031 25. 75.
3032 24. 76.
3033 24. 76.
3034 25. 75.
3035 25. 75.
3036 25. 75.
3037 25. 75.
3038 26. 74.
3039 26. 74.
3040 26. 74.
3041 26. 74.
3042 26. 74.
3043 27. 73.
3044 27. 73.
3045 28. 72.
3046 28. 72.
3047 28. 72.
3048 28. 72.
3049 29. 71.
3050 29. 71.
3051 30. 70.
3052 30. 70.
3053 30. 70.
3054 30. 70.
3055 30. 70.
3056 30. 70.
3057 30. 70.
3058 30. 70.
3059 30. 70.
3060 30. 70.
3061 30. 70.
3062 30. 70.
3063 31. 69.
3064 31. 69.
3065 31. 69.
3066 31. 69.
3067 31. 69.
3068 31. 69.
3069 31. 69.
3070 31. 69.
3071 31. 69.
3072 30. 70.
3073 30. 70.
3074 31. 69.
3075 31. 69.
3076 31. 69.
3077 31. 69.
3078 32. 68.
3079 32. 68.
3080 32. 68.
3081 32. 68.
3082 33. 67.
3083 34. 66.
3084 34. 66.
3085 34. 66.
3086 34. 66.
3087 34. 66.
3088 34. 66.
3089 34. 66.
3090 34. 66.
3091 34. 66.
3092 34. 66.
3093 34. 66.
3094 34. 66.
3095 34. 66.
3096 33. 67.
3097 33. 67.
3098 33. 67.
3099 33. 67.
3100 33. 67.
3101 33. 67.
3102 33. 67.
3103 33. 67.
3104 33. 67.
3105 33. 67.
3106 33. 67.
3107 34. 66.
3108 34. 66.
3109 34. 66.
3110 34. 66.
3111 34. 66.
3112 34. 66.
3113 34. 66.
3114 33. 67.
3115 33. 67.
3116 33. 67.
3117 33. 67.
3118 33. 67.
3119 32. 68.
3120 32. 68.
3121 32. 68.
3122 32. 68.
3123 32. 68.
3124 32. 68.
3125 33. 67.
3126 33. 67.
3127 33. 67.
3128 33. 67.
3129 33. 67.
3130 34. 66.
3131 34. 66.
3132 34. 66.
3133 34. 66.
3134 33. 67.
3135 33. 67.
3136 33. 67.
3137 33. 67.
3138 33. 67.
3139 33. 67.
3140 33. 67.
3141 33. 67.
3142 33. 67.
3143 33. 67.
3144 33. 67.
3145 33. 67.
3146 33. 67.
3147 34. 66.
3148 35. 65.
3149 36. 64.
3150 36. 64.
3151 36. 64.
3152 36. 64.
3153 36. 64.
3154 36. 64.
3155 36. 64.
3156 36. 64.
3157 36. 64.
3158 36. 64.
3159 36. 64.
3160 36. 64.
3161 36. 64.
3162 37. 63.
3163 37. 63.
3164 37. 63.
3165 36. 64.
3166 36. 64.
3167 36. 64.
3168 36. 64.
3169 37. 63.
3170 37. 63.
3171 37. 63.
3172 37. 63.
3173 37. 63.
3174 38. 62.
3175 38. 62.
3176 38. 62.
3177 38. 62.
3178 38. 62.
3179 38. 62.
3180 39. 61.
3181 39. 61.
3182 39. 61.
3183 39. 61.
3184 39. 61.
3185 40. 60.
3186 40. 60.
3187 40. 60.
3188 40. 60.
3189 39. 61.
3190 38. 62.
3191 38. 62.
3192 38. 62.
3193 38. 62.
3194 38. 62.
3195 38. 62.
3196 37. 63.
3197 37. 63.
3198 37. 63.
3199 37. 63.
3200 37. 63.
3201 36. 64.
3202 36. 64.
3203 37. 63.
3204 37. 63.
3205 37. 63.
3206 36. 64.
3207 36. 64.
3208 36. 64.
3209 35. 65.
3210 35. 65.
3211 35. 65.
3212 35. 65.
3213 35. 65.
3214 36. 64.
3215 35. 65.
3216 35. 65.
3217 35. 65.
3218 35. 65.
3219 35. 65.
3220 35. 65.
3221 35. 65.
3222 34. 66.
3223 34. 66.
3224 35. 65.
3225 35. 65.
3226 34. 66.
3227 34. 66.
3228 34. 66.
3229 34. 66.
3230 34. 66.
3231 34. 66.
3232 34. 66.
3233 34. 66.
3234 34. 66.
3235 34. 66.
3236 35. 65.
3237 35. 65.
3238 35. 65.
3239 35. 65.
3240 35. 65.
3241 35. 65.
3242 35. 65.
3243 35. 65.
3244 35. 65.
3245 35. 65.
3246 36. 64.
3247 35. 65.
3248 35. 65.
3249 35. 65.
3250 34. 66.
3251 34. 66.
3252 34. 66.
3253 34. 66.
3254 35. 65.
3255 34. 66.
3256 34. 66.
3257 35. 65.
3258 35. 65.
3259 35. 65.
3260 36. 64.
3261 36. 64.
3262 37. 63.
3263 37. 63.
3264 37. 63.
3265 37. 63.
3266 37. 63.
3267 37. 63.
3268 37. 63.
3269 37. 63.
3270 38. 62.
3271 38. 62.
3272 38. 62.
3273 38. 62.
3274 38. 62.
3275 38. 62.
3276 38. 62.
3277 38. 62.
3278 38. 62.
3279 37. 63.
3280 37. 63.
3281 37. 63.
3282 36. 64.
3283 36. 64.
3284 36. 64.
3285 35. 65.
3286 35. 65.
3287 35. 65.
3288 35. 65.
3289 35. 65.
3290 35. 65.
3291 35. 65.
3292 35. 65.
3293 35. 65.
3294 36. 64.
3295 36. 64.
3296 36. 64.
3297 36. 64.
3298 36. 64.
3299 36. 64.
3300 37. 63.
3301 37. 63.
3302 37. 63.
3303 37. 63.
3304 37. 63.
3305 36. 64.
3306 36. 64.
3307 35. 65.
3308 35. 65.
3309 36. 64.
3310 36. 64.
3311 36. 64.
3312 36. 64.
3313 35. 65.
3314 35. 65.
3315 35. 65.
3316 35. 65.
3317 35. 65.
3318 35. 65.
3319 34. 66.
3320 34. 66.
3321 34. 66.
3322 34. 66.
3323 34. 66.
3324 34. 66.
3325 34. 66.
3326 34. 66.
3327 34. 66.
3328 34. 66.
3329 34. 66.
3330 34. 66.
3331 34. 66.
3332 34. 66.
3333 34. 66.
3334 34. 66.
3335 34. 66.
3336 34. 66.
3337 34. 66.
3338 34. 66.
3339 33. 67.
3340 33. 67.
3341 34. 66.
3342 34. 66.
3343 34. 66.
3344 34. 66.
3345 35. 65.
3346 35. 65.
3347 35. 65.
3348 35. 65.
3349 35. 65.
3350 35. 65.
3351 35. 65.
3352 35. 65.
3353 35. 65.
3354 35. 65.
3355 35. 65.
3356 36. 64.
3357 36. 64.
3358 36. 64.
3359 36. 64.
3360 37. 63.
3361 37. 63.
3362 37. 63.
3363 37. 63.
3364 37. 63.
3365 37. 63.
3366 37. 63.
3367 36. 64.
3368 36. 64.
3369 37. 63.
3370 37. 63.
3371 37. 63.
3372 36. 64.
3373 36. 64.
3374 36. 64.
3375 37. 63.
3376 37. 63.
3377 36. 64.
3378 37. 63.
3379 37. 63.
3380 37. 63.
3381 38. 62.
3382 37. 63.
3383 36. 64.
3384 36. 64.
3385 36. 64.
3386 36. 64.
3387 36. 64.
3388 36. 64.
3389 36. 64.
3390 35. 65.
3391 35. 65.
3392 35. 65.
3393 35. 65.
3394 35. 65.
3395 34. 66.
3396 34. 66.
3397 33. 67.
3398 33. 67.
3399 33. 67.
3400 33. 67.
3401 33. 67.
3402 33. 67.
3403 33. 67.
3404 33. 67.
3405 33. 67.
3406 33. 67.
3407 33. 67.
3408 33. 67.
3409 33. 67.
3410 33. 67.
3411 33. 67.
3412 33. 67.
3413 34. 66.
3414 33. 67.
3415 33. 67.
3416 33. 67.
3417 33. 67.
3418 33. 67.
3419 34. 66.
3420 34. 66.
3421 33. 67.
3422 34. 66.
3423 34. 66.
3424 34. 66.
3425 33. 67.
3426 33. 67.
3427 33. 67.
3428 32. 68.
3429 32. 68.
3430 32. 68.
3431 32. 68.
3432 32. 68.
3433 32. 68.
3434 32. 68.
3435 32. 68.
3436 32. 68.
3437 32. 68.
3438 32. 68.
3439 33. 67.
3440 34. 66.
3441 34. 66.
3442 34. 66.
3443 34. 66.
3444 34. 66.
3445 34. 66.
3446 34. 66.
3447 34. 66.
3448 34. 66.
3449 33. 67.
3450 33. 67.
3451 33. 67.
3452 33. 67.
3453 33. 67.
3454 33. 67.
3455 33. 67.
3456 33. 67.
3457 33. 67.
3458 33. 67.
3459 33. 67.
3460 34. 66.
3461 35. 65.
3462 35. 65.
3463 35. 65.
3464 35. 65.
3465 35. 65.
3466 35. 65.
3467 35. 65.
3468 35. 65.
3469 34. 66.
3470 34. 66.
3471 35. 65.
3472 35. 65.
3473 35. 65.
3474 34. 66.
3475 34. 66.
3476 34. 66.
3477 34. 66.
3478 34. 66.
3479 34. 66.
3480 34. 66.
3481 35. 65.
3482 35. 65.
3483 35. 65.
3484 35. 65.
3485 35. 65.
3486 35. 65.
3487 34. 66.
3488 34. 66.
3489 34. 66.
3490 34. 66.
3491 34. 66.
3492 34. 66.
3493 33. 67.
3494 33. 67.
3495 33. 67.
3496 33. 67.
3497 33. 67.
3498 33. 67.
3499 32. 68.
3500 32. 68.
3501 31. 69.
3502 32. 68.
3503 32. 68.
3504 32. 68.
3505 32. 68.
3506 32. 68.
3507 32. 68.
3508 32. 68.
3509 31. 69.
3510 31. 69.
3511 31. 69.
3512 31. 69.
3513 31. 69.
3514 32. 68.
3515 32. 68.
3516 32. 68.
3517 32. 68.
3518 31. 69.
3519 31. 69.
3520 31. 69.
3521 31. 69.
3522 31. 69.
3523 31. 69.
3524 31. 69.
3525 31. 69.
3526 30. 70.
3527 30. 70.
3528 30. 70.
3529 30. 70.
3530 30. 70.
3531 30. 70.
3532 31. 69.
3533 32. 68.
3534 32. 68.
3535 32. 68.
3536 31. 69.
3537 31. 69.
3538 31. 69.
3539 31. 69.
3540 32. 68.
3541 32. 68.
3542 32. 68.
3543 31. 69.
3544 31. 69.
3545 32. 68.
3546 32. 68.
3547 32. 68.
3548 33. 67.
3549 33. 67.
3550 33. 67.
3551 33. 67.
3552 33. 67.
3553 33. 67.
3554 33. 67.
3555 33. 67.
3556 33. 67.
3557 33. 67.
3558 33. 67.
3559 32. 68.
3560 32. 68.
3561 33. 67.
3562 32. 68.
3563 32. 68.
3564 31. 69.
3565 31. 69.
3566 31. 69.
3567 31. 69.
3568 32. 68.
3569 32. 68.
3570 33. 67.
3571 33. 67.
3572 33. 67.
3573 33. 67.
3574 33. 67.
3575 33. 67.
3576 33. 67.
3577 33. 67.
3578 33. 67.
3579 32. 68.
3580 32. 68.
3581 32. 68.
3582 32. 68.
3583 32. 68.
3584 32. 68.
3585 33. 67.
3586 33. 67.
3587 32. 68.
3588 32. 68.
3589 32. 68.
3590 32. 68.
3591 31. 69.
3592 31. 69.
3593 31. 69.
3594 32. 68.
3595 32. 68.
3596 32. 68.
3597 32. 68.
3598 32. 68.
3599 32. 68.
3600 32. 68.
3601 32. 68.
3602 32. 68.
3603 33. 67.
3604 33. 67.
3605 33. 67.
3606 33. 67.
3607 33. 67.
3608 33. 67.
3609 34. 66.
3610 35. 65.
3611 36. 64.
3612 36. 64.
3613 36. 64.
3614 36. 64.
3615 36. 64.
3616 36. 64.
3617 36. 64.
3618 36. 64.
3619 35. 65.
3620 35. 65.
3621 34. 66.
3622 35. 65.
3623 35. 65.
3624 35. 65.
3625 36. 64.
3626 37. 63.
3627 37. 63.
3628 37. 63.
3629 37. 63.
3630 36. 64.
3631 36. 64.
3632 36. 64.
3633 36. 64.
3634 35. 65.
3635 35. 65.
3636 36. 64.
3637 36. 64.
3638 36. 64.
3639 36. 64.
3640 36. 64.
3641 37. 63.
3642 37. 63.
3643 37. 63.
3644 37. 63.
3645 37. 63.
3646 37. 63.
3647 37. 63.
3648 37. 63.
3649 38. 62.
3650 38. 62.
3651 38. 62.
3652 38. 62.
3653 38. 62.
3654 38. 62.
3655 38. 62.
3656 38. 62.
3657 38. 62.
3658 38. 62.
3659 38. 62.
3660 38. 62.
3661 38. 62.
3662 38. 62.
3663 38. 62.
3664 38. 62.
3665 38. 62.
3666 38. 62.
3667 38. 62.
3668 38. 62.
3669 38. 62.
3670 38. 62.
3671 38. 62.
3672 38. 62.
3673 38. 62.
3674 38. 62.
3675 37. 63.
3676 37. 63.
3677 37. 63.
3678 37. 63.
3679 37. 63.
3680 38. 62.
3681 38. 62.
3682 38. 62.
3683 37. 63.
3684 37. 63.
3685 38. 62.
3686 38. 62.
3687 38. 62.
3688 38. 62.
3689 38. 62.
3690 38. 62.
3691 38. 62.
3692 38. 62.
3693 37. 63.
3694 37. 63.
3695 37. 63.
3696 37. 63.
3697 36. 64.
3698 37. 63.
3699 37. 63.
3700 37. 63.
3701 37. 63.
3702 36. 64.
3703 36. 64.
3704 36. 64.
3705 35. 65.
3706 35. 65.
3707 35. 65.
3708 35. 65.
3709 35. 65.
3710 35. 65.
3711 35. 65.
3712 35. 65.
3713 35. 65.
3714 36. 64.
3715 36. 64.
3716 36. 64.
3717 36. 64.
3718 35. 65.
3719 35. 65.
3720 35. 65.
3721 35. 65.
3722 35. 65.
3723 35. 65.
3724 36. 64.
3725 35. 65.
3726 35. 65.
3727 35. 65.
3728 35. 65.
3729 35. 65.
3730 35. 65.
3731 35. 65.
3732 35. 65.
3733 35. 65.
3734 35. 65.
3735 35. 65.
3736 36. 64.
3737 36. 64.
3738 37. 63.
3739 37. 63.
3740 36. 64.
3741 35. 65.
3742 35. 65.
3743 35. 65.
3744 35. 65.
3745 36. 64.
3746 36. 64.
3747 36. 64.
3748 35. 65.
3749 34. 66.
3750 34. 66.
3751 35. 65.
3752 35. 65.
3753 35. 65.
3754 35. 65.
3755 34. 66.
3756 34. 66.
3757 33. 67.
3758 33. 67.
3759 33. 67.
3760 33. 67.
3761 34. 66.
3762 34. 66.
3763 33. 67.
3764 33. 67.
3765 33. 67.
3766 33. 67.
3767 33. 67.
3768 33. 67.
3769 33. 67.
3770 33. 67.
3771 33. 67.
3772 32. 68.
3773 32. 68.
3774 32. 68.
3775 32. 68.
3776 32. 68.
3777 33. 67.
3778 33. 67.
3779 34. 66.
3780 34. 66.
3781 34. 66.
3782 34. 66.
3783 34. 66.
3784 34. 66.
3785 33. 67.
3786 33. 67.
3787 33. 67.
3788 33. 67.
3789 33. 67.
3790 34. 66.
3791 34. 66.
3792 33. 67.
3793 34. 66.
3794 34. 66.
3795 34. 66.
3796 33. 67.
3797 33. 67.
3798 33. 67.
3799 33. 67.
3800 33. 67.
3801 33. 67.
3802 33. 67.
3803 33. 67.
3804 33. 67.
3805 33. 67.
3806 33. 67.
3807 33. 67.
3808 33. 67.
3809 33. 67.
3810 32. 68.
3811 32. 68.
3812 32. 68.
3813 32. 68.
3814 32. 68.
3815 33. 67.
3816 33. 67.
3817 33. 67.
3818 33. 67.
3819 33. 67.
3820 33. 67.
3821 33. 67.
3822 32. 68.
3823 32. 68.
3824 32. 68.
3825 32. 68.
3826 32. 68.
3827 31. 69.
3828 31. 69.
3829 31. 69.
3830 31. 69.
3831 31. 69.
3832 31. 69.
3833 31. 69.
3834 31. 69.
3835 31. 69.
3836 31. 69.
3837 31. 69.
3838 30. 70.
3839 30. 70.
3840 30. 70.
3841 30. 70.
3842 30. 70.
3843 30. 70.
3844 30. 70.
3845 30. 70.
3846 30. 70.
3847 30. 70.
3848 30. 70.
3849 29. 71.
3850 29. 71.
3851 29. 71.
3852 29. 71.
3853 29. 71.
3854 29. 71.
3855 29. 71.
3856 28. 72.
3857 29. 71.
3858 28. 72.
3859 28. 72.
3860 28. 72.
3861 28. 72.
3862 29. 71.
3863 29. 71.
3864 29. 71.
3865 29. 71.
3866 29. 71.
3867 29. 71.
3868 28. 72.
3869 27. 73.
3870 27. 73.
3871 27. 73.
3872 27. 73.
3873 28. 72.
3874 28. 72.
3875 28. 72.
3876 29. 71.
3877 29. 71.
3878 29. 71.
3879 29. 71.
3880 29. 71.
3881 29. 71.
3882 29. 71.
3883 28. 72.
3884 28. 72.
3885 28. 72.
3886 28. 72.
3887 28. 72.
3888 28. 72.
3889 28. 72.
3890 28. 72.
3891 28. 72.
3892 28. 72.
3893 28. 72.
3894 28. 72.
3895 29. 71.
3896 30. 70.
3897 30. 70.
3898 30. 70.
3899 30. 70.
3900 30. 70.
3901 30. 70.
3902 31. 69.
3903 31. 69.
3904 31. 69.
3905 31. 69.
3906 31. 69.
3907 30. 70.
3908 29. 71.
3909 29. 71.
3910 28. 72.
3911 28. 72.
3912 28. 72.
3913 28. 72.
3914 28. 72.
3915 28. 72.
3916 28. 72.
3917 28. 72.
3918 28. 72.
3919 28. 72.
3920 28. 72.
3921 27. 73.
3922 27. 73.
3923 27. 73.
3924 27. 73.
3925 27. 73.
3926 27. 73.
3927 27. 73.
3928 27. 73.
3929 28. 72.
3930 28. 72.
3931 28. 72.
3932 28. 72.
3933 29. 71.
3934 29. 71.
3935 28. 72.
3936 28. 72.
3937 28. 72.
3938 28. 72.
3939 28. 72.
3940 28. 72.
3941 27. 73.
3942 28. 72.
3943 28. 72.
3944 28. 72.
3945 28. 72.
3946 28. 72.
3947 28. 72.
3948 27. 73.
3949 28. 72.
3950 28. 72.
3951 29. 71.
3952 30. 70.
3953 30. 70.
3954 30. 70.
3955 31. 69.
3956 31. 69.
3957 30. 70.
3958 30. 70.
3959 30. 70.
3960 31. 69.
3961 31. 69.
3962 30. 70.
3963 30. 70.
3964 30. 70.
3965 30. 70.
3966 30. 70.
3967 31. 69.
3968 31. 69.
3969 31. 69.
3970 31. 69.
3971 31. 69.
3972 30. 70.
3973 30. 70.
3974 31. 69.
3975 31. 69.
3976 31. 69.
3977 31. 69.
3978 31. 69.
3979 31. 69.
3980 31. 69.
3981 31. 69.
3982 31. 69.
3983 31. 69.
3984 31. 69.
3985 31. 69.
3986 31. 69.
3987 31. 69.
3988 30. 70.
3989 30. 70.
3990 30. 70.
3991 30. 70.
3992 30. 70.
3993 30. 70.
3994 30. 70.
3995 30. 70.
3996 30. 70.
3997 30. 70.
3998 30. 70.
3999 30. 70.
4000 30. 70.
4001 30. 70.
4002 30. 70.
4003 30. 70.
4004 30. 70.
4005 30. 70.
4006 30. 70.
4007 30. 70.
4008 30. 70.
4009 30. 70.
4010 30. 70.
4011 30. 70.
4012 31. 69.
4013 31. 69.
4014 31. 69.
4015 31. 69.
4016 31. 69.
4017 31. 69.
4018 31. 69.
4019 31. 69.
4020 31. 69.
4021 32. 68.
4022 31. 69.
4023 31. 69.
4024 31. 69.
4025 31. 69.
4026 31. 69.
4027 31. 69.
4028 30. 70.
4029 30. 70.
4030 30. 70.
4031 30. 70.
4032 30. 70.
4033 30. 70.
4034 30. 70.
4035 31. 69.
4036 31. 69.
4037 30. 70.
4038 30. 70.
4039 31. 69.
4040 31. 69.
4041 31. 69.
4042 31. 69.
4043 31. 69.
4044 31. 69.
4045 31. 69.
4046 31. 69.
4047 31. 69.
4048 31. 69.
4049 31. 69.
4050 31. 69.
4051 31. 69.
4052 31. 69.
4053 31. 69.
4054 31. 69.
4055 31. 69.
4056 31. 69.
4057 30. 70.
4058 30. 70.
4059 30. 70.
4060 30. 70.
4061 29. 71.
4062 29. 71.
4063 29. 71.
4064 29. 71.
4065 29. 71.
4066 30. 70.
4067 30. 70.
4068 30. 70.
4069 30. 70.
4070 30. 70.
4071 30. 70.
4072 30. 70.
4073 30. 70.
4074 30. 70.
4075 30. 70.
4076 30. 70.
4077 30. 70.
4078 29. 71.
4079 29. 71.
4080 30. 70.
4081 30. 70.
4082 30. 70.
4083 30. 70.
4084 30. 70.
4085 31. 69.
4086 31. 69.
4087 31. 69.
4088 32. 68.
4089 32. 68.
4090 32. 68.
4091 31. 69.
4092 31. 69.
4093 31. 69.
4094 31. 69.
4095 31. 69.
4096 31. 69.
4097 31. 69.
4098 30. 70.
4099 30. 70.
4100 30. 70.
4101 31. 69.
4102 32. 68.
4103 32. 68.
4104 32. 68.
4105 32. 68.
4106 32. 68.
4107 32. 68.
4108 32. 68.
4109 32. 68.
4110 32. 68.
4111 32. 68.
4112 33. 67.
4113 32. 68.
4114 32. 68.
4115 32. 68.
4116 31. 69.
4117 31. 69.
4118 31. 69.
4119 32. 68.
4120 32. 68.
4121 33. 67.
4122 33. 67.
4123 33. 67.
4124 32. 68.
4125 32. 68.
4126 32. 68.
4127 32. 68.
4128 31. 69.
4129 31. 69.
4130 31. 69.
4131 30. 70.
4132 30. 70.
4133 29. 71.
4134 29. 71.
4135 29. 71.
4136 29. 71.
4137 29. 71.
4138 29. 71.
4139 29. 71.
4140 29. 71.
4141 30. 70.
4142 30. 70.
4143 29. 71.
4144 28. 72.
4145 28. 72.
4146 28. 72.
4147 28. 72.
4148 28. 72.
4149 28. 72.
4150 28. 72.
4151 28. 72.
4152 28. 72.
4153 28. 72.
4154 28. 72.
4155 28. 72.
4156 28. 72.
4157 28. 72.
4158 28. 72.
4159 29. 71.
4160 28. 72.
4161 28. 72.
4162 28. 72.
4163 28. 72.
4164 28. 72.
4165 29. 71.
4166 28. 72.
4167 29. 71.
4168 29. 71.
4169 29. 71.
4170 29. 71.
4171 29. 71.
4172 29. 71.
4173 29. 71.
4174 29. 71.
4175 29. 71.
4176 29. 71.
4177 29. 71.
4178 30. 70.
4179 31. 69.
4180 30. 70.
4181 30. 70.
4182 30. 70.
4183 30. 70.
4184 30. 70.
4185 30. 70.
4186 30. 70.
4187 31. 69.
4188 31. 69.
4189 30. 70.
4190 30. 70.
4191 30. 70.
4192 30. 70.
4193 30. 70.
4194 30. 70.
4195 30. 70.
4196 30. 70.
4197 30. 70.
4198 30. 70.
4199 30. 70.
4200 29. 71.
4201 29. 71.
4202 29. 71.
4203 29. 71.
4204 29. 71.
4205 29. 71.
4206 29. 71.
4207 29. 71.
4208 29. 71.
4209 28. 72.
4210 28. 72.
4211 28. 72.
4212 28. 72.
4213 27. 73.
4214 27. 73.
4215 27. 73.
4216 27. 73.
4217 27. 73.
4218 27. 73.
4219 27. 73.
4220 27. 73.
4221 27. 73.
4222 27. 73.
4223 27. 73.
4224 27. 73.
4225 26. 74.
4226 26. 74.
4227 26. 74.
4228 26. 74.
4229 26. 74.
4230 26. 74.
4231 27. 73.
4232 27. 73.
4233 27. 73.
4234 27. 73.
4235 27. 73.
4236 27. 73.
4237 26. 74.
4238 26. 74.
4239 26. 74.
4240 25. 75.
4241 25. 75.
4242 25. 75.
4243 24. 76.
4244 24. 76.
4245 24. 76.
4246 24. 76.
4247 24. 76.
4248 23. 77.
4249 23. 77.
4250 23. 77.
4251 23. 77.
4252 23. 77.
4253 23. 77.
4254 23. 77.
4255 22. 78.
4256 21. 79.
4257 21. 79.
4258 21. 79.
4259 21. 79.
4260 21. 79.
4261 20. 80.
4262 19. 81.
4263 19. 81.
4264 19. 81.
4265 19. 81.
4266 19. 81.
4267 19. 81.
4268 19. 81.
4269 19. 81.
4270 19. 81.
4271 19. 81.
4272 20. 80.
4273 20. 80.
4274 21. 79.
4275 21. 79.
4276 21. 79.
4277 21. 79.
4278 21. 79.
4279 21. 79.
4280 21. 79.
4281 21. 79.
4282 21. 79.
4283 21. 79.
4284 21. 79.
4285 21. 79.
4286 21. 79.
4287 21. 79.
4288 21. 79.
4289 21. 79.
4290 21. 79.
4291 21. 79.
4292 21. 79.
4293 21. 79.
4294 21. 79.
4295 20. 80.
4296 20. 80.
4297 20. 80.
4298 20. 80.
4299 20. 80.
4300 20. 80.
4301 20. 80.
4302 20. 80.
4303 20. 80.
4304 20. 80.
4305 20. 80.
4306 20. 80.
4307 20. 80.
4308 20. 80.
4309 20. 80.
4310 20. 80.
4311 19. 81.
4312 19. 81.
4313 19. 81.
4314 19. 81.
4315 18. 82.
4316 18. 82.
4317 18. 82.
4318 18. 82.
4319 18. 82.
4320 18. 82.
4321 18. 82.
4322 19. 81.
4323 19. 81.
4324 19. 81.
4325 19. 81.
4326 18. 82.
4327 19. 81.
4328 19. 81.
4329 20. 80.
4330 20. 80.
4331 20. 80.
4332 20. 80.
4333 21. 79.
4334 21. 79.
4335 20. 80.
4336 20. 80.
4337 21. 79.
4338 20. 80.
4339 20. 80.
4340 20. 80.
4341 20. 80.
4342 20. 80.
4343 20. 80.
4344 21. 79.
4345 21. 79.
4346 21. 79.
4347 22. 78.
4348 21. 79.
4349 21. 79.
4350 21. 79.
4351 21. 79.
4352 22. 78.
4353 22. 78.
4354 22. 78.
4355 22. 78.
4356 22. 78.
4357 22. 78.
4358 22. 78.
4359 22. 78.
4360 22. 78.
4361 22. 78.
4362 22. 78.
4363 23. 77.
4364 23. 77.
4365 23. 77.
4366 23. 77.
4367 23. 77.
4368 23. 77.
4369 23. 77.
4370 23. 77.
4371 22. 78.
4372 22. 78.
4373 22. 78.
4374 23. 77.
4375 23. 77.
4376 23. 77.
4377 24. 76.
4378 24. 76.
4379 24. 76.
4380 23. 77.
4381 22. 78.
4382 21. 79.
4383 22. 78.
4384 22. 78.
4385 23. 77.
4386 24. 76.
4387 24. 76.
4388 24. 76.
4389 24. 76.
4390 23. 77.
4391 23. 77.
4392 23. 77.
4393 23. 77.
4394 23. 77.
4395 23. 77.
4396 23. 77.
4397 23. 77.
4398 23. 77.
4399 24. 76.
4400 24. 76.
4401 24. 76.
4402 24. 76.
4403 24. 76.
4404 24. 76.
4405 25. 75.
4406 25. 75.
4407 26. 74.
4408 26. 74.
4409 26. 74.
4410 26. 74.
4411 26. 74.
4412 26. 74.
4413 26. 74.
4414 26. 74.
4415 26. 74.
4416 25. 75.
4417 25. 75.
4418 24. 76.
4419 24. 76.
4420 24. 76.
4421 24. 76.
4422 24. 76.
4423 24. 76.
4424 24. 76.
4425 24. 76.
4426 24. 76.
4427 24. 76.
4428 24. 76.
4429 23. 77.
4430 23. 77.
4431 23. 77.
4432 24. 76.
4433 24. 76.
4434 23. 77.
4435 23. 77.
4436 23. 77.
4437 23. 77.
4438 23. 77.
4439 23. 77.
4440 23. 77.
4441 23. 77.
4442 23. 77.
4443 23. 77.
4444 22. 78.
4445 22. 78.
4446 22. 78.
4447 22. 78.
4448 22. 78.
4449 22. 78.
4450 22. 78.
4451 22. 78.
4452 22. 78.
4453 22. 78.
4454 21. 79.
4455 21. 79.
4456 21. 79.
4457 21. 79.
4458 21. 79.
4459 21. 79.
4460 21. 79.
4461 21. 79.
4462 21. 79.
4463 21. 79.
4464 21. 79.
4465 21. 79.
4466 21. 79.
4467 21. 79.
4468 21. 79.
4469 21. 79.
4470 22. 78.
4471 22. 78.
4472 22. 78.
4473 22. 78.
4474 21. 79.
4475 21. 79.
4476 21. 79.
4477 21. 79.
4478 21. 79.
4479 21. 79.
4480 21. 79.
4481 21. 79.
4482 21. 79.
4483 21. 79.
4484 21. 79.
4485 21. 79.
4486 21. 79.
4487 21. 79.
4488 21. 79.
4489 21. 79.
4490 22. 78.
4491 22. 78.
4492 22. 78.
4493 22. 78.
4494 22. 78.
4495 22. 78.
4496 22. 78.
4497 22. 78.
4498 23. 77.
4499 22. 78.
4500 22. 78.
4501 22. 78.
4502 21. 79.
4503 21. 79.
4504 22. 78.
4505 23. 77.
4506 23. 77.
4507 23. 77.
4508 23. 77.
4509 23. 77.
4510 23. 77.
4511 23. 77.
4512 23. 77.
4513 23. 77.
4514 24. 76.
4515 24. 76.
4516 24. 76.
4517 24. 76.
4518 24. 76.
4519 24. 76.
4520 24. 76.
4521 24. 76.
4522 24. 76.
4523 24. 76.
4524 25. 75.
4525 25. 75.
4526 25. 75.
4527 25. 75.
4528 25. 75.
4529 25. 75.
4530 25. 75.
4531 25. 75.
4532 25. 75.
4533 25. 75.
4534 26. 74.
4535 26. 74.
4536 26. 74.
4537 26. 74.
4538 25. 75.
4539 25. 75.
4540 25. 75.
4541 25. 75.
4542 25. 75.
4543 25. 75.
4544 25. 75.
4545 25. 75.
4546 25. 75.
4547 25. 75.
4548 25. 75.
4549 25. 75.
4550 25. 75.
4551 25. 75.
4552 25. 75.
4553 26. 74.
4554 26. 74.
4555 26. 74.
4556 27. 73.
4557 27. 73.
4558 27. 73.
4559 27. 73.
4560 27. 73.
4561 27. 73.
4562 27. 73.
4563 27. 73.
4564 27. 73.
4565 27. 73.
4566 27. 73.
4567 27. 73.
4568 27. 73.
4569 27. 73.
4570 27. 73.
4571 27. 73.
4572 27. 73.
4573 27. 73.
4574 27. 73.
4575 27. 73.
4576 27. 73.
4577 27. 73.
4578 27. 73.
4579 27. 73.
4580 27. 73.
4581 27. 73.
4582 27. 73.
4583 27. 73.
4584 26. 74.
4585 26. 74.
4586 27. 73.
4587 27. 73.
4588 27. 73.
4589 27. 73.
4590 27. 73.
4591 27. 73.
4592 27. 73.
4593 27. 73.
4594 27. 73.
4595 27. 73.
4596 27. 73.
4597 27. 73.
4598 27. 73.
4599 27. 73.
4600 27. 73.
4601 27. 73.
4602 27. 73.
4603 26. 74.
4604 25. 75.
4605 25. 75.
4606 25. 75.
4607 25. 75.
4608 25. 75.
4609 25. 75.
4610 25. 75.
4611 25. 75.
4612 25. 75.
4613 25. 75.
4614 25. 75.
4615 25. 75.
4616 25. 75.
4617 25. 75.
4618 25. 75.
4619 25. 75.
4620 25. 75.
4621 26. 74.
4622 27. 73.
4623 28. 72.
4624 28. 72.
4625 28. 72.
4626 28. 72.
4627 28. 72.
4628 28. 72.
4629 28. 72.
4630 28. 72.
4631 28. 72.
4632 28. 72.
4633 28. 72.
4634 28. 72.
4635 27. 73.
4636 27. 73.
4637 26. 74.
4638 27. 73.
4639 27. 73.
4640 28. 72.
4641 28. 72.
4642 27. 73.
4643 27. 73.
4644 27. 73.
4645 27. 73.
4646 27. 73.
4647 26. 74.
4648 27. 73.
4649 27. 73.
4650 27. 73.
4651 28. 72.
4652 28. 72.
4653 27. 73.
4654 27. 73.
4655 28. 72.
4656 28. 72.
4657 28. 72.
4658 28. 72.
4659 27. 73.
4660 26. 74.
4661 26. 74.
4662 26. 74.
4663 26. 74.
4664 26. 74.
4665 26. 74.
4666 26. 74.
4667 26. 74.
4668 26. 74.
4669 26. 74.
4670 26. 74.
4671 26. 74.
4672 25. 75.
4673 25. 75.
4674 25. 75.
4675 25. 75.
4676 25. 75.
4677 25. 75.
4678 25. 75.
4679 24. 76.
4680 23. 77.
4681 24. 76.
4682 23. 77.
4683 23. 77.
4684 23. 77.
4685 23. 77.
4686 23. 77.
4687 23. 77.
4688 22. 78.
4689 22. 78.
4690 22. 78.
4691 22. 78.
4692 22. 78.
4693 22. 78.
4694 22. 78.
4695 22. 78.
4696 22. 78.
4697 22. 78.
4698 22. 78.
4699 23. 77.
4700 23. 77.
4701 23. 77.
4702 23. 77.
4703 23. 77.
4704 23. 77.
4705 22. 78.
4706 21. 79.
4707 22. 78.
4708 23. 77.
4709 23. 77.
4710 23. 77.
4711 22. 78.
4712 22. 78.
4713 22. 78.
4714 22. 78.
4715 22. 78.
4716 22. 78.
4717 22. 78.
4718 21. 79.
4719 22. 78.
4720 22. 78.
4721 23. 77.
4722 23. 77.
4723 23. 77.
4724 22. 78.
4725 22. 78.
4726 22. 78.
4727 22. 78.
4728 22. 78.
4729 22. 78.
4730 22. 78.
4731 22. 78.
4732 22. 78.
4733 22. 78.
4734 22. 78.
4735 22. 78.
4736 22. 78.
4737 22. 78.
4738 23. 77.
4739 23. 77.
4740 23. 77.
4741 23. 77.
4742 23. 77.
4743 23. 77.
4744 23. 77.
4745 23. 77.
4746 23. 77.
4747 23. 77.
4748 23. 77.
4749 24. 76.
4750 24. 76.
4751 24. 76.
4752 24. 76.
4753 24. 76.
4754 24. 76.
4755 23. 77.
4756 23. 77.
4757 24. 76.
4758 24. 76.
4759 25. 75.
4760 25. 75.
4761 25. 75.
4762 25. 75.
4763 25. 75.
4764 25. 75.
4765 24. 76.
4766 24. 76.
4767 24. 76.
4768 24. 76.
4769 24. 76.
4770 24. 76.
4771 25. 75.
4772 26. 74.
4773 26. 74.
4774 26. 74.
4775 26. 74.
4776 26. 74.
4777 26. 74.
4778 26. 74.
4779 26. 74.
4780 26. 74.
4781 26. 74.
4782 26. 74.
4783 26. 74.
4784 26. 74.
4785 26. 74.
4786 26. 74.
4787 26. 74.
4788 26. 74.
4789 26. 74.
4790 26. 74.
4791 26. 74.
4792 26. 74.
4793 26. 74.
4794 26. 74.
4795 26. 74.
4796 26. 74.
4797 25. 75.
4798 25. 75.
4799 25. 75.
4800 26. 74.
4801 26. 74.
4802 26. 74.
4803 26. 74.
4804 26. 74.
4805 26. 74.
4806 26. 74.
4807 27. 73.
4808 27. 73.
4809 27. 73.
4810 27. 73.
4811 27. 73.
4812 27. 73.
4813 27. 73.
4814 27. 73.
4815 27. 73.
4816 27. 73.
4817 27. 73.
4818 27. 73.
4819 27. 73.
4820 27. 73.
4821 28. 72.
4822 28. 72.
4823 28. 72.
4824 29. 71.
4825 29. 71.
4826 29. 71.
4827 29. 71.
4828 29. 71.
4829 29. 71.
4830 29. 71.
4831 29. 71.
4832 30. 70.
4833 29. 71.
4834 29. 71.
4835 29. 71.
4836 29. 71.
4837 29. 71.
4838 29. 71.
4839 29. 71.
4840 29. 71.
4841 29. 71.
4842 29. 71.
4843 29. 71.
4844 29. 71.
4845 29. 71.
4846 29. 71.
4847 29. 71.
4848 29. 71.
4849 29. 71.
4850 28. 72.
4851 28. 72.
4852 28. 72.
4853 27. 73.
4854 27. 73.
4855 27. 73.
4856 27. 73.
4857 27. 73.
4858 27. 73.
4859 27. 73.
4860 27. 73.
4861 27. 73.
4862 27. 73.
4863 27. 73.
4864 27. 73.
4865 27. 73.
4866 27. 73.
4867 27. 73.
4868 27. 73.
4869 28. 72.
4870 28. 72.
4871 28. 72.
4872 28. 72.
4873 28. 72.
4874 28. 72.
4875 28. 72.
4876 28. 72.
4877 28. 72.
4878 28. 72.
4879 28. 72.
4880 28. 72.
4881 28. 72.
4882 28. 72.
4883 28. 72.
4884 28. 72.
4885 28. 72.
4886 28. 72.
4887 28. 72.
4888 28. 72.
4889 28. 72.
4890 28. 72.
4891 28. 72.
4892 28. 72.
4893 28. 72.
4894 28. 72.
4895 28. 72.
4896 28. 72.
4897 27. 73.
4898 27. 73.
4899 27. 73.
4900 27. 73.
4901 26. 74.
4902 26. 74.
4903 26. 74.
4904 26. 74.
4905 25. 75.
4906 25. 75.
4907 25. 75.
4908 25. 75.
4909 25. 75.
4910 26. 74.
4911 26. 74.
4912 26. 74.
4913 26. 74.
4914 26. 74.
4915 25. 75.
4916 25. 75.
4917 24. 76.
4918 24. 76.
4919 24. 76.
4920 24. 76.
4921 24. 76.
4922 24. 76.
4923 25. 75.
4924 25. 75.
4925 25. 75.
4926 25. 75.
4927 26. 74.
4928 26. 74.
4929 26. 74.
4930 26. 74.
4931 26. 74.
4932 26. 74.
4933 26. 74.
4934 26. 74.
4935 26. 74.
4936 26. 74.
4937 26. 74.
4938 26. 74.
4939 26. 74.
4940 26. 74.
4941 26. 74.
4942 27. 73.
4943 27. 73.
4944 27. 73.
4945 27. 73.
4946 27. 73.
4947 27. 73.
4948 26. 74.
4949 26. 74.
4950 26. 74.
4951 26. 74.
4952 25. 75.
4953 25. 75.
4954 25. 75.
4955 25. 75.
4956 25. 75.
4957 26. 74.
4958 26. 74.
4959 27. 73.
4960 27. 73.
4961 26. 74.
4962 26. 74.
4963 27. 73.
4964 27. 73.
4965 27. 73.
4966 27. 73.
4967 27. 73.
4968 27. 73.
4969 27. 73.
4970 27. 73.
4971 27. 73.
4972 27. 73.
4973 27. 73.
4974 28. 72.
4975 28. 72.
4976 28. 72.
4977 28. 72.
4978 28. 72.
4979 28. 72.
4980 28. 72.
4981 28. 72.
4982 27. 73.
4983 27. 73.
4984 27. 73.
4985 27. 73.
4986 27. 73.
4987 26. 74.
4988 26. 74.
4989 27. 73.
4990 27. 73.
4991 27. 73.
4992 27. 73.
4993 27. 73.
4994 27. 73.
4995 27. 73.
4996 27. 73.
4997 27. 73.
4998 27. 73.
4999 27. 73.
5000 27. 73.
5001 27. 73.
5002 27. 73.
5003 27. 73.
5004 27. 73.
5005 27. 73.
5006 27. 73.
5007 26. 74.
5008 26. 74.
5009 26. 74.
5010 27. 73.
5011 26. 74.
5012 26. 74.
5013 26. 74.
5014 26. 74.
5015 27. 73.
5016 27. 73.
5017 26. 74.
5018 26. 74.
5019 27. 73.
5020 27. 73.
5021 28. 72.
5022 29. 71.
5023 29. 71.
5024 29. 71.
5025 29. 71.
5026 29. 71.
5027 29. 71.
5028 29. 71.
5029 29. 71.
5030 29. 71.
5031 30. 70.
5032 29. 71.
5033 29. 71.
5034 29. 71.
5035 29. 71.
5036 29. 71.
5037 28. 72.
5038 28. 72.
5039 29. 71.
5040 29. 71.
5041 29. 71.
5042 30. 70.
5043 29. 71.
5044 29. 71.
5045 29. 71.
5046 29. 71.
5047 30. 70.
5048 30. 70.
5049 30. 70.
5050 30. 70.
5051 30. 70.
5052 30. 70.
5053 30. 70.
5054 30. 70.
5055 30. 70.
5056 30. 70.
5057 30. 70.
5058 30. 70.
5059 30. 70.
5060 30. 70.
5061 30. 70.
5062 30. 70.
5063 30. 70.
5064 30. 70.
5065 30. 70.
5066 30. 70.
5067 30. 70.
5068 30. 70.
5069 31. 69.
5070 31. 69.
5071 32. 68.
5072 32. 68.
5073 32. 68.
5074 32. 68.
5075 32. 68.
5076 31. 69.
5077 31. 69.
5078 32. 68.
5079 32. 68.
5080 32. 68.
5081 32. 68.
5082 32. 68.
5083 32. 68.
5084 32. 68.
5085 32. 68.
5086 32. 68.
5087 32. 68.
5088 33. 67.
5089 33. 67.
5090 33. 67.
5091 33. 67.
5092 33. 67.
5093 33. 67.
5094 33. 67.
5095 33. 67.
5096 33. 67.
5097 33. 67.
5098 33. 67.
5099 33. 67.
5100 33. 67.
5101 33. 67.
5102 32. 68.
5103 33. 67.
5104 33. 67.
5105 33. 67.
5106 33. 67.
5107 33. 67.
5108 33. 67.
5109 33. 67.
5110 33. 67.
5111 33. 67.
5112 33. 67.
5113 33. 67.
5114 33. 67.
5115 33. 67.
5116 33. 67.
5117 33. 67.
5118 32. 68.
5119 32. 68.
5120 31. 69.
5121 31. 69.
5122 31. 69.
5123 30. 70.
5124 30. 70.
5125 30. 70.
5126 30. 70.
5127 31. 69.
5128 32. 68.
5129 32. 68.
5130 32. 68.
5131 33. 67.
5132 33. 67.
5133 33. 67.
5134 33. 67.
5135 33. 67.
5136 33. 67.
5137 33. 67.
5138 33. 67.
5139 33. 67.
5140 33. 67.
5141 33. 67.
5142 33. 67.
5143 33. 67.
5144 34. 66.
5145 34. 66.
5146 34. 66.
5147 34. 66.
5148 35. 65.
5149 34. 66.
5150 34. 66.
5151 35. 65.
5152 35. 65.
5153 35. 65.
5154 34. 66.
5155 34. 66.
5156 34. 66.
5157 34. 66.
5158 34. 66.
5159 34. 66.
5160 33. 67.
5161 33. 67.
5162 33. 67.
5163 33. 67.
5164 33. 67.
5165 33. 67.
5166 34. 66.
5167 33. 67.
5168 33. 67.
5169 32. 68.
5170 32. 68.
5171 32. 68.
5172 32. 68.
5173 31. 69.
5174 31. 69.
5175 31. 69.
5176 31. 69.
5177 31. 69.
5178 31. 69.
5179 30. 70.
5180 30. 70.
5181 31. 69.
5182 31. 69.
5183 31. 69.
5184 31. 69.
5185 30. 70.
5186 30. 70.
5187 30. 70.
5188 30. 70.
5189 30. 70.
5190 30. 70.
5191 30. 70.
5192 30. 70.
5193 30. 70.
5194 30. 70.
5195 30. 70.
5196 30. 70.
5197 30. 70.
5198 30. 70.
5199 30. 70.
5200 30. 70.
5201 30. 70.
5202 30. 70.
5203 30. 70.
5204 30. 70.
5205 30. 70.
5206 30. 70.
5207 30. 70.
5208 30. 70.
5209 30. 70.
5210 29. 71.
5211 29. 71.
5212 29. 71.
5213 29. 71.
5214 29. 71.
5215 29. 71.
5216 29. 71.
5217 30. 70.
5218 30. 70.
5219 30. 70.
5220 31. 69.
5221 31. 69.
5222 31. 69.
5223 32. 68.
5224 32. 68.
5225 32. 68.
5226 32. 68.
5227 32. 68.
5228 32. 68.
5229 32. 68.
5230 32. 68.
5231 32. 68.
5232 31. 69.
5233 31. 69.
5234 31. 69.
5235 30. 70.
5236 30. 70.
5237 30. 70.
5238 30. 70.
5239 31. 69.
5240 31. 69.
5241 31. 69.
5242 31. 69.
5243 31. 69.
5244 31. 69.
5245 30. 70.
5246 31. 69.
5247 31. 69.
5248 31. 69.
5249 31. 69.
5250 31. 69.
5251 31. 69.
5252 31. 69.
5253 31. 69.
5254 31. 69.
5255 31. 69.
5256 31. 69.
5257 31. 69.
5258 31. 69.
5259 31. 69.
5260 31. 69.
5261 31. 69.
5262 31. 69.
5263 31. 69.
5264 31. 69.
5265 31. 69.
5266 31. 69.
5267 31. 69.
5268 31. 69.
5269 30. 70.
5270 30. 70.
5271 30. 70.
5272 30. 70.
5273 31. 69.
5274 31. 69.
5275 31. 69.
5276 32. 68.
5277 32. 68.
5278 32. 68.
5279 32. 68.
5280 32. 68.
5281 32. 68.
5282 32. 68.
5283 32. 68.
5284 32. 68.
5285 32. 68.
5286 32. 68.
5287 32. 68.
5288 32. 68.
5289 32. 68.
5290 32. 68.
5291 32. 68.
5292 31. 69.
5293 31. 69.
5294 31. 69.
5295 32. 68.
5296 32. 68.
5297 32. 68.
5298 31. 69.
5299 30. 70.
5300 30. 70.
5301 30. 70.
5302 30. 70.
5303 31. 69.
5304 31. 69.
5305 31. 69.
5306 30. 70.
5307 30. 70.
5308 29. 71.
5309 29. 71.
5310 29. 71.
5311 29. 71.
5312 29. 71.
5313 30. 70.
5314 30. 70.
5315 30. 70.
5316 30. 70.
5317 30. 70.
5318 30. 70.
5319 30. 70.
5320 30. 70.
5321 30. 70.
5322 31. 69.
5323 31. 69.
5324 30. 70.
5325 30. 70.
5326 30. 70.
5327 31. 69.
5328 31. 69.
5329 31. 69.
5330 31. 69.
5331 30. 70.
5332 29. 71.
5333 29. 71.
5334 30. 70.
5335 30. 70.
5336 30. 70.
5337 30. 70.
5338 31. 69.
5339 31. 69.
5340 32. 68.
5341 31. 69.
5342 31. 69.
5343 31. 69.
5344 30. 70.
5345 30. 70.
5346 30. 70.
5347 30. 70.
5348 30. 70.
5349 30. 70.
5350 30. 70.
5351 29. 71.
5352 29. 71.
5353 30. 70.
5354 29. 71.
5355 29. 71.
5356 29. 71.
5357 29. 71.
5358 30. 70.
5359 30. 70.
5360 31. 69.
5361 32. 68.
5362 31. 69.
5363 31. 69.
5364 32. 68.
5365 32. 68.
5366 32. 68.
5367 32. 68.
5368 32. 68.
5369 32. 68.
5370 32. 68.
5371 33. 67.
5372 33. 67.
5373 33. 67.
5374 34. 66.
5375 34. 66.
5376 34. 66.
5377 34. 66.
5378 34. 66.
5379 33. 67.
5380 32. 68.
5381 32. 68.
5382 33. 67.
5383 33. 67.
5384 33. 67.
5385 33. 67.
5386 34. 66.
5387 34. 66.
5388 34. 66.
5389 34. 66.
5390 34. 66.
5391 34. 66.
5392 33. 67.
5393 34. 66.
5394 34. 66.
5395 35. 65.
5396 35. 65.
5397 35. 65.
5398 35. 65.
5399 35. 65.
5400 35. 65.
5401 35. 65.
5402 35. 65.
5403 35. 65.
5404 35. 65.
5405 35. 65.
5406 35. 65.
5407 35. 65.
5408 35. 65.
5409 34. 66.
5410 35. 65.
5411 35. 65.
5412 36. 64.
5413 36. 64.
5414 36. 64.
5415 36. 64.
5416 36. 64.
5417 36. 64.
5418 36. 64.
5419 36. 64.
5420 37. 63.
5421 37. 63.
5422 37. 63.
5423 37. 63.
5424 37. 63.
5425 37. 63.
5426 37. 63.
5427 37. 63.
5428 38. 62.
5429 38. 62.
5430 37. 63.
5431 37. 63.
5432 37. 63.
5433 37. 63.
5434 37. 63.
5435 36. 64.
5436 36. 64.
5437 35. 65.
5438 35. 65.
5439 35. 65.
5440 35. 65.
5441 35. 65.
5442 35. 65.
5443 35. 65.
5444 35. 65.
5445 35. 65.
5446 35. 65.
5447 34. 66.
5448 35. 65.
5449 35. 65.
5450 36. 64.
5451 36. 64.
5452 36. 64.
5453 36. 64.
5454 36. 64.
5455 36. 64.
5456 37. 63.
5457 37. 63.
5458 37. 63.
5459 37. 63.
5460 37. 63.
5461 36. 64.
5462 36. 64.
5463 36. 64.
5464 36. 64.
5465 36. 64.
5466 36. 64.
5467 35. 65.
5468 36. 64.
5469 36. 64.
5470 35. 65.
5471 35. 65.
5472 35. 65.
5473 36. 64.
5474 36. 64.
5475 36. 64.
5476 36. 64.
5477 36. 64.
5478 36. 64.
5479 35. 65.
5480 35. 65.
5481 35. 65.
5482 34. 66.
5483 34. 66.
5484 34. 66.
5485 33. 67.
5486 33. 67.
5487 34. 66.
5488 34. 66.
5489 34. 66.
5490 34. 66.
5491 34. 66.
5492 33. 67.
5493 34. 66.
5494 33. 67.
5495 33. 67.
5496 32. 68.
5497 32. 68.
5498 32. 68.
5499 32. 68.
5500 32. 68.
5501 33. 67.
5502 33. 67.
5503 33. 67.
5504 33. 67.
5505 32. 68.
5506 32. 68.
5507 32. 68.
5508 32. 68.
5509 32. 68.
5510 32. 68.
5511 33. 67.
5512 33. 67.
5513 33. 67.
5514 33. 67.
5515 33. 67.
5516 32. 68.
5517 32. 68.
5518 32. 68.
5519 32. 68.
5520 32. 68.
5521 32. 68.
5522 32. 68.
5523 32. 68.
5524 32. 68.
5525 33. 67.
5526 33. 67.
5527 33. 67.
5528 33. 67.
5529 33. 67.
5530 33. 67.
5531 33. 67.
5532 33. 67.
5533 32. 68.
5534 32. 68.
5535 32. 68.
5536 31. 69.
5537 31. 69.
5538 30. 70.
5539 30. 70.
5540 30. 70.
5541 30. 70.
5542 30. 70.
5543 30. 70.
5544 29. 71.
5545 29. 71.
5546 29. 71.
5547 29. 71.
5548 29. 71.
5549 29. 71.
5550 29. 71.
5551 29. 71.
5552 29. 71.
5553 29. 71.
5554 29. 71.
5555 29. 71.
5556 29. 71.
5557 30. 70.
5558 30. 70.
5559 30. 70.
5560 30. 70.
5561 30. 70.
5562 31. 69.
5563 31. 69.
5564 31. 69.
5565 30. 70.
5566 30. 70.
5567 30. 70.
5568 30. 70.
5569 30. 70.
5570 30. 70.
5571 30. 70.
5572 30. 70.
5573 30. 70.
5574 31. 69.
5575 31. 69.
5576 31. 69.
5577 31. 69.
5578 31. 69.
5579 32. 68.
5580 32. 68.
5581 32. 68.
5582 32. 68.
5583 32. 68.
5584 32. 68.
5585 32. 68.
5586 32. 68.
5587 32. 68.
5588 32. 68.
5589 32. 68.
5590 32. 68.
5591 32. 68.
5592 32. 68.
5593 32. 68.
5594 33. 67.
5595 33. 67.
5596 33. 67.
5597 33. 67.
5598 34. 66.
5599 34. 66.
5600 34. 66.
5601 34. 66.
5602 34. 66.
5603 34. 66.
5604 34. 66.
5605 34. 66.
5606 34. 66.
5607 33. 67.
5608 33. 67.
5609 33. 67.
5610 33. 67.
5611 33. 67.
5612 33. 67.
5613 33. 67.
5614 33. 67.
5615 33. 67.
5616 33. 67.
5617 33. 67.
5618 33. 67.
5619 32. 68.
5620 32. 68.
5621 32. 68.
5622 32. 68.
5623 32. 68.
5624 32. 68.
5625 32. 68.
5626 32. 68.
5627 31. 69.
5628 31. 69.
5629 31. 69.
5630 30. 70.
5631 31. 69.
5632 31. 69.
5633 31. 69.
5634 31. 69.
5635 31. 69.
5636 31. 69.
5637 31. 69.
5638 31. 69.
5639 31. 69.
5640 31. 69.
5641 30. 70.
5642 31. 69.
5643 31. 69.
5644 31. 69.
5645 31. 69.
5646 31. 69.
5647 31. 69.
5648 31. 69.
5649 31. 69.
5650 30. 70.
5651 30. 70.
5652 30. 70.
5653 30. 70.
5654 30. 70.
5655 30. 70.
5656 31. 69.
5657 31. 69.
5658 31. 69.
5659 30. 70.
5660 30. 70.
5661 30. 70.
5662 30. 70.
5663 30. 70.
5664 30. 70.
5665 30. 70.
5666 30. 70.
5667 30. 70.
5668 30. 70.
5669 31. 69.
5670 31. 69.
5671 31. 69.
5672 31. 69.
5673 32. 68.
5674 32. 68.
5675 32. 68.
5676 32. 68.
5677 32. 68.
5678 33. 67.
5679 33. 67.
5680 34. 66.
5681 34. 66.
5682 34. 66.
5683 34. 66.
5684 34. 66.
5685 34. 66.
5686 34. 66.
5687 34. 66.
5688 34. 66.
5689 34. 66.
5690 34. 66.
5691 34. 66.
5692 34. 66.
5693 33. 67.
5694 33. 67.
5695 33. 67.
5696 33. 67.
5697 33. 67.
5698 33. 67.
5699 32. 68.
5700 32. 68.
5701 32. 68.
5702 32. 68.
5703 32. 68.
5704 32. 68.
5705 32. 68.
5706 32. 68.
5707 32. 68.
5708 32. 68.
5709 32. 68.
5710 32. 68.
5711 32. 68.
5712 32. 68.
5713 32. 68.
5714 33. 67.
5715 33. 67.
5716 33. 67.
5717 33. 67.
5718 34. 66.
5719 34. 66.
5720 34. 66.
5721 33. 67.
5722 34. 66.
5723 34. 66.
5724 34. 66.
5725 34. 66.
5726 33. 67.
5727 33. 67.
5728 33. 67.
5729 33. 67.
5730 32. 68.
5731 33. 67.
5732 33. 67.
5733 33. 67.
5734 33. 67.
5735 33. 67.
5736 33. 67.
5737 33. 67.
5738 33. 67.
5739 33. 67.
5740 33. 67.
5741 33. 67.
5742 33. 67.
5743 33. 67.
5744 33. 67.
5745 32. 68.
5746 31. 69.
5747 30. 70.
5748 30. 70.
5749 30. 70.
5750 30. 70.
5751 30. 70.
5752 30. 70.
5753 30. 70.
5754 30. 70.
5755 30. 70.
5756 30. 70.
5757 30. 70.
5758 29. 71.
5759 29. 71.
5760 29. 71.
5761 29. 71.
5762 29. 71.
5763 29. 71.
5764 29. 71.
5765 29. 71.
5766 29. 71.
5767 29. 71.
5768 29. 71.
5769 29. 71.
5770 29. 71.
5771 30. 70.
5772 30. 70.
5773 30. 70.
5774 30. 70.
5775 30. 70.
5776 30. 70.
5777 30. 70.
5778 30. 70.
5779 30. 70.
5780 30. 70.
5781 31. 69.
5782 30. 70.
5783 30. 70.
5784 31. 69.
5785 31. 69.
5786 31. 69.
5787 31. 69.
5788 31. 69.
5789 30. 70.
5790 30. 70.
5791 30. 70.
5792 30. 70.
5793 30. 70.
5794 29. 71.
5795 29. 71.
5796 30. 70.
5797 30. 70.
5798 30. 70.
5799 31. 69.
5800 31. 69.
5801 31. 69.
5802 31. 69.
5803 30. 70.
5804 30. 70.
5805 30. 70.
5806 30. 70.
5807 31. 69.
5808 31. 69.
5809 31. 69.
5810 31. 69.
5811 31. 69.
5812 31. 69.
5813 31. 69.
5814 32. 68.
5815 32. 68.
5816 32. 68.
5817 31. 69.
5818 31. 69.
5819 31. 69.
5820 31. 69.
5821 31. 69.
5822 31. 69.
5823 30. 70.
5824 30. 70.
5825 30. 70.
5826 30. 70.
5827 30. 70.
5828 30. 70.
5829 29. 71.
5830 29. 71.
5831 29. 71.
5832 29. 71.
5833 29. 71.
5834 29. 71.
5835 30. 70.
5836 30. 70.
5837 29. 71.
5838 28. 72.
5839 28. 72.
5840 27. 73.
5841 27. 73.
5842 27. 73.
5843 26. 74.
5844 25. 75.
5845 26. 74.
5846 25. 75.
5847 25. 75.
5848 24. 76.
5849 24. 76.
5850 24. 76.
5851 24. 76.
5852 24. 76.
5853 24. 76.
5854 24. 76.
5855 24. 76.
5856 24. 76.
5857 24. 76.
5858 24. 76.
5859 24. 76.
5860 24. 76.
5861 24. 76.
5862 24. 76.
5863 24. 76.
5864 24. 76.
5865 24. 76.
5866 24. 76.
5867 24. 76.
5868 24. 76.
5869 24. 76.
5870 23. 77.
5871 23. 77.
5872 23. 77.
5873 23. 77.
5874 22. 78.
5875 23. 77.
5876 23. 77.
5877 23. 77.
5878 23. 77.
5879 23. 77.
5880 23. 77.
5881 22. 78.
5882 22. 78.
5883 22. 78.
5884 22. 78.
5885 22. 78.
5886 22. 78.
5887 22. 78.
5888 22. 78.
5889 22. 78.
5890 23. 77.
5891 22. 78.
5892 22. 78.
5893 23. 77.
5894 23. 77.
5895 23. 77.
5896 23. 77.
5897 24. 76.
5898 24. 76.
5899 24. 76.
5900 23. 77.
5901 22. 78.
5902 22. 78.
5903 22. 78.
5904 22. 78.
5905 22. 78.
5906 21. 79.
5907 21. 79.
5908 21. 79.
5909 21. 79.
5910 21. 79.
5911 22. 78.
5912 22. 78.
5913 22. 78.
5914 22. 78.
5915 22. 78.
5916 23. 77.
5917 23. 77.
5918 23. 77.
5919 23. 77.
5920 23. 77.
5921 23. 77.
5922 23. 77.
5923 23. 77.
5924 23. 77.
5925 23. 77.
5926 23. 77.
5927 23. 77.
5928 23. 77.
5929 23. 77.
5930 23. 77.
5931 23. 77.
5932 23. 77.
5933 23. 77.
5934 23. 77.
5935 23. 77.
5936 24. 76.
5937 24. 76.
5938 24. 76.
5939 24. 76.
5940 24. 76.
5941 24. 76.
5942 24. 76.
5943 24. 76.
5944 24. 76.
5945 24. 76.
5946 24. 76.
5947 24. 76.
5948 24. 76.
5949 24. 76.
5950 25. 75.
5951 25. 75.
5952 25. 75.
5953 25. 75.
5954 25. 75.
5955 25. 75.
5956 24. 76.
5957 24. 76.
5958 24. 76.
5959 24. 76.
5960 24. 76.
5961 24. 76.
5962 24. 76.
5963 24. 76.
5964 24. 76.
5965 24. 76.
5966 25. 75.
5967 25. 75.
5968 25. 75.
5969 25. 75.
5970 25. 75.
5971 24. 76.
5972 23. 77.
5973 23. 77.
5974 24. 76.
5975 24. 76.
5976 24. 76.
5977 24. 76.
5978 24. 76.
5979 24. 76.
5980 23. 77.
5981 23. 77.
5982 22. 78.
5983 22. 78.
5984 22. 78.
5985 22. 78.
5986 22. 78.
5987 22. 78.
5988 23. 77.
5989 23. 77.
5990 24. 76.
5991 24. 76.
5992 24. 76.
5993 24. 76.
5994 24. 76.
5995 24. 76.
5996 24. 76.
5997 24. 76.
5998 24. 76.
5999 23. 77.
6000 23. 77.
6001 23. 77.
6002 23. 77.
6003 23. 77.
6004 23. 77.
6005 24. 76.
6006 24. 76.
6007 24. 76.
6008 23. 77.
6009 23. 77.
6010 23. 77.
6011 24. 76.
6012 24. 76.
6013 23. 77.
6014 23. 77.
6015 23. 77.
6016 23. 77.
6017 23. 77.
6018 23. 77.
6019 23. 77.
6020 23. 77.
6021 24. 76.
6022 23. 77.
6023 23. 77.
6024 23. 77.
6025 23. 77.
6026 23. 77.
6027 23. 77.
6028 23. 77.
6029 22. 78.
6030 22. 78.
6031 22. 78.
6032 22. 78.
6033 22. 78.
6034 22. 78.
6035 22. 78.
6036 22. 78.
6037 22. 78.
6038 22. 78.
6039 22. 78.
6040 22. 78.
6041 22. 78.
6042 22. 78.
6043 22. 78.
6044 22. 78.
6045 22. 78.
6046 22. 78.
6047 22. 78.
6048 23. 77.
6049 23. 77.
6050 23. 77.
6051 23. 77.
6052 23. 77.
6053 23. 77.
6054 24. 76.
6055 24. 76.
6056 25. 75.
6057 24. 76.
6058 24. 76.
6059 23. 77.
6060 23. 77.
6061 23. 77.
6062 23. 77.
6063 23. 77.
6064 23. 77.
6065 23. 77.
6066 22. 78.
6067 22. 78.
6068 22. 78.
6069 21. 79.
6070 21. 79.
6071 22. 78.
6072 22. 78.
6073 21. 79.
6074 21. 79.
6075 22. 78.
6076 22. 78.
6077 22. 78.
6078 22. 78.
6079 22. 78.
6080 22. 78.
6081 22. 78.
6082 22. 78.
6083 22. 78.
6084 22. 78.
6085 22. 78.
6086 23. 77.
6087 23. 77.
6088 23. 77.
6089 23. 77.
6090 23. 77.
6091 22. 78.
6092 22. 78.
6093 22. 78.
6094 22. 78.
6095 22. 78.
6096 22. 78.
6097 22. 78.
6098 22. 78.
6099 22. 78.
6100 22. 78.
6101 22. 78.
6102 22. 78.
6103 22. 78.
6104 22. 78.
6105 22. 78.
6106 22. 78.
6107 21. 79.
6108 21. 79.
6109 21. 79.
6110 21. 79.
6111 21. 79.
6112 22. 78.
6113 22. 78.
6114 22. 78.
6115 23. 77.
6116 23. 77.
6117 23. 77.
6118 23. 77.
6119 24. 76.
6120 25. 75.
6121 26. 74.
6122 26. 74.
6123 26. 74.
6124 26. 74.
6125 26. 74.
6126 26. 74.
6127 26. 74.
6128 26. 74.
6129 27. 73.
6130 27. 73.
6131 26. 74.
6132 26. 74.
6133 26. 74.
6134 26. 74.
6135 26. 74.
6136 26. 74.
6137 25. 75.
6138 25. 75.
6139 25. 75.
6140 25. 75.
6141 25. 75.
6142 25. 75.
6143 25. 75.
6144 25. 75.
6145 25. 75.
6146 25. 75.
6147 25. 75.
6148 25. 75.
6149 25. 75.
6150 25. 75.
6151 25. 75.
6152 25. 75.
6153 25. 75.
6154 25. 75.
6155 24. 76.
6156 24. 76.
6157 24. 76.
6158 24. 76.
6159 24. 76.
6160 24. 76.
6161 24. 76.
6162 24. 76.
6163 24. 76.
6164 24. 76.
6165 24. 76.
6166 24. 76.
6167 24. 76.
6168 24. 76.
6169 24. 76.
6170 24. 76.
6171 24. 76.
6172 23. 77.
6173 23. 77.
6174 23. 77.
6175 23. 77.
6176 23. 77.
6177 23. 77.
6178 23. 77.
6179 22. 78.
6180 22. 78.
6181 23. 77.
6182 23. 77.
6183 23. 77.
6184 23. 77.
6185 23. 77.
6186 23. 77.
6187 23. 77.
6188 22. 78.
6189 22. 78.
6190 22. 78.
6191 22. 78.
6192 22. 78.
6193 22. 78.
6194 22. 78.
6195 22. 78.
6196 22. 78.
6197 23. 77.
6198 23. 77.
6199 22. 78.
6200 22. 78.
6201 22. 78.
6202 23. 77.
6203 23. 77.
6204 23. 77.
6205 23. 77.
6206 23. 77.
6207 23. 77.
6208 23. 77.
6209 23. 77.
6210 24. 76.
6211 24. 76.
6212 24. 76.
6213 24. 76.
6214 24. 76.
6215 24. 76.
6216 24. 76.
6217 24. 76.
6218 24. 76.
6219 24. 76.
6220 24. 76.
6221 24. 76.
6222 24. 76.
6223 24. 76.
6224 24. 76.
6225 24. 76.
6226 25. 75.
6227 25. 75.
6228 25. 75.
6229 25. 75.
6230 25. 75.
6231 25. 75.
6232 25. 75.
6233 25. 75.
6234 26. 74.
6235 26. 74.
6236 26. 74.
6237 26. 74.
6238 26. 74.
6239 26. 74.
6240 26. 74.
6241 26. 74.
6242 26. 74.
6243 26. 74.
6244 26. 74.
6245 26. 74.
6246 26. 74.
6247 26. 74.
6248 26. 74.
6249 26. 74.
6250 26. 74.
6251 26. 74.
6252 26. 74.
6253 25. 75.
6254 25. 75.
6255 25. 75.
6256 26. 74.
6257 26. 74.
6258 26. 74.
6259 26. 74.
6260 26. 74.
6261 26. 74.
6262 26. 74.
6263 26. 74.
6264 26. 74.
6265 27. 73.
6266 27. 73.
6267 27. 73.
6268 27. 73.
6269 27. 73.
6270 27. 73.
6271 27. 73.
6272 28. 72.
6273 28. 72.
6274 27. 73.
6275 27. 73.
6276 27. 73.
6277 27. 73.
6278 27. 73.
6279 27. 73.
6280 27. 73.
6281 26. 74.
6282 26. 74.
6283 26. 74.
6284 26. 74.
6285 26. 74.
6286 26. 74.
6287 26. 74.
6288 26. 74.
6289 26. 74.
6290 25. 75.
6291 25. 75.
6292 24. 76.
6293 24. 76.
6294 24. 76.
6295 23. 77.
6296 23. 77.
6297 23. 77.
6298 23. 77.
6299 23. 77.
6300 23. 77.
6301 23. 77.
6302 23. 77.
6303 23. 77.
6304 23. 77.
6305 22. 78.
6306 22. 78.
6307 22. 78.
6308 21. 79.
6309 21. 79.
6310 21. 79.
6311 21. 79.
6312 21. 79.
6313 21. 79.
6314 21. 79.
6315 21. 79.
6316 21. 79.
6317 21. 79.
6318 21. 79.
6319 21. 79.
6320 21. 79.
6321 21. 79.
6322 21. 79.
6323 20. 80.
6324 20. 80.
6325 20. 80.
6326 20. 80.
6327 20. 80.
6328 21. 79.
6329 21. 79.
6330 21. 79.
6331 21. 79.
6332 21. 79.
6333 21. 79.
6334 21. 79.
6335 21. 79.
6336 21. 79.
6337 21. 79.
6338 21. 79.
6339 21. 79.
6340 21. 79.
6341 21. 79.
6342 22. 78.
6343 22. 78.
6344 22. 78.
6345 22. 78.
6346 22. 78.
6347 22. 78.
6348 22. 78.
6349 22. 78.
6350 22. 78.
6351 22. 78.
6352 22. 78.
6353 22. 78.
6354 21. 79.
6355 22. 78.
6356 22. 78.
6357 22. 78.
6358 22. 78.
6359 22. 78.
6360 22. 78.
6361 22. 78.
6362 22. 78.
6363 22. 78.
6364 22. 78.
6365 22. 78.
6366 22. 78.
6367 22. 78.
6368 22. 78.
6369 21. 79.
6370 21. 79.
6371 21. 79.
6372 21. 79.
6373 22. 78.
6374 22. 78.
6375 22. 78.
6376 22. 78.
6377 22. 78.
6378 22. 78.
6379 22. 78.
6380 21. 79.
6381 21. 79.
6382 21. 79.
6383 21. 79.
6384 21. 79.
6385 21. 79.
6386 21. 79.
6387 21. 79.
6388 21. 79.
6389 21. 79.
6390 21. 79.
6391 21. 79.
6392 21. 79.
6393 21. 79.
6394 20. 80.
6395 20. 80.
6396 20. 80.
6397 20. 80.
6398 20. 80.
6399 20. 80.
6400 20. 80.
6401 20. 80.
6402 20. 80.
6403 20. 80.
6404 20. 80.
6405 20. 80.
6406 20. 80.
6407 20. 80.
6408 20. 80.
6409 19. 81.
6410 18. 82.
6411 18. 82.
6412 18. 82.
6413 18. 82.
6414 18. 82.
6415 18. 82.
6416 18. 82.
6417 18. 82.
6418 18. 82.
6419 18. 82.
6420 17. 83.
6421 17. 83.
6422 17. 83.
6423 17. 83.
6424 17. 83.
6425 17. 83.
6426 17. 83.
6427 17. 83.
6428 17. 83.
6429 17. 83.
6430 17. 83.
6431 17. 83.
6432 17. 83.
6433 17. 83.
6434 17. 83.
6435 17. 83.
6436 17. 83.
6437 17. 83.
6438 17. 83.
6439 17. 83.
6440 17. 83.
6441 17. 83.
6442 17. 83.
6443 17. 83.
6444 17. 83.
6445 17. 83.
6446 16. 84.
6447 16. 84.
6448 16. 84.
6449 16. 84.
6450 17. 83.
6451 17. 83.
6452 17. 83.
6453 17. 83.
6454 16. 84.
6455 16. 84.
6456 16. 84.
6457 16. 84.
6458 16. 84.
6459 16. 84.
6460 16. 84.
6461 16. 84.
6462 16. 84.
6463 16. 84.
6464 16. 84.
6465 16. 84.
6466 15. 85.
6467 15. 85.
6468 15. 85.
6469 16. 84.
6470 15. 85.
6471 14. 86.
6472 14. 86.
6473 14. 86.
6474 14. 86.
6475 14. 86.
6476 14. 86.
6477 14. 86.
6478 14. 86.
6479 14. 86.
6480 14. 86.
6481 14. 86.
6482 14. 86.
6483 14. 86.
6484 15. 85.
6485 15. 85.
6486 15. 85.
6487 15. 85.
6488 15. 85.
6489 15. 85.
6490 15. 85.
6491 15. 85.
6492 15. 85.
6493 15. 85.
6494 15. 85.
6495 15. 85.
6496 14. 86.
6497 14. 86.
6498 14. 86.
6499 14. 86.
6500 13. 87.
6501 13. 87.
6502 13. 87.
6503 14. 86.
6504 14. 86.
6505 14. 86.
6506 14. 86.
6507 13. 87.
6508 12. 88.
6509 12. 88.
6510 12. 88.
6511 12. 88.
6512 12. 88.
6513 11. 89.
6514 11. 89.
6515 11. 89.
6516 11. 89.
6517 11. 89.
6518 11. 89.
6519 11. 89.
6520 10. 90.
6521 11. 89.
6522 11. 89.
6523 10. 90.
6524 11. 89.
6525 11. 89.
6526 11. 89.
6527 11. 89.
6528 11. 89.
6529 11. 89.
6530 11. 89.
6531 11. 89.
6532 12. 88.
6533 12. 88.
6534 12. 88.
6535 12. 88.
6536 12. 88.
6537 12. 88.
6538 12. 88.
6539 12. 88.
6540 12. 88.
6541 12. 88.
6542 11. 89.
6543 11. 89.
6544 11. 89.
6545 11. 89.
6546 11. 89.
6547 11. 89.
6548 11. 89.
6549 11. 89.
6550 12. 88.
6551 12. 88.
6552 12. 88.
6553 12. 88.
6554 12. 88.
6555 12. 88.
6556 12. 88.
6557 12. 88.
6558 12. 88.
6559 12. 88.
6560 12. 88.
6561 13. 87.
6562 13. 87.
6563 13. 87.
6564 13. 87.
6565 13. 87.
6566 13. 87.
6567 13. 87.
6568 12. 88.
6569 12. 88.
6570 12. 88.
6571 12. 88.
6572 12. 88.
6573 12. 88.
6574 11. 89.
6575 11. 89.
6576 11. 89.
6577 11. 89.
6578 11. 89.
6579 11. 89.
6580 11. 89.
6581 11. 89.
6582 11. 89.
6583 11. 89.
6584 11. 89.
6585 11. 89.
6586 11. 89.
6587 11. 89.
6588 11. 89.
6589 11. 89.
6590 10. 90.
6591 10. 90.
6592 10. 90.
6593 9. 91.
6594 9. 91.
6595 9. 91.
6596 9. 91.
6597 9. 91.
6598 9. 91.
6599 9. 91.
6600 9. 91.
6601 9. 91.
6602 9. 91.
6603 9. 91.
6604 9. 91.
6605 9. 91.
6606 9. 91.
6607 9. 91.
6608 9. 91.
6609 9. 91.
6610 10. 90.
6611 10. 90.
6612 10. 90.
6613 10. 90.
6614 10. 90.
6615 10. 90.
6616 9. 91.
6617 9. 91.
6618 9. 91.
6619 9. 91.
6620 9. 91.
6621 9. 91.
6622 9. 91.
6623 9. 91.
6624 9. 91.
6625 9. 91.
6626 9. 91.
6627 8. 92.
6628 8. 92.
6629 8. 92.
6630 8. 92.
6631 8. 92.
6632 8. 92.
6633 8. 92.
6634 8. 92.
6635 8. 92.
6636 8. 92.
6637 8. 92.
6638 8. 92.
6639 8. 92.
6640 8. 92.
6641 8. 92.
6642 8. 92.
6643 8. 92.
6644 8. 92.
6645 8. 92.
6646 8. 92.
6647 8. 92.
6648 8. 92.
6649 8. 92.
6650 8. 92.
6651 8. 92.
6652 8. 92.
6653 8. 92.
6654 8. 92.
6655 8. 92.
6656 8. 92.
6657 8. 92.
6658 8. 92.
6659 8. 92.
6660 7. 93.
6661 7. 93.
6662 7. 93.
6663 7. 93.
6664 7. 93.
6665 8. 92.
6666 8. 92.
6667 8. 92.
6668 8. 92.
6669 8. 92.
6670 8. 92.
6671 8. 92.
6672 8. 92.
6673 8. 92.
6674 8. 92.
6675 8. 92.
6676 8. 92.
6677 8. 92.
6678 8. 92.
6679 8. 92.
6680 8. 92.
6681 8. 92.
6682 9. 91.
6683 9. 91.
6684 9. 91.
6685 9. 91.
6686 9. 91.
6687 9. 91.
6688 9. 91.
6689 9. 91.
6690 9. 91.
6691 9. 91.
6692 9. 91.
6693 9. 91.
6694 8. 92.
6695 8. 92.
6696 8. 92.
6697 8. 92.
6698 8. 92.
6699 8. 92.
6700 8. 92.
6701 8. 92.
6702 9. 91.
6703 10. 90.
6704 10. 90.
6705 10. 90.
6706 10. 90.
6707 10. 90.
6708 10. 90.
6709 10. 90.
6710 10. 90.
6711 10. 90.
6712 10. 90.
6713 10. 90.
6714 10. 90.
6715 10. 90.
6716 10. 90.
6717 10. 90.
6718 10. 90.
6719 10. 90.
6720 10. 90.
6721 10. 90.
6722 10. 90.
6723 10. 90.
6724 10. 90.
6725 9. 91.
6726 9. 91.
6727 9. 91.
6728 9. 91.
6729 9. 91.
6730 9. 91.
6731 9. 91.
6732 10. 90.
6733 10. 90.
6734 9. 91.
6735 9. 91.
6736 10. 90.
6737 10. 90.
6738 10. 90.
6739 10. 90.
6740 10. 90.
6741 10. 90.
6742 10. 90.
6743 10. 90.
6744 9. 91.
6745 9. 91.
6746 9. 91.
6747 9. 91.
6748 9. 91.
6749 9. 91.
6750 9. 91.
6751 8. 92.
6752 8. 92.
6753 8. 92.
6754 8. 92.
6755 8. 92.
6756 8. 92.
6757 8. 92.
6758 8. 92.
6759 8. 92.
6760 8. 92.
6761 8. 92.
6762 8. 92.
6763 7. 93.
6764 7. 93.
6765 7. 93.
6766 7. 93.
6767 7. 93.
6768 7. 93.
6769 7. 93.
6770 7. 93.
6771 7. 93.
6772 7. 93.
6773 7. 93.
6774 7. 93.
6775 6. 94.
6776 6. 94.
6777 6. 94.
6778 6. 94.
6779 6. 94.
6780 6. 94.
6781 6. 94.
6782 6. 94.
6783 6. 94.
6784 6. 94.
6785 6. 94.
6786 6. 94.
6787 6. 94.
6788 6. 94.
6789 6. 94.
6790 6. 94.
6791 6. 94.
6792 6. 94.
6793 6. 94.
6794 6. 94.
6795 6. 94.
6796 6. 94.
6797 6. 94.
6798 6. 94.
6799 6. 94.
6800 6. 94.
6801 7. 93.
6802 7. 93.
6803 7. 93.
6804 7. 93.
6805 7. 93.
6806 7. 93.
6807 7. 93.
6808 7. 93.
6809 7. 93.
6810 7. 93.
6811 7. 93.
6812 8. 92.
6813 8. 92.
6814 8. 92.
6815 8. 92.
6816 8. 92.
6817 8. 92.
6818 8. 92.
6819 8. 92.
6820 8. 92.
6821 8. 92.
6822 8. 92.
6823 8. 92.
6824 8. 92.
6825 8. 92.
6826 8. 92.
6827 8. 92.
6828 8. 92.
6829 8. 92.
6830 8. 92.
6831 8. 92.
6832 8. 92.
6833 8. 92.
6834 8. 92.
6835 8. 92.
6836 8. 92.
6837 8. 92.
6838 8. 92.
6839 8. 92.
6840 8. 92.
6841 8. 92.
6842 8. 92.
6843 8. 92.
6844 8. 92.
6845 8. 92.
6846 8. 92.
6847 8. 92.
6848 8. 92.
6849 8. 92.
6850 8. 92.
6851 8. 92.
6852 8. 92.
6853 8. 92.
6854 8. 92.
6855 8. 92.
6856 8. 92.
6857 8. 92.
6858 9. 91.
6859 9. 91.
6860 9. 91.
6861 9. 91.
6862 9. 91.
6863 9. 91.
6864 9. 91.
6865 9. 91.
6866 9. 91.
6867 8. 92.
6868 8. 92.
6869 8. 92.
6870 9. 91.
6871 9. 91.
6872 9. 91.
6873 9. 91.
6874 9. 91.
6875 8. 92.
6876 8. 92.
6877 8. 92.
6878 8. 92.
6879 8. 92.
6880 8. 92.
6881 8. 92.
6882 8. 92.
6883 8. 92.
6884 8. 92.
6885 8. 92.
6886 8. 92.
6887 8. 92.
6888 8. 92.
6889 8. 92.
6890 8. 92.
6891 8. 92.
6892 8. 92.
6893 8. 92.
6894 8. 92.
6895 8. 92.
6896 8. 92.
6897 8. 92.
6898 7. 93.
6899 7. 93.
6900 7. 93.
6901 7. 93.
6902 7. 93.
6903 7. 93.
6904 7. 93.
6905 7. 93.
6906 7. 93.
6907 7. 93.
6908 7. 93.
6909 7. 93.
6910 7. 93.
6911 7. 93.
6912 7. 93.
6913 7. 93.
6914 7. 93.
6915 7. 93.
6916 7. 93.
6917 7. 93.
6918 7. 93.
6919 7. 93.
6920 7. 93.
6921 7. 93.
6922 7. 93.
6923 7. 93.
6924 7. 93.
6925 7. 93.
6926 7. 93.
6927 8. 92.
6928 8. 92.
6929 8. 92.
6930 8. 92.
6931 8. 92.
6932 8. 92.
6933 8. 92.
6934 8. 92.
6935 8. 92.
6936 8. 92.
6937 8. 92.
6938 8. 92.
6939 8. 92.
6940 8. 92.
6941 8. 92.
6942 8. 92.
6943 8. 92.
6944 8. 92.
6945 8. 92.
6946 8. 92.
6947 8. 92.
6948 8. 92.
6949 8. 92.
6950 9. 91.
6951 9. 91.
6952 9. 91.
6953 9. 91.
6954 9. 91.
6955 9. 91.
6956 9. 91.
6957 9. 91.
6958 9. 91.
6959 9. 91.
6960 9. 91.
6961 9. 91.
6962 9. 91.
6963 9. 91.
6964 9. 91.
6965 9. 91.
6966 9. 91.
6967 9. 91.
6968 8. 92.
6969 8. 92.
6970 8. 92.
6971 8. 92.
6972 8. 92.
6973 8. 92.
6974 8. 92.
6975 8. 92.
6976 8. 92.
6977 8. 92.
6978 8. 92.
6979 8. 92.
6980 8. 92.
6981 8. 92.
6982 9. 91.
6983 9. 91.
6984 9. 91.
6985 9. 91.
6986 9. 91.
6987 9. 91.
6988 9. 91.
6989 9. 91.
6990 9. 91.
6991 9. 91.
6992 9. 91.
6993 9. 91.
6994 9. 91.
6995 9. 91.
6996 9. 91.
6997 9. 91.
6998 9. 91.
6999 9. 91.
7000 9. 91.
7001 9. 91.
7002 8. 92.
7003 8. 92.
7004 8. 92.
7005 8. 92.
7006 8. 92.
7007 8. 92.
7008 8. 92.
7009 8. 92.
7010 9. 91.
7011 9. 91.
7012 9. 91.
7013 9. 91.
7014 9. 91.
7015 9. 91.
7016 9. 91.
7017 9. 91.
7018 9. 91.
7019 9. 91.
7020 9. 91.
7021 9. 91.
7022 9. 91.
7023 9. 91.
7024 9. 91.
7025 10. 90.
7026 10. 90.
7027 10. 90.
7028 11. 89.
7029 11. 89.
7030 11. 89.
7031 11. 89.
7032 12. 88.
7033 12. 88.
7034 12. 88.
7035 12. 88.
7036 12. 88.
7037 12. 88.
7038 12. 88.
7039 11. 89.
7040 11. 89.
7041 11. 89.
7042 11. 89.
7043 11. 89.
7044 11. 89.
7045 11. 89.
7046 11. 89.
7047 11. 89.
7048 10. 90.
7049 10. 90.
7050 9. 91.
7051 9. 91.
7052 9. 91.
7053 9. 91.
7054 9. 91.
7055 9. 91.
7056 9. 91.
7057 9. 91.
7058 9. 91.
7059 9. 91.
7060 9. 91.
7061 9. 91.
7062 9. 91.
7063 9. 91.
7064 9. 91.
7065 9. 91.
7066 9. 91.
7067 9. 91.
7068 9. 91.
7069 9. 91.
7070 9. 91.
7071 10. 90.
7072 10. 90.
7073 10. 90.
7074 10. 90.
7075 10. 90.
7076 10. 90.
7077 10. 90.
7078 10. 90.
7079 10. 90.
7080 10. 90.
7081 10. 90.
7082 10. 90.
7083 10. 90.
7084 10. 90.
7085 10. 90.
7086 10. 90.
7087 9. 91.
7088 9. 91.
7089 9. 91.
7090 9. 91.
7091 9. 91.
7092 9. 91.
7093 9. 91.
7094 9. 91.
7095 9. 91.
7096 8. 92.
7097 8. 92.
7098 8. 92.
7099 8. 92.
7100 8. 92.
7101 8. 92.
7102 8. 92.
7103 9. 91.
7104 9. 91.
7105 8. 92.
7106 8. 92.
7107 8. 92.
7108 8. 92.
7109 8. 92.
7110 8. 92.
7111 8. 92.
7112 8. 92.
7113 8. 92.
7114 8. 92.
7115 8. 92.
7116 8. 92.
7117 8. 92.
7118 8. 92.
7119 8. 92.
7120 8. 92.
7121 8. 92.
7122 8. 92.
7123 8. 92.
7124 8. 92.
7125 8. 92.
7126 9. 91.
7127 9. 91.
7128 9. 91.
7129 9. 91.
7130 9. 91.
7131 9. 91.
7132 9. 91.
7133 10. 90.
7134 10. 90.
7135 10. 90.
7136 9. 91.
7137 9. 91.
7138 9. 91.
7139 9. 91.
7140 9. 91.
7141 9. 91.
7142 9. 91.
7143 8. 92.
7144 8. 92.
7145 8. 92.
7146 8. 92.
7147 8. 92.
7148 8. 92.
7149 8. 92.
7150 8. 92.
7151 7. 93.
7152 7. 93.
7153 7. 93.
7154 7. 93.
7155 7. 93.
7156 7. 93.
7157 7. 93.
7158 7. 93.
7159 7. 93.
7160 7. 93.
7161 7. 93.
7162 7. 93.
7163 7. 93.
7164 6. 94.
7165 6. 94.
7166 6. 94.
7167 6. 94.
7168 6. 94.
7169 6. 94.
7170 6. 94.
7171 6. 94.
7172 6. 94.
7173 6. 94.
7174 6. 94.
7175 6. 94.
7176 6. 94.
7177 6. 94.
7178 6. 94.
7179 6. 94.
7180 6. 94.
7181 6. 94.
7182 6. 94.
7183 6. 94.
7184 6. 94.
7185 6. 94.
7186 6. 94.
7187 6. 94.
7188 6. 94.
7189 6. 94.
7190 6. 94.
7191 6. 94.
7192 6. 94.
7193 6. 94.
7194 6. 94.
7195 6. 94.
7196 6. 94.
7197 6. 94.
7198 6. 94.
7199 6. 94.
7200 6. 94.
7201 6. 94.
7202 6. 94.
7203 6. 94.
7204 6. 94.
7205 6. 94.
7206 6. 94.
7207 6. 94.
7208 6. 94.
7209 6. 94.
7210 6. 94.
7211 6. 94.
7212 6. 94.
7213 6. 94.
7214 5. 95.
7215 5. 95.
7216 5. 95.
7217 5. 95.
7218 5. 95.
7219 5. 95.
7220 5. 95.
7221 5. 95.
7222 5. 95.
7223 5. 95.
7224 5. 95.
7225 5. 95.
7226 5. 95.
7227 5. 95.
7228 5. 95.
7229 5. 95.
7230 5. 95.
7231 5. 95.
7232 5. 95.
7233 5. 95.
7234 5. 95.
7235 5. 95.
7236 5. 95.
7237 5. 95.
7238 6. 94.
7239 6. 94.
7240 6. 94.
7241 6. 94.
7242 6. 94.
7243 6. 94.
7244 6. 94.
7245 6. 94.
7246 6. 94.
7247 6. 94.
7248 6. 94.
7249 6. 94.
7250 6. 94.
7251 6. 94.
7252 6. 94.
7253 6. 94.
7254 6. 94.
7255 6. 94.
7256 5. 95.
7257 5. 95.
7258 5. 95.
7259 5. 95.
7260 5. 95.
7261 5. 95.
7262 5. 95.
7263 5. 95.
7264 5. 95.
7265 5. 95.
7266 5. 95.
7267 5. 95.
7268 4. 96.
7269 4. 96.
7270 4. 96.
7271 4. 96.
7272 4. 96.
7273 4. 96.
7274 4. 96.
7275 4. 96.
7276 4. 96.
7277 4. 96.
7278 4. 96.
7279 4. 96.
7280 4. 96.
7281 4. 96.
7282 4. 96.
7283 4. 96.
7284 4. 96.
7285 4. 96.
7286 4. 96.
7287 4. 96.
7288 4. 96.
7289 4. 96.
7290 4. 96.
7291 4. 96.
7292 4. 96.
7293 4. 96.
7294 4. 96.
7295 4. 96.
7296 4. 96.
7297 4. 96.
7298 4. 96.
7299 4. 96.
7300 4. 96.
7301 4. 96.
7302 4. 96.
7303 4. 96.
7304 4. 96.
7305 4. 96.
7306 4. 96.
7307 4. 96.
7308 4. 96.
7309 4. 96.
7310 4. 96.
7311 4. 96.
7312 4. 96.
7313 4. 96.
7314 4. 96.
7315 4. 96.
7316 4. 96.
7317 4. 96.
7318 4. 96.
7319 4. 96.
7320 4. 96.
7321 4. 96.
7322 4. 96.
7323 4. 96.
7324 4. 96.
7325 4. 96.
7326 4. 96.
7327 4. 96.
7328 4. 96.
7329 4. 96.
7330 4. 96.
7331 4. 96.
7332 4. 96.
7333 4. 96.
7334 4. 96.
7335 4. 96.
7336 4. 96.
7337 4. 96.
7338 4. 96.
7339 4. 96.
7340 4. 96.
7341 4. 96.
7342 4. 96.
7343 4. 96.
7344 4. 96.
7345 4. 96.
7346 4. 96.
7347 4. 96.
7348 4. 96.
7349 4. 96.
7350 5. 95.
7351 5. 95.
7352 6. 94.
7353 6. 94.
7354 6. 94.
7355 6. 94.
7356 6. 94.
7357 6. 94.
7358 6. 94.
7359 6. 94.
7360 6. 94.
7361 6. 94.
7362 6. 94.
7363 6. 94.
7364 6. 94.
7365 6. 94.
7366 6. 94.
7367 6. 94.
7368 6. 94.
7369 6. 94.
7370 6. 94.
7371 6. 94.
7372 6. 94.
7373 6. 94.
7374 6. 94.
7375 6. 94.
7376 6. 94.
7377 6. 94.
7378 6. 94.
7379 6. 94.
7380 7. 93.
7381 7. 93.
7382 7. 93.
7383 7. 93.
7384 7. 93.
7385 7. 93.
7386 7. 93.
7387 7. 93.
7388 7. 93.
7389 7. 93.
7390 8. 92.
7391 8. 92.
7392 8. 92.
7393 8. 92.
7394 8. 92.
7395 9. 91.
7396 9. 91.
7397 9. 91.
7398 8. 92.
7399 8. 92.
7400 8. 92.
7401 8. 92.
7402 8. 92.
7403 8. 92.
7404 8. 92.
7405 8. 92.
7406 8. 92.
7407 8. 92.
7408 8. 92.
7409 8. 92.
7410 8. 92.
7411 8. 92.
7412 8. 92.
7413 8. 92.
7414 8. 92.
7415 8. 92.
7416 8. 92.
7417 8. 92.
7418 8. 92.
7419 8. 92.
7420 8. 92.
7421 8. 92.
7422 8. 92.
7423 8. 92.
7424 8. 92.
7425 8. 92.
7426 8. 92.
7427 7. 93.
7428 7. 93.
7429 8. 92.
7430 8. 92.
7431 8. 92.
7432 8. 92.
7433 8. 92.
7434 8. 92.
7435 8. 92.
7436 8. 92.
7437 8. 92.
7438 8. 92.
7439 8. 92.
7440 8. 92.
7441 8. 92.
7442 8. 92.
7443 8. 92.
7444 8. 92.
7445 8. 92.
7446 8. 92.
7447 8. 92.
7448 8. 92.
7449 8. 92.
7450 8. 92.
7451 8. 92.
7452 8. 92.
7453 8. 92.
7454 8. 92.
7455 8. 92.
7456 8. 92.
7457 8. 92.
7458 8. 92.
7459 8. 92.
7460 8. 92.
7461 8. 92.
7462 8. 92.
7463 8. 92.
7464 8. 92.
7465 7. 93.
7466 7. 93.
7467 7. 93.
7468 7. 93.
7469 7. 93.
7470 7. 93.
7471 7. 93.
7472 7. 93.
7473 7. 93.
7474 7. 93.
7475 6. 94.
7476 6. 94.
7477 6. 94.
7478 6. 94.
7479 6. 94.
7480 6. 94.
7481 6. 94.
7482 6. 94.
7483 6. 94.
7484 6. 94.
7485 6. 94.
7486 6. 94.
7487 6. 94.
7488 6. 94.
7489 6. 94.
7490 6. 94.
7491 6. 94.
7492 6. 94.
7493 6. 94.
7494 6. 94.
7495 6. 94.
7496 6. 94.
7497 6. 94.
7498 6. 94.
7499 6. 94.
7500 6. 94.
7501 6. 94.
7502 6. 94.
7503 6. 94.
7504 6. 94.
7505 6. 94.
7506 6. 94.
7507 6. 94.
7508 6. 94.
7509 6. 94.
7510 6. 94.
7511 6. 94.
7512 6. 94.
7513 6. 94.
7514 6. 94.
7515 6. 94.
7516 6. 94.
7517 6. 94.
7518 6. 94.
7519 6. 94.
7520 6. 94.
7521 6. 94.
7522 6. 94.
7523 6. 94.
7524 6. 94.
7525 6. 94.
7526 6. 94.
7527 6. 94.
7528 6. 94.
7529 6. 94.
7530 6. 94.
7531 6. 94.
7532 6. 94.
7533 6. 94.
7534 6. 94.
7535 6. 94.
7536 6. 94.
7537 6. 94.
7538 6. 94.
7539 6. 94.
7540 6. 94.
7541 7. 93.
7542 7. 93.
7543 7. 93.
7544 7. 93.
7545 7. 93.
7546 7. 93.
7547 7. 93.
7548 7. 93.
7549 7. 93.
7550 7. 93.
7551 6. 94.
7552 6. 94.
7553 6. 94.
7554 6. 94.
7555 6. 94.
7556 6. 94.
7557 5. 95.
7558 5. 95.
7559 5. 95.
7560 5. 95.
7561 5. 95.
7562 5. 95.
7563 5. 95.
7564 5. 95.
7565 5. 95.
7566 5. 95.
7567 5. 95.
7568 5. 95.
7569 5. 95.
7570 5. 95.
7571 5. 95.
7572 5. 95.
7573 4. 96.
7574 4. 96.
7575 4. 96.
7576 4. 96.
7577 4. 96.
7578 4. 96.
7579 4. 96.
7580 4. 96.
7581 4. 96.
7582 4. 96.
7583 4. 96.
7584 4. 96.
7585 4. 96.
7586 4. 96.
7587 4. 96.
7588 4. 96.
7589 4. 96.
7590 4. 96.
7591 4. 96.
7592 4. 96.
7593 4. 96.
7594 4. 96.
7595 4. 96.
7596 4. 96.
7597 4. 96.
7598 4. 96.
7599 4. 96.
7600 4. 96.
7601 4. 96.
7602 4. 96.
7603 4. 96.
7604 4. 96.
7605 4. 96.
7606 4. 96.
7607 4. 96.
7608 4. 96.
7609 4. 96.
7610 4. 96.
7611 4. 96.
7612 4. 96.
7613 4. 96.
7614 4. 96.
7615 4. 96.
7616 4. 96.
7617 4. 96.
7618 4. 96.
7619 4. 96.
7620 4. 96.
7621 4. 96.
7622 4. 96.
7623 4. 96.
7624 4. 96.
7625 4. 96.
7626 4. 96.
7627 4. 96.
7628 4. 96.
7629 4. 96.
7630 4. 96.
7631 5. 95.
7632 5. 95.
7633 5. 95.
7634 5. 95.
7635 5. 95.
7636 5. 95.
7637 5. 95.
7638 5. 95.
7639 5. 95.
7640 5. 95.
7641 5. 95.
7642 5. 95.
7643 5. 95.
7644 5. 95.
7645 5. 95.
7646 5. 95.
7647 5. 95.
7648 5. 95.
7649 5. 95.
7650 5. 95.
7651 5. 95.
7652 5. 95.
7653 5. 95.
7654 5. 95.
7655 5. 95.
7656 5. 95.
7657 5. 95.
7658 5. 95.
7659 5. 95.
7660 5. 95.
7661 5. 95.
7662 5. 95.
7663 5. 95.
7664 5. 95.
7665 5. 95.
7666 5. 95.
7667 5. 95.
7668 5. 95.
7669 5. 95.
7670 4. 96.
7671 4. 96.
7672 4. 96.
7673 4. 96.
7674 4. 96.
7675 4. 96.
7676 4. 96.
7677 4. 96.
7678 4. 96.
7679 4. 96.
7680 4. 96.
7681 4. 96.
7682 4. 96.
7683 4. 96.
7684 3. 97.
7685 3. 97.
7686 3. 97.
7687 3. 97.
7688 3. 97.
7689 3. 97.
7690 3. 97.
7691 3. 97.
7692 3. 97.
7693 3. 97.
7694 2. 98.
7695 2. 98.
7696 2. 98.
7697 2. 98.
7698 2. 98.
7699 2. 98.
7700 1. 99.
7701 1. 99.
7702 1. 99.
7703 1. 99.
7704 1. 99.
7705 1. 99.
7706 1. 99.
7707 1. 99.
7708 1. 99.
7709 1. 99.
7710 1. 99.
7711 1. 99.
7712 1. 99.
7713 1. 99.
7714 1. 99.
7715 1. 99.
7716 1. 99.
7717 1. 99.
7718 1. 99.
7719 1. 99.
7720 1. 99.
7721 1. 99.
7722 1. 99.
7723 1. 99.
7724 1. 99.
7725 1. 99.
7726 1. 99.
7727 1. 99.
7728 1. 99.
7729 1. 99.
7730 1. 99.
7731 1. 99.
7732 1. 99.
7733 1. 99.
7734 1. 99.
7735 1. 99.
7736 1. 99.
7737 1. 99.
7738 1. 99.
7739 1. 99.
7740 1. 99.
7741 1. 99.
7742 1. 99.
7743 1. 99.
7744 1. 99.
7745 1. 99.
7746 1. 99.
7747 1. 99.
7748 1. 99.
7749 1. 99.
7750 1. 99.
7751 1. 99.
7752 1. 99.
7753 1. 99.
7754 1. 99.
7755 1. 99.
7756 1. 99.
7757 1. 99.
7758 1. 99.
7759 1. 99.
7760 1. 99.
7761 1. 99.
7762 1. 99.
7763 1. 99.
7764 1. 99.
7765 1. 99.
7766 1. 99.
7767 1. 99.
7768 1. 99.
7769 1. 99.
7770 1. 99.
7771 1. 99.
7772 1. 99.
7773 1. 99.
7774 1. 99.
7775 1. 99.
7776 1. 99.
7777 1. 99.
7778 1. 99.
7779 1. 99.
7780 1. 99.
7781 1. 99.
7782 1. 99.
7783 1. 99.
7784 1. 99.
7785 1. 99.
7786 1. 99.
7787 1. 99.
7788 1. 99.
7789 1. 99.
7790 1. 99.
7791 1. 99.
7792 1. 99.
7793 1. 99.
7794 1. 99.
7795 1. 99.
7796 1. 99.
7797 1. 99.
7798 1. 99.
7799 1. 99.
7800 1. 99.
7801 1. 99.
7802 1. 99.
7803 1. 99.
7804 1. 99.
7805 1. 99.
7806 1. 99.
7807 1. 99.
7808 1. 99.
7809 1. 99.
