0 25. 75.
1 25. 75.
2 25. 75.
3 25. 75.
4 24. 76.
5 25. 75.
6 25. 75.
7 25. 75.
8 25. 75.
9 25. 75.
10 25. 75.
11 25. 75.
12 26. 74.
13 27. 73.
14 27. 73.
15 28. 72.
16 29. 71.
17 30. 70.
18 30. 70.
19 30. 70.
20 31. 69.
21 31. 69.
22 31. 69.
23 30. 70.
24 29. 71.
25 29. 71.
26 29. 71.
27 29. 71.
28 29. 71.
29 30. 70.
30 30. 70.
31 30. 70.
32 30. 70.
33 30. 70.
34 30. 70.
35 30. 70.
36 30. 70.
37 30. 70.
38 30. 70.
39 30. 70.
40 29. 71.
41 29. 71.
42 29. 71.
43 29. 71.
44 30. 70.
45 31. 69.
46 31. 69.
47 31. 69.
48 31. 69.
49 31. 69.
50 31. 69.
51 31. 69.
52 31. 69.
53 30. 70.
54 30. 70.
55 30. 70.
56 31. 69.
57 31. 69.
58 30. 70.
59 29. 71.
60 29. 71.
61 29. 71.
62 29. 71.
63 28. 72.
64 28. 72.
65 28. 72.
66 28. 72.
67 28. 72.
68 28. 72.
69 28. 72.
70 28. 72.
71 28. 72.
72 28. 72.
73 27. 73.
74 27. 73.
75 27. 73.
76 27. 73.
77 27. 73.
78 27. 73.
79 27. 73.
80 26. 74.
81 26. 74.
82 26. 74.
83 26. 74.
84 26. 74.
85 26. 74.
86 26. 74.
87 26. 74.
88 26. 74.
89 27. 73.
90 27. 73.
91 27. 73.
92 27. 73.
93 27. 73.
94 27. 73.
95 27. 73.
96 28. 72.
97 28. 72.
98 28. 72.
99 29. 71.
100 29. 71.
101 29. 71.
102 29. 71.
103 29. 71.
104 29. 71.
105 29. 71.
106 30. 70.
107 30. 70.
108 30. 70.
109 30. 70.
110 29. 71.
111 30. 70.
112 30. 70.
113 30. 70.
114 30. 70.
115 30. 70.
116 30. 70.
117 30. 70.
118 29. 71.
119 29. 71.
120 29. 71.
121 29. 71.
122 28. 72.
123 29. 71.
124 29. 71.
125 29. 71.
126 29. 71.
127 29. 71.
128 29. 71.
129 29. 71.
130 29. 71.
131 28. 72.
132 29. 71.
133 29. 71.
134 29. 71.
135 29. 71.
136 29. 71.
137 29. 71.
138 29. 71.
139 30. 70.
140 30. 70.
141 30. 70.
142 30. 70.
143 30. 70.
144 30. 70.
145 30. 70.
146 30. 70.
147 30. 70.
148 30. 70.
149 30. 70.
150 31. 69.
151 31. 69.
152 31. 69.
153 31. 69.
154 31. 69.
155 31. 69.
156 31. 69.
157 32. 68.
158 33. 67.
159 34. 66.
160 34. 66.
161 35. 65.
162 34. 66.
163 34. 66.
164 34. 66.
165 34. 66.
166 34. 66.
167 34. 66.
168 34. 66.
169 34. 66.
170 34. 66.
171 34. 66.
172 35. 65.
173 34. 66.
174 35. 65.
175 35. 65.
176 35. 65.
177 35. 65.
178 35. 65.
179 35. 65.
180 34. 66.
181 33. 67.
182 33. 67.
183 33. 67.
184 34. 66.
185 34. 66.
186 34. 66.
187 35. 65.
188 35. 65.
189 35. 65.
190 35. 65.
191 36. 64.
192 36. 64.
193 36. 64.
194 37. 63.
195 37. 63.
196 37. 63.
197 37. 63.
198 37. 63.
199 36. 64.
200 36. 64.
201 36. 64.
202 36. 64.
203 36. 64.
204 36. 64.
205 36. 64.
206 36. 64.
207 37. 63.
208 37. 63.
209 38. 62.
210 38. 62.
211 38. 62.
212 38. 62.
213 38. 62.
214 38. 62.
215 38. 62.
216 38. 62.
217 38. 62.
218 38. 62.
219 38. 62.
220 38. 62.
221 39. 61.
222 39. 61.
223 39. 61.
224 39. 61.
225 39. 61.
226 38. 62.
227 37. 63.
228 37. 63.
229 37. 63.
230 36. 64.
231 36. 64.
232 36. 64.
233 35. 65.
234 35. 65.
235 35. 65.
236 36. 64.
237 36. 64.
238 36. 64.
239 36. 64.
240 36. 64.
241 36. 64.
242 36. 64.
243 36. 64.
244 36. 64.
245 37. 63.
246 37. 63.
247 37. 63.
248 37. 63.
249 37. 63.
250 38. 62.
251 38. 62.
252 38. 62.
253 38. 62.
254 38. 62.
255 38. 62.
256 38. 62.
257 38. 62.
258 39. 61.
259 38. 62.
260 37. 63.
261 37. 63.
262 37. 63.
263 38. 62.
264 38. 62.
265 38. 62.
266 38. 62.
267 38. 62.
268 38. 62.
269 39. 61.
270 39. 61.
271 39. 61.
272 38. 62.
273 39. 61.
274 38. 62.
275 38. 62.
276 38. 62.
277 38. 62.
278 38. 62.
279 38. 62.
280 38. 62.
281 38. 62.
282 39. 61.
283 39. 61.
284 38. 62.
285 39. 61.
286 39. 61.
287 39. 61.
288 39. 61.
289 39. 61.
290 39. 61.
291 40. 60.
292 40. 60.
293 40. 60.
294 40. 60.
295 40. 60.
296 39. 61.
297 39. 61.
298 39. 61.
299 40. 60.
300 39. 61.
301 40. 60.
302 40. 60.
303 40. 60.
304 40. 60.
305 40. 60.
306 41. 59.
307 41. 59.
308 41. 59.
309 41. 59.
310 41. 59.
311 41. 59.
312 41. 59.
313 41. 59.
314 41. 59.
315 41. 59.
316 41. 59.
317 41. 59.
318 41. 59.
319 41. 59.
320 41. 59.
321 41. 59.
322 40. 60.
323 41. 59.
324 41. 59.
325 41. 59.
326 41. 59.
327 41. 59.
328 40. 60.
329 40. 60.
330 40. 60.
331 40. 60.
332 40. 60.
333 41. 59.
334 41. 59.
335 42. 58.
336 42. 58.
337 42. 58.
338 42. 58.
339 42. 58.
340 42. 58.
341 43. 57.
342 43. 57.
343 44. 56.
344 44. 56.
345 45. 55.
346 46. 54.
347 46. 54.
348 46. 54.
349 46. 54.
350 45. 55.
351 45. 55.
352 46. 54.
353 46. 54.
354 46. 54.
355 46. 54.
356 46. 54.
357 46. 54.
358 46. 54.
359 46. 54.
360 46. 54.
361 45. 55.
362 44. 56.
363 44. 56.
364 43. 57.
365 43. 57.
366 43. 57.
367 43. 57.
368 43. 57.
369 43. 57.
370 43. 57.
371 43. 57.
372 42. 58.
373 42. 58.
374 41. 59.
375 41. 59.
376 41. 59.
377 41. 59.
378 41. 59.
379 41. 59.
380 42. 58.
381 42. 58.
382 42. 58.
383 42. 58.
384 42. 58.
385 42. 58.
386 43. 57.
387 44. 56.
388 43. 57.
389 42. 58.
390 42. 58.
391 41. 59.
392 40. 60.
393 40. 60.
394 40. 60.
395 40. 60.
396 40. 60.
397 40. 60.
398 40. 60.
399 40. 60.
400 40. 60.
401 40. 60.
402 40. 60.
403 40. 60.
404 40. 60.
405 40. 60.
406 40. 60.
407 40. 60.
408 40. 60.
409 40. 60.
410 40. 60.
411 41. 59.
412 41. 59.
413 41. 59.
414 41. 59.
415 41. 59.
416 41. 59.
417 41. 59.
418 41. 59.
419 41. 59.
420 41. 59.
421 41. 59.
422 41. 59.
423 42. 58.
424 42. 58.
425 42. 58.
426 42. 58.
427 42. 58.
428 42. 58.
429 42. 58.
430 41. 59.
431 40. 60.
432 41. 59.
433 41. 59.
434 41. 59.
435 40. 60.
436 40. 60.
437 40. 60.
438 40. 60.
439 40. 60.
440 40. 60.
441 40. 60.
442 41. 59.
443 41. 59.
444 41. 59.
445 41. 59.
446 41. 59.
447 42. 58.
448 42. 58.
449 41. 59.
450 41. 59.
451 42. 58.
452 42. 58.
453 42. 58.
454 42. 58.
455 42. 58.
456 42. 58.
457 41. 59.
458 41. 59.
459 41. 59.
460 41. 59.
461 41. 59.
462 41. 59.
463 41. 59.
464 42. 58.
465 41. 59.
466 40. 60.
467 40. 60.
468 40. 60.
469 40. 60.
470 39. 61.
471 39. 61.
472 39. 61.
473 39. 61.
474 38. 62.
475 38. 62.
476 38. 62.
477 37. 63.
478 37. 63.
479 38. 62.
480 38. 62.
481 38. 62.
482 39. 61.
483 39. 61.
484 39. 61.
485 39. 61.
486 39. 61.
487 40. 60.
488 40. 60.
489 40. 60.
490 39. 61.
491 39. 61.
492 39. 61.
493 38. 62.
494 38. 62.
495 38. 62.
496 38. 62.
497 38. 62.
498 38. 62.
499 38. 62.
500 39. 61.
501 39. 61.
502 39. 61.
503 40. 60.
504 40. 60.
505 41. 59.
506 40. 60.
507 40. 60.
508 40. 60.
509 40. 60.
510 40. 60.
511 40. 60.
512 40. 60.
513 40. 60.
514 40. 60.
515 40. 60.
516 39. 61.
517 39. 61.
518 39. 61.
519 39. 61.
520 39. 61.
521 39. 61.
522 39. 61.
523 39. 61.
524 40. 60.
525 40. 60.
526 40. 60.
527 39. 61.
528 40. 60.
529 40. 60.
530 40. 60.
531 40. 60.
532 39. 61.
533 39. 61.
534 39. 61.
535 39. 61.
536 39. 61.
537 39. 61.
538 39. 61.
539 39. 61.
540 39. 61.
541 40. 60.
542 40. 60.
543 40. 60.
544 40. 60.
545 40. 60.
546 40. 60.
547 40. 60.
548 40. 60.
549 40. 60.
550 41. 59.
551 41. 59.
552 41. 59.
553 41. 59.
554 40. 60.
555 40. 60.
556 40. 60.
557 40. 60.
558 40. 60.
559 40. 60.
560 40. 60.
561 40. 60.
562 39. 61.
563 39. 61.
564 39. 61.
565 40. 60.
566 40. 60.
567 40. 60.
568 40. 60.
569 41. 59.
570 42. 58.
571 41. 59.
572 41. 59.
573 41. 59.
574 41. 59.
575 41. 59.
576 41. 59.
577 41. 59.
578 41. 59.
579 41. 59.
580 41. 59.
581 41. 59.
582 41. 59.
583 41. 59.
584 41. 59.
585 41. 59.
586 41. 59.
587 40. 60.
588 40. 60.
589 41. 59.
590 41. 59.
591 41. 59.
592 41. 59.
593 41. 59.
594 41. 59.
595 41. 59.
596 42. 58.
597 42. 58.
598 42. 58.
599 42. 58.
600 42. 58.
601 42. 58.
602 42. 58.
603 42. 58.
604 42. 58.
605 42. 58.
606 42. 58.
607 41. 59.
608 40. 60.
609 40. 60.
610 40. 60.
611 39. 61.
612 38. 62.
613 38. 62.
614 38. 62.
615 38. 62.
616 38. 62.
617 38. 62.
618 38. 62.
619 38. 62.
620 38. 62.
621 38. 62.
622 38. 62.
623 39. 61.
624 39. 61.
625 38. 62.
626 38. 62.
627 38. 62.
628 38. 62.
629 38. 62.
630 38. 62.
631 38. 62.
632 39. 61.
633 38. 62.
634 38. 62.
635 38. 62.
636 39. 61.
637 39. 61.
638 39. 61.
639 39. 61.
640 39. 61.
641 38. 62.
642 38. 62.
643 38. 62.
644 37. 63.
645 36. 64.
646 36. 64.
647 36. 64.
648 37. 63.
649 37. 63.
650 37. 63.
651 36. 64.
652 36. 64.
653 36. 64.
654 36. 64.
655 36. 64.
656 37. 63.
657 36. 64.
658 36. 64.
659 36. 64.
660 36. 64.
661 36. 64.
662 36. 64.
663 36. 64.
664 37. 63.
665 37. 63.
666 38. 62.
667 37. 63.
668 37. 63.
669 37. 63.
670 37. 63.
671 36. 64.
672 36. 64.
673 36. 64.
674 36. 64.
675 36. 64.
676 36. 64.
677 36. 64.
678 35. 65.
679 35. 65.
680 35. 65.
681 36. 64.
682 36. 64.
683 36. 64.
684 36. 64.
685 36. 64.
686 36. 64.
687 36. 64.
688 36. 64.
689 36. 64.
690 36. 64.
691 36. 64.
692 36. 64.
693 36. 64.
694 36. 64.
695 36. 64.
696 35. 65.
697 35. 65.
698 35. 65.
699 35. 65.
700 35. 65.
701 35. 65.
702 35. 65.
703 36. 64.
704 36. 64.
705 36. 64.
706 36. 64.
707 36. 64.
708 36. 64.
709 36. 64.
710 35. 65.
711 36. 64.
712 35. 65.
713 36. 64.
714 36. 64.
715 36. 64.
716 36. 64.
717 35. 65.
718 34. 66.
719 34. 66.
720 34. 66.
721 34. 66.
722 34. 66.
723 33. 67.
724 33. 67.
725 33. 67.
726 33. 67.
727 33. 67.
728 33. 67.
729 34. 66.
730 35. 65.
731 35. 65.
732 35. 65.
733 35. 65.
734 35. 65.
735 35. 65.
736 35. 65.
737 36. 64.
738 35. 65.
739 34. 66.
740 34. 66.
741 34. 66.
742 34. 66.
743 35. 65.
744 35. 65.
745 35. 65.
746 34. 66.
747 34. 66.
748 34. 66.
749 33. 67.
750 33. 67.
751 33. 67.
752 33. 67.
753 33. 67.
754 33. 67.
755 33. 67.
756 33. 67.
757 33. 67.
758 34. 66.
759 34. 66.
760 34. 66.
761 34. 66.
762 35. 65.
763 35. 65.
764 35. 65.
765 34. 66.
766 34. 66.
767 34. 66.
768 34. 66.
769 35. 65.
770 35. 65.
771 35. 65.
772 35. 65.
773 35. 65.
774 34. 66.
775 34. 66.
776 34. 66.
777 34. 66.
778 34. 66.
779 34. 66.
780 34. 66.
781 34. 66.
782 34. 66.
783 34. 66.
784 35. 65.
785 35. 65.
786 35. 65.
787 35. 65.
788 34. 66.
789 34. 66.
790 33. 67.
791 33. 67.
792 33. 67.
793 33. 67.
794 33. 67.
795 34. 66.
796 34. 66.
797 34. 66.
798 34. 66.
799 35. 65.
800 35. 65.
801 35. 65.
802 35. 65.
803 35. 65.
804 35. 65.
805 35. 65.
806 34. 66.
807 34. 66.
808 35. 65.
809 35. 65.
810 36. 64.
811 36. 64.
812 36. 64.
813 37. 63.
814 38. 62.
815 38. 62.
816 38. 62.
817 38. 62.
818 39. 61.
819 39. 61.
820 39. 61.
821 39. 61.
822 38. 62.
823 39. 61.
824 39. 61.
825 40. 60.
826 40. 60.
827 40. 60.
828 40. 60.
829 41. 59.
830 41. 59.
831 41. 59.
832 42. 58.
833 41. 59.
834 41. 59.
835 41. 59.
836 41. 59.
837 41. 59.
838 40. 60.
839 41. 59.
840 41. 59.
841 41. 59.
842 41. 59.
843 40. 60.
844 40. 60.
845 40. 60.
846 40. 60.
847 40. 60.
848 39. 61.
849 39. 61.
850 39. 61.
851 40. 60.
852 39. 61.
853 39. 61.
854 39. 61.
855 39. 61.
856 39. 61.
857 38. 62.
858 38. 62.
859 38. 62.
860 38. 62.
861 39. 61.
862 39. 61.
863 39. 61.
864 39. 61.
865 39. 61.
866 39. 61.
867 39. 61.
868 39. 61.
869 40. 60.
870 40. 60.
871 40. 60.
872 40. 60.
873 39. 61.
874 40. 60.
875 40. 60.
876 39. 61.
877 39. 61.
878 39. 61.
879 39. 61.
880 39. 61.
881 39. 61.
882 38. 62.
883 38. 62.
884 38. 62.
885 38. 62.
886 38. 62.
887 38. 62.
888 38. 62.
889 38. 62.
890 38. 62.
891 38. 62.
892 38. 62.
893 38. 62.
894 38. 62.
895 39. 61.
896 39. 61.
897 39. 61.
898 39. 61.
899 39. 61.
900 39. 61.
901 40. 60.
902 40. 60.
903 40. 60.
904 40. 60.
905 40. 60.
906 40. 60.
907 39. 61.
908 39. 61.
909 38. 62.
910 38. 62.
911 38. 62.
912 39. 61.
913 39. 61.
914 39. 61.
915 39. 61.
916 39. 61.
917 39. 61.
918 39. 61.
919 39. 61.
920 39. 61.
921 39. 61.
922 38. 62.
923 38. 62.
924 37. 63.
925 37. 63.
926 37. 63.
927 38. 62.
928 38. 62.
929 38. 62.
930 38. 62.
931 38. 62.
932 38. 62.
933 38. 62.
934 38. 62.
935 37. 63.
936 38. 62.
937 38. 62.
938 38. 62.
939 39. 61.
940 39. 61.
941 39. 61.
942 39. 61.
943 39. 61.
944 40. 60.
945 41. 59.
946 41. 59.
947 41. 59.
948 41. 59.
949 41. 59.
950 41. 59.
951 41. 59.
952 41. 59.
953 42. 58.
954 42. 58.
955 42. 58.
956 42. 58.
957 42. 58.
958 42. 58.
959 43. 57.
960 44. 56.
961 44. 56.
962 43. 57.
963 44. 56.
964 44. 56.
965 44. 56.
966 44. 56.
967 45. 55.
968 45. 55.
969 45. 55.
970 45. 55.
971 45. 55.
972 45. 55.
973 46. 54.
974 46. 54.
975 46. 54.
976 46. 54.
977 46. 54.
978 46. 54.
979 46. 54.
980 47. 53.
981 47. 53.
982 47. 53.
983 48. 52.
984 48. 52.
985 47. 53.
986 47. 53.
987 47. 53.
988 47. 53.
989 47. 53.
990 48. 52.
991 47. 53.
992 47. 53.
993 46. 54.
994 46. 54.
995 47. 53.
996 47. 53.
997 46. 54.
998 46. 54.
999 46. 54.
1000 46. 54.
1001 46. 54.
1002 46. 54.
1003 46. 54.
1004 46. 54.
1005 46. 54.
1006 46. 54.
1007 46. 54.
1008 46. 54.
1009 46. 54.
1010 46. 54.
1011 46. 54.
1012 46. 54.
1013 46. 54.
1014 46. 54.
1015 46. 54.
1016 46. 54.
1017 46. 54.
1018 46. 54.
1019 46. 54.
1020 45. 55.
1021 45. 55.
1022 44. 56.
1023 44. 56.
1024 43. 57.
1025 43. 57.
1026 43. 57.
1027 43. 57.
1028 43. 57.
1029 43. 57.
1030 43. 57.
1031 43. 57.
1032 42. 58.
1033 41. 59.
1034 42. 58.
1035 42. 58.
1036 42. 58.
1037 42. 58.
1038 42. 58.
1039 42. 58.
1040 42. 58.
1041 42. 58.
1042 43. 57.
1043 43. 57.
1044 44. 56.
1045 44. 56.
1046 45. 55.
1047 45. 55.
1048 45. 55.
1049 46. 54.
1050 47. 53.
1051 47. 53.
1052 47. 53.
1053 47. 53.
1054 47. 53.
1055 47. 53.
1056 47. 53.
1057 47. 53.
1058 47. 53.
1059 47. 53.
1060 47. 53.
1061 47. 53.
1062 46. 54.
1063 46. 54.
1064 46. 54.
1065 46. 54.
1066 46. 54.
1067 46. 54.
1068 46. 54.
1069 45. 55.
1070 46. 54.
1071 46. 54.
1072 46. 54.
1073 46. 54.
1074 45. 55.
1075 45. 55.
1076 45. 55.
1077 45. 55.
1078 45. 55.
1079 45. 55.
1080 45. 55.
1081 45. 55.
1082 45. 55.
1083 44. 56.
1084 44. 56.
1085 45. 55.
1086 45. 55.
1087 45. 55.
1088 45. 55.
1089 45. 55.
1090 44. 56.
1091 44. 56.
1092 43. 57.
1093 42. 58.
1094 43. 57.
1095 43. 57.
1096 43. 57.
1097 43. 57.
1098 43. 57.
1099 44. 56.
1100 44. 56.
1101 44. 56.
1102 44. 56.
1103 45. 55.
1104 45. 55.
1105 44. 56.
1106 44. 56.
1107 44. 56.
1108 44. 56.
1109 44. 56.
1110 44. 56.
1111 44. 56.
1112 44. 56.
1113 44. 56.
1114 44. 56.
1115 44. 56.
1116 44. 56.
1117 45. 55.
1118 44. 56.
1119 45. 55.
1120 45. 55.
1121 45. 55.
1122 44. 56.
1123 44. 56.
1124 44. 56.
1125 44. 56.
1126 45. 55.
1127 45. 55.
1128 45. 55.
1129 46. 54.
1130 47. 53.
1131 47. 53.
1132 46. 54.
1133 46. 54.
1134 46. 54.
1135 46. 54.
1136 46. 54.
1137 47. 53.
1138 47. 53.
1139 47. 53.
1140 47. 53.
1141 47. 53.
1142 46. 54.
1143 46. 54.
1144 45. 55.
1145 45. 55.
1146 45. 55.
1147 45. 55.
1148 45. 55.
1149 45. 55.
1150 45. 55.
1151 45. 55.
1152 45. 55.
1153 46. 54.
1154 46. 54.
1155 46. 54.
1156 46. 54.
1157 46. 54.
1158 46. 54.
1159 46. 54.
1160 47. 53.
1161 46. 54.
1162 47. 53.
1163 47. 53.
1164 47. 53.
1165 47. 53.
1166 48. 52.
1167 48. 52.
1168 48. 52.
1169 48. 52.
1170 48. 52.
1171 48. 52.
1172 48. 52.
1173 49. 51.
1174 48. 52.
1175 47. 53.
1176 46. 54.
1177 46. 54.
1178 46. 54.
1179 46. 54.
1180 46. 54.
1181 46. 54.
1182 46. 54.
1183 47. 53.
1184 48. 52.
1185 48. 52.
1186 48. 52.
1187 48. 52.
1188 48. 52.
1189 48. 52.
1190 48. 52.
1191 48. 52.
1192 49. 51.
1193 49. 51.
1194 49. 51.
1195 49. 51.
1196 48. 52.
1197 49. 51.
1198 49. 51.
1199 49. 51.
1200 49. 51.
1201 49. 51.
1202 50. 50.
1203 50. 50.
1204 50. 50.
1205 49. 51.
1206 49. 51.
1207 49. 51.
1208 49. 51.
1209 49. 51.
1210 48. 52.
1211 47. 53.
1212 47. 53.
1213 47. 53.
1214 48. 52.
1215 48. 52.
1216 48. 52.
1217 49. 51.
1218 49. 51.
1219 48. 52.
1220 47. 53.
1221 48. 52.
1222 48. 52.
1223 48. 52.
1224 49. 51.
1225 48. 52.
1226 48. 52.
1227 48. 52.
1228 48. 52.
1229 48. 52.
1230 48. 52.
1231 47. 53.
1232 47. 53.
1233 48. 52.
1234 48. 52.
1235 49. 51.
1236 49. 51.
1237 50. 50.
1238 49. 51.
1239 49. 51.
1240 49. 51.
1241 48. 52.
1242 48. 52.
1243 49. 51.
1244 49. 51.
1245 50. 50.
1246 50. 50.
1247 50. 50.
1248 50. 50.
1249 50. 50.
1250 50. 50.
1251 51. 49.
1252 51. 49.
1253 51. 49.
1254 51. 49.
1255 51. 49.
1256 51. 49.
1257 52. 48.
1258 53. 47.
1259 53. 47.
1260 54. 46.
1261 53. 47.
1262 53. 47.
1263 54. 46.
1264 53. 47.
1265 54. 46.
1266 54. 46.
1267 55. 45.
1268 55. 45.
1269 55. 45.
1270 55. 45.
1271 55. 45.
1272 55. 45.
1273 55. 45.
1274 55. 45.
1275 55. 45.
1276 55. 45.
1277 55. 45.
1278 55. 45.
1279 55. 45.
1280 55. 45.
1281 55. 45.
1282 54. 46.
1283 54. 46.
1284 54. 46.
1285 54. 46.
1286 54. 46.
1287 54. 46.
1288 54. 46.
1289 54. 46.
1290 53. 47.
1291 52. 48.
1292 52. 48.
1293 52. 48.
1294 53. 47.
1295 53. 47.
1296 53. 47.
1297 53. 47.
1298 54. 46.
1299 55. 45.
1300 55. 45.
1301 55. 45.
1302 54. 46.
1303 54. 46.
1304 54. 46.
1305 54. 46.
1306 54. 46.
1307 54. 46.
1308 54. 46.
1309 54. 46.
1310 54. 46.
1311 54. 46.
1312 54. 46.
1313 54. 46.
1314 54. 46.
1315 54. 46.
1316 54. 46.
1317 54. 46.
1318 54. 46.
1319 54. 46.
1320 54. 46.
1321 54. 46.
1322 54. 46.
1323 53. 47.
1324 52. 48.
1325 52. 48.
1326 52. 48.
1327 52. 48.
1328 52. 48.
1329 52. 48.
1330 52. 48.
1331 51. 49.
1332 51. 49.
1333 51. 49.
1334 51. 49.
1335 51. 49.
1336 51. 49.
1337 51. 49.
1338 51. 49.
1339 51. 49.
1340 51. 49.
1341 51. 49.
1342 51. 49.
1343 51. 49.
1344 51. 49.
1345 52. 48.
1346 52. 48.
1347 51. 49.
1348 50. 50.
1349 50. 50.
1350 51. 49.
1351 51. 49.
1352 51. 49.
1353 51. 49.
1354 51. 49.
1355 51. 49.
1356 50. 50.
1357 50. 50.
1358 50. 50.
1359 50. 50.
1360 50. 50.
1361 50. 50.
1362 49. 51.
1363 49. 51.
1364 49. 51.
1365 49. 51.
1366 49. 51.
1367 49. 51.
1368 49. 51.
1369 49. 51.
1370 49. 51.
1371 49. 51.
1372 49. 51.
1373 48. 52.
1374 48. 52.
1375 48. 52.
1376 48. 52.
1377 48. 52.
1378 49. 51.
1379 49. 51.
1380 49. 51.
1381 49. 51.
1382 49. 51.
1383 49. 51.
1384 50. 50.
1385 49. 51.
1386 49. 51.
1387 50. 50.
1388 50. 50.
1389 50. 50.
1390 50. 50.
1391 51. 49.
1392 51. 49.
1393 51. 49.
1394 51. 49.
1395 51. 49.
1396 51. 49.
1397 50. 50.
1398 50. 50.
1399 51. 49.
1400 51. 49.
1401 51. 49.
1402 52. 48.
1403 52. 48.
1404 52. 48.
1405 51. 49.
1406 51. 49.
1407 51. 49.
1408 51. 49.
1409 50. 50.
1410 50. 50.
1411 50. 50.
1412 51. 49.
1413 51. 49.
1414 50. 50.
1415 50. 50.
1416 50. 50.
1417 51. 49.
1418 51. 49.
1419 51. 49.
1420 51. 49.
1421 51. 49.
1422 51. 49.
1423 51. 49.
1424 51. 49.
1425 51. 49.
1426 51. 49.
1427 52. 48.
1428 52. 48.
1429 52. 48.
1430 52. 48.
1431 52. 48.
1432 52. 48.
1433 53. 47.
1434 53. 47.
1435 54. 46.
1436 53. 47.
1437 53. 47.
1438 54. 46.
1439 54. 46.
1440 54. 46.
1441 54. 46.
1442 53. 47.
1443 53. 47.
1444 53. 47.
1445 53. 47.
1446 54. 46.
1447 54. 46.
1448 54. 46.
1449 54. 46.
1450 54. 46.
1451 55. 45.
1452 55. 45.
1453 55. 45.
1454 55. 45.
1455 55. 45.
1456 55. 45.
1457 55. 45.
1458 55. 45.
1459 55. 45.
1460 55. 45.
1461 55. 45.
1462 55. 45.
1463 55. 45.
1464 56. 44.
1465 55. 45.
1466 55. 45.
1467 55. 45.
1468 55. 45.
1469 55. 45.
1470 56. 44.
1471 56. 44.
1472 56. 44.
1473 56. 44.
1474 56. 44.
1475 56. 44.
1476 56. 44.
1477 56. 44.
1478 56. 44.
1479 57. 43.
1480 57. 43.
1481 57. 43.
1482 56. 44.
1483 56. 44.
1484 56. 44.
1485 57. 43.
1486 57. 43.
1487 57. 43.
1488 57. 43.
1489 56. 44.
1490 56. 44.
1491 56. 44.
1492 57. 43.
1493 57. 43.
1494 58. 42.
1495 58. 42.
1496 58. 42.
1497 58. 42.
1498 58. 42.
1499 58. 42.
1500 58. 42.
1501 58. 42.
1502 58. 42.
1503 57. 43.
1504 57. 43.
1505 58. 42.
1506 58. 42.
1507 58. 42.
1508 58. 42.
1509 57. 43.
1510 57. 43.
1511 57. 43.
1512 57. 43.
1513 57. 43.
1514 57. 43.
1515 57. 43.
1516 57. 43.
1517 57. 43.
1518 57. 43.
1519 57. 43.
1520 57. 43.
1521 57. 43.
1522 57. 43.
1523 57. 43.
1524 57. 43.
1525 57. 43.
1526 58. 42.
1527 57. 43.
1528 57. 43.
1529 57. 43.
1530 57. 43.
1531 57. 43.
1532 57. 43.
1533 57. 43.
1534 57. 43.
1535 56. 44.
1536 56. 44.
1537 56. 44.
1538 57. 43.
1539 57. 43.
1540 57. 43.
1541 57. 43.
1542 57. 43.
1543 57. 43.
1544 57. 43.
1545 58. 42.
1546 57. 43.
1547 57. 43.
1548 58. 42.
1549 58. 42.
1550 58. 42.
1551 58. 42.
1552 58. 42.
1553 57. 43.
1554 57. 43.
1555 57. 43.
1556 56. 44.
1557 55. 45.
1558 55. 45.
1559 55. 45.
1560 55. 45.
1561 55. 45.
1562 54. 46.
1563 53. 47.
1564 53. 47.
1565 52. 48.
1566 52. 48.
1567 53. 47.
1568 53. 47.
1569 52. 48.
1570 51. 49.
1571 51. 49.
1572 51. 49.
1573 52. 48.
1574 53. 47.
1575 54. 46.
1576 53. 47.
1577 53. 47.
1578 53. 47.
1579 53. 47.
1580 53. 47.
1581 53. 47.
1582 53. 47.
1583 53. 47.
1584 52. 48.
1585 52. 48.
1586 53. 47.
1587 53. 47.
1588 54. 46.
1589 54. 46.
1590 54. 46.
1591 54. 46.
1592 54. 46.
1593 54. 46.
1594 54. 46.
1595 54. 46.
1596 54. 46.
1597 54. 46.
1598 54. 46.
1599 54. 46.
1600 54. 46.
1601 54. 46.
1602 54. 46.
1603 54. 46.
1604 54. 46.
1605 54. 46.
1606 55. 45.
1607 55. 45.
1608 55. 45.
1609 55. 45.
1610 55. 45.
1611 55. 45.
1612 55. 45.
1613 55. 45.
1614 55. 45.
1615 55. 45.
1616 55. 45.
1617 55. 45.
1618 55. 45.
1619 55. 45.
1620 55. 45.
1621 55. 45.
1622 55. 45.
1623 55. 45.
1624 55. 45.
1625 55. 45.
1626 54. 46.
1627 54. 46.
1628 54. 46.
1629 54. 46.
1630 54. 46.
1631 54. 46.
1632 54. 46.
1633 55. 45.
1634 55. 45.
1635 55. 45.
1636 55. 45.
1637 55. 45.
1638 55. 45.
1639 55. 45.
1640 55. 45.
1641 55. 45.
1642 55. 45.
1643 55. 45.
1644 55. 45.
1645 54. 46.
1646 54. 46.
1647 54. 46.
1648 53. 47.
1649 53. 47.
1650 53. 47.
1651 53. 47.
1652 53. 47.
1653 53. 47.
1654 53. 47.
1655 53. 47.
1656 53. 47.
1657 53. 47.
1658 53. 47.
1659 53. 47.
1660 53. 47.
1661 53. 47.
1662 53. 47.
1663 53. 47.
1664 53. 47.
1665 53. 47.
1666 53. 47.
1667 54. 46.
1668 54. 46.
1669 54. 46.
1670 54. 46.
1671 54. 46.
1672 54. 46.
1673 55. 45.
1674 54. 46.
1675 54. 46.
1676 54. 46.
1677 54. 46.
1678 54. 46.
1679 54. 46.
1680 54. 46.
1681 54. 46.
1682 55. 45.
1683 55. 45.
1684 55. 45.
1685 55. 45.
1686 55. 45.
1687 55. 45.
1688 56. 44.
1689 56. 44.
1690 56. 44.
1691 56. 44.
1692 56. 44.
1693 56. 44.
1694 56. 44.
1695 55. 45.
1696 55. 45.
1697 56. 44.
1698 55. 45.
1699 55. 45.
1700 55. 45.
1701 55. 45.
1702 55. 45.
1703 55. 45.
1704 55. 45.
1705 54. 46.
1706 55. 45.
1707 55. 45.
1708 55. 45.
1709 55. 45.
1710 55. 45.
1711 55. 45.
1712 55. 45.
1713 55. 45.
1714 55. 45.
1715 55. 45.
1716 55. 45.
1717 55. 45.
1718 55. 45.
1719 55. 45.
1720 55. 45.
1721 55. 45.
1722 55. 45.
1723 55. 45.
1724 56. 44.
1725 56. 44.
1726 56. 44.
1727 56. 44.
1728 56. 44.
1729 55. 45.
1730 54. 46.
1731 54. 46.
1732 54. 46.
1733 54. 46.
1734 54. 46.
1735 53. 47.
1736 53. 47.
1737 54. 46.
1738 54. 46.
1739 53. 47.
1740 52. 48.
1741 52. 48.
1742 52. 48.
1743 52. 48.
1744 52. 48.
1745 52. 48.
1746 52. 48.
1747 52. 48.
1748 52. 48.
1749 52. 48.
1750 52. 48.
1751 52. 48.
1752 52. 48.
1753 52. 48.
1754 52. 48.
1755 52. 48.
1756 52. 48.
1757 51. 49.
1758 51. 49.
1759 52. 48.
1760 52. 48.
1761 52. 48.
1762 52. 48.
1763 53. 47.
1764 53. 47.
1765 53. 47.
1766 53. 47.
1767 53. 47.
1768 53. 47.
1769 53. 47.
1770 53. 47.
1771 53. 47.
1772 54. 46.
1773 55. 45.
1774 54. 46.
1775 54. 46.
1776 54. 46.
1777 54. 46.
1778 54. 46.
1779 55. 45.
1780 54. 46.
1781 54. 46.
1782 54. 46.
1783 53. 47.
1784 52. 48.
1785 52. 48.
1786 53. 47.
1787 53. 47.
1788 53. 47.
1789 53. 47.
1790 53. 47.
1791 53. 47.
1792 53. 47.
1793 54. 46.
1794 55. 45.
1795 55. 45.
1796 55. 45.
1797 55. 45.
1798 55. 45.
1799 56. 44.
1800 57. 43.
1801 57. 43.
1802 56. 44.
1803 56. 44.
1804 57. 43.
1805 56. 44.
1806 57. 43.
1807 58. 42.
1808 58. 42.
1809 57. 43.
1810 57. 43.
1811 56. 44.
1812 57. 43.
1813 57. 43.
1814 56. 44.
1815 56. 44.
1816 56. 44.
1817 56. 44.
1818 57. 43.
1819 57. 43.
1820 57. 43.
1821 56. 44.
1822 56. 44.
1823 55. 45.
1824 55. 45.
1825 55. 45.
1826 55. 45.
1827 55. 45.
1828 55. 45.
1829 56. 44.
1830 55. 45.
1831 55. 45.
1832 55. 45.
1833 55. 45.
1834 55. 45.
1835 55. 45.
1836 56. 44.
1837 56. 44.
1838 56. 44.
1839 56. 44.
1840 57. 43.
1841 58. 42.
1842 58. 42.
1843 58. 42.
1844 58. 42.
1845 58. 42.
1846 58. 42.
1847 57. 43.
1848 57. 43.
1849 57. 43.
1850 58. 42.
1851 58. 42.
1852 58. 42.
1853 58. 42.
1854 59. 41.
1855 59. 41.
1856 59. 41.
1857 60. 40.
1858 61. 39.
1859 61. 39.
1860 61. 39.
1861 61. 39.
1862 61. 39.
1863 60. 40.
1864 60. 40.
1865 61. 39.
1866 61. 39.
1867 61. 39.
1868 61. 39.
1869 61. 39.
1870 61. 39.
1871 61. 39.
1872 61. 39.
1873 61. 39.
1874 61. 39.
1875 61. 39.
1876 60. 40.
1877 60. 40.
1878 59. 41.
1879 60. 40.
1880 59. 41.
1881 59. 41.
1882 59. 41.
1883 59. 41.
1884 58. 42.
1885 59. 41.
1886 59. 41.
1887 59. 41.
1888 59. 41.
1889 60. 40.
1890 60. 40.
1891 60. 40.
1892 60. 40.
1893 60. 40.
1894 60. 40.
1895 60. 40.
1896 60. 40.
1897 59. 41.
1898 60. 40.
1899 60. 40.
1900 60. 40.
1901 60. 40.
1902 60. 40.
1903 60. 40.
1904 60. 40.
1905 60. 40.
1906 60. 40.
1907 60. 40.
1908 60. 40.
1909 60. 40.
1910 59. 41.
1911 59. 41.
1912 59. 41.
1913 59. 41.
1914 59. 41.
1915 59. 41.
1916 59. 41.
1917 59. 41.
1918 59. 41.
1919 59. 41.
1920 59. 41.
1921 59. 41.
1922 59. 41.
1923 59. 41.
1924 59. 41.
1925 59. 41.
1926 59. 41.
1927 60. 40.
1928 60. 40.
1929 60. 40.
1930 60. 40.
1931 60. 40.
1932 61. 39.
1933 62. 38.
1934 62. 38.
1935 62. 38.
1936 61. 39.
1937 60. 40.
1938 60. 40.
1939 60. 40.
1940 60. 40.
1941 60. 40.
1942 60. 40.
1943 60. 40.
1944 60. 40.
1945 60. 40.
1946 60. 40.
1947 60. 40.
1948 60. 40.
1949 60. 40.
1950 60. 40.
1951 61. 39.
1952 61. 39.
1953 61. 39.
1954 62. 38.
1955 61. 39.
1956 61. 39.
1957 61. 39.
1958 61. 39.
1959 62. 38.
1960 62. 38.
1961 62. 38.
1962 61. 39.
1963 61. 39.
1964 60. 40.
1965 60. 40.
1966 60. 40.
1967 60. 40.
1968 60. 40.
1969 61. 39.
1970 61. 39.
1971 62. 38.
1972 63. 37.
1973 63. 37.
1974 63. 37.
1975 64. 36.
1976 65. 35.
1977 65. 35.
1978 64. 36.
1979 64. 36.
1980 64. 36.
1981 64. 36.
1982 64. 36.
1983 64. 36.
1984 65. 35.
1985 65. 35.
1986 65. 35.
1987 65. 35.
1988 65. 35.
1989 65. 35.
1990 65. 35.
1991 65. 35.
1992 65. 35.
1993 66. 34.
1994 66. 34.
1995 65. 35.
1996 65. 35.
1997 64. 36.
1998 64. 36.
1999 64. 36.
2000 63. 37.
2001 64. 36.
2002 64. 36.
2003 64. 36.
2004 64. 36.
2005 65. 35.
2006 64. 36.
2007 64. 36.
2008 64. 36.
2009 64. 36.
2010 64. 36.
2011 63. 37.
2012 64. 36.
2013 64. 36.
2014 63. 37.
2015 63. 37.
2016 63. 37.
2017 63. 37.
2018 63. 37.
2019 63. 37.
2020 62. 38.
2021 61. 39.
2022 60. 40.
2023 60. 40.
2024 61. 39.
2025 60. 40.
2026 60. 40.
2027 60. 40.
2028 59. 41.
2029 60. 40.
2030 61. 39.
2031 61. 39.
2032 61. 39.
2033 60. 40.
2034 60. 40.
2035 60. 40.
2036 60. 40.
2037 60. 40.
2038 60. 40.
2039 60. 40.
2040 60. 40.
2041 61. 39.
2042 61. 39.
2043 61. 39.
2044 61. 39.
2045 61. 39.
2046 61. 39.
2047 62. 38.
2048 62. 38.
2049 61. 39.
2050 62. 38.
2051 62. 38.
2052 62. 38.
2053 62. 38.
2054 63. 37.
2055 63. 37.
2056 63. 37.
2057 64. 36.
2058 64. 36.
2059 64. 36.
2060 64. 36.
2061 64. 36.
2062 64. 36.
2063 64. 36.
2064 64. 36.
2065 64. 36.
2066 63. 37.
2067 64. 36.
2068 64. 36.
2069 63. 37.
2070 63. 37.
2071 63. 37.
2072 63. 37.
2073 63. 37.
2074 63. 37.
2075 63. 37.
2076 63. 37.
2077 63. 37.
2078 63. 37.
2079 63. 37.
2080 63. 37.
2081 63. 37.
2082 63. 37.
2083 63. 37.
2084 62. 38.
2085 62. 38.
2086 62. 38.
2087 62. 38.
2088 62. 38.
2089 62. 38.
2090 62. 38.
2091 63. 37.
2092 62. 38.
2093 63. 37.
2094 63. 37.
2095 63. 37.
2096 63. 37.
2097 63. 37.
2098 63. 37.
2099 64. 36.
2100 64. 36.
2101 64. 36.
2102 64. 36.
2103 63. 37.
2104 63. 37.
2105 64. 36.
2106 64. 36.
2107 64. 36.
2108 63. 37.
2109 63. 37.
2110 63. 37.
2111 62. 38.
2112 63. 37.
2113 64. 36.
2114 64. 36.
2115 65. 35.
2116 65. 35.
2117 64. 36.
2118 65. 35.
2119 65. 35.
2120 65. 35.
2121 64. 36.
2122 65. 35.
2123 65. 35.
2124 65. 35.
2125 64. 36.
2126 64. 36.
2127 63. 37.
2128 64. 36.
2129 64. 36.
2130 64. 36.
2131 64. 36.
2132 64. 36.
2133 63. 37.
2134 63. 37.
2135 63. 37.
2136 62. 38.
2137 62. 38.
2138 62. 38.
2139 62. 38.
2140 62. 38.
2141 62. 38.
2142 62. 38.
2143 63. 37.
2144 63. 37.
2145 63. 37.
2146 63. 37.
2147 64. 36.
2148 64. 36.
2149 64. 36.
2150 64. 36.
2151 63. 37.
2152 63. 37.
2153 63. 37.
2154 63. 37.
2155 63. 37.
2156 63. 37.
2157 63. 37.
2158 63. 37.
2159 63. 37.
2160 63. 37.
2161 63. 37.
2162 63. 37.
2163 63. 37.
2164 63. 37.
2165 63. 37.
2166 62. 38.
2167 62. 38.
2168 63. 37.
2169 63. 37.
2170 63. 37.
2171 63. 37.
2172 63. 37.
2173 63. 37.
2174 64. 36.
2175 63. 37.
2176 62. 38.
2177 62. 38.
2178 62. 38.
2179 62. 38.
2180 63. 37.
2181 63. 37.
2182 63. 37.
2183 64. 36.
2184 65. 35.
2185 66. 34.
2186 66. 34.
2187 66. 34.
2188 66. 34.
2189 66. 34.
2190 66. 34.
2191 65. 35.
2192 66. 34.
2193 66. 34.
2194 65. 35.
2195 65. 35.
2196 66. 34.
2197 66. 34.
2198 66. 34.
2199 66. 34.
2200 66. 34.
2201 65. 35.
2202 65. 35.
2203 65. 35.
2204 65. 35.
2205 65. 35.
2206 65. 35.
2207 65. 35.
2208 65. 35.
2209 65. 35.
2210 65. 35.
2211 65. 35.
2212 65. 35.
2213 66. 34.
2214 66. 34.
2215 66. 34.
2216 66. 34.
2217 66. 34.
2218 66. 34.
2219 66. 34.
2220 66. 34.
2221 66. 34.
2222 66. 34.
2223 66. 34.
2224 66. 34.
2225 66. 34.
2226 66. 34.
2227 66. 34.
2228 66. 34.
2229 66. 34.
2230 67. 33.
2231 67. 33.
2232 67. 33.
2233 67. 33.
2234 67. 33.
2235 67. 33.
2236 66. 34.
2237 65. 35.
2238 66. 34.
2239 66. 34.
2240 66. 34.
2241 65. 35.
2242 65. 35.
2243 66. 34.
2244 66. 34.
2245 65. 35.
2246 65. 35.
2247 64. 36.
2248 64. 36.
2249 63. 37.
2250 63. 37.
2251 63. 37.
2252 63. 37.
2253 63. 37.
2254 63. 37.
2255 63. 37.
2256 63. 37.
2257 63. 37.
2258 63. 37.
2259 63. 37.
2260 63. 37.
2261 63. 37.
2262 63. 37.
2263 64. 36.
2264 63. 37.
2265 63. 37.
2266 63. 37.
2267 63. 37.
2268 63. 37.
2269 63. 37.
2270 63. 37.
2271 63. 37.
2272 63. 37.
2273 63. 37.
2274 64. 36.
2275 65. 35.
2276 65. 35.
2277 65. 35.
2278 65. 35.
2279 64. 36.
2280 64. 36.
2281 64. 36.
2282 65. 35.
2283 64. 36.
2284 64. 36.
2285 64. 36.
2286 64. 36.
2287 64. 36.
2288 64. 36.
2289 64. 36.
2290 64. 36.
2291 64. 36.
2292 64. 36.
2293 64. 36.
2294 65. 35.
2295 65. 35.
2296 65. 35.
2297 65. 35.
2298 65. 35.
2299 65. 35.
2300 65. 35.
2301 65. 35.
2302 65. 35.
2303 65. 35.
2304 65. 35.
2305 65. 35.
2306 65. 35.
2307 65. 35.
2308 65. 35.
2309 66. 34.
2310 66. 34.
2311 66. 34.
2312 67. 33.
2313 67. 33.
2314 67. 33.
2315 66. 34.
2316 66. 34.
2317 66. 34.
2318 66. 34.
2319 66. 34.
2320 66. 34.
2321 66. 34.
2322 66. 34.
2323 65. 35.
2324 65. 35.
2325 65. 35.
2326 65. 35.
2327 64. 36.
2328 64. 36.
2329 65. 35.
2330 65. 35.
2331 65. 35.
2332 65. 35.
2333 65. 35.
2334 65. 35.
2335 65. 35.
2336 64. 36.
2337 64. 36.
2338 63. 37.
2339 62. 38.
2340 62. 38.
2341 61. 39.
2342 61. 39.
2343 62. 38.
2344 62. 38.
2345 62. 38.
2346 62. 38.
2347 62. 38.
2348 62. 38.
2349 62. 38.
2350 62. 38.
2351 62. 38.
2352 62. 38.
2353 63. 37.
2354 63. 37.
2355 63. 37.
2356 63. 37.
2357 63. 37.
2358 63. 37.
2359 63. 37.
2360 63. 37.
2361 64. 36.
2362 64. 36.
2363 64. 36.
2364 65. 35.
2365 65. 35.
2366 64. 36.
2367 64. 36.
2368 63. 37.
2369 63. 37.
2370 63. 37.
2371 63. 37.
2372 63. 37.
2373 63. 37.
2374 63. 37.
2375 63. 37.
2376 63. 37.
2377 63. 37.
2378 63. 37.
2379 64. 36.
2380 64. 36.
2381 64. 36.
2382 65. 35.
2383 65. 35.
2384 65. 35.
2385 65. 35.
2386 64. 36.
2387 64. 36.
2388 65. 35.
2389 65. 35.
2390 65. 35.
2391 65. 35.
2392 65. 35.
2393 65. 35.
2394 65. 35.
2395 65. 35.
2396 65. 35.
2397 66. 34.
2398 66. 34.
2399 66. 34.
2400 66. 34.
2401 66. 34.
2402 66. 34.
2403 66. 34.
2404 66. 34.
2405 66. 34.
2406 65. 35.
2407 65. 35.
2408 65. 35.
2409 65. 35.
2410 64. 36.
2411 64. 36.
2412 64. 36.
2413 65. 35.
2414 65. 35.
2415 66. 34.
2416 65. 35.
2417 65. 35.
2418 65. 35.
2419 65. 35.
2420 65. 35.
2421 64. 36.
2422 64. 36.
2423 64. 36.
2424 64. 36.
2425 64. 36.
2426 64. 36.
2427 65. 35.
2428 64. 36.
2429 64. 36.
2430 65. 35.
2431 65. 35.
2432 65. 35.
2433 65. 35.
2434 65. 35.
2435 66. 34.
2436 66. 34.
2437 66. 34.
2438 66. 34.
2439 66. 34.
2440 66. 34.
2441 66. 34.
2442 66. 34.
2443 66. 34.
2444 65. 35.
2445 65. 35.
2446 65. 35.
2447 65. 35.
2448 65. 35.
2449 65. 35.
2450 65. 35.
2451 64. 36.
2452 65. 35.
2453 65. 35.
2454 65. 35.
2455 65. 35.
2456 65. 35.
2457 65. 35.
2458 64. 36.
2459 63. 37.
2460 63. 37.
2461 63. 37.
2462 64. 36.
2463 64. 36.
2464 64. 36.
2465 64. 36.
2466 64. 36.
2467 65. 35.
2468 65. 35.
2469 66. 34.
2470 66. 34.
2471 67. 33.
2472 66. 34.
2473 66. 34.
2474 66. 34.
2475 66. 34.
2476 66. 34.
2477 66. 34.
2478 66. 34.
2479 66. 34.
2480 66. 34.
2481 66. 34.
2482 66. 34.
2483 66. 34.
2484 67. 33.
2485 67. 33.
2486 67. 33.
2487 67. 33.
2488 67. 33.
2489 68. 32.
2490 68. 32.
2491 68. 32.
2492 68. 32.
2493 68. 32.
2494 68. 32.
2495 68. 32.
2496 68. 32.
2497 68. 32.
2498 68. 32.
2499 68. 32.
2500 68. 32.
2501 68. 32.
2502 68. 32.
2503 68. 32.
2504 68. 32.
2505 68. 32.
2506 67. 33.
2507 67. 33.
2508 67. 33.
2509 67. 33.
2510 67. 33.
2511 67. 33.
2512 67. 33.
2513 67. 33.
2514 68. 32.
2515 68. 32.
2516 68. 32.
2517 68. 32.
2518 68. 32.
2519 68. 32.
2520 68. 32.
2521 68. 32.
2522 67. 33.
2523 67. 33.
2524 67. 33.
2525 67. 33.
2526 67. 33.
2527 67. 33.
2528 66. 34.
2529 67. 33.
2530 67. 33.
2531 66. 34.
2532 66. 34.
2533 66. 34.
2534 66. 34.
2535 66. 34.
2536 66. 34.
2537 66. 34.
2538 67. 33.
2539 67. 33.
2540 67. 33.
2541 67. 33.
2542 67. 33.
2543 67. 33.
2544 67. 33.
2545 67. 33.
2546 67. 33.
2547 67. 33.
2548 67. 33.
2549 67. 33.
2550 68. 32.
2551 68. 32.
2552 68. 32.
2553 68. 32.
2554 68. 32.
2555 68. 32.
2556 69. 31.
2557 69. 31.
2558 70. 30.
2559 70. 30.
2560 70. 30.
2561 70. 30.
2562 69. 31.
2563 69. 31.
2564 69. 31.
2565 69. 31.
2566 69. 31.
2567 69. 31.
2568 68. 32.
2569 69. 31.
2570 69. 31.
2571 69. 31.
2572 68. 32.
2573 68. 32.
2574 69. 31.
2575 69. 31.
2576 69. 31.
2577 69. 31.
2578 69. 31.
2579 69. 31.
2580 69. 31.
2581 69. 31.
2582 69. 31.
2583 69. 31.
2584 69. 31.
2585 70. 30.
2586 69. 31.
2587 69. 31.
2588 69. 31.
2589 69. 31.
2590 69. 31.
2591 70. 30.
2592 70. 30.
2593 70. 30.
2594 70. 30.
2595 70. 30.
2596 70. 30.
2597 70. 30.
2598 70. 30.
2599 71. 29.
2600 71. 29.
2601 70. 30.
2602 71. 29.
2603 71. 29.
2604 71. 29.
2605 71. 29.
2606 70. 30.
2607 70. 30.
2608 70. 30.
2609 69. 31.
2610 69. 31.
2611 69. 31.
2612 69. 31.
2613 69. 31.
2614 69. 31.
2615 69. 31.
2616 70. 30.
2617 70. 30.
2618 70. 30.
2619 70. 30.
2620 71. 29.
2621 71. 29.
2622 71. 29.
2623 71. 29.
2624 71. 29.
2625 71. 29.
2626 71. 29.
2627 71. 29.
2628 72. 28.
2629 72. 28.
2630 72. 28.
2631 72. 28.
2632 72. 28.
2633 72. 28.
2634 72. 28.
2635 72. 28.
2636 72. 28.
2637 72. 28.
2638 72. 28.
2639 72. 28.
2640 72. 28.
2641 72. 28.
2642 72. 28.
2643 72. 28.
2644 72. 28.
2645 72. 28.
2646 72. 28.
2647 73. 27.
2648 73. 27.
2649 73. 27.
2650 73. 27.
2651 73. 27.
2652 73. 27.
2653 73. 27.
2654 73. 27.
2655 73. 27.
2656 73. 27.
2657 73. 27.
2658 73. 27.
2659 73. 27.
2660 74. 26.
2661 74. 26.
2662 74. 26.
2663 74. 26.
2664 74. 26.
2665 74. 26.
2666 74. 26.
2667 74. 26.
2668 74. 26.
2669 74. 26.
2670 75. 25.
2671 76. 24.
2672 76. 24.
2673 76. 24.
2674 76. 24.
2675 76. 24.
2676 76. 24.
2677 76. 24.
2678 75. 25.
2679 75. 25.
2680 74. 26.
2681 74. 26.
2682 74. 26.
2683 75. 25.
2684 74. 26.
2685 74. 26.
2686 74. 26.
2687 74. 26.
2688 74. 26.
2689 73. 27.
2690 72. 28.
2691 72. 28.
2692 72. 28.
2693 72. 28.
2694 71. 29.
2695 71. 29.
2696 70. 30.
2697 70. 30.
2698 69. 31.
2699 69. 31.
2700 69. 31.
2701 70. 30.
2702 70. 30.
2703 71. 29.
2704 71. 29.
2705 70. 30.
2706 70. 30.
2707 70. 30.
2708 70. 30.
2709 70. 30.
2710 70. 30.
2711 70. 30.
2712 70. 30.
2713 70. 30.
2714 70. 30.
2715 70. 30.
2716 70. 30.
2717 70. 30.
2718 70. 30.
2719 70. 30.
2720 70. 30.
2721 70. 30.
2722 71. 29.
2723 71. 29.
2724 71. 29.
2725 71. 29.
2726 71. 29.
2727 71. 29.
2728 71. 29.
2729 71. 29.
2730 71. 29.
2731 70. 30.
2732 70. 30.
2733 71. 29.
2734 71. 29.
2735 71. 29.
2736 71. 29.
2737 71. 29.
2738 71. 29.
2739 70. 30.
2740 70. 30.
2741 70. 30.
2742 70. 30.
2743 70. 30.
2744 69. 31.
2745 69. 31.
2746 70. 30.
2747 70. 30.
2748 69. 31.
2749 69. 31.
2750 69. 31.
2751 69. 31.
2752 70. 30.
2753 69. 31.
2754 69. 31.
2755 69. 31.
2756 69. 31.
2757 69. 31.
2758 69. 31.
2759 69. 31.
2760 69. 31.
2761 69. 31.
2762 69. 31.
2763 69. 31.
2764 69. 31.
2765 69. 31.
2766 69. 31.
2767 69. 31.
2768 69. 31.
2769 69. 31.
2770 69. 31.
2771 70. 30.
2772 71. 29.
2773 70. 30.
2774 70. 30.
2775 71. 29.
2776 72. 28.
2777 72. 28.
2778 72. 28.
2779 73. 27.
2780 73. 27.
2781 73. 27.
2782 72. 28.
2783 71. 29.
2784 71. 29.
2785 71. 29.
2786 71. 29.
2787 71. 29.
2788 71. 29.
2789 71. 29.
2790 71. 29.
2791 71. 29.
2792 71. 29.
2793 72. 28.
2794 73. 27.
2795 73. 27.
2796 72. 28.
2797 72. 28.
2798 72. 28.
2799 72. 28.
2800 72. 28.
2801 71. 29.
2802 71. 29.
2803 71. 29.
2804 71. 29.
2805 72. 28.
2806 73. 27.
2807 73. 27.
2808 73. 27.
2809 73. 27.
2810 73. 27.
2811 74. 26.
2812 74. 26.
2813 74. 26.
2814 74. 26.
2815 74. 26.
2816 74. 26.
2817 74. 26.
2818 74. 26.
2819 74. 26.
2820 75. 25.
2821 75. 25.
2822 75. 25.
2823 75. 25.
2824 75. 25.
2825 75. 25.
2826 75. 25.
2827 75. 25.
2828 75. 25.
2829 75. 25.
2830 75. 25.
2831 75. 25.
2832 75. 25.
2833 75. 25.
2834 75. 25.
2835 76. 24.
2836 76. 24.
2837 76. 24.
2838 77. 23.
2839 77. 23.
2840 77. 23.
2841 77. 23.
2842 77. 23.
2843 77. 23.
2844 77. 23.
2845 77. 23.
2846 76. 24.
2847 76. 24.
2848 76. 24.
2849 76. 24.
2850 76. 24.
2851 77. 23.
2852 77. 23.
2853 78. 22.
2854 78. 22.
2855 79. 21.
2856 79. 21.
2857 79. 21.
2858 79. 21.
2859 79. 21.
2860 79. 21.
2861 79. 21.
2862 79. 21.
2863 78. 22.
2864 78. 22.
2865 78. 22.
2866 78. 22.
2867 79. 21.
2868 79. 21.
2869 79. 21.
2870 79. 21.
2871 79. 21.
2872 80. 20.
2873 80. 20.
2874 80. 20.
2875 80. 20.
2876 80. 20.
2877 79. 21.
2878 79. 21.
2879 78. 22.
2880 78. 22.
2881 78. 22.
2882 78. 22.
2883 78. 22.
2884 78. 22.
2885 77. 23.
2886 77. 23.
2887 77. 23.
2888 77. 23.
2889 77. 23.
2890 77. 23.
2891 77. 23.
2892 77. 23.
2893 77. 23.
2894 77. 23.
2895 77. 23.
2896 77. 23.
2897 77. 23.
2898 77. 23.
2899 77. 23.
2900 77. 23.
2901 77. 23.
2902 78. 22.
2903 78. 22.
2904 78. 22.
2905 78. 22.
2906 78. 22.
2907 78. 22.
2908 78. 22.
2909 78. 22.
2910 78. 22.
2911 78. 22.
2912 78. 22.
2913 79. 21.
2914 79. 21.
2915 79. 21.
2916 80. 20.
2917 80. 20.
2918 80. 20.
2919 80. 20.
2920 80. 20.
2921 80. 20.
2922 80. 20.
2923 80. 20.
2924 80. 20.
2925 80. 20.
2926 80. 20.
2927 80. 20.
2928 80. 20.
2929 80. 20.
2930 80. 20.
2931 81. 19.
2932 81. 19.
2933 80. 20.
2934 80. 20.
2935 79. 21.
2936 79. 21.
2937 79. 21.
2938 79. 21.
2939 79. 21.
2940 79. 21.
2941 79. 21.
2942 79. 21.
2943 79. 21.
2944 79. 21.
2945 79. 21.
2946 79. 21.
2947 80. 20.
2948 80. 20.
2949 80. 20.
2950 80. 20.
2951 80. 20.
2952 80. 20.
2953 80. 20.
2954 80. 20.
2955 80. 20.
2956 80. 20.
2957 79. 21.
2958 79. 21.
2959 79. 21.
2960 79. 21.
2961 79. 21.
2962 80. 20.
2963 80. 20.
2964 80. 20.
2965 80. 20.
2966 80. 20.
2967 80. 20.
2968 79. 21.
2969 78. 22.
2970 78. 22.
2971 78. 22.
2972 77. 23.
2973 77. 23.
2974 76. 24.
2975 76. 24.
2976 76. 24.
2977 76. 24.
2978 76. 24.
2979 76. 24.
2980 76. 24.
2981 76. 24.
2982 76. 24.
2983 76. 24.
2984 76. 24.
2985 76. 24.
2986 77. 23.
2987 77. 23.
2988 77. 23.
2989 77. 23.
2990 78. 22.
2991 78. 22.
2992 78. 22.
2993 78. 22.
2994 77. 23.
2995 77. 23.
2996 77. 23.
2997 77. 23.
2998 76. 24.
2999 76. 24.
3000 76. 24.
3001 76. 24.
3002 76. 24.
3003 76. 24.
3004 76. 24.
3005 76. 24.
3006 76. 24.
3007 76. 24.
3008 76. 24.
3009 76. 24.
3010 77. 23.
3011 77. 23.
3012 77. 23.
3013 77. 23.
3014 76. 24.
3015 75. 25.
3016 75. 25.
3017 75. 25.
3018 75. 25.
3019 74. 26.
3020 74. 26.
3021 74. 26.
3022 74. 26.
3023 74. 26.
3024 74. 26.
3025 74. 26.
3026 74. 26.
3027 74. 26.
3028 75. 25.
3029 75. 25.
3030 75. 25.
3031 74. 26.
3032 74. 26.
3033 74. 26.
3034 74. 26.
3035 73. 27.
3036 73. 27.
3037 72. 28.
3038 72. 28.
3039 71. 29.
3040 71. 29.
3041 72. 28.
3042 72. 28.
3043 72. 28.
3044 71. 29.
3045 71. 29.
3046 72. 28.
3047 72. 28.
3048 71. 29.
3049 72. 28.
3050 73. 27.
3051 73. 27.
3052 73. 27.
3053 73. 27.
3054 74. 26.
3055 75. 25.
3056 76. 24.
3057 76. 24.
3058 76. 24.
3059 76. 24.
3060 76. 24.
3061 76. 24.
3062 75. 25.
3063 75. 25.
3064 74. 26.
3065 74. 26.
3066 74. 26.
3067 74. 26.
3068 75. 25.
3069 75. 25.
3070 75. 25.
3071 75. 25.
3072 75. 25.
3073 74. 26.
3074 74. 26.
3075 73. 27.
3076 73. 27.
3077 73. 27.
3078 73. 27.
3079 73. 27.
3080 74. 26.
3081 74. 26.
3082 74. 26.
3083 74. 26.
3084 75. 25.
3085 75. 25.
3086 75. 25.
3087 75. 25.
3088 76. 24.
3089 76. 24.
3090 76. 24.
3091 76. 24.
3092 76. 24.
3093 76. 24.
3094 77. 23.
3095 77. 23.
3096 77. 23.
3097 77. 23.
3098 76. 24.
3099 76. 24.
3100 77. 23.
3101 77. 23.
3102 78. 22.
3103 78. 22.
3104 78. 22.
3105 78. 22.
3106 79. 21.
3107 79. 21.
3108 79. 21.
3109 79. 21.
3110 79. 21.
3111 79. 21.
3112 79. 21.
3113 80. 20.
3114 81. 19.
3115 80. 20.
3116 80. 20.
3117 80. 20.
3118 81. 19.
3119 81. 19.
3120 80. 20.
3121 80. 20.
3122 79. 21.
3123 79. 21.
3124 80. 20.
3125 79. 21.
3126 79. 21.
3127 79. 21.
3128 79. 21.
3129 80. 20.
3130 80. 20.
3131 79. 21.
3132 79. 21.
3133 79. 21.
3134 79. 21.
3135 79. 21.
3136 79. 21.
3137 79. 21.
3138 79. 21.
3139 80. 20.
3140 80. 20.
3141 80. 20.
3142 80. 20.
3143 80. 20.
3144 80. 20.
3145 80. 20.
3146 80. 20.
3147 80. 20.
3148 80. 20.
3149 80. 20.
3150 80. 20.
3151 80. 20.
3152 80. 20.
3153 80. 20.
3154 79. 21.
3155 79. 21.
3156 79. 21.
3157 79. 21.
3158 80. 20.
3159 80. 20.
3160 80. 20.
3161 80. 20.
3162 80. 20.
3163 80. 20.
3164 80. 20.
3165 81. 19.
3166 82. 18.
3167 82. 18.
3168 82. 18.
3169 82. 18.
3170 83. 17.
3171 83. 17.
3172 84. 16.
3173 84. 16.
3174 84. 16.
3175 84. 16.
3176 84. 16.
3177 84. 16.
3178 84. 16.
3179 84. 16.
3180 84. 16.
3181 83. 17.
3182 83. 17.
3183 83. 17.
3184 82. 18.
3185 82. 18.
3186 82. 18.
3187 82. 18.
3188 82. 18.
3189 82. 18.
3190 82. 18.
3191 82. 18.
3192 82. 18.
3193 82. 18.
3194 82. 18.
3195 82. 18.
3196 82. 18.
3197 82. 18.
3198 83. 17.
3199 83. 17.
3200 83. 17.
3201 83. 17.
3202 83. 17.
3203 83. 17.
3204 83. 17.
3205 83. 17.
3206 83. 17.
3207 83. 17.
3208 83. 17.
3209 83. 17.
3210 83. 17.
3211 83. 17.
3212 82. 18.
3213 82. 18.
3214 82. 18.
3215 82. 18.
3216 82. 18.
3217 82. 18.
3218 82. 18.
3219 83. 17.
3220 83. 17.
3221 83. 17.
3222 83. 17.
3223 83. 17.
3224 83. 17.
3225 82. 18.
3226 82. 18.
3227 82. 18.
3228 82. 18.
3229 82. 18.
3230 82. 18.
3231 81. 19.
3232 81. 19.
3233 82. 18.
3234 82. 18.
3235 82. 18.
3236 82. 18.
3237 82. 18.
3238 82. 18.
3239 82. 18.
3240 82. 18.
3241 83. 17.
3242 83. 17.
3243 83. 17.
3244 83. 17.
3245 83. 17.
3246 83. 17.
3247 83. 17.
3248 83. 17.
3249 83. 17.
3250 83. 17.
3251 83. 17.
3252 83. 17.
3253 82. 18.
3254 82. 18.
3255 82. 18.
3256 82. 18.
3257 83. 17.
3258 83. 17.
3259 83. 17.
3260 83. 17.
3261 83. 17.
3262 82. 18.
3263 82. 18.
3264 82. 18.
3265 82. 18.
3266 82. 18.
3267 82. 18.
3268 82. 18.
3269 82. 18.
3270 82. 18.
3271 82. 18.
3272 82. 18.
3273 82. 18.
3274 82. 18.
3275 82. 18.
3276 82. 18.
3277 82. 18.
3278 82. 18.
3279 82. 18.
3280 82. 18.
3281 82. 18.
3282 82. 18.
3283 83. 17.
3284 83. 17.
3285 83. 17.
3286 83. 17.
3287 82. 18.
3288 82. 18.
3289 82. 18.
3290 83. 17.
3291 83. 17.
3292 83. 17.
3293 83. 17.
3294 83. 17.
3295 84. 16.
3296 84. 16.
3297 84. 16.
3298 84. 16.
3299 83. 17.
3300 83. 17.
3301 83. 17.
3302 83. 17.
3303 83. 17.
3304 83. 17.
3305 83. 17.
3306 83. 17.
3307 83. 17.
3308 83. 17.
3309 83. 17.
3310 83. 17.
3311 83. 17.
3312 83. 17.
3313 83. 17.
3314 83. 17.
3315 83. 17.
3316 83. 17.
3317 83. 17.
3318 82. 18.
3319 82. 18.
3320 82. 18.
3321 82. 18.
3322 82. 18.
3323 82. 18.
3324 82. 18.
3325 82. 18.
3326 82. 18.
3327 82. 18.
3328 82. 18.
3329 82. 18.
3330 83. 17.
3331 83. 17.
3332 83. 17.
3333 83. 17.
3334 83. 17.
3335 83. 17.
3336 82. 18.
3337 82. 18.
3338 82. 18.
3339 82. 18.
3340 82. 18.
3341 82. 18.
3342 82. 18.
3343 82. 18.
3344 82. 18.
3345 82. 18.
3346 82. 18.
3347 82. 18.
3348 82. 18.
3349 82. 18.
3350 82. 18.
3351 82. 18.
3352 82. 18.
3353 82. 18.
3354 82. 18.
3355 83. 17.
3356 83. 17.
3357 83. 17.
3358 84. 16.
3359 84. 16.
3360 84. 16.
3361 84. 16.
3362 84. 16.
3363 84. 16.
3364 84. 16.
3365 84. 16.
3366 84. 16.
3367 85. 15.
3368 85. 15.
3369 85. 15.
3370 85. 15.
3371 85. 15.
3372 84. 16.
3373 84. 16.
3374 84. 16.
3375 84. 16.
3376 84. 16.
3377 84. 16.
3378 84. 16.
3379 84. 16.
3380 84. 16.
3381 84. 16.
3382 84. 16.
3383 84. 16.
3384 85. 15.
3385 85. 15.
3386 85. 15.
3387 84. 16.
3388 84. 16.
3389 83. 17.
3390 83. 17.
3391 83. 17.
3392 82. 18.
3393 82. 18.
3394 82. 18.
3395 82. 18.
3396 82. 18.
3397 82. 18.
3398 82. 18.
3399 82. 18.
3400 82. 18.
3401 82. 18.
3402 82. 18.
3403 82. 18.
3404 83. 17.
3405 83. 17.
3406 83. 17.
3407 83. 17.
3408 83. 17.
3409 83. 17.
3410 83. 17.
3411 83. 17.
3412 83. 17.
3413 83. 17.
3414 83. 17.
3415 83. 17.
3416 83. 17.
3417 83. 17.
3418 84. 16.
3419 84. 16.
3420 84. 16.
3421 85. 15.
3422 84. 16.
3423 84. 16.
3424 84. 16.
3425 84. 16.
3426 84. 16.
3427 84. 16.
3428 84. 16.
3429 84. 16.
3430 84. 16.
3431 84. 16.
3432 84. 16.
3433 84. 16.
3434 85. 15.
3435 85. 15.
3436 85. 15.
3437 85. 15.
3438 85. 15.
3439 85. 15.
3440 85. 15.
3441 85. 15.
3442 85. 15.
3443 85. 15.
3444 84. 16.
3445 84. 16.
3446 84. 16.
3447 84. 16.
3448 84. 16.
3449 84. 16.
3450 84. 16.
3451 84. 16.
3452 85. 15.
3453 86. 14.
3454 86. 14.
3455 85. 15.
3456 85. 15.
3457 85. 15.
3458 85. 15.
3459 85. 15.
3460 85. 15.
3461 84. 16.
3462 83. 17.
3463 83. 17.
3464 83. 17.
3465 83. 17.
3466 83. 17.
3467 83. 17.
3468 82. 18.
3469 82. 18.
3470 82. 18.
3471 83. 17.
3472 83. 17.
3473 83. 17.
3474 83. 17.
3475 83. 17.
3476 83. 17.
3477 83. 17.
3478 84. 16.
3479 84. 16.
3480 85. 15.
3481 85. 15.
3482 85. 15.
3483 85. 15.
3484 85. 15.
3485 85. 15.
3486 85. 15.
3487 86. 14.
3488 86. 14.
3489 86. 14.
3490 86. 14.
3491 86. 14.
3492 86. 14.
3493 86. 14.
3494 87. 13.
3495 87. 13.
3496 87. 13.
3497 87. 13.
3498 86. 14.
3499 86. 14.
3500 86. 14.
3501 86. 14.
3502 86. 14.
3503 86. 14.
3504 86. 14.
3505 86. 14.
3506 86. 14.
3507 86. 14.
3508 86. 14.
3509 86. 14.
3510 86. 14.
3511 86. 14.
3512 86. 14.
3513 86. 14.
3514 86. 14.
3515 86. 14.
3516 86. 14.
3517 86. 14.
3518 86. 14.
3519 86. 14.
3520 86. 14.
3521 86. 14.
3522 87. 13.
3523 87. 13.
3524 87. 13.
3525 87. 13.
3526 87. 13.
3527 87. 13.
3528 87. 13.
3529 87. 13.
3530 87. 13.
3531 87. 13.
3532 87. 13.
3533 87. 13.
3534 87. 13.
3535 87. 13.
3536 87. 13.
3537 87. 13.
3538 87. 13.
3539 87. 13.
3540 87. 13.
3541 87. 13.
3542 87. 13.
3543 86. 14.
3544 86. 14.
3545 86. 14.
3546 86. 14.
3547 86. 14.
3548 86. 14.
3549 86. 14.
3550 85. 15.
3551 85. 15.
3552 84. 16.
3553 84. 16.
3554 84. 16.
3555 84. 16.
3556 84. 16.
3557 84. 16.
3558 84. 16.
3559 84. 16.
3560 84. 16.
3561 84. 16.
3562 84. 16.
3563 84. 16.
3564 84. 16.
3565 83. 17.
3566 82. 18.
3567 82. 18.
3568 82. 18.
3569 82. 18.
3570 82. 18.
3571 82. 18.
3572 82. 18.
3573 82. 18.
3574 82. 18.
3575 82. 18.
3576 82. 18.
3577 82. 18.
3578 82. 18.
3579 82. 18.
3580 82. 18.
3581 82. 18.
3582 82. 18.
3583 81. 19.
3584 81. 19.
3585 81. 19.
3586 82. 18.
3587 82. 18.
3588 82. 18.
3589 82. 18.
3590 82. 18.
3591 82. 18.
3592 82. 18.
3593 82. 18.
3594 82. 18.
3595 82. 18.
3596 81. 19.
3597 81. 19.
3598 81. 19.
3599 81. 19.
3600 81. 19.
3601 81. 19.
3602 81. 19.
3603 81. 19.
3604 81. 19.
3605 81. 19.
3606 81. 19.
3607 81. 19.
3608 81. 19.
3609 81. 19.
3610 81. 19.
3611 81. 19.
3612 81. 19.
3613 81. 19.
3614 81. 19.
3615 80. 20.
3616 80. 20.
3617 80. 20.
3618 80. 20.
3619 80. 20.
3620 81. 19.
3621 81. 19.
3622 81. 19.
3623 81. 19.
3624 81. 19.
3625 81. 19.
3626 81. 19.
3627 81. 19.
3628 81. 19.
3629 81. 19.
3630 82. 18.
3631 82. 18.
3632 82. 18.
3633 82. 18.
3634 82. 18.
3635 82. 18.
3636 82. 18.
3637 82. 18.
3638 82. 18.
3639 82. 18.
3640 82. 18.
3641 82. 18.
3642 82. 18.
3643 82. 18.
3644 82. 18.
3645 82. 18.
3646 82. 18.
3647 82. 18.
3648 82. 18.
3649 82. 18.
3650 82. 18.
3651 82. 18.
3652 82. 18.
3653 82. 18.
3654 82. 18.
3655 83. 17.
3656 83. 17.
3657 83. 17.
3658 83. 17.
3659 83. 17.
3660 83. 17.
3661 83. 17.
3662 83. 17.
3663 83. 17.
3664 83. 17.
3665 83. 17.
3666 83. 17.
3667 83. 17.
3668 83. 17.
3669 83. 17.
3670 83. 17.
3671 83. 17.
3672 83. 17.
3673 83. 17.
3674 83. 17.
3675 83. 17.
3676 83. 17.
3677 83. 17.
3678 83. 17.
3679 83. 17.
3680 83. 17.
3681 83. 17.
3682 83. 17.
3683 83. 17.
3684 83. 17.
3685 82. 18.
3686 82. 18.
3687 82. 18.
3688 82. 18.
3689 82. 18.
3690 82. 18.
3691 82. 18.
3692 82. 18.
3693 82. 18.
3694 82. 18.
3695 82. 18.
3696 82. 18.
3697 82. 18.
3698 82. 18.
3699 83. 17.
3700 83. 17.
3701 83. 17.
3702 83. 17.
3703 83. 17.
3704 83. 17.
3705 83. 17.
3706 84. 16.
3707 84. 16.
3708 84. 16.
3709 84. 16.
3710 85. 15.
3711 85. 15.
3712 86. 14.
3713 86. 14.
3714 86. 14.
3715 87. 13.
3716 87. 13.
3717 86. 14.
3718 87. 13.
3719 87. 13.
3720 87. 13.
3721 86. 14.
3722 86. 14.
3723 86. 14.
3724 86. 14.
3725 86. 14.
3726 86. 14.
3727 86. 14.
3728 86. 14.
3729 85. 15.
3730 85. 15.
3731 86. 14.
3732 86. 14.
3733 86. 14.
3734 86. 14.
3735 86. 14.
3736 86. 14.
3737 86. 14.
3738 86. 14.
3739 86. 14.
3740 86. 14.
3741 86. 14.
3742 86. 14.
3743 86. 14.
3744 86. 14.
3745 86. 14.
3746 86. 14.
3747 86. 14.
3748 86. 14.
3749 86. 14.
3750 86. 14.
3751 86. 14.
3752 86. 14.
3753 86. 14.
3754 86. 14.
3755 86. 14.
3756 86. 14.
3757 87. 13.
3758 87. 13.
3759 87. 13.
3760 87. 13.
3761 87. 13.
3762 87. 13.
3763 87. 13.
3764 87. 13.
3765 87. 13.
3766 87. 13.
3767 87. 13.
3768 87. 13.
3769 87. 13.
3770 87. 13.
3771 87. 13.
3772 87. 13.
3773 87. 13.
3774 87. 13.
3775 86. 14.
3776 86. 14.
3777 86. 14.
3778 86. 14.
3779 86. 14.
3780 86. 14.
3781 86. 14.
3782 86. 14.
3783 86. 14.
3784 85. 15.
3785 85. 15.
3786 85. 15.
3787 85. 15.
3788 85. 15.
3789 85. 15.
3790 84. 16.
3791 84. 16.
3792 84. 16.
3793 84. 16.
3794 84. 16.
3795 84. 16.
3796 84. 16.
3797 84. 16.
3798 84. 16.
3799 84. 16.
3800 84. 16.
3801 84. 16.
3802 84. 16.
3803 84. 16.
3804 85. 15.
3805 85. 15.
3806 85. 15.
3807 85. 15.
3808 85. 15.
3809 85. 15.
3810 85. 15.
3811 85. 15.
3812 85. 15.
3813 85. 15.
3814 85. 15.
3815 85. 15.
3816 85. 15.
3817 85. 15.
3818 85. 15.
3819 85. 15.
3820 85. 15.
3821 85. 15.
3822 85. 15.
3823 85. 15.
3824 85. 15.
3825 85. 15.
3826 85. 15.
3827 85. 15.
3828 85. 15.
3829 85. 15.
3830 85. 15.
3831 85. 15.
3832 85. 15.
3833 85. 15.
3834 85. 15.
3835 85. 15.
3836 85. 15.
3837 86. 14.
3838 86. 14.
3839 86. 14.
3840 86. 14.
3841 85. 15.
3842 85. 15.
3843 85. 15.
3844 85. 15.
3845 85. 15.
3846 85. 15.
3847 85. 15.
3848 85. 15.
3849 85. 15.
3850 85. 15.
3851 85. 15.
3852 85. 15.
3853 85. 15.
3854 85. 15.
3855 85. 15.
3856 84. 16.
3857 84. 16.
3858 84. 16.
3859 85. 15.
3860 86. 14.
3861 87. 13.
3862 87. 13.
3863 87. 13.
3864 87. 13.
3865 87. 13.
3866 88. 12.
3867 88. 12.
3868 88. 12.
3869 87. 13.
3870 87. 13.
3871 87. 13.
3872 87. 13.
3873 87. 13.
3874 87. 13.
3875 88. 12.
3876 88. 12.
3877 88. 12.
3878 88. 12.
3879 88. 12.
3880 88. 12.
3881 88. 12.
3882 88. 12.
3883 89. 11.
3884 89. 11.
3885 89. 11.
3886 89. 11.
3887 88. 12.
3888 88. 12.
3889 88. 12.
3890 88. 12.
3891 88. 12.
3892 88. 12.
3893 88. 12.
3894 88. 12.
3895 88. 12.
3896 88. 12.
3897 88. 12.
3898 88. 12.
3899 88. 12.
3900 88. 12.
3901 88. 12.
3902 88. 12.
3903 87. 13.
3904 87. 13.
3905 87. 13.
3906 87. 13.
3907 86. 14.
3908 86. 14.
3909 86. 14.
3910 86. 14.
3911 86. 14.
3912 86. 14.
3913 86. 14.
3914 86. 14.
3915 86. 14.
3916 86. 14.
3917 87. 13.
3918 86. 14.
3919 85. 15.
3920 86. 14.
3921 86. 14.
3922 85. 15.
3923 85. 15.
3924 85. 15.
3925 85. 15.
3926 85. 15.
3927 85. 15.
3928 85. 15.
3929 85. 15.
3930 85. 15.
3931 85. 15.
3932 85. 15.
3933 85. 15.
3934 84. 16.
3935 83. 17.
3936 84. 16.
3937 84. 16.
3938 84. 16.
3939 84. 16.
3940 84. 16.
3941 84. 16.
3942 84. 16.
3943 84. 16.
3944 84. 16.
3945 84. 16.
3946 84. 16.
3947 84. 16.
3948 83. 17.
3949 83. 17.
3950 83. 17.
3951 83. 17.
3952 83. 17.
3953 83. 17.
3954 83. 17.
3955 84. 16.
3956 84. 16.
3957 83. 17.
3958 84. 16.
3959 84. 16.
3960 84. 16.
3961 85. 15.
3962 85. 15.
3963 85. 15.
3964 85. 15.
3965 84. 16.
3966 83. 17.
3967 83. 17.
3968 83. 17.
3969 82. 18.
3970 82. 18.
3971 82. 18.
3972 82. 18.
3973 82. 18.
3974 82. 18.
3975 82. 18.
3976 82. 18.
3977 81. 19.
3978 81. 19.
3979 81. 19.
3980 81. 19.
3981 81. 19.
3982 81. 19.
3983 80. 20.
3984 80. 20.
3985 80. 20.
3986 80. 20.
3987 80. 20.
3988 80. 20.
3989 79. 21.
3990 79. 21.
3991 79. 21.
3992 79. 21.
3993 79. 21.
3994 79. 21.
3995 79. 21.
3996 79. 21.
3997 79. 21.
3998 79. 21.
3999 79. 21.
4000 79. 21.
4001 79. 21.
4002 79. 21.
4003 78. 22.
4004 78. 22.
4005 78. 22.
4006 78. 22.
4007 78. 22.
4008 78. 22.
4009 78. 22.
4010 78. 22.
4011 78. 22.
4012 79. 21.
4013 79. 21.
4014 79. 21.
4015 79. 21.
4016 79. 21.
4017 79. 21.
4018 79. 21.
4019 79. 21.
4020 79. 21.
4021 79. 21.
4022 79. 21.
4023 79. 21.
4024 79. 21.
4025 79. 21.
4026 79. 21.
4027 80. 20.
4028 81. 19.
4029 81. 19.
4030 81. 19.
4031 81. 19.
4032 81. 19.
4033 81. 19.
4034 81. 19.
4035 81. 19.
4036 81. 19.
4037 81. 19.
4038 81. 19.
4039 81. 19.
4040 81. 19.
4041 81. 19.
4042 81. 19.
4043 80. 20.
4044 81. 19.
4045 81. 19.
4046 82. 18.
4047 82. 18.
4048 81. 19.
4049 81. 19.
4050 82. 18.
4051 82. 18.
4052 82. 18.
4053 82. 18.
4054 82. 18.
4055 82. 18.
4056 82. 18.
4057 83. 17.
4058 83. 17.
4059 83. 17.
4060 83. 17.
4061 83. 17.
4062 83. 17.
4063 82. 18.
4064 82. 18.
4065 82. 18.
4066 82. 18.
4067 83. 17.
4068 83. 17.
4069 83. 17.
4070 83. 17.
4071 83. 17.
4072 83. 17.
4073 84. 16.
4074 84. 16.
4075 84. 16.
4076 83. 17.
4077 83. 17.
4078 83. 17.
4079 83. 17.
4080 83. 17.
4081 84. 16.
4082 85. 15.
4083 85. 15.
4084 85. 15.
4085 85. 15.
4086 85. 15.
4087 85. 15.
4088 85. 15.
4089 85. 15.
4090 84. 16.
4091 84. 16.
4092 85. 15.
4093 85. 15.
4094 85. 15.
4095 85. 15.
4096 86. 14.
4097 86. 14.
4098 86. 14.
4099 87. 13.
4100 87. 13.
4101 87. 13.
4102 87. 13.
4103 87. 13.
4104 87. 13.
4105 87. 13.
4106 87. 13.
4107 87. 13.
4108 87. 13.
4109 87. 13.
4110 87. 13.
4111 87. 13.
4112 87. 13.
4113 87. 13.
4114 87. 13.
4115 87. 13.
4116 87. 13.
4117 87. 13.
4118 87. 13.
4119 87. 13.
4120 87. 13.
4121 87. 13.
4122 88. 12.
4123 88. 12.
4124 89. 11.
4125 89. 11.
4126 89. 11.
4127 89. 11.
4128 89. 11.
4129 89. 11.
4130 89. 11.
4131 89. 11.
4132 90. 10.
4133 90. 10.
4134 90. 10.
4135 90. 10.
4136 90. 10.
4137 90. 10.
4138 90. 10.
4139 90. 10.
4140 90. 10.
4141 90. 10.
4142 90. 10.
4143 90. 10.
4144 90. 10.
4145 90. 10.
4146 90. 10.
4147 90. 10.
4148 90. 10.
4149 90. 10.
4150 90. 10.
4151 89. 11.
4152 89. 11.
4153 89. 11.
4154 89. 11.
4155 89. 11.
4156 89. 11.
4157 89. 11.
4158 89. 11.
4159 89. 11.
4160 89. 11.
4161 89. 11.
4162 89. 11.
4163 89. 11.
4164 89. 11.
4165 89. 11.
4166 88. 12.
4167 88. 12.
4168 88. 12.
4169 88. 12.
4170 88. 12.
4171 88. 12.
4172 88. 12.
4173 88. 12.
4174 88. 12.
4175 88. 12.
4176 88. 12.
4177 88. 12.
4178 88. 12.
4179 88. 12.
4180 88. 12.
4181 88. 12.
4182 88. 12.
4183 87. 13.
4184 87. 13.
4185 87. 13.
4186 86. 14.
4187 86. 14.
4188 86. 14.
4189 86. 14.
4190 86. 14.
4191 87. 13.
4192 87. 13.
4193 87. 13.
4194 87. 13.
4195 87. 13.
4196 87. 13.
4197 88. 12.
4198 88. 12.
4199 87. 13.
4200 87. 13.
4201 87. 13.
4202 87. 13.
4203 87. 13.
4204 87. 13.
4205 87. 13.
4206 87. 13.
4207 87. 13.
4208 87. 13.
4209 87. 13.
4210 87. 13.
4211 87. 13.
4212 87. 13.
4213 87. 13.
4214 87. 13.
4215 87. 13.
4216 87. 13.
4217 86. 14.
4218 87. 13.
4219 87. 13.
4220 87. 13.
4221 87. 13.
4222 87. 13.
4223 87. 13.
4224 87. 13.
4225 87. 13.
4226 88. 12.
4227 88. 12.
4228 88. 12.
4229 88. 12.
4230 88. 12.
4231 88. 12.
4232 88. 12.
4233 88. 12.
4234 88. 12.
4235 88. 12.
4236 88. 12.
4237 88. 12.
4238 88. 12.
4239 88. 12.
4240 89. 11.
4241 89. 11.
4242 89. 11.
4243 89. 11.
4244 89. 11.
4245 89. 11.
4246 89. 11.
4247 89. 11.
4248 89. 11.
4249 89. 11.
4250 89. 11.
4251 88. 12.
4252 88. 12.
4253 89. 11.
4254 89. 11.
4255 90. 10.
4256 90. 10.
4257 90. 10.
4258 90. 10.
4259 90. 10.
4260 90. 10.
4261 90. 10.
4262 90. 10.
4263 90. 10.
4264 90. 10.
4265 90. 10.
4266 90. 10.
4267 90. 10.
4268 90. 10.
4269 90. 10.
4270 90. 10.
4271 90. 10.
4272 90. 10.
4273 90. 10.
4274 90. 10.
4275 90. 10.
4276 90. 10.
4277 90. 10.
4278 90. 10.
4279 90. 10.
4280 90. 10.
4281 90. 10.
4282 90. 10.
4283 90. 10.
4284 90. 10.
4285 90. 10.
4286 90. 10.
4287 90. 10.
4288 90. 10.
4289 90. 10.
4290 90. 10.
4291 90. 10.
4292 90. 10.
4293 90. 10.
4294 90. 10.
4295 90. 10.
4296 90. 10.
4297 90. 10.
4298 90. 10.
4299 90. 10.
4300 90. 10.
4301 90. 10.
4302 90. 10.
4303 90. 10.
4304 90. 10.
4305 90. 10.
4306 90. 10.
4307 90. 10.
4308 90. 10.
4309 90. 10.
4310 90. 10.
4311 90. 10.
4312 90. 10.
4313 89. 11.
4314 89. 11.
4315 88. 12.
4316 88. 12.
4317 88. 12.
4318 89. 11.
4319 89. 11.
4320 89. 11.
4321 89. 11.
4322 90. 10.
4323 89. 11.
4324 89. 11.
4325 89. 11.
4326 89. 11.
4327 89. 11.
4328 89. 11.
4329 89. 11.
4330 89. 11.
4331 89. 11.
4332 89. 11.
4333 89. 11.
4334 89. 11.
4335 89. 11.
4336 89. 11.
4337 89. 11.
4338 89. 11.
4339 89. 11.
4340 89. 11.
4341 89. 11.
4342 89. 11.
4343 89. 11.
4344 90. 10.
4345 90. 10.
4346 90. 10.
4347 90. 10.
4348 90. 10.
4349 91. 9.
4350 91. 9.
4351 91. 9.
4352 91. 9.
4353 91. 9.
4354 91. 9.
4355 91. 9.
4356 91. 9.
4357 92. 8.
4358 92. 8.
4359 92. 8.
4360 92. 8.
4361 92. 8.
4362 92. 8.
4363 91. 9.
4364 91. 9.
4365 91. 9.
4366 91. 9.
4367 91. 9.
4368 92. 8.
4369 92. 8.
4370 92. 8.
4371 93. 7.
4372 93. 7.
4373 94. 6.
4374 94. 6.
4375 94. 6.
4376 94. 6.
4377 94. 6.
4378 94. 6.
4379 94. 6.
4380 94. 6.
4381 94. 6.
4382 94. 6.
4383 94. 6.
4384 94. 6.
4385 94. 6.
4386 94. 6.
4387 94. 6.
4388 94. 6.
4389 94. 6.
4390 94. 6.
4391 94. 6.
4392 94. 6.
4393 95. 5.
4394 95. 5.
4395 95. 5.
4396 95. 5.
4397 95. 5.
4398 95. 5.
4399 95. 5.
4400 95. 5.
4401 95. 5.
4402 95. 5.
4403 95. 5.
4404 95. 5.
4405 95. 5.
4406 95. 5.
4407 95. 5.
4408 95. 5.
4409 95. 5.
4410 95. 5.
4411 95. 5.
4412 95. 5.
4413 95. 5.
4414 94. 6.
4415 94. 6.
4416 94. 6.
4417 94. 6.
4418 94. 6.
4419 94. 6.
4420 94. 6.
4421 94. 6.
4422 94. 6.
4423 94. 6.
4424 94. 6.
4425 94. 6.
4426 94. 6.
4427 94. 6.
4428 94. 6.
4429 94. 6.
4430 94. 6.
4431 94. 6.
4432 94. 6.
4433 94. 6.
4434 94. 6.
4435 94. 6.
4436 94. 6.
4437 94. 6.
4438 94. 6.
4439 94. 6.
4440 94. 6.
4441 94. 6.
4442 94. 6.
4443 94. 6.
4444 95. 5.
4445 95. 5.
4446 95. 5.
4447 95. 5.
4448 95. 5.
4449 95. 5.
4450 95. 5.
4451 95. 5.
4452 95. 5.
4453 95. 5.
4454 95. 5.
4455 95. 5.
4456 95. 5.
4457 95. 5.
4458 95. 5.
4459 95. 5.
4460 95. 5.
4461 95. 5.
4462 95. 5.
4463 95. 5.
4464 95. 5.
4465 95. 5.
4466 95. 5.
4467 95. 5.
4468 95. 5.
4469 95. 5.
4470 96. 4.
4471 96. 4.
4472 96. 4.
4473 96. 4.
4474 96. 4.
4475 96. 4.
4476 96. 4.
4477 96. 4.
4478 96. 4.
4479 96. 4.
4480 96. 4.
4481 96. 4.
4482 96. 4.
4483 96. 4.
4484 96. 4.
4485 96. 4.
4486 96. 4.
4487 96. 4.
4488 96. 4.
4489 96. 4.
4490 96. 4.
4491 97. 3.
4492 97. 3.
4493 97. 3.
4494 97. 3.
4495 97. 3.
4496 97. 3.
4497 98. 2.
4498 98. 2.
4499 98. 2.
4500 98. 2.
4501 98. 2.
4502 98. 2.
4503 98. 2.
4504 98. 2.
4505 98. 2.
4506 98. 2.
4507 98. 2.
4508 98. 2.
4509 98. 2.
4510 98. 2.
4511 98. 2.
4512 98. 2.
4513 98. 2.
4514 98. 2.
4515 98. 2.
4516 98. 2.
4517 98. 2.
4518 98. 2.
4519 98. 2.
4520 98. 2.
4521 99. 1.
4522 99. 1.
4523 99. 1.
4524 99. 1.
4525 99. 1.
4526 99. 1.
4527 99. 1.
4528 99. 1.
4529 99. 1.
4530 99. 1.
4531 99. 1.
4532 99. 1.
4533 99. 1.
4534 99. 1.
4535 99. 1.
4536 99. 1.
4537 99. 1.
4538 99. 1.
4539 99. 1.
4540 99. 1.
4541 99. 1.
4542 99. 1.
4543 99. 1.
4544 99. 1.
4545 99. 1.
4546 99. 1.
4547 99. 1.
4548 99. 1.
4549 99. 1.
4550 99. 1.
4551 99. 1.
4552 99. 1.
4553 99. 1.
4554 99. 1.
4555 99. 1.
4556 99. 1.
4557 99. 1.
4558 99. 1.
4559 99. 1.
4560 99. 1.
4561 99. 1.
4562 99. 1.
4563 99. 1.
4564 99. 1.
4565 99. 1.
4566 99. 1.
4567 99. 1.
4568 99. 1.
4569 99. 1.
4570 99. 1.
4571 99. 1.
4572 99. 1.
4573 99. 1.
4574 99. 1.
4575 99. 1.
4576 99. 1.
4577 99. 1.
4578 99. 1.
4579 99. 1.
4580 99. 1.
4581 99. 1.
4582 99. 1.
4583 99. 1.
4584 99. 1.
4585 99. 1.
4586 99. 1.
4587 99. 1.
4588 99. 1.
4589 99. 1.
4590 99. 1.
4591 99. 1.
4592 99. 1.
4593 99. 1.
4594 99. 1.
4595 99. 1.
4596 99. 1.
4597 99. 1.
4598 99. 1.
4599 99. 1.
4600 99. 1.
4601 99. 1.
4602 99. 1.
4603 99. 1.
4604 99. 1.
4605 99. 1.
4606 99. 1.
4607 99. 1.
4608 99. 1.
4609 99. 1.
4610 99. 1.
4611 99. 1.
4612 99. 1.
4613 99. 1.
4614 99. 1.
4615 99. 1.
4616 99. 1.
4617 99. 1.
4618 99. 1.
4619 99. 1.
4620 99. 1.
4621 99. 1.
4622 99. 1.
4623 99. 1.
4624 99. 1.
4625 99. 1.
4626 99. 1.
4627 99. 1.
4628 99. 1.
4629 99. 1.
4630 99. 1.
4631 99. 1.
4632 99. 1.
4633 99. 1.
4634 99. 1.
4635 99. 1.
4636 99. 1.
4637 99. 1.
4638 99. 1.
4639 99. 1.
4640 99. 1.
4641 99. 1.
4642 99. 1.
4643 99. 1.
4644 99. 1.
4645 99. 1.
4646 99. 1.
4647 99. 1.
4648 99. 1.
4649 99. 1.
4650 99. 1.
4651 99. 1.
4652 99. 1.
4653 99. 1.
4654 99. 1.
4655 99. 1.
4656 99. 1.
4657 99. 1.
4658 99. 1.
4659 99. 1.
4660 99. 1.
4661 99. 1.
4662 99. 1.
4663 99. 1.
4664 99. 1.
4665 99. 1.
4666 99. 1.
4667 99. 1.
4668 99. 1.
4669 99. 1.
4670 99. 1.
4671 99. 1.
4672 99. 1.
4673 99. 1.
4674 99. 1.
4675 99. 1.
4676 99. 1.
4677 99. 1.
4678 99. 1.
4679 99. 1.
4680 99. 1.
4681 99. 1.
4682 99. 1.
4683 99. 1.
4684 99. 1.
4685 99. 1.
