0 22. 78.
1 21. 79.
2 22. 78.
3 22. 78.
4 23. 77.
5 23. 77.
6 24. 76.
7 24. 76.
8 24. 76.
9 24. 76.
10 24. 76.
11 24. 76.
12 24. 76.
13 25. 75.
14 26. 74.
15 27. 73.
16 27. 73.
17 27. 73.
18 27. 73.
19 26. 74.
20 26. 74.
21 26. 74.
22 26. 74.
23 26. 74.
24 26. 74.
25 26. 74.
26 26. 74.
27 26. 74.
28 26. 74.
29 27. 73.
30 28. 72.
31 28. 72.
32 28. 72.
33 28. 72.
34 28. 72.
35 28. 72.
36 29. 71.
37 29. 71.
38 29. 71.
39 28. 72.
40 27. 73.
41 27. 73.
42 26. 74.
43 26. 74.
44 27. 73.
45 27. 73.
46 27. 73.
47 27. 73.
48 27. 73.
49 27. 73.
50 27. 73.
51 27. 73.
52 27. 73.
53 26. 74.
54 26. 74.
55 26. 74.
56 27. 73.
57 27. 73.
58 27. 73.
59 27. 73.
60 27. 73.
61 27. 73.
62 28. 72.
63 28. 72.
64 28. 72.
65 28. 72.
66 28. 72.
67 27. 73.
68 27. 73.
69 27. 73.
70 27. 73.
71 27. 73.
72 27. 73.
73 27. 73.
74 27. 73.
75 28. 72.
76 29. 71.
77 29. 71.
78 30. 70.
79 30. 70.
80 31. 69.
81 31. 69.
82 31. 69.
83 31. 69.
84 31. 69.
85 31. 69.
86 31. 69.
87 31. 69.
88 31. 69.
89 31. 69.
90 31. 69.
91 31. 69.
92 32. 68.
93 32. 68.
94 32. 68.
95 33. 67.
96 33. 67.
97 33. 67.
98 34. 66.
99 34. 66.
100 34. 66.
101 34. 66.
102 34. 66.
103 34. 66.
104 34. 66.
105 34. 66.
106 34. 66.
107 35. 65.
108 34. 66.
109 34. 66.
110 34. 66.
111 35. 65.
112 35. 65.
113 35. 65.
114 35. 65.
115 34. 66.
116 34. 66.
117 35. 65.
118 35. 65.
119 35. 65.
120 35. 65.
121 35. 65.
122 35. 65.
123 36. 64.
124 36. 64.
125 36. 64.
126 36. 64.
127 36. 64.
128 36. 64.
129 36. 64.
130 36. 64.
131 36. 64.
132 36. 64.
133 36. 64.
134 35. 65.
135 35. 65.
136 35. 65.
137 35. 65.
138 36. 64.
139 36. 64.
140 36. 64.
141 36. 64.
142 36. 64.
143 36. 64.
144 36. 64.
145 36. 64.
146 36. 64.
147 35. 65.
148 35. 65.
149 35. 65.
150 35. 65.
151 35. 65.
152 35. 65.
153 35. 65.
154 35. 65.
155 35. 65.
156 36. 64.
157 36. 64.
158 36. 64.
159 35. 65.
160 34. 66.
161 33. 67.
162 33. 67.
163 32. 68.
164 32. 68.
165 33. 67.
166 33. 67.
167 33. 67.
168 33. 67.
169 33. 67.
170 33. 67.
171 33. 67.
172 33. 67.
173 32. 68.
174 32. 68.
175 32. 68.
176 32. 68.
177 32. 68.
178 32. 68.
179 32. 68.
180 32. 68.
181 32. 68.
182 32. 68.
183 31. 69.
184 30. 70.
185 30. 70.
186 31. 69.
187 30. 70.
188 29. 71.
189 29. 71.
190 29. 71.
191 29. 71.
192 29. 71.
193 29. 71.
194 29. 71.
195 30. 70.
196 30. 70.
197 30. 70.
198 30. 70.
199 30. 70.
200 30. 70.
201 29. 71.
202 29. 71.
203 30. 70.
204 29. 71.
205 28. 72.
206 29. 71.
207 29. 71.
208 29. 71.
209 29. 71.
210 29. 71.
211 28. 72.
212 28. 72.
213 27. 73.
214 26. 74.
215 26. 74.
216 26. 74.
217 26. 74.
218 26. 74.
219 26. 74.
220 26. 74.
221 26. 74.
222 26. 74.
223 26. 74.
224 26. 74.
225 26. 74.
226 26. 74.
227 26. 74.
228 26. 74.
229 26. 74.
230 26. 74.
231 26. 74.
232 26. 74.
233 25. 75.
234 25. 75.
235 26. 74.
236 26. 74.
237 26. 74.
238 26. 74.
239 26. 74.
240 26. 74.
241 26. 74.
242 26. 74.
243 26. 74.
244 26. 74.
245 27. 73.
246 27. 73.
247 27. 73.
248 27. 73.
249 26. 74.
250 26. 74.
251 26. 74.
252 25. 75.
253 25. 75.
254 25. 75.
255 25. 75.
256 25. 75.
257 25. 75.
258 25. 75.
259 25. 75.
260 25. 75.
261 25. 75.
262 25. 75.
263 25. 75.
264 25. 75.
265 25. 75.
266 25. 75.
267 24. 76.
268 24. 76.
269 25. 75.
270 25. 75.
271 25. 75.
272 25. 75.
273 26. 74.
274 26. 74.
275 26. 74.
276 26. 74.
277 26. 74.
278 26. 74.
279 26. 74.
280 26. 74.
281 26. 74.
282 27. 73.
283 27. 73.
284 27. 73.
285 27. 73.
286 26. 74.
287 26. 74.
288 25. 75.
289 25. 75.
290 24. 76.
291 25. 75.
292 26. 74.
293 27. 73.
294 27. 73.
295 26. 74.
296 26. 74.
297 26. 74.
298 27. 73.
299 27. 73.
300 27. 73.
301 27. 73.
302 27. 73.
303 27. 73.
304 27. 73.
305 27. 73.
306 28. 72.
307 28. 72.
308 28. 72.
309 28. 72.
310 28. 72.
311 28. 72.
312 28. 72.
313 28. 72.
314 27. 73.
315 27. 73.
316 27. 73.
317 28. 72.
318 28. 72.
319 28. 72.
320 28. 72.
321 28. 72.
322 29. 71.
323 28. 72.
324 29. 71.
325 30. 70.
326 31. 69.
327 31. 69.
328 31. 69.
329 31. 69.
330 32. 68.
331 32. 68.
332 32. 68.
333 32. 68.
334 32. 68.
335 33. 67.
336 33. 67.
337 33. 67.
338 33. 67.
339 33. 67.
340 33. 67.
341 33. 67.
342 34. 66.
343 34. 66.
344 34. 66.
345 34. 66.
346 35. 65.
347 34. 66.
348 35. 65.
349 35. 65.
350 35. 65.
351 35. 65.
352 36. 64.
353 36. 64.
354 36. 64.
355 36. 64.
356 36. 64.
357 36. 64.
358 36. 64.
359 36. 64.
360 36. 64.
361 37. 63.
362 37. 63.
363 37. 63.
364 37. 63.
365 37. 63.
366 37. 63.
367 38. 62.
368 38. 62.
369 37. 63.
370 37. 63.
371 37. 63.
372 36. 64.
373 36. 64.
374 36. 64.
375 36. 64.
376 36. 64.
377 36. 64.
378 36. 64.
379 35. 65.
380 35. 65.
381 35. 65.
382 35. 65.
383 35. 65.
384 35. 65.
385 36. 64.
386 36. 64.
387 36. 64.
388 36. 64.
389 36. 64.
390 36. 64.
391 37. 63.
392 37. 63.
393 38. 62.
394 38. 62.
395 37. 63.
396 36. 64.
397 36. 64.
398 35. 65.
399 34. 66.
400 34. 66.
401 34. 66.
402 34. 66.
403 34. 66.
404 35. 65.
405 35. 65.
406 35. 65.
407 36. 64.
408 35. 65.
409 35. 65.
410 35. 65.
411 35. 65.
412 36. 64.
413 36. 64.
414 36. 64.
415 36. 64.
416 36. 64.
417 36. 64.
418 35. 65.
419 35. 65.
420 35. 65.
421 35. 65.
422 35. 65.
423 35. 65.
424 35. 65.
425 35. 65.
426 36. 64.
427 36. 64.
428 36. 64.
429 36. 64.
430 36. 64.
431 36. 64.
432 37. 63.
433 37. 63.
434 37. 63.
435 37. 63.
436 37. 63.
437 37. 63.
438 37. 63.
439 37. 63.
440 37. 63.
441 37. 63.
442 37. 63.
443 37. 63.
444 37. 63.
445 37. 63.
446 37. 63.
447 37. 63.
448 37. 63.
449 37. 63.
450 37. 63.
451 37. 63.
452 38. 62.
453 37. 63.
454 37. 63.
455 37. 63.
456 37. 63.
457 37. 63.
458 37. 63.
459 37. 63.
460 38. 62.
461 39. 61.
462 39. 61.
463 39. 61.
464 39. 61.
465 39. 61.
466 39. 61.
467 39. 61.
468 39. 61.
469 39. 61.
470 40. 60.
471 40. 60.
472 40. 60.
473 40. 60.
474 40. 60.
475 39. 61.
476 39. 61.
477 39. 61.
478 38. 62.
479 38. 62.
480 38. 62.
481 38. 62.
482 38. 62.
483 38. 62.
484 38. 62.
485 38. 62.
486 38. 62.
487 38. 62.
488 38. 62.
489 38. 62.
490 37. 63.
491 38. 62.
492 38. 62.
493 38. 62.
494 38. 62.
495 38. 62.
496 38. 62.
497 38. 62.
498 37. 63.
499 37. 63.
500 37. 63.
501 36. 64.
502 36. 64.
503 36. 64.
504 36. 64.
505 36. 64.
506 36. 64.
507 36. 64.
508 36. 64.
509 36. 64.
510 36. 64.
511 37. 63.
512 37. 63.
513 37. 63.
514 37. 63.
515 37. 63.
516 37. 63.
517 36. 64.
518 37. 63.
519 37. 63.
520 37. 63.
521 37. 63.
522 37. 63.
523 37. 63.
524 37. 63.
525 37. 63.
526 36. 64.
527 36. 64.
528 35. 65.
529 35. 65.
530 35. 65.
531 35. 65.
532 35. 65.
533 35. 65.
534 35. 65.
535 35. 65.
536 35. 65.
537 35. 65.
538 36. 64.
539 35. 65.
540 35. 65.
541 35. 65.
542 35. 65.
543 35. 65.
544 35. 65.
545 35. 65.
546 35. 65.
547 35. 65.
548 35. 65.
549 35. 65.
550 35. 65.
551 35. 65.
552 35. 65.
553 35. 65.
554 35. 65.
555 35. 65.
556 35. 65.
557 35. 65.
558 36. 64.
559 36. 64.
560 36. 64.
561 36. 64.
562 36. 64.
563 36. 64.
564 35. 65.
565 35. 65.
566 35. 65.
567 35. 65.
568 35. 65.
569 35. 65.
570 34. 66.
571 34. 66.
572 34. 66.
573 34. 66.
574 34. 66.
575 33. 67.
576 33. 67.
577 34. 66.
578 34. 66.
579 34. 66.
580 34. 66.
581 33. 67.
582 32. 68.
583 33. 67.
584 33. 67.
585 32. 68.
586 32. 68.
587 32. 68.
588 32. 68.
589 31. 69.
590 31. 69.
591 30. 70.
592 30. 70.
593 30. 70.
594 29. 71.
595 29. 71.
596 29. 71.
597 29. 71.
598 30. 70.
599 29. 71.
600 29. 71.
601 28. 72.
602 27. 73.
603 27. 73.
604 27. 73.
605 27. 73.
606 26. 74.
607 26. 74.
608 27. 73.
609 27. 73.
610 26. 74.
611 26. 74.
612 26. 74.
613 26. 74.
614 26. 74.
615 26. 74.
616 26. 74.
617 26. 74.
618 26. 74.
619 26. 74.
620 26. 74.
621 26. 74.
622 26. 74.
623 26. 74.
624 26. 74.
625 25. 75.
626 25. 75.
627 24. 76.
628 24. 76.
629 25. 75.
630 25. 75.
631 25. 75.
632 25. 75.
633 25. 75.
634 26. 74.
635 26. 74.
636 26. 74.
637 25. 75.
638 25. 75.
639 25. 75.
640 25. 75.
641 25. 75.
642 26. 74.
643 26. 74.
644 26. 74.
645 27. 73.
646 26. 74.
647 27. 73.
648 27. 73.
649 27. 73.
650 27. 73.
651 27. 73.
652 27. 73.
653 27. 73.
654 27. 73.
655 27. 73.
656 28. 72.
657 28. 72.
658 28. 72.
659 28. 72.
660 27. 73.
661 27. 73.
662 27. 73.
663 27. 73.
664 27. 73.
665 27. 73.
666 27. 73.
667 26. 74.
668 26. 74.
669 26. 74.
670 26. 74.
671 26. 74.
672 26. 74.
673 26. 74.
674 26. 74.
675 26. 74.
676 26. 74.
677 26. 74.
678 26. 74.
679 26. 74.
680 25. 75.
681 25. 75.
682 25. 75.
683 25. 75.
684 25. 75.
685 25. 75.
686 24. 76.
687 24. 76.
688 24. 76.
689 24. 76.
690 24. 76.
691 24. 76.
692 24. 76.
693 24. 76.
694 23. 77.
695 23. 77.
696 23. 77.
697 23. 77.
698 23. 77.
699 23. 77.
700 24. 76.
701 24. 76.
702 24. 76.
703 25. 75.
704 25. 75.
705 25. 75.
706 25. 75.
707 25. 75.
708 25. 75.
709 25. 75.
710 25. 75.
711 25. 75.
712 25. 75.
713 25. 75.
714 25. 75.
715 25. 75.
716 25. 75.
717 25. 75.
718 25. 75.
719 25. 75.
720 25. 75.
721 25. 75.
722 25. 75.
723 26. 74.
724 26. 74.
725 26. 74.
726 26. 74.
727 26. 74.
728 26. 74.
729 26. 74.
730 26. 74.
731 26. 74.
732 26. 74.
733 26. 74.
734 26. 74.
735 26. 74.
736 26. 74.
737 26. 74.
738 26. 74.
739 26. 74.
740 26. 74.
741 26. 74.
742 26. 74.
743 26. 74.
744 26. 74.
745 26. 74.
746 26. 74.
747 26. 74.
748 25. 75.
749 25. 75.
750 25. 75.
751 25. 75.
752 25. 75.
753 25. 75.
754 25. 75.
755 25. 75.
756 25. 75.
757 24. 76.
758 24. 76.
759 24. 76.
760 23. 77.
761 23. 77.
762 23. 77.
763 22. 78.
764 22. 78.
765 22. 78.
766 22. 78.
767 22. 78.
768 22. 78.
769 22. 78.
770 22. 78.
771 22. 78.
772 22. 78.
773 22. 78.
774 22. 78.
775 22. 78.
776 22. 78.
777 22. 78.
778 23. 77.
779 23. 77.
780 23. 77.
781 23. 77.
782 23. 77.
783 23. 77.
784 23. 77.
785 23. 77.
786 24. 76.
787 23. 77.
788 23. 77.
789 24. 76.
790 24. 76.
791 24. 76.
792 24. 76.
793 24. 76.
794 24. 76.
795 23. 77.
796 23. 77.
797 23. 77.
798 22. 78.
799 22. 78.
800 22. 78.
801 23. 77.
802 23. 77.
803 23. 77.
804 23. 77.
805 23. 77.
806 23. 77.
807 23. 77.
808 23. 77.
809 24. 76.
810 24. 76.
811 24. 76.
812 24. 76.
813 24. 76.
814 24. 76.
815 24. 76.
816 24. 76.
817 24. 76.
818 24. 76.
819 24. 76.
820 24. 76.
821 24. 76.
822 24. 76.
823 24. 76.
824 24. 76.
825 24. 76.
826 24. 76.
827 24. 76.
828 24. 76.
829 24. 76.
830 24. 76.
831 23. 77.
832 23. 77.
833 23. 77.
834 23. 77.
835 23. 77.
836 24. 76.
837 24. 76.
838 24. 76.
839 24. 76.
840 24. 76.
841 24. 76.
842 24. 76.
843 25. 75.
844 25. 75.
845 25. 75.
846 25. 75.
847 25. 75.
848 25. 75.
849 25. 75.
850 24. 76.
851 24. 76.
852 23. 77.
853 23. 77.
854 23. 77.
855 22. 78.
856 22. 78.
857 22. 78.
858 22. 78.
859 22. 78.
860 22. 78.
861 22. 78.
862 22. 78.
863 22. 78.
864 22. 78.
865 22. 78.
866 21. 79.
867 21. 79.
868 21. 79.
869 21. 79.
870 21. 79.
871 21. 79.
872 21. 79.
873 21. 79.
874 21. 79.
875 21. 79.
876 21. 79.
877 21. 79.
878 22. 78.
879 22. 78.
880 23. 77.
881 23. 77.
882 23. 77.
883 23. 77.
884 23. 77.
885 23. 77.
886 23. 77.
887 23. 77.
888 22. 78.
889 23. 77.
890 23. 77.
891 23. 77.
892 23. 77.
893 23. 77.
894 23. 77.
895 23. 77.
896 23. 77.
897 23. 77.
898 23. 77.
899 23. 77.
900 23. 77.
901 23. 77.
902 23. 77.
903 23. 77.
904 23. 77.
905 23. 77.
906 23. 77.
907 23. 77.
908 23. 77.
909 23. 77.
910 23. 77.
911 22. 78.
912 21. 79.
913 21. 79.
914 21. 79.
915 21. 79.
916 21. 79.
917 21. 79.
918 21. 79.
919 21. 79.
920 21. 79.
921 21. 79.
922 21. 79.
923 21. 79.
924 20. 80.
925 20. 80.
926 20. 80.
927 20. 80.
928 20. 80.
929 20. 80.
930 19. 81.
931 18. 82.
932 18. 82.
933 18. 82.
934 18. 82.
935 18. 82.
936 19. 81.
937 19. 81.
938 19. 81.
939 19. 81.
940 19. 81.
941 19. 81.
942 19. 81.
943 19. 81.
944 19. 81.
945 19. 81.
946 19. 81.
947 19. 81.
948 19. 81.
949 19. 81.
950 19. 81.
951 20. 80.
952 21. 79.
953 21. 79.
954 21. 79.
955 20. 80.
956 20. 80.
957 20. 80.
958 20. 80.
959 20. 80.
960 20. 80.
961 20. 80.
962 19. 81.
963 19. 81.
964 20. 80.
965 20. 80.
966 20. 80.
967 20. 80.
968 20. 80.
969 20. 80.
970 20. 80.
971 20. 80.
972 20. 80.
973 20. 80.
974 20. 80.
975 20. 80.
976 20. 80.
977 20. 80.
978 21. 79.
979 21. 79.
980 21. 79.
981 21. 79.
982 21. 79.
983 21. 79.
984 21. 79.
985 20. 80.
986 20. 80.
987 20. 80.
988 19. 81.
989 19. 81.
990 20. 80.
991 20. 80.
992 20. 80.
993 20. 80.
994 20. 80.
995 20. 80.
996 20. 80.
997 21. 79.
998 21. 79.
999 21. 79.
1000 21. 79.
1001 21. 79.
1002 21. 79.
1003 21. 79.
1004 20. 80.
1005 20. 80.
1006 21. 79.
1007 21. 79.
1008 21. 79.
1009 22. 78.
1010 22. 78.
1011 22. 78.
1012 22. 78.
1013 22. 78.
1014 22. 78.
1015 23. 77.
1016 23. 77.
1017 23. 77.
1018 23. 77.
1019 23. 77.
1020 23. 77.
1021 23. 77.
1022 23. 77.
1023 24. 76.
1024 24. 76.
1025 24. 76.
1026 24. 76.
1027 24. 76.
1028 24. 76.
1029 24. 76.
1030 24. 76.
1031 24. 76.
1032 24. 76.
1033 24. 76.
1034 24. 76.
1035 24. 76.
1036 24. 76.
1037 23. 77.
1038 23. 77.
1039 22. 78.
1040 22. 78.
1041 23. 77.
1042 23. 77.
1043 23. 77.
1044 23. 77.
1045 23. 77.
1046 23. 77.
1047 23. 77.
1048 23. 77.
1049 24. 76.
1050 24. 76.
1051 24. 76.
1052 24. 76.
1053 24. 76.
1054 24. 76.
1055 24. 76.
1056 24. 76.
1057 24. 76.
1058 24. 76.
1059 24. 76.
1060 24. 76.
1061 24. 76.
1062 24. 76.
1063 24. 76.
1064 24. 76.
1065 24. 76.
1066 24. 76.
1067 24. 76.
1068 24. 76.
1069 24. 76.
1070 24. 76.
1071 24. 76.
1072 24. 76.
1073 24. 76.
1074 24. 76.
1075 24. 76.
1076 24. 76.
1077 24. 76.
1078 24. 76.
1079 24. 76.
1080 25. 75.
1081 25. 75.
1082 25. 75.
1083 25. 75.
1084 25. 75.
1085 26. 74.
1086 26. 74.
1087 26. 74.
1088 25. 75.
1089 25. 75.
1090 25. 75.
1091 24. 76.
1092 23. 77.
1093 23. 77.
1094 23. 77.
1095 23. 77.
1096 23. 77.
1097 23. 77.
1098 23. 77.
1099 24. 76.
1100 23. 77.
1101 23. 77.
1102 23. 77.
1103 23. 77.
1104 23. 77.
1105 23. 77.
1106 23. 77.
1107 23. 77.
1108 23. 77.
1109 23. 77.
1110 23. 77.
1111 23. 77.
1112 23. 77.
1113 23. 77.
1114 23. 77.
1115 23. 77.
1116 23. 77.
1117 23. 77.
1118 23. 77.
1119 23. 77.
1120 23. 77.
1121 22. 78.
1122 23. 77.
1123 22. 78.
1124 22. 78.
1125 22. 78.
1126 22. 78.
1127 22. 78.
1128 22. 78.
1129 22. 78.
1130 22. 78.
1131 22. 78.
1132 21. 79.
1133 21. 79.
1134 21. 79.
1135 21. 79.
1136 21. 79.
1137 22. 78.
1138 22. 78.
1139 22. 78.
1140 21. 79.
1141 21. 79.
1142 21. 79.
1143 20. 80.
1144 21. 79.
1145 21. 79.
1146 21. 79.
1147 21. 79.
1148 20. 80.
1149 20. 80.
1150 20. 80.
1151 20. 80.
1152 20. 80.
1153 20. 80.
1154 20. 80.
1155 21. 79.
1156 21. 79.
1157 21. 79.
1158 21. 79.
1159 21. 79.
1160 20. 80.
1161 20. 80.
1162 20. 80.
1163 20. 80.
1164 20. 80.
1165 20. 80.
1166 20. 80.
1167 20. 80.
1168 20. 80.
1169 20. 80.
1170 20. 80.
1171 20. 80.
1172 20. 80.
1173 20. 80.
1174 20. 80.
1175 20. 80.
1176 20. 80.
1177 20. 80.
1178 20. 80.
1179 20. 80.
1180 20. 80.
1181 20. 80.
1182 20. 80.
1183 20. 80.
1184 20. 80.
1185 19. 81.
1186 19. 81.
1187 19. 81.
1188 19. 81.
1189 19. 81.
1190 20. 80.
1191 20. 80.
1192 20. 80.
1193 20. 80.
1194 20. 80.
1195 20. 80.
1196 20. 80.
1197 20. 80.
1198 20. 80.
1199 20. 80.
1200 20. 80.
1201 20. 80.
1202 20. 80.
1203 20. 80.
1204 20. 80.
1205 20. 80.
1206 20. 80.
1207 20. 80.
1208 20. 80.
1209 20. 80.
1210 20. 80.
1211 20. 80.
1212 20. 80.
1213 20. 80.
1214 20. 80.
1215 20. 80.
1216 20. 80.
1217 20. 80.
1218 20. 80.
1219 19. 81.
1220 19. 81.
1221 19. 81.
1222 19. 81.
1223 19. 81.
1224 18. 82.
1225 18. 82.
1226 17. 83.
1227 17. 83.
1228 18. 82.
1229 18. 82.
1230 19. 81.
1231 18. 82.
1232 17. 83.
1233 18. 82.
1234 18. 82.
1235 19. 81.
1236 19. 81.
1237 19. 81.
1238 19. 81.
1239 20. 80.
1240 20. 80.
1241 20. 80.
1242 20. 80.
1243 20. 80.
1244 20. 80.
1245 21. 79.
1246 21. 79.
1247 21. 79.
1248 21. 79.
1249 21. 79.
1250 21. 79.
1251 21. 79.
1252 21. 79.
1253 21. 79.
1254 22. 78.
1255 23. 77.
1256 23. 77.
1257 24. 76.
1258 25. 75.
1259 25. 75.
1260 24. 76.
1261 24. 76.
1262 24. 76.
1263 24. 76.
1264 24. 76.
1265 24. 76.
1266 24. 76.
1267 24. 76.
1268 24. 76.
1269 24. 76.
1270 24. 76.
1271 24. 76.
1272 24. 76.
1273 23. 77.
1274 23. 77.
1275 23. 77.
1276 23. 77.
1277 22. 78.
1278 22. 78.
1279 22. 78.
1280 22. 78.
1281 22. 78.
1282 22. 78.
1283 22. 78.
1284 23. 77.
1285 23. 77.
1286 23. 77.
1287 23. 77.
1288 23. 77.
1289 23. 77.
1290 23. 77.
1291 23. 77.
1292 23. 77.
1293 22. 78.
1294 21. 79.
1295 21. 79.
1296 21. 79.
1297 21. 79.
1298 21. 79.
1299 21. 79.
1300 21. 79.
1301 21. 79.
1302 21. 79.
1303 20. 80.
1304 20. 80.
1305 20. 80.
1306 20. 80.
1307 20. 80.
1308 20. 80.
1309 20. 80.
1310 20. 80.
1311 20. 80.
1312 20. 80.
1313 20. 80.
1314 20. 80.
1315 20. 80.
1316 20. 80.
1317 21. 79.
1318 21. 79.
1319 21. 79.
1320 21. 79.
1321 21. 79.
1322 21. 79.
1323 22. 78.
1324 22. 78.
1325 22. 78.
1326 22. 78.
1327 22. 78.
1328 22. 78.
1329 22. 78.
1330 22. 78.
1331 22. 78.
1332 23. 77.
1333 23. 77.
1334 23. 77.
1335 23. 77.
1336 23. 77.
1337 23. 77.
1338 23. 77.
1339 24. 76.
1340 24. 76.
1341 25. 75.
1342 25. 75.
1343 26. 74.
1344 26. 74.
1345 26. 74.
1346 26. 74.
1347 26. 74.
1348 26. 74.
1349 26. 74.
1350 27. 73.
1351 27. 73.
1352 27. 73.
1353 27. 73.
1354 27. 73.
1355 27. 73.
1356 27. 73.
1357 27. 73.
1358 27. 73.
1359 27. 73.
1360 27. 73.
1361 27. 73.
1362 27. 73.
1363 27. 73.
1364 27. 73.
1365 27. 73.
1366 27. 73.
1367 27. 73.
1368 27. 73.
1369 27. 73.
1370 27. 73.
1371 27. 73.
1372 27. 73.
1373 27. 73.
1374 27. 73.
1375 27. 73.
1376 27. 73.
1377 27. 73.
1378 26. 74.
1379 26. 74.
1380 26. 74.
1381 26. 74.
1382 26. 74.
1383 26. 74.
1384 26. 74.
1385 26. 74.
1386 26. 74.
1387 26. 74.
1388 26. 74.
1389 26. 74.
1390 26. 74.
1391 26. 74.
1392 26. 74.
1393 26. 74.
1394 26. 74.
1395 25. 75.
1396 26. 74.
1397 26. 74.
1398 26. 74.
1399 26. 74.
1400 26. 74.
1401 26. 74.
1402 26. 74.
1403 26. 74.
1404 26. 74.
1405 26. 74.
1406 26. 74.
1407 26. 74.
1408 26. 74.
1409 26. 74.
1410 26. 74.
1411 25. 75.
1412 25. 75.
1413 25. 75.
1414 24. 76.
1415 24. 76.
1416 24. 76.
1417 23. 77.
1418 23. 77.
1419 24. 76.
1420 24. 76.
1421 23. 77.
1422 23. 77.
1423 23. 77.
1424 23. 77.
1425 23. 77.
1426 23. 77.
1427 23. 77.
1428 23. 77.
1429 23. 77.
1430 23. 77.
1431 22. 78.
1432 22. 78.
1433 22. 78.
1434 23. 77.
1435 23. 77.
1436 23. 77.
1437 23. 77.
1438 23. 77.
1439 23. 77.
1440 24. 76.
1441 24. 76.
1442 24. 76.
1443 23. 77.
1444 23. 77.
1445 22. 78.
1446 23. 77.
1447 23. 77.
1448 23. 77.
1449 22. 78.
1450 22. 78.
1451 23. 77.
1452 23. 77.
1453 23. 77.
1454 23. 77.
1455 23. 77.
1456 23. 77.
1457 23. 77.
1458 23. 77.
1459 23. 77.
1460 23. 77.
1461 23. 77.
1462 23. 77.
1463 24. 76.
1464 24. 76.
1465 24. 76.
1466 24. 76.
1467 24. 76.
1468 24. 76.
1469 24. 76.
1470 24. 76.
1471 24. 76.
1472 25. 75.
1473 24. 76.
1474 24. 76.
1475 24. 76.
1476 24. 76.
1477 24. 76.
1478 24. 76.
1479 24. 76.
1480 24. 76.
1481 23. 77.
1482 22. 78.
1483 22. 78.
1484 23. 77.
1485 23. 77.
1486 23. 77.
1487 23. 77.
1488 23. 77.
1489 24. 76.
1490 24. 76.
1491 24. 76.
1492 23. 77.
1493 23. 77.
1494 23. 77.
1495 23. 77.
1496 23. 77.
1497 23. 77.
1498 23. 77.
1499 23. 77.
1500 23. 77.
1501 23. 77.
1502 23. 77.
1503 23. 77.
1504 23. 77.
1505 24. 76.
1506 23. 77.
1507 23. 77.
1508 22. 78.
1509 22. 78.
1510 22. 78.
1511 22. 78.
1512 22. 78.
1513 22. 78.
1514 22. 78.
1515 22. 78.
1516 23. 77.
1517 22. 78.
1518 22. 78.
1519 22. 78.
1520 22. 78.
1521 22. 78.
1522 22. 78.
1523 22. 78.
1524 22. 78.
1525 23. 77.
1526 23. 77.
1527 23. 77.
1528 22. 78.
1529 22. 78.
1530 22. 78.
1531 22. 78.
1532 22. 78.
1533 22. 78.
1534 22. 78.
1535 21. 79.
1536 20. 80.
1537 20. 80.
1538 20. 80.
1539 20. 80.
1540 20. 80.
1541 20. 80.
1542 20. 80.
1543 21. 79.
1544 21. 79.
1545 21. 79.
1546 21. 79.
1547 21. 79.
1548 20. 80.
1549 20. 80.
1550 20. 80.
1551 20. 80.
1552 20. 80.
1553 20. 80.
1554 21. 79.
1555 21. 79.
1556 21. 79.
1557 21. 79.
1558 22. 78.
1559 23. 77.
1560 24. 76.
1561 24. 76.
1562 24. 76.
1563 24. 76.
1564 24. 76.
1565 24. 76.
1566 24. 76.
1567 24. 76.
1568 24. 76.
1569 24. 76.
1570 24. 76.
1571 24. 76.
1572 25. 75.
1573 25. 75.
1574 25. 75.
1575 24. 76.
1576 24. 76.
1577 24. 76.
1578 23. 77.
1579 23. 77.
1580 23. 77.
1581 23. 77.
1582 23. 77.
1583 23. 77.
1584 22. 78.
1585 22. 78.
1586 22. 78.
1587 22. 78.
1588 22. 78.
1589 22. 78.
1590 23. 77.
1591 23. 77.
1592 23. 77.
1593 23. 77.
1594 23. 77.
1595 23. 77.
1596 23. 77.
1597 23. 77.
1598 23. 77.
1599 23. 77.
1600 23. 77.
1601 23. 77.
1602 23. 77.
1603 24. 76.
1604 24. 76.
1605 24. 76.
1606 24. 76.
1607 24. 76.
1608 24. 76.
1609 24. 76.
1610 24. 76.
1611 25. 75.
1612 25. 75.
1613 25. 75.
1614 25. 75.
1615 25. 75.
1616 25. 75.
1617 25. 75.
1618 25. 75.
1619 25. 75.
1620 24. 76.
1621 24. 76.
1622 24. 76.
1623 24. 76.
1624 24. 76.
1625 24. 76.
1626 24. 76.
1627 24. 76.
1628 24. 76.
1629 25. 75.
1630 25. 75.
1631 25. 75.
1632 25. 75.
1633 25. 75.
1634 25. 75.
1635 25. 75.
1636 25. 75.
1637 25. 75.
1638 25. 75.
1639 25. 75.
1640 25. 75.
1641 25. 75.
1642 25. 75.
1643 25. 75.
1644 25. 75.
1645 24. 76.
1646 24. 76.
1647 24. 76.
1648 24. 76.
1649 25. 75.
1650 25. 75.
1651 25. 75.
1652 25. 75.
1653 25. 75.
1654 24. 76.
1655 24. 76.
1656 24. 76.
1657 25. 75.
1658 25. 75.
1659 25. 75.
1660 25. 75.
1661 24. 76.
1662 24. 76.
1663 24. 76.
1664 25. 75.
1665 25. 75.
1666 25. 75.
1667 25. 75.
1668 25. 75.
1669 25. 75.
1670 25. 75.
1671 25. 75.
1672 26. 74.
1673 26. 74.
1674 26. 74.
1675 26. 74.
1676 26. 74.
1677 27. 73.
1678 27. 73.
1679 28. 72.
1680 28. 72.
1681 28. 72.
1682 28. 72.
1683 28. 72.
1684 28. 72.
1685 27. 73.
1686 28. 72.
1687 28. 72.
1688 28. 72.
1689 28. 72.
1690 29. 71.
1691 29. 71.
1692 29. 71.
1693 29. 71.
1694 29. 71.
1695 29. 71.
1696 29. 71.
1697 29. 71.
1698 28. 72.
1699 28. 72.
1700 28. 72.
1701 28. 72.
1702 28. 72.
1703 28. 72.
1704 28. 72.
1705 27. 73.
1706 27. 73.
1707 27. 73.
1708 27. 73.
1709 26. 74.
1710 26. 74.
1711 26. 74.
1712 26. 74.
1713 25. 75.
1714 25. 75.
1715 26. 74.
1716 25. 75.
1717 25. 75.
1718 25. 75.
1719 25. 75.
1720 26. 74.
1721 26. 74.
1722 26. 74.
1723 26. 74.
1724 26. 74.
1725 26. 74.
1726 26. 74.
1727 26. 74.
1728 27. 73.
1729 27. 73.
1730 27. 73.
1731 27. 73.
1732 26. 74.
1733 26. 74.
1734 26. 74.
1735 25. 75.
1736 25. 75.
1737 25. 75.
1738 25. 75.
1739 25. 75.
1740 25. 75.
1741 26. 74.
1742 25. 75.
1743 25. 75.
1744 25. 75.
1745 25. 75.
1746 25. 75.
1747 25. 75.
1748 26. 74.
1749 26. 74.
1750 27. 73.
1751 26. 74.
1752 25. 75.
1753 25. 75.
1754 26. 74.
1755 26. 74.
1756 26. 74.
1757 26. 74.
1758 26. 74.
1759 26. 74.
1760 26. 74.
1761 26. 74.
1762 26. 74.
1763 26. 74.
1764 26. 74.
1765 25. 75.
1766 25. 75.
1767 25. 75.
1768 25. 75.
1769 25. 75.
1770 26. 74.
1771 26. 74.
1772 26. 74.
1773 26. 74.
1774 26. 74.
1775 26. 74.
1776 26. 74.
1777 27. 73.
1778 26. 74.
1779 26. 74.
1780 26. 74.
1781 26. 74.
1782 26. 74.
1783 26. 74.
1784 26. 74.
1785 25. 75.
1786 25. 75.
1787 25. 75.
1788 25. 75.
1789 25. 75.
1790 25. 75.
1791 25. 75.
1792 26. 74.
1793 26. 74.
1794 26. 74.
1795 26. 74.
1796 26. 74.
1797 25. 75.
1798 25. 75.
1799 25. 75.
1800 25. 75.
1801 25. 75.
1802 24. 76.
1803 23. 77.
1804 23. 77.
1805 23. 77.
1806 22. 78.
1807 22. 78.
1808 23. 77.
1809 22. 78.
1810 23. 77.
1811 23. 77.
1812 23. 77.
1813 23. 77.
1814 22. 78.
1815 22. 78.
1816 22. 78.
1817 22. 78.
1818 22. 78.
1819 22. 78.
1820 22. 78.
1821 22. 78.
1822 22. 78.
1823 22. 78.
1824 21. 79.
1825 21. 79.
1826 21. 79.
1827 21. 79.
1828 21. 79.
1829 21. 79.
1830 21. 79.
1831 21. 79.
1832 21. 79.
1833 21. 79.
1834 21. 79.
1835 21. 79.
1836 21. 79.
1837 21. 79.
1838 21. 79.
1839 21. 79.
1840 21. 79.
1841 20. 80.
1842 20. 80.
1843 20. 80.
1844 20. 80.
1845 20. 80.
1846 20. 80.
1847 20. 80.
1848 21. 79.
1849 21. 79.
1850 21. 79.
1851 21. 79.
1852 22. 78.
1853 22. 78.
1854 22. 78.
1855 22. 78.
1856 22. 78.
1857 22. 78.
1858 22. 78.
1859 21. 79.
1860 21. 79.
1861 21. 79.
1862 21. 79.
1863 20. 80.
1864 19. 81.
1865 20. 80.
1866 20. 80.
1867 20. 80.
1868 20. 80.
1869 20. 80.
1870 20. 80.
1871 20. 80.
1872 20. 80.
1873 20. 80.
1874 20. 80.
1875 20. 80.
1876 20. 80.
1877 20. 80.
1878 20. 80.
1879 20. 80.
1880 21. 79.
1881 21. 79.
1882 21. 79.
1883 21. 79.
1884 21. 79.
1885 21. 79.
1886 21. 79.
1887 22. 78.
1888 22. 78.
1889 22. 78.
1890 23. 77.
1891 23. 77.
1892 23. 77.
1893 23. 77.
1894 23. 77.
1895 23. 77.
1896 23. 77.
1897 23. 77.
1898 23. 77.
1899 23. 77.
1900 23. 77.
1901 23. 77.
1902 23. 77.
1903 23. 77.
1904 23. 77.
1905 23. 77.
1906 23. 77.
1907 23. 77.
1908 23. 77.
1909 23. 77.
1910 23. 77.
1911 23. 77.
1912 23. 77.
1913 22. 78.
1914 22. 78.
1915 22. 78.
1916 22. 78.
1917 21. 79.
1918 21. 79.
1919 21. 79.
1920 22. 78.
1921 22. 78.
1922 22. 78.
1923 22. 78.
1924 22. 78.
1925 22. 78.
1926 22. 78.
1927 21. 79.
1928 21. 79.
1929 21. 79.
1930 21. 79.
1931 21. 79.
1932 21. 79.
1933 21. 79.
1934 21. 79.
1935 21. 79.
1936 21. 79.
1937 21. 79.
1938 21. 79.
1939 21. 79.
1940 21. 79.
1941 21. 79.
1942 21. 79.
1943 21. 79.
1944 21. 79.
1945 21. 79.
1946 21. 79.
1947 21. 79.
1948 21. 79.
1949 21. 79.
1950 21. 79.
1951 21. 79.
1952 21. 79.
1953 22. 78.
1954 22. 78.
1955 22. 78.
1956 22. 78.
1957 22. 78.
1958 22. 78.
1959 22. 78.
1960 22. 78.
1961 22. 78.
1962 21. 79.
1963 21. 79.
1964 21. 79.
1965 21. 79.
1966 20. 80.
1967 19. 81.
1968 19. 81.
1969 19. 81.
1970 19. 81.
1971 20. 80.
1972 20. 80.
1973 20. 80.
1974 20. 80.
1975 20. 80.
1976 20. 80.
1977 19. 81.
1978 18. 82.
1979 19. 81.
1980 18. 82.
1981 18. 82.
1982 18. 82.
1983 18. 82.
1984 18. 82.
1985 18. 82.
1986 19. 81.
1987 19. 81.
1988 19. 81.
1989 19. 81.
1990 19. 81.
1991 20. 80.
1992 20. 80.
1993 19. 81.
1994 19. 81.
1995 19. 81.
1996 18. 82.
1997 18. 82.
1998 18. 82.
1999 18. 82.
2000 18. 82.
2001 18. 82.
2002 18. 82.
2003 18. 82.
2004 18. 82.
2005 18. 82.
2006 18. 82.
2007 19. 81.
2008 19. 81.
2009 19. 81.
2010 19. 81.
2011 19. 81.
2012 19. 81.
2013 19. 81.
2014 19. 81.
2015 19. 81.
2016 19. 81.
2017 19. 81.
2018 19. 81.
2019 19. 81.
2020 19. 81.
2021 19. 81.
2022 19. 81.
2023 19. 81.
2024 19. 81.
2025 19. 81.
2026 18. 82.
2027 18. 82.
2028 18. 82.
2029 18. 82.
2030 19. 81.
2031 19. 81.
2032 19. 81.
2033 19. 81.
2034 19. 81.
2035 19. 81.
2036 20. 80.
2037 20. 80.
2038 21. 79.
2039 21. 79.
2040 21. 79.
2041 21. 79.
2042 21. 79.
2043 21. 79.
2044 21. 79.
2045 21. 79.
2046 22. 78.
2047 22. 78.
2048 23. 77.
2049 23. 77.
2050 23. 77.
2051 23. 77.
2052 24. 76.
2053 24. 76.
2054 24. 76.
2055 24. 76.
2056 25. 75.
2057 25. 75.
2058 25. 75.
2059 25. 75.
2060 25. 75.
2061 25. 75.
2062 25. 75.
2063 25. 75.
2064 25. 75.
2065 25. 75.
2066 25. 75.
2067 25. 75.
2068 25. 75.
2069 25. 75.
2070 25. 75.
2071 25. 75.
2072 26. 74.
2073 26. 74.
2074 26. 74.
2075 25. 75.
2076 25. 75.
2077 25. 75.
2078 25. 75.
2079 26. 74.
2080 26. 74.
2081 26. 74.
2082 26. 74.
2083 26. 74.
2084 26. 74.
2085 26. 74.
2086 26. 74.
2087 26. 74.
2088 27. 73.
2089 27. 73.
2090 27. 73.
2091 27. 73.
2092 27. 73.
2093 27. 73.
2094 27. 73.
2095 27. 73.
2096 26. 74.
2097 26. 74.
2098 26. 74.
2099 26. 74.
2100 26. 74.
2101 26. 74.
2102 26. 74.
2103 26. 74.
2104 26. 74.
2105 26. 74.
2106 26. 74.
2107 25. 75.
2108 25. 75.
2109 24. 76.
2110 24. 76.
2111 24. 76.
2112 24. 76.
2113 23. 77.
2114 22. 78.
2115 22. 78.
2116 22. 78.
2117 22. 78.
2118 22. 78.
2119 21. 79.
2120 21. 79.
2121 21. 79.
2122 20. 80.
2123 20. 80.
2124 20. 80.
2125 20. 80.
2126 21. 79.
2127 21. 79.
2128 21. 79.
2129 21. 79.
2130 21. 79.
2131 21. 79.
2132 21. 79.
2133 21. 79.
2134 21. 79.
2135 21. 79.
2136 21. 79.
2137 21. 79.
2138 21. 79.
2139 21. 79.
2140 21. 79.
2141 21. 79.
2142 21. 79.
2143 21. 79.
2144 20. 80.
2145 20. 80.
2146 20. 80.
2147 20. 80.
2148 20. 80.
2149 20. 80.
2150 20. 80.
2151 20. 80.
2152 20. 80.
2153 20. 80.
2154 19. 81.
2155 19. 81.
2156 19. 81.
2157 19. 81.
2158 19. 81.
2159 19. 81.
2160 20. 80.
2161 20. 80.
2162 20. 80.
2163 20. 80.
2164 20. 80.
2165 20. 80.
2166 20. 80.
2167 19. 81.
2168 20. 80.
2169 20. 80.
2170 21. 79.
2171 21. 79.
2172 21. 79.
2173 21. 79.
2174 21. 79.
2175 21. 79.
2176 21. 79.
2177 21. 79.
2178 21. 79.
2179 21. 79.
2180 21. 79.
2181 21. 79.
2182 22. 78.
2183 22. 78.
2184 22. 78.
2185 22. 78.
2186 22. 78.
2187 23. 77.
2188 23. 77.
2189 23. 77.
2190 23. 77.
2191 23. 77.
2192 23. 77.
2193 23. 77.
2194 23. 77.
2195 23. 77.
2196 23. 77.
2197 23. 77.
2198 23. 77.
2199 23. 77.
2200 24. 76.
2201 24. 76.
2202 24. 76.
2203 24. 76.
2204 24. 76.
2205 24. 76.
2206 24. 76.
2207 24. 76.
2208 23. 77.
2209 23. 77.
2210 23. 77.
2211 23. 77.
2212 22. 78.
2213 21. 79.
2214 21. 79.
2215 21. 79.
2216 21. 79.
2217 21. 79.
2218 21. 79.
2219 21. 79.
2220 21. 79.
2221 21. 79.
2222 21. 79.
2223 21. 79.
2224 21. 79.
2225 21. 79.
2226 20. 80.
2227 20. 80.
2228 20. 80.
2229 20. 80.
2230 20. 80.
2231 20. 80.
2232 20. 80.
2233 20. 80.
2234 20. 80.
2235 20. 80.
2236 20. 80.
2237 20. 80.
2238 20. 80.
2239 20. 80.
2240 20. 80.
2241 19. 81.
2242 19. 81.
2243 19. 81.
2244 19. 81.
2245 18. 82.
2246 19. 81.
2247 19. 81.
2248 18. 82.
2249 18. 82.
2250 18. 82.
2251 19. 81.
2252 19. 81.
2253 19. 81.
2254 19. 81.
2255 19. 81.
2256 19. 81.
2257 20. 80.
2258 19. 81.
2259 20. 80.
2260 20. 80.
2261 20. 80.
2262 20. 80.
2263 20. 80.
2264 20. 80.
2265 20. 80.
2266 20. 80.
2267 21. 79.
2268 21. 79.
2269 21. 79.
2270 21. 79.
2271 21. 79.
2272 21. 79.
2273 21. 79.
2274 21. 79.
2275 20. 80.
2276 20. 80.
2277 20. 80.
2278 20. 80.
2279 20. 80.
2280 20. 80.
2281 20. 80.
2282 20. 80.
2283 19. 81.
2284 19. 81.
2285 19. 81.
2286 20. 80.
2287 20. 80.
2288 20. 80.
2289 20. 80.
2290 20. 80.
2291 20. 80.
2292 19. 81.
2293 18. 82.
2294 19. 81.
2295 18. 82.
2296 18. 82.
2297 18. 82.
2298 18. 82.
2299 18. 82.
2300 18. 82.
2301 18. 82.
2302 18. 82.
2303 18. 82.
2304 19. 81.
2305 19. 81.
2306 19. 81.
2307 19. 81.
2308 19. 81.
2309 19. 81.
2310 19. 81.
2311 19. 81.
2312 19. 81.
2313 19. 81.
2314 19. 81.
2315 19. 81.
2316 19. 81.
2317 20. 80.
2318 20. 80.
2319 20. 80.
2320 20. 80.
2321 20. 80.
2322 19. 81.
2323 19. 81.
2324 19. 81.
2325 19. 81.
2326 19. 81.
2327 19. 81.
2328 19. 81.
2329 19. 81.
2330 19. 81.
2331 20. 80.
2332 20. 80.
2333 19. 81.
2334 19. 81.
2335 19. 81.
2336 19. 81.
2337 19. 81.
2338 19. 81.
2339 19. 81.
2340 19. 81.
2341 19. 81.
2342 19. 81.
2343 19. 81.
2344 19. 81.
2345 19. 81.
2346 19. 81.
2347 20. 80.
2348 20. 80.
2349 21. 79.
2350 21. 79.
2351 21. 79.
2352 21. 79.
2353 21. 79.
2354 21. 79.
2355 21. 79.
2356 21. 79.
2357 21. 79.
2358 21. 79.
2359 21. 79.
2360 21. 79.
2361 21. 79.
2362 22. 78.
2363 22. 78.
2364 22. 78.
2365 21. 79.
2366 20. 80.
2367 20. 80.
2368 21. 79.
2369 22. 78.
2370 22. 78.
2371 22. 78.
2372 22. 78.
2373 21. 79.
2374 21. 79.
2375 21. 79.
2376 21. 79.
2377 21. 79.
2378 21. 79.
2379 21. 79.
2380 21. 79.
2381 21. 79.
2382 21. 79.
2383 21. 79.
2384 21. 79.
2385 21. 79.
2386 20. 80.
2387 20. 80.
2388 20. 80.
2389 20. 80.
2390 19. 81.
2391 19. 81.
2392 19. 81.
2393 19. 81.
2394 19. 81.
2395 18. 82.
2396 18. 82.
2397 18. 82.
2398 18. 82.
2399 18. 82.
2400 18. 82.
2401 18. 82.
2402 18. 82.
2403 18. 82.
2404 18. 82.
2405 19. 81.
2406 19. 81.
2407 19. 81.
2408 19. 81.
2409 19. 81.
2410 19. 81.
2411 19. 81.
2412 19. 81.
2413 19. 81.
2414 18. 82.
2415 18. 82.
2416 18. 82.
2417 18. 82.
2418 18. 82.
2419 18. 82.
2420 18. 82.
2421 18. 82.
2422 18. 82.
2423 18. 82.
2424 18. 82.
2425 18. 82.
2426 18. 82.
2427 18. 82.
2428 18. 82.
2429 18. 82.
2430 18. 82.
2431 17. 83.
2432 17. 83.
2433 17. 83.
2434 17. 83.
2435 18. 82.
2436 18. 82.
2437 17. 83.
2438 17. 83.
2439 17. 83.
2440 17. 83.
2441 17. 83.
2442 17. 83.
2443 17. 83.
2444 17. 83.
2445 17. 83.
2446 17. 83.
2447 17. 83.
2448 17. 83.
2449 17. 83.
2450 16. 84.
2451 16. 84.
2452 16. 84.
2453 16. 84.
2454 16. 84.
2455 16. 84.
2456 16. 84.
2457 17. 83.
2458 17. 83.
2459 16. 84.
2460 16. 84.
2461 17. 83.
2462 17. 83.
2463 18. 82.
2464 18. 82.
2465 18. 82.
2466 18. 82.
2467 18. 82.
2468 18. 82.
2469 18. 82.
2470 18. 82.
2471 18. 82.
2472 18. 82.
2473 18. 82.
2474 18. 82.
2475 17. 83.
2476 17. 83.
2477 17. 83.
2478 17. 83.
2479 17. 83.
2480 17. 83.
2481 17. 83.
2482 17. 83.
2483 17. 83.
2484 17. 83.
2485 17. 83.
2486 17. 83.
2487 17. 83.
2488 18. 82.
2489 18. 82.
2490 18. 82.
2491 18. 82.
2492 18. 82.
2493 18. 82.
2494 18. 82.
2495 18. 82.
2496 18. 82.
2497 18. 82.
2498 19. 81.
2499 19. 81.
2500 19. 81.
2501 19. 81.
2502 19. 81.
2503 19. 81.
2504 19. 81.
2505 20. 80.
2506 20. 80.
2507 20. 80.
2508 20. 80.
2509 20. 80.
2510 20. 80.
2511 20. 80.
2512 20. 80.
2513 20. 80.
2514 20. 80.
2515 19. 81.
2516 19. 81.
2517 19. 81.
2518 19. 81.
2519 19. 81.
2520 19. 81.
2521 19. 81.
2522 19. 81.
2523 19. 81.
2524 19. 81.
2525 20. 80.
2526 20. 80.
2527 20. 80.
2528 20. 80.
2529 20. 80.
2530 20. 80.
2531 20. 80.
2532 20. 80.
2533 20. 80.
2534 20. 80.
2535 20. 80.
2536 20. 80.
2537 20. 80.
2538 19. 81.
2539 19. 81.
2540 19. 81.
2541 19. 81.
2542 19. 81.
2543 19. 81.
2544 19. 81.
2545 19. 81.
2546 19. 81.
2547 19. 81.
2548 19. 81.
2549 19. 81.
2550 19. 81.
2551 19. 81.
2552 19. 81.
2553 19. 81.
2554 19. 81.
2555 19. 81.
2556 19. 81.
2557 18. 82.
2558 18. 82.
2559 18. 82.
2560 18. 82.
2561 18. 82.
2562 18. 82.
2563 19. 81.
2564 19. 81.
2565 19. 81.
2566 19. 81.
2567 19. 81.
2568 19. 81.
2569 18. 82.
2570 18. 82.
2571 17. 83.
2572 17. 83.
2573 17. 83.
2574 17. 83.
2575 18. 82.
2576 18. 82.
2577 18. 82.
2578 18. 82.
2579 18. 82.
2580 17. 83.
2581 17. 83.
2582 17. 83.
2583 16. 84.
2584 16. 84.
2585 15. 85.
2586 15. 85.
2587 15. 85.
2588 15. 85.
2589 15. 85.
2590 15. 85.
2591 15. 85.
2592 15. 85.
2593 15. 85.
2594 15. 85.
2595 15. 85.
2596 15. 85.
2597 15. 85.
2598 15. 85.
2599 15. 85.
2600 15. 85.
2601 15. 85.
2602 15. 85.
2603 15. 85.
2604 15. 85.
2605 15. 85.
2606 15. 85.
2607 15. 85.
2608 15. 85.
2609 16. 84.
2610 16. 84.
2611 16. 84.
2612 16. 84.
2613 16. 84.
2614 16. 84.
2615 16. 84.
2616 16. 84.
2617 16. 84.
2618 16. 84.
2619 16. 84.
2620 16. 84.
2621 16. 84.
2622 16. 84.
2623 17. 83.
2624 17. 83.
2625 17. 83.
2626 18. 82.
2627 18. 82.
2628 19. 81.
2629 19. 81.
2630 19. 81.
2631 19. 81.
2632 19. 81.
2633 19. 81.
2634 19. 81.
2635 19. 81.
2636 19. 81.
2637 19. 81.
2638 19. 81.
2639 19. 81.
2640 19. 81.
2641 19. 81.
2642 19. 81.
2643 19. 81.
2644 19. 81.
2645 19. 81.
2646 20. 80.
2647 20. 80.
2648 20. 80.
2649 21. 79.
2650 21. 79.
2651 21. 79.
2652 21. 79.
2653 21. 79.
2654 21. 79.
2655 21. 79.
2656 21. 79.
2657 21. 79.
2658 21. 79.
2659 21. 79.
2660 21. 79.
2661 21. 79.
2662 21. 79.
2663 21. 79.
2664 21. 79.
2665 21. 79.
2666 21. 79.
2667 21. 79.
2668 21. 79.
2669 21. 79.
2670 21. 79.
2671 21. 79.
2672 21. 79.
2673 21. 79.
2674 21. 79.
2675 21. 79.
2676 20. 80.
2677 20. 80.
2678 20. 80.
2679 20. 80.
2680 19. 81.
2681 18. 82.
2682 18. 82.
2683 18. 82.
2684 18. 82.
2685 18. 82.
2686 18. 82.
2687 18. 82.
2688 18. 82.
2689 18. 82.
2690 19. 81.
2691 18. 82.
2692 18. 82.
2693 18. 82.
2694 18. 82.
2695 18. 82.
2696 18. 82.
2697 18. 82.
2698 18. 82.
2699 18. 82.
2700 18. 82.
2701 18. 82.
2702 18. 82.
2703 18. 82.
2704 18. 82.
2705 19. 81.
2706 19. 81.
2707 19. 81.
2708 18. 82.
2709 18. 82.
2710 18. 82.
2711 18. 82.
2712 18. 82.
2713 18. 82.
2714 18. 82.
2715 18. 82.
2716 18. 82.
2717 18. 82.
2718 18. 82.
2719 18. 82.
2720 18. 82.
2721 18. 82.
2722 18. 82.
2723 18. 82.
2724 18. 82.
2725 18. 82.
2726 18. 82.
2727 18. 82.
2728 18. 82.
2729 18. 82.
2730 19. 81.
2731 19. 81.
2732 19. 81.
2733 19. 81.
2734 19. 81.
2735 18. 82.
2736 18. 82.
2737 18. 82.
2738 18. 82.
2739 18. 82.
2740 18. 82.
2741 18. 82.
2742 18. 82.
2743 18. 82.
2744 18. 82.
2745 18. 82.
2746 18. 82.
2747 18. 82.
2748 18. 82.
2749 18. 82.
2750 18. 82.
2751 17. 83.
2752 17. 83.
2753 17. 83.
2754 17. 83.
2755 17. 83.
2756 17. 83.
2757 17. 83.
2758 18. 82.
2759 18. 82.
2760 18. 82.
2761 18. 82.
2762 18. 82.
2763 18. 82.
2764 18. 82.
2765 18. 82.
2766 19. 81.
2767 19. 81.
2768 19. 81.
2769 19. 81.
2770 19. 81.
2771 19. 81.
2772 19. 81.
2773 19. 81.
2774 19. 81.
2775 19. 81.
2776 19. 81.
2777 19. 81.
2778 19. 81.
2779 19. 81.
2780 19. 81.
2781 19. 81.
2782 18. 82.
2783 18. 82.
2784 18. 82.
2785 18. 82.
2786 17. 83.
2787 17. 83.
2788 17. 83.
2789 16. 84.
2790 16. 84.
2791 16. 84.
2792 16. 84.
2793 16. 84.
2794 16. 84.
2795 17. 83.
2796 18. 82.
2797 18. 82.
2798 18. 82.
2799 18. 82.
2800 18. 82.
2801 18. 82.
2802 18. 82.
2803 18. 82.
2804 18. 82.
2805 18. 82.
2806 18. 82.
2807 17. 83.
2808 17. 83.
2809 17. 83.
2810 17. 83.
2811 17. 83.
2812 17. 83.
2813 17. 83.
2814 16. 84.
2815 15. 85.
2816 15. 85.
2817 15. 85.
2818 15. 85.
2819 15. 85.
2820 15. 85.
2821 15. 85.
2822 15. 85.
2823 16. 84.
2824 16. 84.
2825 16. 84.
2826 17. 83.
2827 17. 83.
2828 17. 83.
2829 17. 83.
2830 17. 83.
2831 18. 82.
2832 18. 82.
2833 18. 82.
2834 19. 81.
2835 19. 81.
2836 19. 81.
2837 19. 81.
2838 19. 81.
2839 19. 81.
2840 19. 81.
2841 19. 81.
2842 19. 81.
2843 19. 81.
2844 19. 81.
2845 19. 81.
2846 19. 81.
2847 19. 81.
2848 20. 80.
2849 20. 80.
2850 20. 80.
2851 20. 80.
2852 20. 80.
2853 20. 80.
2854 20. 80.
2855 20. 80.
2856 21. 79.
2857 21. 79.
2858 21. 79.
2859 21. 79.
2860 21. 79.
2861 21. 79.
2862 21. 79.
2863 21. 79.
2864 21. 79.
2865 21. 79.
2866 21. 79.
2867 21. 79.
2868 21. 79.
2869 21. 79.
2870 21. 79.
2871 21. 79.
2872 21. 79.
2873 21. 79.
2874 21. 79.
2875 21. 79.
2876 21. 79.
2877 20. 80.
2878 20. 80.
2879 20. 80.
2880 20. 80.
2881 20. 80.
2882 19. 81.
2883 19. 81.
2884 19. 81.
2885 18. 82.
2886 19. 81.
2887 19. 81.
2888 18. 82.
2889 18. 82.
2890 18. 82.
2891 18. 82.
2892 19. 81.
2893 19. 81.
2894 18. 82.
2895 18. 82.
2896 18. 82.
2897 18. 82.
2898 18. 82.
2899 18. 82.
2900 18. 82.
2901 18. 82.
2902 18. 82.
2903 18. 82.
2904 18. 82.
2905 18. 82.
2906 18. 82.
2907 18. 82.
2908 18. 82.
2909 18. 82.
2910 18. 82.
2911 18. 82.
2912 19. 81.
2913 19. 81.
2914 19. 81.
2915 19. 81.
2916 19. 81.
2917 19. 81.
2918 19. 81.
2919 20. 80.
2920 21. 79.
2921 21. 79.
2922 21. 79.
2923 21. 79.
2924 21. 79.
2925 21. 79.
2926 20. 80.
2927 20. 80.
2928 20. 80.
2929 20. 80.
2930 20. 80.
2931 20. 80.
2932 20. 80.
2933 20. 80.
2934 20. 80.
2935 20. 80.
2936 20. 80.
2937 20. 80.
2938 20. 80.
2939 19. 81.
2940 19. 81.
2941 19. 81.
2942 20. 80.
2943 20. 80.
2944 20. 80.
2945 21. 79.
2946 21. 79.
2947 21. 79.
2948 21. 79.
2949 21. 79.
2950 21. 79.
2951 21. 79.
2952 21. 79.
2953 21. 79.
2954 21. 79.
2955 21. 79.
2956 21. 79.
2957 21. 79.
2958 21. 79.
2959 20. 80.
2960 20. 80.
2961 20. 80.
2962 20. 80.
2963 20. 80.
2964 20. 80.
2965 20. 80.
2966 20. 80.
2967 20. 80.
2968 20. 80.
2969 20. 80.
2970 20. 80.
2971 20. 80.
2972 20. 80.
2973 20. 80.
2974 20. 80.
2975 20. 80.
2976 20. 80.
2977 21. 79.
2978 21. 79.
2979 22. 78.
2980 22. 78.
2981 22. 78.
2982 22. 78.
2983 21. 79.
2984 21. 79.
2985 21. 79.
2986 20. 80.
2987 20. 80.
2988 20. 80.
2989 20. 80.
2990 20. 80.
2991 20. 80.
2992 20. 80.
2993 20. 80.
2994 20. 80.
2995 20. 80.
2996 20. 80.
2997 20. 80.
2998 20. 80.
2999 20. 80.
3000 20. 80.
3001 20. 80.
3002 20. 80.
3003 20. 80.
3004 20. 80.
3005 21. 79.
3006 21. 79.
3007 22. 78.
3008 22. 78.
3009 22. 78.
3010 22. 78.
3011 23. 77.
3012 23. 77.
3013 23. 77.
3014 23. 77.
3015 23. 77.
3016 23. 77.
3017 23. 77.
3018 23. 77.
3019 23. 77.
3020 23. 77.
3021 23. 77.
3022 23. 77.
3023 23. 77.
3024 23. 77.
3025 23. 77.
3026 23. 77.
3027 23. 77.
3028 23. 77.
3029 23. 77.
3030 23. 77.
3031 23. 77.
3032 23. 77.
3033 23. 77.
3034 23. 77.
3035 23. 77.
3036 23. 77.
3037 22. 78.
3038 22. 78.
3039 22. 78.
3040 22. 78.
3041 22. 78.
3042 22. 78.
3043 22. 78.
3044 22. 78.
3045 22. 78.
3046 22. 78.
3047 22. 78.
3048 21. 79.
3049 20. 80.
3050 20. 80.
3051 20. 80.
3052 20. 80.
3053 20. 80.
3054 19. 81.
3055 19. 81.
3056 19. 81.
3057 19. 81.
3058 19. 81.
3059 19. 81.
3060 19. 81.
3061 19. 81.
3062 18. 82.
3063 18. 82.
3064 19. 81.
3065 19. 81.
3066 19. 81.
3067 19. 81.
3068 19. 81.
3069 19. 81.
3070 19. 81.
3071 19. 81.
3072 19. 81.
3073 19. 81.
3074 19. 81.
3075 19. 81.
3076 19. 81.
3077 18. 82.
3078 18. 82.
3079 18. 82.
3080 18. 82.
3081 18. 82.
3082 18. 82.
3083 18. 82.
3084 18. 82.
3085 18. 82.
3086 18. 82.
3087 18. 82.
3088 18. 82.
3089 18. 82.
3090 18. 82.
3091 18. 82.
3092 18. 82.
3093 18. 82.
3094 18. 82.
3095 17. 83.
3096 17. 83.
3097 17. 83.
3098 16. 84.
3099 16. 84.
3100 16. 84.
3101 16. 84.
3102 15. 85.
3103 15. 85.
3104 15. 85.
3105 15. 85.
3106 16. 84.
3107 16. 84.
3108 16. 84.
3109 16. 84.
3110 16. 84.
3111 16. 84.
3112 16. 84.
3113 16. 84.
3114 16. 84.
3115 16. 84.
3116 16. 84.
3117 16. 84.
3118 16. 84.
3119 16. 84.
3120 16. 84.
3121 16. 84.
3122 16. 84.
3123 16. 84.
3124 16. 84.
3125 16. 84.
3126 16. 84.
3127 16. 84.
3128 16. 84.
3129 16. 84.
3130 15. 85.
3131 15. 85.
3132 15. 85.
3133 15. 85.
3134 15. 85.
3135 15. 85.
3136 15. 85.
3137 16. 84.
3138 16. 84.
3139 16. 84.
3140 16. 84.
3141 16. 84.
3142 16. 84.
3143 16. 84.
3144 16. 84.
3145 16. 84.
3146 16. 84.
3147 16. 84.
3148 16. 84.
3149 16. 84.
3150 16. 84.
3151 16. 84.
3152 16. 84.
3153 16. 84.
3154 16. 84.
3155 17. 83.
3156 17. 83.
3157 17. 83.
3158 17. 83.
3159 17. 83.
3160 17. 83.
3161 17. 83.
3162 17. 83.
3163 17. 83.
3164 17. 83.
3165 17. 83.
3166 17. 83.
3167 17. 83.
3168 17. 83.
3169 17. 83.
3170 17. 83.
3171 17. 83.
3172 17. 83.
3173 17. 83.
3174 17. 83.
3175 17. 83.
3176 17. 83.
3177 17. 83.
3178 17. 83.
3179 17. 83.
3180 17. 83.
3181 18. 82.
3182 18. 82.
3183 18. 82.
3184 17. 83.
3185 17. 83.
3186 17. 83.
3187 17. 83.
3188 17. 83.
3189 17. 83.
3190 17. 83.
3191 17. 83.
3192 17. 83.
3193 17. 83.
3194 17. 83.
3195 17. 83.
3196 17. 83.
3197 17. 83.
3198 17. 83.
3199 17. 83.
3200 18. 82.
3201 18. 82.
3202 18. 82.
3203 18. 82.
3204 18. 82.
3205 18. 82.
3206 18. 82.
3207 18. 82.
3208 18. 82.
3209 18. 82.
3210 18. 82.
3211 18. 82.
3212 17. 83.
3213 16. 84.
3214 16. 84.
3215 17. 83.
3216 17. 83.
3217 17. 83.
3218 17. 83.
3219 17. 83.
3220 17. 83.
3221 17. 83.
3222 17. 83.
3223 17. 83.
3224 17. 83.
3225 17. 83.
3226 17. 83.
3227 17. 83.
3228 17. 83.
3229 17. 83.
3230 18. 82.
3231 18. 82.
3232 18. 82.
3233 19. 81.
3234 19. 81.
3235 19. 81.
3236 19. 81.
3237 19. 81.
3238 19. 81.
3239 19. 81.
3240 19. 81.
3241 19. 81.
3242 19. 81.
3243 19. 81.
3244 19. 81.
3245 19. 81.
3246 19. 81.
3247 19. 81.
3248 19. 81.
3249 19. 81.
3250 19. 81.
3251 19. 81.
3252 19. 81.
3253 19. 81.
3254 19. 81.
3255 18. 82.
3256 18. 82.
3257 19. 81.
3258 18. 82.
3259 18. 82.
3260 17. 83.
3261 17. 83.
3262 17. 83.
3263 17. 83.
3264 17. 83.
3265 17. 83.
3266 17. 83.
3267 17. 83.
3268 17. 83.
3269 16. 84.
3270 16. 84.
3271 16. 84.
3272 16. 84.
3273 16. 84.
3274 17. 83.
3275 17. 83.
3276 17. 83.
3277 17. 83.
3278 17. 83.
3279 17. 83.
3280 17. 83.
3281 17. 83.
3282 16. 84.
3283 16. 84.
3284 16. 84.
3285 16. 84.
3286 16. 84.
3287 16. 84.
3288 16. 84.
3289 16. 84.
3290 16. 84.
3291 16. 84.
3292 16. 84.
3293 16. 84.
3294 16. 84.
3295 17. 83.
3296 17. 83.
3297 17. 83.
3298 16. 84.
3299 16. 84.
3300 16. 84.
3301 16. 84.
3302 16. 84.
3303 16. 84.
3304 16. 84.
3305 16. 84.
3306 16. 84.
3307 16. 84.
3308 16. 84.
3309 16. 84.
3310 16. 84.
3311 16. 84.
3312 16. 84.
3313 16. 84.
3314 15. 85.
3315 15. 85.
3316 15. 85.
3317 15. 85.
3318 15. 85.
3319 15. 85.
3320 14. 86.
3321 14. 86.
3322 14. 86.
3323 14. 86.
3324 14. 86.
3325 14. 86.
3326 14. 86.
3327 14. 86.
3328 14. 86.
3329 15. 85.
3330 15. 85.
3331 15. 85.
3332 15. 85.
3333 15. 85.
3334 14. 86.
3335 14. 86.
3336 14. 86.
3337 14. 86.
3338 14. 86.
3339 14. 86.
3340 14. 86.
3341 14. 86.
3342 14. 86.
3343 14. 86.
3344 14. 86.
3345 14. 86.
3346 14. 86.
3347 14. 86.
3348 14. 86.
3349 14. 86.
3350 14. 86.
3351 14. 86.
3352 14. 86.
3353 15. 85.
3354 15. 85.
3355 15. 85.
3356 15. 85.
3357 15. 85.
3358 15. 85.
3359 15. 85.
3360 14. 86.
3361 14. 86.
3362 14. 86.
3363 14. 86.
3364 14. 86.
3365 14. 86.
3366 14. 86.
3367 14. 86.
3368 14. 86.
3369 14. 86.
3370 14. 86.
3371 14. 86.
3372 14. 86.
3373 14. 86.
3374 14. 86.
3375 14. 86.
3376 13. 87.
3377 13. 87.
3378 13. 87.
3379 13. 87.
3380 13. 87.
3381 13. 87.
3382 12. 88.
3383 12. 88.
3384 12. 88.
3385 12. 88.
3386 12. 88.
3387 12. 88.
3388 12. 88.
3389 12. 88.
3390 12. 88.
3391 12. 88.
3392 12. 88.
3393 11. 89.
3394 11. 89.
3395 11. 89.
3396 10. 90.
3397 11. 89.
3398 11. 89.
3399 11. 89.
3400 11. 89.
3401 11. 89.
3402 11. 89.
3403 11. 89.
3404 11. 89.
3405 11. 89.
3406 11. 89.
3407 11. 89.
3408 11. 89.
3409 11. 89.
3410 11. 89.
3411 11. 89.
3412 11. 89.
3413 11. 89.
3414 11. 89.
3415 11. 89.
3416 11. 89.
3417 11. 89.
3418 11. 89.
3419 11. 89.
3420 11. 89.
3421 11. 89.
3422 12. 88.
3423 12. 88.
3424 12. 88.
3425 12. 88.
3426 12. 88.
3427 12. 88.
3428 12. 88.
3429 12. 88.
3430 12. 88.
3431 12. 88.
3432 12. 88.
3433 12. 88.
3434 12. 88.
3435 13. 87.
3436 13. 87.
3437 13. 87.
3438 13. 87.
3439 13. 87.
3440 14. 86.
3441 14. 86.
3442 15. 85.
3443 15. 85.
3444 14. 86.
3445 14. 86.
3446 14. 86.
3447 14. 86.
3448 14. 86.
3449 14. 86.
3450 14. 86.
3451 14. 86.
3452 15. 85.
3453 15. 85.
3454 15. 85.
3455 15. 85.
3456 15. 85.
3457 16. 84.
3458 15. 85.
3459 15. 85.
3460 15. 85.
3461 15. 85.
3462 15. 85.
3463 15. 85.
3464 15. 85.
3465 15. 85.
3466 15. 85.
3467 15. 85.
3468 15. 85.
3469 14. 86.
3470 14. 86.
3471 14. 86.
3472 14. 86.
3473 15. 85.
3474 14. 86.
3475 14. 86.
3476 14. 86.
3477 14. 86.
3478 15. 85.
3479 15. 85.
3480 15. 85.
3481 15. 85.
3482 15. 85.
3483 15. 85.
3484 15. 85.
3485 15. 85.
3486 15. 85.
3487 15. 85.
3488 15. 85.
3489 15. 85.
3490 15. 85.
3491 15. 85.
3492 15. 85.
3493 15. 85.
3494 15. 85.
3495 15. 85.
3496 15. 85.
3497 15. 85.
3498 15. 85.
3499 15. 85.
3500 15. 85.
3501 15. 85.
3502 15. 85.
3503 15. 85.
3504 15. 85.
3505 15. 85.
3506 15. 85.
3507 15. 85.
3508 15. 85.
3509 15. 85.
3510 16. 84.
3511 16. 84.
3512 15. 85.
3513 15. 85.
3514 15. 85.
3515 15. 85.
3516 15. 85.
3517 15. 85.
3518 15. 85.
3519 15. 85.
3520 15. 85.
3521 15. 85.
3522 15. 85.
3523 15. 85.
3524 15. 85.
3525 15. 85.
3526 15. 85.
3527 15. 85.
3528 15. 85.
3529 15. 85.
3530 15. 85.
3531 15. 85.
3532 15. 85.
3533 15. 85.
3534 15. 85.
3535 15. 85.
3536 15. 85.
3537 16. 84.
3538 16. 84.
3539 16. 84.
3540 16. 84.
3541 16. 84.
3542 16. 84.
3543 16. 84.
3544 16. 84.
3545 16. 84.
3546 16. 84.
3547 16. 84.
3548 16. 84.
3549 16. 84.
3550 16. 84.
3551 16. 84.
3552 16. 84.
3553 17. 83.
3554 17. 83.
3555 17. 83.
3556 17. 83.
3557 17. 83.
3558 17. 83.
3559 17. 83.
3560 17. 83.
3561 17. 83.
3562 17. 83.
3563 17. 83.
3564 17. 83.
3565 17. 83.
3566 17. 83.
3567 17. 83.
3568 17. 83.
3569 17. 83.
3570 18. 82.
3571 18. 82.
3572 18. 82.
3573 18. 82.
3574 18. 82.
3575 18. 82.
3576 18. 82.
3577 18. 82.
3578 18. 82.
3579 18. 82.
3580 18. 82.
3581 18. 82.
3582 18. 82.
3583 18. 82.
3584 18. 82.
3585 18. 82.
3586 18. 82.
3587 18. 82.
3588 17. 83.
3589 18. 82.
3590 17. 83.
3591 16. 84.
3592 16. 84.
3593 16. 84.
3594 16. 84.
3595 16. 84.
3596 16. 84.
3597 16. 84.
3598 16. 84.
3599 16. 84.
3600 16. 84.
3601 17. 83.
3602 17. 83.
3603 16. 84.
3604 16. 84.
3605 16. 84.
3606 16. 84.
3607 16. 84.
3608 16. 84.
3609 16. 84.
3610 16. 84.
3611 16. 84.
3612 16. 84.
3613 17. 83.
3614 17. 83.
3615 16. 84.
3616 16. 84.
3617 15. 85.
3618 15. 85.
3619 15. 85.
3620 15. 85.
3621 15. 85.
3622 15. 85.
3623 15. 85.
3624 15. 85.
3625 15. 85.
3626 15. 85.
3627 15. 85.
3628 15. 85.
3629 15. 85.
3630 15. 85.
3631 15. 85.
3632 15. 85.
3633 15. 85.
3634 15. 85.
3635 15. 85.
3636 15. 85.
3637 15. 85.
3638 14. 86.
3639 14. 86.
3640 14. 86.
3641 14. 86.
3642 14. 86.
3643 14. 86.
3644 14. 86.
3645 14. 86.
3646 14. 86.
3647 14. 86.
3648 14. 86.
3649 14. 86.
3650 14. 86.
3651 14. 86.
3652 14. 86.
3653 14. 86.
3654 14. 86.
3655 14. 86.
3656 14. 86.
3657 14. 86.
3658 14. 86.
3659 14. 86.
3660 14. 86.
3661 15. 85.
3662 15. 85.
3663 15. 85.
3664 15. 85.
3665 15. 85.
3666 15. 85.
3667 15. 85.
3668 15. 85.
3669 15. 85.
3670 15. 85.
3671 14. 86.
3672 14. 86.
3673 14. 86.
3674 14. 86.
3675 14. 86.
3676 14. 86.
3677 14. 86.
3678 14. 86.
3679 14. 86.
3680 13. 87.
3681 13. 87.
3682 13. 87.
3683 13. 87.
3684 13. 87.
3685 13. 87.
3686 13. 87.
3687 13. 87.
3688 14. 86.
3689 14. 86.
3690 15. 85.
3691 15. 85.
3692 15. 85.
3693 15. 85.
3694 15. 85.
3695 15. 85.
3696 15. 85.
3697 15. 85.
3698 15. 85.
3699 15. 85.
3700 15. 85.
3701 15. 85.
3702 16. 84.
3703 16. 84.
3704 16. 84.
3705 16. 84.
3706 17. 83.
3707 17. 83.
3708 17. 83.
3709 17. 83.
3710 17. 83.
3711 17. 83.
3712 17. 83.
3713 17. 83.
3714 17. 83.
3715 17. 83.
3716 17. 83.
3717 17. 83.
3718 17. 83.
3719 17. 83.
3720 17. 83.
3721 17. 83.
3722 17. 83.
3723 17. 83.
3724 17. 83.
3725 17. 83.
3726 17. 83.
3727 17. 83.
3728 17. 83.
3729 18. 82.
3730 18. 82.
3731 18. 82.
3732 19. 81.
3733 19. 81.
3734 19. 81.
3735 19. 81.
3736 20. 80.
3737 20. 80.
3738 20. 80.
3739 20. 80.
3740 20. 80.
3741 20. 80.
3742 20. 80.
3743 20. 80.
3744 20. 80.
3745 20. 80.
3746 20. 80.
3747 19. 81.
3748 19. 81.
3749 19. 81.
3750 19. 81.
3751 19. 81.
3752 19. 81.
3753 19. 81.
3754 19. 81.
3755 19. 81.
3756 18. 82.
3757 18. 82.
3758 18. 82.
3759 18. 82.
3760 19. 81.
3761 18. 82.
3762 18. 82.
3763 18. 82.
3764 18. 82.
3765 18. 82.
3766 18. 82.
3767 18. 82.
3768 17. 83.
3769 17. 83.
3770 17. 83.
3771 17. 83.
3772 17. 83.
3773 16. 84.
3774 16. 84.
3775 16. 84.
3776 16. 84.
3777 16. 84.
3778 16. 84.
3779 16. 84.
3780 17. 83.
3781 17. 83.
3782 17. 83.
3783 16. 84.
3784 16. 84.
3785 16. 84.
3786 16. 84.
3787 15. 85.
3788 15. 85.
3789 14. 86.
3790 14. 86.
3791 14. 86.
3792 14. 86.
3793 14. 86.
3794 14. 86.
3795 14. 86.
3796 14. 86.
3797 15. 85.
3798 15. 85.
3799 15. 85.
3800 15. 85.
3801 15. 85.
3802 15. 85.
3803 15. 85.
3804 15. 85.
3805 15. 85.
3806 15. 85.
3807 15. 85.
3808 15. 85.
3809 15. 85.
3810 15. 85.
3811 15. 85.
3812 15. 85.
3813 15. 85.
3814 15. 85.
3815 15. 85.
3816 15. 85.
3817 15. 85.
3818 15. 85.
3819 15. 85.
3820 15. 85.
3821 15. 85.
3822 15. 85.
3823 16. 84.
3824 16. 84.
3825 16. 84.
3826 16. 84.
3827 16. 84.
3828 16. 84.
3829 16. 84.
3830 16. 84.
3831 16. 84.
3832 16. 84.
3833 16. 84.
3834 16. 84.
3835 17. 83.
3836 16. 84.
3837 16. 84.
3838 16. 84.
3839 16. 84.
3840 16. 84.
3841 16. 84.
3842 15. 85.
3843 15. 85.
3844 15. 85.
3845 15. 85.
3846 15. 85.
3847 15. 85.
3848 15. 85.
3849 15. 85.
3850 15. 85.
3851 15. 85.
3852 15. 85.
3853 15. 85.
3854 16. 84.
3855 16. 84.
3856 16. 84.
3857 15. 85.
3858 15. 85.
3859 15. 85.
3860 15. 85.
3861 15. 85.
3862 15. 85.
3863 15. 85.
3864 15. 85.
3865 15. 85.
3866 15. 85.
3867 15. 85.
3868 15. 85.
3869 15. 85.
3870 15. 85.
3871 15. 85.
3872 15. 85.
3873 15. 85.
3874 15. 85.
3875 15. 85.
3876 15. 85.
3877 15. 85.
3878 15. 85.
3879 15. 85.
3880 15. 85.
3881 15. 85.
3882 15. 85.
3883 15. 85.
3884 15. 85.
3885 15. 85.
3886 15. 85.
3887 15. 85.
3888 14. 86.
3889 15. 85.
3890 15. 85.
3891 15. 85.
3892 15. 85.
3893 15. 85.
3894 15. 85.
3895 16. 84.
3896 16. 84.
3897 16. 84.
3898 16. 84.
3899 16. 84.
3900 16. 84.
3901 16. 84.
3902 16. 84.
3903 16. 84.
3904 16. 84.
3905 16. 84.
3906 16. 84.
3907 16. 84.
3908 16. 84.
3909 16. 84.
3910 17. 83.
3911 17. 83.
3912 17. 83.
3913 17. 83.
3914 17. 83.
3915 18. 82.
3916 18. 82.
3917 18. 82.
3918 18. 82.
3919 18. 82.
3920 19. 81.
3921 20. 80.
3922 20. 80.
3923 20. 80.
3924 20. 80.
3925 20. 80.
3926 20. 80.
3927 20. 80.
3928 20. 80.
3929 20. 80.
3930 20. 80.
3931 19. 81.
3932 19. 81.
3933 19. 81.
3934 19. 81.
3935 19. 81.
3936 19. 81.
3937 19. 81.
3938 19. 81.
3939 19. 81.
3940 19. 81.
3941 19. 81.
3942 19. 81.
3943 19. 81.
3944 19. 81.
3945 19. 81.
3946 20. 80.
3947 20. 80.
3948 19. 81.
3949 19. 81.
3950 19. 81.
3951 19. 81.
3952 19. 81.
3953 20. 80.
3954 20. 80.
3955 20. 80.
3956 20. 80.
3957 20. 80.
3958 20. 80.
3959 20. 80.
3960 20. 80.
3961 20. 80.
3962 21. 79.
3963 21. 79.
3964 21. 79.
3965 21. 79.
3966 21. 79.
3967 21. 79.
3968 21. 79.
3969 22. 78.
3970 22. 78.
3971 23. 77.
3972 22. 78.
3973 23. 77.
3974 23. 77.
3975 23. 77.
3976 23. 77.
3977 23. 77.
3978 23. 77.
3979 23. 77.
3980 23. 77.
3981 23. 77.
3982 22. 78.
3983 23. 77.
3984 23. 77.
3985 23. 77.
3986 23. 77.
3987 23. 77.
3988 23. 77.
3989 23. 77.
3990 23. 77.
3991 23. 77.
3992 23. 77.
3993 23. 77.
3994 23. 77.
3995 24. 76.
3996 24. 76.
3997 24. 76.
3998 24. 76.
3999 25. 75.
4000 25. 75.
4001 25. 75.
4002 25. 75.
4003 25. 75.
4004 25. 75.
4005 25. 75.
4006 25. 75.
4007 25. 75.
4008 25. 75.
4009 25. 75.
4010 25. 75.
4011 25. 75.
4012 25. 75.
4013 25. 75.
4014 25. 75.
4015 25. 75.
4016 25. 75.
4017 25. 75.
4018 25. 75.
4019 24. 76.
4020 24. 76.
4021 24. 76.
4022 24. 76.
4023 24. 76.
4024 24. 76.
4025 23. 77.
4026 23. 77.
4027 23. 77.
4028 23. 77.
4029 23. 77.
4030 22. 78.
4031 22. 78.
4032 22. 78.
4033 22. 78.
4034 22. 78.
4035 22. 78.
4036 23. 77.
4037 23. 77.
4038 23. 77.
4039 23. 77.
4040 23. 77.
4041 23. 77.
4042 23. 77.
4043 23. 77.
4044 23. 77.
4045 23. 77.
4046 23. 77.
4047 23. 77.
4048 23. 77.
4049 23. 77.
4050 23. 77.
4051 23. 77.
4052 23. 77.
4053 22. 78.
4054 22. 78.
4055 22. 78.
4056 22. 78.
4057 22. 78.
4058 22. 78.
4059 22. 78.
4060 21. 79.
4061 21. 79.
4062 21. 79.
4063 21. 79.
4064 21. 79.
4065 21. 79.
4066 21. 79.
4067 21. 79.
4068 21. 79.
4069 21. 79.
4070 21. 79.
4071 21. 79.
4072 21. 79.
4073 21. 79.
4074 21. 79.
4075 21. 79.
4076 21. 79.
4077 21. 79.
4078 21. 79.
4079 21. 79.
4080 22. 78.
4081 23. 77.
4082 23. 77.
4083 23. 77.
4084 23. 77.
4085 22. 78.
4086 22. 78.
4087 22. 78.
4088 22. 78.
4089 22. 78.
4090 22. 78.
4091 22. 78.
4092 22. 78.
4093 22. 78.
4094 22. 78.
4095 22. 78.
4096 22. 78.
4097 22. 78.
4098 22. 78.
4099 22. 78.
4100 22. 78.
4101 22. 78.
4102 23. 77.
4103 23. 77.
4104 23. 77.
4105 23. 77.
4106 23. 77.
4107 23. 77.
4108 23. 77.
4109 23. 77.
4110 23. 77.
4111 23. 77.
4112 23. 77.
4113 23. 77.
4114 23. 77.
4115 23. 77.
4116 23. 77.
4117 23. 77.
4118 23. 77.
4119 23. 77.
4120 23. 77.
4121 23. 77.
4122 23. 77.
4123 22. 78.
4124 22. 78.
4125 22. 78.
4126 22. 78.
4127 22. 78.
4128 22. 78.
4129 22. 78.
4130 22. 78.
4131 22. 78.
4132 22. 78.
4133 22. 78.
4134 22. 78.
4135 22. 78.
4136 22. 78.
4137 22. 78.
4138 22. 78.
4139 23. 77.
4140 23. 77.
4141 23. 77.
4142 23. 77.
4143 23. 77.
4144 23. 77.
4145 23. 77.
4146 23. 77.
4147 23. 77.
4148 23. 77.
4149 23. 77.
4150 23. 77.
4151 23. 77.
4152 23. 77.
4153 23. 77.
4154 23. 77.
4155 23. 77.
4156 23. 77.
4157 24. 76.
4158 24. 76.
4159 24. 76.
4160 25. 75.
4161 25. 75.
4162 24. 76.
4163 25. 75.
4164 25. 75.
4165 25. 75.
4166 26. 74.
4167 25. 75.
4168 25. 75.
4169 25. 75.
4170 25. 75.
4171 25. 75.
4172 25. 75.
4173 25. 75.
4174 26. 74.
4175 25. 75.
4176 25. 75.
4177 24. 76.
4178 24. 76.
4179 25. 75.
4180 25. 75.
4181 25. 75.
4182 25. 75.
4183 25. 75.
4184 25. 75.
4185 26. 74.
4186 25. 75.
4187 25. 75.
4188 25. 75.
4189 25. 75.
4190 25. 75.
4191 25. 75.
4192 25. 75.
4193 24. 76.
4194 24. 76.
4195 24. 76.
4196 24. 76.
4197 24. 76.
4198 24. 76.
4199 24. 76.
4200 24. 76.
4201 24. 76.
4202 24. 76.
4203 25. 75.
4204 25. 75.
4205 25. 75.
4206 25. 75.
4207 25. 75.
4208 24. 76.
4209 24. 76.
4210 25. 75.
4211 25. 75.
4212 25. 75.
4213 25. 75.
4214 25. 75.
4215 25. 75.
4216 26. 74.
4217 26. 74.
4218 26. 74.
4219 26. 74.
4220 26. 74.
4221 26. 74.
4222 26. 74.
4223 26. 74.
4224 26. 74.
4225 26. 74.
4226 26. 74.
4227 26. 74.
4228 26. 74.
4229 26. 74.
4230 26. 74.
4231 25. 75.
4232 25. 75.
4233 25. 75.
4234 25. 75.
4235 25. 75.
4236 26. 74.
4237 26. 74.
4238 27. 73.
4239 27. 73.
4240 28. 72.
4241 28. 72.
4242 29. 71.
4243 29. 71.
4244 29. 71.
4245 29. 71.
4246 29. 71.
4247 29. 71.
4248 29. 71.
4249 29. 71.
4250 30. 70.
4251 29. 71.
4252 29. 71.
4253 29. 71.
4254 29. 71.
4255 29. 71.
4256 29. 71.
4257 29. 71.
4258 30. 70.
4259 29. 71.
4260 29. 71.
4261 29. 71.
4262 29. 71.
4263 29. 71.
4264 29. 71.
4265 29. 71.
4266 29. 71.
4267 28. 72.
4268 28. 72.
4269 28. 72.
4270 28. 72.
4271 28. 72.
4272 28. 72.
4273 28. 72.
4274 29. 71.
4275 29. 71.
4276 29. 71.
4277 29. 71.
4278 29. 71.
4279 29. 71.
4280 29. 71.
4281 29. 71.
4282 28. 72.
4283 28. 72.
4284 28. 72.
4285 28. 72.
4286 28. 72.
4287 28. 72.
4288 28. 72.
4289 28. 72.
4290 28. 72.
4291 28. 72.
4292 28. 72.
4293 27. 73.
4294 27. 73.
4295 27. 73.
4296 27. 73.
4297 27. 73.
4298 27. 73.
4299 27. 73.
4300 28. 72.
4301 28. 72.
4302 27. 73.
4303 27. 73.
4304 27. 73.
4305 26. 74.
4306 26. 74.
4307 26. 74.
4308 26. 74.
4309 26. 74.
4310 26. 74.
4311 25. 75.
4312 25. 75.
4313 25. 75.
4314 25. 75.
4315 25. 75.
4316 25. 75.
4317 25. 75.
4318 25. 75.
4319 25. 75.
4320 26. 74.
4321 26. 74.
4322 26. 74.
4323 26. 74.
4324 26. 74.
4325 26. 74.
4326 26. 74.
4327 26. 74.
4328 26. 74.
4329 26. 74.
4330 26. 74.
4331 26. 74.
4332 26. 74.
4333 26. 74.
4334 26. 74.
4335 26. 74.
4336 26. 74.
4337 26. 74.
4338 26. 74.
4339 26. 74.
4340 26. 74.
4341 26. 74.
4342 26. 74.
4343 26. 74.
4344 26. 74.
4345 26. 74.
4346 26. 74.
4347 25. 75.
4348 25. 75.
4349 25. 75.
4350 25. 75.
4351 24. 76.
4352 24. 76.
4353 24. 76.
4354 24. 76.
4355 24. 76.
4356 24. 76.
4357 24. 76.
4358 24. 76.
4359 24. 76.
4360 24. 76.
4361 25. 75.
4362 26. 74.
4363 26. 74.
4364 26. 74.
4365 26. 74.
4366 26. 74.
4367 26. 74.
4368 25. 75.
4369 25. 75.
4370 25. 75.
4371 25. 75.
4372 24. 76.
4373 24. 76.
4374 24. 76.
4375 24. 76.
4376 24. 76.
4377 23. 77.
4378 23. 77.
4379 23. 77.
4380 23. 77.
4381 23. 77.
4382 23. 77.
4383 23. 77.
4384 23. 77.
4385 23. 77.
4386 23. 77.
4387 24. 76.
4388 24. 76.
4389 24. 76.
4390 24. 76.
4391 24. 76.
4392 24. 76.
4393 24. 76.
4394 24. 76.
4395 25. 75.
4396 25. 75.
4397 25. 75.
4398 25. 75.
4399 25. 75.
4400 24. 76.
4401 24. 76.
4402 24. 76.
4403 24. 76.
4404 25. 75.
4405 25. 75.
4406 24. 76.
4407 24. 76.
4408 24. 76.
4409 24. 76.
4410 24. 76.
4411 24. 76.
4412 24. 76.
4413 24. 76.
4414 24. 76.
4415 24. 76.
4416 24. 76.
4417 24. 76.
4418 24. 76.
4419 24. 76.
4420 24. 76.
4421 24. 76.
4422 24. 76.
4423 24. 76.
4424 24. 76.
4425 24. 76.
4426 25. 75.
4427 25. 75.
4428 25. 75.
4429 25. 75.
4430 24. 76.
4431 24. 76.
4432 24. 76.
4433 24. 76.
4434 24. 76.
4435 24. 76.
4436 23. 77.
4437 23. 77.
4438 23. 77.
4439 23. 77.
4440 23. 77.
4441 23. 77.
4442 23. 77.
4443 23. 77.
4444 23. 77.
4445 23. 77.
4446 23. 77.
4447 23. 77.
4448 22. 78.
4449 22. 78.
4450 22. 78.
4451 22. 78.
4452 22. 78.
4453 22. 78.
4454 22. 78.
4455 22. 78.
4456 22. 78.
4457 22. 78.
4458 22. 78.
4459 22. 78.
4460 21. 79.
4461 21. 79.
4462 21. 79.
4463 21. 79.
4464 21. 79.
4465 21. 79.
4466 21. 79.
4467 21. 79.
4468 21. 79.
4469 20. 80.
4470 20. 80.
4471 20. 80.
4472 20. 80.
4473 20. 80.
4474 20. 80.
4475 20. 80.
4476 20. 80.
4477 20. 80.
4478 20. 80.
4479 21. 79.
4480 21. 79.
4481 21. 79.
4482 21. 79.
4483 21. 79.
4484 21. 79.
4485 20. 80.
4486 20. 80.
4487 20. 80.
4488 20. 80.
4489 20. 80.
4490 20. 80.
4491 20. 80.
4492 19. 81.
4493 19. 81.
4494 19. 81.
4495 19. 81.
4496 19. 81.
4497 19. 81.
4498 19. 81.
4499 19. 81.
4500 19. 81.
4501 19. 81.
4502 19. 81.
4503 18. 82.
4504 18. 82.
4505 18. 82.
4506 18. 82.
4507 18. 82.
4508 18. 82.
4509 18. 82.
4510 18. 82.
4511 18. 82.
4512 18. 82.
4513 18. 82.
4514 18. 82.
4515 18. 82.
4516 18. 82.
4517 18. 82.
4518 18. 82.
4519 19. 81.
4520 19. 81.
4521 19. 81.
4522 19. 81.
4523 19. 81.
4524 19. 81.
4525 19. 81.
4526 19. 81.
4527 19. 81.
4528 19. 81.
4529 19. 81.
4530 19. 81.
4531 19. 81.
4532 19. 81.
4533 19. 81.
4534 19. 81.
4535 18. 82.
4536 18. 82.
4537 19. 81.
4538 19. 81.
4539 19. 81.
4540 19. 81.
4541 19. 81.
4542 19. 81.
4543 19. 81.
4544 19. 81.
4545 19. 81.
4546 19. 81.
4547 19. 81.
4548 19. 81.
4549 19. 81.
4550 19. 81.
4551 19. 81.
4552 20. 80.
4553 19. 81.
4554 19. 81.
4555 19. 81.
4556 19. 81.
4557 18. 82.
4558 18. 82.
4559 18. 82.
4560 18. 82.
4561 18. 82.
4562 18. 82.
4563 18. 82.
4564 18. 82.
4565 18. 82.
4566 18. 82.
4567 18. 82.
4568 18. 82.
4569 18. 82.
4570 18. 82.
4571 18. 82.
4572 17. 83.
4573 17. 83.
4574 17. 83.
4575 17. 83.
4576 17. 83.
4577 17. 83.
4578 16. 84.
4579 16. 84.
4580 16. 84.
4581 16. 84.
4582 16. 84.
4583 15. 85.
4584 16. 84.
4585 16. 84.
4586 16. 84.
4587 16. 84.
4588 16. 84.
4589 16. 84.
4590 16. 84.
4591 16. 84.
4592 16. 84.
4593 15. 85.
4594 15. 85.
4595 15. 85.
4596 15. 85.
4597 15. 85.
4598 15. 85.
4599 15. 85.
4600 15. 85.
4601 15. 85.
4602 14. 86.
4603 14. 86.
4604 14. 86.
4605 14. 86.
4606 14. 86.
4607 15. 85.
4608 15. 85.
4609 15. 85.
4610 15. 85.
4611 15. 85.
4612 15. 85.
4613 15. 85.
4614 15. 85.
4615 15. 85.
4616 15. 85.
4617 15. 85.
4618 15. 85.
4619 16. 84.
4620 17. 83.
4621 17. 83.
4622 17. 83.
4623 17. 83.
4624 17. 83.
4625 17. 83.
4626 17. 83.
4627 17. 83.
4628 17. 83.
4629 17. 83.
4630 16. 84.
4631 16. 84.
4632 16. 84.
4633 16. 84.
4634 16. 84.
4635 16. 84.
4636 16. 84.
4637 16. 84.
4638 16. 84.
4639 16. 84.
4640 16. 84.
4641 16. 84.
4642 16. 84.
4643 15. 85.
4644 15. 85.
4645 15. 85.
4646 14. 86.
4647 14. 86.
4648 14. 86.
4649 14. 86.
4650 14. 86.
4651 14. 86.
4652 14. 86.
4653 15. 85.
4654 16. 84.
4655 17. 83.
4656 17. 83.
4657 17. 83.
4658 17. 83.
4659 17. 83.
4660 18. 82.
4661 18. 82.
4662 18. 82.
4663 18. 82.
4664 18. 82.
4665 18. 82.
4666 18. 82.
4667 18. 82.
4668 18. 82.
4669 18. 82.
4670 18. 82.
4671 18. 82.
4672 18. 82.
4673 18. 82.
4674 18. 82.
4675 18. 82.
4676 18. 82.
4677 18. 82.
4678 18. 82.
4679 18. 82.
4680 18. 82.
4681 18. 82.
4682 18. 82.
4683 18. 82.
4684 18. 82.
4685 18. 82.
4686 18. 82.
4687 18. 82.
4688 18. 82.
4689 18. 82.
4690 18. 82.
4691 18. 82.
4692 18. 82.
4693 18. 82.
4694 18. 82.
4695 18. 82.
4696 18. 82.
4697 18. 82.
4698 18. 82.
4699 18. 82.
4700 17. 83.
4701 17. 83.
4702 17. 83.
4703 17. 83.
4704 17. 83.
4705 17. 83.
4706 17. 83.
4707 17. 83.
4708 17. 83.
4709 16. 84.
4710 16. 84.
4711 16. 84.
4712 16. 84.
4713 16. 84.
4714 16. 84.
4715 16. 84.
4716 16. 84.
4717 17. 83.
4718 17. 83.
4719 17. 83.
4720 17. 83.
4721 17. 83.
4722 17. 83.
4723 17. 83.
4724 17. 83.
4725 17. 83.
4726 17. 83.
4727 17. 83.
4728 16. 84.
4729 16. 84.
4730 16. 84.
4731 16. 84.
4732 16. 84.
4733 16. 84.
4734 16. 84.
4735 16. 84.
4736 16. 84.
4737 16. 84.
4738 16. 84.
4739 16. 84.
4740 16. 84.
4741 16. 84.
4742 16. 84.
4743 16. 84.
4744 15. 85.
4745 15. 85.
4746 15. 85.
4747 14. 86.
4748 14. 86.
4749 14. 86.
4750 14. 86.
4751 14. 86.
4752 14. 86.
4753 14. 86.
4754 15. 85.
4755 15. 85.
4756 15. 85.
4757 15. 85.
4758 15. 85.
4759 15. 85.
4760 15. 85.
4761 15. 85.
4762 15. 85.
4763 14. 86.
4764 14. 86.
4765 14. 86.
4766 14. 86.
4767 14. 86.
4768 14. 86.
4769 14. 86.
4770 14. 86.
4771 13. 87.
4772 13. 87.
4773 14. 86.
4774 14. 86.
4775 14. 86.
4776 14. 86.
4777 14. 86.
4778 15. 85.
4779 15. 85.
4780 15. 85.
4781 15. 85.
4782 15. 85.
4783 15. 85.
4784 16. 84.
4785 16. 84.
4786 16. 84.
4787 16. 84.
4788 15. 85.
4789 15. 85.
4790 15. 85.
4791 15. 85.
4792 15. 85.
4793 15. 85.
4794 14. 86.
4795 14. 86.
4796 14. 86.
4797 14. 86.
4798 14. 86.
4799 14. 86.
4800 14. 86.
4801 14. 86.
4802 14. 86.
4803 13. 87.
4804 14. 86.
4805 14. 86.
4806 14. 86.
4807 14. 86.
4808 14. 86.
4809 13. 87.
4810 13. 87.
4811 13. 87.
4812 13. 87.
4813 13. 87.
4814 13. 87.
4815 13. 87.
4816 13. 87.
4817 13. 87.
4818 13. 87.
4819 13. 87.
4820 13. 87.
4821 13. 87.
4822 13. 87.
4823 13. 87.
4824 13. 87.
4825 13. 87.
4826 13. 87.
4827 12. 88.
4828 12. 88.
4829 12. 88.
4830 12. 88.
4831 12. 88.
4832 12. 88.
4833 12. 88.
4834 12. 88.
4835 12. 88.
4836 12. 88.
4837 12. 88.
4838 12. 88.
4839 12. 88.
4840 12. 88.
4841 12. 88.
4842 12. 88.
4843 12. 88.
4844 12. 88.
4845 12. 88.
4846 12. 88.
4847 12. 88.
4848 12. 88.
4849 12. 88.
4850 12. 88.
4851 12. 88.
4852 12. 88.
4853 12. 88.
4854 12. 88.
4855 11. 89.
4856 11. 89.
4857 11. 89.
4858 11. 89.
4859 11. 89.
4860 11. 89.
4861 11. 89.
4862 11. 89.
4863 11. 89.
4864 11. 89.
4865 11. 89.
4866 11. 89.
4867 11. 89.
4868 11. 89.
4869 11. 89.
4870 11. 89.
4871 11. 89.
4872 11. 89.
4873 11. 89.
4874 11. 89.
4875 11. 89.
4876 12. 88.
4877 12. 88.
4878 12. 88.
4879 12. 88.
4880 12. 88.
4881 12. 88.
4882 12. 88.
4883 12. 88.
4884 12. 88.
4885 13. 87.
4886 13. 87.
4887 13. 87.
4888 13. 87.
4889 13. 87.
4890 13. 87.
4891 13. 87.
4892 13. 87.
4893 13. 87.
4894 13. 87.
4895 13. 87.
4896 13. 87.
4897 13. 87.
4898 13. 87.
4899 13. 87.
4900 13. 87.
4901 13. 87.
4902 13. 87.
4903 13. 87.
4904 13. 87.
4905 13. 87.
4906 14. 86.
4907 14. 86.
4908 14. 86.
4909 14. 86.
4910 14. 86.
4911 14. 86.
4912 14. 86.
4913 14. 86.
4914 13. 87.
4915 13. 87.
4916 13. 87.
4917 13. 87.
4918 13. 87.
4919 13. 87.
4920 13. 87.
4921 13. 87.
4922 13. 87.
4923 13. 87.
4924 13. 87.
4925 12. 88.
4926 12. 88.
4927 12. 88.
4928 12. 88.
4929 12. 88.
4930 12. 88.
4931 12. 88.
4932 12. 88.
4933 12. 88.
4934 12. 88.
4935 12. 88.
4936 12. 88.
4937 13. 87.
4938 13. 87.
4939 13. 87.
4940 13. 87.
4941 13. 87.
4942 13. 87.
4943 13. 87.
4944 13. 87.
4945 13. 87.
4946 13. 87.
4947 13. 87.
4948 13. 87.
4949 14. 86.
4950 14. 86.
4951 14. 86.
4952 14. 86.
4953 14. 86.
4954 14. 86.
4955 14. 86.
4956 14. 86.
4957 14. 86.
4958 15. 85.
4959 15. 85.
4960 15. 85.
4961 15. 85.
4962 15. 85.
4963 15. 85.
4964 15. 85.
4965 15. 85.
4966 15. 85.
4967 15. 85.
4968 15. 85.
4969 15. 85.
4970 15. 85.
4971 15. 85.
4972 16. 84.
4973 16. 84.
4974 16. 84.
4975 17. 83.
4976 17. 83.
4977 17. 83.
4978 17. 83.
4979 17. 83.
4980 17. 83.
4981 18. 82.
4982 18. 82.
4983 18. 82.
4984 18. 82.
4985 19. 81.
4986 19. 81.
4987 20. 80.
4988 20. 80.
4989 20. 80.
4990 20. 80.
4991 20. 80.
4992 20. 80.
4993 20. 80.
4994 20. 80.
4995 20. 80.
4996 20. 80.
4997 19. 81.
4998 19. 81.
4999 19. 81.
5000 19. 81.
5001 19. 81.
5002 18. 82.
5003 18. 82.
5004 18. 82.
5005 18. 82.
5006 18. 82.
5007 18. 82.
5008 18. 82.
5009 18. 82.
5010 18. 82.
5011 18. 82.
5012 18. 82.
5013 19. 81.
5014 20. 80.
5015 20. 80.
5016 20. 80.
5017 20. 80.
5018 19. 81.
5019 19. 81.
5020 19. 81.
5021 19. 81.
5022 19. 81.
5023 18. 82.
5024 18. 82.
5025 18. 82.
5026 18. 82.
5027 18. 82.
5028 18. 82.
5029 18. 82.
5030 18. 82.
5031 18. 82.
5032 18. 82.
5033 18. 82.
5034 17. 83.
5035 17. 83.
5036 17. 83.
5037 17. 83.
5038 17. 83.
5039 17. 83.
5040 17. 83.
5041 17. 83.
5042 18. 82.
5043 18. 82.
5044 17. 83.
5045 16. 84.
5046 16. 84.
5047 16. 84.
5048 16. 84.
5049 16. 84.
5050 16. 84.
5051 15. 85.
5052 15. 85.
5053 15. 85.
5054 15. 85.
5055 15. 85.
5056 15. 85.
5057 15. 85.
5058 14. 86.
5059 14. 86.
5060 14. 86.
5061 14. 86.
5062 14. 86.
5063 14. 86.
5064 14. 86.
5065 15. 85.
5066 14. 86.
5067 14. 86.
5068 14. 86.
5069 14. 86.
5070 14. 86.
5071 14. 86.
5072 14. 86.
5073 14. 86.
5074 14. 86.
5075 14. 86.
5076 14. 86.
5077 14. 86.
5078 14. 86.
5079 14. 86.
5080 14. 86.
5081 14. 86.
5082 14. 86.
5083 14. 86.
5084 14. 86.
5085 14. 86.
5086 14. 86.
5087 14. 86.
5088 14. 86.
5089 14. 86.
5090 14. 86.
5091 14. 86.
5092 15. 85.
5093 16. 84.
5094 16. 84.
5095 17. 83.
5096 17. 83.
5097 17. 83.
5098 17. 83.
5099 16. 84.
5100 16. 84.
5101 17. 83.
5102 17. 83.
5103 17. 83.
5104 17. 83.
5105 18. 82.
5106 18. 82.
5107 18. 82.
5108 18. 82.
5109 18. 82.
5110 18. 82.
5111 18. 82.
5112 17. 83.
5113 18. 82.
5114 18. 82.
5115 18. 82.
5116 18. 82.
5117 18. 82.
5118 18. 82.
5119 18. 82.
5120 18. 82.
5121 18. 82.
5122 18. 82.
5123 18. 82.
5124 18. 82.
5125 18. 82.
5126 18. 82.
5127 18. 82.
5128 18. 82.
5129 18. 82.
5130 18. 82.
5131 18. 82.
5132 19. 81.
5133 18. 82.
5134 18. 82.
5135 18. 82.
5136 18. 82.
5137 18. 82.
5138 18. 82.
5139 18. 82.
5140 18. 82.
5141 18. 82.
5142 18. 82.
5143 18. 82.
5144 18. 82.
5145 18. 82.
5146 18. 82.
5147 18. 82.
5148 18. 82.
5149 18. 82.
5150 18. 82.
5151 18. 82.
5152 17. 83.
5153 17. 83.
5154 17. 83.
5155 16. 84.
5156 16. 84.
5157 16. 84.
5158 16. 84.
5159 16. 84.
5160 16. 84.
5161 16. 84.
5162 17. 83.
5163 16. 84.
5164 17. 83.
5165 17. 83.
5166 17. 83.
5167 16. 84.
5168 16. 84.
5169 16. 84.
5170 16. 84.
5171 16. 84.
5172 17. 83.
5173 17. 83.
5174 17. 83.
5175 17. 83.
5176 17. 83.
5177 17. 83.
5178 17. 83.
5179 17. 83.
5180 17. 83.
5181 17. 83.
5182 18. 82.
5183 19. 81.
5184 19. 81.
5185 20. 80.
5186 20. 80.
5187 20. 80.
5188 20. 80.
5189 20. 80.
5190 20. 80.
5191 19. 81.
5192 19. 81.
5193 19. 81.
5194 19. 81.
5195 19. 81.
5196 19. 81.
5197 19. 81.
5198 19. 81.
5199 20. 80.
5200 20. 80.
5201 20. 80.
5202 20. 80.
5203 20. 80.
5204 20. 80.
5205 19. 81.
5206 18. 82.
5207 18. 82.
5208 18. 82.
5209 18. 82.
5210 18. 82.
5211 18. 82.
5212 18. 82.
5213 17. 83.
5214 17. 83.
5215 17. 83.
5216 17. 83.
5217 18. 82.
5218 18. 82.
5219 19. 81.
5220 19. 81.
5221 19. 81.
5222 19. 81.
5223 19. 81.
5224 19. 81.
5225 19. 81.
5226 19. 81.
5227 19. 81.
5228 19. 81.
5229 19. 81.
5230 19. 81.
5231 18. 82.
5232 18. 82.
5233 18. 82.
5234 18. 82.
5235 18. 82.
5236 18. 82.
5237 18. 82.
5238 18. 82.
5239 18. 82.
5240 18. 82.
5241 18. 82.
5242 18. 82.
5243 18. 82.
5244 18. 82.
5245 18. 82.
5246 18. 82.
5247 18. 82.
5248 18. 82.
5249 18. 82.
5250 18. 82.
5251 17. 83.
5252 17. 83.
5253 17. 83.
5254 17. 83.
5255 17. 83.
5256 17. 83.
5257 17. 83.
5258 17. 83.
5259 17. 83.
5260 17. 83.
5261 17. 83.
5262 17. 83.
5263 16. 84.
5264 15. 85.
5265 15. 85.
5266 15. 85.
5267 15. 85.
5268 16. 84.
5269 16. 84.
5270 16. 84.
5271 17. 83.
5272 17. 83.
5273 17. 83.
5274 17. 83.
5275 17. 83.
5276 18. 82.
5277 19. 81.
5278 19. 81.
5279 19. 81.
5280 19. 81.
5281 20. 80.
5282 19. 81.
5283 19. 81.
5284 19. 81.
5285 19. 81.
5286 19. 81.
5287 19. 81.
5288 19. 81.
5289 19. 81.
5290 18. 82.
5291 18. 82.
5292 18. 82.
5293 18. 82.
5294 18. 82.
5295 18. 82.
5296 17. 83.
5297 17. 83.
5298 17. 83.
5299 17. 83.
5300 17. 83.
5301 17. 83.
5302 17. 83.
5303 17. 83.
5304 17. 83.
5305 17. 83.
5306 17. 83.
5307 17. 83.
5308 17. 83.
5309 17. 83.
5310 17. 83.
5311 17. 83.
5312 17. 83.
5313 17. 83.
5314 17. 83.
5315 17. 83.
5316 17. 83.
5317 17. 83.
5318 17. 83.
5319 17. 83.
5320 17. 83.
5321 17. 83.
5322 17. 83.
5323 17. 83.
5324 17. 83.
5325 17. 83.
5326 17. 83.
5327 17. 83.
5328 17. 83.
5329 16. 84.
5330 17. 83.
5331 18. 82.
5332 18. 82.
5333 18. 82.
5334 18. 82.
5335 18. 82.
5336 18. 82.
5337 18. 82.
5338 18. 82.
5339 18. 82.
5340 18. 82.
5341 18. 82.
5342 18. 82.
5343 18. 82.
5344 18. 82.
5345 18. 82.
5346 18. 82.
5347 18. 82.
5348 18. 82.
5349 18. 82.
5350 18. 82.
5351 18. 82.
5352 18. 82.
5353 18. 82.
5354 18. 82.
5355 19. 81.
5356 19. 81.
5357 19. 81.
5358 19. 81.
5359 19. 81.
5360 19. 81.
5361 18. 82.
5362 18. 82.
5363 18. 82.
5364 18. 82.
5365 17. 83.
5366 17. 83.
5367 17. 83.
5368 18. 82.
5369 19. 81.
5370 19. 81.
5371 19. 81.
5372 19. 81.
5373 20. 80.
5374 19. 81.
5375 19. 81.
5376 19. 81.
5377 19. 81.
5378 18. 82.
5379 17. 83.
5380 17. 83.
5381 17. 83.
5382 17. 83.
5383 16. 84.
5384 16. 84.
5385 16. 84.
5386 16. 84.
5387 16. 84.
5388 16. 84.
5389 16. 84.
5390 15. 85.
5391 15. 85.
5392 15. 85.
5393 15. 85.
5394 15. 85.
5395 16. 84.
5396 16. 84.
5397 16. 84.
5398 16. 84.
5399 16. 84.
5400 16. 84.
5401 16. 84.
5402 16. 84.
5403 16. 84.
5404 16. 84.
5405 16. 84.
5406 16. 84.
5407 16. 84.
5408 16. 84.
5409 16. 84.
5410 16. 84.
5411 16. 84.
5412 16. 84.
5413 16. 84.
5414 16. 84.
5415 17. 83.
5416 17. 83.
5417 17. 83.
5418 17. 83.
5419 17. 83.
5420 17. 83.
5421 17. 83.
5422 17. 83.
5423 17. 83.
5424 17. 83.
5425 17. 83.
5426 17. 83.
5427 17. 83.
5428 17. 83.
5429 17. 83.
5430 17. 83.
5431 17. 83.
5432 17. 83.
5433 17. 83.
5434 18. 82.
5435 18. 82.
5436 18. 82.
5437 18. 82.
5438 18. 82.
5439 18. 82.
5440 18. 82.
5441 17. 83.
5442 16. 84.
5443 16. 84.
5444 16. 84.
5445 16. 84.
5446 16. 84.
5447 15. 85.
5448 16. 84.
5449 16. 84.
5450 16. 84.
5451 16. 84.
5452 16. 84.
5453 16. 84.
5454 16. 84.
5455 16. 84.
5456 17. 83.
5457 17. 83.
5458 17. 83.
5459 17. 83.
5460 17. 83.
5461 17. 83.
5462 17. 83.
5463 17. 83.
5464 16. 84.
5465 16. 84.
5466 16. 84.
5467 16. 84.
5468 17. 83.
5469 17. 83.
5470 17. 83.
5471 17. 83.
5472 17. 83.
5473 18. 82.
5474 18. 82.
5475 18. 82.
5476 18. 82.
5477 18. 82.
5478 18. 82.
5479 18. 82.
5480 18. 82.
5481 18. 82.
5482 18. 82.
5483 18. 82.
5484 18. 82.
5485 18. 82.
5486 18. 82.
5487 18. 82.
5488 18. 82.
5489 18. 82.
5490 17. 83.
5491 16. 84.
5492 16. 84.
5493 16. 84.
5494 15. 85.
5495 15. 85.
5496 15. 85.
5497 16. 84.
5498 16. 84.
5499 15. 85.
5500 15. 85.
5501 15. 85.
5502 15. 85.
5503 15. 85.
5504 15. 85.
5505 15. 85.
5506 15. 85.
5507 16. 84.
5508 16. 84.
5509 16. 84.
5510 16. 84.
5511 17. 83.
5512 17. 83.
5513 17. 83.
5514 16. 84.
5515 16. 84.
5516 16. 84.
5517 16. 84.
5518 16. 84.
5519 16. 84.
5520 16. 84.
5521 16. 84.
5522 16. 84.
5523 16. 84.
5524 16. 84.
5525 16. 84.
5526 16. 84.
5527 16. 84.
5528 16. 84.
5529 16. 84.
5530 16. 84.
5531 16. 84.
5532 16. 84.
5533 15. 85.
5534 15. 85.
5535 14. 86.
5536 14. 86.
5537 14. 86.
5538 14. 86.
5539 14. 86.
5540 14. 86.
5541 14. 86.
5542 14. 86.
5543 14. 86.
5544 14. 86.
5545 14. 86.
5546 14. 86.
5547 14. 86.
5548 14. 86.
5549 14. 86.
5550 14. 86.
5551 14. 86.
5552 14. 86.
5553 14. 86.
5554 14. 86.
5555 14. 86.
5556 14. 86.
5557 14. 86.
5558 14. 86.
5559 14. 86.
5560 13. 87.
5561 14. 86.
5562 14. 86.
5563 14. 86.
5564 15. 85.
5565 15. 85.
5566 15. 85.
5567 15. 85.
5568 15. 85.
5569 15. 85.
5570 15. 85.
5571 15. 85.
5572 15. 85.
5573 15. 85.
5574 15. 85.
5575 15. 85.
5576 15. 85.
5577 16. 84.
5578 16. 84.
5579 16. 84.
5580 15. 85.
5581 15. 85.
5582 14. 86.
5583 14. 86.
5584 14. 86.
5585 14. 86.
5586 14. 86.
5587 14. 86.
5588 14. 86.
5589 14. 86.
5590 13. 87.
5591 13. 87.
5592 13. 87.
5593 13. 87.
5594 13. 87.
5595 13. 87.
5596 13. 87.
5597 13. 87.
5598 13. 87.
5599 13. 87.
5600 13. 87.
5601 14. 86.
5602 14. 86.
5603 14. 86.
5604 14. 86.
5605 14. 86.
5606 14. 86.
5607 14. 86.
5608 14. 86.
5609 14. 86.
5610 14. 86.
5611 14. 86.
5612 14. 86.
5613 14. 86.
5614 14. 86.
5615 14. 86.
5616 15. 85.
5617 15. 85.
5618 15. 85.
5619 15. 85.
5620 14. 86.
5621 14. 86.
5622 14. 86.
5623 14. 86.
5624 13. 87.
5625 13. 87.
5626 14. 86.
5627 14. 86.
5628 15. 85.
5629 14. 86.
5630 15. 85.
5631 15. 85.
5632 15. 85.
5633 15. 85.
5634 15. 85.
5635 15. 85.
5636 15. 85.
5637 15. 85.
5638 15. 85.
5639 14. 86.
5640 15. 85.
5641 15. 85.
5642 15. 85.
5643 15. 85.
5644 15. 85.
5645 15. 85.
5646 15. 85.
5647 15. 85.
5648 15. 85.
5649 15. 85.
5650 15. 85.
5651 15. 85.
5652 15. 85.
5653 15. 85.
5654 15. 85.
5655 15. 85.
5656 15. 85.
5657 16. 84.
5658 16. 84.
5659 17. 83.
5660 17. 83.
5661 17. 83.
5662 17. 83.
5663 17. 83.
5664 17. 83.
5665 16. 84.
5666 15. 85.
5667 15. 85.
5668 15. 85.
5669 15. 85.
5670 15. 85.
5671 15. 85.
5672 16. 84.
5673 17. 83.
5674 17. 83.
5675 17. 83.
5676 17. 83.
5677 17. 83.
5678 17. 83.
5679 17. 83.
5680 17. 83.
5681 17. 83.
5682 17. 83.
5683 17. 83.
5684 17. 83.
5685 17. 83.
5686 17. 83.
5687 17. 83.
5688 16. 84.
5689 16. 84.
5690 16. 84.
5691 16. 84.
5692 16. 84.
5693 16. 84.
5694 16. 84.
5695 16. 84.
5696 16. 84.
5697 16. 84.
5698 16. 84.
5699 16. 84.
5700 16. 84.
5701 16. 84.
5702 16. 84.
5703 16. 84.
5704 16. 84.
5705 17. 83.
5706 17. 83.
5707 17. 83.
5708 17. 83.
5709 17. 83.
5710 17. 83.
5711 17. 83.
5712 17. 83.
5713 17. 83.
5714 17. 83.
5715 17. 83.
5716 17. 83.
5717 17. 83.
5718 17. 83.
5719 17. 83.
5720 17. 83.
5721 17. 83.
5722 17. 83.
5723 17. 83.
5724 17. 83.
5725 17. 83.
5726 17. 83.
5727 17. 83.
5728 17. 83.
5729 17. 83.
5730 17. 83.
5731 17. 83.
5732 17. 83.
5733 18. 82.
5734 18. 82.
5735 17. 83.
5736 17. 83.
5737 17. 83.
5738 17. 83.
5739 17. 83.
5740 16. 84.
5741 16. 84.
5742 16. 84.
5743 16. 84.
5744 16. 84.
5745 16. 84.
5746 16. 84.
5747 16. 84.
5748 16. 84.
5749 16. 84.
5750 16. 84.
5751 16. 84.
5752 16. 84.
5753 16. 84.
5754 16. 84.
5755 16. 84.
5756 16. 84.
5757 16. 84.
5758 16. 84.
5759 16. 84.
5760 16. 84.
5761 15. 85.
5762 15. 85.
5763 15. 85.
5764 15. 85.
5765 15. 85.
5766 15. 85.
5767 15. 85.
5768 15. 85.
5769 15. 85.
5770 15. 85.
5771 16. 84.
5772 16. 84.
5773 16. 84.
5774 16. 84.
5775 16. 84.
5776 16. 84.
5777 16. 84.
5778 16. 84.
5779 16. 84.
5780 16. 84.
5781 16. 84.
5782 15. 85.
5783 14. 86.
5784 14. 86.
5785 14. 86.
5786 14. 86.
5787 14. 86.
5788 14. 86.
5789 13. 87.
5790 13. 87.
5791 13. 87.
5792 13. 87.
5793 13. 87.
5794 13. 87.
5795 13. 87.
5796 13. 87.
5797 13. 87.
5798 13. 87.
5799 12. 88.
5800 12. 88.
5801 12. 88.
5802 12. 88.
5803 12. 88.
5804 11. 89.
5805 11. 89.
5806 11. 89.
5807 11. 89.
5808 11. 89.
5809 11. 89.
5810 11. 89.
5811 11. 89.
5812 11. 89.
5813 11. 89.
5814 12. 88.
5815 12. 88.
5816 12. 88.
5817 12. 88.
5818 11. 89.
5819 11. 89.
5820 11. 89.
5821 12. 88.
5822 12. 88.
5823 12. 88.
5824 12. 88.
5825 12. 88.
5826 12. 88.
5827 12. 88.
5828 11. 89.
5829 11. 89.
5830 11. 89.
5831 12. 88.
5832 12. 88.
5833 13. 87.
5834 13. 87.
5835 13. 87.
5836 13. 87.
5837 13. 87.
5838 13. 87.
5839 12. 88.
5840 12. 88.
5841 12. 88.
5842 12. 88.
5843 12. 88.
5844 12. 88.
5845 12. 88.
5846 12. 88.
5847 12. 88.
5848 12. 88.
5849 12. 88.
5850 12. 88.
5851 12. 88.
5852 12. 88.
5853 12. 88.
5854 12. 88.
5855 12. 88.
5856 11. 89.
5857 11. 89.
5858 11. 89.
5859 11. 89.
5860 11. 89.
5861 11. 89.
5862 11. 89.
5863 11. 89.
5864 11. 89.
5865 11. 89.
5866 11. 89.
5867 11. 89.
5868 11. 89.
5869 11. 89.
5870 11. 89.
5871 11. 89.
5872 11. 89.
5873 11. 89.
5874 11. 89.
5875 12. 88.
5876 12. 88.
5877 13. 87.
5878 13. 87.
5879 13. 87.
5880 13. 87.
5881 12. 88.
5882 12. 88.
5883 12. 88.
5884 12. 88.
5885 12. 88.
5886 13. 87.
5887 13. 87.
5888 13. 87.
5889 13. 87.
5890 13. 87.
5891 13. 87.
5892 13. 87.
5893 13. 87.
5894 13. 87.
5895 13. 87.
5896 13. 87.
5897 13. 87.
5898 13. 87.
5899 13. 87.
5900 13. 87.
5901 13. 87.
5902 13. 87.
5903 13. 87.
5904 13. 87.
5905 13. 87.
5906 13. 87.
5907 13. 87.
5908 13. 87.
5909 13. 87.
5910 13. 87.
5911 13. 87.
5912 13. 87.
5913 13. 87.
5914 13. 87.
5915 13. 87.
5916 13. 87.
5917 13. 87.
5918 13. 87.
5919 13. 87.
5920 13. 87.
5921 13. 87.
5922 13. 87.
5923 14. 86.
5924 14. 86.
5925 14. 86.
5926 14. 86.
5927 14. 86.
5928 14. 86.
5929 14. 86.
5930 14. 86.
5931 14. 86.
5932 14. 86.
5933 14. 86.
5934 14. 86.
5935 14. 86.
5936 14. 86.
5937 14. 86.
5938 13. 87.
5939 12. 88.
5940 12. 88.
5941 12. 88.
5942 12. 88.
5943 12. 88.
5944 12. 88.
5945 12. 88.
5946 12. 88.
5947 12. 88.
5948 12. 88.
5949 12. 88.
5950 12. 88.
5951 12. 88.
5952 12. 88.
5953 12. 88.
5954 12. 88.
5955 12. 88.
5956 12. 88.
5957 12. 88.
5958 11. 89.
5959 11. 89.
5960 11. 89.
5961 11. 89.
5962 11. 89.
5963 11. 89.
5964 12. 88.
5965 12. 88.
5966 11. 89.
5967 11. 89.
5968 11. 89.
5969 11. 89.
5970 11. 89.
5971 11. 89.
5972 11. 89.
5973 11. 89.
5974 11. 89.
5975 11. 89.
5976 11. 89.
5977 11. 89.
5978 11. 89.
5979 12. 88.
5980 12. 88.
5981 12. 88.
5982 12. 88.
5983 12. 88.
5984 12. 88.
5985 12. 88.
5986 12. 88.
5987 12. 88.
5988 12. 88.
5989 12. 88.
5990 12. 88.
5991 12. 88.
5992 13. 87.
5993 13. 87.
5994 13. 87.
5995 13. 87.
5996 13. 87.
5997 13. 87.
5998 13. 87.
5999 14. 86.
6000 14. 86.
6001 14. 86.
6002 13. 87.
6003 13. 87.
6004 13. 87.
6005 13. 87.
6006 13. 87.
6007 13. 87.
6008 13. 87.
6009 13. 87.
6010 13. 87.
6011 13. 87.
6012 13. 87.
6013 13. 87.
6014 13. 87.
6015 12. 88.
6016 12. 88.
6017 12. 88.
6018 12. 88.
6019 12. 88.
6020 12. 88.
6021 12. 88.
6022 12. 88.
6023 12. 88.
6024 12. 88.
6025 12. 88.
6026 12. 88.
6027 12. 88.
6028 12. 88.
6029 12. 88.
6030 11. 89.
6031 11. 89.
6032 12. 88.
6033 12. 88.
6034 12. 88.
6035 12. 88.
6036 12. 88.
6037 12. 88.
6038 12. 88.
6039 12. 88.
6040 12. 88.
6041 12. 88.
6042 12. 88.
6043 12. 88.
6044 12. 88.
6045 12. 88.
6046 12. 88.
6047 12. 88.
6048 12. 88.
6049 12. 88.
6050 13. 87.
6051 13. 87.
6052 13. 87.
6053 14. 86.
6054 14. 86.
6055 14. 86.
6056 14. 86.
6057 14. 86.
6058 14. 86.
6059 14. 86.
6060 14. 86.
6061 14. 86.
6062 14. 86.
6063 14. 86.
6064 14. 86.
6065 14. 86.
6066 14. 86.
6067 14. 86.
6068 14. 86.
6069 14. 86.
6070 14. 86.
6071 14. 86.
6072 14. 86.
6073 14. 86.
6074 14. 86.
6075 14. 86.
6076 14. 86.
6077 13. 87.
6078 13. 87.
6079 13. 87.
6080 13. 87.
6081 13. 87.
6082 13. 87.
6083 13. 87.
6084 12. 88.
6085 12. 88.
6086 13. 87.
6087 13. 87.
6088 13. 87.
6089 13. 87.
6090 13. 87.
6091 13. 87.
6092 13. 87.
6093 13. 87.
6094 13. 87.
6095 13. 87.
6096 13. 87.
6097 13. 87.
6098 13. 87.
6099 13. 87.
6100 12. 88.
6101 12. 88.
6102 12. 88.
6103 12. 88.
6104 12. 88.
6105 12. 88.
6106 12. 88.
6107 12. 88.
6108 12. 88.
6109 12. 88.
6110 12. 88.
6111 12. 88.
6112 12. 88.
6113 11. 89.
6114 10. 90.
6115 10. 90.
6116 10. 90.
6117 10. 90.
6118 10. 90.
6119 10. 90.
6120 10. 90.
6121 10. 90.
6122 10. 90.
6123 10. 90.
6124 10. 90.
6125 10. 90.
6126 10. 90.
6127 10. 90.
6128 10. 90.
6129 10. 90.
6130 10. 90.
6131 10. 90.
6132 10. 90.
6133 10. 90.
6134 10. 90.
6135 10. 90.
6136 10. 90.
6137 9. 91.
6138 9. 91.
6139 9. 91.
6140 8. 92.
6141 8. 92.
6142 8. 92.
6143 7. 93.
6144 7. 93.
6145 7. 93.
6146 7. 93.
6147 7. 93.
6148 8. 92.
6149 8. 92.
6150 8. 92.
6151 8. 92.
6152 8. 92.
6153 8. 92.
6154 8. 92.
6155 8. 92.
6156 8. 92.
6157 8. 92.
6158 8. 92.
6159 8. 92.
6160 8. 92.
6161 8. 92.
6162 8. 92.
6163 8. 92.
6164 8. 92.
6165 8. 92.
6166 8. 92.
6167 8. 92.
6168 9. 91.
6169 9. 91.
6170 9. 91.
6171 9. 91.
6172 9. 91.
6173 9. 91.
6174 9. 91.
6175 9. 91.
6176 9. 91.
6177 9. 91.
6178 8. 92.
6179 8. 92.
6180 8. 92.
6181 8. 92.
6182 8. 92.
6183 9. 91.
6184 9. 91.
6185 10. 90.
6186 10. 90.
6187 10. 90.
6188 10. 90.
6189 10. 90.
6190 10. 90.
6191 10. 90.
6192 10. 90.
6193 10. 90.
6194 10. 90.
6195 10. 90.
6196 10. 90.
6197 10. 90.
6198 10. 90.
6199 10. 90.
6200 10. 90.
6201 10. 90.
6202 10. 90.
6203 10. 90.
6204 9. 91.
6205 9. 91.
6206 8. 92.
6207 8. 92.
6208 8. 92.
6209 8. 92.
6210 8. 92.
6211 8. 92.
6212 8. 92.
6213 8. 92.
6214 8. 92.
6215 8. 92.
6216 8. 92.
6217 8. 92.
6218 8. 92.
6219 8. 92.
6220 8. 92.
6221 8. 92.
6222 8. 92.
6223 8. 92.
6224 8. 92.
6225 8. 92.
6226 8. 92.
6227 8. 92.
6228 8. 92.
6229 8. 92.
6230 8. 92.
6231 8. 92.
6232 7. 93.
6233 7. 93.
6234 7. 93.
6235 7. 93.
6236 7. 93.
6237 7. 93.
6238 7. 93.
6239 7. 93.
6240 7. 93.
6241 7. 93.
6242 8. 92.
6243 8. 92.
6244 8. 92.
6245 8. 92.
6246 8. 92.
6247 8. 92.
6248 8. 92.
6249 8. 92.
6250 8. 92.
6251 8. 92.
6252 8. 92.
6253 7. 93.
6254 7. 93.
6255 7. 93.
6256 6. 94.
6257 6. 94.
6258 6. 94.
6259 6. 94.
6260 6. 94.
6261 6. 94.
6262 6. 94.
6263 6. 94.
6264 6. 94.
6265 7. 93.
6266 7. 93.
6267 7. 93.
6268 7. 93.
6269 7. 93.
6270 7. 93.
6271 7. 93.
6272 7. 93.
6273 7. 93.
6274 6. 94.
6275 6. 94.
6276 6. 94.
6277 6. 94.
6278 6. 94.
6279 6. 94.
6280 6. 94.
6281 6. 94.
6282 6. 94.
6283 6. 94.
6284 6. 94.
6285 6. 94.
6286 6. 94.
6287 6. 94.
6288 6. 94.
6289 6. 94.
6290 6. 94.
6291 6. 94.
6292 6. 94.
6293 6. 94.
6294 6. 94.
6295 6. 94.
6296 6. 94.
6297 6. 94.
6298 6. 94.
6299 6. 94.
6300 6. 94.
6301 6. 94.
6302 6. 94.
6303 6. 94.
6304 7. 93.
6305 7. 93.
6306 6. 94.
6307 6. 94.
6308 6. 94.
6309 6. 94.
6310 6. 94.
6311 6. 94.
6312 6. 94.
6313 6. 94.
6314 6. 94.
6315 6. 94.
6316 6. 94.
6317 6. 94.
6318 6. 94.
6319 6. 94.
6320 6. 94.
6321 6. 94.
6322 6. 94.
6323 6. 94.
6324 6. 94.
6325 6. 94.
6326 6. 94.
6327 6. 94.
6328 6. 94.
6329 6. 94.
6330 6. 94.
6331 6. 94.
6332 6. 94.
6333 6. 94.
6334 7. 93.
6335 7. 93.
6336 7. 93.
6337 7. 93.
6338 7. 93.
6339 7. 93.
6340 7. 93.
6341 7. 93.
6342 7. 93.
6343 7. 93.
6344 7. 93.
6345 7. 93.
6346 7. 93.
6347 7. 93.
6348 7. 93.
6349 7. 93.
6350 6. 94.
6351 6. 94.
6352 6. 94.
6353 6. 94.
6354 6. 94.
6355 6. 94.
6356 6. 94.
6357 6. 94.
6358 6. 94.
6359 6. 94.
6360 6. 94.
6361 6. 94.
6362 6. 94.
6363 6. 94.
6364 6. 94.
6365 6. 94.
6366 6. 94.
6367 6. 94.
6368 6. 94.
6369 6. 94.
6370 6. 94.
6371 6. 94.
6372 6. 94.
6373 6. 94.
6374 6. 94.
6375 6. 94.
6376 6. 94.
6377 6. 94.
6378 6. 94.
6379 6. 94.
6380 6. 94.
6381 6. 94.
6382 6. 94.
6383 6. 94.
6384 7. 93.
6385 7. 93.
6386 7. 93.
6387 7. 93.
6388 7. 93.
6389 7. 93.
6390 7. 93.
6391 7. 93.
6392 7. 93.
6393 7. 93.
6394 7. 93.
6395 7. 93.
6396 7. 93.
6397 6. 94.
6398 6. 94.
6399 5. 95.
6400 5. 95.
6401 5. 95.
6402 5. 95.
6403 5. 95.
6404 5. 95.
6405 5. 95.
6406 5. 95.
6407 5. 95.
6408 5. 95.
6409 5. 95.
6410 5. 95.
6411 5. 95.
6412 5. 95.
6413 5. 95.
6414 5. 95.
6415 5. 95.
6416 5. 95.
6417 5. 95.
6418 5. 95.
6419 5. 95.
6420 5. 95.
6421 5. 95.
6422 5. 95.
6423 5. 95.
6424 5. 95.
6425 5. 95.
6426 5. 95.
6427 5. 95.
6428 5. 95.
6429 5. 95.
6430 5. 95.
6431 5. 95.
6432 5. 95.
6433 5. 95.
6434 5. 95.
6435 6. 94.
6436 6. 94.
6437 6. 94.
6438 6. 94.
6439 5. 95.
6440 5. 95.
6441 5. 95.
6442 5. 95.
6443 5. 95.
6444 5. 95.
6445 5. 95.
6446 6. 94.
6447 6. 94.
6448 6. 94.
6449 6. 94.
6450 6. 94.
6451 6. 94.
6452 6. 94.
6453 6. 94.
6454 6. 94.
6455 6. 94.
6456 6. 94.
6457 6. 94.
6458 6. 94.
6459 6. 94.
6460 6. 94.
6461 6. 94.
6462 6. 94.
6463 6. 94.
6464 6. 94.
6465 6. 94.
6466 6. 94.
6467 6. 94.
6468 7. 93.
6469 7. 93.
6470 7. 93.
6471 7. 93.
6472 7. 93.
6473 8. 92.
6474 8. 92.
6475 8. 92.
6476 8. 92.
6477 8. 92.
6478 8. 92.
6479 8. 92.
6480 8. 92.
6481 8. 92.
6482 8. 92.
6483 8. 92.
6484 8. 92.
6485 8. 92.
6486 8. 92.
6487 8. 92.
6488 8. 92.
6489 9. 91.
6490 9. 91.
6491 9. 91.
6492 10. 90.
6493 10. 90.
6494 11. 89.
6495 11. 89.
6496 10. 90.
6497 10. 90.
6498 10. 90.
6499 10. 90.
6500 10. 90.
6501 10. 90.
6502 10. 90.
6503 10. 90.
6504 10. 90.
6505 10. 90.
6506 11. 89.
6507 11. 89.
6508 11. 89.
6509 11. 89.
6510 11. 89.
6511 11. 89.
6512 11. 89.
6513 11. 89.
6514 11. 89.
6515 11. 89.
6516 11. 89.
6517 11. 89.
6518 11. 89.
6519 11. 89.
6520 11. 89.
6521 11. 89.
6522 11. 89.
6523 11. 89.
6524 11. 89.
6525 11. 89.
6526 11. 89.
6527 11. 89.
6528 11. 89.
6529 11. 89.
6530 11. 89.
6531 11. 89.
6532 11. 89.
6533 11. 89.
6534 11. 89.
6535 11. 89.
6536 11. 89.
6537 10. 90.
6538 10. 90.
6539 10. 90.
6540 10. 90.
6541 10. 90.
6542 10. 90.
6543 10. 90.
6544 10. 90.
6545 10. 90.
6546 11. 89.
6547 11. 89.
6548 11. 89.
6549 11. 89.
6550 11. 89.
6551 11. 89.
6552 11. 89.
6553 11. 89.
6554 11. 89.
6555 11. 89.
6556 11. 89.
6557 11. 89.
6558 11. 89.
6559 10. 90.
6560 10. 90.
6561 10. 90.
6562 10. 90.
6563 10. 90.
6564 10. 90.
6565 9. 91.
6566 10. 90.
6567 10. 90.
6568 10. 90.
6569 10. 90.
6570 10. 90.
6571 10. 90.
6572 11. 89.
6573 11. 89.
6574 11. 89.
6575 11. 89.
6576 11. 89.
6577 11. 89.
6578 11. 89.
6579 11. 89.
6580 11. 89.
6581 11. 89.
6582 10. 90.
6583 10. 90.
6584 9. 91.
6585 9. 91.
6586 8. 92.
6587 8. 92.
6588 7. 93.
6589 7. 93.
6590 7. 93.
6591 7. 93.
6592 7. 93.
6593 7. 93.
6594 7. 93.
6595 7. 93.
6596 7. 93.
6597 7. 93.
6598 7. 93.
6599 7. 93.
6600 7. 93.
6601 7. 93.
6602 7. 93.
6603 7. 93.
6604 7. 93.
6605 7. 93.
6606 7. 93.
6607 7. 93.
6608 7. 93.
6609 7. 93.
6610 7. 93.
6611 7. 93.
6612 7. 93.
6613 7. 93.
6614 6. 94.
6615 6. 94.
6616 6. 94.
6617 5. 95.
6618 5. 95.
6619 5. 95.
6620 5. 95.
6621 5. 95.
6622 5. 95.
6623 5. 95.
6624 5. 95.
6625 5. 95.
6626 5. 95.
6627 5. 95.
6628 5. 95.
6629 5. 95.
6630 5. 95.
6631 5. 95.
6632 5. 95.
6633 5. 95.
6634 5. 95.
6635 5. 95.
6636 5. 95.
6637 5. 95.
6638 5. 95.
6639 5. 95.
6640 5. 95.
6641 5. 95.
6642 5. 95.
6643 5. 95.
6644 5. 95.
6645 5. 95.
6646 5. 95.
6647 5. 95.
6648 5. 95.
6649 5. 95.
6650 5. 95.
6651 5. 95.
6652 5. 95.
6653 5. 95.
6654 5. 95.
6655 5. 95.
6656 5. 95.
6657 5. 95.
6658 5. 95.
6659 5. 95.
6660 5. 95.
6661 5. 95.
6662 5. 95.
6663 5. 95.
6664 5. 95.
6665 5. 95.
6666 5. 95.
6667 5. 95.
6668 6. 94.
6669 6. 94.
6670 6. 94.
6671 6. 94.
6672 6. 94.
6673 6. 94.
6674 6. 94.
6675 6. 94.
6676 6. 94.
6677 6. 94.
6678 6. 94.
6679 6. 94.
6680 6. 94.
6681 6. 94.
6682 6. 94.
6683 7. 93.
6684 7. 93.
6685 7. 93.
6686 7. 93.
6687 7. 93.
6688 7. 93.
6689 7. 93.
6690 7. 93.
6691 7. 93.
6692 7. 93.
6693 7. 93.
6694 7. 93.
6695 7. 93.
6696 7. 93.
6697 7. 93.
6698 7. 93.
6699 7. 93.
6700 7. 93.
6701 7. 93.
6702 7. 93.
6703 7. 93.
6704 7. 93.
6705 7. 93.
6706 7. 93.
6707 7. 93.
6708 7. 93.
6709 8. 92.
6710 8. 92.
6711 8. 92.
6712 8. 92.
6713 8. 92.
6714 8. 92.
6715 8. 92.
6716 8. 92.
6717 8. 92.
6718 8. 92.
6719 8. 92.
6720 8. 92.
6721 8. 92.
6722 8. 92.
6723 8. 92.
6724 8. 92.
6725 8. 92.
6726 8. 92.
6727 8. 92.
6728 7. 93.
6729 7. 93.
6730 7. 93.
6731 7. 93.
6732 7. 93.
6733 7. 93.
6734 7. 93.
6735 7. 93.
6736 7. 93.
6737 7. 93.
6738 7. 93.
6739 7. 93.
6740 7. 93.
6741 7. 93.
6742 7. 93.
6743 7. 93.
6744 7. 93.
6745 7. 93.
6746 7. 93.
6747 6. 94.
6748 6. 94.
6749 6. 94.
6750 6. 94.
6751 6. 94.
6752 6. 94.
6753 6. 94.
6754 6. 94.
6755 6. 94.
6756 6. 94.
6757 6. 94.
6758 6. 94.
6759 6. 94.
6760 6. 94.
6761 6. 94.
6762 6. 94.
6763 6. 94.
6764 6. 94.
6765 6. 94.
6766 6. 94.
6767 6. 94.
6768 6. 94.
6769 6. 94.
6770 6. 94.
6771 6. 94.
6772 6. 94.
6773 6. 94.
6774 6. 94.
6775 6. 94.
6776 6. 94.
6777 6. 94.
6778 6. 94.
6779 6. 94.
6780 6. 94.
6781 6. 94.
6782 7. 93.
6783 7. 93.
6784 7. 93.
6785 7. 93.
6786 7. 93.
6787 7. 93.
6788 7. 93.
6789 7. 93.
6790 7. 93.
6791 7. 93.
6792 7. 93.
6793 7. 93.
6794 7. 93.
6795 7. 93.
6796 7. 93.
6797 7. 93.
6798 7. 93.
6799 7. 93.
6800 7. 93.
6801 7. 93.
6802 7. 93.
6803 7. 93.
6804 7. 93.
6805 7. 93.
6806 7. 93.
6807 7. 93.
6808 7. 93.
6809 6. 94.
6810 6. 94.
6811 6. 94.
6812 6. 94.
6813 6. 94.
6814 6. 94.
6815 7. 93.
6816 7. 93.
6817 7. 93.
6818 7. 93.
6819 7. 93.
6820 7. 93.
6821 7. 93.
6822 7. 93.
6823 7. 93.
6824 7. 93.
6825 7. 93.
6826 7. 93.
6827 7. 93.
6828 7. 93.
6829 7. 93.
6830 7. 93.
6831 7. 93.
6832 7. 93.
6833 7. 93.
6834 7. 93.
6835 7. 93.
6836 7. 93.
6837 7. 93.
6838 7. 93.
6839 7. 93.
6840 7. 93.
6841 7. 93.
6842 7. 93.
6843 7. 93.
6844 7. 93.
6845 7. 93.
6846 7. 93.
6847 7. 93.
6848 7. 93.
6849 7. 93.
6850 8. 92.
6851 8. 92.
6852 8. 92.
6853 8. 92.
6854 8. 92.
6855 8. 92.
6856 8. 92.
6857 8. 92.
6858 8. 92.
6859 8. 92.
6860 8. 92.
6861 8. 92.
6862 8. 92.
6863 8. 92.
6864 8. 92.
6865 8. 92.
6866 8. 92.
6867 8. 92.
6868 8. 92.
6869 8. 92.
6870 8. 92.
6871 8. 92.
6872 8. 92.
6873 8. 92.
6874 8. 92.
6875 7. 93.
6876 7. 93.
6877 7. 93.
6878 7. 93.
6879 7. 93.
6880 7. 93.
6881 7. 93.
6882 7. 93.
6883 7. 93.
6884 7. 93.
6885 7. 93.
6886 7. 93.
6887 7. 93.
6888 7. 93.
6889 7. 93.
6890 7. 93.
6891 7. 93.
6892 7. 93.
6893 8. 92.
6894 8. 92.
6895 8. 92.
6896 7. 93.
6897 7. 93.
6898 8. 92.
6899 8. 92.
6900 8. 92.
6901 8. 92.
6902 8. 92.
6903 8. 92.
6904 8. 92.
6905 8. 92.
6906 8. 92.
6907 8. 92.
6908 8. 92.
6909 8. 92.
6910 8. 92.
6911 8. 92.
6912 8. 92.
6913 8. 92.
6914 8. 92.
6915 8. 92.
6916 8. 92.
6917 8. 92.
6918 8. 92.
6919 8. 92.
6920 8. 92.
6921 8. 92.
6922 8. 92.
6923 8. 92.
6924 8. 92.
6925 8. 92.
6926 8. 92.
6927 8. 92.
6928 8. 92.
6929 8. 92.
6930 8. 92.
6931 7. 93.
6932 7. 93.
6933 7. 93.
6934 7. 93.
6935 7. 93.
6936 7. 93.
6937 7. 93.
6938 7. 93.
6939 7. 93.
6940 7. 93.
6941 6. 94.
6942 6. 94.
6943 5. 95.
6944 5. 95.
6945 5. 95.
6946 5. 95.
6947 5. 95.
6948 5. 95.
6949 5. 95.
6950 5. 95.
6951 5. 95.
6952 5. 95.
6953 5. 95.
6954 5. 95.
6955 5. 95.
6956 5. 95.
6957 5. 95.
6958 5. 95.
6959 5. 95.
6960 5. 95.
6961 5. 95.
6962 5. 95.
6963 5. 95.
6964 5. 95.
6965 4. 96.
6966 4. 96.
6967 4. 96.
6968 4. 96.
6969 4. 96.
6970 4. 96.
6971 3. 97.
6972 4. 96.
6973 4. 96.
6974 4. 96.
6975 4. 96.
6976 4. 96.
6977 4. 96.
6978 4. 96.
6979 4. 96.
6980 4. 96.
6981 4. 96.
6982 4. 96.
6983 3. 97.
6984 3. 97.
6985 3. 97.
6986 3. 97.
6987 4. 96.
6988 4. 96.
6989 4. 96.
6990 4. 96.
6991 4. 96.
6992 4. 96.
6993 4. 96.
6994 4. 96.
6995 4. 96.
6996 4. 96.
6997 4. 96.
6998 4. 96.
6999 4. 96.
7000 4. 96.
7001 4. 96.
7002 4. 96.
7003 4. 96.
7004 4. 96.
7005 4. 96.
7006 4. 96.
7007 4. 96.
7008 4. 96.
7009 4. 96.
7010 4. 96.
7011 4. 96.
7012 4. 96.
7013 4. 96.
7014 5. 95.
7015 5. 95.
7016 5. 95.
7017 5. 95.
7018 5. 95.
7019 5. 95.
7020 5. 95.
7021 4. 96.
7022 4. 96.
7023 4. 96.
7024 4. 96.
7025 4. 96.
7026 4. 96.
7027 4. 96.
7028 4. 96.
7029 4. 96.
7030 4. 96.
7031 4. 96.
7032 4. 96.
7033 3. 97.
7034 3. 97.
7035 3. 97.
7036 3. 97.
7037 3. 97.
7038 3. 97.
7039 3. 97.
7040 3. 97.
7041 3. 97.
7042 3. 97.
7043 3. 97.
7044 3. 97.
7045 3. 97.
7046 3. 97.
7047 3. 97.
7048 3. 97.
7049 3. 97.
7050 3. 97.
7051 3. 97.
7052 3. 97.
7053 3. 97.
7054 3. 97.
7055 3. 97.
7056 3. 97.
7057 3. 97.
7058 3. 97.
7059 3. 97.
7060 3. 97.
7061 3. 97.
7062 3. 97.
7063 3. 97.
7064 3. 97.
7065 3. 97.
7066 3. 97.
7067 3. 97.
7068 3. 97.
7069 3. 97.
7070 3. 97.
7071 3. 97.
7072 3. 97.
7073 3. 97.
7074 3. 97.
7075 3. 97.
7076 3. 97.
7077 3. 97.
7078 3. 97.
7079 3. 97.
7080 3. 97.
7081 3. 97.
7082 3. 97.
7083 3. 97.
7084 3. 97.
7085 3. 97.
7086 3. 97.
7087 3. 97.
7088 3. 97.
7089 3. 97.
7090 3. 97.
7091 3. 97.
7092 3. 97.
7093 3. 97.
7094 3. 97.
7095 3. 97.
7096 3. 97.
7097 3. 97.
7098 3. 97.
7099 3. 97.
7100 3. 97.
7101 3. 97.
7102 3. 97.
7103 3. 97.
7104 3. 97.
7105 3. 97.
7106 3. 97.
7107 3. 97.
7108 3. 97.
7109 3. 97.
7110 3. 97.
7111 3. 97.
7112 3. 97.
7113 2. 98.
7114 2. 98.
7115 2. 98.
7116 2. 98.
7117 2. 98.
7118 2. 98.
7119 1. 99.
7120 1. 99.
7121 1. 99.
7122 1. 99.
7123 1. 99.
7124 1. 99.
7125 1. 99.
7126 1. 99.
7127 1. 99.
7128 1. 99.
7129 1. 99.
7130 1. 99.
7131 1. 99.
7132 1. 99.
7133 1. 99.
7134 1. 99.
7135 1. 99.
7136 1. 99.
7137 1. 99.
7138 1. 99.
7139 1. 99.
7140 1. 99.
7141 1. 99.
7142 1. 99.
7143 1. 99.
7144 1. 99.
7145 1. 99.
7146 1. 99.
7147 1. 99.
7148 1. 99.
7149 1. 99.
7150 1. 99.
7151 1. 99.
7152 1. 99.
7153 1. 99.
7154 1. 99.
7155 1. 99.
7156 1. 99.
7157 1. 99.
7158 1. 99.
7159 1. 99.
7160 1. 99.
7161 1. 99.
7162 1. 99.
7163 1. 99.
7164 1. 99.
7165 1. 99.
7166 1. 99.
7167 1. 99.
7168 1. 99.
7169 1. 99.
7170 1. 99.
7171 1. 99.
7172 1. 99.
7173 1. 99.
7174 1. 99.
7175 1. 99.
7176 1. 99.
7177 1. 99.
7178 1. 99.
7179 1. 99.
7180 1. 99.
7181 1. 99.
7182 1. 99.
7183 1. 99.
7184 1. 99.
7185 1. 99.
7186 1. 99.
7187 1. 99.
7188 1. 99.
7189 1. 99.
7190 1. 99.
7191 1. 99.
7192 1. 99.
7193 1. 99.
7194 1. 99.
7195 1. 99.
7196 1. 99.
7197 1. 99.
7198 1. 99.
7199 1. 99.
7200 1. 99.
7201 1. 99.
7202 1. 99.
7203 1. 99.
7204 1. 99.
7205 1. 99.
7206 1. 99.
7207 1. 99.
7208 1. 99.
7209 1. 99.
7210 1. 99.
7211 1. 99.
7212 1. 99.
7213 1. 99.
7214 1. 99.
7215 1. 99.
7216 1. 99.
7217 1. 99.
7218 1. 99.
7219 1. 99.
7220 1. 99.
7221 1. 99.
7222 1. 99.
7223 1. 99.
7224 1. 99.
7225 1. 99.
7226 1. 99.
7227 1. 99.
7228 1. 99.
7229 1. 99.
7230 1. 99.
7231 1. 99.
