0 20. 80.
1 20. 80.
2 21. 79.
3 22. 78.
4 23. 77.
5 23. 77.
6 24. 76.
7 24. 76.
8 24. 76.
9 24. 76.
10 24. 76.
11 24. 76.
12 25. 75.
13 25. 75.
14 24. 76.
15 23. 77.
16 23. 77.
17 22. 78.
18 22. 78.
19 23. 77.
20 23. 77.
21 24. 76.
22 24. 76.
23 25. 75.
24 24. 76.
25 24. 76.
26 25. 75.
27 25. 75.
28 25. 75.
29 25. 75.
30 26. 74.
31 25. 75.
32 25. 75.
33 24. 76.
34 24. 76.
35 24. 76.
36 24. 76.
37 24. 76.
38 25. 75.
39 26. 74.
40 25. 75.
41 26. 74.
42 25. 75.
43 25. 75.
44 25. 75.
45 26. 74.
46 26. 74.
47 27. 73.
48 27. 73.
49 27. 73.
50 27. 73.
51 28. 72.
52 28. 72.
53 28. 72.
54 28. 72.
55 28. 72.
56 27. 73.
57 26. 74.
58 26. 74.
59 26. 74.
60 26. 74.
61 25. 75.
62 25. 75.
63 25. 75.
64 25. 75.
65 24. 76.
66 24. 76.
67 24. 76.
68 24. 76.
69 24. 76.
70 24. 76.
71 23. 77.
72 23. 77.
73 23. 77.
74 24. 76.
75 24. 76.
76 24. 76.
77 25. 75.
78 25. 75.
79 25. 75.
80 25. 75.
81 25. 75.
82 25. 75.
83 25. 75.
84 25. 75.
85 25. 75.
86 25. 75.
87 25. 75.
88 26. 74.
89 26. 74.
90 26. 74.
91 25. 75.
92 25. 75.
93 25. 75.
94 24. 76.
95 24. 76.
96 24. 76.
97 25. 75.
98 25. 75.
99 25. 75.
100 25. 75.
101 24. 76.
102 24. 76.
103 24. 76.
104 24. 76.
105 24. 76.
106 25. 75.
107 25. 75.
108 25. 75.
109 25. 75.
110 25. 75.
111 26. 74.
112 27. 73.
113 28. 72.
114 28. 72.
115 28. 72.
116 28. 72.
117 29. 71.
118 30. 70.
119 30. 70.
120 30. 70.
121 30. 70.
122 30. 70.
123 30. 70.
124 30. 70.
125 30. 70.
126 30. 70.
127 30. 70.
128 30. 70.
129 30. 70.
130 29. 71.
131 29. 71.
132 29. 71.
133 30. 70.
134 30. 70.
135 30. 70.
136 30. 70.
137 30. 70.
138 30. 70.
139 30. 70.
140 30. 70.
141 30. 70.
142 30. 70.
143 30. 70.
144 30. 70.
145 30. 70.
146 29. 71.
147 29. 71.
148 29. 71.
149 29. 71.
150 29. 71.
151 29. 71.
152 29. 71.
153 29. 71.
154 29. 71.
155 29. 71.
156 29. 71.
157 29. 71.
158 29. 71.
159 29. 71.
160 29. 71.
161 29. 71.
162 30. 70.
163 30. 70.
164 30. 70.
165 31. 69.
166 31. 69.
167 31. 69.
168 31. 69.
169 31. 69.
170 31. 69.
171 31. 69.
172 31. 69.
173 30. 70.
174 30. 70.
175 30. 70.
176 29. 71.
177 29. 71.
178 29. 71.
179 29. 71.
180 29. 71.
181 29. 71.
182 29. 71.
183 29. 71.
184 29. 71.
185 28. 72.
186 28. 72.
187 28. 72.
188 28. 72.
189 27. 73.
190 28. 72.
191 29. 71.
192 30. 70.
193 30. 70.
194 30. 70.
195 29. 71.
196 30. 70.
197 30. 70.
198 30. 70.
199 30. 70.
200 30. 70.
201 30. 70.
202 31. 69.
203 31. 69.
204 31. 69.
205 32. 68.
206 32. 68.
207 32. 68.
208 32. 68.
209 32. 68.
210 31. 69.
211 32. 68.
212 32. 68.
213 32. 68.
214 32. 68.
215 32. 68.
216 32. 68.
217 32. 68.
218 31. 69.
219 31. 69.
220 31. 69.
221 32. 68.
222 31. 69.
223 30. 70.
224 29. 71.
225 29. 71.
226 30. 70.
227 30. 70.
228 30. 70.
229 30. 70.
230 30. 70.
231 30. 70.
232 30. 70.
233 31. 69.
234 31. 69.
235 31. 69.
236 31. 69.
237 31. 69.
238 31. 69.
239 32. 68.
240 33. 67.
241 32. 68.
242 32. 68.
243 33. 67.
244 34. 66.
245 34. 66.
246 33. 67.
247 33. 67.
248 33. 67.
249 33. 67.
250 34. 66.
251 34. 66.
252 34. 66.
253 34. 66.
254 34. 66.
255 34. 66.
256 35. 65.
257 35. 65.
258 34. 66.
259 34. 66.
260 34. 66.
261 34. 66.
262 34. 66.
263 34. 66.
264 34. 66.
265 33. 67.
266 33. 67.
267 33. 67.
268 33. 67.
269 33. 67.
270 33. 67.
271 33. 67.
272 33. 67.
273 33. 67.
274 33. 67.
275 34. 66.
276 34. 66.
277 34. 66.
278 34. 66.
279 34. 66.
280 34. 66.
281 34. 66.
282 34. 66.
283 35. 65.
284 35. 65.
285 36. 64.
286 36. 64.
287 36. 64.
288 36. 64.
289 36. 64.
290 36. 64.
291 36. 64.
292 36. 64.
293 36. 64.
294 36. 64.
295 35. 65.
296 35. 65.
297 35. 65.
298 35. 65.
299 35. 65.
300 35. 65.
301 36. 64.
302 37. 63.
303 37. 63.
304 37. 63.
305 37. 63.
306 37. 63.
307 36. 64.
308 35. 65.
309 35. 65.
310 35. 65.
311 35. 65.
312 35. 65.
313 35. 65.
314 35. 65.
315 35. 65.
316 35. 65.
317 35. 65.
318 35. 65.
319 35. 65.
320 35. 65.
321 35. 65.
322 35. 65.
323 35. 65.
324 35. 65.
325 35. 65.
326 35. 65.
327 36. 64.
328 36. 64.
329 36. 64.
330 36. 64.
331 36. 64.
332 36. 64.
333 36. 64.
334 36. 64.
335 36. 64.
336 36. 64.
337 36. 64.
338 36. 64.
339 36. 64.
340 37. 63.
341 37. 63.
342 37. 63.
343 36. 64.
344 36. 64.
345 37. 63.
346 36. 64.
347 36. 64.
348 35. 65.
349 35. 65.
350 35. 65.
351 35. 65.
352 36. 64.
353 36. 64.
354 37. 63.
355 37. 63.
356 37. 63.
357 38. 62.
358 37. 63.
359 38. 62.
360 38. 62.
361 38. 62.
362 39. 61.
363 39. 61.
364 39. 61.
365 39. 61.
366 39. 61.
367 39. 61.
368 39. 61.
369 39. 61.
370 40. 60.
371 40. 60.
372 41. 59.
373 41. 59.
374 41. 59.
375 40. 60.
376 41. 59.
377 41. 59.
378 41. 59.
379 42. 58.
380 42. 58.
381 42. 58.
382 43. 57.
383 43. 57.
384 43. 57.
385 43. 57.
386 43. 57.
387 43. 57.
388 43. 57.
389 42. 58.
390 42. 58.
391 43. 57.
392 43. 57.
393 43. 57.
394 44. 56.
395 45. 55.
396 44. 56.
397 44. 56.
398 44. 56.
399 44. 56.
400 44. 56.
401 44. 56.
402 45. 55.
403 45. 55.
404 45. 55.
405 46. 54.
406 46. 54.
407 46. 54.
408 46. 54.
409 46. 54.
410 46. 54.
411 46. 54.
412 46. 54.
413 46. 54.
414 46. 54.
415 46. 54.
416 46. 54.
417 46. 54.
418 46. 54.
419 46. 54.
420 46. 54.
421 46. 54.
422 46. 54.
423 46. 54.
424 46. 54.
425 45. 55.
426 44. 56.
427 44. 56.
428 45. 55.
429 45. 55.
430 45. 55.
431 45. 55.
432 46. 54.
433 46. 54.
434 46. 54.
435 46. 54.
436 45. 55.
437 45. 55.
438 45. 55.
439 45. 55.
440 45. 55.
441 45. 55.
442 46. 54.
443 46. 54.
444 46. 54.
445 46. 54.
446 46. 54.
447 47. 53.
448 47. 53.
449 47. 53.
450 47. 53.
451 47. 53.
452 47. 53.
453 46. 54.
454 46. 54.
455 45. 55.
456 45. 55.
457 45. 55.
458 45. 55.
459 45. 55.
460 45. 55.
461 44. 56.
462 44. 56.
463 44. 56.
464 44. 56.
465 44. 56.
466 44. 56.
467 44. 56.
468 43. 57.
469 43. 57.
470 42. 58.
471 42. 58.
472 43. 57.
473 43. 57.
474 43. 57.
475 43. 57.
476 43. 57.
477 42. 58.
478 42. 58.
479 42. 58.
480 42. 58.
481 42. 58.
482 41. 59.
483 41. 59.
484 40. 60.
485 40. 60.
486 40. 60.
487 40. 60.
488 40. 60.
489 40. 60.
490 41. 59.
491 41. 59.
492 41. 59.
493 41. 59.
494 40. 60.
495 40. 60.
496 41. 59.
497 40. 60.
498 40. 60.
499 40. 60.
500 40. 60.
501 40. 60.
502 39. 61.
503 39. 61.
504 39. 61.
505 39. 61.
506 39. 61.
507 39. 61.
508 39. 61.
509 39. 61.
510 40. 60.
511 40. 60.
512 40. 60.
513 40. 60.
514 39. 61.
515 39. 61.
516 40. 60.
517 40. 60.
518 39. 61.
519 40. 60.
520 40. 60.
521 40. 60.
522 41. 59.
523 42. 58.
524 43. 57.
525 44. 56.
526 44. 56.
527 44. 56.
528 44. 56.
529 44. 56.
530 44. 56.
531 44. 56.
532 44. 56.
533 44. 56.
534 45. 55.
535 45. 55.
536 45. 55.
537 45. 55.
538 45. 55.
539 44. 56.
540 44. 56.
541 44. 56.
542 44. 56.
543 44. 56.
544 45. 55.
545 45. 55.
546 45. 55.
547 46. 54.
548 46. 54.
549 46. 54.
550 46. 54.
551 46. 54.
552 46. 54.
553 46. 54.
554 46. 54.
555 47. 53.
556 48. 52.
557 49. 51.
558 50. 50.
559 51. 49.
560 51. 49.
561 51. 49.
562 52. 48.
563 52. 48.
564 52. 48.
565 52. 48.
566 52. 48.
567 52. 48.
568 52. 48.
569 52. 48.
570 52. 48.
571 52. 48.
572 51. 49.
573 50. 50.
574 49. 51.
575 48. 52.
576 48. 52.
577 48. 52.
578 49. 51.
579 49. 51.
580 49. 51.
581 49. 51.
582 50. 50.
583 50. 50.
584 50. 50.
585 51. 49.
586 51. 49.
587 51. 49.
588 51. 49.
589 51. 49.
590 51. 49.
591 51. 49.
592 51. 49.
593 51. 49.
594 51. 49.
595 51. 49.
596 51. 49.
597 51. 49.
598 50. 50.
599 50. 50.
600 49. 51.
601 49. 51.
602 48. 52.
603 48. 52.
604 48. 52.
605 48. 52.
606 48. 52.
607 48. 52.
608 47. 53.
609 47. 53.
610 47. 53.
611 47. 53.
612 47. 53.
613 47. 53.
614 47. 53.
615 46. 54.
616 46. 54.
617 46. 54.
618 46. 54.
619 46. 54.
620 46. 54.
621 46. 54.
622 46. 54.
623 46. 54.
624 46. 54.
625 45. 55.
626 45. 55.
627 45. 55.
628 45. 55.
629 45. 55.
630 44. 56.
631 44. 56.
632 44. 56.
633 44. 56.
634 44. 56.
635 44. 56.
636 44. 56.
637 43. 57.
638 43. 57.
639 43. 57.
640 42. 58.
641 42. 58.
642 42. 58.
643 42. 58.
644 42. 58.
645 42. 58.
646 42. 58.
647 42. 58.
648 42. 58.
649 42. 58.
650 42. 58.
651 42. 58.
652 43. 57.
653 43. 57.
654 43. 57.
655 42. 58.
656 42. 58.
657 42. 58.
658 42. 58.
659 42. 58.
660 42. 58.
661 42. 58.
662 42. 58.
663 41. 59.
664 41. 59.
665 41. 59.
666 41. 59.
667 41. 59.
668 41. 59.
669 41. 59.
670 41. 59.
671 41. 59.
672 42. 58.
673 42. 58.
674 42. 58.
675 43. 57.
676 43. 57.
677 42. 58.
678 42. 58.
679 43. 57.
680 43. 57.
681 43. 57.
682 44. 56.
683 44. 56.
684 43. 57.
685 43. 57.
686 43. 57.
687 42. 58.
688 42. 58.
689 42. 58.
690 43. 57.
691 42. 58.
692 43. 57.
693 43. 57.
694 42. 58.
695 42. 58.
696 42. 58.
697 42. 58.
698 42. 58.
699 42. 58.
700 42. 58.
701 42. 58.
702 41. 59.
703 41. 59.
704 41. 59.
705 41. 59.
706 41. 59.
707 42. 58.
708 43. 57.
709 43. 57.
710 43. 57.
711 43. 57.
712 43. 57.
713 43. 57.
714 43. 57.
715 44. 56.
716 44. 56.
717 45. 55.
718 45. 55.
719 45. 55.
720 44. 56.
721 44. 56.
722 44. 56.
723 45. 55.
724 46. 54.
725 46. 54.
726 47. 53.
727 46. 54.
728 46. 54.
729 45. 55.
730 45. 55.
731 45. 55.
732 45. 55.
733 45. 55.
734 45. 55.
735 45. 55.
736 44. 56.
737 44. 56.
738 43. 57.
739 43. 57.
740 43. 57.
741 42. 58.
742 43. 57.
743 44. 56.
744 45. 55.
745 46. 54.
746 46. 54.
747 47. 53.
748 47. 53.
749 47. 53.
750 47. 53.
751 47. 53.
752 47. 53.
753 48. 52.
754 49. 51.
755 49. 51.
756 49. 51.
757 50. 50.
758 50. 50.
759 50. 50.
760 50. 50.
761 50. 50.
762 50. 50.
763 50. 50.
764 50. 50.
765 50. 50.
766 50. 50.
767 50. 50.
768 50. 50.
769 50. 50.
770 51. 49.
771 51. 49.
772 52. 48.
773 52. 48.
774 52. 48.
775 51. 49.
776 50. 50.
777 50. 50.
778 51. 49.
779 52. 48.
780 52. 48.
781 53. 47.
782 53. 47.
783 53. 47.
784 53. 47.
785 53. 47.
786 52. 48.
787 52. 48.
788 51. 49.
789 51. 49.
790 51. 49.
791 51. 49.
792 51. 49.
793 51. 49.
794 51. 49.
795 50. 50.
796 50. 50.
797 50. 50.
798 50. 50.
799 50. 50.
800 49. 51.
801 48. 52.
802 48. 52.
803 48. 52.
804 48. 52.
805 48. 52.
806 48. 52.
807 48. 52.
808 49. 51.
809 49. 51.
810 49. 51.
811 50. 50.
812 50. 50.
813 50. 50.
814 50. 50.
815 50. 50.
816 49. 51.
817 49. 51.
818 49. 51.
819 48. 52.
820 48. 52.
821 48. 52.
822 48. 52.
823 48. 52.
824 48. 52.
825 48. 52.
826 47. 53.
827 47. 53.
828 48. 52.
829 48. 52.
830 48. 52.
831 48. 52.
832 48. 52.
833 48. 52.
834 48. 52.
835 49. 51.
836 49. 51.
837 48. 52.
838 48. 52.
839 49. 51.
840 49. 51.
841 48. 52.
842 48. 52.
843 48. 52.
844 47. 53.
845 46. 54.
846 46. 54.
847 46. 54.
848 46. 54.
849 46. 54.
850 46. 54.
851 46. 54.
852 47. 53.
853 47. 53.
854 47. 53.
855 48. 52.
856 48. 52.
857 48. 52.
858 48. 52.
859 48. 52.
860 48. 52.
861 48. 52.
862 48. 52.
863 48. 52.
864 49. 51.
865 49. 51.
866 49. 51.
867 48. 52.
868 48. 52.
869 48. 52.
870 48. 52.
871 48. 52.
872 48. 52.
873 48. 52.
874 47. 53.
875 47. 53.
876 47. 53.
877 47. 53.
878 47. 53.
879 47. 53.
880 47. 53.
881 46. 54.
882 46. 54.
883 46. 54.
884 46. 54.
885 46. 54.
886 46. 54.
887 46. 54.
888 45. 55.
889 45. 55.
890 45. 55.
891 45. 55.
892 45. 55.
893 45. 55.
894 46. 54.
895 46. 54.
896 46. 54.
897 46. 54.
898 46. 54.
899 46. 54.
900 46. 54.
901 45. 55.
902 45. 55.
903 45. 55.
904 46. 54.
905 46. 54.
906 47. 53.
907 47. 53.
908 47. 53.
909 47. 53.
910 47. 53.
911 46. 54.
912 46. 54.
913 46. 54.
914 46. 54.
915 45. 55.
916 44. 56.
917 44. 56.
918 44. 56.
919 44. 56.
920 43. 57.
921 43. 57.
922 43. 57.
923 43. 57.
924 43. 57.
925 43. 57.
926 44. 56.
927 44. 56.
928 44. 56.
929 45. 55.
930 45. 55.
931 44. 56.
932 44. 56.
933 45. 55.
934 45. 55.
935 45. 55.
936 45. 55.
937 46. 54.
938 46. 54.
939 45. 55.
940 44. 56.
941 44. 56.
942 44. 56.
943 43. 57.
944 43. 57.
945 43. 57.
946 43. 57.
947 43. 57.
948 43. 57.
949 43. 57.
950 43. 57.
951 42. 58.
952 42. 58.
953 42. 58.
954 43. 57.
955 42. 58.
956 43. 57.
957 43. 57.
958 43. 57.
959 43. 57.
960 43. 57.
961 43. 57.
962 43. 57.
963 42. 58.
964 42. 58.
965 43. 57.
966 43. 57.
967 43. 57.
968 44. 56.
969 43. 57.
970 43. 57.
971 43. 57.
972 43. 57.
973 43. 57.
974 43. 57.
975 43. 57.
976 43. 57.
977 43. 57.
978 43. 57.
979 43. 57.
980 42. 58.
981 43. 57.
982 43. 57.
983 44. 56.
984 44. 56.
985 45. 55.
986 45. 55.
987 45. 55.
988 45. 55.
989 46. 54.
990 46. 54.
991 46. 54.
992 46. 54.
993 46. 54.
994 46. 54.
995 47. 53.
996 47. 53.
997 46. 54.
998 46. 54.
999 45. 55.
1000 45. 55.
1001 45. 55.
1002 45. 55.
1003 45. 55.
1004 45. 55.
1005 44. 56.
1006 44. 56.
1007 44. 56.
1008 45. 55.
1009 45. 55.
1010 44. 56.
1011 44. 56.
1012 43. 57.
1013 43. 57.
1014 43. 57.
1015 43. 57.
1016 43. 57.
1017 43. 57.
1018 43. 57.
1019 44. 56.
1020 44. 56.
1021 44. 56.
1022 45. 55.
1023 45. 55.
1024 44. 56.
1025 44. 56.
1026 43. 57.
1027 43. 57.
1028 43. 57.
1029 43. 57.
1030 43. 57.
1031 43. 57.
1032 43. 57.
1033 43. 57.
1034 43. 57.
1035 43. 57.
1036 43. 57.
1037 43. 57.
1038 43. 57.
1039 43. 57.
1040 43. 57.
1041 44. 56.
1042 44. 56.
1043 44. 56.
1044 44. 56.
1045 44. 56.
1046 44. 56.
1047 45. 55.
1048 45. 55.
1049 46. 54.
1050 45. 55.
1051 45. 55.
1052 45. 55.
1053 46. 54.
1054 47. 53.
1055 46. 54.
1056 46. 54.
1057 46. 54.
1058 46. 54.
1059 46. 54.
1060 47. 53.
1061 46. 54.
1062 46. 54.
1063 45. 55.
1064 45. 55.
1065 45. 55.
1066 44. 56.
1067 44. 56.
1068 44. 56.
1069 44. 56.
1070 44. 56.
1071 44. 56.
1072 44. 56.
1073 44. 56.
1074 44. 56.
1075 44. 56.
1076 44. 56.
1077 43. 57.
1078 43. 57.
1079 43. 57.
1080 43. 57.
1081 44. 56.
1082 43. 57.
1083 43. 57.
1084 43. 57.
1085 43. 57.
1086 44. 56.
1087 45. 55.
1088 46. 54.
1089 46. 54.
1090 46. 54.
1091 46. 54.
1092 45. 55.
1093 46. 54.
1094 46. 54.
1095 46. 54.
1096 46. 54.
1097 45. 55.
1098 45. 55.
1099 45. 55.
1100 46. 54.
1101 45. 55.
1102 45. 55.
1103 45. 55.
1104 45. 55.
1105 45. 55.
1106 45. 55.
1107 45. 55.
1108 45. 55.
1109 45. 55.
1110 46. 54.
1111 46. 54.
1112 46. 54.
1113 45. 55.
1114 45. 55.
1115 45. 55.
1116 45. 55.
1117 45. 55.
1118 45. 55.
1119 45. 55.
1120 44. 56.
1121 44. 56.
1122 44. 56.
1123 45. 55.
1124 45. 55.
1125 46. 54.
1126 46. 54.
1127 46. 54.
1128 45. 55.
1129 44. 56.
1130 44. 56.
1131 44. 56.
1132 44. 56.
1133 44. 56.
1134 44. 56.
1135 44. 56.
1136 44. 56.
1137 44. 56.
1138 44. 56.
1139 45. 55.
1140 45. 55.
1141 44. 56.
1142 43. 57.
1143 43. 57.
1144 42. 58.
1145 43. 57.
1146 43. 57.
1147 43. 57.
1148 42. 58.
1149 42. 58.
1150 42. 58.
1151 42. 58.
1152 41. 59.
1153 41. 59.
1154 40. 60.
1155 40. 60.
1156 41. 59.
1157 40. 60.
1158 39. 61.
1159 40. 60.
1160 40. 60.
1161 40. 60.
1162 40. 60.
1163 40. 60.
1164 40. 60.
1165 40. 60.
1166 40. 60.
1167 39. 61.
1168 39. 61.
1169 38. 62.
1170 38. 62.
1171 38. 62.
1172 38. 62.
1173 39. 61.
1174 39. 61.
1175 39. 61.
1176 40. 60.
1177 40. 60.
1178 40. 60.
1179 39. 61.
1180 39. 61.
1181 38. 62.
1182 37. 63.
1183 37. 63.
1184 37. 63.
1185 37. 63.
1186 37. 63.
1187 36. 64.
1188 35. 65.
1189 35. 65.
1190 35. 65.
1191 36. 64.
1192 37. 63.
1193 37. 63.
1194 37. 63.
1195 37. 63.
1196 38. 62.
1197 38. 62.
1198 39. 61.
1199 39. 61.
1200 39. 61.
1201 38. 62.
1202 38. 62.
1203 38. 62.
1204 38. 62.
1205 38. 62.
1206 38. 62.
1207 38. 62.
1208 38. 62.
1209 38. 62.
1210 37. 63.
1211 37. 63.
1212 37. 63.
1213 37. 63.
1214 37. 63.
1215 37. 63.
1216 36. 64.
1217 36. 64.
1218 36. 64.
1219 36. 64.
1220 36. 64.
1221 35. 65.
1222 35. 65.
1223 35. 65.
1224 34. 66.
1225 35. 65.
1226 35. 65.
1227 35. 65.
1228 35. 65.
1229 35. 65.
1230 35. 65.
1231 35. 65.
1232 35. 65.
1233 35. 65.
1234 35. 65.
1235 35. 65.
1236 35. 65.
1237 36. 64.
1238 36. 64.
1239 37. 63.
1240 38. 62.
1241 38. 62.
1242 39. 61.
1243 39. 61.
1244 39. 61.
1245 40. 60.
1246 40. 60.
1247 39. 61.
1248 39. 61.
1249 39. 61.
1250 39. 61.
1251 38. 62.
1252 38. 62.
1253 38. 62.
1254 38. 62.
1255 39. 61.
1256 40. 60.
1257 40. 60.
1258 40. 60.
1259 40. 60.
1260 40. 60.
1261 39. 61.
1262 38. 62.
1263 38. 62.
1264 37. 63.
1265 36. 64.
1266 36. 64.
1267 36. 64.
1268 36. 64.
1269 36. 64.
1270 36. 64.
1271 36. 64.
1272 36. 64.
1273 36. 64.
1274 36. 64.
1275 36. 64.
1276 35. 65.
1277 35. 65.
1278 34. 66.
1279 34. 66.
1280 33. 67.
1281 33. 67.
1282 33. 67.
1283 33. 67.
1284 34. 66.
1285 34. 66.
1286 34. 66.
1287 34. 66.
1288 34. 66.
1289 34. 66.
1290 34. 66.
1291 34. 66.
1292 35. 65.
1293 35. 65.
1294 35. 65.
1295 35. 65.
1296 35. 65.
1297 34. 66.
1298 34. 66.
1299 34. 66.
1300 34. 66.
1301 34. 66.
1302 34. 66.
1303 34. 66.
1304 34. 66.
1305 34. 66.
1306 34. 66.
1307 34. 66.
1308 34. 66.
1309 34. 66.
1310 34. 66.
1311 34. 66.
1312 34. 66.
1313 34. 66.
1314 34. 66.
1315 34. 66.
1316 34. 66.
1317 34. 66.
1318 34. 66.
1319 34. 66.
1320 34. 66.
1321 34. 66.
1322 34. 66.
1323 34. 66.
1324 34. 66.
1325 34. 66.
1326 34. 66.
1327 34. 66.
1328 34. 66.
1329 35. 65.
1330 35. 65.
1331 35. 65.
1332 35. 65.
1333 35. 65.
1334 34. 66.
1335 34. 66.
1336 34. 66.
1337 33. 67.
1338 33. 67.
1339 33. 67.
1340 33. 67.
1341 33. 67.
1342 32. 68.
1343 32. 68.
1344 32. 68.
1345 32. 68.
1346 32. 68.
1347 32. 68.
1348 33. 67.
1349 33. 67.
1350 33. 67.
1351 33. 67.
1352 33. 67.
1353 33. 67.
1354 32. 68.
1355 33. 67.
1356 33. 67.
1357 33. 67.
1358 33. 67.
1359 33. 67.
1360 32. 68.
1361 32. 68.
1362 32. 68.
1363 32. 68.
1364 32. 68.
1365 32. 68.
1366 33. 67.
1367 33. 67.
1368 34. 66.
1369 34. 66.
1370 34. 66.
1371 35. 65.
1372 35. 65.
1373 35. 65.
1374 35. 65.
1375 35. 65.
1376 35. 65.
1377 35. 65.
1378 35. 65.
1379 36. 64.
1380 36. 64.
1381 35. 65.
1382 35. 65.
1383 34. 66.
1384 35. 65.
1385 35. 65.
1386 35. 65.
1387 35. 65.
1388 35. 65.
1389 35. 65.
1390 35. 65.
1391 35. 65.
1392 35. 65.
1393 35. 65.
1394 35. 65.
1395 34. 66.
1396 33. 67.
1397 33. 67.
1398 32. 68.
1399 32. 68.
1400 31. 69.
1401 31. 69.
1402 32. 68.
1403 32. 68.
1404 31. 69.
1405 31. 69.
1406 31. 69.
1407 32. 68.
1408 32. 68.
1409 31. 69.
1410 31. 69.
1411 31. 69.
1412 30. 70.
1413 30. 70.
1414 30. 70.
1415 29. 71.
1416 29. 71.
1417 29. 71.
1418 29. 71.
1419 29. 71.
1420 29. 71.
1421 29. 71.
1422 30. 70.
1423 29. 71.
1424 29. 71.
1425 29. 71.
1426 30. 70.
1427 30. 70.
1428 31. 69.
1429 31. 69.
1430 31. 69.
1431 31. 69.
1432 30. 70.
1433 30. 70.
1434 30. 70.
1435 31. 69.
1436 31. 69.
1437 31. 69.
1438 31. 69.
1439 32. 68.
1440 33. 67.
1441 33. 67.
1442 32. 68.
1443 32. 68.
1444 32. 68.
1445 32. 68.
1446 32. 68.
1447 32. 68.
1448 32. 68.
1449 32. 68.
1450 32. 68.
1451 32. 68.
1452 32. 68.
1453 32. 68.
1454 32. 68.
1455 32. 68.
1456 32. 68.
1457 31. 69.
1458 31. 69.
1459 31. 69.
1460 31. 69.
1461 30. 70.
1462 30. 70.
1463 31. 69.
1464 31. 69.
1465 31. 69.
1466 31. 69.
1467 31. 69.
1468 31. 69.
1469 30. 70.
1470 30. 70.
1471 30. 70.
1472 30. 70.
1473 30. 70.
1474 31. 69.
1475 31. 69.
1476 31. 69.
1477 31. 69.
1478 30. 70.
1479 29. 71.
1480 28. 72.
1481 27. 73.
1482 28. 72.
1483 28. 72.
1484 28. 72.
1485 28. 72.
1486 28. 72.
1487 28. 72.
1488 28. 72.
1489 27. 73.
1490 28. 72.
1491 28. 72.
1492 28. 72.
1493 28. 72.
1494 28. 72.
1495 28. 72.
1496 27. 73.
1497 27. 73.
1498 27. 73.
1499 27. 73.
1500 27. 73.
1501 27. 73.
1502 27. 73.
1503 27. 73.
1504 27. 73.
1505 27. 73.
1506 27. 73.
1507 26. 74.
1508 27. 73.
1509 27. 73.
1510 28. 72.
1511 27. 73.
1512 27. 73.
1513 27. 73.
1514 27. 73.
1515 27. 73.
1516 28. 72.
1517 28. 72.
1518 27. 73.
1519 26. 74.
1520 25. 75.
1521 25. 75.
1522 25. 75.
1523 26. 74.
1524 26. 74.
1525 26. 74.
1526 26. 74.
1527 26. 74.
1528 26. 74.
1529 26. 74.
1530 26. 74.
1531 26. 74.
1532 26. 74.
1533 26. 74.
1534 26. 74.
1535 26. 74.
1536 26. 74.
1537 27. 73.
1538 27. 73.
1539 28. 72.
1540 28. 72.
1541 27. 73.
1542 27. 73.
1543 26. 74.
1544 27. 73.
1545 27. 73.
1546 27. 73.
1547 27. 73.
1548 27. 73.
1549 26. 74.
1550 26. 74.
1551 26. 74.
1552 26. 74.
1553 25. 75.
1554 25. 75.
1555 25. 75.
1556 24. 76.
1557 24. 76.
1558 24. 76.
1559 24. 76.
1560 24. 76.
1561 24. 76.
1562 24. 76.
1563 24. 76.
1564 24. 76.
1565 24. 76.
1566 24. 76.
1567 24. 76.
1568 24. 76.
1569 25. 75.
1570 25. 75.
1571 25. 75.
1572 25. 75.
1573 25. 75.
1574 25. 75.
1575 24. 76.
1576 24. 76.
1577 24. 76.
1578 24. 76.
1579 24. 76.
1580 24. 76.
1581 24. 76.
1582 24. 76.
1583 24. 76.
1584 24. 76.
1585 24. 76.
1586 24. 76.
1587 24. 76.
1588 24. 76.
1589 24. 76.
1590 24. 76.
1591 23. 77.
1592 23. 77.
1593 22. 78.
1594 22. 78.
1595 22. 78.
1596 22. 78.
1597 22. 78.
1598 22. 78.
1599 22. 78.
1600 21. 79.
1601 20. 80.
1602 20. 80.
1603 19. 81.
1604 19. 81.
1605 19. 81.
1606 19. 81.
1607 19. 81.
1608 19. 81.
1609 19. 81.
1610 19. 81.
1611 19. 81.
1612 19. 81.
1613 19. 81.
1614 19. 81.
1615 19. 81.
1616 19. 81.
1617 19. 81.
1618 19. 81.
1619 20. 80.
1620 20. 80.
1621 20. 80.
1622 20. 80.
1623 19. 81.
1624 19. 81.
1625 20. 80.
1626 21. 79.
1627 21. 79.
1628 21. 79.
1629 21. 79.
1630 21. 79.
1631 22. 78.
1632 22. 78.
1633 22. 78.
1634 22. 78.
1635 22. 78.
1636 23. 77.
1637 23. 77.
1638 22. 78.
1639 21. 79.
1640 20. 80.
1641 20. 80.
1642 20. 80.
1643 21. 79.
1644 21. 79.
1645 21. 79.
1646 21. 79.
1647 20. 80.
1648 20. 80.
1649 20. 80.
1650 21. 79.
1651 21. 79.
1652 21. 79.
1653 21. 79.
1654 21. 79.
1655 22. 78.
1656 23. 77.
1657 23. 77.
1658 23. 77.
1659 23. 77.
1660 24. 76.
1661 23. 77.
1662 23. 77.
1663 22. 78.
1664 22. 78.
1665 22. 78.
1666 23. 77.
1667 22. 78.
1668 22. 78.
1669 22. 78.
1670 22. 78.
1671 23. 77.
1672 23. 77.
1673 22. 78.
1674 22. 78.
1675 22. 78.
1676 22. 78.
1677 22. 78.
1678 22. 78.
1679 22. 78.
1680 23. 77.
1681 23. 77.
1682 23. 77.
1683 23. 77.
1684 23. 77.
1685 24. 76.
1686 24. 76.
1687 24. 76.
1688 24. 76.
1689 24. 76.
1690 23. 77.
1691 23. 77.
1692 23. 77.
1693 23. 77.
1694 23. 77.
1695 23. 77.
1696 23. 77.
1697 23. 77.
1698 23. 77.
1699 22. 78.
1700 22. 78.
1701 22. 78.
1702 21. 79.
1703 21. 79.
1704 22. 78.
1705 22. 78.
1706 23. 77.
1707 23. 77.
1708 23. 77.
1709 23. 77.
1710 24. 76.
1711 24. 76.
1712 25. 75.
1713 25. 75.
1714 25. 75.
1715 25. 75.
1716 25. 75.
1717 25. 75.
1718 25. 75.
1719 25. 75.
1720 25. 75.
1721 25. 75.
1722 25. 75.
1723 24. 76.
1724 24. 76.
1725 24. 76.
1726 25. 75.
1727 25. 75.
1728 25. 75.
1729 25. 75.
1730 25. 75.
1731 25. 75.
1732 25. 75.
1733 25. 75.
1734 25. 75.
1735 25. 75.
1736 25. 75.
1737 24. 76.
1738 24. 76.
1739 24. 76.
1740 24. 76.
1741 24. 76.
1742 24. 76.
1743 24. 76.
1744 24. 76.
1745 24. 76.
1746 24. 76.
1747 24. 76.
1748 24. 76.
1749 24. 76.
1750 24. 76.
1751 24. 76.
1752 24. 76.
1753 24. 76.
1754 23. 77.
1755 23. 77.
1756 24. 76.
1757 23. 77.
1758 23. 77.
1759 23. 77.
1760 22. 78.
1761 22. 78.
1762 22. 78.
1763 22. 78.
1764 22. 78.
1765 22. 78.
1766 22. 78.
1767 22. 78.
1768 22. 78.
1769 22. 78.
1770 22. 78.
1771 22. 78.
1772 22. 78.
1773 22. 78.
1774 22. 78.
1775 22. 78.
1776 22. 78.
1777 22. 78.
1778 22. 78.
1779 22. 78.
1780 23. 77.
1781 23. 77.
1782 23. 77.
1783 23. 77.
1784 23. 77.
1785 23. 77.
1786 23. 77.
1787 23. 77.
1788 24. 76.
1789 24. 76.
1790 24. 76.
1791 24. 76.
1792 24. 76.
1793 24. 76.
1794 24. 76.
1795 24. 76.
1796 24. 76.
1797 24. 76.
1798 24. 76.
1799 24. 76.
1800 24. 76.
1801 24. 76.
1802 25. 75.
1803 25. 75.
1804 25. 75.
1805 25. 75.
1806 25. 75.
1807 25. 75.
1808 25. 75.
1809 24. 76.
1810 24. 76.
1811 24. 76.
1812 23. 77.
1813 23. 77.
1814 23. 77.
1815 24. 76.
1816 23. 77.
1817 23. 77.
1818 23. 77.
1819 23. 77.
1820 23. 77.
1821 22. 78.
1822 23. 77.
1823 23. 77.
1824 23. 77.
1825 23. 77.
1826 22. 78.
1827 22. 78.
1828 22. 78.
1829 21. 79.
1830 21. 79.
1831 21. 79.
1832 21. 79.
1833 21. 79.
1834 21. 79.
1835 21. 79.
1836 21. 79.
1837 21. 79.
1838 21. 79.
1839 21. 79.
1840 20. 80.
1841 20. 80.
1842 20. 80.
1843 20. 80.
1844 20. 80.
1845 20. 80.
1846 20. 80.
1847 20. 80.
1848 20. 80.
1849 20. 80.
1850 20. 80.
1851 20. 80.
1852 20. 80.
1853 20. 80.
1854 20. 80.
1855 20. 80.
1856 20. 80.
1857 20. 80.
1858 20. 80.
1859 21. 79.
1860 21. 79.
1861 22. 78.
1862 22. 78.
1863 22. 78.
1864 22. 78.
1865 22. 78.
1866 22. 78.
1867 22. 78.
1868 22. 78.
1869 22. 78.
1870 22. 78.
1871 22. 78.
1872 22. 78.
1873 22. 78.
1874 22. 78.
1875 22. 78.
1876 22. 78.
1877 22. 78.
1878 22. 78.
1879 22. 78.
1880 23. 77.
1881 23. 77.
1882 23. 77.
1883 23. 77.
1884 23. 77.
1885 23. 77.
1886 23. 77.
1887 23. 77.
1888 24. 76.
1889 24. 76.
1890 25. 75.
1891 24. 76.
1892 25. 75.
1893 25. 75.
1894 26. 74.
1895 26. 74.
1896 26. 74.
1897 26. 74.
1898 26. 74.
1899 27. 73.
1900 27. 73.
1901 26. 74.
1902 26. 74.
1903 26. 74.
1904 26. 74.
1905 26. 74.
1906 26. 74.
1907 26. 74.
1908 25. 75.
1909 25. 75.
1910 25. 75.
1911 24. 76.
1912 24. 76.
1913 24. 76.
1914 25. 75.
1915 25. 75.
1916 25. 75.
1917 25. 75.
1918 25. 75.
1919 25. 75.
1920 25. 75.
1921 25. 75.
1922 25. 75.
1923 24. 76.
1924 24. 76.
1925 24. 76.
1926 24. 76.
1927 24. 76.
1928 24. 76.
1929 24. 76.
1930 24. 76.
1931 24. 76.
1932 24. 76.
1933 24. 76.
1934 24. 76.
1935 24. 76.
1936 24. 76.
1937 25. 75.
1938 25. 75.
1939 25. 75.
1940 25. 75.
1941 25. 75.
1942 25. 75.
1943 25. 75.
1944 25. 75.
1945 25. 75.
1946 25. 75.
1947 25. 75.
1948 25. 75.
1949 25. 75.
1950 25. 75.
1951 25. 75.
1952 25. 75.
1953 25. 75.
1954 25. 75.
1955 24. 76.
1956 24. 76.
1957 24. 76.
1958 24. 76.
1959 24. 76.
1960 25. 75.
1961 25. 75.
1962 25. 75.
1963 25. 75.
1964 25. 75.
1965 25. 75.
1966 25. 75.
1967 26. 74.
1968 25. 75.
1969 25. 75.
1970 26. 74.
1971 25. 75.
1972 24. 76.
1973 24. 76.
1974 24. 76.
1975 24. 76.
1976 24. 76.
1977 24. 76.
1978 24. 76.
1979 24. 76.
1980 24. 76.
1981 24. 76.
1982 24. 76.
1983 23. 77.
1984 23. 77.
1985 23. 77.
1986 23. 77.
1987 22. 78.
1988 23. 77.
1989 23. 77.
1990 23. 77.
1991 24. 76.
1992 25. 75.
1993 25. 75.
1994 25. 75.
1995 25. 75.
1996 25. 75.
1997 26. 74.
1998 25. 75.
1999 25. 75.
2000 25. 75.
2001 24. 76.
2002 25. 75.
2003 25. 75.
2004 25. 75.
2005 25. 75.
2006 25. 75.
2007 25. 75.
2008 25. 75.
2009 25. 75.
2010 25. 75.
2011 24. 76.
2012 23. 77.
2013 23. 77.
2014 23. 77.
2015 23. 77.
2016 23. 77.
2017 22. 78.
2018 21. 79.
2019 21. 79.
2020 20. 80.
2021 20. 80.
2022 20. 80.
2023 19. 81.
2024 19. 81.
2025 19. 81.
2026 19. 81.
2027 18. 82.
2028 18. 82.
2029 18. 82.
2030 18. 82.
2031 18. 82.
2032 18. 82.
2033 18. 82.
2034 18. 82.
2035 18. 82.
2036 18. 82.
2037 18. 82.
2038 18. 82.
2039 19. 81.
2040 19. 81.
2041 19. 81.
2042 19. 81.
2043 19. 81.
2044 19. 81.
2045 19. 81.
2046 19. 81.
2047 19. 81.
2048 19. 81.
2049 19. 81.
2050 19. 81.
2051 19. 81.
2052 19. 81.
2053 19. 81.
2054 19. 81.
2055 19. 81.
2056 20. 80.
2057 20. 80.
2058 20. 80.
2059 20. 80.
2060 20. 80.
2061 20. 80.
2062 20. 80.
2063 21. 79.
2064 21. 79.
2065 21. 79.
2066 21. 79.
2067 22. 78.
2068 21. 79.
2069 21. 79.
2070 21. 79.
2071 22. 78.
2072 22. 78.
2073 21. 79.
2074 21. 79.
2075 21. 79.
2076 22. 78.
2077 21. 79.
2078 21. 79.
2079 21. 79.
2080 21. 79.
2081 21. 79.
2082 21. 79.
2083 21. 79.
2084 21. 79.
2085 21. 79.
2086 21. 79.
2087 21. 79.
2088 21. 79.
2089 22. 78.
2090 22. 78.
2091 22. 78.
2092 22. 78.
2093 22. 78.
2094 22. 78.
2095 22. 78.
2096 22. 78.
2097 22. 78.
2098 23. 77.
2099 23. 77.
2100 23. 77.
2101 23. 77.
2102 23. 77.
2103 23. 77.
2104 23. 77.
2105 23. 77.
2106 23. 77.
2107 23. 77.
2108 23. 77.
2109 23. 77.
2110 23. 77.
2111 23. 77.
2112 23. 77.
2113 23. 77.
2114 23. 77.
2115 24. 76.
2116 24. 76.
2117 24. 76.
2118 24. 76.
2119 24. 76.
2120 24. 76.
2121 25. 75.
2122 24. 76.
2123 24. 76.
2124 25. 75.
2125 24. 76.
2126 24. 76.
2127 24. 76.
2128 25. 75.
2129 25. 75.
2130 25. 75.
2131 25. 75.
2132 25. 75.
2133 25. 75.
2134 25. 75.
2135 26. 74.
2136 26. 74.
2137 26. 74.
2138 26. 74.
2139 25. 75.
2140 25. 75.
2141 25. 75.
2142 24. 76.
2143 24. 76.
2144 24. 76.
2145 24. 76.
2146 24. 76.
2147 24. 76.
2148 24. 76.
2149 24. 76.
2150 24. 76.
2151 24. 76.
2152 24. 76.
2153 24. 76.
2154 24. 76.
2155 23. 77.
2156 23. 77.
2157 23. 77.
2158 23. 77.
2159 23. 77.
2160 23. 77.
2161 23. 77.
2162 23. 77.
2163 23. 77.
2164 23. 77.
2165 24. 76.
2166 23. 77.
2167 23. 77.
2168 23. 77.
2169 22. 78.
2170 22. 78.
2171 22. 78.
2172 22. 78.
2173 22. 78.
2174 22. 78.
2175 22. 78.
2176 22. 78.
2177 22. 78.
2178 21. 79.
2179 21. 79.
2180 22. 78.
2181 22. 78.
2182 22. 78.
2183 22. 78.
2184 22. 78.
2185 22. 78.
2186 22. 78.
2187 22. 78.
2188 21. 79.
2189 21. 79.
2190 20. 80.
2191 20. 80.
2192 20. 80.
2193 20. 80.
2194 20. 80.
2195 20. 80.
2196 20. 80.
2197 20. 80.
2198 20. 80.
2199 21. 79.
2200 21. 79.
2201 21. 79.
2202 20. 80.
2203 20. 80.
2204 20. 80.
2205 20. 80.
2206 20. 80.
2207 19. 81.
2208 19. 81.
2209 19. 81.
2210 19. 81.
2211 19. 81.
2212 19. 81.
2213 19. 81.
2214 19. 81.
2215 20. 80.
2216 20. 80.
2217 20. 80.
2218 20. 80.
2219 20. 80.
2220 20. 80.
2221 20. 80.
2222 21. 79.
2223 21. 79.
2224 21. 79.
2225 21. 79.
2226 20. 80.
2227 20. 80.
2228 20. 80.
2229 20. 80.
2230 20. 80.
2231 21. 79.
2232 21. 79.
2233 21. 79.
2234 20. 80.
2235 20. 80.
2236 21. 79.
2237 21. 79.
2238 22. 78.
2239 22. 78.
2240 22. 78.
2241 22. 78.
2242 22. 78.
2243 22. 78.
2244 22. 78.
2245 22. 78.
2246 22. 78.
2247 23. 77.
2248 23. 77.
2249 24. 76.
2250 24. 76.
2251 24. 76.
2252 24. 76.
2253 23. 77.
2254 23. 77.
2255 23. 77.
2256 23. 77.
2257 24. 76.
2258 24. 76.
2259 24. 76.
2260 24. 76.
2261 24. 76.
2262 24. 76.
2263 24. 76.
2264 24. 76.
2265 24. 76.
2266 24. 76.
2267 24. 76.
2268 24. 76.
2269 24. 76.
2270 24. 76.
2271 25. 75.
2272 25. 75.
2273 25. 75.
2274 25. 75.
2275 24. 76.
2276 24. 76.
2277 24. 76.
2278 24. 76.
2279 24. 76.
2280 24. 76.
2281 25. 75.
2282 25. 75.
2283 24. 76.
2284 24. 76.
2285 24. 76.
2286 24. 76.
2287 23. 77.
2288 23. 77.
2289 23. 77.
2290 23. 77.
2291 23. 77.
2292 23. 77.
2293 23. 77.
2294 22. 78.
2295 22. 78.
2296 22. 78.
2297 22. 78.
2298 22. 78.
2299 22. 78.
2300 22. 78.
2301 23. 77.
2302 23. 77.
2303 23. 77.
2304 22. 78.
2305 22. 78.
2306 22. 78.
2307 22. 78.
2308 22. 78.
2309 21. 79.
2310 21. 79.
2311 20. 80.
2312 20. 80.
2313 19. 81.
2314 18. 82.
2315 17. 83.
2316 17. 83.
2317 17. 83.
2318 17. 83.
2319 17. 83.
2320 17. 83.
2321 17. 83.
2322 17. 83.
2323 17. 83.
2324 17. 83.
2325 17. 83.
2326 17. 83.
2327 17. 83.
2328 17. 83.
2329 17. 83.
2330 17. 83.
2331 16. 84.
2332 16. 84.
2333 16. 84.
2334 16. 84.
2335 16. 84.
2336 17. 83.
2337 17. 83.
2338 17. 83.
2339 17. 83.
2340 18. 82.
2341 18. 82.
2342 18. 82.
2343 18. 82.
2344 18. 82.
2345 18. 82.
2346 18. 82.
2347 18. 82.
2348 18. 82.
2349 18. 82.
2350 18. 82.
2351 18. 82.
2352 18. 82.
2353 18. 82.
2354 18. 82.
2355 18. 82.
2356 18. 82.
2357 18. 82.
2358 18. 82.
2359 17. 83.
2360 18. 82.
2361 18. 82.
2362 18. 82.
2363 18. 82.
2364 18. 82.
2365 18. 82.
2366 18. 82.
2367 18. 82.
2368 18. 82.
2369 17. 83.
2370 17. 83.
2371 17. 83.
2372 17. 83.
2373 17. 83.
2374 17. 83.
2375 17. 83.
2376 17. 83.
2377 17. 83.
2378 17. 83.
2379 17. 83.
2380 18. 82.
2381 18. 82.
2382 18. 82.
2383 18. 82.
2384 18. 82.
2385 18. 82.
2386 18. 82.
2387 18. 82.
2388 18. 82.
2389 18. 82.
2390 18. 82.
2391 18. 82.
2392 18. 82.
2393 18. 82.
2394 18. 82.
2395 18. 82.
2396 18. 82.
2397 18. 82.
2398 18. 82.
2399 19. 81.
2400 18. 82.
2401 18. 82.
2402 18. 82.
2403 17. 83.
2404 17. 83.
2405 17. 83.
2406 17. 83.
2407 17. 83.
2408 17. 83.
2409 17. 83.
2410 17. 83.
2411 17. 83.
2412 17. 83.
2413 16. 84.
2414 16. 84.
2415 16. 84.
2416 16. 84.
2417 16. 84.
2418 16. 84.
2419 16. 84.
2420 16. 84.
2421 16. 84.
2422 15. 85.
2423 16. 84.
2424 16. 84.
2425 17. 83.
2426 17. 83.
2427 17. 83.
2428 17. 83.
2429 17. 83.
2430 17. 83.
2431 17. 83.
2432 17. 83.
2433 17. 83.
2434 17. 83.
2435 17. 83.
2436 17. 83.
2437 17. 83.
2438 17. 83.
2439 18. 82.
2440 18. 82.
2441 18. 82.
2442 19. 81.
2443 19. 81.
2444 19. 81.
2445 19. 81.
2446 19. 81.
2447 19. 81.
2448 19. 81.
2449 20. 80.
2450 20. 80.
2451 20. 80.
2452 20. 80.
2453 20. 80.
2454 21. 79.
2455 21. 79.
2456 21. 79.
2457 21. 79.
2458 21. 79.
2459 21. 79.
2460 20. 80.
2461 20. 80.
2462 21. 79.
2463 20. 80.
2464 20. 80.
2465 20. 80.
2466 20. 80.
2467 20. 80.
2468 20. 80.
2469 21. 79.
2470 21. 79.
2471 21. 79.
2472 21. 79.
2473 21. 79.
2474 21. 79.
2475 21. 79.
2476 21. 79.
2477 21. 79.
2478 21. 79.
2479 21. 79.
2480 21. 79.
2481 21. 79.
2482 20. 80.
2483 20. 80.
2484 19. 81.
2485 19. 81.
2486 18. 82.
2487 18. 82.
2488 18. 82.
2489 17. 83.
2490 17. 83.
2491 17. 83.
2492 17. 83.
2493 17. 83.
2494 18. 82.
2495 18. 82.
2496 18. 82.
2497 18. 82.
2498 18. 82.
2499 18. 82.
2500 18. 82.
2501 18. 82.
2502 18. 82.
2503 18. 82.
2504 18. 82.
2505 18. 82.
2506 18. 82.
2507 18. 82.
2508 18. 82.
2509 18. 82.
2510 18. 82.
2511 18. 82.
2512 18. 82.
2513 18. 82.
2514 18. 82.
2515 18. 82.
2516 18. 82.
2517 18. 82.
2518 18. 82.
2519 18. 82.
2520 19. 81.
2521 18. 82.
2522 18. 82.
2523 19. 81.
2524 19. 81.
2525 20. 80.
2526 20. 80.
2527 20. 80.
2528 20. 80.
2529 20. 80.
2530 20. 80.
2531 20. 80.
2532 20. 80.
2533 21. 79.
2534 21. 79.
2535 21. 79.
2536 21. 79.
2537 21. 79.
2538 21. 79.
2539 21. 79.
2540 21. 79.
2541 21. 79.
2542 21. 79.
2543 22. 78.
2544 22. 78.
2545 22. 78.
2546 22. 78.
2547 22. 78.
2548 22. 78.
2549 22. 78.
2550 22. 78.
2551 22. 78.
2552 23. 77.
2553 22. 78.
2554 22. 78.
2555 22. 78.
2556 22. 78.
2557 22. 78.
2558 22. 78.
2559 22. 78.
2560 22. 78.
2561 22. 78.
2562 22. 78.
2563 22. 78.
2564 22. 78.
2565 22. 78.
2566 23. 77.
2567 23. 77.
2568 23. 77.
2569 22. 78.
2570 22. 78.
2571 22. 78.
2572 22. 78.
2573 22. 78.
2574 22. 78.
2575 22. 78.
2576 21. 79.
2577 22. 78.
2578 22. 78.
2579 22. 78.
2580 22. 78.
2581 21. 79.
2582 21. 79.
2583 21. 79.
2584 21. 79.
2585 21. 79.
2586 21. 79.
2587 21. 79.
2588 21. 79.
2589 22. 78.
2590 22. 78.
2591 22. 78.
2592 22. 78.
2593 22. 78.
2594 22. 78.
2595 22. 78.
2596 22. 78.
2597 22. 78.
2598 22. 78.
2599 22. 78.
2600 22. 78.
2601 21. 79.
2602 21. 79.
2603 21. 79.
2604 21. 79.
2605 21. 79.
2606 21. 79.
2607 21. 79.
2608 20. 80.
2609 20. 80.
2610 20. 80.
2611 20. 80.
2612 20. 80.
2613 20. 80.
2614 19. 81.
2615 19. 81.
2616 20. 80.
2617 20. 80.
2618 20. 80.
2619 20. 80.
2620 20. 80.
2621 20. 80.
2622 20. 80.
2623 19. 81.
2624 19. 81.
2625 19. 81.
2626 19. 81.
2627 19. 81.
2628 19. 81.
2629 19. 81.
2630 18. 82.
2631 18. 82.
2632 18. 82.
2633 18. 82.
2634 18. 82.
2635 18. 82.
2636 18. 82.
2637 18. 82.
2638 18. 82.
2639 18. 82.
2640 18. 82.
2641 17. 83.
2642 17. 83.
2643 17. 83.
2644 18. 82.
2645 19. 81.
2646 19. 81.
2647 19. 81.
2648 19. 81.
2649 19. 81.
2650 19. 81.
2651 20. 80.
2652 20. 80.
2653 20. 80.
2654 19. 81.
2655 19. 81.
2656 19. 81.
2657 19. 81.
2658 19. 81.
2659 19. 81.
2660 19. 81.
2661 19. 81.
2662 19. 81.
2663 19. 81.
2664 18. 82.
2665 18. 82.
2666 18. 82.
2667 18. 82.
2668 19. 81.
2669 19. 81.
2670 19. 81.
2671 19. 81.
2672 19. 81.
2673 19. 81.
2674 19. 81.
2675 20. 80.
2676 21. 79.
2677 21. 79.
2678 21. 79.
2679 21. 79.
2680 21. 79.
2681 21. 79.
2682 22. 78.
2683 22. 78.
2684 23. 77.
2685 23. 77.
2686 23. 77.
2687 23. 77.
2688 23. 77.
2689 23. 77.
2690 23. 77.
2691 23. 77.
2692 24. 76.
2693 24. 76.
2694 24. 76.
2695 24. 76.
2696 24. 76.
2697 24. 76.
2698 25. 75.
2699 25. 75.
2700 25. 75.
2701 25. 75.
2702 25. 75.
2703 24. 76.
2704 25. 75.
2705 25. 75.
2706 26. 74.
2707 25. 75.
2708 25. 75.
2709 25. 75.
2710 25. 75.
2711 25. 75.
2712 25. 75.
2713 25. 75.
2714 25. 75.
2715 25. 75.
2716 25. 75.
2717 25. 75.
2718 25. 75.
2719 26. 74.
2720 26. 74.
2721 27. 73.
2722 27. 73.
2723 27. 73.
2724 28. 72.
2725 28. 72.
2726 28. 72.
2727 28. 72.
2728 28. 72.
2729 28. 72.
2730 28. 72.
2731 28. 72.
2732 28. 72.
2733 28. 72.
2734 28. 72.
2735 28. 72.
2736 28. 72.
2737 28. 72.
2738 28. 72.
2739 28. 72.
2740 28. 72.
2741 28. 72.
2742 28. 72.
2743 28. 72.
2744 29. 71.
2745 29. 71.
2746 29. 71.
2747 29. 71.
2748 29. 71.
2749 29. 71.
2750 29. 71.
2751 29. 71.
2752 29. 71.
2753 28. 72.
2754 28. 72.
2755 28. 72.
2756 28. 72.
2757 29. 71.
2758 29. 71.
2759 29. 71.
2760 28. 72.
2761 28. 72.
2762 28. 72.
2763 28. 72.
2764 28. 72.
2765 28. 72.
2766 27. 73.
2767 27. 73.
2768 27. 73.
2769 26. 74.
2770 26. 74.
2771 26. 74.
2772 26. 74.
2773 27. 73.
2774 27. 73.
2775 27. 73.
2776 26. 74.
2777 26. 74.
2778 26. 74.
2779 26. 74.
2780 26. 74.
2781 25. 75.
2782 25. 75.
2783 25. 75.
2784 25. 75.
2785 26. 74.
2786 26. 74.
2787 26. 74.
2788 26. 74.
2789 27. 73.
2790 27. 73.
2791 27. 73.
2792 27. 73.
2793 27. 73.
2794 27. 73.
2795 27. 73.
2796 27. 73.
2797 27. 73.
2798 27. 73.
2799 27. 73.
2800 27. 73.
2801 27. 73.
2802 27. 73.
2803 27. 73.
2804 27. 73.
2805 27. 73.
2806 26. 74.
2807 26. 74.
2808 26. 74.
2809 25. 75.
2810 25. 75.
2811 25. 75.
2812 25. 75.
2813 25. 75.
2814 25. 75.
2815 24. 76.
2816 24. 76.
2817 24. 76.
2818 24. 76.
2819 24. 76.
2820 24. 76.
2821 24. 76.
2822 24. 76.
2823 25. 75.
2824 25. 75.
2825 25. 75.
2826 25. 75.
2827 26. 74.
2828 27. 73.
2829 27. 73.
2830 27. 73.
2831 27. 73.
2832 26. 74.
2833 26. 74.
2834 25. 75.
2835 25. 75.
2836 24. 76.
2837 25. 75.
2838 25. 75.
2839 25. 75.
2840 25. 75.
2841 26. 74.
2842 26. 74.
2843 26. 74.
2844 26. 74.
2845 25. 75.
2846 25. 75.
2847 25. 75.
2848 25. 75.
2849 24. 76.
2850 24. 76.
2851 24. 76.
2852 24. 76.
2853 23. 77.
2854 23. 77.
2855 23. 77.
2856 23. 77.
2857 23. 77.
2858 23. 77.
2859 23. 77.
2860 23. 77.
2861 22. 78.
2862 22. 78.
2863 23. 77.
2864 23. 77.
2865 23. 77.
2866 24. 76.
2867 24. 76.
2868 24. 76.
2869 24. 76.
2870 24. 76.
2871 24. 76.
2872 24. 76.
2873 24. 76.
2874 23. 77.
2875 23. 77.
2876 23. 77.
2877 22. 78.
2878 22. 78.
2879 22. 78.
2880 22. 78.
2881 22. 78.
2882 22. 78.
2883 22. 78.
2884 22. 78.
2885 22. 78.
2886 22. 78.
2887 23. 77.
2888 23. 77.
2889 23. 77.
2890 22. 78.
2891 23. 77.
2892 23. 77.
2893 22. 78.
2894 22. 78.
2895 22. 78.
2896 22. 78.
2897 22. 78.
2898 22. 78.
2899 22. 78.
2900 22. 78.
2901 22. 78.
2902 22. 78.
2903 22. 78.
2904 22. 78.
2905 22. 78.
2906 22. 78.
2907 21. 79.
2908 21. 79.
2909 21. 79.
2910 21. 79.
2911 20. 80.
2912 20. 80.
2913 21. 79.
2914 21. 79.
2915 21. 79.
2916 21. 79.
2917 21. 79.
2918 22. 78.
2919 22. 78.
2920 22. 78.
2921 22. 78.
2922 22. 78.
2923 22. 78.
2924 22. 78.
2925 22. 78.
2926 22. 78.
2927 22. 78.
2928 22. 78.
2929 23. 77.
2930 22. 78.
2931 22. 78.
2932 21. 79.
2933 21. 79.
2934 21. 79.
2935 21. 79.
2936 21. 79.
2937 21. 79.
2938 21. 79.
2939 21. 79.
2940 21. 79.
2941 21. 79.
2942 21. 79.
2943 21. 79.
2944 21. 79.
2945 20. 80.
2946 20. 80.
2947 21. 79.
2948 21. 79.
2949 20. 80.
2950 20. 80.
2951 20. 80.
2952 20. 80.
2953 21. 79.
2954 21. 79.
2955 21. 79.
2956 21. 79.
2957 21. 79.
2958 22. 78.
2959 22. 78.
2960 22. 78.
2961 22. 78.
2962 22. 78.
2963 22. 78.
2964 22. 78.
2965 22. 78.
2966 22. 78.
2967 22. 78.
2968 22. 78.
2969 21. 79.
2970 21. 79.
2971 21. 79.
2972 21. 79.
2973 22. 78.
2974 22. 78.
2975 23. 77.
2976 23. 77.
2977 24. 76.
2978 24. 76.
2979 24. 76.
2980 24. 76.
2981 24. 76.
2982 24. 76.
2983 24. 76.
2984 24. 76.
2985 24. 76.
2986 24. 76.
2987 24. 76.
2988 24. 76.
2989 24. 76.
2990 24. 76.
2991 23. 77.
2992 23. 77.
2993 23. 77.
2994 23. 77.
2995 23. 77.
2996 22. 78.
2997 22. 78.
2998 22. 78.
2999 22. 78.
3000 22. 78.
3001 22. 78.
3002 22. 78.
3003 22. 78.
3004 22. 78.
3005 22. 78.
3006 22. 78.
3007 23. 77.
3008 23. 77.
3009 22. 78.
3010 22. 78.
3011 23. 77.
3012 23. 77.
3013 22. 78.
3014 22. 78.
3015 22. 78.
3016 22. 78.
3017 22. 78.
3018 22. 78.
3019 22. 78.
3020 22. 78.
3021 21. 79.
3022 21. 79.
3023 21. 79.
3024 20. 80.
3025 20. 80.
3026 20. 80.
3027 20. 80.
3028 20. 80.
3029 20. 80.
3030 20. 80.
3031 19. 81.
3032 20. 80.
3033 20. 80.
3034 20. 80.
3035 20. 80.
3036 20. 80.
3037 21. 79.
3038 21. 79.
3039 21. 79.
3040 21. 79.
3041 21. 79.
3042 21. 79.
3043 21. 79.
3044 21. 79.
3045 21. 79.
3046 22. 78.
3047 23. 77.
3048 23. 77.
3049 23. 77.
3050 23. 77.
3051 23. 77.
3052 23. 77.
3053 23. 77.
3054 23. 77.
3055 23. 77.
3056 23. 77.
3057 23. 77.
3058 23. 77.
3059 24. 76.
3060 24. 76.
3061 24. 76.
3062 24. 76.
3063 24. 76.
3064 24. 76.
3065 24. 76.
3066 24. 76.
3067 24. 76.
3068 24. 76.
3069 24. 76.
3070 24. 76.
3071 24. 76.
3072 24. 76.
3073 24. 76.
3074 24. 76.
3075 24. 76.
3076 24. 76.
3077 24. 76.
3078 24. 76.
3079 24. 76.
3080 24. 76.
3081 24. 76.
3082 24. 76.
3083 24. 76.
3084 24. 76.
3085 24. 76.
3086 24. 76.
3087 25. 75.
3088 25. 75.
3089 25. 75.
3090 25. 75.
3091 25. 75.
3092 25. 75.
3093 25. 75.
3094 25. 75.
3095 25. 75.
3096 24. 76.
3097 24. 76.
3098 23. 77.
3099 23. 77.
3100 23. 77.
3101 23. 77.
3102 22. 78.
3103 23. 77.
3104 24. 76.
3105 24. 76.
3106 24. 76.
3107 24. 76.
3108 24. 76.
3109 24. 76.
3110 24. 76.
3111 24. 76.
3112 24. 76.
3113 24. 76.
3114 24. 76.
3115 24. 76.
3116 24. 76.
3117 25. 75.
3118 25. 75.
3119 25. 75.
3120 25. 75.
3121 24. 76.
3122 23. 77.
3123 23. 77.
3124 23. 77.
3125 23. 77.
3126 23. 77.
3127 23. 77.
3128 23. 77.
3129 24. 76.
3130 24. 76.
3131 25. 75.
3132 25. 75.
3133 25. 75.
3134 25. 75.
3135 25. 75.
3136 25. 75.
3137 25. 75.
3138 24. 76.
3139 24. 76.
3140 24. 76.
3141 24. 76.
3142 24. 76.
3143 24. 76.
3144 25. 75.
3145 25. 75.
3146 25. 75.
3147 24. 76.
3148 24. 76.
3149 24. 76.
3150 24. 76.
3151 24. 76.
3152 24. 76.
3153 24. 76.
3154 24. 76.
3155 23. 77.
3156 24. 76.
3157 24. 76.
3158 24. 76.
3159 24. 76.
3160 24. 76.
3161 24. 76.
3162 24. 76.
3163 24. 76.
3164 24. 76.
3165 24. 76.
3166 24. 76.
3167 24. 76.
3168 24. 76.
3169 24. 76.
3170 24. 76.
3171 24. 76.
3172 24. 76.
3173 24. 76.
3174 24. 76.
3175 24. 76.
3176 24. 76.
3177 23. 77.
3178 23. 77.
3179 24. 76.
3180 24. 76.
3181 24. 76.
3182 25. 75.
3183 25. 75.
3184 25. 75.
3185 25. 75.
3186 25. 75.
3187 25. 75.
3188 26. 74.
3189 26. 74.
3190 26. 74.
3191 26. 74.
3192 25. 75.
3193 25. 75.
3194 25. 75.
3195 25. 75.
3196 25. 75.
3197 25. 75.
3198 25. 75.
3199 25. 75.
3200 25. 75.
3201 25. 75.
3202 25. 75.
3203 25. 75.
3204 25. 75.
3205 25. 75.
3206 25. 75.
3207 25. 75.
3208 25. 75.
3209 25. 75.
3210 25. 75.
3211 25. 75.
3212 25. 75.
3213 25. 75.
3214 25. 75.
3215 25. 75.
3216 25. 75.
3217 25. 75.
3218 26. 74.
3219 26. 74.
3220 26. 74.
3221 26. 74.
3222 26. 74.
3223 26. 74.
3224 26. 74.
3225 25. 75.
3226 25. 75.
3227 25. 75.
3228 25. 75.
3229 25. 75.
3230 25. 75.
3231 25. 75.
3232 25. 75.
3233 26. 74.
3234 27. 73.
3235 27. 73.
3236 27. 73.
3237 27. 73.
3238 26. 74.
3239 26. 74.
3240 26. 74.
3241 26. 74.
3242 26. 74.
3243 26. 74.
3244 25. 75.
3245 26. 74.
3246 26. 74.
3247 25. 75.
3248 25. 75.
3249 25. 75.
3250 26. 74.
3251 26. 74.
3252 26. 74.
3253 26. 74.
3254 26. 74.
3255 26. 74.
3256 26. 74.
3257 26. 74.
3258 26. 74.
3259 26. 74.
3260 26. 74.
3261 26. 74.
3262 26. 74.
3263 26. 74.
3264 26. 74.
3265 26. 74.
3266 26. 74.
3267 26. 74.
3268 26. 74.
3269 26. 74.
3270 26. 74.
3271 26. 74.
3272 26. 74.
3273 26. 74.
3274 26. 74.
3275 26. 74.
3276 27. 73.
3277 27. 73.
3278 27. 73.
3279 27. 73.
3280 27. 73.
3281 27. 73.
3282 27. 73.
3283 27. 73.
3284 27. 73.
3285 27. 73.
3286 28. 72.
3287 28. 72.
3288 28. 72.
3289 28. 72.
3290 28. 72.
3291 27. 73.
3292 27. 73.
3293 27. 73.
3294 27. 73.
3295 27. 73.
3296 28. 72.
3297 28. 72.
3298 28. 72.
3299 28. 72.
3300 27. 73.
3301 28. 72.
3302 28. 72.
3303 28. 72.
3304 28. 72.
3305 28. 72.
3306 28. 72.
3307 28. 72.
3308 28. 72.
3309 28. 72.
3310 28. 72.
3311 28. 72.
3312 28. 72.
3313 28. 72.
3314 28. 72.
3315 28. 72.
3316 27. 73.
3317 26. 74.
3318 26. 74.
3319 25. 75.
3320 25. 75.
3321 25. 75.
3322 25. 75.
3323 25. 75.
3324 25. 75.
3325 25. 75.
3326 25. 75.
3327 25. 75.
3328 25. 75.
3329 25. 75.
3330 25. 75.
3331 25. 75.
3332 25. 75.
3333 25. 75.
3334 25. 75.
3335 25. 75.
3336 25. 75.
3337 25. 75.
3338 25. 75.
3339 25. 75.
3340 25. 75.
3341 25. 75.
3342 25. 75.
3343 25. 75.
3344 25. 75.
3345 25. 75.
3346 25. 75.
3347 24. 76.
3348 23. 77.
3349 23. 77.
3350 23. 77.
3351 22. 78.
3352 22. 78.
3353 22. 78.
3354 22. 78.
3355 22. 78.
3356 22. 78.
3357 22. 78.
3358 22. 78.
3359 22. 78.
3360 22. 78.
3361 22. 78.
3362 22. 78.
3363 22. 78.
3364 22. 78.
3365 22. 78.
3366 23. 77.
3367 24. 76.
3368 23. 77.
3369 23. 77.
3370 23. 77.
3371 22. 78.
3372 22. 78.
3373 22. 78.
3374 22. 78.
3375 21. 79.
3376 20. 80.
3377 20. 80.
3378 20. 80.
3379 20. 80.
3380 20. 80.
3381 20. 80.
3382 20. 80.
3383 20. 80.
3384 20. 80.
3385 20. 80.
3386 20. 80.
3387 21. 79.
3388 21. 79.
3389 20. 80.
3390 20. 80.
3391 20. 80.
3392 19. 81.
3393 19. 81.
3394 19. 81.
3395 19. 81.
3396 19. 81.
3397 19. 81.
3398 19. 81.
3399 19. 81.
3400 19. 81.
3401 19. 81.
3402 19. 81.
3403 19. 81.
3404 19. 81.
3405 19. 81.
3406 19. 81.
3407 19. 81.
3408 20. 80.
3409 20. 80.
3410 20. 80.
3411 19. 81.
3412 19. 81.
3413 19. 81.
3414 19. 81.
3415 19. 81.
3416 19. 81.
3417 19. 81.
3418 20. 80.
3419 21. 79.
3420 21. 79.
3421 21. 79.
3422 21. 79.
3423 21. 79.
3424 21. 79.
3425 21. 79.
3426 21. 79.
3427 22. 78.
3428 22. 78.
3429 22. 78.
3430 22. 78.
3431 22. 78.
3432 22. 78.
3433 23. 77.
3434 23. 77.
3435 23. 77.
3436 23. 77.
3437 23. 77.
3438 23. 77.
3439 23. 77.
3440 23. 77.
3441 24. 76.
3442 24. 76.
3443 24. 76.
3444 24. 76.
3445 24. 76.
3446 24. 76.
3447 24. 76.
3448 23. 77.
3449 22. 78.
3450 22. 78.
3451 22. 78.
3452 22. 78.
3453 22. 78.
3454 22. 78.
3455 22. 78.
3456 22. 78.
3457 22. 78.
3458 22. 78.
3459 23. 77.
3460 23. 77.
3461 22. 78.
3462 22. 78.
3463 22. 78.
3464 22. 78.
3465 22. 78.
3466 22. 78.
3467 22. 78.
3468 21. 79.
3469 22. 78.
3470 22. 78.
3471 22. 78.
3472 22. 78.
3473 22. 78.
3474 22. 78.
3475 22. 78.
3476 22. 78.
3477 22. 78.
3478 22. 78.
3479 22. 78.
3480 23. 77.
3481 23. 77.
3482 23. 77.
3483 23. 77.
3484 23. 77.
3485 22. 78.
3486 23. 77.
3487 23. 77.
3488 22. 78.
3489 22. 78.
3490 21. 79.
3491 21. 79.
3492 21. 79.
3493 21. 79.
3494 21. 79.
3495 21. 79.
3496 21. 79.
3497 21. 79.
3498 21. 79.
3499 21. 79.
3500 20. 80.
3501 20. 80.
3502 20. 80.
3503 20. 80.
3504 20. 80.
3505 20. 80.
3506 20. 80.
3507 20. 80.
3508 20. 80.
3509 19. 81.
3510 19. 81.
3511 19. 81.
3512 19. 81.
3513 19. 81.
3514 19. 81.
3515 18. 82.
3516 18. 82.
3517 18. 82.
3518 18. 82.
3519 18. 82.
3520 18. 82.
3521 18. 82.
3522 18. 82.
3523 18. 82.
3524 18. 82.
3525 18. 82.
3526 18. 82.
3527 18. 82.
3528 18. 82.
3529 18. 82.
3530 17. 83.
3531 16. 84.
3532 16. 84.
3533 16. 84.
3534 16. 84.
3535 16. 84.
3536 16. 84.
3537 16. 84.
3538 16. 84.
3539 16. 84.
3540 16. 84.
3541 17. 83.
3542 17. 83.
3543 18. 82.
3544 17. 83.
3545 17. 83.
3546 17. 83.
3547 17. 83.
3548 18. 82.
3549 17. 83.
3550 17. 83.
3551 17. 83.
3552 17. 83.
3553 17. 83.
3554 17. 83.
3555 17. 83.
3556 17. 83.
3557 17. 83.
3558 17. 83.
3559 17. 83.
3560 17. 83.
3561 17. 83.
3562 17. 83.
3563 17. 83.
3564 18. 82.
3565 18. 82.
3566 18. 82.
3567 18. 82.
3568 18. 82.
3569 18. 82.
3570 18. 82.
3571 18. 82.
3572 18. 82.
3573 18. 82.
3574 18. 82.
3575 18. 82.
3576 18. 82.
3577 18. 82.
3578 18. 82.
3579 18. 82.
3580 18. 82.
3581 18. 82.
3582 18. 82.
3583 18. 82.
3584 18. 82.
3585 18. 82.
3586 18. 82.
3587 18. 82.
3588 18. 82.
3589 18. 82.
3590 18. 82.
3591 18. 82.
3592 18. 82.
3593 18. 82.
3594 18. 82.
3595 18. 82.
3596 18. 82.
3597 18. 82.
3598 18. 82.
3599 18. 82.
3600 18. 82.
3601 17. 83.
3602 17. 83.
3603 18. 82.
3604 18. 82.
3605 18. 82.
3606 18. 82.
3607 18. 82.
3608 18. 82.
3609 18. 82.
3610 17. 83.
3611 17. 83.
3612 17. 83.
3613 17. 83.
3614 17. 83.
3615 17. 83.
3616 17. 83.
3617 17. 83.
3618 18. 82.
3619 18. 82.
3620 18. 82.
3621 18. 82.
3622 18. 82.
3623 18. 82.
3624 18. 82.
3625 18. 82.
3626 18. 82.
3627 18. 82.
3628 18. 82.
3629 18. 82.
3630 18. 82.
3631 18. 82.
3632 18. 82.
3633 18. 82.
3634 18. 82.
3635 18. 82.
3636 18. 82.
3637 17. 83.
3638 16. 84.
3639 16. 84.
3640 16. 84.
3641 15. 85.
3642 15. 85.
3643 15. 85.
3644 16. 84.
3645 16. 84.
3646 16. 84.
3647 16. 84.
3648 16. 84.
3649 16. 84.
3650 17. 83.
3651 17. 83.
3652 17. 83.
3653 17. 83.
3654 17. 83.
3655 17. 83.
3656 17. 83.
3657 17. 83.
3658 17. 83.
3659 17. 83.
3660 17. 83.
3661 17. 83.
3662 17. 83.
3663 17. 83.
3664 17. 83.
3665 17. 83.
3666 17. 83.
3667 17. 83.
3668 17. 83.
3669 17. 83.
3670 17. 83.
3671 17. 83.
3672 17. 83.
3673 16. 84.
3674 16. 84.
3675 16. 84.
3676 16. 84.
3677 16. 84.
3678 16. 84.
3679 16. 84.
3680 16. 84.
3681 16. 84.
3682 16. 84.
3683 16. 84.
3684 16. 84.
3685 16. 84.
3686 16. 84.
3687 16. 84.
3688 16. 84.
3689 16. 84.
3690 16. 84.
3691 16. 84.
3692 16. 84.
3693 16. 84.
3694 16. 84.
3695 16. 84.
3696 16. 84.
3697 15. 85.
3698 15. 85.
3699 15. 85.
3700 15. 85.
3701 15. 85.
3702 16. 84.
3703 16. 84.
3704 16. 84.
3705 16. 84.
3706 15. 85.
3707 14. 86.
3708 14. 86.
3709 14. 86.
3710 14. 86.
3711 14. 86.
3712 14. 86.
3713 14. 86.
3714 14. 86.
3715 14. 86.
3716 14. 86.
3717 14. 86.
3718 14. 86.
3719 14. 86.
3720 14. 86.
3721 14. 86.
3722 13. 87.
3723 13. 87.
3724 13. 87.
3725 13. 87.
3726 13. 87.
3727 13. 87.
3728 13. 87.
3729 13. 87.
3730 13. 87.
3731 13. 87.
3732 13. 87.
3733 13. 87.
3734 13. 87.
3735 13. 87.
3736 13. 87.
3737 13. 87.
3738 13. 87.
3739 13. 87.
3740 13. 87.
3741 13. 87.
3742 13. 87.
3743 12. 88.
3744 11. 89.
3745 11. 89.
3746 11. 89.
3747 11. 89.
3748 11. 89.
3749 11. 89.
3750 11. 89.
3751 11. 89.
3752 11. 89.
3753 11. 89.
3754 12. 88.
3755 12. 88.
3756 12. 88.
3757 12. 88.
3758 12. 88.
3759 12. 88.
3760 12. 88.
3761 12. 88.
3762 12. 88.
3763 13. 87.
3764 13. 87.
3765 13. 87.
3766 13. 87.
3767 13. 87.
3768 13. 87.
3769 13. 87.
3770 13. 87.
3771 13. 87.
3772 13. 87.
3773 14. 86.
3774 14. 86.
3775 14. 86.
3776 14. 86.
3777 14. 86.
3778 14. 86.
3779 14. 86.
3780 14. 86.
3781 14. 86.
3782 14. 86.
3783 14. 86.
3784 14. 86.
3785 14. 86.
3786 13. 87.
3787 13. 87.
3788 13. 87.
3789 13. 87.
3790 13. 87.
3791 13. 87.
3792 13. 87.
3793 13. 87.
3794 13. 87.
3795 13. 87.
3796 13. 87.
3797 13. 87.
3798 14. 86.
3799 15. 85.
3800 15. 85.
3801 15. 85.
3802 15. 85.
3803 15. 85.
3804 15. 85.
3805 15. 85.
3806 15. 85.
3807 15. 85.
3808 15. 85.
3809 15. 85.
3810 15. 85.
3811 15. 85.
3812 15. 85.
3813 15. 85.
3814 15. 85.
3815 15. 85.
3816 15. 85.
3817 15. 85.
3818 14. 86.
3819 14. 86.
3820 14. 86.
3821 14. 86.
3822 14. 86.
3823 14. 86.
3824 14. 86.
3825 14. 86.
3826 14. 86.
3827 14. 86.
3828 14. 86.
3829 14. 86.
3830 14. 86.
3831 13. 87.
3832 13. 87.
3833 13. 87.
3834 13. 87.
3835 13. 87.
3836 13. 87.
3837 13. 87.
3838 13. 87.
3839 13. 87.
3840 13. 87.
3841 13. 87.
3842 13. 87.
3843 12. 88.
3844 12. 88.
3845 11. 89.
3846 11. 89.
3847 11. 89.
3848 12. 88.
3849 12. 88.
3850 12. 88.
3851 12. 88.
3852 12. 88.
3853 12. 88.
3854 12. 88.
3855 12. 88.
3856 12. 88.
3857 12. 88.
3858 12. 88.
3859 12. 88.
3860 11. 89.
3861 11. 89.
3862 11. 89.
3863 11. 89.
3864 11. 89.
3865 11. 89.
3866 11. 89.
3867 11. 89.
3868 11. 89.
3869 11. 89.
3870 11. 89.
3871 12. 88.
3872 12. 88.
3873 12. 88.
3874 12. 88.
3875 12. 88.
3876 12. 88.
3877 12. 88.
3878 12. 88.
3879 12. 88.
3880 12. 88.
3881 12. 88.
3882 12. 88.
3883 12. 88.
3884 12. 88.
3885 12. 88.
3886 12. 88.
3887 12. 88.
3888 12. 88.
3889 12. 88.
3890 12. 88.
3891 12. 88.
3892 12. 88.
3893 12. 88.
3894 12. 88.
3895 12. 88.
3896 12. 88.
3897 12. 88.
3898 12. 88.
3899 12. 88.
3900 12. 88.
3901 12. 88.
3902 12. 88.
3903 12. 88.
3904 12. 88.
3905 11. 89.
3906 11. 89.
3907 11. 89.
3908 11. 89.
3909 11. 89.
3910 11. 89.
3911 11. 89.
3912 11. 89.
3913 11. 89.
3914 11. 89.
3915 11. 89.
3916 11. 89.
3917 11. 89.
3918 11. 89.
3919 11. 89.
3920 12. 88.
3921 12. 88.
3922 12. 88.
3923 12. 88.
3924 12. 88.
3925 12. 88.
3926 12. 88.
3927 12. 88.
3928 12. 88.
3929 12. 88.
3930 12. 88.
3931 12. 88.
3932 12. 88.
3933 12. 88.
3934 12. 88.
3935 12. 88.
3936 12. 88.
3937 12. 88.
3938 12. 88.
3939 12. 88.
3940 12. 88.
3941 11. 89.
3942 11. 89.
3943 11. 89.
3944 11. 89.
3945 11. 89.
3946 11. 89.
3947 11. 89.
3948 11. 89.
3949 11. 89.
3950 11. 89.
3951 11. 89.
3952 11. 89.
3953 11. 89.
3954 11. 89.
3955 11. 89.
3956 11. 89.
3957 11. 89.
3958 11. 89.
3959 11. 89.
3960 11. 89.
3961 11. 89.
3962 11. 89.
3963 11. 89.
3964 11. 89.
3965 11. 89.
3966 11. 89.
3967 11. 89.
3968 11. 89.
3969 11. 89.
3970 11. 89.
3971 11. 89.
3972 11. 89.
3973 11. 89.
3974 11. 89.
3975 11. 89.
3976 11. 89.
3977 11. 89.
3978 11. 89.
3979 11. 89.
3980 11. 89.
3981 11. 89.
3982 11. 89.
3983 12. 88.
3984 12. 88.
3985 12. 88.
3986 12. 88.
3987 12. 88.
3988 12. 88.
3989 12. 88.
3990 12. 88.
3991 12. 88.
3992 12. 88.
3993 12. 88.
3994 12. 88.
3995 12. 88.
3996 12. 88.
3997 12. 88.
3998 11. 89.
3999 10. 90.
4000 10. 90.
4001 10. 90.
4002 10. 90.
4003 10. 90.
4004 10. 90.
4005 10. 90.
4006 10. 90.
4007 10. 90.
4008 10. 90.
4009 10. 90.
4010 10. 90.
4011 10. 90.
4012 10. 90.
4013 10. 90.
4014 10. 90.
4015 10. 90.
4016 10. 90.
4017 10. 90.
4018 10. 90.
4019 9. 91.
4020 9. 91.
4021 9. 91.
4022 9. 91.
4023 9. 91.
4024 9. 91.
4025 9. 91.
4026 9. 91.
4027 9. 91.
4028 9. 91.
4029 9. 91.
4030 8. 92.
4031 9. 91.
4032 9. 91.
4033 9. 91.
4034 9. 91.
4035 9. 91.
4036 9. 91.
4037 8. 92.
4038 8. 92.
4039 7. 93.
4040 7. 93.
4041 7. 93.
4042 7. 93.
4043 7. 93.
4044 7. 93.
4045 7. 93.
4046 7. 93.
4047 7. 93.
4048 7. 93.
4049 7. 93.
4050 7. 93.
4051 7. 93.
4052 7. 93.
4053 7. 93.
4054 7. 93.
4055 7. 93.
4056 7. 93.
4057 7. 93.
4058 7. 93.
4059 7. 93.
4060 7. 93.
4061 7. 93.
4062 7. 93.
4063 7. 93.
4064 7. 93.
4065 7. 93.
4066 7. 93.
4067 7. 93.
4068 7. 93.
4069 7. 93.
4070 7. 93.
4071 7. 93.
4072 7. 93.
4073 7. 93.
4074 7. 93.
4075 7. 93.
4076 7. 93.
4077 7. 93.
4078 7. 93.
4079 7. 93.
4080 6. 94.
4081 6. 94.
4082 6. 94.
4083 5. 95.
4084 5. 95.
4085 5. 95.
4086 5. 95.
4087 5. 95.
4088 5. 95.
4089 5. 95.
4090 5. 95.
4091 5. 95.
4092 6. 94.
4093 6. 94.
4094 6. 94.
4095 6. 94.
4096 6. 94.
4097 6. 94.
4098 6. 94.
4099 6. 94.
4100 6. 94.
4101 6. 94.
4102 6. 94.
4103 7. 93.
4104 7. 93.
4105 7. 93.
4106 6. 94.
4107 6. 94.
4108 7. 93.
4109 7. 93.
4110 7. 93.
4111 7. 93.
4112 7. 93.
4113 7. 93.
4114 7. 93.
4115 7. 93.
4116 7. 93.
4117 7. 93.
4118 7. 93.
4119 7. 93.
4120 7. 93.
4121 7. 93.
4122 7. 93.
4123 7. 93.
4124 7. 93.
4125 7. 93.
4126 7. 93.
4127 7. 93.
4128 7. 93.
4129 7. 93.
4130 7. 93.
4131 7. 93.
4132 7. 93.
4133 7. 93.
4134 7. 93.
4135 7. 93.
4136 7. 93.
4137 8. 92.
4138 8. 92.
4139 8. 92.
4140 8. 92.
4141 8. 92.
4142 8. 92.
4143 8. 92.
4144 8. 92.
4145 8. 92.
4146 8. 92.
4147 8. 92.
4148 8. 92.
4149 8. 92.
4150 8. 92.
4151 8. 92.
4152 8. 92.
4153 8. 92.
4154 8. 92.
4155 8. 92.
4156 8. 92.
4157 8. 92.
4158 8. 92.
4159 8. 92.
4160 8. 92.
4161 8. 92.
4162 8. 92.
4163 8. 92.
4164 8. 92.
4165 8. 92.
4166 8. 92.
4167 9. 91.
4168 9. 91.
4169 9. 91.
4170 9. 91.
4171 9. 91.
4172 9. 91.
4173 9. 91.
4174 9. 91.
4175 9. 91.
4176 9. 91.
4177 10. 90.
4178 10. 90.
4179 10. 90.
4180 10. 90.
4181 10. 90.
4182 10. 90.
4183 10. 90.
4184 10. 90.
4185 10. 90.
4186 10. 90.
4187 10. 90.
4188 10. 90.
4189 10. 90.
4190 10. 90.
4191 10. 90.
4192 10. 90.
4193 9. 91.
4194 9. 91.
4195 9. 91.
4196 9. 91.
4197 9. 91.
4198 9. 91.
4199 9. 91.
4200 9. 91.
4201 9. 91.
4202 9. 91.
4203 9. 91.
4204 9. 91.
4205 9. 91.
4206 10. 90.
4207 10. 90.
4208 10. 90.
4209 10. 90.
4210 10. 90.
4211 10. 90.
4212 10. 90.
4213 10. 90.
4214 10. 90.
4215 10. 90.
4216 10. 90.
4217 10. 90.
4218 10. 90.
4219 10. 90.
4220 10. 90.
4221 10. 90.
4222 10. 90.
4223 10. 90.
4224 10. 90.
4225 10. 90.
4226 10. 90.
4227 10. 90.
4228 10. 90.
4229 10. 90.
4230 9. 91.
4231 9. 91.
4232 9. 91.
4233 9. 91.
4234 9. 91.
4235 9. 91.
4236 9. 91.
4237 9. 91.
4238 9. 91.
4239 9. 91.
4240 9. 91.
4241 9. 91.
4242 9. 91.
4243 9. 91.
4244 9. 91.
4245 9. 91.
4246 9. 91.
4247 10. 90.
4248 10. 90.
4249 10. 90.
4250 10. 90.
4251 10. 90.
4252 10. 90.
4253 10. 90.
4254 9. 91.
4255 9. 91.
4256 9. 91.
4257 9. 91.
4258 9. 91.
4259 9. 91.
4260 9. 91.
4261 9. 91.
4262 9. 91.
4263 9. 91.
4264 9. 91.
4265 9. 91.
4266 8. 92.
4267 8. 92.
4268 8. 92.
4269 8. 92.
4270 8. 92.
4271 8. 92.
4272 8. 92.
4273 8. 92.
4274 8. 92.
4275 8. 92.
4276 8. 92.
4277 8. 92.
4278 8. 92.
4279 8. 92.
4280 8. 92.
4281 8. 92.
4282 8. 92.
4283 8. 92.
4284 8. 92.
4285 8. 92.
4286 8. 92.
4287 8. 92.
4288 8. 92.
4289 8. 92.
4290 8. 92.
4291 8. 92.
4292 8. 92.
4293 8. 92.
4294 8. 92.
4295 8. 92.
4296 8. 92.
4297 7. 93.
4298 7. 93.
4299 7. 93.
4300 7. 93.
4301 7. 93.
4302 7. 93.
4303 7. 93.
4304 7. 93.
4305 7. 93.
4306 7. 93.
4307 7. 93.
4308 7. 93.
4309 7. 93.
4310 7. 93.
4311 7. 93.
4312 7. 93.
4313 7. 93.
4314 7. 93.
4315 7. 93.
4316 7. 93.
4317 7. 93.
4318 7. 93.
4319 8. 92.
4320 8. 92.
4321 8. 92.
4322 8. 92.
4323 8. 92.
4324 8. 92.
4325 8. 92.
4326 8. 92.
4327 8. 92.
4328 8. 92.
4329 8. 92.
4330 8. 92.
4331 8. 92.
4332 8. 92.
4333 8. 92.
4334 8. 92.
4335 8. 92.
4336 8. 92.
4337 9. 91.
4338 9. 91.
4339 9. 91.
4340 9. 91.
4341 9. 91.
4342 9. 91.
4343 9. 91.
4344 9. 91.
4345 8. 92.
4346 8. 92.
4347 8. 92.
4348 8. 92.
4349 8. 92.
4350 8. 92.
4351 8. 92.
4352 8. 92.
4353 8. 92.
4354 8. 92.
4355 8. 92.
4356 8. 92.
4357 8. 92.
4358 8. 92.
4359 8. 92.
4360 8. 92.
4361 8. 92.
4362 8. 92.
4363 8. 92.
4364 8. 92.
4365 8. 92.
4366 7. 93.
4367 7. 93.
4368 7. 93.
4369 7. 93.
4370 7. 93.
4371 7. 93.
4372 7. 93.
4373 7. 93.
4374 7. 93.
4375 7. 93.
4376 7. 93.
4377 7. 93.
4378 7. 93.
4379 7. 93.
4380 7. 93.
4381 7. 93.
4382 7. 93.
4383 7. 93.
4384 7. 93.
4385 7. 93.
4386 8. 92.
4387 8. 92.
4388 8. 92.
4389 8. 92.
4390 8. 92.
4391 8. 92.
4392 8. 92.
4393 8. 92.
4394 9. 91.
4395 9. 91.
4396 9. 91.
4397 9. 91.
4398 9. 91.
4399 9. 91.
4400 9. 91.
4401 9. 91.
4402 9. 91.
4403 9. 91.
4404 9. 91.
4405 9. 91.
4406 9. 91.
4407 9. 91.
4408 9. 91.
4409 9. 91.
4410 9. 91.
4411 9. 91.
4412 9. 91.
4413 9. 91.
4414 9. 91.
4415 9. 91.
4416 9. 91.
4417 9. 91.
4418 9. 91.
4419 9. 91.
4420 9. 91.
4421 9. 91.
4422 9. 91.
4423 9. 91.
4424 9. 91.
4425 9. 91.
4426 9. 91.
4427 9. 91.
4428 9. 91.
4429 9. 91.
4430 9. 91.
4431 9. 91.
4432 9. 91.
4433 9. 91.
4434 9. 91.
4435 9. 91.
4436 9. 91.
4437 9. 91.
4438 9. 91.
4439 9. 91.
4440 9. 91.
4441 9. 91.
4442 9. 91.
4443 9. 91.
4444 9. 91.
4445 9. 91.
4446 9. 91.
4447 8. 92.
4448 8. 92.
4449 8. 92.
4450 8. 92.
4451 8. 92.
4452 8. 92.
4453 8. 92.
4454 8. 92.
4455 8. 92.
4456 8. 92.
4457 8. 92.
4458 8. 92.
4459 8. 92.
4460 8. 92.
4461 8. 92.
4462 8. 92.
4463 8. 92.
4464 8. 92.
4465 8. 92.
4466 8. 92.
4467 8. 92.
4468 8. 92.
4469 9. 91.
4470 9. 91.
4471 8. 92.
4472 8. 92.
4473 8. 92.
4474 8. 92.
4475 8. 92.
4476 8. 92.
4477 8. 92.
4478 8. 92.
4479 8. 92.
4480 8. 92.
4481 8. 92.
4482 8. 92.
4483 8. 92.
4484 8. 92.
4485 8. 92.
4486 8. 92.
4487 8. 92.
4488 8. 92.
4489 8. 92.
4490 8. 92.
4491 8. 92.
4492 8. 92.
4493 8. 92.
4494 8. 92.
4495 8. 92.
4496 8. 92.
4497 8. 92.
4498 8. 92.
4499 8. 92.
4500 8. 92.
4501 7. 93.
4502 7. 93.
4503 7. 93.
4504 6. 94.
4505 6. 94.
4506 6. 94.
4507 6. 94.
4508 6. 94.
4509 6. 94.
4510 6. 94.
4511 6. 94.
4512 6. 94.
4513 5. 95.
4514 5. 95.
4515 5. 95.
4516 5. 95.
4517 5. 95.
4518 5. 95.
4519 5. 95.
4520 5. 95.
4521 5. 95.
4522 5. 95.
4523 5. 95.
4524 5. 95.
4525 5. 95.
4526 5. 95.
4527 5. 95.
4528 5. 95.
4529 5. 95.
4530 5. 95.
4531 5. 95.
4532 5. 95.
4533 5. 95.
4534 5. 95.
4535 5. 95.
4536 5. 95.
4537 5. 95.
4538 5. 95.
4539 5. 95.
4540 5. 95.
4541 5. 95.
4542 5. 95.
4543 5. 95.
4544 5. 95.
4545 5. 95.
4546 5. 95.
4547 5. 95.
4548 5. 95.
4549 5. 95.
4550 5. 95.
4551 4. 96.
4552 4. 96.
4553 4. 96.
4554 4. 96.
4555 4. 96.
4556 4. 96.
4557 4. 96.
4558 4. 96.
4559 4. 96.
4560 4. 96.
4561 4. 96.
4562 4. 96.
4563 4. 96.
4564 4. 96.
4565 4. 96.
4566 5. 95.
4567 5. 95.
4568 5. 95.
4569 5. 95.
4570 5. 95.
4571 5. 95.
4572 5. 95.
4573 5. 95.
4574 5. 95.
4575 5. 95.
4576 5. 95.
4577 5. 95.
4578 5. 95.
4579 5. 95.
4580 5. 95.
4581 5. 95.
4582 5. 95.
4583 5. 95.
4584 5. 95.
4585 5. 95.
4586 5. 95.
4587 5. 95.
4588 5. 95.
4589 5. 95.
4590 5. 95.
4591 5. 95.
4592 6. 94.
4593 6. 94.
4594 6. 94.
4595 6. 94.
4596 6. 94.
4597 6. 94.
4598 6. 94.
4599 6. 94.
4600 6. 94.
4601 6. 94.
4602 6. 94.
4603 6. 94.
4604 6. 94.
4605 6. 94.
4606 6. 94.
4607 6. 94.
4608 6. 94.
4609 6. 94.
4610 6. 94.
4611 6. 94.
4612 6. 94.
4613 6. 94.
4614 5. 95.
4615 5. 95.
4616 5. 95.
4617 5. 95.
4618 5. 95.
4619 5. 95.
4620 5. 95.
4621 5. 95.
4622 5. 95.
4623 5. 95.
4624 5. 95.
4625 5. 95.
4626 5. 95.
4627 5. 95.
4628 5. 95.
4629 5. 95.
4630 5. 95.
4631 5. 95.
4632 5. 95.
4633 5. 95.
4634 5. 95.
4635 5. 95.
4636 5. 95.
4637 5. 95.
4638 5. 95.
4639 5. 95.
4640 5. 95.
4641 5. 95.
4642 5. 95.
4643 5. 95.
4644 5. 95.
4645 5. 95.
4646 5. 95.
4647 5. 95.
4648 5. 95.
4649 5. 95.
4650 5. 95.
4651 5. 95.
4652 5. 95.
4653 5. 95.
4654 5. 95.
4655 5. 95.
4656 5. 95.
4657 5. 95.
4658 5. 95.
4659 5. 95.
4660 5. 95.
4661 5. 95.
4662 5. 95.
4663 5. 95.
4664 5. 95.
4665 6. 94.
4666 6. 94.
4667 6. 94.
4668 6. 94.
4669 6. 94.
4670 6. 94.
4671 6. 94.
4672 6. 94.
4673 6. 94.
4674 6. 94.
4675 6. 94.
4676 6. 94.
4677 6. 94.
4678 6. 94.
4679 6. 94.
4680 6. 94.
4681 6. 94.
4682 6. 94.
4683 6. 94.
4684 6. 94.
4685 6. 94.
4686 6. 94.
4687 6. 94.
4688 6. 94.
4689 6. 94.
4690 6. 94.
4691 6. 94.
4692 6. 94.
4693 6. 94.
4694 6. 94.
4695 6. 94.
4696 6. 94.
4697 6. 94.
4698 6. 94.
4699 6. 94.
4700 6. 94.
4701 6. 94.
4702 6. 94.
4703 6. 94.
4704 6. 94.
4705 6. 94.
4706 6. 94.
4707 6. 94.
4708 6. 94.
4709 6. 94.
4710 6. 94.
4711 6. 94.
4712 6. 94.
4713 6. 94.
4714 6. 94.
4715 6. 94.
4716 6. 94.
4717 6. 94.
4718 6. 94.
4719 7. 93.
4720 8. 92.
4721 8. 92.
4722 8. 92.
4723 8. 92.
4724 8. 92.
4725 8. 92.
4726 8. 92.
4727 8. 92.
4728 8. 92.
4729 8. 92.
4730 8. 92.
4731 8. 92.
4732 8. 92.
4733 8. 92.
4734 8. 92.
4735 8. 92.
4736 8. 92.
4737 8. 92.
4738 8. 92.
4739 8. 92.
4740 8. 92.
4741 7. 93.
4742 7. 93.
4743 7. 93.
4744 7. 93.
4745 7. 93.
4746 7. 93.
4747 7. 93.
4748 7. 93.
4749 7. 93.
4750 7. 93.
4751 7. 93.
4752 7. 93.
4753 7. 93.
4754 7. 93.
4755 7. 93.
4756 7. 93.
4757 7. 93.
4758 7. 93.
4759 7. 93.
4760 7. 93.
4761 7. 93.
4762 7. 93.
4763 7. 93.
4764 7. 93.
4765 7. 93.
4766 7. 93.
4767 7. 93.
4768 7. 93.
4769 7. 93.
4770 7. 93.
4771 7. 93.
4772 7. 93.
4773 7. 93.
4774 7. 93.
4775 7. 93.
4776 7. 93.
4777 8. 92.
4778 8. 92.
4779 8. 92.
4780 8. 92.
4781 8. 92.
4782 8. 92.
4783 8. 92.
4784 8. 92.
4785 8. 92.
4786 8. 92.
4787 8. 92.
4788 8. 92.
4789 8. 92.
4790 8. 92.
4791 8. 92.
4792 8. 92.
4793 8. 92.
4794 8. 92.
4795 8. 92.
4796 8. 92.
4797 8. 92.
4798 8. 92.
4799 8. 92.
4800 8. 92.
4801 8. 92.
4802 7. 93.
4803 7. 93.
4804 7. 93.
4805 7. 93.
4806 7. 93.
4807 8. 92.
4808 8. 92.
4809 8. 92.
4810 8. 92.
4811 8. 92.
4812 8. 92.
4813 8. 92.
4814 8. 92.
4815 8. 92.
4816 7. 93.
4817 7. 93.
4818 7. 93.
4819 7. 93.
4820 7. 93.
4821 7. 93.
4822 7. 93.
4823 7. 93.
4824 7. 93.
4825 7. 93.
4826 7. 93.
4827 7. 93.
4828 7. 93.
4829 7. 93.
4830 7. 93.
4831 7. 93.
4832 8. 92.
4833 8. 92.
4834 8. 92.
4835 8. 92.
4836 8. 92.
4837 8. 92.
4838 8. 92.
4839 8. 92.
4840 8. 92.
4841 8. 92.
4842 8. 92.
4843 8. 92.
4844 8. 92.
4845 8. 92.
4846 7. 93.
4847 7. 93.
4848 7. 93.
4849 7. 93.
4850 7. 93.
4851 7. 93.
4852 7. 93.
4853 7. 93.
4854 7. 93.
4855 7. 93.
4856 7. 93.
4857 7. 93.
4858 7. 93.
4859 7. 93.
4860 7. 93.
4861 7. 93.
4862 7. 93.
4863 7. 93.
4864 7. 93.
4865 7. 93.
4866 6. 94.
4867 6. 94.
4868 6. 94.
4869 6. 94.
4870 6. 94.
4871 6. 94.
4872 6. 94.
4873 6. 94.
4874 6. 94.
4875 6. 94.
4876 6. 94.
4877 6. 94.
4878 6. 94.
4879 6. 94.
4880 6. 94.
4881 6. 94.
4882 6. 94.
4883 6. 94.
4884 6. 94.
4885 6. 94.
4886 6. 94.
4887 6. 94.
4888 6. 94.
4889 6. 94.
4890 6. 94.
4891 6. 94.
4892 6. 94.
4893 6. 94.
4894 5. 95.
4895 5. 95.
4896 5. 95.
4897 4. 96.
4898 4. 96.
4899 4. 96.
4900 4. 96.
4901 4. 96.
4902 4. 96.
4903 4. 96.
4904 4. 96.
4905 4. 96.
4906 4. 96.
4907 4. 96.
4908 4. 96.
4909 4. 96.
4910 4. 96.
4911 4. 96.
4912 4. 96.
4913 4. 96.
4914 4. 96.
4915 4. 96.
4916 4. 96.
4917 4. 96.
4918 4. 96.
4919 4. 96.
4920 4. 96.
4921 4. 96.
4922 4. 96.
4923 4. 96.
4924 4. 96.
4925 4. 96.
4926 4. 96.
4927 4. 96.
4928 4. 96.
4929 4. 96.
4930 4. 96.
4931 4. 96.
4932 4. 96.
4933 4. 96.
4934 4. 96.
4935 4. 96.
4936 4. 96.
4937 4. 96.
4938 4. 96.
4939 4. 96.
4940 4. 96.
4941 4. 96.
4942 4. 96.
4943 4. 96.
4944 4. 96.
4945 4. 96.
4946 4. 96.
4947 4. 96.
4948 4. 96.
4949 4. 96.
4950 4. 96.
4951 4. 96.
4952 4. 96.
4953 4. 96.
4954 4. 96.
4955 4. 96.
4956 4. 96.
4957 4. 96.
4958 4. 96.
4959 4. 96.
4960 4. 96.
4961 4. 96.
4962 4. 96.
4963 4. 96.
4964 4. 96.
4965 4. 96.
4966 4. 96.
4967 4. 96.
4968 4. 96.
4969 4. 96.
4970 4. 96.
4971 4. 96.
4972 4. 96.
4973 4. 96.
4974 4. 96.
4975 4. 96.
4976 4. 96.
4977 4. 96.
4978 4. 96.
4979 4. 96.
4980 4. 96.
4981 4. 96.
4982 4. 96.
4983 4. 96.
4984 4. 96.
4985 4. 96.
4986 4. 96.
4987 4. 96.
4988 4. 96.
4989 4. 96.
4990 4. 96.
4991 4. 96.
4992 4. 96.
4993 4. 96.
4994 4. 96.
4995 4. 96.
4996 4. 96.
4997 4. 96.
4998 4. 96.
4999 4. 96.
5000 3. 97.
5001 3. 97.
5002 3. 97.
5003 3. 97.
5004 3. 97.
5005 3. 97.
5006 3. 97.
5007 3. 97.
5008 3. 97.
5009 3. 97.
5010 3. 97.
5011 3. 97.
5012 3. 97.
5013 3. 97.
5014 3. 97.
5015 3. 97.
5016 3. 97.
5017 3. 97.
5018 3. 97.
5019 3. 97.
5020 3. 97.
5021 3. 97.
5022 3. 97.
5023 3. 97.
5024 3. 97.
5025 3. 97.
5026 3. 97.
5027 3. 97.
5028 3. 97.
5029 3. 97.
5030 3. 97.
5031 3. 97.
5032 4. 96.
5033 4. 96.
5034 4. 96.
5035 4. 96.
5036 4. 96.
5037 4. 96.
5038 4. 96.
5039 4. 96.
5040 4. 96.
5041 4. 96.
5042 4. 96.
5043 4. 96.
5044 4. 96.
5045 4. 96.
5046 4. 96.
5047 4. 96.
5048 4. 96.
5049 4. 96.
5050 4. 96.
5051 4. 96.
5052 4. 96.
5053 3. 97.
5054 3. 97.
5055 3. 97.
5056 3. 97.
5057 3. 97.
5058 3. 97.
5059 3. 97.
5060 3. 97.
5061 3. 97.
5062 3. 97.
5063 3. 97.
5064 3. 97.
5065 3. 97.
5066 3. 97.
5067 3. 97.
5068 3. 97.
5069 3. 97.
5070 3. 97.
5071 3. 97.
5072 3. 97.
5073 3. 97.
5074 3. 97.
5075 2. 98.
5076 2. 98.
5077 2. 98.
5078 2. 98.
5079 2. 98.
5080 2. 98.
5081 2. 98.
5082 2. 98.
5083 2. 98.
5084 2. 98.
5085 2. 98.
5086 1. 99.
5087 1. 99.
5088 1. 99.
5089 1. 99.
5090 1. 99.
5091 1. 99.
5092 1. 99.
5093 1. 99.
5094 1. 99.
5095 1. 99.
5096 1. 99.
5097 1. 99.
5098 1. 99.
5099 1. 99.
5100 1. 99.
5101 1. 99.
5102 1. 99.
5103 1. 99.
5104 1. 99.
5105 1. 99.
5106 1. 99.
5107 1. 99.
5108 1. 99.
5109 1. 99.
5110 1. 99.
5111 1. 99.
5112 1. 99.
5113 1. 99.
5114 1. 99.
5115 1. 99.
5116 1. 99.
5117 1. 99.
5118 1. 99.
5119 1. 99.
5120 1. 99.
5121 1. 99.
5122 1. 99.
5123 1. 99.
5124 1. 99.
5125 1. 99.
5126 1. 99.
5127 1. 99.
5128 1. 99.
5129 1. 99.
5130 1. 99.
5131 1. 99.
5132 1. 99.
5133 1. 99.
5134 1. 99.
5135 1. 99.
5136 1. 99.
5137 1. 99.
5138 1. 99.
5139 1. 99.
5140 1. 99.
5141 1. 99.
5142 1. 99.
5143 1. 99.
5144 1. 99.
5145 1. 99.
5146 1. 99.
5147 1. 99.
5148 1. 99.
5149 1. 99.
5150 1. 99.
5151 1. 99.
5152 1. 99.
5153 1. 99.
5154 1. 99.
5155 1. 99.
5156 1. 99.
5157 1. 99.
5158 1. 99.
5159 1. 99.
5160 1. 99.
5161 1. 99.
5162 1. 99.
5163 1. 99.
5164 1. 99.
5165 1. 99.
5166 1. 99.
5167 1. 99.
5168 1. 99.
5169 1. 99.
5170 1. 99.
5171 1. 99.
5172 1. 99.
5173 1. 99.
5174 1. 99.
5175 1. 99.
5176 1. 99.
5177 1. 99.
5178 1. 99.
5179 1. 99.
5180 1. 99.
5181 1. 99.
5182 1. 99.
5183 1. 99.
5184 1. 99.
5185 1. 99.
5186 1. 99.
5187 1. 99.
5188 1. 99.
5189 1. 99.
5190 1. 99.
5191 1. 99.
5192 1. 99.
5193 1. 99.
5194 1. 99.
5195 1. 99.
5196 1. 99.
5197 1. 99.
5198 1. 99.
5199 1. 99.
5200 1. 99.
5201 1. 99.
5202 1. 99.
5203 1. 99.
5204 1. 99.
5205 1. 99.
5206 1. 99.
5207 1. 99.
5208 1. 99.
5209 1. 99.
5210 1. 99.
5211 1. 99.
5212 1. 99.
5213 1. 99.
5214 1. 99.
5215 1. 99.
5216 1. 99.
5217 1. 99.
5218 1. 99.
5219 1. 99.
5220 1. 99.
5221 1. 99.
5222 1. 99.
5223 1. 99.
5224 1. 99.
5225 1. 99.
5226 1. 99.
5227 1. 99.
5228 1. 99.
5229 1. 99.
5230 1. 99.
5231 1. 99.
5232 1. 99.
5233 1. 99.
5234 1. 99.
5235 1. 99.
5236 1. 99.
5237 1. 99.
5238 1. 99.
5239 1. 99.
5240 1. 99.
5241 1. 99.
5242 1. 99.
5243 1. 99.
5244 1. 99.
5245 1. 99.
5246 1. 99.
5247 1. 99.
5248 1. 99.
5249 1. 99.
5250 1. 99.
5251 1. 99.
5252 1. 99.
5253 1. 99.
5254 1. 99.
5255 1. 99.
5256 1. 99.
5257 1. 99.
5258 1. 99.
5259 1. 99.
5260 1. 99.
5261 1. 99.
5262 1. 99.
5263 1. 99.
5264 1. 99.
5265 1. 99.
5266 1. 99.
5267 1. 99.
5268 1. 99.
5269 1. 99.
5270 1. 99.
5271 1. 99.
5272 1. 99.
5273 1. 99.
5274 1. 99.
5275 1. 99.
5276 1. 99.
5277 1. 99.
5278 1. 99.
5279 1. 99.
5280 1. 99.
5281 1. 99.
5282 1. 99.
5283 1. 99.
5284 1. 99.
5285 1. 99.
5286 1. 99.
5287 1. 99.
5288 1. 99.
5289 1. 99.
5290 1. 99.
5291 1. 99.
5292 1. 99.
5293 1. 99.
5294 1. 99.
5295 1. 99.
5296 1. 99.
5297 1. 99.
5298 1. 99.
5299 1. 99.
5300 1. 99.
5301 2. 98.
5302 2. 98.
5303 2. 98.
5304 2. 98.
5305 2. 98.
5306 2. 98.
5307 2. 98.
5308 2. 98.
5309 2. 98.
5310 2. 98.
5311 2. 98.
5312 2. 98.
5313 2. 98.
5314 2. 98.
5315 3. 97.
5316 3. 97.
5317 3. 97.
5318 3. 97.
5319 3. 97.
5320 3. 97.
5321 3. 97.
5322 3. 97.
5323 3. 97.
5324 3. 97.
5325 3. 97.
5326 3. 97.
5327 3. 97.
5328 3. 97.
5329 3. 97.
5330 3. 97.
5331 3. 97.
5332 3. 97.
5333 3. 97.
5334 3. 97.
5335 3. 97.
5336 3. 97.
5337 3. 97.
5338 3. 97.
5339 3. 97.
5340 3. 97.
5341 3. 97.
5342 3. 97.
5343 3. 97.
5344 3. 97.
5345 3. 97.
5346 3. 97.
5347 3. 97.
5348 3. 97.
5349 3. 97.
5350 3. 97.
5351 3. 97.
5352 3. 97.
5353 3. 97.
5354 3. 97.
5355 3. 97.
5356 3. 97.
5357 3. 97.
5358 3. 97.
5359 3. 97.
5360 3. 97.
5361 3. 97.
5362 3. 97.
5363 3. 97.
5364 3. 97.
5365 3. 97.
5366 3. 97.
5367 3. 97.
5368 3. 97.
5369 3. 97.
5370 3. 97.
5371 3. 97.
5372 3. 97.
5373 3. 97.
5374 3. 97.
5375 3. 97.
5376 3. 97.
5377 3. 97.
5378 3. 97.
5379 3. 97.
5380 3. 97.
5381 3. 97.
5382 3. 97.
5383 3. 97.
5384 3. 97.
5385 3. 97.
5386 3. 97.
5387 3. 97.
5388 3. 97.
5389 3. 97.
5390 3. 97.
5391 3. 97.
5392 3. 97.
5393 3. 97.
5394 3. 97.
5395 3. 97.
5396 3. 97.
5397 3. 97.
5398 3. 97.
5399 3. 97.
5400 3. 97.
5401 3. 97.
5402 3. 97.
5403 3. 97.
5404 3. 97.
5405 3. 97.
5406 3. 97.
5407 3. 97.
5408 3. 97.
5409 3. 97.
5410 3. 97.
5411 3. 97.
5412 3. 97.
5413 3. 97.
5414 3. 97.
5415 3. 97.
5416 3. 97.
5417 3. 97.
5418 3. 97.
5419 3. 97.
5420 3. 97.
5421 3. 97.
5422 3. 97.
5423 3. 97.
5424 3. 97.
5425 3. 97.
5426 3. 97.
5427 3. 97.
5428 3. 97.
5429 3. 97.
5430 3. 97.
5431 3. 97.
5432 3. 97.
5433 2. 98.
5434 2. 98.
5435 2. 98.
5436 2. 98.
5437 2. 98.
5438 2. 98.
5439 2. 98.
5440 2. 98.
5441 2. 98.
5442 2. 98.
5443 2. 98.
5444 2. 98.
5445 2. 98.
5446 2. 98.
5447 2. 98.
5448 2. 98.
5449 2. 98.
5450 2. 98.
5451 2. 98.
5452 2. 98.
5453 2. 98.
5454 2. 98.
5455 2. 98.
5456 2. 98.
5457 2. 98.
5458 2. 98.
5459 2. 98.
5460 2. 98.
5461 1. 99.
5462 1. 99.
5463 1. 99.
5464 1. 99.
5465 1. 99.
5466 1. 99.
5467 1. 99.
5468 1. 99.
5469 1. 99.
5470 1. 99.
5471 1. 99.
5472 1. 99.
5473 1. 99.
5474 1. 99.
5475 1. 99.
5476 1. 99.
5477 1. 99.
5478 1. 99.
5479 1. 99.
5480 1. 99.
5481 1. 99.
5482 1. 99.
5483 1. 99.
5484 1. 99.
5485 1. 99.
5486 1. 99.
5487 1. 99.
5488 1. 99.
5489 1. 99.
5490 1. 99.
5491 1. 99.
5492 1. 99.
5493 1. 99.
5494 1. 99.
5495 1. 99.
5496 1. 99.
5497 1. 99.
5498 1. 99.
5499 1. 99.
5500 1. 99.
5501 1. 99.
5502 1. 99.
5503 1. 99.
5504 1. 99.
5505 1. 99.
5506 1. 99.
5507 1. 99.
5508 1. 99.
5509 1. 99.
5510 1. 99.
5511 1. 99.
5512 1. 99.
5513 1. 99.
5514 1. 99.
5515 1. 99.
5516 1. 99.
5517 1. 99.
5518 1. 99.
5519 1. 99.
5520 1. 99.
5521 1. 99.
5522 1. 99.
5523 1. 99.
5524 1. 99.
5525 1. 99.
5526 1. 99.
