0 16. 84.
1 16. 84.
2 16. 84.
3 16. 84.
4 16. 84.
5 16. 84.
6 17. 83.
7 17. 83.
8 17. 83.
9 17. 83.
10 17. 83.
11 17. 83.
12 17. 83.
13 17. 83.
14 17. 83.
15 17. 83.
16 17. 83.
17 17. 83.
18 17. 83.
19 17. 83.
20 17. 83.
21 16. 84.
22 17. 83.
23 16. 84.
24 16. 84.
25 17. 83.
26 17. 83.
27 17. 83.
28 17. 83.
29 17. 83.
30 17. 83.
31 18. 82.
32 18. 82.
33 19. 81.
34 18. 82.
35 18. 82.
36 18. 82.
37 18. 82.
38 18. 82.
39 18. 82.
40 18. 82.
41 18. 82.
42 17. 83.
43 17. 83.
44 18. 82.
45 18. 82.
46 18. 82.
47 18. 82.
48 19. 81.
49 19. 81.
50 19. 81.
51 18. 82.
52 17. 83.
53 17. 83.
54 17. 83.
55 17. 83.
56 17. 83.
57 17. 83.
58 17. 83.
59 17. 83.
60 17. 83.
61 17. 83.
62 17. 83.
63 17. 83.
64 17. 83.
65 18. 82.
66 18. 82.
67 18. 82.
68 17. 83.
69 17. 83.
70 17. 83.
71 17. 83.
72 17. 83.
73 17. 83.
74 17. 83.
75 17. 83.
76 17. 83.
77 16. 84.
78 16. 84.
79 16. 84.
80 15. 85.
81 16. 84.
82 16. 84.
83 16. 84.
84 16. 84.
85 16. 84.
86 16. 84.
87 16. 84.
88 16. 84.
89 16. 84.
90 16. 84.
91 15. 85.
92 15. 85.
93 15. 85.
94 14. 86.
95 13. 87.
96 13. 87.
97 13. 87.
98 13. 87.
99 13. 87.
100 13. 87.
101 14. 86.
102 14. 86.
103 14. 86.
104 14. 86.
105 14. 86.
106 14. 86.
107 14. 86.
108 15. 85.
109 15. 85.
110 15. 85.
111 15. 85.
112 16. 84.
113 16. 84.
114 16. 84.
115 16. 84.
116 17. 83.
117 17. 83.
118 17. 83.
119 17. 83.
120 17. 83.
121 17. 83.
122 17. 83.
123 17. 83.
124 16. 84.
125 16. 84.
126 16. 84.
127 16. 84.
128 16. 84.
129 16. 84.
130 16. 84.
131 17. 83.
132 17. 83.
133 17. 83.
134 17. 83.
135 17. 83.
136 17. 83.
137 17. 83.
138 17. 83.
139 18. 82.
140 18. 82.
141 18. 82.
142 18. 82.
143 18. 82.
144 18. 82.
145 17. 83.
146 17. 83.
147 17. 83.
148 17. 83.
149 17. 83.
150 16. 84.
151 16. 84.
152 16. 84.
153 16. 84.
154 16. 84.
155 16. 84.
156 16. 84.
157 15. 85.
158 15. 85.
159 15. 85.
160 15. 85.
161 15. 85.
162 15. 85.
163 15. 85.
164 15. 85.
165 15. 85.
166 14. 86.
167 14. 86.
168 14. 86.
169 14. 86.
170 15. 85.
171 15. 85.
172 15. 85.
173 15. 85.
174 15. 85.
175 15. 85.
176 15. 85.
177 15. 85.
178 15. 85.
179 15. 85.
180 15. 85.
181 16. 84.
182 16. 84.
183 16. 84.
184 16. 84.
185 15. 85.
186 15. 85.
187 15. 85.
188 15. 85.
189 15. 85.
190 15. 85.
191 15. 85.
192 15. 85.
193 15. 85.
194 16. 84.
195 16. 84.
196 16. 84.
197 16. 84.
198 16. 84.
199 16. 84.
200 16. 84.
201 16. 84.
202 16. 84.
203 16. 84.
204 16. 84.
205 16. 84.
206 16. 84.
207 16. 84.
208 17. 83.
209 18. 82.
210 18. 82.
211 19. 81.
212 20. 80.
213 20. 80.
214 20. 80.
215 20. 80.
216 20. 80.
217 20. 80.
218 20. 80.
219 20. 80.
220 20. 80.
221 20. 80.
222 20. 80.
223 20. 80.
224 20. 80.
225 19. 81.
226 19. 81.
227 19. 81.
228 20. 80.
229 20. 80.
230 20. 80.
231 21. 79.
232 21. 79.
233 21. 79.
234 21. 79.
235 21. 79.
236 21. 79.
237 21. 79.
238 21. 79.
239 21. 79.
240 21. 79.
241 21. 79.
242 21. 79.
243 20. 80.
244 20. 80.
245 21. 79.
246 21. 79.
247 21. 79.
248 21. 79.
249 21. 79.
250 21. 79.
251 22. 78.
252 22. 78.
253 22. 78.
254 22. 78.
255 21. 79.
256 21. 79.
257 21. 79.
258 21. 79.
259 21. 79.
260 21. 79.
261 21. 79.
262 21. 79.
263 21. 79.
264 21. 79.
265 21. 79.
266 21. 79.
267 21. 79.
268 21. 79.
269 21. 79.
270 20. 80.
271 20. 80.
272 20. 80.
273 20. 80.
274 19. 81.
275 19. 81.
276 19. 81.
277 18. 82.
278 18. 82.
279 18. 82.
280 18. 82.
281 19. 81.
282 20. 80.
283 21. 79.
284 21. 79.
285 21. 79.
286 21. 79.
287 21. 79.
288 21. 79.
289 21. 79.
290 21. 79.
291 21. 79.
292 21. 79.
293 21. 79.
294 21. 79.
295 21. 79.
296 21. 79.
297 22. 78.
298 22. 78.
299 22. 78.
300 21. 79.
301 21. 79.
302 21. 79.
303 21. 79.
304 21. 79.
305 21. 79.
306 21. 79.
307 21. 79.
308 21. 79.
309 21. 79.
310 21. 79.
311 21. 79.
312 21. 79.
313 21. 79.
314 20. 80.
315 20. 80.
316 20. 80.
317 20. 80.
318 20. 80.
319 20. 80.
320 20. 80.
321 20. 80.
322 20. 80.
323 20. 80.
324 20. 80.
325 20. 80.
326 20. 80.
327 20. 80.
328 20. 80.
329 20. 80.
330 20. 80.
331 20. 80.
332 20. 80.
333 20. 80.
334 21. 79.
335 21. 79.
336 21. 79.
337 21. 79.
338 21. 79.
339 21. 79.
340 21. 79.
341 21. 79.
342 20. 80.
343 20. 80.
344 20. 80.
345 20. 80.
346 20. 80.
347 20. 80.
348 20. 80.
349 20. 80.
350 20. 80.
351 21. 79.
352 22. 78.
353 22. 78.
354 23. 77.
355 22. 78.
356 22. 78.
357 21. 79.
358 21. 79.
359 21. 79.
360 21. 79.
361 22. 78.
362 22. 78.
363 22. 78.
364 22. 78.
365 22. 78.
366 22. 78.
367 23. 77.
368 23. 77.
369 23. 77.
370 23. 77.
371 23. 77.
372 23. 77.
373 23. 77.
374 23. 77.
375 23. 77.
376 23. 77.
377 23. 77.
378 23. 77.
379 23. 77.
380 22. 78.
381 21. 79.
382 22. 78.
383 21. 79.
384 21. 79.
385 21. 79.
386 21. 79.
387 21. 79.
388 21. 79.
389 22. 78.
390 22. 78.
391 22. 78.
392 22. 78.
393 22. 78.
394 22. 78.
395 21. 79.
396 21. 79.
397 21. 79.
398 22. 78.
399 22. 78.
400 22. 78.
401 22. 78.
402 22. 78.
403 22. 78.
404 22. 78.
405 22. 78.
406 21. 79.
407 21. 79.
408 21. 79.
409 21. 79.
410 20. 80.
411 20. 80.
412 20. 80.
413 20. 80.
414 20. 80.
415 21. 79.
416 21. 79.
417 21. 79.
418 21. 79.
419 20. 80.
420 20. 80.
421 20. 80.
422 20. 80.
423 20. 80.
424 20. 80.
425 20. 80.
426 20. 80.
427 20. 80.
428 19. 81.
429 20. 80.
430 21. 79.
431 20. 80.
432 20. 80.
433 20. 80.
434 20. 80.
435 20. 80.
436 20. 80.
437 20. 80.
438 21. 79.
439 21. 79.
440 21. 79.
441 21. 79.
442 21. 79.
443 21. 79.
444 21. 79.
445 21. 79.
446 21. 79.
447 21. 79.
448 21. 79.
449 21. 79.
450 21. 79.
451 21. 79.
452 21. 79.
453 21. 79.
454 22. 78.
455 21. 79.
456 21. 79.
457 21. 79.
458 20. 80.
459 20. 80.
460 21. 79.
461 21. 79.
462 20. 80.
463 20. 80.
464 20. 80.
465 21. 79.
466 21. 79.
467 21. 79.
468 21. 79.
469 21. 79.
470 21. 79.
471 21. 79.
472 21. 79.
473 21. 79.
474 22. 78.
475 22. 78.
476 22. 78.
477 22. 78.
478 22. 78.
479 21. 79.
480 21. 79.
481 21. 79.
482 21. 79.
483 20. 80.
484 20. 80.
485 20. 80.
486 20. 80.
487 20. 80.
488 20. 80.
489 20. 80.
490 20. 80.
491 20. 80.
492 20. 80.
493 20. 80.
494 20. 80.
495 20. 80.
496 20. 80.
497 20. 80.
498 20. 80.
499 20. 80.
500 20. 80.
501 20. 80.
502 20. 80.
503 20. 80.
504 20. 80.
505 20. 80.
506 20. 80.
507 19. 81.
508 20. 80.
509 20. 80.
510 20. 80.
511 21. 79.
512 21. 79.
513 21. 79.
514 22. 78.
515 22. 78.
516 22. 78.
517 22. 78.
518 22. 78.
519 22. 78.
520 22. 78.
521 22. 78.
522 22. 78.
523 22. 78.
524 22. 78.
525 22. 78.
526 22. 78.
527 22. 78.
528 22. 78.
529 22. 78.
530 22. 78.
531 23. 77.
532 23. 77.
533 23. 77.
534 23. 77.
535 24. 76.
536 24. 76.
537 24. 76.
538 24. 76.
539 24. 76.
540 24. 76.
541 24. 76.
542 23. 77.
543 23. 77.
544 23. 77.
545 23. 77.
546 23. 77.
547 24. 76.
548 24. 76.
549 24. 76.
550 24. 76.
551 24. 76.
552 24. 76.
553 24. 76.
554 24. 76.
555 23. 77.
556 23. 77.
557 23. 77.
558 23. 77.
559 23. 77.
560 23. 77.
561 23. 77.
562 23. 77.
563 23. 77.
564 23. 77.
565 23. 77.
566 23. 77.
567 23. 77.
568 24. 76.
569 24. 76.
570 24. 76.
571 24. 76.
572 24. 76.
573 24. 76.
574 24. 76.
575 24. 76.
576 24. 76.
577 24. 76.
578 24. 76.
579 24. 76.
580 24. 76.
581 24. 76.
582 24. 76.
583 24. 76.
584 24. 76.
585 24. 76.
586 23. 77.
587 23. 77.
588 23. 77.
589 23. 77.
590 23. 77.
591 23. 77.
592 22. 78.
593 22. 78.
594 22. 78.
595 22. 78.
596 23. 77.
597 23. 77.
598 23. 77.
599 23. 77.
600 23. 77.
601 23. 77.
602 23. 77.
603 23. 77.
604 23. 77.
605 23. 77.
606 23. 77.
607 24. 76.
608 24. 76.
609 24. 76.
610 24. 76.
611 24. 76.
612 24. 76.
613 24. 76.
614 24. 76.
615 24. 76.
616 23. 77.
617 22. 78.
618 22. 78.
619 22. 78.
620 22. 78.
621 22. 78.
622 22. 78.
623 22. 78.
624 22. 78.
625 22. 78.
626 22. 78.
627 22. 78.
628 22. 78.
629 22. 78.
630 22. 78.
631 22. 78.
632 22. 78.
633 22. 78.
634 22. 78.
635 22. 78.
636 22. 78.
637 22. 78.
638 22. 78.
639 22. 78.
640 22. 78.
641 22. 78.
642 22. 78.
643 23. 77.
644 24. 76.
645 25. 75.
646 25. 75.
647 25. 75.
648 25. 75.
649 25. 75.
650 25. 75.
651 26. 74.
652 26. 74.
653 27. 73.
654 27. 73.
655 27. 73.
656 27. 73.
657 27. 73.
658 27. 73.
659 27. 73.
660 27. 73.
661 27. 73.
662 27. 73.
663 27. 73.
664 27. 73.
665 27. 73.
666 27. 73.
667 27. 73.
668 27. 73.
669 27. 73.
670 27. 73.
671 27. 73.
672 26. 74.
673 26. 74.
674 25. 75.
675 25. 75.
676 25. 75.
677 25. 75.
678 25. 75.
679 25. 75.
680 25. 75.
681 25. 75.
682 25. 75.
683 25. 75.
684 25. 75.
685 25. 75.
686 26. 74.
687 26. 74.
688 26. 74.
689 26. 74.
690 26. 74.
691 26. 74.
692 26. 74.
693 26. 74.
694 26. 74.
695 26. 74.
696 26. 74.
697 27. 73.
698 27. 73.
699 27. 73.
700 27. 73.
701 27. 73.
702 27. 73.
703 27. 73.
704 27. 73.
705 26. 74.
706 26. 74.
707 26. 74.
708 26. 74.
709 26. 74.
710 26. 74.
711 26. 74.
712 26. 74.
713 26. 74.
714 26. 74.
715 26. 74.
716 26. 74.
717 26. 74.
718 26. 74.
719 27. 73.
720 27. 73.
721 26. 74.
722 26. 74.
723 26. 74.
724 25. 75.
725 25. 75.
726 25. 75.
727 25. 75.
728 25. 75.
729 25. 75.
730 25. 75.
731 25. 75.
732 25. 75.
733 25. 75.
734 25. 75.
735 26. 74.
736 26. 74.
737 26. 74.
738 26. 74.
739 26. 74.
740 25. 75.
741 25. 75.
742 25. 75.
743 25. 75.
744 24. 76.
745 23. 77.
746 23. 77.
747 23. 77.
748 24. 76.
749 25. 75.
750 25. 75.
751 25. 75.
752 26. 74.
753 26. 74.
754 26. 74.
755 25. 75.
756 25. 75.
757 25. 75.
758 25. 75.
759 26. 74.
760 25. 75.
761 25. 75.
762 25. 75.
763 24. 76.
764 24. 76.
765 24. 76.
766 24. 76.
767 24. 76.
768 24. 76.
769 24. 76.
770 24. 76.
771 24. 76.
772 24. 76.
773 24. 76.
774 24. 76.
775 25. 75.
776 25. 75.
777 25. 75.
778 25. 75.
779 25. 75.
780 25. 75.
781 26. 74.
782 27. 73.
783 27. 73.
784 27. 73.
785 28. 72.
786 28. 72.
787 28. 72.
788 28. 72.
789 28. 72.
790 29. 71.
791 29. 71.
792 30. 70.
793 30. 70.
794 30. 70.
795 30. 70.
796 30. 70.
797 29. 71.
798 29. 71.
799 29. 71.
800 29. 71.
801 30. 70.
802 30. 70.
803 30. 70.
804 31. 69.
805 32. 68.
806 32. 68.
807 32. 68.
808 31. 69.
809 31. 69.
810 30. 70.
811 30. 70.
812 31. 69.
813 31. 69.
814 32. 68.
815 32. 68.
816 32. 68.
817 31. 69.
818 31. 69.
819 31. 69.
820 30. 70.
821 31. 69.
822 31. 69.
823 31. 69.
824 31. 69.
825 30. 70.
826 30. 70.
827 30. 70.
828 30. 70.
829 31. 69.
830 31. 69.
831 31. 69.
832 31. 69.
833 31. 69.
834 30. 70.
835 29. 71.
836 29. 71.
837 29. 71.
838 29. 71.
839 29. 71.
840 29. 71.
841 29. 71.
842 29. 71.
843 28. 72.
844 28. 72.
845 28. 72.
846 29. 71.
847 29. 71.
848 29. 71.
849 30. 70.
850 30. 70.
851 30. 70.
852 30. 70.
853 29. 71.
854 29. 71.
855 29. 71.
856 29. 71.
857 29. 71.
858 29. 71.
859 29. 71.
860 29. 71.
861 29. 71.
862 29. 71.
863 29. 71.
864 29. 71.
865 29. 71.
866 29. 71.
867 28. 72.
868 28. 72.
869 29. 71.
870 29. 71.
871 29. 71.
872 29. 71.
873 29. 71.
874 29. 71.
875 29. 71.
876 29. 71.
877 29. 71.
878 29. 71.
879 29. 71.
880 30. 70.
881 30. 70.
882 30. 70.
883 30. 70.
884 30. 70.
885 30. 70.
886 30. 70.
887 30. 70.
888 30. 70.
889 31. 69.
890 31. 69.
891 31. 69.
892 31. 69.
893 31. 69.
894 31. 69.
895 31. 69.
896 31. 69.
897 31. 69.
898 30. 70.
899 30. 70.
900 30. 70.
901 30. 70.
902 30. 70.
903 30. 70.
904 31. 69.
905 31. 69.
906 30. 70.
907 30. 70.
908 29. 71.
909 29. 71.
910 29. 71.
911 29. 71.
912 30. 70.
913 31. 69.
914 31. 69.
915 31. 69.
916 31. 69.
917 31. 69.
918 32. 68.
919 32. 68.
920 31. 69.
921 31. 69.
922 30. 70.
923 30. 70.
924 30. 70.
925 30. 70.
926 30. 70.
927 30. 70.
928 30. 70.
929 30. 70.
930 30. 70.
931 30. 70.
932 30. 70.
933 30. 70.
934 30. 70.
935 30. 70.
936 30. 70.
937 30. 70.
938 30. 70.
939 30. 70.
940 30. 70.
941 30. 70.
942 30. 70.
943 30. 70.
944 30. 70.
945 29. 71.
946 29. 71.
947 29. 71.
948 29. 71.
949 30. 70.
950 29. 71.
951 28. 72.
952 28. 72.
953 28. 72.
954 28. 72.
955 28. 72.
956 27. 73.
957 27. 73.
958 27. 73.
959 27. 73.
960 27. 73.
961 27. 73.
962 28. 72.
963 28. 72.
964 29. 71.
965 29. 71.
966 29. 71.
967 29. 71.
968 29. 71.
969 30. 70.
970 30. 70.
971 29. 71.
972 28. 72.
973 29. 71.
974 28. 72.
975 27. 73.
976 27. 73.
977 27. 73.
978 28. 72.
979 28. 72.
980 28. 72.
981 28. 72.
982 29. 71.
983 29. 71.
984 29. 71.
985 29. 71.
986 29. 71.
987 29. 71.
988 29. 71.
989 29. 71.
990 29. 71.
991 29. 71.
992 28. 72.
993 28. 72.
994 28. 72.
995 27. 73.
996 27. 73.
997 27. 73.
998 28. 72.
999 28. 72.
1000 29. 71.
1001 29. 71.
1002 29. 71.
1003 29. 71.
1004 29. 71.
1005 29. 71.
1006 29. 71.
1007 29. 71.
1008 29. 71.
1009 29. 71.
1010 29. 71.
1011 29. 71.
1012 29. 71.
1013 30. 70.
1014 29. 71.
1015 28. 72.
1016 28. 72.
1017 28. 72.
1018 28. 72.
1019 28. 72.
1020 28. 72.
1021 28. 72.
1022 28. 72.
1023 27. 73.
1024 28. 72.
1025 28. 72.
1026 28. 72.
1027 27. 73.
1028 27. 73.
1029 27. 73.
1030 27. 73.
1031 28. 72.
1032 28. 72.
1033 29. 71.
1034 29. 71.
1035 29. 71.
1036 29. 71.
1037 29. 71.
1038 29. 71.
1039 29. 71.
1040 29. 71.
1041 29. 71.
1042 29. 71.
1043 29. 71.
1044 29. 71.
1045 29. 71.
1046 29. 71.
1047 29. 71.
1048 29. 71.
1049 29. 71.
1050 29. 71.
1051 30. 70.
1052 30. 70.
1053 30. 70.
1054 30. 70.
1055 30. 70.
1056 30. 70.
1057 30. 70.
1058 31. 69.
1059 31. 69.
1060 31. 69.
1061 31. 69.
1062 31. 69.
1063 31. 69.
1064 31. 69.
1065 31. 69.
1066 31. 69.
1067 31. 69.
1068 31. 69.
1069 31. 69.
1070 31. 69.
1071 32. 68.
1072 32. 68.
1073 31. 69.
1074 31. 69.
1075 31. 69.
1076 31. 69.
1077 31. 69.
1078 31. 69.
1079 31. 69.
1080 31. 69.
1081 31. 69.
1082 31. 69.
1083 31. 69.
1084 31. 69.
1085 31. 69.
1086 31. 69.
1087 31. 69.
1088 31. 69.
1089 31. 69.
1090 31. 69.
1091 31. 69.
1092 30. 70.
1093 30. 70.
1094 30. 70.
1095 30. 70.
1096 29. 71.
1097 29. 71.
1098 29. 71.
1099 29. 71.
1100 29. 71.
1101 28. 72.
1102 28. 72.
1103 28. 72.
1104 28. 72.
1105 28. 72.
1106 28. 72.
1107 28. 72.
1108 28. 72.
1109 28. 72.
1110 28. 72.
1111 28. 72.
1112 28. 72.
1113 28. 72.
1114 28. 72.
1115 27. 73.
1116 28. 72.
1117 28. 72.
1118 28. 72.
1119 29. 71.
1120 29. 71.
1121 29. 71.
1122 29. 71.
1123 28. 72.
1124 28. 72.
1125 28. 72.
1126 28. 72.
1127 28. 72.
1128 28. 72.
1129 28. 72.
1130 28. 72.
1131 28. 72.
1132 28. 72.
1133 28. 72.
1134 28. 72.
1135 28. 72.
1136 28. 72.
1137 28. 72.
1138 28. 72.
1139 28. 72.
1140 28. 72.
1141 28. 72.
1142 28. 72.
1143 28. 72.
1144 28. 72.
1145 28. 72.
1146 28. 72.
1147 28. 72.
1148 28. 72.
1149 28. 72.
1150 28. 72.
1151 29. 71.
1152 29. 71.
1153 29. 71.
1154 28. 72.
1155 28. 72.
1156 28. 72.
1157 28. 72.
1158 28. 72.
1159 28. 72.
1160 28. 72.
1161 28. 72.
1162 27. 73.
1163 27. 73.
1164 27. 73.
1165 27. 73.
1166 27. 73.
1167 27. 73.
1168 28. 72.
1169 29. 71.
1170 29. 71.
1171 29. 71.
1172 29. 71.
1173 29. 71.
1174 29. 71.
1175 28. 72.
1176 28. 72.
1177 28. 72.
1178 28. 72.
1179 28. 72.
1180 28. 72.
1181 28. 72.
1182 28. 72.
1183 28. 72.
1184 27. 73.
1185 27. 73.
1186 27. 73.
1187 27. 73.
1188 28. 72.
1189 28. 72.
1190 28. 72.
1191 28. 72.
1192 27. 73.
1193 26. 74.
1194 25. 75.
1195 25. 75.
1196 25. 75.
1197 25. 75.
1198 25. 75.
1199 25. 75.
1200 25. 75.
1201 25. 75.
1202 25. 75.
1203 25. 75.
1204 25. 75.
1205 25. 75.
1206 25. 75.
1207 26. 74.
1208 26. 74.
1209 26. 74.
1210 26. 74.
1211 25. 75.
1212 24. 76.
1213 23. 77.
1214 23. 77.
1215 23. 77.
1216 23. 77.
1217 22. 78.
1218 21. 79.
1219 21. 79.
1220 21. 79.
1221 21. 79.
1222 21. 79.
1223 21. 79.
1224 21. 79.
1225 21. 79.
1226 21. 79.
1227 21. 79.
1228 21. 79.
1229 21. 79.
1230 21. 79.
1231 21. 79.
1232 21. 79.
1233 21. 79.
1234 21. 79.
1235 21. 79.
1236 21. 79.
1237 22. 78.
1238 22. 78.
1239 22. 78.
1240 22. 78.
1241 22. 78.
1242 22. 78.
1243 21. 79.
1244 21. 79.
1245 21. 79.
1246 21. 79.
1247 21. 79.
1248 21. 79.
1249 21. 79.
1250 21. 79.
1251 21. 79.
1252 21. 79.
1253 21. 79.
1254 21. 79.
1255 21. 79.
1256 21. 79.
1257 21. 79.
1258 21. 79.
1259 20. 80.
1260 20. 80.
1261 21. 79.
1262 22. 78.
1263 22. 78.
1264 22. 78.
1265 21. 79.
1266 21. 79.
1267 20. 80.
1268 20. 80.
1269 20. 80.
1270 20. 80.
1271 20. 80.
1272 21. 79.
1273 21. 79.
1274 21. 79.
1275 21. 79.
1276 20. 80.
1277 20. 80.
1278 20. 80.
1279 20. 80.
1280 20. 80.
1281 20. 80.
1282 20. 80.
1283 20. 80.
1284 20. 80.
1285 20. 80.
1286 20. 80.
1287 20. 80.
1288 20. 80.
1289 21. 79.
1290 21. 79.
1291 21. 79.
1292 21. 79.
1293 21. 79.
1294 21. 79.
1295 21. 79.
1296 21. 79.
1297 21. 79.
1298 20. 80.
1299 20. 80.
1300 20. 80.
1301 20. 80.
1302 20. 80.
1303 20. 80.
1304 20. 80.
1305 20. 80.
1306 20. 80.
1307 20. 80.
1308 20. 80.
1309 20. 80.
1310 19. 81.
1311 19. 81.
1312 20. 80.
1313 20. 80.
1314 20. 80.
1315 21. 79.
1316 20. 80.
1317 20. 80.
1318 20. 80.
1319 19. 81.
1320 19. 81.
1321 19. 81.
1322 19. 81.
1323 18. 82.
1324 18. 82.
1325 18. 82.
1326 18. 82.
1327 18. 82.
1328 18. 82.
1329 19. 81.
1330 19. 81.
1331 19. 81.
1332 19. 81.
1333 19. 81.
1334 19. 81.
1335 19. 81.
1336 19. 81.
1337 19. 81.
1338 19. 81.
1339 19. 81.
1340 19. 81.
1341 19. 81.
1342 19. 81.
1343 19. 81.
1344 18. 82.
1345 18. 82.
1346 18. 82.
1347 18. 82.
1348 18. 82.
1349 18. 82.
1350 18. 82.
1351 19. 81.
1352 19. 81.
1353 19. 81.
1354 20. 80.
1355 20. 80.
1356 20. 80.
1357 20. 80.
1358 20. 80.
1359 20. 80.
1360 20. 80.
1361 20. 80.
1362 20. 80.
1363 20. 80.
1364 20. 80.
1365 20. 80.
1366 20. 80.
1367 20. 80.
1368 20. 80.
1369 20. 80.
1370 20. 80.
1371 20. 80.
1372 19. 81.
1373 19. 81.
1374 19. 81.
1375 19. 81.
1376 19. 81.
1377 18. 82.
1378 18. 82.
1379 18. 82.
1380 18. 82.
1381 18. 82.
1382 18. 82.
1383 18. 82.
1384 18. 82.
1385 18. 82.
1386 18. 82.
1387 18. 82.
1388 18. 82.
1389 18. 82.
1390 18. 82.
1391 18. 82.
1392 18. 82.
1393 17. 83.
1394 18. 82.
1395 18. 82.
1396 18. 82.
1397 18. 82.
1398 18. 82.
1399 18. 82.
1400 19. 81.
1401 19. 81.
1402 19. 81.
1403 19. 81.
1404 19. 81.
1405 20. 80.
1406 20. 80.
1407 20. 80.
1408 20. 80.
1409 20. 80.
1410 19. 81.
1411 19. 81.
1412 19. 81.
1413 19. 81.
1414 19. 81.
1415 19. 81.
1416 19. 81.
1417 19. 81.
1418 19. 81.
1419 19. 81.
1420 19. 81.
1421 19. 81.
1422 19. 81.
1423 19. 81.
1424 19. 81.
1425 19. 81.
1426 19. 81.
1427 20. 80.
1428 20. 80.
1429 19. 81.
1430 19. 81.
1431 19. 81.
1432 19. 81.
1433 19. 81.
1434 19. 81.
1435 19. 81.
1436 19. 81.
1437 19. 81.
1438 19. 81.
1439 18. 82.
1440 17. 83.
1441 17. 83.
1442 17. 83.
1443 17. 83.
1444 17. 83.
1445 17. 83.
1446 17. 83.
1447 17. 83.
1448 17. 83.
1449 17. 83.
1450 17. 83.
1451 17. 83.
1452 17. 83.
1453 17. 83.
1454 17. 83.
1455 17. 83.
1456 17. 83.
1457 17. 83.
1458 17. 83.
1459 17. 83.
1460 17. 83.
1461 17. 83.
1462 17. 83.
1463 17. 83.
1464 17. 83.
1465 17. 83.
1466 17. 83.
1467 17. 83.
1468 17. 83.
1469 17. 83.
1470 17. 83.
1471 17. 83.
1472 17. 83.
1473 17. 83.
1474 17. 83.
1475 17. 83.
1476 17. 83.
1477 17. 83.
1478 17. 83.
1479 17. 83.
1480 16. 84.
1481 16. 84.
1482 16. 84.
1483 16. 84.
1484 16. 84.
1485 16. 84.
1486 16. 84.
1487 16. 84.
1488 16. 84.
1489 16. 84.
1490 16. 84.
1491 17. 83.
1492 17. 83.
1493 17. 83.
1494 17. 83.
1495 17. 83.
1496 18. 82.
1497 18. 82.
1498 18. 82.
1499 18. 82.
1500 18. 82.
1501 18. 82.
1502 18. 82.
1503 19. 81.
1504 19. 81.
1505 19. 81.
1506 19. 81.
1507 19. 81.
1508 19. 81.
1509 19. 81.
1510 19. 81.
1511 19. 81.
1512 19. 81.
1513 19. 81.
1514 19. 81.
1515 19. 81.
1516 19. 81.
1517 19. 81.
1518 19. 81.
1519 19. 81.
1520 19. 81.
1521 18. 82.
1522 18. 82.
1523 18. 82.
1524 19. 81.
1525 19. 81.
1526 19. 81.
1527 19. 81.
1528 19. 81.
1529 19. 81.
1530 19. 81.
1531 19. 81.
1532 19. 81.
1533 19. 81.
1534 19. 81.
1535 19. 81.
1536 19. 81.
1537 19. 81.
1538 19. 81.
1539 19. 81.
1540 19. 81.
1541 19. 81.
1542 19. 81.
1543 19. 81.
1544 19. 81.
1545 19. 81.
1546 20. 80.
1547 20. 80.
1548 20. 80.
1549 20. 80.
1550 20. 80.
1551 20. 80.
1552 20. 80.
1553 20. 80.
1554 20. 80.
1555 20. 80.
1556 20. 80.
1557 20. 80.
1558 20. 80.
1559 20. 80.
1560 20. 80.
1561 20. 80.
1562 20. 80.
1563 20. 80.
1564 20. 80.
1565 20. 80.
1566 20. 80.
1567 20. 80.
1568 20. 80.
1569 20. 80.
1570 20. 80.
1571 20. 80.
1572 20. 80.
1573 20. 80.
1574 21. 79.
1575 21. 79.
1576 21. 79.
1577 21. 79.
1578 21. 79.
1579 21. 79.
1580 21. 79.
1581 21. 79.
1582 21. 79.
1583 21. 79.
1584 21. 79.
1585 21. 79.
1586 21. 79.
1587 21. 79.
1588 22. 78.
1589 21. 79.
1590 21. 79.
1591 21. 79.
1592 21. 79.
1593 21. 79.
1594 21. 79.
1595 21. 79.
1596 21. 79.
1597 21. 79.
1598 21. 79.
1599 21. 79.
1600 21. 79.
1601 21. 79.
1602 21. 79.
1603 21. 79.
1604 21. 79.
1605 21. 79.
1606 21. 79.
1607 21. 79.
1608 21. 79.
1609 21. 79.
1610 20. 80.
1611 20. 80.
1612 20. 80.
1613 20. 80.
1614 20. 80.
1615 19. 81.
1616 19. 81.
1617 19. 81.
1618 19. 81.
1619 19. 81.
1620 19. 81.
1621 20. 80.
1622 20. 80.
1623 20. 80.
1624 20. 80.
1625 20. 80.
1626 20. 80.
1627 20. 80.
1628 20. 80.
1629 20. 80.
1630 20. 80.
1631 20. 80.
1632 21. 79.
1633 21. 79.
1634 21. 79.
1635 21. 79.
1636 21. 79.
1637 20. 80.
1638 19. 81.
1639 19. 81.
1640 19. 81.
1641 19. 81.
1642 19. 81.
1643 19. 81.
1644 19. 81.
1645 19. 81.
1646 19. 81.
1647 19. 81.
1648 19. 81.
1649 19. 81.
1650 18. 82.
1651 18. 82.
1652 18. 82.
1653 18. 82.
1654 17. 83.
1655 17. 83.
1656 17. 83.
1657 17. 83.
1658 17. 83.
1659 17. 83.
1660 17. 83.
1661 17. 83.
1662 17. 83.
1663 17. 83.
1664 17. 83.
1665 17. 83.
1666 18. 82.
1667 18. 82.
1668 17. 83.
1669 17. 83.
1670 18. 82.
1671 18. 82.
1672 18. 82.
1673 18. 82.
1674 18. 82.
1675 18. 82.
1676 18. 82.
1677 18. 82.
1678 18. 82.
1679 18. 82.
1680 18. 82.
1681 18. 82.
1682 18. 82.
1683 18. 82.
1684 17. 83.
1685 17. 83.
1686 17. 83.
1687 17. 83.
1688 17. 83.
1689 17. 83.
1690 17. 83.
1691 17. 83.
1692 17. 83.
1693 17. 83.
1694 17. 83.
1695 17. 83.
1696 17. 83.
1697 17. 83.
1698 16. 84.
1699 16. 84.
1700 16. 84.
1701 16. 84.
1702 16. 84.
1703 16. 84.
1704 16. 84.
1705 16. 84.
1706 15. 85.
1707 15. 85.
1708 15. 85.
1709 15. 85.
1710 15. 85.
1711 15. 85.
1712 15. 85.
1713 15. 85.
1714 15. 85.
1715 15. 85.
1716 15. 85.
1717 15. 85.
1718 16. 84.
1719 16. 84.
1720 16. 84.
1721 16. 84.
1722 16. 84.
1723 16. 84.
1724 16. 84.
1725 16. 84.
1726 16. 84.
1727 16. 84.
1728 16. 84.
1729 16. 84.
1730 16. 84.
1731 16. 84.
1732 16. 84.
1733 16. 84.
1734 16. 84.
1735 16. 84.
1736 16. 84.
1737 16. 84.
1738 17. 83.
1739 17. 83.
1740 17. 83.
1741 17. 83.
1742 17. 83.
1743 17. 83.
1744 17. 83.
1745 17. 83.
1746 17. 83.
1747 17. 83.
1748 17. 83.
1749 17. 83.
1750 17. 83.
1751 17. 83.
1752 17. 83.
1753 17. 83.
1754 17. 83.
1755 17. 83.
1756 18. 82.
1757 18. 82.
1758 18. 82.
1759 18. 82.
1760 18. 82.
1761 18. 82.
1762 18. 82.
1763 19. 81.
1764 19. 81.
1765 19. 81.
1766 19. 81.
1767 19. 81.
1768 20. 80.
1769 20. 80.
1770 21. 79.
1771 20. 80.
1772 20. 80.
1773 20. 80.
1774 20. 80.
1775 19. 81.
1776 19. 81.
1777 19. 81.
1778 19. 81.
1779 19. 81.
1780 20. 80.
1781 20. 80.
1782 20. 80.
1783 20. 80.
1784 20. 80.
1785 20. 80.
1786 20. 80.
1787 20. 80.
1788 20. 80.
1789 20. 80.
1790 20. 80.
1791 20. 80.
1792 20. 80.
1793 20. 80.
1794 20. 80.
1795 20. 80.
1796 20. 80.
1797 20. 80.
1798 20. 80.
1799 20. 80.
1800 20. 80.
1801 20. 80.
1802 20. 80.
1803 20. 80.
1804 20. 80.
1805 20. 80.
1806 20. 80.
1807 20. 80.
1808 20. 80.
1809 20. 80.
1810 19. 81.
1811 20. 80.
1812 19. 81.
1813 19. 81.
1814 19. 81.
1815 19. 81.
1816 19. 81.
1817 19. 81.
1818 19. 81.
1819 19. 81.
1820 19. 81.
1821 20. 80.
1822 20. 80.
1823 20. 80.
1824 20. 80.
1825 20. 80.
1826 21. 79.
1827 21. 79.
1828 21. 79.
1829 21. 79.
1830 21. 79.
1831 21. 79.
1832 21. 79.
1833 21. 79.
1834 21. 79.
1835 22. 78.
1836 22. 78.
1837 22. 78.
1838 22. 78.
1839 22. 78.
1840 22. 78.
1841 22. 78.
1842 22. 78.
1843 22. 78.
1844 22. 78.
1845 22. 78.
1846 22. 78.
1847 22. 78.
1848 22. 78.
1849 22. 78.
1850 22. 78.
1851 22. 78.
1852 22. 78.
1853 22. 78.
1854 22. 78.
1855 22. 78.
1856 23. 77.
1857 23. 77.
1858 23. 77.
1859 23. 77.
1860 23. 77.
1861 23. 77.
1862 23. 77.
1863 23. 77.
1864 23. 77.
1865 23. 77.
1866 23. 77.
1867 23. 77.
1868 23. 77.
1869 23. 77.
1870 22. 78.
1871 22. 78.
1872 22. 78.
1873 23. 77.
1874 23. 77.
1875 23. 77.
1876 23. 77.
1877 23. 77.
1878 23. 77.
1879 23. 77.
1880 23. 77.
1881 24. 76.
1882 24. 76.
1883 24. 76.
1884 24. 76.
1885 24. 76.
1886 24. 76.
1887 25. 75.
1888 25. 75.
1889 25. 75.
1890 25. 75.
1891 25. 75.
1892 25. 75.
1893 25. 75.
1894 24. 76.
1895 23. 77.
1896 22. 78.
1897 22. 78.
1898 23. 77.
1899 23. 77.
1900 23. 77.
1901 23. 77.
1902 23. 77.
1903 23. 77.
1904 23. 77.
1905 22. 78.
1906 22. 78.
1907 22. 78.
1908 22. 78.
1909 22. 78.
1910 22. 78.
1911 22. 78.
1912 23. 77.
1913 23. 77.
1914 23. 77.
1915 23. 77.
1916 23. 77.
1917 24. 76.
1918 24. 76.
1919 24. 76.
1920 24. 76.
1921 24. 76.
1922 24. 76.
1923 24. 76.
1924 24. 76.
1925 24. 76.
1926 23. 77.
1927 23. 77.
1928 23. 77.
1929 23. 77.
1930 23. 77.
1931 23. 77.
1932 24. 76.
1933 24. 76.
1934 24. 76.
1935 24. 76.
1936 24. 76.
1937 24. 76.
1938 23. 77.
1939 24. 76.
1940 24. 76.
1941 24. 76.
1942 24. 76.
1943 24. 76.
1944 24. 76.
1945 24. 76.
1946 24. 76.
1947 24. 76.
1948 25. 75.
1949 26. 74.
1950 26. 74.
1951 26. 74.
1952 26. 74.
1953 26. 74.
1954 26. 74.
1955 25. 75.
1956 25. 75.
1957 25. 75.
1958 25. 75.
1959 25. 75.
1960 25. 75.
1961 25. 75.
1962 25. 75.
1963 25. 75.
1964 25. 75.
1965 25. 75.
1966 24. 76.
1967 24. 76.
1968 23. 77.
1969 23. 77.
1970 23. 77.
1971 23. 77.
1972 24. 76.
1973 24. 76.
1974 23. 77.
1975 22. 78.
1976 22. 78.
1977 23. 77.
1978 23. 77.
1979 23. 77.
1980 23. 77.
1981 23. 77.
1982 23. 77.
1983 23. 77.
1984 23. 77.
1985 23. 77.
1986 23. 77.
1987 23. 77.
1988 22. 78.
1989 22. 78.
1990 22. 78.
1991 21. 79.
1992 21. 79.
1993 21. 79.
1994 21. 79.
1995 21. 79.
1996 22. 78.
1997 22. 78.
1998 22. 78.
1999 22. 78.
2000 22. 78.
2001 21. 79.
2002 21. 79.
2003 21. 79.
2004 21. 79.
2005 21. 79.
2006 21. 79.
2007 21. 79.
2008 20. 80.
2009 20. 80.
2010 20. 80.
2011 20. 80.
2012 20. 80.
2013 20. 80.
2014 20. 80.
2015 20. 80.
2016 20. 80.
2017 20. 80.
2018 20. 80.
2019 19. 81.
2020 18. 82.
2021 18. 82.
2022 19. 81.
2023 19. 81.
2024 19. 81.
2025 19. 81.
2026 19. 81.
2027 18. 82.
2028 18. 82.
2029 19. 81.
2030 19. 81.
2031 19. 81.
2032 19. 81.
2033 19. 81.
2034 19. 81.
2035 19. 81.
2036 18. 82.
2037 18. 82.
2038 18. 82.
2039 18. 82.
2040 18. 82.
2041 18. 82.
2042 19. 81.
2043 19. 81.
2044 19. 81.
2045 18. 82.
2046 18. 82.
2047 18. 82.
2048 18. 82.
2049 18. 82.
2050 18. 82.
2051 18. 82.
2052 18. 82.
2053 18. 82.
2054 18. 82.
2055 18. 82.
2056 18. 82.
2057 17. 83.
2058 17. 83.
2059 17. 83.
2060 17. 83.
2061 17. 83.
2062 17. 83.
2063 17. 83.
2064 16. 84.
2065 16. 84.
2066 17. 83.
2067 17. 83.
2068 17. 83.
2069 17. 83.
2070 17. 83.
2071 17. 83.
2072 17. 83.
2073 17. 83.
2074 17. 83.
2075 17. 83.
2076 18. 82.
2077 18. 82.
2078 18. 82.
2079 18. 82.
2080 17. 83.
2081 17. 83.
2082 17. 83.
2083 17. 83.
2084 17. 83.
2085 17. 83.
2086 17. 83.
2087 18. 82.
2088 18. 82.
2089 18. 82.
2090 18. 82.
2091 18. 82.
2092 18. 82.
2093 18. 82.
2094 18. 82.
2095 18. 82.
2096 18. 82.
2097 18. 82.
2098 18. 82.
2099 19. 81.
2100 18. 82.
2101 18. 82.
2102 18. 82.
2103 19. 81.
2104 19. 81.
2105 19. 81.
2106 19. 81.
2107 19. 81.
2108 19. 81.
2109 19. 81.
2110 19. 81.
2111 20. 80.
2112 20. 80.
2113 20. 80.
2114 20. 80.
2115 20. 80.
2116 20. 80.
2117 20. 80.
2118 20. 80.
2119 20. 80.
2120 20. 80.
2121 20. 80.
2122 21. 79.
2123 21. 79.
2124 21. 79.
2125 20. 80.
2126 21. 79.
2127 21. 79.
2128 21. 79.
2129 21. 79.
2130 20. 80.
2131 20. 80.
2132 20. 80.
2133 20. 80.
2134 20. 80.
2135 20. 80.
2136 20. 80.
2137 20. 80.
2138 20. 80.
2139 20. 80.
2140 20. 80.
2141 20. 80.
2142 20. 80.
2143 20. 80.
2144 20. 80.
2145 20. 80.
2146 20. 80.
2147 20. 80.
2148 20. 80.
2149 20. 80.
2150 20. 80.
2151 20. 80.
2152 20. 80.
2153 20. 80.
2154 21. 79.
2155 20. 80.
2156 20. 80.
2157 20. 80.
2158 20. 80.
2159 20. 80.
2160 20. 80.
2161 20. 80.
2162 19. 81.
2163 19. 81.
2164 19. 81.
2165 19. 81.
2166 19. 81.
2167 19. 81.
2168 19. 81.
2169 19. 81.
2170 19. 81.
2171 20. 80.
2172 20. 80.
2173 20. 80.
2174 20. 80.
2175 20. 80.
2176 20. 80.
2177 20. 80.
2178 20. 80.
2179 20. 80.
2180 20. 80.
2181 20. 80.
2182 20. 80.
2183 21. 79.
2184 21. 79.
2185 20. 80.
2186 20. 80.
2187 21. 79.
2188 21. 79.
2189 21. 79.
2190 21. 79.
2191 21. 79.
2192 21. 79.
2193 21. 79.
2194 21. 79.
2195 21. 79.
2196 21. 79.
2197 21. 79.
2198 21. 79.
2199 21. 79.
2200 21. 79.
2201 21. 79.
2202 21. 79.
2203 21. 79.
2204 21. 79.
2205 21. 79.
2206 21. 79.
2207 21. 79.
2208 21. 79.
2209 21. 79.
2210 22. 78.
2211 22. 78.
2212 22. 78.
2213 21. 79.
2214 21. 79.
2215 21. 79.
2216 21. 79.
2217 20. 80.
2218 19. 81.
2219 19. 81.
2220 19. 81.
2221 19. 81.
2222 20. 80.
2223 19. 81.
2224 19. 81.
2225 19. 81.
2226 18. 82.
2227 17. 83.
2228 17. 83.
2229 17. 83.
2230 17. 83.
2231 17. 83.
2232 17. 83.
2233 17. 83.
2234 18. 82.
2235 18. 82.
2236 18. 82.
2237 18. 82.
2238 18. 82.
2239 18. 82.
2240 17. 83.
2241 17. 83.
2242 17. 83.
2243 17. 83.
2244 17. 83.
2245 17. 83.
2246 17. 83.
2247 17. 83.
2248 17. 83.
2249 17. 83.
2250 17. 83.
2251 17. 83.
2252 17. 83.
2253 17. 83.
2254 17. 83.
2255 17. 83.
2256 17. 83.
2257 17. 83.
2258 17. 83.
2259 17. 83.
2260 17. 83.
2261 17. 83.
2262 17. 83.
2263 17. 83.
2264 17. 83.
2265 17. 83.
2266 17. 83.
2267 17. 83.
2268 17. 83.
2269 17. 83.
2270 17. 83.
2271 17. 83.
2272 17. 83.
2273 17. 83.
2274 16. 84.
2275 16. 84.
2276 16. 84.
2277 16. 84.
2278 15. 85.
2279 15. 85.
2280 15. 85.
2281 15. 85.
2282 15. 85.
2283 15. 85.
2284 15. 85.
2285 15. 85.
2286 15. 85.
2287 16. 84.
2288 16. 84.
2289 16. 84.
2290 16. 84.
2291 17. 83.
2292 17. 83.
2293 17. 83.
2294 17. 83.
2295 17. 83.
2296 17. 83.
2297 17. 83.
2298 17. 83.
2299 17. 83.
2300 17. 83.
2301 17. 83.
2302 17. 83.
2303 17. 83.
2304 17. 83.
2305 18. 82.
2306 18. 82.
2307 18. 82.
2308 18. 82.
2309 18. 82.
2310 18. 82.
2311 18. 82.
2312 18. 82.
2313 18. 82.
2314 18. 82.
2315 18. 82.
2316 18. 82.
2317 18. 82.
2318 18. 82.
2319 18. 82.
2320 18. 82.
2321 18. 82.
2322 17. 83.
2323 17. 83.
2324 17. 83.
2325 17. 83.
2326 17. 83.
2327 17. 83.
2328 17. 83.
2329 17. 83.
2330 18. 82.
2331 17. 83.
2332 17. 83.
2333 17. 83.
2334 16. 84.
2335 15. 85.
2336 15. 85.
2337 15. 85.
2338 15. 85.
2339 14. 86.
2340 14. 86.
2341 14. 86.
2342 15. 85.
2343 15. 85.
2344 15. 85.
2345 15. 85.
2346 15. 85.
2347 15. 85.
2348 15. 85.
2349 15. 85.
2350 15. 85.
2351 15. 85.
2352 15. 85.
2353 15. 85.
2354 15. 85.
2355 15. 85.
2356 15. 85.
2357 15. 85.
2358 15. 85.
2359 15. 85.
2360 15. 85.
2361 15. 85.
2362 15. 85.
2363 15. 85.
2364 16. 84.
2365 16. 84.
2366 16. 84.
2367 16. 84.
2368 16. 84.
2369 16. 84.
2370 15. 85.
2371 15. 85.
2372 15. 85.
2373 15. 85.
2374 15. 85.
2375 15. 85.
2376 15. 85.
2377 15. 85.
2378 15. 85.
2379 15. 85.
2380 15. 85.
2381 15. 85.
2382 15. 85.
2383 14. 86.
2384 14. 86.
2385 14. 86.
2386 14. 86.
2387 14. 86.
2388 14. 86.
2389 14. 86.
2390 14. 86.
2391 14. 86.
2392 13. 87.
2393 13. 87.
2394 13. 87.
2395 13. 87.
2396 13. 87.
2397 13. 87.
2398 13. 87.
2399 13. 87.
2400 13. 87.
2401 14. 86.
2402 14. 86.
2403 14. 86.
2404 14. 86.
2405 14. 86.
2406 14. 86.
2407 14. 86.
2408 14. 86.
2409 14. 86.
2410 14. 86.
2411 14. 86.
2412 14. 86.
2413 14. 86.
2414 13. 87.
2415 13. 87.
2416 13. 87.
2417 13. 87.
2418 13. 87.
2419 14. 86.
2420 14. 86.
2421 14. 86.
2422 14. 86.
2423 14. 86.
2424 14. 86.
2425 14. 86.
2426 14. 86.
2427 15. 85.
2428 15. 85.
2429 15. 85.
2430 15. 85.
2431 15. 85.
2432 16. 84.
2433 16. 84.
2434 16. 84.
2435 16. 84.
2436 16. 84.
2437 16. 84.
2438 16. 84.
2439 16. 84.
2440 16. 84.
2441 16. 84.
2442 16. 84.
2443 15. 85.
2444 15. 85.
2445 15. 85.
2446 15. 85.
2447 14. 86.
2448 14. 86.
2449 14. 86.
2450 14. 86.
2451 14. 86.
2452 14. 86.
2453 13. 87.
2454 13. 87.
2455 13. 87.
2456 13. 87.
2457 13. 87.
2458 13. 87.
2459 13. 87.
2460 13. 87.
2461 13. 87.
2462 13. 87.
2463 13. 87.
2464 13. 87.
2465 13. 87.
2466 13. 87.
2467 13. 87.
2468 12. 88.
2469 12. 88.
2470 12. 88.
2471 12. 88.
2472 12. 88.
2473 12. 88.
2474 12. 88.
2475 11. 89.
2476 11. 89.
2477 11. 89.
2478 11. 89.
2479 11. 89.
2480 11. 89.
2481 11. 89.
2482 11. 89.
2483 11. 89.
2484 11. 89.
2485 11. 89.
2486 11. 89.
2487 11. 89.
2488 11. 89.
2489 11. 89.
2490 11. 89.
2491 12. 88.
2492 12. 88.
2493 12. 88.
2494 12. 88.
2495 12. 88.
2496 12. 88.
2497 12. 88.
2498 12. 88.
2499 12. 88.
2500 12. 88.
2501 12. 88.
2502 12. 88.
2503 12. 88.
2504 12. 88.
2505 12. 88.
2506 12. 88.
2507 12. 88.
2508 12. 88.
2509 12. 88.
2510 12. 88.
2511 12. 88.
2512 12. 88.
2513 12. 88.
2514 12. 88.
2515 12. 88.
2516 12. 88.
2517 12. 88.
2518 13. 87.
2519 13. 87.
2520 13. 87.
2521 14. 86.
2522 14. 86.
2523 14. 86.
2524 14. 86.
2525 14. 86.
2526 14. 86.
2527 14. 86.
2528 14. 86.
2529 13. 87.
2530 13. 87.
2531 13. 87.
2532 13. 87.
2533 13. 87.
2534 12. 88.
2535 12. 88.
2536 12. 88.
2537 12. 88.
2538 12. 88.
2539 13. 87.
2540 13. 87.
2541 13. 87.
2542 13. 87.
2543 12. 88.
2544 12. 88.
2545 12. 88.
2546 11. 89.
2547 11. 89.
2548 11. 89.
2549 11. 89.
2550 11. 89.
2551 11. 89.
2552 12. 88.
2553 12. 88.
2554 12. 88.
2555 12. 88.
2556 12. 88.
2557 12. 88.
2558 12. 88.
2559 12. 88.
2560 12. 88.
2561 12. 88.
2562 12. 88.
2563 12. 88.
2564 12. 88.
2565 12. 88.
2566 12. 88.
2567 12. 88.
2568 12. 88.
2569 12. 88.
2570 12. 88.
2571 12. 88.
2572 12. 88.
2573 12. 88.
2574 12. 88.
2575 12. 88.
2576 12. 88.
2577 12. 88.
2578 12. 88.
2579 11. 89.
2580 11. 89.
2581 11. 89.
2582 11. 89.
2583 11. 89.
2584 11. 89.
2585 11. 89.
2586 11. 89.
2587 11. 89.
2588 11. 89.
2589 11. 89.
2590 11. 89.
2591 11. 89.
2592 11. 89.
2593 11. 89.
2594 11. 89.
2595 11. 89.
2596 11. 89.
2597 11. 89.
2598 11. 89.
2599 11. 89.
2600 11. 89.
2601 11. 89.
2602 12. 88.
2603 12. 88.
2604 12. 88.
2605 12. 88.
2606 12. 88.
2607 12. 88.
2608 12. 88.
2609 12. 88.
2610 12. 88.
2611 12. 88.
2612 12. 88.
2613 12. 88.
2614 12. 88.
2615 12. 88.
2616 12. 88.
2617 12. 88.
2618 12. 88.
2619 12. 88.
2620 12. 88.
2621 11. 89.
2622 11. 89.
2623 11. 89.
2624 11. 89.
2625 11. 89.
2626 10. 90.
2627 9. 91.
2628 9. 91.
2629 9. 91.
2630 9. 91.
2631 9. 91.
2632 9. 91.
2633 9. 91.
2634 9. 91.
2635 9. 91.
2636 9. 91.
2637 10. 90.
2638 10. 90.
2639 10. 90.
2640 10. 90.
2641 10. 90.
2642 10. 90.
2643 10. 90.
2644 10. 90.
2645 10. 90.
2646 10. 90.
2647 10. 90.
2648 10. 90.
2649 10. 90.
2650 10. 90.
2651 9. 91.
2652 9. 91.
2653 9. 91.
2654 8. 92.
2655 8. 92.
2656 8. 92.
2657 8. 92.
2658 8. 92.
2659 8. 92.
2660 7. 93.
2661 7. 93.
2662 7. 93.
2663 7. 93.
2664 7. 93.
2665 7. 93.
2666 7. 93.
2667 6. 94.
2668 6. 94.
2669 6. 94.
2670 6. 94.
2671 6. 94.
2672 6. 94.
2673 6. 94.
2674 6. 94.
2675 6. 94.
2676 6. 94.
2677 6. 94.
2678 6. 94.
2679 6. 94.
2680 6. 94.
2681 6. 94.
2682 6. 94.
2683 6. 94.
2684 6. 94.
2685 6. 94.
2686 6. 94.
2687 6. 94.
2688 6. 94.
2689 6. 94.
2690 6. 94.
2691 6. 94.
2692 5. 95.
2693 5. 95.
2694 5. 95.
2695 5. 95.
2696 5. 95.
2697 5. 95.
2698 5. 95.
2699 5. 95.
2700 5. 95.
2701 5. 95.
2702 5. 95.
2703 5. 95.
2704 5. 95.
2705 5. 95.
2706 5. 95.
2707 5. 95.
2708 5. 95.
2709 5. 95.
2710 4. 96.
2711 3. 97.
2712 3. 97.
2713 3. 97.
2714 3. 97.
2715 3. 97.
2716 3. 97.
2717 3. 97.
2718 3. 97.
2719 3. 97.
2720 3. 97.
2721 3. 97.
2722 3. 97.
2723 3. 97.
2724 3. 97.
2725 3. 97.
2726 3. 97.
2727 3. 97.
2728 3. 97.
2729 3. 97.
2730 3. 97.
2731 3. 97.
2732 3. 97.
2733 3. 97.
2734 3. 97.
2735 3. 97.
2736 3. 97.
2737 3. 97.
2738 3. 97.
2739 3. 97.
2740 3. 97.
2741 3. 97.
2742 3. 97.
2743 3. 97.
2744 3. 97.
2745 3. 97.
2746 3. 97.
2747 3. 97.
2748 3. 97.
2749 3. 97.
2750 3. 97.
2751 3. 97.
2752 3. 97.
2753 3. 97.
2754 3. 97.
2755 3. 97.
2756 3. 97.
2757 3. 97.
2758 3. 97.
2759 3. 97.
2760 3. 97.
2761 3. 97.
2762 3. 97.
2763 3. 97.
2764 3. 97.
2765 3. 97.
2766 3. 97.
2767 3. 97.
2768 3. 97.
2769 3. 97.
2770 3. 97.
2771 3. 97.
2772 3. 97.
2773 3. 97.
2774 3. 97.
2775 3. 97.
2776 3. 97.
2777 3. 97.
2778 3. 97.
2779 3. 97.
2780 3. 97.
2781 3. 97.
2782 4. 96.
2783 4. 96.
2784 4. 96.
2785 4. 96.
2786 4. 96.
2787 4. 96.
2788 4. 96.
2789 4. 96.
2790 4. 96.
2791 4. 96.
2792 4. 96.
2793 4. 96.
2794 4. 96.
2795 4. 96.
2796 4. 96.
2797 4. 96.
2798 4. 96.
2799 4. 96.
2800 4. 96.
2801 4. 96.
2802 5. 95.
2803 5. 95.
2804 5. 95.
2805 5. 95.
2806 5. 95.
2807 5. 95.
2808 5. 95.
2809 5. 95.
2810 5. 95.
2811 5. 95.
2812 5. 95.
2813 5. 95.
2814 5. 95.
2815 5. 95.
2816 5. 95.
2817 5. 95.
2818 5. 95.
2819 5. 95.
2820 5. 95.
2821 5. 95.
2822 5. 95.
2823 5. 95.
2824 5. 95.
2825 6. 94.
2826 6. 94.
2827 6. 94.
2828 6. 94.
2829 6. 94.
2830 6. 94.
2831 6. 94.
2832 6. 94.
2833 6. 94.
2834 6. 94.
2835 6. 94.
2836 6. 94.
2837 6. 94.
2838 6. 94.
2839 7. 93.
2840 7. 93.
2841 7. 93.
2842 7. 93.
2843 7. 93.
2844 7. 93.
2845 7. 93.
2846 7. 93.
2847 7. 93.
2848 7. 93.
2849 8. 92.
2850 8. 92.
2851 8. 92.
2852 8. 92.
2853 8. 92.
2854 8. 92.
2855 8. 92.
2856 8. 92.
2857 8. 92.
2858 8. 92.
2859 8. 92.
2860 8. 92.
2861 8. 92.
2862 8. 92.
2863 8. 92.
2864 8. 92.
2865 8. 92.
2866 8. 92.
2867 8. 92.
2868 8. 92.
2869 8. 92.
2870 8. 92.
2871 8. 92.
2872 8. 92.
2873 8. 92.
2874 8. 92.
2875 8. 92.
2876 8. 92.
2877 8. 92.
2878 8. 92.
2879 8. 92.
2880 8. 92.
2881 8. 92.
2882 7. 93.
2883 7. 93.
2884 7. 93.
2885 7. 93.
2886 7. 93.
2887 8. 92.
2888 8. 92.
2889 8. 92.
2890 8. 92.
2891 8. 92.
2892 8. 92.
2893 8. 92.
2894 8. 92.
2895 7. 93.
2896 7. 93.
2897 7. 93.
2898 7. 93.
2899 7. 93.
2900 7. 93.
2901 7. 93.
2902 6. 94.
2903 6. 94.
2904 6. 94.
2905 6. 94.
2906 6. 94.
2907 6. 94.
2908 6. 94.
2909 6. 94.
2910 5. 95.
2911 5. 95.
2912 5. 95.
2913 5. 95.
2914 5. 95.
2915 5. 95.
2916 5. 95.
2917 5. 95.
2918 6. 94.
2919 6. 94.
2920 6. 94.
2921 6. 94.
2922 6. 94.
2923 7. 93.
2924 7. 93.
2925 7. 93.
2926 7. 93.
2927 7. 93.
2928 7. 93.
2929 7. 93.
2930 7. 93.
2931 7. 93.
2932 7. 93.
2933 7. 93.
2934 7. 93.
2935 7. 93.
2936 7. 93.
2937 6. 94.
2938 7. 93.
2939 7. 93.
2940 7. 93.
2941 7. 93.
2942 7. 93.
2943 7. 93.
2944 7. 93.
2945 7. 93.
2946 7. 93.
2947 7. 93.
2948 7. 93.
2949 7. 93.
2950 7. 93.
2951 7. 93.
2952 7. 93.
2953 7. 93.
2954 7. 93.
2955 7. 93.
2956 7. 93.
2957 7. 93.
2958 7. 93.
2959 7. 93.
2960 7. 93.
2961 7. 93.
2962 8. 92.
2963 7. 93.
2964 7. 93.
2965 7. 93.
2966 7. 93.
2967 7. 93.
2968 7. 93.
2969 7. 93.
2970 7. 93.
2971 7. 93.
2972 7. 93.
2973 7. 93.
2974 7. 93.
2975 7. 93.
2976 7. 93.
2977 7. 93.
2978 7. 93.
2979 7. 93.
2980 7. 93.
2981 7. 93.
2982 8. 92.
2983 8. 92.
2984 8. 92.
2985 8. 92.
2986 8. 92.
2987 8. 92.
2988 8. 92.
2989 8. 92.
2990 8. 92.
2991 8. 92.
2992 8. 92.
2993 8. 92.
2994 8. 92.
2995 8. 92.
2996 8. 92.
2997 8. 92.
2998 8. 92.
2999 8. 92.
3000 7. 93.
3001 7. 93.
3002 7. 93.
3003 7. 93.
3004 7. 93.
3005 7. 93.
3006 7. 93.
3007 7. 93.
3008 8. 92.
3009 8. 92.
3010 8. 92.
3011 8. 92.
3012 8. 92.
3013 8. 92.
3014 8. 92.
3015 8. 92.
3016 8. 92.
3017 8. 92.
3018 8. 92.
3019 8. 92.
3020 9. 91.
3021 9. 91.
3022 9. 91.
3023 9. 91.
3024 9. 91.
3025 9. 91.
3026 9. 91.
3027 9. 91.
3028 8. 92.
3029 8. 92.
3030 8. 92.
3031 8. 92.
3032 8. 92.
3033 8. 92.
3034 8. 92.
3035 8. 92.
3036 8. 92.
3037 8. 92.
3038 8. 92.
3039 8. 92.
3040 8. 92.
3041 8. 92.
3042 8. 92.
3043 8. 92.
3044 8. 92.
3045 8. 92.
3046 8. 92.
3047 8. 92.
3048 8. 92.
3049 8. 92.
3050 8. 92.
3051 8. 92.
3052 9. 91.
3053 9. 91.
3054 9. 91.
3055 9. 91.
3056 9. 91.
3057 9. 91.
3058 9. 91.
3059 9. 91.
3060 9. 91.
3061 9. 91.
3062 10. 90.
3063 10. 90.
3064 10. 90.
3065 10. 90.
3066 10. 90.
3067 10. 90.
3068 10. 90.
3069 10. 90.
3070 10. 90.
3071 10. 90.
3072 10. 90.
3073 10. 90.
3074 10. 90.
3075 10. 90.
3076 10. 90.
3077 10. 90.
3078 10. 90.
3079 10. 90.
3080 9. 91.
3081 9. 91.
3082 9. 91.
3083 9. 91.
3084 9. 91.
3085 9. 91.
3086 9. 91.
3087 9. 91.
3088 9. 91.
3089 9. 91.
3090 8. 92.
3091 8. 92.
3092 8. 92.
3093 8. 92.
3094 8. 92.
3095 8. 92.
3096 8. 92.
3097 8. 92.
3098 8. 92.
3099 7. 93.
3100 7. 93.
3101 7. 93.
3102 7. 93.
3103 7. 93.
3104 7. 93.
3105 7. 93.
3106 7. 93.
3107 7. 93.
3108 7. 93.
3109 7. 93.
3110 7. 93.
3111 7. 93.
3112 7. 93.
3113 7. 93.
3114 7. 93.
3115 7. 93.
3116 7. 93.
3117 7. 93.
3118 7. 93.
3119 7. 93.
3120 7. 93.
3121 7. 93.
3122 7. 93.
3123 7. 93.
3124 7. 93.
3125 7. 93.
3126 7. 93.
3127 7. 93.
3128 7. 93.
3129 7. 93.
3130 8. 92.
3131 8. 92.
3132 8. 92.
3133 8. 92.
3134 8. 92.
3135 8. 92.
3136 8. 92.
3137 8. 92.
3138 8. 92.
3139 8. 92.
3140 8. 92.
3141 8. 92.
3142 8. 92.
3143 8. 92.
3144 8. 92.
3145 8. 92.
3146 8. 92.
3147 8. 92.
3148 8. 92.
3149 8. 92.
3150 8. 92.
3151 8. 92.
3152 8. 92.
3153 8. 92.
3154 8. 92.
3155 8. 92.
3156 8. 92.
3157 8. 92.
3158 8. 92.
3159 8. 92.
3160 8. 92.
3161 8. 92.
3162 8. 92.
3163 8. 92.
3164 8. 92.
3165 8. 92.
3166 8. 92.
3167 8. 92.
3168 8. 92.
3169 8. 92.
3170 9. 91.
3171 9. 91.
3172 9. 91.
3173 9. 91.
3174 9. 91.
3175 9. 91.
3176 9. 91.
3177 9. 91.
3178 9. 91.
3179 8. 92.
3180 8. 92.
3181 8. 92.
3182 8. 92.
3183 8. 92.
3184 9. 91.
3185 9. 91.
3186 9. 91.
3187 9. 91.
3188 9. 91.
3189 9. 91.
3190 9. 91.
3191 9. 91.
3192 9. 91.
3193 9. 91.
3194 9. 91.
3195 9. 91.
3196 9. 91.
3197 9. 91.
3198 9. 91.
3199 10. 90.
3200 10. 90.
3201 10. 90.
3202 10. 90.
3203 10. 90.
3204 10. 90.
3205 10. 90.
3206 10. 90.
3207 9. 91.
3208 8. 92.
3209 8. 92.
3210 8. 92.
3211 8. 92.
3212 8. 92.
3213 8. 92.
3214 8. 92.
3215 8. 92.
3216 8. 92.
3217 8. 92.
3218 9. 91.
3219 9. 91.
3220 9. 91.
3221 8. 92.
3222 8. 92.
3223 9. 91.
3224 9. 91.
3225 9. 91.
3226 9. 91.
3227 9. 91.
3228 8. 92.
3229 8. 92.
3230 8. 92.
3231 8. 92.
3232 8. 92.
3233 9. 91.
3234 10. 90.
3235 10. 90.
3236 10. 90.
3237 10. 90.
3238 10. 90.
3239 11. 89.
3240 11. 89.
3241 11. 89.
3242 11. 89.
3243 11. 89.
3244 11. 89.
3245 11. 89.
3246 11. 89.
3247 11. 89.
3248 11. 89.
3249 10. 90.
3250 10. 90.
3251 11. 89.
3252 11. 89.
3253 11. 89.
3254 11. 89.
3255 11. 89.
3256 11. 89.
3257 11. 89.
3258 11. 89.
3259 11. 89.
3260 11. 89.
3261 11. 89.
3262 10. 90.
3263 10. 90.
3264 10. 90.
3265 10. 90.
3266 11. 89.
3267 11. 89.
3268 11. 89.
3269 11. 89.
3270 11. 89.
3271 12. 88.
3272 12. 88.
3273 12. 88.
3274 12. 88.
3275 12. 88.
3276 12. 88.
3277 12. 88.
3278 12. 88.
3279 12. 88.
3280 12. 88.
3281 12. 88.
3282 12. 88.
3283 12. 88.
3284 12. 88.
3285 12. 88.
3286 12. 88.
3287 12. 88.
3288 12. 88.
3289 12. 88.
3290 12. 88.
3291 12. 88.
3292 12. 88.
3293 12. 88.
3294 12. 88.
3295 12. 88.
3296 12. 88.
3297 12. 88.
3298 12. 88.
3299 12. 88.
3300 12. 88.
3301 12. 88.
3302 12. 88.
3303 12. 88.
3304 12. 88.
3305 12. 88.
3306 12. 88.
3307 12. 88.
3308 13. 87.
3309 13. 87.
3310 13. 87.
3311 13. 87.
3312 13. 87.
3313 13. 87.
3314 13. 87.
3315 13. 87.
3316 12. 88.
3317 12. 88.
3318 13. 87.
3319 13. 87.
3320 13. 87.
3321 13. 87.
3322 12. 88.
3323 12. 88.
3324 12. 88.
3325 12. 88.
3326 12. 88.
3327 12. 88.
3328 12. 88.
3329 12. 88.
3330 12. 88.
3331 12. 88.
3332 11. 89.
3333 11. 89.
3334 11. 89.
3335 11. 89.
3336 11. 89.
3337 11. 89.
3338 11. 89.
3339 11. 89.
3340 12. 88.
3341 12. 88.
3342 12. 88.
3343 12. 88.
3344 12. 88.
3345 12. 88.
3346 12. 88.
3347 13. 87.
3348 13. 87.
3349 13. 87.
3350 13. 87.
3351 13. 87.
3352 13. 87.
3353 13. 87.
3354 13. 87.
3355 14. 86.
3356 14. 86.
3357 14. 86.
3358 14. 86.
3359 14. 86.
3360 14. 86.
3361 14. 86.
3362 14. 86.
3363 14. 86.
3364 14. 86.
3365 14. 86.
3366 14. 86.
3367 14. 86.
3368 14. 86.
3369 14. 86.
3370 13. 87.
3371 13. 87.
3372 13. 87.
3373 13. 87.
3374 13. 87.
3375 13. 87.
3376 13. 87.
3377 13. 87.
3378 13. 87.
3379 13. 87.
3380 13. 87.
3381 13. 87.
3382 12. 88.
3383 11. 89.
3384 11. 89.
3385 11. 89.
3386 11. 89.
3387 11. 89.
3388 11. 89.
3389 10. 90.
3390 10. 90.
3391 10. 90.
3392 10. 90.
3393 10. 90.
3394 10. 90.
3395 10. 90.
3396 10. 90.
3397 10. 90.
3398 10. 90.
3399 10. 90.
3400 10. 90.
3401 10. 90.
3402 10. 90.
3403 9. 91.
3404 9. 91.
3405 9. 91.
3406 9. 91.
3407 9. 91.
3408 9. 91.
3409 9. 91.
3410 9. 91.
3411 9. 91.
3412 9. 91.
3413 9. 91.
3414 9. 91.
3415 9. 91.
3416 9. 91.
3417 9. 91.
3418 9. 91.
3419 9. 91.
3420 9. 91.
3421 9. 91.
3422 9. 91.
3423 9. 91.
3424 9. 91.
3425 9. 91.
3426 9. 91.
3427 9. 91.
3428 9. 91.
3429 9. 91.
3430 9. 91.
3431 9. 91.
3432 9. 91.
3433 9. 91.
3434 9. 91.
3435 9. 91.
3436 9. 91.
3437 9. 91.
3438 9. 91.
3439 9. 91.
3440 9. 91.
3441 9. 91.
3442 9. 91.
3443 9. 91.
3444 9. 91.
3445 9. 91.
3446 10. 90.
3447 10. 90.
3448 10. 90.
3449 10. 90.
3450 10. 90.
3451 10. 90.
3452 10. 90.
3453 10. 90.
3454 10. 90.
3455 10. 90.
3456 10. 90.
3457 10. 90.
3458 10. 90.
3459 10. 90.
3460 10. 90.
3461 10. 90.
3462 10. 90.
3463 10. 90.
3464 10. 90.
3465 10. 90.
3466 10. 90.
3467 10. 90.
3468 10. 90.
3469 10. 90.
3470 10. 90.
3471 10. 90.
3472 10. 90.
3473 10. 90.
3474 10. 90.
3475 10. 90.
3476 10. 90.
3477 10. 90.
3478 10. 90.
3479 10. 90.
3480 10. 90.
3481 10. 90.
3482 10. 90.
3483 10. 90.
3484 10. 90.
3485 10. 90.
3486 10. 90.
3487 10. 90.
3488 11. 89.
3489 11. 89.
3490 11. 89.
3491 11. 89.
3492 11. 89.
3493 11. 89.
3494 11. 89.
3495 11. 89.
3496 11. 89.
3497 11. 89.
3498 11. 89.
3499 11. 89.
3500 11. 89.
3501 11. 89.
3502 12. 88.
3503 12. 88.
3504 12. 88.
3505 12. 88.
3506 12. 88.
3507 12. 88.
3508 12. 88.
3509 12. 88.
3510 12. 88.
3511 12. 88.
3512 12. 88.
3513 12. 88.
3514 12. 88.
3515 13. 87.
3516 13. 87.
3517 13. 87.
3518 13. 87.
3519 13. 87.
3520 13. 87.
3521 13. 87.
3522 13. 87.
3523 13. 87.
3524 13. 87.
3525 13. 87.
3526 13. 87.
3527 12. 88.
3528 13. 87.
3529 13. 87.
3530 13. 87.
3531 13. 87.
3532 13. 87.
3533 13. 87.
3534 13. 87.
3535 13. 87.
3536 13. 87.
3537 13. 87.
3538 13. 87.
3539 13. 87.
3540 13. 87.
3541 13. 87.
3542 13. 87.
3543 13. 87.
3544 13. 87.
3545 13. 87.
3546 13. 87.
3547 13. 87.
3548 13. 87.
3549 13. 87.
3550 13. 87.
3551 14. 86.
3552 14. 86.
3553 14. 86.
3554 14. 86.
3555 14. 86.
3556 14. 86.
3557 14. 86.
3558 14. 86.
3559 14. 86.
3560 14. 86.
3561 14. 86.
3562 14. 86.
3563 15. 85.
3564 15. 85.
3565 14. 86.
3566 14. 86.
3567 14. 86.
3568 14. 86.
3569 14. 86.
3570 14. 86.
3571 13. 87.
3572 13. 87.
3573 13. 87.
3574 13. 87.
3575 13. 87.
3576 13. 87.
3577 13. 87.
3578 13. 87.
3579 13. 87.
3580 13. 87.
3581 13. 87.
3582 13. 87.
3583 13. 87.
3584 13. 87.
3585 13. 87.
3586 13. 87.
3587 13. 87.
3588 13. 87.
3589 13. 87.
3590 13. 87.
3591 12. 88.
3592 12. 88.
3593 12. 88.
3594 12. 88.
3595 12. 88.
3596 12. 88.
3597 12. 88.
3598 12. 88.
3599 12. 88.
3600 12. 88.
3601 12. 88.
3602 12. 88.
3603 12. 88.
3604 12. 88.
3605 12. 88.
3606 12. 88.
3607 13. 87.
3608 13. 87.
3609 13. 87.
3610 13. 87.
3611 13. 87.
3612 13. 87.
3613 13. 87.
3614 13. 87.
3615 13. 87.
3616 13. 87.
3617 13. 87.
3618 13. 87.
3619 13. 87.
3620 13. 87.
3621 13. 87.
3622 13. 87.
3623 13. 87.
3624 13. 87.
3625 13. 87.
3626 13. 87.
3627 13. 87.
3628 14. 86.
3629 14. 86.
3630 14. 86.
3631 14. 86.
3632 14. 86.
3633 14. 86.
3634 14. 86.
3635 14. 86.
3636 14. 86.
3637 15. 85.
3638 16. 84.
3639 16. 84.
3640 16. 84.
3641 17. 83.
3642 17. 83.
3643 17. 83.
3644 17. 83.
3645 17. 83.
3646 17. 83.
3647 17. 83.
3648 17. 83.
3649 17. 83.
3650 17. 83.
3651 17. 83.
3652 17. 83.
3653 17. 83.
3654 17. 83.
3655 17. 83.
3656 17. 83.
3657 17. 83.
3658 17. 83.
3659 17. 83.
3660 17. 83.
3661 17. 83.
3662 17. 83.
3663 17. 83.
3664 18. 82.
3665 18. 82.
3666 19. 81.
3667 19. 81.
3668 19. 81.
3669 19. 81.
3670 19. 81.
3671 19. 81.
3672 19. 81.
3673 19. 81.
3674 19. 81.
3675 19. 81.
3676 19. 81.
3677 19. 81.
3678 19. 81.
3679 19. 81.
3680 19. 81.
3681 19. 81.
3682 19. 81.
3683 18. 82.
3684 18. 82.
3685 18. 82.
3686 17. 83.
3687 17. 83.
3688 17. 83.
3689 17. 83.
3690 17. 83.
3691 16. 84.
3692 15. 85.
3693 15. 85.
3694 15. 85.
3695 15. 85.
3696 15. 85.
3697 15. 85.
3698 15. 85.
3699 15. 85.
3700 15. 85.
3701 15. 85.
3702 15. 85.
3703 15. 85.
3704 15. 85.
3705 15. 85.
3706 15. 85.
3707 15. 85.
3708 15. 85.
3709 15. 85.
3710 14. 86.
3711 14. 86.
3712 14. 86.
3713 14. 86.
3714 14. 86.
3715 14. 86.
3716 14. 86.
3717 14. 86.
3718 13. 87.
3719 12. 88.
3720 12. 88.
3721 12. 88.
3722 12. 88.
3723 12. 88.
3724 12. 88.
3725 12. 88.
3726 12. 88.
3727 12. 88.
3728 11. 89.
3729 11. 89.
3730 12. 88.
3731 12. 88.
3732 12. 88.
3733 12. 88.
3734 12. 88.
3735 12. 88.
3736 12. 88.
3737 13. 87.
3738 13. 87.
3739 13. 87.
3740 13. 87.
3741 13. 87.
3742 12. 88.
3743 12. 88.
3744 12. 88.
3745 12. 88.
3746 12. 88.
3747 12. 88.
3748 12. 88.
3749 12. 88.
3750 12. 88.
3751 12. 88.
3752 12. 88.
3753 12. 88.
3754 13. 87.
3755 13. 87.
3756 13. 87.
3757 13. 87.
3758 13. 87.
3759 13. 87.
3760 14. 86.
3761 14. 86.
3762 14. 86.
3763 14. 86.
3764 14. 86.
3765 14. 86.
3766 15. 85.
3767 16. 84.
3768 16. 84.
3769 16. 84.
3770 16. 84.
3771 16. 84.
3772 16. 84.
3773 16. 84.
3774 16. 84.
3775 16. 84.
3776 16. 84.
3777 16. 84.
3778 16. 84.
3779 15. 85.
3780 15. 85.
3781 15. 85.
3782 15. 85.
3783 15. 85.
3784 15. 85.
3785 15. 85.
3786 14. 86.
3787 15. 85.
3788 15. 85.
3789 15. 85.
3790 15. 85.
3791 15. 85.
3792 15. 85.
3793 15. 85.
3794 15. 85.
3795 15. 85.
3796 15. 85.
3797 15. 85.
3798 15. 85.
3799 16. 84.
3800 15. 85.
3801 15. 85.
3802 15. 85.
3803 15. 85.
3804 16. 84.
3805 16. 84.
3806 16. 84.
3807 16. 84.
3808 16. 84.
3809 17. 83.
3810 18. 82.
3811 18. 82.
3812 18. 82.
3813 17. 83.
3814 17. 83.
3815 17. 83.
3816 17. 83.
3817 17. 83.
3818 17. 83.
3819 18. 82.
3820 18. 82.
3821 18. 82.
3822 18. 82.
3823 18. 82.
3824 17. 83.
3825 16. 84.
3826 16. 84.
3827 16. 84.
3828 15. 85.
3829 15. 85.
3830 15. 85.
3831 15. 85.
3832 15. 85.
3833 15. 85.
3834 15. 85.
3835 15. 85.
3836 15. 85.
3837 15. 85.
3838 15. 85.
3839 15. 85.
3840 15. 85.
3841 14. 86.
3842 14. 86.
3843 14. 86.
3844 15. 85.
3845 15. 85.
3846 15. 85.
3847 15. 85.
3848 14. 86.
3849 14. 86.
3850 14. 86.
3851 14. 86.
3852 14. 86.
3853 14. 86.
3854 14. 86.
3855 14. 86.
3856 14. 86.
3857 14. 86.
3858 14. 86.
3859 14. 86.
3860 15. 85.
3861 15. 85.
3862 15. 85.
3863 15. 85.
3864 15. 85.
3865 15. 85.
3866 15. 85.
3867 16. 84.
3868 16. 84.
3869 16. 84.
3870 16. 84.
3871 16. 84.
3872 16. 84.
3873 16. 84.
3874 16. 84.
3875 16. 84.
3876 16. 84.
3877 16. 84.
3878 16. 84.
3879 15. 85.
3880 15. 85.
3881 14. 86.
3882 14. 86.
3883 14. 86.
3884 14. 86.
3885 14. 86.
3886 14. 86.
3887 14. 86.
3888 14. 86.
3889 15. 85.
3890 15. 85.
3891 15. 85.
3892 15. 85.
3893 15. 85.
3894 15. 85.
3895 15. 85.
3896 15. 85.
3897 15. 85.
3898 15. 85.
3899 15. 85.
3900 15. 85.
3901 15. 85.
3902 15. 85.
3903 15. 85.
3904 15. 85.
3905 15. 85.
3906 15. 85.
3907 15. 85.
3908 15. 85.
3909 15. 85.
3910 14. 86.
3911 14. 86.
3912 14. 86.
3913 14. 86.
3914 14. 86.
3915 14. 86.
3916 14. 86.
3917 14. 86.
3918 14. 86.
3919 14. 86.
3920 14. 86.
3921 13. 87.
3922 13. 87.
3923 13. 87.
3924 13. 87.
3925 13. 87.
3926 13. 87.
3927 13. 87.
3928 13. 87.
3929 13. 87.
3930 13. 87.
3931 13. 87.
3932 13. 87.
3933 13. 87.
3934 14. 86.
3935 14. 86.
3936 14. 86.
3937 14. 86.
3938 14. 86.
3939 14. 86.
3940 14. 86.
3941 14. 86.
3942 14. 86.
3943 14. 86.
3944 14. 86.
3945 14. 86.
3946 14. 86.
3947 14. 86.
3948 14. 86.
3949 14. 86.
3950 14. 86.
3951 14. 86.
3952 14. 86.
3953 14. 86.
3954 14. 86.
3955 14. 86.
3956 13. 87.
3957 13. 87.
3958 13. 87.
3959 13. 87.
3960 12. 88.
3961 12. 88.
3962 12. 88.
3963 12. 88.
3964 12. 88.
3965 12. 88.
3966 12. 88.
3967 12. 88.
3968 12. 88.
3969 12. 88.
3970 12. 88.
3971 12. 88.
3972 11. 89.
3973 11. 89.
3974 11. 89.
3975 11. 89.
3976 11. 89.
3977 10. 90.
3978 10. 90.
3979 10. 90.
3980 10. 90.
3981 10. 90.
3982 9. 91.
3983 8. 92.
3984 8. 92.
3985 8. 92.
3986 8. 92.
3987 8. 92.
3988 8. 92.
3989 8. 92.
3990 8. 92.
3991 8. 92.
3992 8. 92.
3993 9. 91.
3994 9. 91.
3995 9. 91.
3996 9. 91.
3997 9. 91.
3998 9. 91.
3999 9. 91.
4000 9. 91.
4001 9. 91.
4002 9. 91.
4003 10. 90.
4004 10. 90.
4005 10. 90.
4006 10. 90.
4007 10. 90.
4008 10. 90.
4009 10. 90.
4010 10. 90.
4011 10. 90.
4012 10. 90.
4013 10. 90.
4014 10. 90.
4015 10. 90.
4016 10. 90.
4017 10. 90.
4018 10. 90.
4019 10. 90.
4020 10. 90.
4021 10. 90.
4022 10. 90.
4023 10. 90.
4024 11. 89.
4025 11. 89.
4026 11. 89.
4027 11. 89.
4028 11. 89.
4029 11. 89.
4030 11. 89.
4031 11. 89.
4032 11. 89.
4033 11. 89.
4034 11. 89.
4035 11. 89.
4036 11. 89.
4037 11. 89.
4038 11. 89.
4039 11. 89.
4040 11. 89.
4041 11. 89.
4042 11. 89.
4043 11. 89.
4044 11. 89.
4045 11. 89.
4046 11. 89.
4047 11. 89.
4048 11. 89.
4049 11. 89.
4050 11. 89.
4051 11. 89.
4052 11. 89.
4053 10. 90.
4054 10. 90.
4055 10. 90.
4056 10. 90.
4057 10. 90.
4058 10. 90.
4059 10. 90.
4060 10. 90.
4061 10. 90.
4062 10. 90.
4063 10. 90.
4064 10. 90.
4065 10. 90.
4066 10. 90.
4067 10. 90.
4068 9. 91.
4069 9. 91.
4070 9. 91.
4071 9. 91.
4072 9. 91.
4073 8. 92.
4074 8. 92.
4075 8. 92.
4076 8. 92.
4077 8. 92.
4078 8. 92.
4079 8. 92.
4080 8. 92.
4081 8. 92.
4082 8. 92.
4083 8. 92.
4084 8. 92.
4085 8. 92.
4086 8. 92.
4087 8. 92.
4088 8. 92.
4089 8. 92.
4090 8. 92.
4091 8. 92.
4092 8. 92.
4093 8. 92.
4094 8. 92.
4095 8. 92.
4096 8. 92.
4097 7. 93.
4098 7. 93.
4099 7. 93.
4100 7. 93.
4101 7. 93.
4102 7. 93.
4103 7. 93.
4104 7. 93.
4105 7. 93.
4106 7. 93.
4107 7. 93.
4108 7. 93.
4109 7. 93.
4110 7. 93.
4111 6. 94.
4112 6. 94.
4113 6. 94.
4114 6. 94.
4115 6. 94.
4116 6. 94.
4117 6. 94.
4118 6. 94.
4119 6. 94.
4120 6. 94.
4121 6. 94.
4122 6. 94.
4123 6. 94.
4124 6. 94.
4125 6. 94.
4126 6. 94.
4127 6. 94.
4128 6. 94.
4129 6. 94.
4130 6. 94.
4131 6. 94.
4132 6. 94.
4133 6. 94.
4134 6. 94.
4135 6. 94.
4136 6. 94.
4137 6. 94.
4138 6. 94.
4139 6. 94.
4140 6. 94.
4141 6. 94.
4142 7. 93.
4143 7. 93.
4144 7. 93.
4145 7. 93.
4146 7. 93.
4147 8. 92.
4148 8. 92.
4149 8. 92.
4150 8. 92.
4151 8. 92.
4152 8. 92.
4153 8. 92.
4154 8. 92.
4155 8. 92.
4156 8. 92.
4157 8. 92.
4158 8. 92.
4159 8. 92.
4160 8. 92.
4161 8. 92.
4162 8. 92.
4163 8. 92.
4164 8. 92.
4165 8. 92.
4166 8. 92.
4167 8. 92.
4168 8. 92.
4169 8. 92.
4170 8. 92.
4171 8. 92.
4172 8. 92.
4173 7. 93.
4174 7. 93.
4175 7. 93.
4176 8. 92.
4177 8. 92.
4178 8. 92.
4179 8. 92.
4180 8. 92.
4181 8. 92.
4182 8. 92.
4183 8. 92.
4184 8. 92.
4185 8. 92.
4186 8. 92.
4187 8. 92.
4188 7. 93.
4189 7. 93.
4190 8. 92.
4191 8. 92.
4192 8. 92.
4193 8. 92.
4194 8. 92.
4195 8. 92.
4196 8. 92.
4197 8. 92.
4198 8. 92.
4199 8. 92.
4200 8. 92.
4201 8. 92.
4202 8. 92.
4203 8. 92.
4204 8. 92.
4205 8. 92.
4206 8. 92.
4207 8. 92.
4208 8. 92.
4209 8. 92.
4210 7. 93.
4211 7. 93.
4212 7. 93.
4213 7. 93.
4214 7. 93.
4215 7. 93.
4216 7. 93.
4217 7. 93.
4218 7. 93.
4219 7. 93.
4220 7. 93.
4221 7. 93.
4222 6. 94.
4223 6. 94.
4224 6. 94.
4225 7. 93.
4226 7. 93.
4227 7. 93.
4228 7. 93.
4229 7. 93.
4230 7. 93.
4231 7. 93.
4232 7. 93.
4233 7. 93.
4234 7. 93.
4235 7. 93.
4236 6. 94.
4237 6. 94.
4238 6. 94.
4239 6. 94.
4240 6. 94.
4241 6. 94.
4242 6. 94.
4243 6. 94.
4244 6. 94.
4245 6. 94.
4246 6. 94.
4247 6. 94.
4248 6. 94.
4249 6. 94.
4250 6. 94.
4251 6. 94.
4252 6. 94.
4253 6. 94.
4254 6. 94.
4255 6. 94.
4256 6. 94.
4257 6. 94.
4258 6. 94.
4259 6. 94.
4260 6. 94.
4261 6. 94.
4262 6. 94.
4263 6. 94.
4264 6. 94.
4265 6. 94.
4266 7. 93.
4267 7. 93.
4268 7. 93.
4269 7. 93.
4270 7. 93.
4271 7. 93.
4272 7. 93.
4273 7. 93.
4274 7. 93.
4275 7. 93.
4276 7. 93.
4277 7. 93.
4278 7. 93.
4279 7. 93.
4280 7. 93.
4281 7. 93.
4282 7. 93.
4283 7. 93.
4284 7. 93.
4285 7. 93.
4286 7. 93.
4287 7. 93.
4288 7. 93.
4289 7. 93.
4290 7. 93.
4291 7. 93.
4292 7. 93.
4293 7. 93.
4294 7. 93.
4295 7. 93.
4296 7. 93.
4297 7. 93.
4298 6. 94.
4299 6. 94.
4300 6. 94.
4301 6. 94.
4302 6. 94.
4303 6. 94.
4304 6. 94.
4305 6. 94.
4306 6. 94.
4307 6. 94.
4308 6. 94.
4309 6. 94.
4310 6. 94.
4311 7. 93.
4312 7. 93.
4313 7. 93.
4314 7. 93.
4315 7. 93.
4316 7. 93.
4317 7. 93.
4318 7. 93.
4319 7. 93.
4320 8. 92.
4321 8. 92.
4322 8. 92.
4323 8. 92.
4324 7. 93.
4325 7. 93.
4326 7. 93.
4327 7. 93.
4328 7. 93.
4329 7. 93.
4330 7. 93.
4331 7. 93.
4332 7. 93.
4333 7. 93.
4334 7. 93.
4335 7. 93.
4336 7. 93.
4337 7. 93.
4338 7. 93.
4339 7. 93.
4340 7. 93.
4341 7. 93.
4342 8. 92.
4343 8. 92.
4344 8. 92.
4345 8. 92.
4346 8. 92.
4347 8. 92.
4348 8. 92.
4349 8. 92.
4350 8. 92.
4351 7. 93.
4352 7. 93.
4353 7. 93.
4354 7. 93.
4355 7. 93.
4356 7. 93.
4357 7. 93.
4358 7. 93.
4359 7. 93.
4360 7. 93.
4361 6. 94.
4362 6. 94.
4363 6. 94.
4364 6. 94.
4365 6. 94.
4366 6. 94.
4367 6. 94.
4368 6. 94.
4369 7. 93.
4370 7. 93.
4371 7. 93.
4372 7. 93.
4373 7. 93.
4374 7. 93.
4375 7. 93.
4376 7. 93.
4377 7. 93.
4378 7. 93.
4379 7. 93.
4380 7. 93.
4381 7. 93.
4382 7. 93.
4383 7. 93.
4384 7. 93.
4385 7. 93.
4386 8. 92.
4387 8. 92.
4388 8. 92.
4389 7. 93.
4390 7. 93.
4391 7. 93.
4392 7. 93.
4393 7. 93.
4394 7. 93.
4395 7. 93.
4396 7. 93.
4397 7. 93.
4398 7. 93.
4399 7. 93.
4400 7. 93.
4401 7. 93.
4402 7. 93.
4403 7. 93.
4404 7. 93.
4405 7. 93.
4406 7. 93.
4407 7. 93.
4408 7. 93.
4409 7. 93.
4410 7. 93.
4411 7. 93.
4412 7. 93.
4413 7. 93.
4414 7. 93.
4415 6. 94.
4416 7. 93.
4417 7. 93.
4418 7. 93.
4419 7. 93.
4420 7. 93.
4421 7. 93.
4422 7. 93.
4423 7. 93.
4424 7. 93.
4425 7. 93.
4426 7. 93.
4427 7. 93.
4428 7. 93.
4429 7. 93.
4430 7. 93.
4431 7. 93.
4432 7. 93.
4433 7. 93.
4434 8. 92.
4435 8. 92.
4436 8. 92.
4437 8. 92.
4438 8. 92.
4439 8. 92.
4440 8. 92.
4441 8. 92.
4442 8. 92.
4443 8. 92.
4444 8. 92.
4445 8. 92.
4446 8. 92.
4447 8. 92.
4448 8. 92.
4449 8. 92.
4450 8. 92.
4451 8. 92.
4452 8. 92.
4453 8. 92.
4454 8. 92.
4455 8. 92.
4456 8. 92.
4457 8. 92.
4458 8. 92.
4459 8. 92.
4460 8. 92.
4461 8. 92.
4462 8. 92.
4463 8. 92.
4464 8. 92.
4465 8. 92.
4466 9. 91.
4467 8. 92.
4468 7. 93.
4469 7. 93.
4470 7. 93.
4471 8. 92.
4472 8. 92.
4473 8. 92.
4474 8. 92.
4475 8. 92.
4476 8. 92.
4477 8. 92.
4478 8. 92.
4479 8. 92.
4480 8. 92.
4481 8. 92.
4482 8. 92.
4483 8. 92.
4484 8. 92.
4485 8. 92.
4486 8. 92.
4487 8. 92.
4488 8. 92.
4489 8. 92.
4490 8. 92.
4491 8. 92.
4492 8. 92.
4493 8. 92.
4494 8. 92.
4495 8. 92.
4496 8. 92.
4497 8. 92.
4498 8. 92.
4499 8. 92.
4500 8. 92.
4501 8. 92.
4502 8. 92.
4503 8. 92.
4504 8. 92.
4505 8. 92.
4506 8. 92.
4507 8. 92.
4508 9. 91.
4509 9. 91.
4510 9. 91.
4511 9. 91.
4512 9. 91.
4513 9. 91.
4514 9. 91.
4515 9. 91.
4516 9. 91.
4517 9. 91.
4518 9. 91.
4519 9. 91.
4520 9. 91.
4521 9. 91.
4522 9. 91.
4523 9. 91.
4524 9. 91.
4525 9. 91.
4526 9. 91.
4527 9. 91.
4528 9. 91.
4529 10. 90.
4530 10. 90.
4531 10. 90.
4532 10. 90.
4533 10. 90.
4534 10. 90.
4535 10. 90.
4536 10. 90.
4537 10. 90.
4538 10. 90.
4539 10. 90.
4540 10. 90.
4541 10. 90.
4542 10. 90.
4543 10. 90.
4544 10. 90.
4545 10. 90.
4546 10. 90.
4547 10. 90.
4548 10. 90.
4549 10. 90.
4550 10. 90.
4551 11. 89.
4552 11. 89.
4553 11. 89.
4554 11. 89.
4555 11. 89.
4556 11. 89.
4557 11. 89.
4558 10. 90.
4559 10. 90.
4560 11. 89.
4561 11. 89.
4562 11. 89.
4563 11. 89.
4564 11. 89.
4565 11. 89.
4566 11. 89.
4567 11. 89.
4568 12. 88.
4569 12. 88.
4570 12. 88.
4571 12. 88.
4572 12. 88.
4573 12. 88.
4574 12. 88.
4575 12. 88.
4576 12. 88.
4577 12. 88.
4578 12. 88.
4579 12. 88.
4580 12. 88.
4581 11. 89.
4582 11. 89.
4583 11. 89.
4584 11. 89.
4585 11. 89.
4586 11. 89.
4587 11. 89.
4588 11. 89.
4589 11. 89.
4590 11. 89.
4591 11. 89.
4592 11. 89.
4593 11. 89.
4594 11. 89.
4595 11. 89.
4596 11. 89.
4597 11. 89.
4598 11. 89.
4599 11. 89.
4600 11. 89.
4601 11. 89.
4602 11. 89.
4603 11. 89.
4604 10. 90.
4605 10. 90.
4606 10. 90.
4607 10. 90.
4608 11. 89.
4609 11. 89.
4610 11. 89.
4611 11. 89.
4612 11. 89.
4613 11. 89.
4614 11. 89.
4615 11. 89.
4616 11. 89.
4617 11. 89.
4618 11. 89.
4619 11. 89.
4620 11. 89.
4621 11. 89.
4622 11. 89.
4623 11. 89.
4624 11. 89.
4625 11. 89.
4626 11. 89.
4627 11. 89.
4628 10. 90.
4629 9. 91.
4630 9. 91.
4631 9. 91.
4632 9. 91.
4633 9. 91.
4634 9. 91.
4635 9. 91.
4636 9. 91.
4637 9. 91.
4638 9. 91.
4639 9. 91.
4640 9. 91.
4641 9. 91.
4642 9. 91.
4643 9. 91.
4644 9. 91.
4645 9. 91.
4646 9. 91.
4647 9. 91.
4648 9. 91.
4649 9. 91.
4650 9. 91.
4651 10. 90.
4652 10. 90.
4653 10. 90.
4654 10. 90.
4655 10. 90.
4656 10. 90.
4657 10. 90.
4658 10. 90.
4659 10. 90.
4660 10. 90.
4661 11. 89.
4662 11. 89.
4663 11. 89.
4664 11. 89.
4665 11. 89.
4666 11. 89.
4667 11. 89.
4668 11. 89.
4669 11. 89.
4670 11. 89.
4671 11. 89.
4672 11. 89.
4673 11. 89.
4674 11. 89.
4675 11. 89.
4676 11. 89.
4677 11. 89.
4678 10. 90.
4679 10. 90.
4680 10. 90.
4681 10. 90.
4682 10. 90.
4683 11. 89.
4684 11. 89.
4685 11. 89.
4686 11. 89.
4687 11. 89.
4688 11. 89.
4689 11. 89.
4690 11. 89.
4691 11. 89.
4692 11. 89.
4693 11. 89.
4694 11. 89.
4695 11. 89.
4696 11. 89.
4697 11. 89.
4698 11. 89.
4699 11. 89.
4700 11. 89.
4701 11. 89.
4702 11. 89.
4703 11. 89.
4704 11. 89.
4705 11. 89.
4706 11. 89.
4707 11. 89.
4708 11. 89.
4709 11. 89.
4710 11. 89.
4711 11. 89.
4712 11. 89.
4713 11. 89.
4714 11. 89.
4715 11. 89.
4716 11. 89.
4717 11. 89.
4718 11. 89.
4719 11. 89.
4720 11. 89.
4721 10. 90.
4722 10. 90.
4723 10. 90.
4724 10. 90.
4725 10. 90.
4726 10. 90.
4727 10. 90.
4728 10. 90.
4729 10. 90.
4730 10. 90.
4731 10. 90.
4732 10. 90.
4733 10. 90.
4734 10. 90.
4735 10. 90.
4736 10. 90.
4737 10. 90.
4738 10. 90.
4739 10. 90.
4740 10. 90.
4741 11. 89.
4742 11. 89.
4743 11. 89.
4744 11. 89.
4745 11. 89.
4746 11. 89.
4747 11. 89.
4748 11. 89.
4749 11. 89.
4750 10. 90.
4751 10. 90.
4752 10. 90.
4753 10. 90.
4754 10. 90.
4755 10. 90.
4756 10. 90.
4757 10. 90.
4758 10. 90.
4759 10. 90.
4760 10. 90.
4761 10. 90.
4762 10. 90.
4763 10. 90.
4764 10. 90.
4765 10. 90.
4766 10. 90.
4767 10. 90.
4768 10. 90.
4769 10. 90.
4770 10. 90.
4771 10. 90.
4772 10. 90.
4773 10. 90.
4774 10. 90.
4775 10. 90.
4776 10. 90.
4777 10. 90.
4778 10. 90.
4779 10. 90.
4780 10. 90.
4781 10. 90.
4782 10. 90.
4783 10. 90.
4784 10. 90.
4785 11. 89.
4786 11. 89.
4787 11. 89.
4788 10. 90.
4789 10. 90.
4790 10. 90.
4791 10. 90.
4792 10. 90.
4793 10. 90.
4794 10. 90.
4795 10. 90.
4796 10. 90.
4797 10. 90.
4798 10. 90.
4799 11. 89.
4800 11. 89.
4801 11. 89.
4802 11. 89.
4803 11. 89.
4804 10. 90.
4805 10. 90.
4806 10. 90.
4807 10. 90.
4808 10. 90.
4809 10. 90.
4810 11. 89.
4811 11. 89.
4812 11. 89.
4813 11. 89.
4814 11. 89.
4815 11. 89.
4816 11. 89.
4817 11. 89.
4818 11. 89.
4819 11. 89.
4820 11. 89.
4821 11. 89.
4822 11. 89.
4823 11. 89.
4824 11. 89.
4825 11. 89.
4826 11. 89.
4827 11. 89.
4828 11. 89.
4829 11. 89.
4830 11. 89.
4831 11. 89.
4832 11. 89.
4833 12. 88.
4834 12. 88.
4835 12. 88.
4836 12. 88.
4837 13. 87.
4838 13. 87.
4839 13. 87.
4840 12. 88.
4841 12. 88.
4842 12. 88.
4843 12. 88.
4844 12. 88.
4845 12. 88.
4846 12. 88.
4847 12. 88.
4848 12. 88.
4849 11. 89.
4850 11. 89.
4851 11. 89.
4852 11. 89.
4853 10. 90.
4854 10. 90.
4855 10. 90.
4856 10. 90.
4857 10. 90.
4858 11. 89.
4859 11. 89.
4860 11. 89.
4861 11. 89.
4862 11. 89.
4863 11. 89.
4864 11. 89.
4865 11. 89.
4866 11. 89.
4867 11. 89.
4868 11. 89.
4869 11. 89.
4870 11. 89.
4871 11. 89.
4872 11. 89.
4873 11. 89.
4874 11. 89.
4875 11. 89.
4876 10. 90.
4877 10. 90.
4878 9. 91.
4879 9. 91.
4880 9. 91.
4881 9. 91.
4882 8. 92.
4883 8. 92.
4884 8. 92.
4885 8. 92.
4886 8. 92.
4887 9. 91.
4888 9. 91.
4889 9. 91.
4890 9. 91.
4891 9. 91.
4892 9. 91.
4893 9. 91.
4894 9. 91.
4895 9. 91.
4896 9. 91.
4897 9. 91.
4898 9. 91.
4899 9. 91.
4900 9. 91.
4901 9. 91.
4902 9. 91.
4903 9. 91.
4904 9. 91.
4905 9. 91.
4906 9. 91.
4907 9. 91.
4908 9. 91.
4909 9. 91.
4910 9. 91.
4911 9. 91.
4912 9. 91.
4913 9. 91.
4914 9. 91.
4915 9. 91.
4916 9. 91.
4917 9. 91.
4918 9. 91.
4919 9. 91.
4920 9. 91.
4921 9. 91.
4922 9. 91.
4923 9. 91.
4924 9. 91.
4925 10. 90.
4926 10. 90.
4927 10. 90.
4928 10. 90.
4929 10. 90.
4930 10. 90.
4931 10. 90.
4932 10. 90.
4933 10. 90.
4934 10. 90.
4935 10. 90.
4936 10. 90.
4937 10. 90.
4938 10. 90.
4939 10. 90.
4940 11. 89.
4941 11. 89.
4942 11. 89.
4943 11. 89.
4944 11. 89.
4945 11. 89.
4946 11. 89.
4947 11. 89.
4948 11. 89.
4949 11. 89.
4950 11. 89.
4951 11. 89.
4952 11. 89.
4953 11. 89.
4954 11. 89.
4955 11. 89.
4956 11. 89.
4957 11. 89.
4958 11. 89.
4959 12. 88.
4960 12. 88.
4961 12. 88.
4962 12. 88.
4963 12. 88.
4964 12. 88.
4965 12. 88.
4966 11. 89.
4967 11. 89.
4968 11. 89.
4969 11. 89.
4970 11. 89.
4971 11. 89.
4972 10. 90.
4973 10. 90.
4974 10. 90.
4975 11. 89.
4976 11. 89.
4977 11. 89.
4978 10. 90.
4979 10. 90.
4980 10. 90.
4981 10. 90.
4982 10. 90.
4983 10. 90.
4984 10. 90.
4985 10. 90.
4986 10. 90.
4987 10. 90.
4988 10. 90.
4989 10. 90.
4990 10. 90.
4991 10. 90.
4992 10. 90.
4993 10. 90.
4994 10. 90.
4995 10. 90.
4996 10. 90.
4997 10. 90.
4998 10. 90.
4999 10. 90.
5000 10. 90.
5001 10. 90.
5002 10. 90.
5003 10. 90.
5004 11. 89.
5005 11. 89.
5006 11. 89.
5007 11. 89.
5008 11. 89.
5009 11. 89.
5010 11. 89.
5011 11. 89.
5012 11. 89.
5013 11. 89.
5014 11. 89.
5015 11. 89.
5016 11. 89.
5017 11. 89.
5018 11. 89.
5019 11. 89.
5020 11. 89.
5021 11. 89.
5022 10. 90.
5023 10. 90.
5024 10. 90.
5025 10. 90.
5026 9. 91.
5027 9. 91.
5028 9. 91.
5029 9. 91.
5030 9. 91.
5031 9. 91.
5032 9. 91.
5033 9. 91.
5034 9. 91.
5035 9. 91.
5036 9. 91.
5037 9. 91.
5038 9. 91.
5039 9. 91.
5040 9. 91.
5041 9. 91.
5042 9. 91.
5043 9. 91.
5044 9. 91.
5045 9. 91.
5046 9. 91.
5047 9. 91.
5048 9. 91.
5049 9. 91.
5050 9. 91.
5051 9. 91.
5052 9. 91.
5053 9. 91.
5054 9. 91.
5055 9. 91.
5056 9. 91.
5057 9. 91.
5058 9. 91.
5059 9. 91.
5060 9. 91.
5061 9. 91.
5062 9. 91.
5063 9. 91.
5064 9. 91.
5065 9. 91.
5066 9. 91.
5067 9. 91.
5068 9. 91.
5069 9. 91.
5070 9. 91.
5071 9. 91.
5072 9. 91.
5073 9. 91.
5074 9. 91.
5075 9. 91.
5076 9. 91.
5077 9. 91.
5078 9. 91.
5079 9. 91.
5080 9. 91.
5081 9. 91.
5082 9. 91.
5083 9. 91.
5084 9. 91.
5085 9. 91.
5086 9. 91.
5087 9. 91.
5088 9. 91.
5089 8. 92.
5090 8. 92.
5091 8. 92.
5092 8. 92.
5093 8. 92.
5094 8. 92.
5095 8. 92.
5096 7. 93.
5097 7. 93.
5098 8. 92.
5099 8. 92.
5100 8. 92.
5101 8. 92.
5102 8. 92.
5103 8. 92.
5104 8. 92.
5105 8. 92.
5106 8. 92.
5107 8. 92.
5108 8. 92.
5109 8. 92.
5110 8. 92.
5111 8. 92.
5112 9. 91.
5113 9. 91.
5114 9. 91.
5115 9. 91.
5116 9. 91.
5117 9. 91.
5118 9. 91.
5119 9. 91.
5120 9. 91.
5121 9. 91.
5122 8. 92.
5123 8. 92.
5124 8. 92.
5125 8. 92.
5126 8. 92.
5127 8. 92.
5128 8. 92.
5129 8. 92.
5130 8. 92.
5131 8. 92.
5132 8. 92.
5133 8. 92.
5134 7. 93.
5135 7. 93.
5136 7. 93.
5137 7. 93.
5138 7. 93.
5139 7. 93.
5140 7. 93.
5141 7. 93.
5142 7. 93.
5143 7. 93.
5144 7. 93.
5145 7. 93.
5146 7. 93.
5147 7. 93.
5148 7. 93.
5149 7. 93.
5150 7. 93.
5151 7. 93.
5152 7. 93.
5153 7. 93.
5154 7. 93.
5155 7. 93.
5156 7. 93.
5157 7. 93.
5158 7. 93.
5159 8. 92.
5160 8. 92.
5161 8. 92.
5162 8. 92.
5163 9. 91.
5164 9. 91.
5165 9. 91.
5166 9. 91.
5167 9. 91.
5168 9. 91.
5169 9. 91.
5170 10. 90.
5171 11. 89.
5172 11. 89.
5173 11. 89.
5174 11. 89.
5175 11. 89.
5176 11. 89.
5177 11. 89.
5178 11. 89.
5179 11. 89.
5180 11. 89.
5181 11. 89.
5182 11. 89.
5183 11. 89.
5184 11. 89.
5185 11. 89.
5186 11. 89.
5187 11. 89.
5188 11. 89.
5189 10. 90.
5190 11. 89.
5191 11. 89.
5192 11. 89.
5193 11. 89.
5194 11. 89.
5195 11. 89.
5196 11. 89.
5197 11. 89.
5198 11. 89.
5199 11. 89.
5200 11. 89.
5201 11. 89.
5202 11. 89.
5203 11. 89.
5204 10. 90.
5205 10. 90.
5206 10. 90.
5207 9. 91.
5208 9. 91.
5209 9. 91.
5210 9. 91.
5211 9. 91.
5212 9. 91.
5213 9. 91.
5214 9. 91.
5215 9. 91.
5216 9. 91.
5217 9. 91.
5218 9. 91.
5219 9. 91.
5220 9. 91.
5221 9. 91.
5222 9. 91.
5223 9. 91.
5224 9. 91.
5225 9. 91.
5226 9. 91.
5227 9. 91.
5228 9. 91.
5229 9. 91.
5230 9. 91.
5231 9. 91.
5232 9. 91.
5233 9. 91.
5234 10. 90.
5235 10. 90.
5236 9. 91.
5237 9. 91.
5238 9. 91.
5239 9. 91.
5240 9. 91.
5241 9. 91.
5242 9. 91.
5243 9. 91.
5244 9. 91.
5245 9. 91.
5246 9. 91.
5247 9. 91.
5248 9. 91.
5249 9. 91.
5250 9. 91.
5251 9. 91.
5252 9. 91.
5253 9. 91.
5254 9. 91.
5255 9. 91.
5256 9. 91.
5257 9. 91.
5258 9. 91.
5259 9. 91.
5260 9. 91.
5261 9. 91.
5262 9. 91.
5263 9. 91.
5264 9. 91.
5265 9. 91.
5266 9. 91.
5267 9. 91.
5268 9. 91.
5269 9. 91.
5270 9. 91.
5271 9. 91.
5272 9. 91.
5273 9. 91.
5274 9. 91.
5275 9. 91.
5276 9. 91.
5277 9. 91.
5278 9. 91.
5279 9. 91.
5280 9. 91.
5281 9. 91.
5282 9. 91.
5283 9. 91.
5284 9. 91.
5285 9. 91.
5286 9. 91.
5287 9. 91.
5288 9. 91.
5289 9. 91.
5290 9. 91.
5291 9. 91.
5292 9. 91.
5293 9. 91.
5294 9. 91.
5295 9. 91.
5296 9. 91.
5297 8. 92.
5298 8. 92.
5299 7. 93.
5300 7. 93.
5301 7. 93.
5302 7. 93.
5303 7. 93.
5304 7. 93.
5305 7. 93.
5306 7. 93.
5307 7. 93.
5308 7. 93.
5309 7. 93.
5310 7. 93.
5311 7. 93.
5312 7. 93.
5313 7. 93.
5314 7. 93.
5315 7. 93.
5316 7. 93.
5317 8. 92.
5318 8. 92.
5319 8. 92.
5320 8. 92.
5321 8. 92.
5322 8. 92.
5323 8. 92.
5324 8. 92.
5325 8. 92.
5326 8. 92.
5327 8. 92.
5328 8. 92.
5329 8. 92.
5330 8. 92.
5331 8. 92.
5332 8. 92.
5333 8. 92.
5334 8. 92.
5335 8. 92.
5336 8. 92.
5337 8. 92.
5338 8. 92.
5339 8. 92.
5340 8. 92.
5341 8. 92.
5342 8. 92.
5343 9. 91.
5344 9. 91.
5345 9. 91.
5346 9. 91.
5347 9. 91.
5348 9. 91.
5349 9. 91.
5350 9. 91.
5351 9. 91.
5352 9. 91.
5353 9. 91.
5354 9. 91.
5355 9. 91.
5356 9. 91.
5357 9. 91.
5358 9. 91.
5359 9. 91.
5360 9. 91.
5361 9. 91.
5362 9. 91.
5363 9. 91.
5364 9. 91.
5365 9. 91.
5366 9. 91.
5367 9. 91.
5368 9. 91.
5369 9. 91.
5370 9. 91.
5371 9. 91.
5372 9. 91.
5373 9. 91.
5374 9. 91.
5375 9. 91.
5376 8. 92.
5377 8. 92.
5378 8. 92.
5379 8. 92.
5380 8. 92.
5381 8. 92.
5382 8. 92.
5383 8. 92.
5384 8. 92.
5385 8. 92.
5386 9. 91.
5387 9. 91.
5388 9. 91.
5389 9. 91.
5390 9. 91.
5391 9. 91.
5392 9. 91.
5393 10. 90.
5394 10. 90.
5395 10. 90.
5396 10. 90.
5397 10. 90.
5398 10. 90.
5399 10. 90.
5400 10. 90.
5401 10. 90.
5402 10. 90.
5403 11. 89.
5404 12. 88.
5405 11. 89.
5406 11. 89.
5407 11. 89.
5408 10. 90.
5409 10. 90.
5410 10. 90.
5411 11. 89.
5412 11. 89.
5413 11. 89.
5414 11. 89.
5415 11. 89.
5416 11. 89.
5417 11. 89.
5418 11. 89.
5419 11. 89.
5420 11. 89.
5421 11. 89.
5422 11. 89.
5423 11. 89.
5424 11. 89.
5425 11. 89.
5426 11. 89.
5427 11. 89.
5428 11. 89.
5429 11. 89.
5430 11. 89.
5431 11. 89.
5432 10. 90.
5433 10. 90.
5434 10. 90.
5435 10. 90.
5436 10. 90.
5437 10. 90.
5438 10. 90.
5439 10. 90.
5440 10. 90.
5441 10. 90.
5442 10. 90.
5443 10. 90.
5444 10. 90.
5445 10. 90.
5446 10. 90.
5447 9. 91.
5448 9. 91.
5449 8. 92.
5450 8. 92.
5451 8. 92.
5452 8. 92.
5453 8. 92.
5454 9. 91.
5455 9. 91.
5456 9. 91.
5457 9. 91.
5458 9. 91.
5459 9. 91.
5460 9. 91.
5461 9. 91.
5462 9. 91.
5463 9. 91.
5464 9. 91.
5465 9. 91.
5466 9. 91.
5467 9. 91.
5468 9. 91.
5469 9. 91.
5470 9. 91.
5471 9. 91.
5472 9. 91.
5473 9. 91.
5474 9. 91.
5475 9. 91.
5476 9. 91.
5477 9. 91.
5478 9. 91.
5479 9. 91.
5480 9. 91.
5481 9. 91.
5482 9. 91.
5483 9. 91.
5484 9. 91.
5485 9. 91.
5486 9. 91.
5487 9. 91.
5488 9. 91.
5489 9. 91.
5490 9. 91.
5491 9. 91.
5492 9. 91.
5493 9. 91.
5494 9. 91.
5495 9. 91.
5496 9. 91.
5497 9. 91.
5498 9. 91.
5499 9. 91.
5500 9. 91.
5501 9. 91.
5502 9. 91.
5503 9. 91.
5504 9. 91.
5505 9. 91.
5506 9. 91.
5507 9. 91.
5508 9. 91.
5509 9. 91.
5510 9. 91.
5511 9. 91.
5512 9. 91.
5513 9. 91.
5514 9. 91.
5515 9. 91.
5516 9. 91.
5517 9. 91.
5518 9. 91.
5519 9. 91.
5520 9. 91.
5521 9. 91.
5522 9. 91.
5523 9. 91.
5524 9. 91.
5525 9. 91.
5526 9. 91.
5527 9. 91.
5528 9. 91.
5529 9. 91.
5530 9. 91.
5531 9. 91.
5532 10. 90.
5533 10. 90.
5534 10. 90.
5535 10. 90.
5536 10. 90.
5537 10. 90.
5538 10. 90.
5539 10. 90.
5540 10. 90.
5541 10. 90.
5542 10. 90.
5543 10. 90.
5544 10. 90.
5545 10. 90.
5546 10. 90.
5547 10. 90.
5548 10. 90.
5549 10. 90.
5550 10. 90.
5551 10. 90.
5552 10. 90.
5553 10. 90.
5554 10. 90.
5555 10. 90.
5556 9. 91.
5557 9. 91.
5558 9. 91.
5559 9. 91.
5560 9. 91.
5561 10. 90.
5562 9. 91.
5563 9. 91.
5564 9. 91.
5565 9. 91.
5566 9. 91.
5567 9. 91.
5568 9. 91.
5569 9. 91.
5570 9. 91.
5571 9. 91.
5572 9. 91.
5573 9. 91.
5574 10. 90.
5575 10. 90.
5576 10. 90.
5577 10. 90.
5578 10. 90.
5579 10. 90.
5580 10. 90.
5581 10. 90.
5582 10. 90.
5583 11. 89.
5584 11. 89.
5585 11. 89.
5586 11. 89.
5587 12. 88.
5588 12. 88.
5589 12. 88.
5590 12. 88.
5591 12. 88.
5592 12. 88.
5593 12. 88.
5594 12. 88.
5595 12. 88.
5596 12. 88.
5597 12. 88.
5598 12. 88.
5599 12. 88.
5600 12. 88.
5601 12. 88.
5602 12. 88.
5603 12. 88.
5604 12. 88.
5605 12. 88.
5606 11. 89.
5607 11. 89.
5608 11. 89.
5609 11. 89.
5610 11. 89.
5611 11. 89.
5612 11. 89.
5613 11. 89.
5614 11. 89.
5615 11. 89.
5616 11. 89.
5617 11. 89.
5618 11. 89.
5619 11. 89.
5620 11. 89.
5621 11. 89.
5622 11. 89.
5623 11. 89.
5624 11. 89.
5625 11. 89.
5626 11. 89.
5627 11. 89.
5628 10. 90.
5629 11. 89.
5630 11. 89.
5631 11. 89.
5632 11. 89.
5633 11. 89.
5634 11. 89.
5635 11. 89.
5636 11. 89.
5637 11. 89.
5638 11. 89.
5639 11. 89.
5640 11. 89.
5641 11. 89.
5642 11. 89.
5643 11. 89.
5644 11. 89.
5645 11. 89.
5646 11. 89.
5647 11. 89.
5648 11. 89.
5649 11. 89.
5650 11. 89.
5651 11. 89.
5652 10. 90.
5653 9. 91.
5654 9. 91.
5655 9. 91.
5656 9. 91.
5657 9. 91.
5658 9. 91.
5659 8. 92.
5660 8. 92.
5661 8. 92.
5662 8. 92.
5663 8. 92.
5664 7. 93.
5665 7. 93.
5666 7. 93.
5667 7. 93.
5668 7. 93.
5669 7. 93.
5670 7. 93.
5671 7. 93.
5672 7. 93.
5673 7. 93.
5674 7. 93.
5675 7. 93.
5676 7. 93.
5677 7. 93.
5678 7. 93.
5679 7. 93.
5680 7. 93.
5681 7. 93.
5682 7. 93.
5683 7. 93.
5684 7. 93.
5685 7. 93.
5686 7. 93.
5687 7. 93.
5688 7. 93.
5689 7. 93.
5690 7. 93.
5691 7. 93.
5692 7. 93.
5693 7. 93.
5694 7. 93.
5695 7. 93.
5696 7. 93.
5697 7. 93.
5698 7. 93.
5699 7. 93.
5700 7. 93.
5701 7. 93.
5702 7. 93.
5703 7. 93.
5704 7. 93.
5705 7. 93.
5706 7. 93.
5707 7. 93.
5708 7. 93.
5709 7. 93.
5710 7. 93.
5711 7. 93.
5712 7. 93.
5713 7. 93.
5714 7. 93.
5715 7. 93.
5716 7. 93.
5717 7. 93.
5718 7. 93.
5719 7. 93.
5720 7. 93.
5721 7. 93.
5722 7. 93.
5723 7. 93.
5724 7. 93.
5725 7. 93.
5726 7. 93.
5727 6. 94.
5728 6. 94.
5729 6. 94.
5730 6. 94.
5731 5. 95.
5732 5. 95.
5733 5. 95.
5734 5. 95.
5735 5. 95.
5736 5. 95.
5737 5. 95.
5738 5. 95.
5739 5. 95.
5740 5. 95.
5741 5. 95.
5742 5. 95.
5743 5. 95.
5744 5. 95.
5745 5. 95.
5746 5. 95.
5747 5. 95.
5748 5. 95.
5749 5. 95.
5750 5. 95.
5751 5. 95.
5752 5. 95.
5753 5. 95.
5754 5. 95.
5755 5. 95.
5756 5. 95.
5757 5. 95.
5758 5. 95.
5759 5. 95.
5760 5. 95.
5761 5. 95.
5762 5. 95.
5763 5. 95.
5764 5. 95.
5765 5. 95.
5766 5. 95.
5767 5. 95.
5768 5. 95.
5769 5. 95.
5770 5. 95.
5771 5. 95.
5772 5. 95.
5773 5. 95.
5774 5. 95.
5775 5. 95.
5776 5. 95.
5777 5. 95.
5778 5. 95.
5779 5. 95.
5780 6. 94.
5781 6. 94.
5782 6. 94.
5783 6. 94.
5784 6. 94.
5785 6. 94.
5786 6. 94.
5787 6. 94.
5788 6. 94.
5789 6. 94.
5790 6. 94.
5791 6. 94.
5792 6. 94.
5793 6. 94.
5794 6. 94.
5795 6. 94.
5796 6. 94.
5797 6. 94.
5798 7. 93.
5799 7. 93.
5800 7. 93.
5801 7. 93.
5802 6. 94.
5803 6. 94.
5804 6. 94.
5805 6. 94.
5806 6. 94.
5807 6. 94.
5808 6. 94.
5809 6. 94.
5810 6. 94.
5811 6. 94.
5812 6. 94.
5813 6. 94.
5814 5. 95.
5815 6. 94.
5816 6. 94.
5817 6. 94.
5818 6. 94.
5819 6. 94.
5820 6. 94.
5821 6. 94.
5822 6. 94.
5823 6. 94.
5824 6. 94.
5825 6. 94.
5826 6. 94.
5827 6. 94.
5828 6. 94.
5829 6. 94.
5830 7. 93.
5831 7. 93.
5832 7. 93.
5833 7. 93.
5834 7. 93.
5835 7. 93.
5836 7. 93.
5837 7. 93.
5838 6. 94.
5839 6. 94.
5840 6. 94.
5841 6. 94.
5842 6. 94.
5843 6. 94.
5844 6. 94.
5845 6. 94.
5846 6. 94.
5847 6. 94.
5848 6. 94.
5849 6. 94.
5850 6. 94.
5851 6. 94.
5852 6. 94.
5853 6. 94.
5854 6. 94.
5855 6. 94.
5856 6. 94.
5857 6. 94.
5858 6. 94.
5859 6. 94.
5860 7. 93.
5861 7. 93.
5862 7. 93.
5863 7. 93.
5864 7. 93.
5865 7. 93.
5866 7. 93.
5867 7. 93.
5868 7. 93.
5869 7. 93.
5870 7. 93.
5871 7. 93.
5872 7. 93.
5873 7. 93.
5874 7. 93.
5875 6. 94.
5876 6. 94.
5877 6. 94.
5878 6. 94.
5879 6. 94.
5880 6. 94.
5881 6. 94.
5882 6. 94.
5883 6. 94.
5884 6. 94.
5885 6. 94.
5886 7. 93.
5887 7. 93.
5888 7. 93.
5889 7. 93.
5890 7. 93.
5891 8. 92.
5892 8. 92.
5893 8. 92.
5894 9. 91.
5895 9. 91.
5896 9. 91.
5897 9. 91.
5898 9. 91.
5899 9. 91.
5900 9. 91.
5901 9. 91.
5902 9. 91.
5903 9. 91.
5904 9. 91.
5905 9. 91.
5906 9. 91.
5907 9. 91.
5908 9. 91.
5909 9. 91.
5910 9. 91.
5911 9. 91.
5912 8. 92.
5913 8. 92.
5914 8. 92.
5915 7. 93.
5916 7. 93.
5917 7. 93.
5918 7. 93.
5919 7. 93.
5920 7. 93.
5921 7. 93.
5922 7. 93.
5923 7. 93.
5924 7. 93.
5925 7. 93.
5926 7. 93.
5927 7. 93.
5928 7. 93.
5929 7. 93.
5930 7. 93.
5931 6. 94.
5932 6. 94.
5933 6. 94.
5934 6. 94.
5935 6. 94.
5936 6. 94.
5937 6. 94.
5938 5. 95.
5939 5. 95.
5940 5. 95.
5941 5. 95.
5942 5. 95.
5943 5. 95.
5944 5. 95.
5945 5. 95.
5946 5. 95.
5947 5. 95.
5948 5. 95.
5949 5. 95.
5950 5. 95.
5951 5. 95.
5952 5. 95.
5953 5. 95.
5954 5. 95.
5955 5. 95.
5956 5. 95.
5957 5. 95.
5958 5. 95.
5959 5. 95.
5960 5. 95.
5961 5. 95.
5962 5. 95.
5963 5. 95.
5964 5. 95.
5965 5. 95.
5966 5. 95.
5967 5. 95.
5968 5. 95.
5969 5. 95.
5970 5. 95.
5971 5. 95.
5972 6. 94.
5973 6. 94.
5974 6. 94.
5975 6. 94.
5976 6. 94.
5977 7. 93.
5978 7. 93.
5979 7. 93.
5980 7. 93.
5981 6. 94.
5982 6. 94.
5983 6. 94.
5984 6. 94.
5985 6. 94.
5986 6. 94.
5987 6. 94.
5988 6. 94.
5989 6. 94.
5990 6. 94.
5991 6. 94.
5992 6. 94.
5993 6. 94.
5994 6. 94.
5995 6. 94.
5996 6. 94.
5997 6. 94.
5998 6. 94.
5999 6. 94.
6000 6. 94.
6001 6. 94.
6002 6. 94.
6003 6. 94.
6004 6. 94.
6005 6. 94.
6006 6. 94.
6007 5. 95.
6008 5. 95.
6009 5. 95.
6010 5. 95.
6011 5. 95.
6012 5. 95.
6013 4. 96.
6014 4. 96.
6015 4. 96.
6016 4. 96.
6017 4. 96.
6018 4. 96.
6019 4. 96.
6020 4. 96.
6021 4. 96.
6022 4. 96.
6023 4. 96.
6024 4. 96.
6025 4. 96.
6026 4. 96.
6027 4. 96.
6028 4. 96.
6029 4. 96.
6030 4. 96.
6031 5. 95.
6032 5. 95.
6033 4. 96.
6034 4. 96.
6035 4. 96.
6036 4. 96.
6037 4. 96.
6038 4. 96.
6039 4. 96.
6040 4. 96.
6041 4. 96.
6042 4. 96.
6043 4. 96.
6044 4. 96.
6045 4. 96.
6046 4. 96.
6047 4. 96.
6048 4. 96.
6049 4. 96.
6050 4. 96.
6051 4. 96.
6052 4. 96.
6053 4. 96.
6054 4. 96.
6055 4. 96.
6056 4. 96.
6057 4. 96.
6058 4. 96.
6059 4. 96.
6060 4. 96.
6061 4. 96.
6062 4. 96.
6063 4. 96.
6064 4. 96.
6065 4. 96.
6066 4. 96.
6067 4. 96.
6068 4. 96.
6069 4. 96.
6070 4. 96.
6071 4. 96.
6072 4. 96.
6073 4. 96.
6074 4. 96.
6075 4. 96.
6076 4. 96.
6077 4. 96.
6078 4. 96.
6079 4. 96.
6080 4. 96.
6081 4. 96.
6082 4. 96.
6083 4. 96.
6084 4. 96.
6085 4. 96.
6086 4. 96.
6087 4. 96.
6088 4. 96.
6089 4. 96.
6090 4. 96.
6091 4. 96.
6092 4. 96.
6093 4. 96.
6094 4. 96.
6095 5. 95.
6096 5. 95.
6097 5. 95.
6098 4. 96.
6099 4. 96.
6100 4. 96.
6101 4. 96.
6102 4. 96.
6103 4. 96.
6104 4. 96.
6105 4. 96.
6106 3. 97.
6107 3. 97.
6108 3. 97.
6109 3. 97.
6110 3. 97.
6111 4. 96.
6112 4. 96.
6113 4. 96.
6114 4. 96.
6115 4. 96.
6116 4. 96.
6117 4. 96.
6118 4. 96.
6119 4. 96.
6120 4. 96.
6121 4. 96.
6122 4. 96.
6123 4. 96.
6124 4. 96.
6125 4. 96.
6126 4. 96.
6127 4. 96.
6128 4. 96.
6129 4. 96.
6130 4. 96.
6131 4. 96.
6132 4. 96.
6133 4. 96.
6134 4. 96.
6135 4. 96.
6136 4. 96.
6137 4. 96.
6138 4. 96.
6139 4. 96.
6140 4. 96.
6141 4. 96.
6142 4. 96.
6143 4. 96.
6144 4. 96.
6145 4. 96.
6146 4. 96.
6147 4. 96.
6148 4. 96.
6149 4. 96.
6150 4. 96.
6151 4. 96.
6152 4. 96.
6153 4. 96.
6154 4. 96.
6155 4. 96.
6156 4. 96.
6157 4. 96.
6158 4. 96.
6159 4. 96.
6160 4. 96.
6161 4. 96.
6162 4. 96.
6163 4. 96.
6164 4. 96.
6165 4. 96.
6166 4. 96.
6167 4. 96.
6168 4. 96.
6169 4. 96.
6170 4. 96.
6171 4. 96.
6172 4. 96.
6173 4. 96.
6174 4. 96.
6175 4. 96.
6176 4. 96.
6177 4. 96.
6178 4. 96.
6179 4. 96.
6180 4. 96.
6181 4. 96.
6182 4. 96.
6183 4. 96.
6184 4. 96.
6185 4. 96.
6186 4. 96.
6187 4. 96.
6188 4. 96.
6189 4. 96.
6190 4. 96.
6191 4. 96.
6192 4. 96.
6193 4. 96.
6194 4. 96.
6195 4. 96.
6196 4. 96.
6197 4. 96.
6198 4. 96.
6199 4. 96.
6200 4. 96.
6201 4. 96.
6202 4. 96.
6203 4. 96.
6204 4. 96.
6205 4. 96.
6206 4. 96.
6207 4. 96.
6208 5. 95.
6209 5. 95.
6210 6. 94.
6211 6. 94.
6212 6. 94.
6213 6. 94.
6214 6. 94.
6215 6. 94.
6216 6. 94.
6217 6. 94.
6218 6. 94.
6219 6. 94.
6220 6. 94.
6221 6. 94.
6222 6. 94.
6223 6. 94.
6224 6. 94.
6225 6. 94.
6226 6. 94.
6227 6. 94.
6228 6. 94.
6229 6. 94.
6230 6. 94.
6231 6. 94.
6232 6. 94.
6233 6. 94.
6234 6. 94.
6235 6. 94.
6236 6. 94.
6237 6. 94.
6238 6. 94.
6239 6. 94.
6240 6. 94.
6241 6. 94.
6242 6. 94.
6243 6. 94.
6244 6. 94.
6245 6. 94.
6246 6. 94.
6247 6. 94.
6248 6. 94.
6249 6. 94.
6250 6. 94.
6251 6. 94.
6252 6. 94.
6253 6. 94.
6254 6. 94.
6255 6. 94.
6256 6. 94.
6257 6. 94.
6258 6. 94.
6259 6. 94.
6260 6. 94.
6261 6. 94.
6262 6. 94.
6263 6. 94.
6264 6. 94.
6265 6. 94.
6266 6. 94.
6267 7. 93.
6268 7. 93.
6269 8. 92.
6270 9. 91.
6271 9. 91.
6272 8. 92.
6273 8. 92.
6274 8. 92.
6275 8. 92.
6276 8. 92.
6277 8. 92.
6278 8. 92.
6279 8. 92.
6280 8. 92.
6281 8. 92.
6282 8. 92.
6283 8. 92.
6284 8. 92.
6285 8. 92.
6286 8. 92.
6287 8. 92.
6288 8. 92.
6289 8. 92.
6290 8. 92.
6291 8. 92.
6292 8. 92.
6293 8. 92.
6294 8. 92.
6295 8. 92.
6296 8. 92.
6297 8. 92.
6298 8. 92.
6299 8. 92.
6300 8. 92.
6301 8. 92.
6302 8. 92.
6303 8. 92.
6304 8. 92.
6305 8. 92.
6306 8. 92.
6307 8. 92.
6308 8. 92.
6309 8. 92.
6310 8. 92.
6311 8. 92.
6312 8. 92.
6313 8. 92.
6314 8. 92.
6315 8. 92.
6316 7. 93.
6317 7. 93.
6318 7. 93.
6319 7. 93.
6320 7. 93.
6321 8. 92.
6322 8. 92.
6323 8. 92.
6324 9. 91.
6325 9. 91.
6326 9. 91.
6327 9. 91.
6328 9. 91.
6329 9. 91.
6330 9. 91.
6331 9. 91.
6332 9. 91.
6333 9. 91.
6334 9. 91.
6335 9. 91.
6336 9. 91.
6337 9. 91.
6338 9. 91.
6339 9. 91.
6340 9. 91.
6341 9. 91.
6342 9. 91.
6343 9. 91.
6344 8. 92.
6345 7. 93.
6346 7. 93.
6347 7. 93.
6348 7. 93.
6349 7. 93.
6350 7. 93.
6351 7. 93.
6352 7. 93.
6353 6. 94.
6354 6. 94.
6355 6. 94.
6356 6. 94.
6357 6. 94.
6358 6. 94.
6359 7. 93.
6360 7. 93.
6361 7. 93.
6362 8. 92.
6363 8. 92.
6364 7. 93.
6365 7. 93.
6366 7. 93.
6367 8. 92.
6368 8. 92.
6369 8. 92.
6370 8. 92.
6371 8. 92.
6372 8. 92.
6373 8. 92.
6374 8. 92.
6375 8. 92.
6376 8. 92.
6377 8. 92.
6378 8. 92.
6379 8. 92.
6380 9. 91.
6381 9. 91.
6382 9. 91.
6383 10. 90.
6384 10. 90.
6385 10. 90.
6386 10. 90.
6387 10. 90.
6388 10. 90.
6389 10. 90.
6390 10. 90.
6391 10. 90.
6392 10. 90.
6393 10. 90.
6394 10. 90.
6395 10. 90.
6396 10. 90.
6397 10. 90.
6398 10. 90.
6399 10. 90.
6400 10. 90.
6401 10. 90.
6402 10. 90.
6403 10. 90.
6404 10. 90.
6405 9. 91.
6406 9. 91.
6407 9. 91.
6408 9. 91.
6409 8. 92.
6410 8. 92.
6411 8. 92.
6412 8. 92.
6413 8. 92.
6414 7. 93.
6415 7. 93.
6416 7. 93.
6417 7. 93.
6418 7. 93.
6419 8. 92.
6420 8. 92.
6421 8. 92.
6422 8. 92.
6423 8. 92.
6424 8. 92.
6425 8. 92.
6426 7. 93.
6427 7. 93.
6428 7. 93.
6429 7. 93.
6430 7. 93.
6431 7. 93.
6432 7. 93.
6433 7. 93.
6434 7. 93.
6435 7. 93.
6436 8. 92.
6437 8. 92.
6438 8. 92.
6439 8. 92.
6440 9. 91.
6441 8. 92.
6442 8. 92.
6443 8. 92.
6444 8. 92.
6445 8. 92.
6446 8. 92.
6447 9. 91.
6448 9. 91.
6449 9. 91.
6450 9. 91.
6451 9. 91.
6452 9. 91.
6453 8. 92.
6454 8. 92.
6455 8. 92.
6456 8. 92.
6457 8. 92.
6458 8. 92.
6459 8. 92.
6460 8. 92.
6461 8. 92.
6462 8. 92.
6463 8. 92.
6464 8. 92.
6465 8. 92.
6466 8. 92.
6467 8. 92.
6468 8. 92.
6469 9. 91.
6470 9. 91.
6471 9. 91.
6472 9. 91.
6473 9. 91.
6474 9. 91.
6475 9. 91.
6476 9. 91.
6477 8. 92.
6478 8. 92.
6479 8. 92.
6480 8. 92.
6481 8. 92.
6482 8. 92.
6483 8. 92.
6484 8. 92.
6485 9. 91.
6486 9. 91.
6487 9. 91.
6488 9. 91.
6489 9. 91.
6490 9. 91.
6491 9. 91.
6492 9. 91.
6493 9. 91.
6494 9. 91.
6495 9. 91.
6496 9. 91.
6497 9. 91.
6498 9. 91.
6499 9. 91.
6500 9. 91.
6501 9. 91.
6502 9. 91.
6503 9. 91.
6504 9. 91.
6505 9. 91.
6506 9. 91.
6507 9. 91.
6508 9. 91.
6509 8. 92.
6510 8. 92.
6511 8. 92.
6512 8. 92.
6513 8. 92.
6514 8. 92.
6515 8. 92.
6516 8. 92.
6517 8. 92.
6518 8. 92.
6519 8. 92.
6520 8. 92.
6521 8. 92.
6522 8. 92.
6523 8. 92.
6524 8. 92.
6525 8. 92.
6526 8. 92.
6527 8. 92.
6528 8. 92.
6529 8. 92.
6530 8. 92.
6531 8. 92.
6532 8. 92.
6533 8. 92.
6534 8. 92.
6535 8. 92.
6536 7. 93.
6537 7. 93.
6538 6. 94.
6539 6. 94.
6540 6. 94.
6541 6. 94.
6542 6. 94.
6543 5. 95.
6544 5. 95.
6545 5. 95.
6546 5. 95.
6547 5. 95.
6548 5. 95.
6549 5. 95.
6550 5. 95.
6551 5. 95.
6552 5. 95.
6553 5. 95.
6554 6. 94.
6555 7. 93.
6556 7. 93.
6557 7. 93.
6558 7. 93.
6559 7. 93.
6560 7. 93.
6561 7. 93.
6562 7. 93.
6563 7. 93.
6564 7. 93.
6565 7. 93.
6566 7. 93.
6567 7. 93.
6568 7. 93.
6569 7. 93.
6570 7. 93.
6571 7. 93.
6572 7. 93.
6573 7. 93.
6574 7. 93.
6575 7. 93.
6576 7. 93.
6577 7. 93.
6578 7. 93.
6579 7. 93.
6580 7. 93.
6581 7. 93.
6582 7. 93.
6583 7. 93.
6584 7. 93.
6585 7. 93.
6586 7. 93.
6587 6. 94.
6588 6. 94.
6589 6. 94.
6590 6. 94.
6591 6. 94.
6592 6. 94.
6593 6. 94.
6594 6. 94.
6595 6. 94.
6596 6. 94.
6597 6. 94.
6598 7. 93.
6599 6. 94.
6600 6. 94.
6601 6. 94.
6602 6. 94.
6603 6. 94.
6604 6. 94.
6605 6. 94.
6606 6. 94.
6607 6. 94.
6608 6. 94.
6609 6. 94.
6610 6. 94.
6611 6. 94.
6612 6. 94.
6613 6. 94.
6614 6. 94.
6615 6. 94.
6616 6. 94.
6617 6. 94.
6618 6. 94.
6619 6. 94.
6620 6. 94.
6621 6. 94.
6622 5. 95.
6623 5. 95.
6624 5. 95.
6625 5. 95.
6626 5. 95.
6627 5. 95.
6628 5. 95.
6629 5. 95.
6630 5. 95.
6631 5. 95.
6632 5. 95.
6633 5. 95.
6634 5. 95.
6635 5. 95.
6636 5. 95.
6637 5. 95.
6638 5. 95.
6639 5. 95.
6640 5. 95.
6641 5. 95.
6642 5. 95.
6643 5. 95.
6644 5. 95.
6645 5. 95.
6646 5. 95.
6647 5. 95.
6648 5. 95.
6649 5. 95.
6650 5. 95.
6651 5. 95.
6652 5. 95.
6653 5. 95.
6654 5. 95.
6655 5. 95.
6656 5. 95.
6657 5. 95.
6658 5. 95.
6659 5. 95.
6660 5. 95.
6661 5. 95.
6662 5. 95.
6663 5. 95.
6664 5. 95.
6665 5. 95.
6666 4. 96.
6667 4. 96.
6668 4. 96.
6669 4. 96.
6670 4. 96.
6671 4. 96.
6672 4. 96.
6673 4. 96.
6674 4. 96.
6675 4. 96.
6676 4. 96.
6677 4. 96.
6678 4. 96.
6679 3. 97.
6680 3. 97.
6681 3. 97.
6682 3. 97.
6683 3. 97.
6684 3. 97.
6685 3. 97.
6686 3. 97.
6687 3. 97.
6688 3. 97.
6689 3. 97.
6690 3. 97.
6691 3. 97.
6692 3. 97.
6693 3. 97.
6694 3. 97.
6695 3. 97.
6696 3. 97.
6697 3. 97.
6698 3. 97.
6699 3. 97.
6700 3. 97.
6701 3. 97.
6702 3. 97.
6703 3. 97.
6704 3. 97.
6705 3. 97.
6706 3. 97.
6707 3. 97.
6708 3. 97.
6709 3. 97.
6710 3. 97.
6711 3. 97.
6712 3. 97.
6713 3. 97.
6714 3. 97.
6715 3. 97.
6716 3. 97.
6717 3. 97.
6718 3. 97.
6719 3. 97.
6720 2. 98.
6721 3. 97.
6722 3. 97.
6723 3. 97.
6724 3. 97.
6725 3. 97.
6726 3. 97.
6727 3. 97.
6728 3. 97.
6729 3. 97.
6730 3. 97.
6731 3. 97.
6732 4. 96.
6733 4. 96.
6734 4. 96.
6735 4. 96.
6736 4. 96.
6737 4. 96.
6738 4. 96.
6739 4. 96.
6740 4. 96.
6741 4. 96.
6742 4. 96.
6743 4. 96.
6744 4. 96.
6745 5. 95.
6746 5. 95.
6747 5. 95.
6748 5. 95.
6749 5. 95.
6750 5. 95.
6751 5. 95.
6752 5. 95.
6753 5. 95.
6754 5. 95.
6755 5. 95.
6756 4. 96.
6757 4. 96.
6758 4. 96.
6759 4. 96.
6760 4. 96.
6761 4. 96.
6762 4. 96.
6763 4. 96.
6764 4. 96.
6765 4. 96.
6766 4. 96.
6767 4. 96.
6768 4. 96.
6769 4. 96.
6770 4. 96.
6771 4. 96.
6772 4. 96.
6773 4. 96.
6774 4. 96.
6775 4. 96.
6776 4. 96.
6777 4. 96.
6778 4. 96.
6779 4. 96.
6780 4. 96.
6781 4. 96.
6782 4. 96.
6783 4. 96.
6784 4. 96.
6785 4. 96.
6786 4. 96.
6787 4. 96.
6788 4. 96.
6789 4. 96.
6790 4. 96.
6791 4. 96.
6792 4. 96.
6793 4. 96.
6794 4. 96.
6795 4. 96.
6796 4. 96.
6797 4. 96.
6798 4. 96.
6799 4. 96.
6800 4. 96.
6801 4. 96.
6802 4. 96.
6803 4. 96.
6804 4. 96.
6805 4. 96.
6806 4. 96.
6807 4. 96.
6808 4. 96.
6809 4. 96.
6810 4. 96.
6811 4. 96.
6812 4. 96.
6813 4. 96.
6814 4. 96.
6815 4. 96.
6816 4. 96.
6817 4. 96.
6818 4. 96.
6819 4. 96.
6820 4. 96.
6821 4. 96.
6822 4. 96.
6823 4. 96.
6824 4. 96.
6825 4. 96.
6826 4. 96.
6827 4. 96.
6828 4. 96.
6829 4. 96.
6830 4. 96.
6831 4. 96.
6832 4. 96.
6833 4. 96.
6834 4. 96.
6835 4. 96.
6836 3. 97.
6837 3. 97.
6838 3. 97.
6839 3. 97.
6840 3. 97.
6841 3. 97.
6842 3. 97.
6843 3. 97.
6844 3. 97.
6845 2. 98.
6846 2. 98.
6847 2. 98.
6848 2. 98.
6849 2. 98.
6850 2. 98.
6851 2. 98.
6852 2. 98.
6853 2. 98.
6854 2. 98.
6855 2. 98.
6856 2. 98.
6857 2. 98.
6858 2. 98.
6859 2. 98.
6860 2. 98.
6861 1. 99.
6862 1. 99.
6863 1. 99.
6864 1. 99.
6865 1. 99.
6866 1. 99.
6867 1. 99.
6868 1. 99.
6869 1. 99.
6870 1. 99.
6871 1. 99.
6872 1. 99.
6873 1. 99.
6874 1. 99.
6875 1. 99.
6876 1. 99.
6877 1. 99.
6878 1. 99.
6879 1. 99.
6880 1. 99.
6881 1. 99.
6882 1. 99.
6883 1. 99.
6884 1. 99.
6885 1. 99.
6886 1. 99.
6887 1. 99.
6888 1. 99.
6889 1. 99.
6890 1. 99.
6891 1. 99.
6892 1. 99.
6893 1. 99.
6894 1. 99.
6895 1. 99.
6896 1. 99.
6897 1. 99.
6898 1. 99.
6899 1. 99.
6900 1. 99.
6901 1. 99.
6902 1. 99.
6903 1. 99.
6904 1. 99.
6905 1. 99.
6906 1. 99.
6907 2. 98.
6908 2. 98.
6909 2. 98.
6910 2. 98.
6911 2. 98.
6912 3. 97.
6913 3. 97.
6914 3. 97.
6915 3. 97.
6916 3. 97.
6917 3. 97.
6918 3. 97.
6919 3. 97.
6920 3. 97.
6921 3. 97.
6922 3. 97.
6923 3. 97.
6924 3. 97.
6925 3. 97.
6926 3. 97.
6927 3. 97.
6928 3. 97.
6929 3. 97.
6930 3. 97.
6931 3. 97.
6932 3. 97.
6933 3. 97.
6934 3. 97.
6935 3. 97.
6936 3. 97.
6937 3. 97.
6938 3. 97.
6939 3. 97.
6940 3. 97.
6941 3. 97.
6942 3. 97.
6943 3. 97.
6944 3. 97.
6945 3. 97.
6946 3. 97.
6947 3. 97.
6948 3. 97.
6949 3. 97.
6950 3. 97.
6951 3. 97.
6952 3. 97.
6953 3. 97.
6954 3. 97.
6955 3. 97.
6956 3. 97.
6957 4. 96.
6958 4. 96.
6959 5. 95.
6960 5. 95.
6961 5. 95.
6962 5. 95.
6963 5. 95.
6964 4. 96.
6965 4. 96.
6966 4. 96.
6967 4. 96.
6968 4. 96.
6969 4. 96.
6970 4. 96.
6971 4. 96.
6972 4. 96.
6973 4. 96.
6974 4. 96.
6975 4. 96.
6976 4. 96.
6977 4. 96.
6978 4. 96.
6979 4. 96.
6980 4. 96.
6981 4. 96.
6982 4. 96.
6983 4. 96.
6984 4. 96.
6985 4. 96.
6986 4. 96.
6987 4. 96.
6988 4. 96.
6989 4. 96.
6990 4. 96.
6991 4. 96.
6992 4. 96.
6993 3. 97.
6994 3. 97.
6995 3. 97.
6996 3. 97.
6997 3. 97.
6998 3. 97.
6999 3. 97.
7000 3. 97.
7001 3. 97.
7002 3. 97.
7003 3. 97.
7004 3. 97.
7005 3. 97.
7006 3. 97.
7007 3. 97.
7008 3. 97.
7009 3. 97.
7010 3. 97.
7011 3. 97.
7012 3. 97.
7013 3. 97.
7014 3. 97.
7015 3. 97.
7016 2. 98.
7017 2. 98.
7018 2. 98.
7019 2. 98.
7020 2. 98.
7021 2. 98.
7022 2. 98.
7023 2. 98.
7024 3. 97.
7025 3. 97.
7026 3. 97.
7027 3. 97.
7028 3. 97.
7029 3. 97.
7030 3. 97.
7031 3. 97.
7032 3. 97.
7033 3. 97.
7034 3. 97.
7035 3. 97.
7036 3. 97.
7037 3. 97.
7038 3. 97.
7039 3. 97.
7040 3. 97.
7041 3. 97.
7042 3. 97.
7043 3. 97.
7044 3. 97.
7045 3. 97.
7046 3. 97.
7047 2. 98.
7048 2. 98.
7049 2. 98.
7050 2. 98.
7051 2. 98.
7052 2. 98.
7053 2. 98.
7054 2. 98.
7055 2. 98.
7056 2. 98.
7057 2. 98.
7058 2. 98.
7059 2. 98.
7060 2. 98.
7061 2. 98.
7062 2. 98.
7063 2. 98.
7064 2. 98.
7065 2. 98.
7066 2. 98.
7067 3. 97.
7068 3. 97.
7069 3. 97.
7070 3. 97.
7071 3. 97.
7072 3. 97.
7073 3. 97.
7074 3. 97.
7075 3. 97.
7076 3. 97.
7077 3. 97.
7078 3. 97.
7079 3. 97.
7080 3. 97.
7081 3. 97.
7082 3. 97.
7083 3. 97.
7084 3. 97.
7085 3. 97.
7086 3. 97.
7087 3. 97.
7088 3. 97.
7089 3. 97.
7090 3. 97.
7091 3. 97.
7092 3. 97.
7093 3. 97.
7094 3. 97.
7095 3. 97.
7096 3. 97.
7097 3. 97.
7098 3. 97.
7099 3. 97.
7100 3. 97.
7101 3. 97.
7102 3. 97.
7103 3. 97.
7104 3. 97.
7105 3. 97.
7106 3. 97.
7107 2. 98.
7108 2. 98.
7109 2. 98.
7110 2. 98.
7111 2. 98.
7112 2. 98.
7113 2. 98.
7114 2. 98.
7115 2. 98.
7116 2. 98.
7117 2. 98.
7118 2. 98.
7119 2. 98.
7120 2. 98.
7121 2. 98.
7122 2. 98.
7123 2. 98.
7124 2. 98.
7125 2. 98.
7126 2. 98.
7127 2. 98.
7128 2. 98.
7129 2. 98.
7130 2. 98.
7131 2. 98.
7132 2. 98.
7133 2. 98.
7134 2. 98.
7135 2. 98.
7136 2. 98.
7137 2. 98.
7138 2. 98.
7139 2. 98.
7140 2. 98.
7141 2. 98.
7142 1. 99.
7143 1. 99.
7144 1. 99.
7145 1. 99.
7146 1. 99.
7147 1. 99.
7148 1. 99.
7149 1. 99.
7150 1. 99.
7151 1. 99.
7152 1. 99.
7153 1. 99.
7154 1. 99.
7155 1. 99.
7156 1. 99.
7157 1. 99.
7158 1. 99.
7159 1. 99.
7160 1. 99.
7161 1. 99.
7162 1. 99.
7163 1. 99.
7164 1. 99.
7165 1. 99.
7166 1. 99.
7167 1. 99.
7168 1. 99.
7169 1. 99.
7170 1. 99.
7171 1. 99.
7172 1. 99.
7173 1. 99.
7174 1. 99.
7175 1. 99.
7176 1. 99.
7177 1. 99.
7178 1. 99.
7179 1. 99.
7180 1. 99.
7181 1. 99.
7182 1. 99.
7183 1. 99.
7184 1. 99.
7185 1. 99.
7186 1. 99.
7187 1. 99.
7188 1. 99.
7189 1. 99.
7190 1. 99.
7191 1. 99.
7192 1. 99.
7193 1. 99.
7194 1. 99.
7195 1. 99.
7196 1. 99.
7197 1. 99.
7198 1. 99.
7199 1. 99.
7200 1. 99.
7201 1. 99.
7202 1. 99.
7203 1. 99.
7204 1. 99.
7205 1. 99.
7206 1. 99.
7207 1. 99.
7208 1. 99.
7209 1. 99.
7210 1. 99.
7211 1. 99.
7212 1. 99.
7213 1. 99.
7214 1. 99.
7215 1. 99.
7216 1. 99.
7217 1. 99.
7218 1. 99.
7219 1. 99.
7220 1. 99.
7221 1. 99.
7222 1. 99.
7223 1. 99.
7224 1. 99.
7225 1. 99.
7226 1. 99.
7227 1. 99.
7228 1. 99.
7229 1. 99.
7230 1. 99.
7231 1. 99.
7232 1. 99.
7233 1. 99.
7234 1. 99.
7235 1. 99.
7236 1. 99.
7237 1. 99.
7238 1. 99.
7239 1. 99.
7240 1. 99.
7241 1. 99.
7242 1. 99.
7243 1. 99.
7244 1. 99.
7245 1. 99.
7246 1. 99.
7247 1. 99.
7248 1. 99.
7249 1. 99.
7250 1. 99.
7251 1. 99.
7252 1. 99.
7253 1. 99.
7254 1. 99.
7255 1. 99.
7256 1. 99.
7257 1. 99.
7258 1. 99.
7259 1. 99.
7260 1. 99.
7261 1. 99.
7262 1. 99.
7263 1. 99.
7264 1. 99.
7265 1. 99.
7266 1. 99.
7267 1. 99.
7268 1. 99.
7269 1. 99.
7270 1. 99.
7271 1. 99.
7272 1. 99.
7273 1. 99.
7274 1. 99.
7275 1. 99.
7276 1. 99.
7277 1. 99.
7278 1. 99.
7279 1. 99.
7280 1. 99.
7281 1. 99.
7282 1. 99.
7283 1. 99.
7284 1. 99.
7285 1. 99.
7286 1. 99.
7287 1. 99.
7288 1. 99.
7289 1. 99.
7290 1. 99.
7291 1. 99.
7292 1. 99.
7293 1. 99.
7294 1. 99.
7295 1. 99.
7296 1. 99.
7297 1. 99.
7298 1. 99.
7299 1. 99.
7300 1. 99.
7301 1. 99.
7302 1. 99.
7303 1. 99.
7304 1. 99.
7305 1. 99.
7306 1. 99.
7307 1. 99.
7308 1. 99.
7309 1. 99.
7310 1. 99.
7311 1. 99.
7312 1. 99.
7313 1. 99.
7314 1. 99.
7315 1. 99.
7316 1. 99.
7317 1. 99.
7318 1. 99.
7319 1. 99.
7320 1. 99.
7321 1. 99.
7322 1. 99.
7323 1. 99.
7324 1. 99.
7325 1. 99.
7326 1. 99.
7327 1. 99.
7328 1. 99.
7329 1. 99.
7330 1. 99.
7331 1. 99.
7332 1. 99.
7333 1. 99.
7334 1. 99.
7335 1. 99.
7336 1. 99.
7337 1. 99.
7338 1. 99.
7339 1. 99.
7340 1. 99.
7341 1. 99.
7342 1. 99.
7343 1. 99.
7344 1. 99.
7345 1. 99.
7346 1. 99.
7347 1. 99.
7348 1. 99.
7349 1. 99.
7350 1. 99.
7351 1. 99.
7352 1. 99.
7353 1. 99.
7354 1. 99.
7355 1. 99.
7356 1. 99.
7357 1. 99.
7358 1. 99.
7359 1. 99.
7360 1. 99.
7361 1. 99.
7362 1. 99.
7363 1. 99.
7364 1. 99.
7365 1. 99.
7366 1. 99.
7367 1. 99.
7368 1. 99.
7369 1. 99.
7370 1. 99.
7371 1. 99.
7372 1. 99.
7373 1. 99.
7374 1. 99.
7375 1. 99.
7376 1. 99.
7377 1. 99.
7378 1. 99.
7379 1. 99.
7380 1. 99.
7381 1. 99.
7382 1. 99.
7383 1. 99.
7384 1. 99.
7385 1. 99.
7386 1. 99.
7387 1. 99.
7388 2. 98.
7389 2. 98.
7390 2. 98.
7391 2. 98.
7392 2. 98.
7393 2. 98.
7394 2. 98.
7395 2. 98.
7396 2. 98.
7397 2. 98.
7398 2. 98.
7399 2. 98.
7400 2. 98.
7401 2. 98.
7402 2. 98.
7403 2. 98.
7404 2. 98.
7405 2. 98.
7406 2. 98.
7407 2. 98.
7408 2. 98.
7409 2. 98.
7410 2. 98.
7411 2. 98.
7412 2. 98.
7413 1. 99.
7414 1. 99.
7415 1. 99.
7416 1. 99.
7417 1. 99.
7418 1. 99.
7419 1. 99.
7420 1. 99.
7421 1. 99.
7422 1. 99.
7423 1. 99.
7424 1. 99.
7425 1. 99.
7426 1. 99.
7427 1. 99.
7428 1. 99.
7429 1. 99.
