0 21. 79.
1 21. 79.
2 21. 79.
3 21. 79.
4 21. 79.
5 21. 79.
6 21. 79.
7 22. 78.
8 22. 78.
9 22. 78.
10 22. 78.
11 22. 78.
12 22. 78.
13 22. 78.
14 22. 78.
15 22. 78.
16 22. 78.
17 22. 78.
18 23. 77.
19 23. 77.
20 24. 76.
21 25. 75.
22 25. 75.
23 25. 75.
24 25. 75.
25 25. 75.
26 25. 75.
27 25. 75.
28 25. 75.
29 26. 74.
30 27. 73.
31 28. 72.
32 28. 72.
33 28. 72.
34 28. 72.
35 28. 72.
36 28. 72.
37 28. 72.
38 29. 71.
39 30. 70.
40 30. 70.
41 30. 70.
42 30. 70.
43 30. 70.
44 31. 69.
45 30. 70.
46 30. 70.
47 30. 70.
48 30. 70.
49 30. 70.
50 30. 70.
51 29. 71.
52 29. 71.
53 29. 71.
54 29. 71.
55 29. 71.
56 29. 71.
57 28. 72.
58 29. 71.
59 29. 71.
60 29. 71.
61 30. 70.
62 30. 70.
63 30. 70.
64 30. 70.
65 31. 69.
66 31. 69.
67 31. 69.
68 32. 68.
69 33. 67.
70 33. 67.
71 32. 68.
72 33. 67.
73 32. 68.
74 32. 68.
75 33. 67.
76 32. 68.
77 33. 67.
78 33. 67.
79 33. 67.
80 33. 67.
81 33. 67.
82 33. 67.
83 33. 67.
84 32. 68.
85 32. 68.
86 32. 68.
87 31. 69.
88 31. 69.
89 31. 69.
90 31. 69.
91 30. 70.
92 30. 70.
93 30. 70.
94 30. 70.
95 30. 70.
96 30. 70.
97 30. 70.
98 30. 70.
99 31. 69.
100 31. 69.
101 30. 70.
102 30. 70.
103 30. 70.
104 30. 70.
105 31. 69.
106 32. 68.
107 32. 68.
108 32. 68.
109 32. 68.
110 31. 69.
111 31. 69.
112 31. 69.
113 31. 69.
114 30. 70.
115 31. 69.
116 31. 69.
117 30. 70.
118 30. 70.
119 31. 69.
120 31. 69.
121 31. 69.
122 32. 68.
123 32. 68.
124 31. 69.
125 31. 69.
126 31. 69.
127 31. 69.
128 31. 69.
129 31. 69.
130 31. 69.
131 30. 70.
132 30. 70.
133 29. 71.
134 29. 71.
135 29. 71.
136 29. 71.
137 29. 71.
138 29. 71.
139 29. 71.
140 29. 71.
141 28. 72.
142 28. 72.
143 28. 72.
144 28. 72.
145 29. 71.
146 29. 71.
147 29. 71.
148 29. 71.
149 29. 71.
150 29. 71.
151 30. 70.
152 30. 70.
153 30. 70.
154 30. 70.
155 30. 70.
156 30. 70.
157 30. 70.
158 31. 69.
159 31. 69.
160 32. 68.
161 32. 68.
162 32. 68.
163 32. 68.
164 32. 68.
165 32. 68.
166 32. 68.
167 32. 68.
168 32. 68.
169 32. 68.
170 32. 68.
171 32. 68.
172 32. 68.
173 32. 68.
174 32. 68.
175 31. 69.
176 31. 69.
177 31. 69.
178 31. 69.
179 31. 69.
180 31. 69.
181 31. 69.
182 31. 69.
183 31. 69.
184 31. 69.
185 31. 69.
186 31. 69.
187 32. 68.
188 32. 68.
189 32. 68.
190 33. 67.
191 33. 67.
192 34. 66.
193 34. 66.
194 35. 65.
195 35. 65.
196 34. 66.
197 34. 66.
198 34. 66.
199 34. 66.
200 33. 67.
201 32. 68.
202 32. 68.
203 32. 68.
204 32. 68.
205 32. 68.
206 32. 68.
207 33. 67.
208 33. 67.
209 33. 67.
210 33. 67.
211 33. 67.
212 33. 67.
213 33. 67.
214 33. 67.
215 34. 66.
216 34. 66.
217 34. 66.
218 33. 67.
219 33. 67.
220 33. 67.
221 34. 66.
222 33. 67.
223 33. 67.
224 33. 67.
225 34. 66.
226 35. 65.
227 34. 66.
228 34. 66.
229 34. 66.
230 33. 67.
231 33. 67.
232 33. 67.
233 33. 67.
234 34. 66.
235 33. 67.
236 33. 67.
237 33. 67.
238 33. 67.
239 33. 67.
240 34. 66.
241 34. 66.
242 34. 66.
243 34. 66.
244 34. 66.
245 34. 66.
246 34. 66.
247 33. 67.
248 33. 67.
249 32. 68.
250 32. 68.
251 32. 68.
252 32. 68.
253 33. 67.
254 33. 67.
255 32. 68.
256 32. 68.
257 32. 68.
258 32. 68.
259 32. 68.
260 32. 68.
261 32. 68.
262 33. 67.
263 33. 67.
264 34. 66.
265 34. 66.
266 34. 66.
267 35. 65.
268 35. 65.
269 35. 65.
270 35. 65.
271 35. 65.
272 35. 65.
273 36. 64.
274 36. 64.
275 36. 64.
276 36. 64.
277 36. 64.
278 36. 64.
279 36. 64.
280 35. 65.
281 34. 66.
282 34. 66.
283 34. 66.
284 34. 66.
285 34. 66.
286 35. 65.
287 36. 64.
288 36. 64.
289 36. 64.
290 35. 65.
291 35. 65.
292 35. 65.
293 35. 65.
294 34. 66.
295 34. 66.
296 34. 66.
297 34. 66.
298 34. 66.
299 34. 66.
300 34. 66.
301 34. 66.
302 34. 66.
303 34. 66.
304 34. 66.
305 33. 67.
306 33. 67.
307 33. 67.
308 33. 67.
309 33. 67.
310 33. 67.
311 33. 67.
312 33. 67.
313 33. 67.
314 33. 67.
315 33. 67.
316 33. 67.
317 33. 67.
318 34. 66.
319 35. 65.
320 35. 65.
321 35. 65.
322 36. 64.
323 36. 64.
324 35. 65.
325 35. 65.
326 35. 65.
327 35. 65.
328 36. 64.
329 35. 65.
330 34. 66.
331 34. 66.
332 35. 65.
333 35. 65.
334 35. 65.
335 36. 64.
336 36. 64.
337 37. 63.
338 37. 63.
339 38. 62.
340 38. 62.
341 38. 62.
342 38. 62.
343 38. 62.
344 37. 63.
345 37. 63.
346 37. 63.
347 37. 63.
348 38. 62.
349 38. 62.
350 37. 63.
351 37. 63.
352 38. 62.
353 38. 62.
354 38. 62.
355 38. 62.
356 38. 62.
357 38. 62.
358 38. 62.
359 38. 62.
360 37. 63.
361 37. 63.
362 37. 63.
363 37. 63.
364 37. 63.
365 38. 62.
366 37. 63.
367 38. 62.
368 39. 61.
369 39. 61.
370 39. 61.
371 39. 61.
372 39. 61.
373 39. 61.
374 39. 61.
375 39. 61.
376 39. 61.
377 38. 62.
378 38. 62.
379 38. 62.
380 38. 62.
381 39. 61.
382 39. 61.
383 38. 62.
384 38. 62.
385 38. 62.
386 38. 62.
387 39. 61.
388 39. 61.
389 40. 60.
390 40. 60.
391 41. 59.
392 41. 59.
393 42. 58.
394 42. 58.
395 42. 58.
396 42. 58.
397 42. 58.
398 42. 58.
399 42. 58.
400 42. 58.
401 42. 58.
402 42. 58.
403 41. 59.
404 41. 59.
405 41. 59.
406 41. 59.
407 41. 59.
408 41. 59.
409 40. 60.
410 40. 60.
411 41. 59.
412 40. 60.
413 40. 60.
414 40. 60.
415 40. 60.
416 40. 60.
417 41. 59.
418 41. 59.
419 41. 59.
420 41. 59.
421 41. 59.
422 41. 59.
423 41. 59.
424 42. 58.
425 42. 58.
426 42. 58.
427 42. 58.
428 42. 58.
429 42. 58.
430 43. 57.
431 43. 57.
432 43. 57.
433 42. 58.
434 43. 57.
435 43. 57.
436 42. 58.
437 42. 58.
438 42. 58.
439 42. 58.
440 42. 58.
441 42. 58.
442 42. 58.
443 42. 58.
444 42. 58.
445 41. 59.
446 41. 59.
447 40. 60.
448 40. 60.
449 40. 60.
450 40. 60.
451 40. 60.
452 40. 60.
453 39. 61.
454 38. 62.
455 38. 62.
456 39. 61.
457 39. 61.
458 39. 61.
459 39. 61.
460 39. 61.
461 39. 61.
462 39. 61.
463 39. 61.
464 39. 61.
465 39. 61.
466 39. 61.
467 39. 61.
468 39. 61.
469 39. 61.
470 38. 62.
471 38. 62.
472 38. 62.
473 38. 62.
474 39. 61.
475 39. 61.
476 39. 61.
477 39. 61.
478 39. 61.
479 40. 60.
480 40. 60.
481 40. 60.
482 40. 60.
483 40. 60.
484 40. 60.
485 40. 60.
486 40. 60.
487 40. 60.
488 40. 60.
489 41. 59.
490 41. 59.
491 41. 59.
492 41. 59.
493 41. 59.
494 42. 58.
495 42. 58.
496 43. 57.
497 44. 56.
498 44. 56.
499 44. 56.
500 44. 56.
501 44. 56.
502 44. 56.
503 44. 56.
504 44. 56.
505 44. 56.
506 44. 56.
507 44. 56.
508 44. 56.
509 44. 56.
510 44. 56.
511 44. 56.
512 45. 55.
513 46. 54.
514 46. 54.
515 46. 54.
516 46. 54.
517 46. 54.
518 45. 55.
519 46. 54.
520 46. 54.
521 46. 54.
522 46. 54.
523 45. 55.
524 44. 56.
525 44. 56.
526 44. 56.
527 43. 57.
528 43. 57.
529 42. 58.
530 42. 58.
531 42. 58.
532 42. 58.
533 42. 58.
534 42. 58.
535 42. 58.
536 41. 59.
537 41. 59.
538 41. 59.
539 41. 59.
540 41. 59.
541 41. 59.
542 40. 60.
543 40. 60.
544 40. 60.
545 40. 60.
546 40. 60.
547 39. 61.
548 39. 61.
549 38. 62.
550 39. 61.
551 38. 62.
552 38. 62.
553 38. 62.
554 38. 62.
555 37. 63.
556 37. 63.
557 37. 63.
558 37. 63.
559 37. 63.
560 37. 63.
561 37. 63.
562 37. 63.
563 38. 62.
564 39. 61.
565 38. 62.
566 38. 62.
567 37. 63.
568 37. 63.
569 37. 63.
570 36. 64.
571 36. 64.
572 36. 64.
573 36. 64.
574 36. 64.
575 36. 64.
576 36. 64.
577 36. 64.
578 36. 64.
579 35. 65.
580 36. 64.
581 36. 64.
582 35. 65.
583 36. 64.
584 36. 64.
585 36. 64.
586 37. 63.
587 37. 63.
588 37. 63.
589 38. 62.
590 38. 62.
591 38. 62.
592 38. 62.
593 38. 62.
594 38. 62.
595 38. 62.
596 38. 62.
597 38. 62.
598 39. 61.
599 39. 61.
600 39. 61.
601 39. 61.
602 39. 61.
603 39. 61.
604 39. 61.
605 39. 61.
606 39. 61.
607 39. 61.
608 40. 60.
609 40. 60.
610 39. 61.
611 39. 61.
612 38. 62.
613 38. 62.
614 38. 62.
615 38. 62.
616 38. 62.
617 39. 61.
618 39. 61.
619 39. 61.
620 39. 61.
621 39. 61.
622 39. 61.
623 39. 61.
624 40. 60.
625 40. 60.
626 40. 60.
627 40. 60.
628 40. 60.
629 40. 60.
630 41. 59.
631 41. 59.
632 41. 59.
633 40. 60.
634 40. 60.
635 40. 60.
636 40. 60.
637 41. 59.
638 41. 59.
639 41. 59.
640 41. 59.
641 41. 59.
642 41. 59.
643 41. 59.
644 41. 59.
645 41. 59.
646 41. 59.
647 41. 59.
648 41. 59.
649 41. 59.
650 41. 59.
651 41. 59.
652 41. 59.
653 41. 59.
654 41. 59.
655 42. 58.
656 42. 58.
657 43. 57.
658 43. 57.
659 42. 58.
660 42. 58.
661 41. 59.
662 41. 59.
663 41. 59.
664 41. 59.
665 41. 59.
666 41. 59.
667 40. 60.
668 40. 60.
669 40. 60.
670 40. 60.
671 40. 60.
672 40. 60.
673 40. 60.
674 40. 60.
675 40. 60.
676 40. 60.
677 40. 60.
678 41. 59.
679 42. 58.
680 43. 57.
681 43. 57.
682 43. 57.
683 43. 57.
684 43. 57.
685 43. 57.
686 43. 57.
687 42. 58.
688 41. 59.
689 41. 59.
690 42. 58.
691 42. 58.
692 42. 58.
693 43. 57.
694 43. 57.
695 43. 57.
696 43. 57.
697 43. 57.
698 43. 57.
699 43. 57.
700 43. 57.
701 43. 57.
702 43. 57.
703 43. 57.
704 43. 57.
705 43. 57.
706 43. 57.
707 43. 57.
708 43. 57.
709 43. 57.
710 43. 57.
711 43. 57.
712 43. 57.
713 43. 57.
714 43. 57.
715 43. 57.
716 42. 58.
717 41. 59.
718 40. 60.
719 41. 59.
720 40. 60.
721 40. 60.
722 40. 60.
723 40. 60.
724 40. 60.
725 40. 60.
726 41. 59.
727 41. 59.
728 41. 59.
729 41. 59.
730 41. 59.
731 42. 58.
732 41. 59.
733 41. 59.
734 41. 59.
735 41. 59.
736 41. 59.
737 40. 60.
738 41. 59.
739 41. 59.
740 41. 59.
741 41. 59.
742 42. 58.
743 41. 59.
744 41. 59.
745 41. 59.
746 41. 59.
747 41. 59.
748 41. 59.
749 41. 59.
750 41. 59.
751 42. 58.
752 43. 57.
753 43. 57.
754 43. 57.
755 43. 57.
756 43. 57.
757 43. 57.
758 43. 57.
759 43. 57.
760 42. 58.
761 42. 58.
762 42. 58.
763 42. 58.
764 43. 57.
765 44. 56.
766 45. 55.
767 46. 54.
768 46. 54.
769 45. 55.
770 45. 55.
771 45. 55.
772 45. 55.
773 45. 55.
774 45. 55.
775 46. 54.
776 46. 54.
777 46. 54.
778 46. 54.
779 46. 54.
780 47. 53.
781 47. 53.
782 46. 54.
783 46. 54.
784 46. 54.
785 45. 55.
786 45. 55.
787 45. 55.
788 44. 56.
789 44. 56.
790 44. 56.
791 44. 56.
792 44. 56.
793 44. 56.
794 45. 55.
795 45. 55.
796 46. 54.
797 46. 54.
798 46. 54.
799 46. 54.
800 46. 54.
801 46. 54.
802 46. 54.
803 47. 53.
804 48. 52.
805 48. 52.
806 48. 52.
807 48. 52.
808 48. 52.
809 48. 52.
810 48. 52.
811 48. 52.
812 48. 52.
813 48. 52.
814 48. 52.
815 48. 52.
816 48. 52.
817 47. 53.
818 47. 53.
819 48. 52.
820 48. 52.
821 48. 52.
822 48. 52.
823 48. 52.
824 48. 52.
825 48. 52.
826 48. 52.
827 48. 52.
828 48. 52.
829 48. 52.
830 48. 52.
831 48. 52.
832 49. 51.
833 49. 51.
834 49. 51.
835 50. 50.
836 50. 50.
837 50. 50.
838 50. 50.
839 49. 51.
840 49. 51.
841 49. 51.
842 48. 52.
843 48. 52.
844 48. 52.
845 48. 52.
846 48. 52.
847 48. 52.
848 47. 53.
849 48. 52.
850 49. 51.
851 48. 52.
852 48. 52.
853 48. 52.
854 48. 52.
855 48. 52.
856 48. 52.
857 48. 52.
858 48. 52.
859 47. 53.
860 47. 53.
861 47. 53.
862 47. 53.
863 48. 52.
864 48. 52.
865 48. 52.
866 48. 52.
867 48. 52.
868 47. 53.
869 47. 53.
870 47. 53.
871 47. 53.
872 47. 53.
873 47. 53.
874 47. 53.
875 47. 53.
876 48. 52.
877 48. 52.
878 48. 52.
879 47. 53.
880 47. 53.
881 47. 53.
882 47. 53.
883 47. 53.
884 47. 53.
885 47. 53.
886 48. 52.
887 48. 52.
888 49. 51.
889 48. 52.
890 49. 51.
891 49. 51.
892 49. 51.
893 50. 50.
894 50. 50.
895 50. 50.
896 51. 49.
897 51. 49.
898 51. 49.
899 51. 49.
900 51. 49.
901 51. 49.
902 52. 48.
903 52. 48.
904 52. 48.
905 52. 48.
906 52. 48.
907 51. 49.
908 51. 49.
909 50. 50.
910 51. 49.
911 52. 48.
912 52. 48.
913 52. 48.
914 51. 49.
915 51. 49.
916 51. 49.
917 51. 49.
918 51. 49.
919 51. 49.
920 51. 49.
921 50. 50.
922 50. 50.
923 50. 50.
924 50. 50.
925 50. 50.
926 50. 50.
927 49. 51.
928 50. 50.
929 50. 50.
930 50. 50.
931 51. 49.
932 51. 49.
933 51. 49.
934 50. 50.
935 51. 49.
936 50. 50.
937 50. 50.
938 50. 50.
939 50. 50.
940 50. 50.
941 50. 50.
942 51. 49.
943 51. 49.
944 51. 49.
945 51. 49.
946 51. 49.
947 51. 49.
948 52. 48.
949 52. 48.
950 52. 48.
951 52. 48.
952 52. 48.
953 52. 48.
954 52. 48.
955 52. 48.
956 52. 48.
957 53. 47.
958 53. 47.
959 53. 47.
960 53. 47.
961 53. 47.
962 54. 46.
963 55. 45.
964 55. 45.
965 54. 46.
966 54. 46.
967 55. 45.
968 55. 45.
969 55. 45.
970 55. 45.
971 56. 44.
972 56. 44.
973 56. 44.
974 56. 44.
975 56. 44.
976 56. 44.
977 56. 44.
978 56. 44.
979 56. 44.
980 55. 45.
981 55. 45.
982 55. 45.
983 55. 45.
984 55. 45.
985 55. 45.
986 55. 45.
987 55. 45.
988 55. 45.
989 56. 44.
990 57. 43.
991 58. 42.
992 58. 42.
993 58. 42.
994 57. 43.
995 58. 42.
996 58. 42.
997 58. 42.
998 58. 42.
999 58. 42.
1000 58. 42.
1001 58. 42.
1002 58. 42.
1003 58. 42.
1004 58. 42.
1005 58. 42.
1006 58. 42.
1007 58. 42.
1008 57. 43.
1009 57. 43.
1010 57. 43.
1011 57. 43.
1012 57. 43.
1013 57. 43.
1014 57. 43.
1015 58. 42.
1016 58. 42.
1017 58. 42.
1018 58. 42.
1019 59. 41.
1020 59. 41.
1021 59. 41.
1022 59. 41.
1023 58. 42.
1024 58. 42.
1025 59. 41.
1026 59. 41.
1027 59. 41.
1028 60. 40.
1029 60. 40.
1030 59. 41.
1031 59. 41.
1032 59. 41.
1033 59. 41.
1034 59. 41.
1035 59. 41.
1036 59. 41.
1037 59. 41.
1038 59. 41.
1039 59. 41.
1040 58. 42.
1041 58. 42.
1042 58. 42.
1043 58. 42.
1044 58. 42.
1045 58. 42.
1046 58. 42.
1047 58. 42.
1048 58. 42.
1049 58. 42.
1050 58. 42.
1051 58. 42.
1052 58. 42.
1053 58. 42.
1054 58. 42.
1055 58. 42.
1056 59. 41.
1057 59. 41.
1058 59. 41.
1059 58. 42.
1060 59. 41.
1061 59. 41.
1062 59. 41.
1063 59. 41.
1064 59. 41.
1065 59. 41.
1066 59. 41.
1067 59. 41.
1068 59. 41.
1069 59. 41.
1070 59. 41.
1071 59. 41.
1072 59. 41.
1073 59. 41.
1074 59. 41.
1075 60. 40.
1076 60. 40.
1077 59. 41.
1078 59. 41.
1079 59. 41.
1080 59. 41.
1081 59. 41.
1082 59. 41.
1083 60. 40.
1084 60. 40.
1085 61. 39.
1086 61. 39.
1087 62. 38.
1088 62. 38.
1089 62. 38.
1090 62. 38.
1091 61. 39.
1092 60. 40.
1093 59. 41.
1094 59. 41.
1095 59. 41.
1096 58. 42.
1097 58. 42.
1098 58. 42.
1099 58. 42.
1100 58. 42.
1101 58. 42.
1102 58. 42.
1103 58. 42.
1104 58. 42.
1105 58. 42.
1106 58. 42.
1107 58. 42.
1108 58. 42.
1109 58. 42.
1110 58. 42.
1111 58. 42.
1112 57. 43.
1113 57. 43.
1114 57. 43.
1115 57. 43.
1116 57. 43.
1117 57. 43.
1118 57. 43.
1119 58. 42.
1120 58. 42.
1121 58. 42.
1122 58. 42.
1123 58. 42.
1124 58. 42.
1125 58. 42.
1126 58. 42.
1127 58. 42.
1128 58. 42.
1129 58. 42.
1130 58. 42.
1131 59. 41.
1132 59. 41.
1133 59. 41.
1134 59. 41.
1135 59. 41.
1136 60. 40.
1137 61. 39.
1138 60. 40.
1139 60. 40.
1140 60. 40.
1141 60. 40.
1142 61. 39.
1143 61. 39.
1144 61. 39.
1145 61. 39.
1146 61. 39.
1147 61. 39.
1148 61. 39.
1149 61. 39.
1150 61. 39.
1151 61. 39.
1152 61. 39.
1153 60. 40.
1154 60. 40.
1155 59. 41.
1156 59. 41.
1157 59. 41.
1158 59. 41.
1159 59. 41.
1160 59. 41.
1161 59. 41.
1162 59. 41.
1163 59. 41.
1164 59. 41.
1165 59. 41.
1166 59. 41.
1167 60. 40.
1168 61. 39.
1169 60. 40.
1170 60. 40.
1171 60. 40.
1172 60. 40.
1173 60. 40.
1174 60. 40.
1175 60. 40.
1176 60. 40.
1177 60. 40.
1178 60. 40.
1179 60. 40.
1180 60. 40.
1181 60. 40.
1182 60. 40.
1183 60. 40.
1184 60. 40.
1185 60. 40.
1186 60. 40.
1187 60. 40.
1188 60. 40.
1189 60. 40.
1190 60. 40.
1191 60. 40.
1192 61. 39.
1193 61. 39.
1194 61. 39.
1195 60. 40.
1196 60. 40.
1197 61. 39.
1198 61. 39.
1199 61. 39.
1200 61. 39.
1201 61. 39.
1202 61. 39.
1203 61. 39.
1204 62. 38.
1205 62. 38.
1206 63. 37.
1207 64. 36.
1208 64. 36.
1209 64. 36.
1210 64. 36.
1211 64. 36.
1212 64. 36.
1213 64. 36.
1214 64. 36.
1215 63. 37.
1216 63. 37.
1217 63. 37.
1218 63. 37.
1219 63. 37.
1220 62. 38.
1221 62. 38.
1222 62. 38.
1223 62. 38.
1224 62. 38.
1225 62. 38.
1226 62. 38.
1227 62. 38.
1228 62. 38.
1229 62. 38.
1230 63. 37.
1231 62. 38.
1232 62. 38.
1233 62. 38.
1234 61. 39.
1235 61. 39.
1236 61. 39.
1237 61. 39.
1238 62. 38.
1239 62. 38.
1240 62. 38.
1241 62. 38.
1242 63. 37.
1243 63. 37.
1244 63. 37.
1245 63. 37.
1246 63. 37.
1247 63. 37.
1248 63. 37.
1249 63. 37.
1250 62. 38.
1251 63. 37.
1252 63. 37.
1253 62. 38.
1254 61. 39.
1255 61. 39.
1256 62. 38.
1257 62. 38.
1258 62. 38.
1259 62. 38.
1260 62. 38.
1261 62. 38.
1262 62. 38.
1263 62. 38.
1264 61. 39.
1265 61. 39.
1266 60. 40.
1267 60. 40.
1268 59. 41.
1269 59. 41.
1270 60. 40.
1271 60. 40.
1272 60. 40.
1273 61. 39.
1274 61. 39.
1275 61. 39.
1276 61. 39.
1277 61. 39.
1278 61. 39.
1279 61. 39.
1280 60. 40.
1281 61. 39.
1282 61. 39.
1283 60. 40.
1284 60. 40.
1285 60. 40.
1286 60. 40.
1287 61. 39.
1288 61. 39.
1289 61. 39.
1290 62. 38.
1291 62. 38.
1292 62. 38.
1293 62. 38.
1294 61. 39.
1295 62. 38.
1296 61. 39.
1297 61. 39.
1298 62. 38.
1299 62. 38.
1300 62. 38.
1301 62. 38.
1302 62. 38.
1303 62. 38.
1304 62. 38.
1305 62. 38.
1306 62. 38.
1307 62. 38.
1308 61. 39.
1309 61. 39.
1310 62. 38.
1311 62. 38.
1312 62. 38.
1313 62. 38.
1314 62. 38.
1315 62. 38.
1316 62. 38.
1317 61. 39.
1318 61. 39.
1319 61. 39.
1320 61. 39.
1321 61. 39.
1322 61. 39.
1323 61. 39.
1324 61. 39.
1325 61. 39.
1326 60. 40.
1327 60. 40.
1328 60. 40.
1329 60. 40.
1330 59. 41.
1331 59. 41.
1332 59. 41.
1333 59. 41.
1334 60. 40.
1335 61. 39.
1336 60. 40.
1337 60. 40.
1338 60. 40.
1339 60. 40.
1340 59. 41.
1341 59. 41.
1342 59. 41.
1343 59. 41.
1344 59. 41.
1345 59. 41.
1346 59. 41.
1347 59. 41.
1348 59. 41.
1349 59. 41.
1350 59. 41.
1351 59. 41.
1352 59. 41.
1353 59. 41.
1354 59. 41.
1355 60. 40.
1356 60. 40.
1357 60. 40.
1358 60. 40.
1359 60. 40.
1360 60. 40.
1361 60. 40.
1362 60. 40.
1363 60. 40.
1364 59. 41.
1365 59. 41.
1366 59. 41.
1367 59. 41.
1368 59. 41.
1369 59. 41.
1370 59. 41.
1371 59. 41.
1372 58. 42.
1373 58. 42.
1374 58. 42.
1375 58. 42.
1376 57. 43.
1377 56. 44.
1378 56. 44.
1379 55. 45.
1380 54. 46.
1381 54. 46.
1382 54. 46.
1383 54. 46.
1384 55. 45.
1385 55. 45.
1386 55. 45.
1387 54. 46.
1388 54. 46.
1389 54. 46.
1390 54. 46.
1391 55. 45.
1392 55. 45.
1393 56. 44.
1394 56. 44.
1395 56. 44.
1396 56. 44.
1397 57. 43.
1398 57. 43.
1399 57. 43.
1400 57. 43.
1401 57. 43.
1402 57. 43.
1403 57. 43.
1404 56. 44.
1405 56. 44.
1406 57. 43.
1407 57. 43.
1408 58. 42.
1409 58. 42.
1410 58. 42.
1411 57. 43.
1412 56. 44.
1413 56. 44.
1414 56. 44.
1415 57. 43.
1416 56. 44.
1417 56. 44.
1418 56. 44.
1419 57. 43.
1420 56. 44.
1421 57. 43.
1422 57. 43.
1423 57. 43.
1424 57. 43.
1425 57. 43.
1426 57. 43.
1427 57. 43.
1428 57. 43.
1429 57. 43.
1430 57. 43.
1431 56. 44.
1432 56. 44.
1433 56. 44.
1434 56. 44.
1435 57. 43.
1436 57. 43.
1437 57. 43.
1438 57. 43.
1439 57. 43.
1440 57. 43.
1441 57. 43.
1442 57. 43.
1443 58. 42.
1444 59. 41.
1445 60. 40.
1446 60. 40.
1447 60. 40.
1448 61. 39.
1449 61. 39.
1450 61. 39.
1451 61. 39.
1452 61. 39.
1453 61. 39.
1454 61. 39.
1455 61. 39.
1456 61. 39.
1457 61. 39.
1458 61. 39.
1459 62. 38.
1460 61. 39.
1461 60. 40.
1462 60. 40.
1463 60. 40.
1464 60. 40.
1465 61. 39.
1466 61. 39.
1467 62. 38.
1468 62. 38.
1469 63. 37.
1470 63. 37.
1471 63. 37.
1472 63. 37.
1473 64. 36.
1474 64. 36.
1475 64. 36.
1476 64. 36.
1477 65. 35.
1478 65. 35.
1479 65. 35.
1480 65. 35.
1481 65. 35.
1482 65. 35.
1483 64. 36.
1484 64. 36.
1485 64. 36.
1486 65. 35.
1487 65. 35.
1488 65. 35.
1489 65. 35.
1490 64. 36.
1491 64. 36.
1492 63. 37.
1493 63. 37.
1494 63. 37.
1495 62. 38.
1496 61. 39.
1497 62. 38.
1498 63. 37.
1499 63. 37.
1500 63. 37.
1501 63. 37.
1502 64. 36.
1503 64. 36.
1504 64. 36.
1505 64. 36.
1506 64. 36.
1507 64. 36.
1508 64. 36.
1509 64. 36.
1510 64. 36.
1511 64. 36.
1512 64. 36.
1513 65. 35.
1514 65. 35.
1515 65. 35.
1516 65. 35.
1517 65. 35.
1518 65. 35.
1519 65. 35.
1520 65. 35.
1521 65. 35.
1522 64. 36.
1523 64. 36.
1524 63. 37.
1525 64. 36.
1526 64. 36.
1527 64. 36.
1528 64. 36.
1529 65. 35.
1530 65. 35.
1531 65. 35.
1532 66. 34.
1533 66. 34.
1534 66. 34.
1535 65. 35.
1536 64. 36.
1537 65. 35.
1538 66. 34.
1539 66. 34.
1540 66. 34.
1541 66. 34.
1542 66. 34.
1543 67. 33.
1544 67. 33.
1545 67. 33.
1546 67. 33.
1547 67. 33.
1548 67. 33.
1549 67. 33.
1550 67. 33.
1551 67. 33.
1552 67. 33.
1553 67. 33.
1554 67. 33.
1555 67. 33.
1556 67. 33.
1557 67. 33.
1558 67. 33.
1559 67. 33.
1560 68. 32.
1561 68. 32.
1562 68. 32.
1563 67. 33.
1564 67. 33.
1565 67. 33.
1566 67. 33.
1567 66. 34.
1568 66. 34.
1569 66. 34.
1570 66. 34.
1571 66. 34.
1572 66. 34.
1573 66. 34.
1574 66. 34.
1575 66. 34.
1576 66. 34.
1577 66. 34.
1578 67. 33.
1579 66. 34.
1580 66. 34.
1581 66. 34.
1582 67. 33.
1583 67. 33.
1584 67. 33.
1585 68. 32.
1586 68. 32.
1587 68. 32.
1588 68. 32.
1589 68. 32.
1590 68. 32.
1591 68. 32.
1592 68. 32.
1593 68. 32.
1594 68. 32.
1595 68. 32.
1596 68. 32.
1597 68. 32.
1598 68. 32.
1599 68. 32.
1600 68. 32.
1601 68. 32.
1602 67. 33.
1603 67. 33.
1604 67. 33.
1605 67. 33.
1606 67. 33.
1607 67. 33.
1608 67. 33.
1609 67. 33.
1610 67. 33.
1611 67. 33.
1612 66. 34.
1613 66. 34.
1614 66. 34.
1615 66. 34.
1616 67. 33.
1617 67. 33.
1618 67. 33.
1619 68. 32.
1620 67. 33.
1621 67. 33.
1622 67. 33.
1623 67. 33.
1624 67. 33.
1625 67. 33.
1626 67. 33.
1627 67. 33.
1628 67. 33.
1629 67. 33.
1630 66. 34.
1631 67. 33.
1632 67. 33.
1633 66. 34.
1634 66. 34.
1635 66. 34.
1636 67. 33.
1637 67. 33.
1638 68. 32.
1639 68. 32.
1640 67. 33.
1641 67. 33.
1642 67. 33.
1643 67. 33.
1644 68. 32.
1645 68. 32.
1646 68. 32.
1647 67. 33.
1648 67. 33.
1649 68. 32.
1650 68. 32.
1651 68. 32.
1652 68. 32.
1653 67. 33.
1654 68. 32.
1655 68. 32.
1656 69. 31.
1657 69. 31.
1658 69. 31.
1659 69. 31.
1660 69. 31.
1661 69. 31.
1662 68. 32.
1663 68. 32.
1664 68. 32.
1665 68. 32.
1666 68. 32.
1667 67. 33.
1668 67. 33.
1669 67. 33.
1670 67. 33.
1671 67. 33.
1672 66. 34.
1673 66. 34.
1674 67. 33.
1675 67. 33.
1676 67. 33.
1677 67. 33.
1678 68. 32.
1679 67. 33.
1680 67. 33.
1681 67. 33.
1682 68. 32.
1683 69. 31.
1684 69. 31.
1685 69. 31.
1686 69. 31.
1687 69. 31.
1688 69. 31.
1689 69. 31.
1690 69. 31.
1691 70. 30.
1692 71. 29.
1693 72. 28.
1694 73. 27.
1695 72. 28.
1696 73. 27.
1697 73. 27.
1698 73. 27.
1699 74. 26.
1700 74. 26.
1701 74. 26.
1702 74. 26.
1703 74. 26.
1704 74. 26.
1705 74. 26.
1706 74. 26.
1707 74. 26.
1708 74. 26.
1709 74. 26.
1710 75. 25.
1711 74. 26.
1712 75. 25.
1713 75. 25.
1714 75. 25.
1715 75. 25.
1716 75. 25.
1717 75. 25.
1718 75. 25.
1719 76. 24.
1720 76. 24.
1721 76. 24.
1722 76. 24.
1723 76. 24.
1724 76. 24.
1725 76. 24.
1726 76. 24.
1727 76. 24.
1728 76. 24.
1729 75. 25.
1730 75. 25.
1731 74. 26.
1732 74. 26.
1733 74. 26.
1734 74. 26.
1735 74. 26.
1736 75. 25.
1737 75. 25.
1738 75. 25.
1739 75. 25.
1740 75. 25.
1741 75. 25.
1742 75. 25.
1743 75. 25.
1744 75. 25.
1745 75. 25.
1746 75. 25.
1747 74. 26.
1748 74. 26.
1749 74. 26.
1750 74. 26.
1751 73. 27.
1752 73. 27.
1753 73. 27.
1754 73. 27.
1755 73. 27.
1756 73. 27.
1757 73. 27.
1758 73. 27.
1759 73. 27.
1760 73. 27.
1761 73. 27.
1762 73. 27.
1763 73. 27.
1764 73. 27.
1765 73. 27.
1766 73. 27.
1767 73. 27.
1768 73. 27.
1769 73. 27.
1770 73. 27.
1771 73. 27.
1772 73. 27.
1773 73. 27.
1774 73. 27.
1775 73. 27.
1776 73. 27.
1777 73. 27.
1778 73. 27.
1779 73. 27.
1780 73. 27.
1781 74. 26.
1782 74. 26.
1783 74. 26.
1784 74. 26.
1785 73. 27.
1786 73. 27.
1787 73. 27.
1788 73. 27.
1789 72. 28.
1790 72. 28.
1791 72. 28.
1792 72. 28.
1793 72. 28.
1794 73. 27.
1795 73. 27.
1796 73. 27.
1797 74. 26.
1798 75. 25.
1799 75. 25.
1800 75. 25.
1801 76. 24.
1802 77. 23.
1803 78. 22.
1804 78. 22.
1805 78. 22.
1806 78. 22.
1807 77. 23.
1808 78. 22.
1809 78. 22.
1810 78. 22.
1811 78. 22.
1812 79. 21.
1813 79. 21.
1814 79. 21.
1815 79. 21.
1816 80. 20.
1817 80. 20.
1818 80. 20.
1819 80. 20.
1820 81. 19.
1821 81. 19.
1822 81. 19.
1823 80. 20.
1824 79. 21.
1825 79. 21.
1826 79. 21.
1827 78. 22.
1828 77. 23.
1829 77. 23.
1830 77. 23.
1831 77. 23.
1832 77. 23.
1833 77. 23.
1834 76. 24.
1835 76. 24.
1836 77. 23.
1837 77. 23.
1838 77. 23.
1839 77. 23.
1840 77. 23.
1841 77. 23.
1842 77. 23.
1843 77. 23.
1844 77. 23.
1845 77. 23.
1846 77. 23.
1847 77. 23.
1848 77. 23.
1849 77. 23.
1850 77. 23.
1851 77. 23.
1852 77. 23.
1853 77. 23.
1854 77. 23.
1855 77. 23.
1856 77. 23.
1857 77. 23.
1858 77. 23.
1859 77. 23.
1860 77. 23.
1861 77. 23.
1862 77. 23.
1863 76. 24.
1864 76. 24.
1865 76. 24.
1866 76. 24.
1867 77. 23.
1868 77. 23.
1869 77. 23.
1870 77. 23.
1871 77. 23.
1872 77. 23.
1873 77. 23.
1874 77. 23.
1875 77. 23.
1876 76. 24.
1877 75. 25.
1878 75. 25.
1879 75. 25.
1880 75. 25.
1881 75. 25.
1882 75. 25.
1883 75. 25.
1884 75. 25.
1885 75. 25.
1886 75. 25.
1887 75. 25.
1888 75. 25.
1889 75. 25.
1890 75. 25.
1891 75. 25.
1892 75. 25.
1893 76. 24.
1894 76. 24.
1895 76. 24.
1896 76. 24.
1897 76. 24.
1898 76. 24.
1899 76. 24.
1900 76. 24.
1901 76. 24.
1902 76. 24.
1903 76. 24.
1904 76. 24.
1905 76. 24.
1906 76. 24.
1907 76. 24.
1908 77. 23.
1909 77. 23.
1910 77. 23.
1911 77. 23.
1912 77. 23.
1913 78. 22.
1914 78. 22.
1915 78. 22.
1916 78. 22.
1917 78. 22.
1918 78. 22.
1919 78. 22.
1920 78. 22.
1921 79. 21.
1922 79. 21.
1923 79. 21.
1924 80. 20.
1925 81. 19.
1926 81. 19.
1927 81. 19.
1928 81. 19.
1929 82. 18.
1930 82. 18.
1931 82. 18.
1932 82. 18.
1933 82. 18.
1934 82. 18.
1935 82. 18.
1936 82. 18.
1937 82. 18.
1938 82. 18.
1939 81. 19.
1940 81. 19.
1941 81. 19.
1942 81. 19.
1943 81. 19.
1944 82. 18.
1945 82. 18.
1946 82. 18.
1947 82. 18.
1948 83. 17.
1949 82. 18.
1950 82. 18.
1951 83. 17.
1952 83. 17.
1953 83. 17.
1954 83. 17.
1955 83. 17.
1956 83. 17.
1957 83. 17.
1958 83. 17.
1959 83. 17.
1960 83. 17.
1961 83. 17.
1962 82. 18.
1963 82. 18.
1964 83. 17.
1965 83. 17.
1966 83. 17.
1967 83. 17.
1968 83. 17.
1969 83. 17.
1970 83. 17.
1971 83. 17.
1972 83. 17.
1973 84. 16.
1974 84. 16.
1975 84. 16.
1976 84. 16.
1977 85. 15.
1978 85. 15.
1979 85. 15.
1980 85. 15.
1981 85. 15.
1982 85. 15.
1983 85. 15.
1984 85. 15.
1985 85. 15.
1986 85. 15.
1987 85. 15.
1988 85. 15.
1989 85. 15.
1990 85. 15.
1991 85. 15.
1992 85. 15.
1993 85. 15.
1994 85. 15.
1995 85. 15.
1996 85. 15.
1997 85. 15.
1998 85. 15.
1999 85. 15.
2000 85. 15.
2001 85. 15.
2002 84. 16.
2003 84. 16.
2004 84. 16.
2005 84. 16.
2006 84. 16.
2007 84. 16.
2008 85. 15.
2009 85. 15.
2010 85. 15.
2011 85. 15.
2012 86. 14.
2013 86. 14.
2014 86. 14.
2015 86. 14.
2016 86. 14.
2017 86. 14.
2018 86. 14.
2019 86. 14.
2020 86. 14.
2021 86. 14.
2022 86. 14.
2023 86. 14.
2024 86. 14.
2025 86. 14.
2026 86. 14.
2027 86. 14.
2028 86. 14.
2029 86. 14.
2030 86. 14.
2031 86. 14.
2032 86. 14.
2033 86. 14.
2034 86. 14.
2035 86. 14.
2036 86. 14.
2037 86. 14.
2038 85. 15.
2039 85. 15.
2040 86. 14.
2041 86. 14.
2042 86. 14.
2043 86. 14.
2044 86. 14.
2045 87. 13.
2046 87. 13.
2047 87. 13.
2048 87. 13.
2049 87. 13.
2050 87. 13.
2051 86. 14.
2052 86. 14.
2053 87. 13.
2054 87. 13.
2055 87. 13.
2056 87. 13.
2057 87. 13.
2058 87. 13.
2059 87. 13.
2060 87. 13.
2061 87. 13.
2062 87. 13.
2063 87. 13.
2064 87. 13.
2065 88. 12.
2066 88. 12.
2067 88. 12.
2068 88. 12.
2069 88. 12.
2070 88. 12.
2071 88. 12.
2072 88. 12.
2073 87. 13.
2074 87. 13.
2075 87. 13.
2076 86. 14.
2077 86. 14.
2078 86. 14.
2079 86. 14.
2080 86. 14.
2081 86. 14.
2082 86. 14.
2083 86. 14.
2084 86. 14.
2085 86. 14.
2086 86. 14.
2087 86. 14.
2088 86. 14.
2089 86. 14.
2090 87. 13.
2091 86. 14.
2092 86. 14.
2093 86. 14.
2094 86. 14.
2095 86. 14.
2096 86. 14.
2097 86. 14.
2098 86. 14.
2099 86. 14.
2100 86. 14.
2101 86. 14.
2102 86. 14.
2103 86. 14.
2104 86. 14.
2105 86. 14.
2106 85. 15.
2107 84. 16.
2108 84. 16.
2109 84. 16.
2110 84. 16.
2111 84. 16.
2112 84. 16.
2113 85. 15.
2114 85. 15.
2115 86. 14.
2116 86. 14.
2117 86. 14.
2118 86. 14.
2119 86. 14.
2120 86. 14.
2121 86. 14.
2122 86. 14.
2123 86. 14.
2124 86. 14.
2125 86. 14.
2126 86. 14.
2127 86. 14.
2128 86. 14.
2129 86. 14.
2130 87. 13.
2131 87. 13.
2132 87. 13.
2133 87. 13.
2134 87. 13.
2135 87. 13.
2136 87. 13.
2137 87. 13.
2138 87. 13.
2139 87. 13.
2140 87. 13.
2141 87. 13.
2142 87. 13.
2143 87. 13.
2144 87. 13.
2145 87. 13.
2146 87. 13.
2147 87. 13.
2148 87. 13.
2149 87. 13.
2150 87. 13.
2151 87. 13.
2152 87. 13.
2153 87. 13.
2154 88. 12.
2155 88. 12.
2156 88. 12.
2157 88. 12.
2158 88. 12.
2159 88. 12.
2160 88. 12.
2161 88. 12.
2162 88. 12.
2163 88. 12.
2164 88. 12.
2165 89. 11.
2166 89. 11.
2167 89. 11.
2168 89. 11.
2169 89. 11.
2170 89. 11.
2171 89. 11.
2172 89. 11.
2173 89. 11.
2174 90. 10.
2175 90. 10.
2176 90. 10.
2177 90. 10.
2178 90. 10.
2179 90. 10.
2180 90. 10.
2181 90. 10.
2182 90. 10.
2183 90. 10.
2184 90. 10.
2185 90. 10.
2186 90. 10.
2187 90. 10.
2188 90. 10.
2189 90. 10.
2190 90. 10.
2191 90. 10.
2192 90. 10.
2193 90. 10.
2194 90. 10.
2195 90. 10.
2196 90. 10.
2197 90. 10.
2198 90. 10.
2199 90. 10.
2200 90. 10.
2201 90. 10.
2202 90. 10.
2203 90. 10.
2204 89. 11.
2205 89. 11.
2206 89. 11.
2207 89. 11.
2208 89. 11.
2209 89. 11.
2210 89. 11.
2211 89. 11.
2212 89. 11.
2213 90. 10.
2214 90. 10.
2215 90. 10.
2216 90. 10.
2217 90. 10.
2218 90. 10.
2219 90. 10.
2220 90. 10.
2221 90. 10.
2222 90. 10.
2223 89. 11.
2224 89. 11.
2225 89. 11.
2226 90. 10.
2227 90. 10.
2228 90. 10.
2229 90. 10.
2230 90. 10.
2231 90. 10.
2232 90. 10.
2233 90. 10.
2234 90. 10.
2235 90. 10.
2236 90. 10.
2237 90. 10.
2238 90. 10.
2239 90. 10.
2240 90. 10.
2241 90. 10.
2242 90. 10.
2243 91. 9.
2244 91. 9.
2245 91. 9.
2246 91. 9.
2247 91. 9.
2248 91. 9.
2249 91. 9.
2250 91. 9.
2251 91. 9.
2252 91. 9.
2253 91. 9.
2254 92. 8.
2255 92. 8.
2256 92. 8.
2257 92. 8.
2258 91. 9.
2259 91. 9.
2260 91. 9.
2261 92. 8.
2262 93. 7.
2263 93. 7.
2264 93. 7.
2265 93. 7.
2266 93. 7.
2267 93. 7.
2268 93. 7.
2269 93. 7.
2270 93. 7.
2271 93. 7.
2272 93. 7.
2273 93. 7.
2274 93. 7.
2275 93. 7.
2276 93. 7.
2277 93. 7.
2278 93. 7.
2279 93. 7.
2280 92. 8.
2281 92. 8.
2282 93. 7.
2283 94. 6.
2284 94. 6.
2285 95. 5.
2286 95. 5.
2287 95. 5.
2288 95. 5.
2289 94. 6.
2290 94. 6.
2291 94. 6.
2292 94. 6.
2293 94. 6.
2294 94. 6.
2295 94. 6.
2296 94. 6.
2297 94. 6.
2298 94. 6.
2299 94. 6.
2300 94. 6.
2301 94. 6.
2302 94. 6.
2303 94. 6.
2304 94. 6.
2305 94. 6.
2306 94. 6.
2307 94. 6.
2308 94. 6.
2309 94. 6.
2310 94. 6.
2311 94. 6.
2312 94. 6.
2313 94. 6.
2314 94. 6.
2315 94. 6.
2316 94. 6.
2317 94. 6.
2318 94. 6.
2319 94. 6.
2320 94. 6.
2321 94. 6.
2322 93. 7.
2323 93. 7.
2324 93. 7.
2325 93. 7.
2326 93. 7.
2327 93. 7.
2328 93. 7.
2329 93. 7.
2330 93. 7.
2331 93. 7.
2332 93. 7.
2333 93. 7.
2334 93. 7.
2335 93. 7.
2336 93. 7.
2337 93. 7.
2338 93. 7.
2339 93. 7.
2340 94. 6.
2341 94. 6.
2342 93. 7.
2343 93. 7.
2344 93. 7.
2345 93. 7.
2346 93. 7.
2347 93. 7.
2348 93. 7.
2349 93. 7.
2350 93. 7.
2351 93. 7.
2352 93. 7.
2353 93. 7.
2354 93. 7.
2355 93. 7.
2356 93. 7.
2357 93. 7.
2358 93. 7.
2359 93. 7.
2360 93. 7.
2361 93. 7.
2362 93. 7.
2363 93. 7.
2364 93. 7.
2365 93. 7.
2366 93. 7.
2367 93. 7.
2368 93. 7.
2369 93. 7.
2370 93. 7.
2371 93. 7.
2372 93. 7.
2373 93. 7.
2374 93. 7.
2375 93. 7.
2376 93. 7.
2377 93. 7.
2378 93. 7.
2379 93. 7.
2380 93. 7.
2381 93. 7.
2382 93. 7.
2383 93. 7.
2384 93. 7.
2385 94. 6.
2386 94. 6.
2387 94. 6.
2388 94. 6.
2389 93. 7.
2390 93. 7.
2391 93. 7.
2392 93. 7.
2393 93. 7.
2394 94. 6.
2395 94. 6.
2396 94. 6.
2397 94. 6.
2398 94. 6.
2399 94. 6.
2400 94. 6.
2401 94. 6.
2402 94. 6.
2403 94. 6.
2404 93. 7.
2405 93. 7.
2406 94. 6.
2407 94. 6.
2408 94. 6.
2409 94. 6.
2410 93. 7.
2411 93. 7.
2412 93. 7.
2413 93. 7.
2414 93. 7.
2415 93. 7.
2416 93. 7.
2417 93. 7.
2418 93. 7.
2419 93. 7.
2420 92. 8.
2421 92. 8.
2422 92. 8.
2423 92. 8.
2424 92. 8.
2425 92. 8.
2426 92. 8.
2427 92. 8.
2428 92. 8.
2429 92. 8.
2430 92. 8.
2431 92. 8.
2432 92. 8.
2433 92. 8.
2434 92. 8.
2435 92. 8.
2436 92. 8.
2437 92. 8.
2438 93. 7.
2439 94. 6.
2440 94. 6.
2441 94. 6.
2442 94. 6.
2443 94. 6.
2444 94. 6.
2445 94. 6.
2446 94. 6.
2447 94. 6.
2448 94. 6.
2449 94. 6.
2450 94. 6.
2451 94. 6.
2452 95. 5.
2453 95. 5.
2454 95. 5.
2455 95. 5.
2456 95. 5.
2457 95. 5.
2458 95. 5.
2459 95. 5.
2460 95. 5.
2461 95. 5.
2462 95. 5.
2463 95. 5.
2464 95. 5.
2465 95. 5.
2466 96. 4.
2467 96. 4.
2468 97. 3.
2469 97. 3.
2470 97. 3.
2471 97. 3.
2472 97. 3.
2473 97. 3.
2474 97. 3.
2475 97. 3.
2476 97. 3.
2477 97. 3.
2478 97. 3.
2479 97. 3.
2480 97. 3.
2481 97. 3.
2482 97. 3.
2483 97. 3.
2484 97. 3.
2485 97. 3.
2486 97. 3.
2487 97. 3.
2488 97. 3.
2489 97. 3.
2490 97. 3.
2491 97. 3.
2492 97. 3.
2493 97. 3.
2494 97. 3.
2495 97. 3.
2496 97. 3.
2497 97. 3.
2498 97. 3.
2499 96. 4.
2500 96. 4.
2501 96. 4.
2502 96. 4.
2503 96. 4.
2504 96. 4.
2505 96. 4.
2506 97. 3.
2507 97. 3.
2508 97. 3.
2509 97. 3.
2510 97. 3.
2511 97. 3.
2512 97. 3.
2513 97. 3.
2514 97. 3.
2515 97. 3.
2516 97. 3.
2517 97. 3.
2518 97. 3.
2519 97. 3.
2520 97. 3.
2521 97. 3.
2522 97. 3.
2523 97. 3.
2524 97. 3.
2525 97. 3.
2526 97. 3.
2527 97. 3.
2528 97. 3.
2529 97. 3.
2530 97. 3.
2531 98. 2.
2532 98. 2.
2533 98. 2.
2534 98. 2.
2535 98. 2.
2536 98. 2.
2537 98. 2.
2538 98. 2.
2539 98. 2.
2540 98. 2.
2541 98. 2.
2542 98. 2.
2543 98. 2.
2544 98. 2.
2545 98. 2.
2546 98. 2.
2547 98. 2.
2548 98. 2.
2549 98. 2.
2550 98. 2.
2551 98. 2.
2552 98. 2.
2553 99. 1.
2554 99. 1.
2555 99. 1.
2556 99. 1.
2557 99. 1.
2558 99. 1.
2559 99. 1.
2560 99. 1.
2561 99. 1.
2562 99. 1.
2563 99. 1.
2564 99. 1.
2565 99. 1.
2566 98. 2.
2567 98. 2.
2568 98. 2.
2569 98. 2.
2570 98. 2.
2571 98. 2.
2572 98. 2.
2573 98. 2.
2574 98. 2.
2575 98. 2.
2576 98. 2.
2577 98. 2.
2578 98. 2.
2579 98. 2.
2580 98. 2.
2581 98. 2.
2582 98. 2.
2583 98. 2.
2584 98. 2.
2585 98. 2.
2586 98. 2.
2587 98. 2.
2588 98. 2.
2589 98. 2.
2590 98. 2.
2591 98. 2.
2592 98. 2.
2593 98. 2.
2594 98. 2.
2595 98. 2.
2596 98. 2.
2597 98. 2.
2598 98. 2.
2599 98. 2.
2600 98. 2.
2601 98. 2.
2602 98. 2.
2603 98. 2.
2604 98. 2.
2605 98. 2.
2606 98. 2.
2607 98. 2.
2608 98. 2.
2609 98. 2.
2610 98. 2.
2611 98. 2.
2612 98. 2.
2613 98. 2.
2614 98. 2.
2615 98. 2.
2616 98. 2.
2617 98. 2.
2618 98. 2.
2619 98. 2.
2620 98. 2.
2621 98. 2.
2622 98. 2.
2623 98. 2.
2624 98. 2.
2625 98. 2.
2626 98. 2.
2627 98. 2.
2628 98. 2.
2629 98. 2.
2630 98. 2.
2631 98. 2.
2632 99. 1.
2633 99. 1.
2634 99. 1.
2635 99. 1.
2636 99. 1.
2637 99. 1.
2638 99. 1.
2639 99. 1.
2640 99. 1.
2641 99. 1.
2642 99. 1.
2643 99. 1.
2644 99. 1.
2645 99. 1.
2646 99. 1.
2647 99. 1.
2648 99. 1.
2649 99. 1.
2650 99. 1.
2651 99. 1.
2652 99. 1.
2653 99. 1.
2654 99. 1.
2655 99. 1.
2656 99. 1.
2657 99. 1.
2658 99. 1.
2659 99. 1.
2660 99. 1.
2661 99. 1.
2662 99. 1.
2663 99. 1.
2664 99. 1.
2665 99. 1.
2666 99. 1.
2667 99. 1.
2668 99. 1.
