0 18. 82.
1 17. 83.
2 17. 83.
3 17. 83.
4 17. 83.
5 17. 83.
6 18. 82.
7 19. 81.
8 20. 80.
9 20. 80.
10 21. 79.
11 21. 79.
12 21. 79.
13 21. 79.
14 22. 78.
15 22. 78.
16 22. 78.
17 22. 78.
18 22. 78.
19 22. 78.
20 22. 78.
21 22. 78.
22 22. 78.
23 22. 78.
24 22. 78.
25 22. 78.
26 22. 78.
27 22. 78.
28 22. 78.
29 23. 77.
30 24. 76.
31 24. 76.
32 25. 75.
33 25. 75.
34 26. 74.
35 27. 73.
36 27. 73.
37 27. 73.
38 27. 73.
39 27. 73.
40 27. 73.
41 28. 72.
42 28. 72.
43 28. 72.
44 28. 72.
45 28. 72.
46 28. 72.
47 29. 71.
48 29. 71.
49 29. 71.
50 29. 71.
51 29. 71.
52 28. 72.
53 28. 72.
54 27. 73.
55 27. 73.
56 27. 73.
57 27. 73.
58 27. 73.
59 27. 73.
60 27. 73.
61 27. 73.
62 27. 73.
63 27. 73.
64 26. 74.
65 26. 74.
66 25. 75.
67 25. 75.
68 24. 76.
69 24. 76.
70 23. 77.
71 23. 77.
72 23. 77.
73 23. 77.
74 24. 76.
75 24. 76.
76 24. 76.
77 24. 76.
78 24. 76.
79 24. 76.
80 24. 76.
81 24. 76.
82 24. 76.
83 24. 76.
84 24. 76.
85 24. 76.
86 23. 77.
87 22. 78.
88 22. 78.
89 22. 78.
90 23. 77.
91 23. 77.
92 22. 78.
93 21. 79.
94 21. 79.
95 20. 80.
96 20. 80.
97 20. 80.
98 20. 80.
99 19. 81.
100 19. 81.
101 19. 81.
102 18. 82.
103 18. 82.
104 18. 82.
105 17. 83.
106 17. 83.
107 17. 83.
108 17. 83.
109 17. 83.
110 17. 83.
111 17. 83.
112 17. 83.
113 17. 83.
114 17. 83.
115 17. 83.
116 16. 84.
117 16. 84.
118 17. 83.
119 17. 83.
120 16. 84.
121 16. 84.
122 16. 84.
123 16. 84.
124 16. 84.
125 16. 84.
126 16. 84.
127 17. 83.
128 16. 84.
129 16. 84.
130 15. 85.
131 15. 85.
132 16. 84.
133 16. 84.
134 16. 84.
135 16. 84.
136 16. 84.
137 16. 84.
138 16. 84.
139 16. 84.
140 16. 84.
141 16. 84.
142 16. 84.
143 16. 84.
144 16. 84.
145 16. 84.
146 16. 84.
147 16. 84.
148 16. 84.
149 17. 83.
150 17. 83.
151 17. 83.
152 18. 82.
153 18. 82.
154 18. 82.
155 19. 81.
156 18. 82.
157 18. 82.
158 18. 82.
159 18. 82.
160 18. 82.
161 18. 82.
162 18. 82.
163 17. 83.
164 17. 83.
165 17. 83.
166 17. 83.
167 17. 83.
168 16. 84.
169 16. 84.
170 17. 83.
171 17. 83.
172 17. 83.
173 16. 84.
174 15. 85.
175 15. 85.
176 15. 85.
177 15. 85.
178 14. 86.
179 14. 86.
180 14. 86.
181 14. 86.
182 14. 86.
183 14. 86.
184 14. 86.
185 14. 86.
186 14. 86.
187 14. 86.
188 14. 86.
189 13. 87.
190 13. 87.
191 13. 87.
192 13. 87.
193 13. 87.
194 13. 87.
195 12. 88.
196 13. 87.
197 13. 87.
198 13. 87.
199 13. 87.
200 13. 87.
201 13. 87.
202 13. 87.
203 13. 87.
204 13. 87.
205 13. 87.
206 13. 87.
207 13. 87.
208 13. 87.
209 13. 87.
210 13. 87.
211 13. 87.
212 13. 87.
213 13. 87.
214 13. 87.
215 13. 87.
216 13. 87.
217 13. 87.
218 13. 87.
219 13. 87.
220 14. 86.
221 14. 86.
222 15. 85.
223 14. 86.
224 14. 86.
225 14. 86.
226 14. 86.
227 14. 86.
228 15. 85.
229 15. 85.
230 15. 85.
231 15. 85.
232 15. 85.
233 15. 85.
234 15. 85.
235 15. 85.
236 15. 85.
237 16. 84.
238 16. 84.
239 16. 84.
240 15. 85.
241 15. 85.
242 15. 85.
243 15. 85.
244 15. 85.
245 15. 85.
246 15. 85.
247 15. 85.
248 15. 85.
249 16. 84.
250 16. 84.
251 16. 84.
252 16. 84.
253 16. 84.
254 16. 84.
255 16. 84.
256 17. 83.
257 17. 83.
258 17. 83.
259 17. 83.
260 17. 83.
261 17. 83.
262 17. 83.
263 17. 83.
264 17. 83.
265 17. 83.
266 17. 83.
267 17. 83.
268 17. 83.
269 17. 83.
270 16. 84.
271 15. 85.
272 14. 86.
273 14. 86.
274 13. 87.
275 13. 87.
276 13. 87.
277 13. 87.
278 13. 87.
279 13. 87.
280 14. 86.
281 14. 86.
282 14. 86.
283 13. 87.
284 13. 87.
285 13. 87.
286 13. 87.
287 13. 87.
288 13. 87.
289 13. 87.
290 13. 87.
291 13. 87.
292 13. 87.
293 13. 87.
294 13. 87.
295 13. 87.
296 13. 87.
297 14. 86.
298 14. 86.
299 14. 86.
300 14. 86.
301 14. 86.
302 14. 86.
303 14. 86.
304 14. 86.
305 14. 86.
306 14. 86.
307 14. 86.
308 14. 86.
309 14. 86.
310 14. 86.
311 14. 86.
312 14. 86.
313 13. 87.
314 13. 87.
315 13. 87.
316 13. 87.
317 13. 87.
318 13. 87.
319 13. 87.
320 13. 87.
321 13. 87.
322 13. 87.
323 12. 88.
324 12. 88.
325 12. 88.
326 12. 88.
327 12. 88.
328 12. 88.
329 12. 88.
330 12. 88.
331 12. 88.
332 12. 88.
333 11. 89.
334 11. 89.
335 12. 88.
336 13. 87.
337 12. 88.
338 12. 88.
339 12. 88.
340 12. 88.
341 12. 88.
342 12. 88.
343 12. 88.
344 12. 88.
345 12. 88.
346 11. 89.
347 11. 89.
348 11. 89.
349 11. 89.
350 11. 89.
351 11. 89.
352 11. 89.
353 11. 89.
354 11. 89.
355 11. 89.
356 11. 89.
357 11. 89.
358 11. 89.
359 10. 90.
360 10. 90.
361 10. 90.
362 10. 90.
363 10. 90.
364 10. 90.
365 10. 90.
366 10. 90.
367 10. 90.
368 10. 90.
369 10. 90.
370 10. 90.
371 10. 90.
372 10. 90.
373 10. 90.
374 10. 90.
375 10. 90.
376 10. 90.
377 10. 90.
378 10. 90.
379 10. 90.
380 10. 90.
381 10. 90.
382 10. 90.
383 10. 90.
384 10. 90.
385 10. 90.
386 10. 90.
387 10. 90.
388 10. 90.
389 10. 90.
390 10. 90.
391 10. 90.
392 9. 91.
393 9. 91.
394 9. 91.
395 9. 91.
396 9. 91.
397 9. 91.
398 9. 91.
399 8. 92.
400 8. 92.
401 8. 92.
402 8. 92.
403 8. 92.
404 8. 92.
405 8. 92.
406 8. 92.
407 8. 92.
408 8. 92.
409 8. 92.
410 8. 92.
411 8. 92.
412 8. 92.
413 8. 92.
414 7. 93.
415 7. 93.
416 7. 93.
417 7. 93.
418 6. 94.
419 6. 94.
420 6. 94.
421 6. 94.
422 6. 94.
423 6. 94.
424 6. 94.
425 6. 94.
426 6. 94.
427 6. 94.
428 7. 93.
429 7. 93.
430 7. 93.
431 7. 93.
432 7. 93.
433 7. 93.
434 7. 93.
435 7. 93.
436 7. 93.
437 7. 93.
438 7. 93.
439 7. 93.
440 7. 93.
441 7. 93.
442 7. 93.
443 6. 94.
444 6. 94.
445 6. 94.
446 6. 94.
447 6. 94.
448 6. 94.
449 6. 94.
450 6. 94.
451 6. 94.
452 6. 94.
453 6. 94.
454 6. 94.
455 6. 94.
456 6. 94.
457 6. 94.
458 6. 94.
459 6. 94.
460 6. 94.
461 6. 94.
462 6. 94.
463 6. 94.
464 6. 94.
465 6. 94.
466 6. 94.
467 6. 94.
468 6. 94.
469 6. 94.
470 6. 94.
471 7. 93.
472 7. 93.
473 7. 93.
474 7. 93.
475 7. 93.
476 7. 93.
477 7. 93.
478 7. 93.
479 7. 93.
480 7. 93.
481 7. 93.
482 8. 92.
483 8. 92.
484 8. 92.
485 8. 92.
486 8. 92.
487 7. 93.
488 7. 93.
489 7. 93.
490 7. 93.
491 7. 93.
492 7. 93.
493 7. 93.
494 7. 93.
495 7. 93.
496 7. 93.
497 8. 92.
498 8. 92.
499 8. 92.
500 8. 92.
501 8. 92.
502 8. 92.
503 8. 92.
504 7. 93.
505 7. 93.
506 7. 93.
507 7. 93.
508 7. 93.
509 7. 93.
510 7. 93.
511 7. 93.
512 7. 93.
513 7. 93.
514 7. 93.
515 7. 93.
516 7. 93.
517 7. 93.
518 7. 93.
519 7. 93.
520 7. 93.
521 7. 93.
522 7. 93.
523 8. 92.
524 8. 92.
525 8. 92.
526 8. 92.
527 8. 92.
528 8. 92.
529 8. 92.
530 7. 93.
531 7. 93.
532 7. 93.
533 7. 93.
534 7. 93.
535 7. 93.
536 7. 93.
537 7. 93.
538 7. 93.
539 8. 92.
540 8. 92.
541 8. 92.
542 8. 92.
543 8. 92.
544 8. 92.
545 8. 92.
546 9. 91.
547 9. 91.
548 9. 91.
549 9. 91.
550 9. 91.
551 8. 92.
552 8. 92.
553 8. 92.
554 8. 92.
555 8. 92.
556 8. 92.
557 8. 92.
558 9. 91.
559 9. 91.
560 9. 91.
561 9. 91.
562 9. 91.
563 9. 91.
564 9. 91.
565 9. 91.
566 9. 91.
567 9. 91.
568 9. 91.
569 9. 91.
570 9. 91.
571 9. 91.
572 9. 91.
573 9. 91.
574 9. 91.
575 9. 91.
576 9. 91.
577 9. 91.
578 9. 91.
579 9. 91.
580 9. 91.
581 9. 91.
582 9. 91.
583 9. 91.
584 9. 91.
585 9. 91.
586 9. 91.
587 9. 91.
588 8. 92.
589 8. 92.
590 8. 92.
591 8. 92.
592 8. 92.
593 7. 93.
594 7. 93.
595 7. 93.
596 7. 93.
597 7. 93.
598 7. 93.
599 7. 93.
600 7. 93.
601 7. 93.
602 7. 93.
603 7. 93.
604 7. 93.
605 7. 93.
606 7. 93.
607 6. 94.
608 6. 94.
609 6. 94.
610 6. 94.
611 6. 94.
612 6. 94.
613 6. 94.
614 6. 94.
615 6. 94.
616 6. 94.
617 6. 94.
618 6. 94.
619 6. 94.
620 6. 94.
621 6. 94.
622 6. 94.
623 6. 94.
624 6. 94.
625 6. 94.
626 6. 94.
627 6. 94.
628 6. 94.
629 6. 94.
630 6. 94.
631 6. 94.
632 6. 94.
633 6. 94.
634 6. 94.
635 6. 94.
636 6. 94.
637 6. 94.
638 7. 93.
639 7. 93.
640 7. 93.
641 7. 93.
642 7. 93.
643 7. 93.
644 7. 93.
645 6. 94.
646 6. 94.
647 6. 94.
648 6. 94.
649 6. 94.
650 6. 94.
651 6. 94.
652 6. 94.
653 6. 94.
654 6. 94.
655 6. 94.
656 6. 94.
657 6. 94.
658 6. 94.
659 6. 94.
660 6. 94.
661 6. 94.
662 6. 94.
663 6. 94.
664 6. 94.
665 6. 94.
666 6. 94.
667 6. 94.
668 5. 95.
669 5. 95.
670 5. 95.
671 5. 95.
672 5. 95.
673 5. 95.
674 5. 95.
675 5. 95.
676 5. 95.
677 5. 95.
678 5. 95.
679 5. 95.
680 5. 95.
681 5. 95.
682 5. 95.
683 5. 95.
684 5. 95.
685 5. 95.
686 5. 95.
687 5. 95.
688 5. 95.
689 5. 95.
690 5. 95.
691 5. 95.
692 5. 95.
693 5. 95.
694 5. 95.
695 5. 95.
696 5. 95.
697 5. 95.
698 5. 95.
699 5. 95.
700 5. 95.
701 5. 95.
702 5. 95.
703 5. 95.
704 5. 95.
705 5. 95.
706 5. 95.
707 5. 95.
708 5. 95.
709 5. 95.
710 5. 95.
711 6. 94.
712 6. 94.
713 6. 94.
714 6. 94.
715 6. 94.
716 6. 94.
717 6. 94.
718 6. 94.
719 6. 94.
720 6. 94.
721 6. 94.
722 6. 94.
723 6. 94.
724 6. 94.
725 6. 94.
726 6. 94.
727 6. 94.
728 6. 94.
729 6. 94.
730 6. 94.
731 6. 94.
732 6. 94.
733 6. 94.
734 6. 94.
735 6. 94.
736 6. 94.
737 6. 94.
738 6. 94.
739 6. 94.
740 6. 94.
741 5. 95.
742 5. 95.
743 5. 95.
744 5. 95.
745 5. 95.
746 5. 95.
747 5. 95.
748 5. 95.
749 5. 95.
750 5. 95.
751 5. 95.
752 5. 95.
753 5. 95.
754 5. 95.
755 5. 95.
756 5. 95.
757 5. 95.
758 5. 95.
759 5. 95.
760 5. 95.
761 5. 95.
762 5. 95.
763 5. 95.
764 5. 95.
765 5. 95.
766 5. 95.
767 5. 95.
768 5. 95.
769 5. 95.
770 5. 95.
771 5. 95.
772 5. 95.
773 5. 95.
774 5. 95.
775 5. 95.
776 5. 95.
777 5. 95.
778 5. 95.
779 5. 95.
780 5. 95.
781 5. 95.
782 5. 95.
783 5. 95.
784 5. 95.
785 5. 95.
786 5. 95.
787 5. 95.
788 5. 95.
789 5. 95.
790 5. 95.
791 5. 95.
792 5. 95.
793 5. 95.
794 5. 95.
795 5. 95.
796 5. 95.
797 5. 95.
798 5. 95.
799 5. 95.
800 5. 95.
801 5. 95.
802 5. 95.
803 5. 95.
804 5. 95.
805 5. 95.
806 5. 95.
807 5. 95.
808 5. 95.
809 5. 95.
810 5. 95.
811 5. 95.
812 5. 95.
813 5. 95.
814 5. 95.
815 5. 95.
816 5. 95.
817 5. 95.
818 5. 95.
819 5. 95.
820 6. 94.
821 6. 94.
822 6. 94.
823 6. 94.
824 6. 94.
825 6. 94.
826 6. 94.
827 6. 94.
828 6. 94.
829 6. 94.
830 6. 94.
831 6. 94.
832 6. 94.
833 6. 94.
834 6. 94.
835 6. 94.
836 6. 94.
837 6. 94.
838 6. 94.
839 6. 94.
840 6. 94.
841 6. 94.
842 6. 94.
843 6. 94.
844 6. 94.
845 6. 94.
846 6. 94.
847 6. 94.
848 6. 94.
849 6. 94.
850 6. 94.
851 6. 94.
852 7. 93.
853 7. 93.
854 7. 93.
855 7. 93.
856 7. 93.
857 7. 93.
858 7. 93.
859 7. 93.
860 7. 93.
861 7. 93.
862 7. 93.
863 7. 93.
864 7. 93.
865 7. 93.
866 7. 93.
867 7. 93.
868 7. 93.
869 7. 93.
870 7. 93.
871 7. 93.
872 7. 93.
873 7. 93.
874 7. 93.
875 7. 93.
876 7. 93.
877 7. 93.
878 7. 93.
879 7. 93.
880 7. 93.
881 7. 93.
882 7. 93.
883 7. 93.
884 7. 93.
885 7. 93.
886 7. 93.
887 7. 93.
888 7. 93.
889 7. 93.
890 7. 93.
891 7. 93.
892 7. 93.
893 7. 93.
894 7. 93.
895 7. 93.
896 7. 93.
897 7. 93.
898 7. 93.
899 7. 93.
900 7. 93.
901 7. 93.
902 7. 93.
903 7. 93.
904 6. 94.
905 6. 94.
906 6. 94.
907 6. 94.
908 6. 94.
909 6. 94.
910 6. 94.
911 6. 94.
912 6. 94.
913 6. 94.
914 6. 94.
915 6. 94.
916 6. 94.
917 6. 94.
918 6. 94.
919 6. 94.
920 7. 93.
921 7. 93.
922 7. 93.
923 7. 93.
924 7. 93.
925 7. 93.
926 7. 93.
927 7. 93.
928 7. 93.
929 7. 93.
930 7. 93.
931 7. 93.
932 7. 93.
933 7. 93.
934 7. 93.
935 7. 93.
936 7. 93.
937 7. 93.
938 7. 93.
939 7. 93.
940 7. 93.
941 7. 93.
942 7. 93.
943 7. 93.
944 7. 93.
945 7. 93.
946 7. 93.
947 7. 93.
948 7. 93.
949 7. 93.
950 7. 93.
951 7. 93.
952 7. 93.
953 7. 93.
954 7. 93.
955 7. 93.
956 7. 93.
957 7. 93.
958 7. 93.
959 7. 93.
960 7. 93.
961 7. 93.
962 7. 93.
963 7. 93.
964 7. 93.
965 7. 93.
966 7. 93.
967 7. 93.
968 7. 93.
969 7. 93.
970 7. 93.
971 7. 93.
972 7. 93.
973 7. 93.
974 7. 93.
975 7. 93.
976 7. 93.
977 7. 93.
978 7. 93.
979 7. 93.
980 7. 93.
981 7. 93.
982 7. 93.
983 7. 93.
984 6. 94.
985 6. 94.
986 6. 94.
987 6. 94.
988 6. 94.
989 6. 94.
990 6. 94.
991 6. 94.
992 6. 94.
993 6. 94.
994 6. 94.
995 6. 94.
996 6. 94.
997 6. 94.
998 6. 94.
999 6. 94.
1000 6. 94.
1001 6. 94.
1002 6. 94.
1003 6. 94.
1004 6. 94.
1005 6. 94.
1006 6. 94.
1007 6. 94.
1008 6. 94.
1009 6. 94.
1010 6. 94.
1011 6. 94.
1012 6. 94.
1013 6. 94.
1014 6. 94.
1015 6. 94.
1016 5. 95.
1017 5. 95.
1018 5. 95.
1019 5. 95.
1020 5. 95.
1021 5. 95.
1022 5. 95.
1023 5. 95.
1024 5. 95.
1025 5. 95.
1026 5. 95.
1027 5. 95.
1028 5. 95.
1029 5. 95.
1030 5. 95.
1031 5. 95.
1032 5. 95.
1033 5. 95.
1034 5. 95.
1035 5. 95.
1036 5. 95.
1037 5. 95.
1038 5. 95.
1039 5. 95.
1040 5. 95.
1041 5. 95.
1042 5. 95.
1043 5. 95.
1044 5. 95.
1045 5. 95.
1046 5. 95.
1047 5. 95.
1048 6. 94.
1049 6. 94.
1050 6. 94.
1051 6. 94.
1052 5. 95.
1053 5. 95.
1054 5. 95.
1055 5. 95.
1056 5. 95.
1057 5. 95.
1058 5. 95.
1059 5. 95.
1060 5. 95.
1061 5. 95.
1062 5. 95.
1063 5. 95.
1064 5. 95.
1065 5. 95.
1066 5. 95.
1067 5. 95.
1068 5. 95.
1069 5. 95.
1070 5. 95.
1071 5. 95.
1072 5. 95.
1073 5. 95.
1074 5. 95.
1075 5. 95.
1076 5. 95.
1077 5. 95.
1078 5. 95.
1079 5. 95.
1080 5. 95.
1081 5. 95.
1082 5. 95.
1083 5. 95.
1084 5. 95.
1085 5. 95.
1086 5. 95.
1087 5. 95.
1088 5. 95.
1089 5. 95.
1090 5. 95.
1091 5. 95.
1092 5. 95.
1093 5. 95.
1094 4. 96.
1095 4. 96.
1096 4. 96.
1097 4. 96.
1098 4. 96.
1099 4. 96.
1100 4. 96.
1101 4. 96.
1102 4. 96.
1103 4. 96.
1104 4. 96.
1105 4. 96.
1106 4. 96.
1107 4. 96.
1108 4. 96.
1109 4. 96.
1110 4. 96.
1111 4. 96.
1112 4. 96.
1113 4. 96.
1114 4. 96.
1115 4. 96.
1116 4. 96.
1117 3. 97.
1118 3. 97.
1119 3. 97.
1120 3. 97.
1121 3. 97.
1122 3. 97.
1123 3. 97.
1124 2. 98.
1125 2. 98.
1126 2. 98.
1127 2. 98.
1128 2. 98.
1129 2. 98.
1130 2. 98.
1131 2. 98.
1132 2. 98.
1133 2. 98.
1134 2. 98.
1135 2. 98.
1136 2. 98.
1137 2. 98.
1138 2. 98.
1139 2. 98.
1140 2. 98.
1141 2. 98.
1142 2. 98.
1143 2. 98.
1144 2. 98.
1145 2. 98.
1146 2. 98.
1147 3. 97.
1148 3. 97.
1149 3. 97.
1150 3. 97.
1151 3. 97.
1152 3. 97.
1153 3. 97.
1154 3. 97.
1155 3. 97.
1156 3. 97.
1157 3. 97.
1158 3. 97.
1159 3. 97.
1160 3. 97.
1161 3. 97.
1162 3. 97.
1163 3. 97.
1164 3. 97.
1165 3. 97.
1166 3. 97.
1167 3. 97.
1168 3. 97.
1169 3. 97.
1170 3. 97.
1171 3. 97.
1172 3. 97.
1173 3. 97.
1174 3. 97.
1175 2. 98.
1176 2. 98.
1177 2. 98.
1178 2. 98.
1179 2. 98.
1180 2. 98.
1181 2. 98.
1182 2. 98.
1183 2. 98.
1184 2. 98.
1185 2. 98.
1186 2. 98.
1187 2. 98.
1188 2. 98.
1189 2. 98.
1190 2. 98.
1191 2. 98.
1192 2. 98.
1193 2. 98.
1194 2. 98.
1195 2. 98.
1196 2. 98.
1197 2. 98.
1198 2. 98.
1199 2. 98.
1200 2. 98.
1201 2. 98.
1202 2. 98.
1203 2. 98.
1204 2. 98.
1205 2. 98.
1206 2. 98.
1207 2. 98.
1208 2. 98.
1209 2. 98.
1210 2. 98.
1211 2. 98.
1212 2. 98.
1213 2. 98.
1214 2. 98.
1215 2. 98.
1216 2. 98.
1217 2. 98.
1218 2. 98.
1219 2. 98.
1220 2. 98.
1221 1. 99.
1222 1. 99.
1223 1. 99.
1224 1. 99.
1225 1. 99.
1226 1. 99.
1227 1. 99.
1228 1. 99.
1229 1. 99.
1230 1. 99.
1231 1. 99.
1232 1. 99.
1233 1. 99.
1234 1. 99.
1235 1. 99.
1236 1. 99.
1237 1. 99.
1238 1. 99.
1239 1. 99.
1240 1. 99.
1241 1. 99.
1242 1. 99.
1243 1. 99.
1244 1. 99.
1245 1. 99.
1246 1. 99.
1247 1. 99.
1248 1. 99.
1249 1. 99.
1250 1. 99.
1251 1. 99.
1252 1. 99.
1253 1. 99.
1254 1. 99.
1255 1. 99.
1256 1. 99.
1257 1. 99.
1258 1. 99.
1259 1. 99.
1260 1. 99.
1261 1. 99.
1262 1. 99.
1263 1. 99.
1264 1. 99.
1265 1. 99.
1266 1. 99.
1267 1. 99.
1268 2. 98.
1269 2. 98.
1270 2. 98.
1271 2. 98.
1272 2. 98.
1273 2. 98.
1274 2. 98.
1275 2. 98.
1276 2. 98.
1277 2. 98.
1278 2. 98.
1279 2. 98.
1280 2. 98.
1281 2. 98.
1282 2. 98.
1283 2. 98.
1284 2. 98.
1285 2. 98.
1286 2. 98.
1287 2. 98.
1288 2. 98.
1289 2. 98.
1290 2. 98.
1291 2. 98.
1292 2. 98.
1293 2. 98.
1294 2. 98.
1295 2. 98.
1296 2. 98.
1297 2. 98.
1298 2. 98.
1299 2. 98.
1300 2. 98.
1301 2. 98.
1302 2. 98.
1303 2. 98.
1304 2. 98.
1305 2. 98.
1306 2. 98.
1307 2. 98.
1308 2. 98.
1309 2. 98.
1310 2. 98.
1311 2. 98.
1312 2. 98.
1313 2. 98.
1314 2. 98.
1315 2. 98.
1316 2. 98.
1317 2. 98.
1318 2. 98.
1319 2. 98.
1320 2. 98.
1321 2. 98.
1322 2. 98.
1323 2. 98.
1324 2. 98.
1325 2. 98.
1326 2. 98.
1327 2. 98.
1328 2. 98.
1329 2. 98.
1330 2. 98.
1331 2. 98.
1332 2. 98.
1333 2. 98.
1334 2. 98.
1335 2. 98.
1336 2. 98.
1337 2. 98.
1338 2. 98.
1339 2. 98.
1340 2. 98.
1341 2. 98.
1342 2. 98.
1343 2. 98.
1344 2. 98.
1345 2. 98.
1346 2. 98.
1347 2. 98.
1348 2. 98.
1349 2. 98.
1350 2. 98.
1351 2. 98.
1352 2. 98.
1353 2. 98.
1354 2. 98.
1355 2. 98.
1356 2. 98.
1357 2. 98.
1358 2. 98.
1359 2. 98.
1360 2. 98.
1361 2. 98.
1362 2. 98.
1363 2. 98.
1364 2. 98.
1365 2. 98.
1366 2. 98.
1367 2. 98.
1368 2. 98.
1369 2. 98.
1370 2. 98.
1371 2. 98.
1372 2. 98.
1373 2. 98.
1374 2. 98.
1375 2. 98.
1376 2. 98.
1377 2. 98.
1378 2. 98.
1379 2. 98.
1380 2. 98.
1381 2. 98.
1382 2. 98.
1383 2. 98.
1384 2. 98.
1385 2. 98.
1386 2. 98.
1387 2. 98.
1388 2. 98.
1389 2. 98.
1390 2. 98.
1391 2. 98.
1392 2. 98.
1393 2. 98.
1394 2. 98.
1395 2. 98.
1396 2. 98.
1397 2. 98.
1398 2. 98.
1399 2. 98.
1400 2. 98.
1401 2. 98.
1402 2. 98.
1403 2. 98.
1404 2. 98.
1405 2. 98.
1406 2. 98.
1407 2. 98.
1408 2. 98.
1409 2. 98.
1410 2. 98.
1411 2. 98.
1412 2. 98.
1413 2. 98.
1414 2. 98.
1415 2. 98.
1416 2. 98.
1417 2. 98.
1418 2. 98.
1419 2. 98.
1420 2. 98.
1421 2. 98.
1422 2. 98.
1423 2. 98.
1424 2. 98.
1425 2. 98.
1426 2. 98.
1427 2. 98.
1428 3. 97.
1429 3. 97.
1430 3. 97.
1431 3. 97.
1432 3. 97.
1433 3. 97.
1434 3. 97.
1435 3. 97.
1436 3. 97.
1437 3. 97.
1438 3. 97.
1439 3. 97.
1440 3. 97.
1441 3. 97.
1442 3. 97.
1443 3. 97.
1444 3. 97.
1445 3. 97.
1446 2. 98.
1447 2. 98.
1448 2. 98.
1449 2. 98.
1450 2. 98.
1451 2. 98.
1452 2. 98.
1453 2. 98.
1454 2. 98.
1455 2. 98.
1456 2. 98.
1457 2. 98.
1458 2. 98.
1459 2. 98.
1460 2. 98.
1461 2. 98.
1462 2. 98.
1463 2. 98.
1464 2. 98.
1465 2. 98.
1466 2. 98.
1467 2. 98.
1468 2. 98.
1469 2. 98.
1470 2. 98.
1471 2. 98.
1472 2. 98.
1473 2. 98.
1474 2. 98.
1475 2. 98.
1476 2. 98.
1477 2. 98.
1478 2. 98.
1479 2. 98.
1480 2. 98.
1481 2. 98.
1482 2. 98.
1483 2. 98.
1484 2. 98.
1485 2. 98.
1486 2. 98.
1487 2. 98.
1488 2. 98.
1489 2. 98.
1490 2. 98.
1491 2. 98.
1492 2. 98.
1493 2. 98.
1494 2. 98.
1495 2. 98.
1496 2. 98.
1497 2. 98.
1498 2. 98.
1499 2. 98.
1500 2. 98.
1501 2. 98.
1502 2. 98.
1503 2. 98.
1504 2. 98.
1505 2. 98.
1506 2. 98.
1507 2. 98.
1508 2. 98.
1509 2. 98.
1510 2. 98.
1511 2. 98.
1512 2. 98.
1513 2. 98.
1514 2. 98.
1515 2. 98.
1516 2. 98.
1517 2. 98.
1518 2. 98.
1519 2. 98.
1520 2. 98.
1521 2. 98.
1522 2. 98.
1523 2. 98.
1524 2. 98.
1525 2. 98.
1526 2. 98.
1527 2. 98.
1528 2. 98.
1529 2. 98.
1530 2. 98.
1531 2. 98.
1532 2. 98.
1533 2. 98.
1534 2. 98.
1535 2. 98.
1536 2. 98.
1537 2. 98.
1538 2. 98.
1539 2. 98.
1540 2. 98.
1541 2. 98.
1542 2. 98.
1543 2. 98.
1544 2. 98.
1545 2. 98.
1546 2. 98.
1547 2. 98.
1548 2. 98.
1549 2. 98.
1550 2. 98.
1551 2. 98.
1552 2. 98.
1553 2. 98.
1554 2. 98.
1555 2. 98.
1556 2. 98.
1557 2. 98.
1558 2. 98.
1559 2. 98.
1560 2. 98.
1561 2. 98.
1562 2. 98.
1563 2. 98.
1564 2. 98.
1565 2. 98.
1566 2. 98.
1567 2. 98.
1568 2. 98.
1569 2. 98.
1570 2. 98.
1571 2. 98.
1572 2. 98.
1573 2. 98.
1574 2. 98.
1575 2. 98.
1576 2. 98.
1577 2. 98.
1578 2. 98.
1579 2. 98.
1580 2. 98.
1581 2. 98.
1582 2. 98.
1583 2. 98.
1584 2. 98.
1585 2. 98.
1586 2. 98.
1587 2. 98.
1588 2. 98.
1589 2. 98.
1590 2. 98.
1591 2. 98.
1592 2. 98.
1593 2. 98.
1594 2. 98.
1595 2. 98.
1596 1. 99.
1597 1. 99.
1598 2. 98.
1599 2. 98.
1600 2. 98.
1601 2. 98.
1602 2. 98.
1603 2. 98.
1604 2. 98.
1605 2. 98.
1606 2. 98.
1607 2. 98.
1608 2. 98.
1609 2. 98.
1610 2. 98.
1611 2. 98.
1612 2. 98.
1613 2. 98.
1614 2. 98.
1615 2. 98.
1616 2. 98.
1617 2. 98.
1618 2. 98.
1619 2. 98.
1620 2. 98.
1621 2. 98.
1622 2. 98.
1623 2. 98.
1624 2. 98.
1625 2. 98.
1626 2. 98.
1627 2. 98.
1628 2. 98.
1629 2. 98.
1630 2. 98.
1631 1. 99.
1632 1. 99.
1633 1. 99.
1634 1. 99.
1635 1. 99.
1636 1. 99.
1637 1. 99.
1638 1. 99.
1639 1. 99.
1640 1. 99.
1641 1. 99.
1642 1. 99.
1643 1. 99.
1644 1. 99.
1645 1. 99.
1646 1. 99.
1647 1. 99.
1648 1. 99.
1649 1. 99.
1650 1. 99.
1651 1. 99.
1652 1. 99.
1653 1. 99.
1654 1. 99.
1655 1. 99.
1656 1. 99.
1657 1. 99.
1658 1. 99.
1659 1. 99.
1660 1. 99.
1661 1. 99.
1662 1. 99.
1663 1. 99.
1664 1. 99.
1665 1. 99.
1666 1. 99.
1667 1. 99.
1668 1. 99.
1669 1. 99.
1670 1. 99.
1671 1. 99.
1672 1. 99.
1673 1. 99.
1674 1. 99.
1675 1. 99.
1676 1. 99.
1677 1. 99.
1678 1. 99.
1679 1. 99.
1680 1. 99.
1681 1. 99.
1682 1. 99.
1683 1. 99.
