0 15. 85.
1 15. 85.
2 14. 86.
3 14. 86.
4 14. 86.
5 15. 85.
6 15. 85.
7 15. 85.
8 15. 85.
9 14. 86.
10 15. 85.
11 15. 85.
12 15. 85.
13 15. 85.
14 16. 84.
15 16. 84.
16 16. 84.
17 16. 84.
18 16. 84.
19 16. 84.
20 16. 84.
21 16. 84.
22 16. 84.
23 16. 84.
24 16. 84.
25 15. 85.
26 15. 85.
27 15. 85.
28 15. 85.
29 15. 85.
30 15. 85.
31 15. 85.
32 15. 85.
33 15. 85.
34 16. 84.
35 16. 84.
36 16. 84.
37 17. 83.
38 18. 82.
39 18. 82.
40 18. 82.
41 18. 82.
42 18. 82.
43 18. 82.
44 19. 81.
45 19. 81.
46 19. 81.
47 19. 81.
48 19. 81.
49 19. 81.
50 19. 81.
51 19. 81.
52 19. 81.
53 19. 81.
54 19. 81.
55 19. 81.
56 19. 81.
57 19. 81.
58 19. 81.
59 19. 81.
60 19. 81.
61 19. 81.
62 19. 81.
63 19. 81.
64 19. 81.
65 19. 81.
66 19. 81.
67 19. 81.
68 19. 81.
69 19. 81.
70 19. 81.
71 19. 81.
72 19. 81.
73 18. 82.
74 18. 82.
75 18. 82.
76 18. 82.
77 18. 82.
78 17. 83.
79 17. 83.
80 17. 83.
81 17. 83.
82 17. 83.
83 16. 84.
84 16. 84.
85 16. 84.
86 16. 84.
87 16. 84.
88 16. 84.
89 16. 84.
90 16. 84.
91 16. 84.
92 16. 84.
93 16. 84.
94 16. 84.
95 16. 84.
96 16. 84.
97 16. 84.
98 16. 84.
99 16. 84.
100 17. 83.
101 16. 84.
102 16. 84.
103 16. 84.
104 16. 84.
105 16. 84.
106 16. 84.
107 16. 84.
108 16. 84.
109 16. 84.
110 16. 84.
111 15. 85.
112 15. 85.
113 15. 85.
114 15. 85.
115 15. 85.
116 15. 85.
117 15. 85.
118 15. 85.
119 15. 85.
120 15. 85.
121 15. 85.
122 15. 85.
123 15. 85.
124 15. 85.
125 16. 84.
126 16. 84.
127 16. 84.
128 16. 84.
129 16. 84.
130 16. 84.
131 16. 84.
132 16. 84.
133 16. 84.
134 17. 83.
135 17. 83.
136 17. 83.
137 17. 83.
138 17. 83.
139 17. 83.
140 17. 83.
141 17. 83.
142 17. 83.
143 17. 83.
144 17. 83.
145 17. 83.
146 17. 83.
147 16. 84.
148 16. 84.
149 16. 84.
150 15. 85.
151 15. 85.
152 15. 85.
153 15. 85.
154 15. 85.
155 14. 86.
156 14. 86.
157 14. 86.
158 14. 86.
159 15. 85.
160 15. 85.
161 15. 85.
162 16. 84.
163 16. 84.
164 16. 84.
165 15. 85.
166 15. 85.
167 15. 85.
168 15. 85.
169 15. 85.
170 15. 85.
171 15. 85.
172 15. 85.
173 14. 86.
174 14. 86.
175 14. 86.
176 14. 86.
177 14. 86.
178 13. 87.
179 13. 87.
180 13. 87.
181 13. 87.
182 14. 86.
183 14. 86.
184 14. 86.
185 14. 86.
186 14. 86.
187 15. 85.
188 15. 85.
189 15. 85.
190 15. 85.
191 15. 85.
192 15. 85.
193 16. 84.
194 16. 84.
195 16. 84.
196 17. 83.
197 17. 83.
198 17. 83.
199 17. 83.
200 17. 83.
201 17. 83.
202 17. 83.
203 17. 83.
204 17. 83.
205 17. 83.
206 17. 83.
207 17. 83.
208 17. 83.
209 16. 84.
210 15. 85.
211 15. 85.
212 15. 85.
213 16. 84.
214 16. 84.
215 16. 84.
216 16. 84.
217 16. 84.
218 16. 84.
219 16. 84.
220 16. 84.
221 16. 84.
222 15. 85.
223 15. 85.
224 15. 85.
225 15. 85.
226 15. 85.
227 16. 84.
228 15. 85.
229 14. 86.
230 14. 86.
231 14. 86.
232 13. 87.
233 13. 87.
234 13. 87.
235 13. 87.
236 13. 87.
237 13. 87.
238 13. 87.
239 12. 88.
240 11. 89.
241 11. 89.
242 11. 89.
243 11. 89.
244 11. 89.
245 11. 89.
246 12. 88.
247 12. 88.
248 12. 88.
249 12. 88.
250 12. 88.
251 12. 88.
252 12. 88.
253 11. 89.
254 11. 89.
255 11. 89.
256 11. 89.
257 11. 89.
258 11. 89.
259 12. 88.
260 12. 88.
261 12. 88.
262 12. 88.
263 12. 88.
264 12. 88.
265 12. 88.
266 12. 88.
267 12. 88.
268 12. 88.
269 13. 87.
270 13. 87.
271 13. 87.
272 13. 87.
273 13. 87.
274 13. 87.
275 13. 87.
276 12. 88.
277 12. 88.
278 12. 88.
279 12. 88.
280 12. 88.
281 12. 88.
282 12. 88.
283 12. 88.
284 12. 88.
285 12. 88.
286 12. 88.
287 12. 88.
288 12. 88.
289 12. 88.
290 12. 88.
291 12. 88.
292 12. 88.
293 12. 88.
294 12. 88.
295 12. 88.
296 12. 88.
297 12. 88.
298 12. 88.
299 12. 88.
300 12. 88.
301 12. 88.
302 12. 88.
303 12. 88.
304 12. 88.
305 12. 88.
306 12. 88.
307 12. 88.
308 11. 89.
309 11. 89.
310 12. 88.
311 12. 88.
312 12. 88.
313 12. 88.
314 12. 88.
315 12. 88.
316 12. 88.
317 12. 88.
318 12. 88.
319 12. 88.
320 12. 88.
321 12. 88.
322 12. 88.
323 12. 88.
324 12. 88.
325 12. 88.
326 13. 87.
327 14. 86.
328 15. 85.
329 15. 85.
330 15. 85.
331 15. 85.
332 15. 85.
333 15. 85.
334 16. 84.
335 16. 84.
336 16. 84.
337 16. 84.
338 16. 84.
339 16. 84.
340 16. 84.
341 16. 84.
342 16. 84.
343 16. 84.
344 15. 85.
345 15. 85.
346 15. 85.
347 15. 85.
348 15. 85.
349 15. 85.
350 15. 85.
351 15. 85.
352 15. 85.
353 15. 85.
354 15. 85.
355 15. 85.
356 15. 85.
357 15. 85.
358 15. 85.
359 16. 84.
360 16. 84.
361 16. 84.
362 16. 84.
363 16. 84.
364 16. 84.
365 15. 85.
366 15. 85.
367 15. 85.
368 15. 85.
369 14. 86.
370 14. 86.
371 14. 86.
372 14. 86.
373 15. 85.
374 15. 85.
375 15. 85.
376 15. 85.
377 15. 85.
378 15. 85.
379 16. 84.
380 15. 85.
381 15. 85.
382 15. 85.
383 15. 85.
384 15. 85.
385 15. 85.
386 14. 86.
387 14. 86.
388 14. 86.
389 13. 87.
390 13. 87.
391 13. 87.
392 13. 87.
393 12. 88.
394 12. 88.
395 12. 88.
396 12. 88.
397 12. 88.
398 12. 88.
399 12. 88.
400 12. 88.
401 12. 88.
402 13. 87.
403 13. 87.
404 13. 87.
405 14. 86.
406 14. 86.
407 14. 86.
408 15. 85.
409 15. 85.
410 15. 85.
411 15. 85.
412 15. 85.
413 15. 85.
414 15. 85.
415 15. 85.
416 15. 85.
417 15. 85.
418 15. 85.
419 15. 85.
420 15. 85.
421 15. 85.
422 16. 84.
423 16. 84.
424 16. 84.
425 16. 84.
426 17. 83.
427 17. 83.
428 18. 82.
429 18. 82.
430 19. 81.
431 18. 82.
432 18. 82.
433 18. 82.
434 18. 82.
435 18. 82.
436 18. 82.
437 18. 82.
438 18. 82.
439 18. 82.
440 18. 82.
441 18. 82.
442 18. 82.
443 18. 82.
444 18. 82.
445 19. 81.
446 19. 81.
447 19. 81.
448 19. 81.
449 19. 81.
450 20. 80.
451 20. 80.
452 21. 79.
453 22. 78.
454 22. 78.
455 22. 78.
456 22. 78.
457 22. 78.
458 22. 78.
459 22. 78.
460 22. 78.
461 23. 77.
462 23. 77.
463 23. 77.
464 22. 78.
465 22. 78.
466 22. 78.
467 21. 79.
468 22. 78.
469 22. 78.
470 21. 79.
471 21. 79.
472 21. 79.
473 22. 78.
474 21. 79.
475 20. 80.
476 20. 80.
477 20. 80.
478 20. 80.
479 20. 80.
480 20. 80.
481 20. 80.
482 20. 80.
483 20. 80.
484 20. 80.
485 20. 80.
486 21. 79.
487 21. 79.
488 22. 78.
489 21. 79.
490 21. 79.
491 21. 79.
492 20. 80.
493 20. 80.
494 20. 80.
495 20. 80.
496 20. 80.
497 20. 80.
498 20. 80.
499 20. 80.
500 20. 80.
501 20. 80.
502 19. 81.
503 19. 81.
504 19. 81.
505 19. 81.
506 19. 81.
507 19. 81.
508 19. 81.
509 20. 80.
510 20. 80.
511 20. 80.
512 20. 80.
513 20. 80.
514 20. 80.
515 20. 80.
516 20. 80.
517 20. 80.
518 20. 80.
519 19. 81.
520 19. 81.
521 19. 81.
522 19. 81.
523 18. 82.
524 18. 82.
525 18. 82.
526 18. 82.
527 18. 82.
528 18. 82.
529 18. 82.
530 18. 82.
531 17. 83.
532 17. 83.
533 17. 83.
534 18. 82.
535 18. 82.
536 18. 82.
537 18. 82.
538 18. 82.
539 18. 82.
540 18. 82.
541 18. 82.
542 18. 82.
543 18. 82.
544 18. 82.
545 18. 82.
546 18. 82.
547 18. 82.
548 19. 81.
549 19. 81.
550 19. 81.
551 19. 81.
552 19. 81.
553 19. 81.
554 19. 81.
555 19. 81.
556 20. 80.
557 19. 81.
558 19. 81.
559 19. 81.
560 19. 81.
561 20. 80.
562 20. 80.
563 20. 80.
564 20. 80.
565 20. 80.
566 20. 80.
567 20. 80.
568 20. 80.
569 21. 79.
570 20. 80.
571 20. 80.
572 20. 80.
573 20. 80.
574 19. 81.
575 19. 81.
576 18. 82.
577 18. 82.
578 18. 82.
579 18. 82.
580 19. 81.
581 19. 81.
582 20. 80.
583 20. 80.
584 20. 80.
585 20. 80.
586 21. 79.
587 21. 79.
588 22. 78.
589 22. 78.
590 22. 78.
591 22. 78.
592 22. 78.
593 22. 78.
594 22. 78.
595 22. 78.
596 22. 78.
597 23. 77.
598 24. 76.
599 24. 76.
600 24. 76.
601 24. 76.
602 24. 76.
603 23. 77.
604 23. 77.
605 23. 77.
606 23. 77.
607 23. 77.
608 23. 77.
609 23. 77.
610 23. 77.
611 23. 77.
612 23. 77.
613 23. 77.
614 23. 77.
615 23. 77.
616 23. 77.
617 23. 77.
618 23. 77.
619 23. 77.
620 23. 77.
621 23. 77.
622 23. 77.
623 23. 77.
624 23. 77.
625 23. 77.
626 23. 77.
627 23. 77.
628 23. 77.
629 23. 77.
630 24. 76.
631 24. 76.
632 23. 77.
633 23. 77.
634 23. 77.
635 23. 77.
636 22. 78.
637 22. 78.
638 22. 78.
639 22. 78.
640 23. 77.
641 23. 77.
642 23. 77.
643 23. 77.
644 24. 76.
645 23. 77.
646 23. 77.
647 23. 77.
648 23. 77.
649 23. 77.
650 23. 77.
651 23. 77.
652 23. 77.
653 23. 77.
654 23. 77.
655 23. 77.
656 23. 77.
657 23. 77.
658 24. 76.
659 24. 76.
660 24. 76.
661 24. 76.
662 24. 76.
663 24. 76.
664 24. 76.
665 24. 76.
666 24. 76.
667 24. 76.
668 24. 76.
669 24. 76.
670 24. 76.
671 23. 77.
672 24. 76.
673 23. 77.
674 22. 78.
675 22. 78.
676 22. 78.
677 22. 78.
678 22. 78.
679 22. 78.
680 22. 78.
681 22. 78.
682 22. 78.
683 22. 78.
684 22. 78.
685 21. 79.
686 21. 79.
687 21. 79.
688 21. 79.
689 21. 79.
690 21. 79.
691 21. 79.
692 21. 79.
693 21. 79.
694 21. 79.
695 20. 80.
696 21. 79.
697 21. 79.
698 21. 79.
699 21. 79.
700 21. 79.
701 22. 78.
702 21. 79.
703 21. 79.
704 21. 79.
705 21. 79.
706 21. 79.
707 21. 79.
708 21. 79.
709 21. 79.
710 21. 79.
711 21. 79.
712 21. 79.
713 22. 78.
714 22. 78.
715 23. 77.
716 23. 77.
717 22. 78.
718 22. 78.
719 23. 77.
720 23. 77.
721 23. 77.
722 23. 77.
723 23. 77.
724 22. 78.
725 22. 78.
726 21. 79.
727 20. 80.
728 20. 80.
729 21. 79.
730 21. 79.
731 21. 79.
732 21. 79.
733 21. 79.
734 20. 80.
735 20. 80.
736 20. 80.
737 20. 80.
738 21. 79.
739 21. 79.
740 21. 79.
741 20. 80.
742 20. 80.
743 20. 80.
744 20. 80.
745 20. 80.
746 20. 80.
747 20. 80.
748 20. 80.
749 20. 80.
750 20. 80.
751 21. 79.
752 20. 80.
753 20. 80.
754 20. 80.
755 20. 80.
756 20. 80.
757 20. 80.
758 20. 80.
759 20. 80.
760 19. 81.
761 19. 81.
762 19. 81.
763 19. 81.
764 19. 81.
765 19. 81.
766 19. 81.
767 19. 81.
768 19. 81.
769 19. 81.
770 19. 81.
771 19. 81.
772 19. 81.
773 20. 80.
774 20. 80.
775 21. 79.
776 21. 79.
777 21. 79.
778 21. 79.
779 21. 79.
780 21. 79.
781 21. 79.
782 21. 79.
783 21. 79.
784 21. 79.
785 22. 78.
786 22. 78.
787 22. 78.
788 22. 78.
789 21. 79.
790 21. 79.
791 20. 80.
792 20. 80.
793 20. 80.
794 21. 79.
795 21. 79.
796 21. 79.
797 21. 79.
798 21. 79.
799 21. 79.
800 21. 79.
801 21. 79.
802 20. 80.
803 20. 80.
804 21. 79.
805 21. 79.
806 21. 79.
807 22. 78.
808 22. 78.
809 22. 78.
810 22. 78.
811 21. 79.
812 21. 79.
813 21. 79.
814 21. 79.
815 21. 79.
816 21. 79.
817 21. 79.
818 21. 79.
819 22. 78.
820 23. 77.
821 23. 77.
822 24. 76.
823 24. 76.
824 24. 76.
825 25. 75.
826 25. 75.
827 25. 75.
828 25. 75.
829 25. 75.
830 25. 75.
831 25. 75.
832 25. 75.
833 25. 75.
834 25. 75.
835 25. 75.
836 25. 75.
837 25. 75.
838 25. 75.
839 25. 75.
840 26. 74.
841 27. 73.
842 27. 73.
843 27. 73.
844 27. 73.
845 27. 73.
846 27. 73.
847 28. 72.
848 28. 72.
849 28. 72.
850 28. 72.
851 28. 72.
852 28. 72.
853 29. 71.
854 30. 70.
855 31. 69.
856 31. 69.
857 31. 69.
858 31. 69.
859 31. 69.
860 31. 69.
861 31. 69.
862 31. 69.
863 32. 68.
864 32. 68.
865 32. 68.
866 32. 68.
867 32. 68.
868 32. 68.
869 32. 68.
870 32. 68.
871 32. 68.
872 32. 68.
873 32. 68.
874 32. 68.
875 32. 68.
876 32. 68.
877 32. 68.
878 32. 68.
879 32. 68.
880 32. 68.
881 32. 68.
882 32. 68.
883 32. 68.
884 32. 68.
885 31. 69.
886 31. 69.
887 31. 69.
888 32. 68.
889 32. 68.
890 32. 68.
891 32. 68.
892 32. 68.
893 32. 68.
894 32. 68.
895 32. 68.
896 32. 68.
897 31. 69.
898 31. 69.
899 31. 69.
900 31. 69.
901 30. 70.
902 30. 70.
903 30. 70.
904 30. 70.
905 31. 69.
906 31. 69.
907 31. 69.
908 31. 69.
909 30. 70.
910 30. 70.
911 30. 70.
912 30. 70.
913 30. 70.
914 30. 70.
915 30. 70.
916 30. 70.
917 30. 70.
918 30. 70.
919 30. 70.
920 31. 69.
921 30. 70.
922 30. 70.
923 30. 70.
924 30. 70.
925 30. 70.
926 30. 70.
927 30. 70.
928 30. 70.
929 30. 70.
930 30. 70.
931 30. 70.
932 29. 71.
933 29. 71.
934 29. 71.
935 29. 71.
936 29. 71.
937 29. 71.
938 29. 71.
939 29. 71.
940 29. 71.
941 29. 71.
942 30. 70.
943 30. 70.
944 30. 70.
945 30. 70.
946 30. 70.
947 30. 70.
948 30. 70.
949 30. 70.
950 30. 70.
951 29. 71.
952 29. 71.
953 29. 71.
954 29. 71.
955 28. 72.
956 28. 72.
957 28. 72.
958 28. 72.
959 28. 72.
960 28. 72.
961 28. 72.
962 28. 72.
963 28. 72.
964 28. 72.
965 28. 72.
966 28. 72.
967 28. 72.
968 28. 72.
969 29. 71.
970 29. 71.
971 29. 71.
972 29. 71.
973 29. 71.
974 29. 71.
975 28. 72.
976 28. 72.
977 28. 72.
978 28. 72.
979 28. 72.
980 28. 72.
981 28. 72.
982 28. 72.
983 28. 72.
984 28. 72.
985 29. 71.
986 29. 71.
987 29. 71.
988 29. 71.
989 29. 71.
990 29. 71.
991 29. 71.
992 29. 71.
993 29. 71.
994 29. 71.
995 29. 71.
996 29. 71.
997 29. 71.
998 29. 71.
999 29. 71.
1000 28. 72.
1001 28. 72.
1002 29. 71.
1003 29. 71.
1004 29. 71.
1005 29. 71.
1006 28. 72.
1007 28. 72.
1008 29. 71.
1009 29. 71.
1010 29. 71.
1011 29. 71.
1012 29. 71.
1013 29. 71.
1014 28. 72.
1015 28. 72.
1016 28. 72.
1017 29. 71.
1018 29. 71.
1019 29. 71.
1020 29. 71.
1021 29. 71.
1022 28. 72.
1023 28. 72.
1024 28. 72.
1025 28. 72.
1026 27. 73.
1027 26. 74.
1028 26. 74.
1029 26. 74.
1030 26. 74.
1031 25. 75.
1032 25. 75.
1033 25. 75.
1034 25. 75.
1035 25. 75.
1036 25. 75.
1037 25. 75.
1038 25. 75.
1039 25. 75.
1040 25. 75.
1041 25. 75.
1042 25. 75.
1043 25. 75.
1044 25. 75.
1045 25. 75.
1046 25. 75.
1047 25. 75.
1048 25. 75.
1049 25. 75.
1050 24. 76.
1051 25. 75.
1052 25. 75.
1053 25. 75.
1054 25. 75.
1055 25. 75.
1056 25. 75.
1057 25. 75.
1058 26. 74.
1059 26. 74.
1060 26. 74.
1061 25. 75.
1062 25. 75.
1063 25. 75.
1064 25. 75.
1065 25. 75.
1066 25. 75.
1067 25. 75.
1068 25. 75.
1069 25. 75.
1070 25. 75.
1071 24. 76.
1072 24. 76.
1073 24. 76.
1074 24. 76.
1075 24. 76.
1076 24. 76.
1077 24. 76.
1078 24. 76.
1079 24. 76.
1080 23. 77.
1081 23. 77.
1082 22. 78.
1083 23. 77.
1084 22. 78.
1085 22. 78.
1086 23. 77.
1087 23. 77.
1088 23. 77.
1089 23. 77.
1090 23. 77.
1091 23. 77.
1092 23. 77.
1093 23. 77.
1094 22. 78.
1095 22. 78.
1096 22. 78.
1097 22. 78.
1098 22. 78.
1099 22. 78.
1100 22. 78.
1101 22. 78.
1102 22. 78.
1103 22. 78.
1104 22. 78.
1105 22. 78.
1106 23. 77.
1107 23. 77.
1108 22. 78.
1109 22. 78.
1110 22. 78.
1111 22. 78.
1112 22. 78.
1113 22. 78.
1114 22. 78.
1115 22. 78.
1116 21. 79.
1117 21. 79.
1118 21. 79.
1119 21. 79.
1120 21. 79.
1121 21. 79.
1122 21. 79.
1123 21. 79.
1124 21. 79.
1125 21. 79.
1126 21. 79.
1127 22. 78.
1128 23. 77.
1129 23. 77.
1130 23. 77.
1131 23. 77.
1132 23. 77.
1133 23. 77.
1134 23. 77.
1135 23. 77.
1136 23. 77.
1137 23. 77.
1138 23. 77.
1139 24. 76.
1140 24. 76.
1141 23. 77.
1142 23. 77.
1143 23. 77.
1144 23. 77.
1145 23. 77.
1146 23. 77.
1147 23. 77.
1148 23. 77.
1149 24. 76.
1150 24. 76.
1151 24. 76.
1152 24. 76.
1153 23. 77.
1154 24. 76.
1155 23. 77.
1156 24. 76.
1157 24. 76.
1158 23. 77.
1159 23. 77.
1160 22. 78.
1161 22. 78.
1162 22. 78.
1163 22. 78.
1164 22. 78.
1165 23. 77.
1166 23. 77.
1167 23. 77.
1168 23. 77.
1169 22. 78.
1170 22. 78.
1171 22. 78.
1172 22. 78.
1173 21. 79.
1174 21. 79.
1175 21. 79.
1176 21. 79.
1177 21. 79.
1178 21. 79.
1179 22. 78.
1180 22. 78.
1181 22. 78.
1182 22. 78.
1183 22. 78.
1184 22. 78.
1185 22. 78.
1186 22. 78.
1187 22. 78.
1188 22. 78.
1189 22. 78.
1190 22. 78.
1191 22. 78.
1192 22. 78.
1193 22. 78.
1194 21. 79.
1195 21. 79.
1196 21. 79.
1197 21. 79.
1198 21. 79.
1199 21. 79.
1200 21. 79.
1201 21. 79.
1202 21. 79.
1203 22. 78.
1204 23. 77.
1205 23. 77.
1206 23. 77.
1207 23. 77.
1208 23. 77.
1209 23. 77.
1210 23. 77.
1211 23. 77.
1212 23. 77.
1213 23. 77.
1214 24. 76.
1215 24. 76.
1216 24. 76.
1217 25. 75.
1218 25. 75.
1219 25. 75.
1220 25. 75.
1221 25. 75.
1222 25. 75.
1223 25. 75.
1224 25. 75.
1225 25. 75.
1226 25. 75.
1227 25. 75.
1228 25. 75.
1229 25. 75.
1230 25. 75.
1231 25. 75.
1232 26. 74.
1233 26. 74.
1234 26. 74.
1235 26. 74.
1236 26. 74.
1237 25. 75.
1238 25. 75.
1239 25. 75.
1240 25. 75.
1241 25. 75.
1242 25. 75.
1243 24. 76.
1244 24. 76.
1245 24. 76.
1246 24. 76.
1247 24. 76.
1248 25. 75.
1249 25. 75.
1250 25. 75.
1251 25. 75.
1252 25. 75.
1253 25. 75.
1254 24. 76.
1255 24. 76.
1256 24. 76.
1257 24. 76.
1258 24. 76.
1259 24. 76.
1260 24. 76.
1261 24. 76.
1262 24. 76.
1263 24. 76.
1264 24. 76.
1265 24. 76.
1266 24. 76.
1267 24. 76.
1268 24. 76.
1269 24. 76.
1270 23. 77.
1271 23. 77.
1272 23. 77.
1273 23. 77.
1274 23. 77.
1275 23. 77.
1276 23. 77.
1277 24. 76.
1278 24. 76.
1279 24. 76.
1280 24. 76.
1281 24. 76.
1282 24. 76.
1283 24. 76.
1284 24. 76.
1285 24. 76.
1286 24. 76.
1287 23. 77.
1288 23. 77.
1289 22. 78.
1290 22. 78.
1291 22. 78.
1292 22. 78.
1293 22. 78.
1294 22. 78.
1295 22. 78.
1296 21. 79.
1297 21. 79.
1298 21. 79.
1299 21. 79.
1300 21. 79.
1301 21. 79.
1302 21. 79.
1303 20. 80.
1304 20. 80.
1305 21. 79.
1306 22. 78.
1307 22. 78.
1308 22. 78.
1309 22. 78.
1310 21. 79.
1311 22. 78.
1312 22. 78.
1313 22. 78.
1314 22. 78.
1315 23. 77.
1316 23. 77.
1317 23. 77.
1318 23. 77.
1319 23. 77.
1320 23. 77.
1321 23. 77.
1322 23. 77.
1323 23. 77.
1324 23. 77.
1325 23. 77.
1326 23. 77.
1327 23. 77.
1328 23. 77.
1329 23. 77.
1330 24. 76.
1331 24. 76.
1332 24. 76.
1333 23. 77.
1334 23. 77.
1335 23. 77.
1336 23. 77.
1337 23. 77.
1338 24. 76.
1339 24. 76.
1340 24. 76.
1341 24. 76.
1342 23. 77.
1343 23. 77.
1344 24. 76.
1345 24. 76.
1346 24. 76.
1347 25. 75.
1348 25. 75.
1349 26. 74.
1350 25. 75.
1351 25. 75.
1352 25. 75.
1353 25. 75.
1354 25. 75.
1355 25. 75.
1356 25. 75.
1357 24. 76.
1358 24. 76.
1359 24. 76.
1360 24. 76.
1361 24. 76.
1362 24. 76.
1363 24. 76.
1364 24. 76.
1365 24. 76.
1366 24. 76.
1367 24. 76.
1368 24. 76.
1369 23. 77.
1370 23. 77.
1371 23. 77.
1372 23. 77.
1373 23. 77.
1374 23. 77.
1375 23. 77.
1376 23. 77.
1377 23. 77.
1378 23. 77.
1379 23. 77.
1380 23. 77.
1381 23. 77.
1382 23. 77.
1383 23. 77.
1384 23. 77.
1385 23. 77.
1386 23. 77.
1387 23. 77.
1388 22. 78.
1389 22. 78.
1390 22. 78.
1391 22. 78.
1392 22. 78.
1393 22. 78.
1394 23. 77.
1395 23. 77.
1396 22. 78.
1397 22. 78.
1398 22. 78.
1399 22. 78.
1400 22. 78.
1401 22. 78.
1402 22. 78.
1403 22. 78.
1404 21. 79.
1405 21. 79.
1406 21. 79.
1407 21. 79.
1408 20. 80.
1409 19. 81.
1410 19. 81.
1411 19. 81.
1412 19. 81.
1413 19. 81.
1414 20. 80.
1415 20. 80.
1416 21. 79.
1417 21. 79.
1418 21. 79.
1419 21. 79.
1420 21. 79.
1421 21. 79.
1422 21. 79.
1423 21. 79.
1424 21. 79.
1425 20. 80.
1426 20. 80.
1427 20. 80.
1428 19. 81.
1429 19. 81.
1430 20. 80.
1431 20. 80.
1432 20. 80.
1433 20. 80.
1434 20. 80.
1435 20. 80.
1436 20. 80.
1437 20. 80.
1438 20. 80.
1439 20. 80.
1440 20. 80.
1441 20. 80.
1442 20. 80.
1443 20. 80.
1444 20. 80.
1445 20. 80.
1446 20. 80.
1447 20. 80.
1448 21. 79.
1449 20. 80.
1450 20. 80.
1451 20. 80.
1452 19. 81.
1453 19. 81.
1454 19. 81.
1455 18. 82.
1456 18. 82.
1457 19. 81.
1458 19. 81.
1459 19. 81.
1460 18. 82.
1461 18. 82.
1462 18. 82.
1463 18. 82.
1464 18. 82.
1465 18. 82.
1466 18. 82.
1467 19. 81.
1468 20. 80.
1469 20. 80.
1470 20. 80.
1471 21. 79.
1472 22. 78.
1473 21. 79.
1474 21. 79.
1475 21. 79.
1476 20. 80.
1477 20. 80.
1478 20. 80.
1479 20. 80.
1480 20. 80.
1481 20. 80.
1482 20. 80.
1483 19. 81.
1484 19. 81.
1485 19. 81.
1486 19. 81.
1487 19. 81.
1488 19. 81.
1489 19. 81.
1490 19. 81.
1491 19. 81.
1492 20. 80.
1493 20. 80.
1494 20. 80.
1495 20. 80.
1496 20. 80.
1497 20. 80.
1498 20. 80.
1499 20. 80.
1500 20. 80.
1501 20. 80.
1502 20. 80.
1503 21. 79.
1504 21. 79.
1505 22. 78.
1506 22. 78.
1507 22. 78.
1508 22. 78.
1509 22. 78.
1510 21. 79.
1511 21. 79.
1512 21. 79.
1513 21. 79.
1514 21. 79.
1515 21. 79.
1516 21. 79.
1517 21. 79.
1518 22. 78.
1519 22. 78.
1520 23. 77.
1521 23. 77.
1522 23. 77.
1523 23. 77.
1524 23. 77.
1525 23. 77.
1526 23. 77.
1527 24. 76.
1528 23. 77.
1529 23. 77.
1530 24. 76.
1531 23. 77.
1532 23. 77.
1533 23. 77.
1534 23. 77.
1535 23. 77.
1536 23. 77.
1537 22. 78.
1538 22. 78.
1539 22. 78.
1540 22. 78.
1541 22. 78.
1542 22. 78.
1543 22. 78.
1544 21. 79.
1545 21. 79.
1546 21. 79.
1547 21. 79.
1548 21. 79.
1549 21. 79.
1550 21. 79.
1551 21. 79.
1552 21. 79.
1553 21. 79.
1554 21. 79.
1555 21. 79.
1556 21. 79.
1557 21. 79.
1558 21. 79.
1559 21. 79.
1560 20. 80.
1561 20. 80.
1562 20. 80.
1563 21. 79.
1564 21. 79.
1565 21. 79.
1566 21. 79.
1567 21. 79.
1568 21. 79.
1569 21. 79.
1570 21. 79.
1571 21. 79.
1572 21. 79.
1573 21. 79.
1574 21. 79.
1575 21. 79.
1576 21. 79.
1577 21. 79.
1578 21. 79.
1579 20. 80.
1580 20. 80.
1581 20. 80.
1582 20. 80.
1583 20. 80.
1584 19. 81.
1585 19. 81.
1586 19. 81.
1587 19. 81.
1588 19. 81.
1589 20. 80.
1590 19. 81.
1591 19. 81.
1592 19. 81.
1593 20. 80.
1594 20. 80.
1595 20. 80.
1596 20. 80.
1597 20. 80.
1598 20. 80.
1599 20. 80.
1600 19. 81.
1601 19. 81.
1602 19. 81.
1603 19. 81.
1604 19. 81.
1605 19. 81.
1606 18. 82.
1607 18. 82.
1608 18. 82.
1609 18. 82.
1610 18. 82.
1611 18. 82.
1612 18. 82.
1613 18. 82.
1614 17. 83.
1615 17. 83.
1616 17. 83.
1617 17. 83.
1618 18. 82.
1619 18. 82.
1620 18. 82.
1621 18. 82.
1622 18. 82.
1623 18. 82.
1624 18. 82.
1625 18. 82.
1626 18. 82.
1627 18. 82.
1628 19. 81.
1629 19. 81.
1630 19. 81.
1631 18. 82.
1632 18. 82.
1633 18. 82.
1634 18. 82.
1635 18. 82.
1636 18. 82.
1637 18. 82.
1638 18. 82.
1639 18. 82.
1640 18. 82.
1641 18. 82.
1642 18. 82.
1643 18. 82.
1644 18. 82.
1645 18. 82.
1646 18. 82.
1647 17. 83.
1648 17. 83.
1649 18. 82.
1650 18. 82.
1651 18. 82.
1652 18. 82.
1653 18. 82.
1654 18. 82.
1655 18. 82.
1656 18. 82.
1657 18. 82.
1658 18. 82.
1659 18. 82.
1660 17. 83.
1661 18. 82.
1662 18. 82.
1663 18. 82.
1664 18. 82.
1665 18. 82.
1666 17. 83.
1667 18. 82.
1668 17. 83.
1669 17. 83.
1670 17. 83.
1671 17. 83.
1672 17. 83.
1673 17. 83.
1674 17. 83.
1675 17. 83.
1676 17. 83.
1677 17. 83.
1678 18. 82.
1679 18. 82.
1680 18. 82.
1681 18. 82.
1682 19. 81.
1683 20. 80.
1684 20. 80.
1685 20. 80.
1686 20. 80.
1687 20. 80.
1688 20. 80.
1689 20. 80.
1690 20. 80.
1691 20. 80.
1692 20. 80.
1693 20. 80.
1694 20. 80.
1695 20. 80.
1696 20. 80.
1697 21. 79.
1698 22. 78.
1699 22. 78.
1700 22. 78.
1701 22. 78.
1702 22. 78.
1703 22. 78.
1704 22. 78.
1705 22. 78.
1706 22. 78.
1707 22. 78.
1708 22. 78.
1709 22. 78.
1710 22. 78.
1711 21. 79.
1712 21. 79.
1713 20. 80.
1714 20. 80.
1715 20. 80.
1716 20. 80.
1717 20. 80.
1718 20. 80.
1719 20. 80.
1720 20. 80.
1721 21. 79.
1722 21. 79.
1723 20. 80.
1724 20. 80.
1725 20. 80.
1726 20. 80.
1727 20. 80.
1728 21. 79.
1729 20. 80.
1730 20. 80.
1731 19. 81.
1732 19. 81.
1733 19. 81.
1734 19. 81.
1735 19. 81.
1736 19. 81.
1737 19. 81.
1738 19. 81.
1739 19. 81.
1740 19. 81.
1741 19. 81.
1742 19. 81.
1743 19. 81.
1744 19. 81.
1745 20. 80.
1746 20. 80.
1747 21. 79.
1748 21. 79.
1749 21. 79.
1750 21. 79.
1751 21. 79.
1752 21. 79.
1753 21. 79.
1754 21. 79.
1755 21. 79.
1756 21. 79.
1757 21. 79.
1758 21. 79.
1759 20. 80.
1760 20. 80.
1761 20. 80.
1762 20. 80.
1763 20. 80.
1764 20. 80.
1765 20. 80.
1766 20. 80.
1767 21. 79.
1768 20. 80.
1769 20. 80.
1770 20. 80.
1771 20. 80.
1772 20. 80.
1773 20. 80.
1774 20. 80.
1775 20. 80.
1776 20. 80.
1777 19. 81.
1778 19. 81.
1779 19. 81.
1780 19. 81.
1781 19. 81.
1782 19. 81.
1783 19. 81.
1784 19. 81.
1785 19. 81.
1786 19. 81.
1787 20. 80.
1788 20. 80.
1789 19. 81.
1790 19. 81.
1791 19. 81.
1792 19. 81.
1793 19. 81.
1794 19. 81.
1795 19. 81.
1796 20. 80.
1797 20. 80.
1798 21. 79.
1799 21. 79.
1800 21. 79.
1801 21. 79.
1802 20. 80.
1803 21. 79.
1804 21. 79.
1805 21. 79.
1806 21. 79.
1807 21. 79.
1808 21. 79.
1809 21. 79.
1810 21. 79.
1811 21. 79.
1812 20. 80.
1813 20. 80.
1814 20. 80.
1815 20. 80.
1816 20. 80.
1817 20. 80.
1818 20. 80.
1819 20. 80.
1820 19. 81.
1821 19. 81.
1822 19. 81.
1823 19. 81.
1824 19. 81.
1825 18. 82.
1826 18. 82.
1827 18. 82.
1828 18. 82.
1829 18. 82.
1830 18. 82.
1831 18. 82.
1832 18. 82.
1833 18. 82.
1834 18. 82.
1835 18. 82.
1836 18. 82.
1837 18. 82.
1838 18. 82.
1839 18. 82.
1840 18. 82.
1841 18. 82.
1842 18. 82.
1843 18. 82.
1844 18. 82.
1845 19. 81.
1846 19. 81.
1847 19. 81.
1848 19. 81.
1849 19. 81.
1850 19. 81.
1851 19. 81.
1852 19. 81.
1853 20. 80.
1854 19. 81.
1855 19. 81.
1856 19. 81.
1857 19. 81.
1858 19. 81.
1859 19. 81.
1860 18. 82.
1861 18. 82.
1862 18. 82.
1863 18. 82.
1864 18. 82.
1865 18. 82.
1866 18. 82.
1867 18. 82.
1868 18. 82.
1869 17. 83.
1870 17. 83.
1871 17. 83.
1872 17. 83.
1873 17. 83.
1874 17. 83.
1875 17. 83.
1876 18. 82.
1877 18. 82.
1878 18. 82.
1879 18. 82.
1880 18. 82.
1881 18. 82.
1882 18. 82.
1883 18. 82.
1884 18. 82.
1885 17. 83.
1886 17. 83.
1887 17. 83.
1888 17. 83.
1889 17. 83.
1890 17. 83.
1891 17. 83.
1892 17. 83.
1893 17. 83.
1894 17. 83.
1895 16. 84.
1896 16. 84.
1897 16. 84.
1898 16. 84.
1899 16. 84.
1900 16. 84.
1901 16. 84.
1902 16. 84.
1903 16. 84.
1904 16. 84.
1905 16. 84.
1906 16. 84.
1907 16. 84.
1908 15. 85.
1909 15. 85.
1910 15. 85.
1911 15. 85.
1912 15. 85.
1913 15. 85.
1914 15. 85.
1915 15. 85.
1916 16. 84.
1917 16. 84.
1918 16. 84.
1919 16. 84.
1920 16. 84.
1921 16. 84.
1922 16. 84.
1923 16. 84.
1924 16. 84.
1925 16. 84.
1926 16. 84.
1927 16. 84.
1928 16. 84.
1929 17. 83.
1930 17. 83.
1931 17. 83.
1932 17. 83.
1933 16. 84.
1934 15. 85.
1935 15. 85.
1936 15. 85.
1937 15. 85.
1938 15. 85.
1939 15. 85.
1940 15. 85.
1941 15. 85.
1942 14. 86.
1943 14. 86.
1944 14. 86.
1945 13. 87.
1946 13. 87.
1947 13. 87.
1948 13. 87.
1949 13. 87.
1950 13. 87.
1951 13. 87.
1952 13. 87.
1953 14. 86.
1954 14. 86.
1955 15. 85.
1956 15. 85.
1957 14. 86.
1958 14. 86.
1959 14. 86.
1960 14. 86.
1961 14. 86.
1962 14. 86.
1963 14. 86.
1964 14. 86.
1965 14. 86.
1966 14. 86.
1967 14. 86.
1968 14. 86.
1969 15. 85.
1970 15. 85.
1971 15. 85.
1972 15. 85.
1973 15. 85.
1974 14. 86.
1975 14. 86.
1976 13. 87.
1977 14. 86.
1978 15. 85.
1979 14. 86.
1980 14. 86.
1981 14. 86.
1982 14. 86.
1983 14. 86.
1984 14. 86.
1985 14. 86.
1986 14. 86.
1987 15. 85.
1988 15. 85.
1989 15. 85.
1990 15. 85.
1991 15. 85.
1992 15. 85.
1993 15. 85.
1994 14. 86.
1995 14. 86.
1996 14. 86.
1997 14. 86.
1998 14. 86.
1999 14. 86.
2000 14. 86.
2001 15. 85.
2002 15. 85.
2003 15. 85.
2004 15. 85.
2005 15. 85.
2006 15. 85.
2007 15. 85.
2008 15. 85.
2009 15. 85.
2010 14. 86.
2011 14. 86.
2012 15. 85.
2013 15. 85.
2014 15. 85.
2015 14. 86.
2016 14. 86.
2017 14. 86.
2018 14. 86.
2019 14. 86.
2020 14. 86.
2021 14. 86.
2022 14. 86.
2023 14. 86.
2024 13. 87.
2025 13. 87.
2026 13. 87.
2027 13. 87.
2028 13. 87.
2029 14. 86.
2030 14. 86.
2031 14. 86.
2032 13. 87.
2033 13. 87.
2034 13. 87.
2035 14. 86.
2036 14. 86.
2037 14. 86.
2038 14. 86.
2039 13. 87.
2040 13. 87.
2041 13. 87.
2042 13. 87.
2043 13. 87.
2044 13. 87.
2045 13. 87.
2046 13. 87.
2047 13. 87.
2048 13. 87.
2049 13. 87.
2050 13. 87.
2051 13. 87.
2052 13. 87.
2053 13. 87.
2054 13. 87.
2055 13. 87.
2056 13. 87.
2057 13. 87.
2058 13. 87.
2059 13. 87.
2060 13. 87.
2061 13. 87.
2062 13. 87.
2063 13. 87.
2064 13. 87.
2065 13. 87.
2066 13. 87.
2067 13. 87.
2068 13. 87.
2069 13. 87.
2070 13. 87.
2071 14. 86.
2072 13. 87.
2073 13. 87.
2074 13. 87.
2075 13. 87.
2076 13. 87.
2077 13. 87.
2078 12. 88.
2079 12. 88.
2080 12. 88.
2081 13. 87.
2082 13. 87.
2083 13. 87.
2084 13. 87.
2085 13. 87.
2086 13. 87.
2087 13. 87.
2088 13. 87.
2089 13. 87.
2090 13. 87.
2091 13. 87.
2092 13. 87.
2093 13. 87.
2094 12. 88.
2095 12. 88.
2096 13. 87.
2097 13. 87.
2098 13. 87.
2099 13. 87.
2100 13. 87.
2101 13. 87.
2102 13. 87.
2103 13. 87.
2104 13. 87.
2105 13. 87.
2106 12. 88.
2107 12. 88.
2108 12. 88.
2109 12. 88.
2110 12. 88.
2111 12. 88.
2112 12. 88.
2113 12. 88.
2114 12. 88.
2115 12. 88.
2116 12. 88.
2117 12. 88.
2118 12. 88.
2119 12. 88.
2120 12. 88.
2121 12. 88.
2122 12. 88.
2123 12. 88.
2124 12. 88.
2125 11. 89.
2126 11. 89.
2127 12. 88.
2128 12. 88.
2129 12. 88.
2130 12. 88.
2131 12. 88.
2132 12. 88.
2133 12. 88.
2134 12. 88.
2135 12. 88.
2136 12. 88.
2137 12. 88.
2138 11. 89.
2139 11. 89.
2140 11. 89.
2141 11. 89.
2142 11. 89.
2143 11. 89.
2144 10. 90.
2145 11. 89.
2146 11. 89.
2147 11. 89.
2148 10. 90.
2149 10. 90.
2150 10. 90.
2151 10. 90.
2152 10. 90.
2153 10. 90.
2154 10. 90.
2155 10. 90.
2156 9. 91.
2157 9. 91.
2158 9. 91.
2159 9. 91.
2160 9. 91.
2161 9. 91.
2162 10. 90.
2163 10. 90.
2164 10. 90.
2165 10. 90.
2166 10. 90.
2167 10. 90.
2168 10. 90.
2169 10. 90.
2170 10. 90.
2171 10. 90.
2172 9. 91.
2173 9. 91.
2174 9. 91.
2175 9. 91.
2176 9. 91.
2177 9. 91.
2178 10. 90.
2179 10. 90.
2180 10. 90.
2181 10. 90.
2182 10. 90.
2183 10. 90.
2184 9. 91.
2185 10. 90.
2186 10. 90.
2187 11. 89.
2188 11. 89.
2189 11. 89.
2190 11. 89.
2191 11. 89.
2192 11. 89.
2193 11. 89.
2194 11. 89.
2195 11. 89.
2196 11. 89.
2197 11. 89.
2198 11. 89.
2199 11. 89.
2200 11. 89.
2201 11. 89.
2202 12. 88.
2203 12. 88.
2204 12. 88.
2205 12. 88.
2206 12. 88.
2207 12. 88.
2208 12. 88.
2209 12. 88.
2210 12. 88.
2211 12. 88.
2212 12. 88.
2213 12. 88.
2214 12. 88.
2215 12. 88.
2216 12. 88.
2217 12. 88.
2218 12. 88.
2219 12. 88.
2220 12. 88.
2221 12. 88.
2222 12. 88.
2223 12. 88.
2224 12. 88.
2225 12. 88.
2226 12. 88.
2227 12. 88.
2228 12. 88.
2229 12. 88.
2230 12. 88.
2231 12. 88.
2232 12. 88.
2233 12. 88.
2234 12. 88.
2235 12. 88.
2236 12. 88.
2237 12. 88.
2238 12. 88.
2239 11. 89.
2240 11. 89.
2241 11. 89.
2242 11. 89.
2243 11. 89.
2244 11. 89.
2245 11. 89.
2246 11. 89.
2247 10. 90.
2248 10. 90.
2249 10. 90.
2250 10. 90.
2251 10. 90.
2252 10. 90.
2253 10. 90.
2254 10. 90.
2255 10. 90.
2256 10. 90.
2257 9. 91.
2258 9. 91.
2259 9. 91.
2260 9. 91.
2261 9. 91.
2262 9. 91.
2263 9. 91.
2264 9. 91.
2265 9. 91.
2266 9. 91.
2267 9. 91.
2268 9. 91.
2269 9. 91.
2270 9. 91.
2271 9. 91.
2272 9. 91.
2273 9. 91.
2274 9. 91.
2275 9. 91.
2276 10. 90.
2277 10. 90.
2278 10. 90.
2279 10. 90.
2280 10. 90.
2281 10. 90.
2282 10. 90.
2283 10. 90.
2284 10. 90.
2285 10. 90.
2286 10. 90.
2287 10. 90.
2288 10. 90.
2289 10. 90.
2290 10. 90.
2291 10. 90.
2292 10. 90.
2293 10. 90.
2294 11. 89.
2295 11. 89.
2296 11. 89.
2297 11. 89.
2298 11. 89.
2299 11. 89.
2300 11. 89.
2301 11. 89.
2302 11. 89.
2303 11. 89.
2304 11. 89.
2305 11. 89.
2306 12. 88.
2307 12. 88.
2308 12. 88.
2309 12. 88.
2310 12. 88.
2311 12. 88.
2312 12. 88.
2313 12. 88.
2314 12. 88.
2315 12. 88.
2316 12. 88.
2317 12. 88.
2318 12. 88.
2319 12. 88.
2320 12. 88.
2321 12. 88.
2322 12. 88.
2323 13. 87.
2324 12. 88.
2325 12. 88.
2326 12. 88.
2327 13. 87.
2328 13. 87.
2329 13. 87.
2330 13. 87.
2331 13. 87.
2332 12. 88.
2333 12. 88.
2334 12. 88.
2335 12. 88.
2336 12. 88.
2337 12. 88.
2338 12. 88.
2339 12. 88.
2340 12. 88.
2341 13. 87.
2342 13. 87.
2343 13. 87.
2344 13. 87.
2345 13. 87.
2346 13. 87.
2347 13. 87.
2348 12. 88.
2349 12. 88.
2350 12. 88.
2351 12. 88.
2352 12. 88.
2353 12. 88.
2354 12. 88.
2355 12. 88.
2356 12. 88.
2357 12. 88.
2358 12. 88.
2359 12. 88.
2360 13. 87.
2361 13. 87.
2362 13. 87.
2363 13. 87.
2364 13. 87.
2365 12. 88.
2366 12. 88.
2367 12. 88.
2368 12. 88.
2369 13. 87.
2370 13. 87.
2371 13. 87.
2372 13. 87.
2373 12. 88.
2374 12. 88.
2375 12. 88.
2376 12. 88.
2377 12. 88.
2378 12. 88.
2379 12. 88.
2380 11. 89.
2381 11. 89.
2382 11. 89.
2383 11. 89.
2384 11. 89.
2385 11. 89.
2386 11. 89.
2387 11. 89.
2388 11. 89.
2389 11. 89.
2390 11. 89.
2391 11. 89.
2392 11. 89.
2393 11. 89.
2394 11. 89.
2395 11. 89.
2396 11. 89.
2397 10. 90.
2398 10. 90.
2399 10. 90.
2400 10. 90.
2401 10. 90.
2402 10. 90.
2403 10. 90.
2404 10. 90.
2405 10. 90.
2406 10. 90.
2407 10. 90.
2408 10. 90.
2409 9. 91.
2410 9. 91.
2411 9. 91.
2412 9. 91.
2413 9. 91.
2414 9. 91.
2415 9. 91.
2416 9. 91.
2417 9. 91.
2418 9. 91.
2419 9. 91.
2420 9. 91.
2421 9. 91.
2422 9. 91.
2423 9. 91.
2424 9. 91.
2425 9. 91.
2426 9. 91.
2427 9. 91.
2428 9. 91.
2429 9. 91.
2430 9. 91.
2431 9. 91.
2432 9. 91.
2433 9. 91.
2434 9. 91.
2435 9. 91.
2436 9. 91.
2437 9. 91.
2438 8. 92.
2439 8. 92.
2440 8. 92.
2441 8. 92.
2442 8. 92.
2443 9. 91.
2444 9. 91.
2445 9. 91.
2446 9. 91.
2447 9. 91.
2448 9. 91.
2449 9. 91.
2450 9. 91.
2451 9. 91.
2452 9. 91.
2453 9. 91.
2454 9. 91.
2455 9. 91.
2456 9. 91.
2457 9. 91.
2458 9. 91.
2459 9. 91.
2460 9. 91.
2461 9. 91.
2462 9. 91.
2463 9. 91.
2464 9. 91.
2465 9. 91.
2466 9. 91.
2467 9. 91.
2468 9. 91.
2469 9. 91.
2470 9. 91.
2471 9. 91.
2472 9. 91.
2473 9. 91.
2474 9. 91.
2475 9. 91.
2476 9. 91.
2477 9. 91.
2478 8. 92.
2479 8. 92.
2480 8. 92.
2481 8. 92.
2482 8. 92.
2483 8. 92.
2484 8. 92.
2485 8. 92.
2486 8. 92.
2487 8. 92.
2488 8. 92.
2489 8. 92.
2490 8. 92.
2491 8. 92.
2492 8. 92.
2493 8. 92.
2494 8. 92.
2495 8. 92.
2496 8. 92.
2497 8. 92.
2498 8. 92.
2499 8. 92.
2500 8. 92.
2501 8. 92.
2502 9. 91.
2503 9. 91.
2504 9. 91.
2505 9. 91.
2506 10. 90.
2507 10. 90.
2508 11. 89.
2509 11. 89.
2510 11. 89.
2511 11. 89.
2512 11. 89.
2513 11. 89.
2514 11. 89.
2515 11. 89.
2516 11. 89.
2517 11. 89.
2518 11. 89.
2519 11. 89.
2520 11. 89.
2521 11. 89.
2522 11. 89.
2523 11. 89.
2524 11. 89.
2525 11. 89.
2526 11. 89.
2527 11. 89.
2528 11. 89.
2529 11. 89.
2530 11. 89.
2531 11. 89.
2532 11. 89.
2533 11. 89.
2534 11. 89.
2535 11. 89.
2536 11. 89.
2537 11. 89.
2538 11. 89.
2539 11. 89.
2540 11. 89.
2541 11. 89.
2542 11. 89.
2543 11. 89.
2544 11. 89.
2545 11. 89.
2546 11. 89.
2547 11. 89.
2548 11. 89.
2549 12. 88.
2550 11. 89.
2551 11. 89.
2552 11. 89.
2553 11. 89.
2554 11. 89.
2555 11. 89.
2556 11. 89.
2557 11. 89.
2558 11. 89.
2559 11. 89.
2560 11. 89.
2561 11. 89.
2562 11. 89.
2563 11. 89.
2564 11. 89.
2565 11. 89.
2566 11. 89.
2567 11. 89.
2568 11. 89.
2569 11. 89.
2570 11. 89.
2571 11. 89.
2572 11. 89.
2573 11. 89.
2574 11. 89.
2575 11. 89.
2576 11. 89.
2577 11. 89.
2578 11. 89.
2579 11. 89.
2580 11. 89.
2581 11. 89.
2582 11. 89.
2583 11. 89.
2584 11. 89.
2585 11. 89.
2586 10. 90.
2587 10. 90.
2588 10. 90.
2589 10. 90.
2590 11. 89.
2591 11. 89.
2592 11. 89.
2593 11. 89.
2594 11. 89.
2595 11. 89.
2596 11. 89.
2597 11. 89.
2598 12. 88.
2599 12. 88.
2600 12. 88.
2601 12. 88.
2602 13. 87.
2603 13. 87.
2604 13. 87.
2605 13. 87.
2606 13. 87.
2607 13. 87.
2608 13. 87.
2609 13. 87.
2610 13. 87.
2611 13. 87.
2612 13. 87.
2613 13. 87.
2614 12. 88.
2615 12. 88.
2616 12. 88.
2617 12. 88.
2618 12. 88.
2619 12. 88.
2620 12. 88.
2621 12. 88.
2622 13. 87.
2623 13. 87.
2624 13. 87.
2625 13. 87.
2626 13. 87.
2627 13. 87.
2628 13. 87.
2629 13. 87.
2630 14. 86.
2631 14. 86.
2632 14. 86.
2633 14. 86.
2634 14. 86.
2635 14. 86.
2636 14. 86.
2637 14. 86.
2638 13. 87.
2639 13. 87.
2640 13. 87.
2641 13. 87.
2642 13. 87.
2643 13. 87.
2644 13. 87.
2645 13. 87.
2646 13. 87.
2647 13. 87.
2648 13. 87.
2649 13. 87.
2650 13. 87.
2651 13. 87.
2652 13. 87.
2653 13. 87.
2654 14. 86.
2655 14. 86.
2656 14. 86.
2657 14. 86.
2658 14. 86.
2659 14. 86.
2660 14. 86.
2661 14. 86.
2662 14. 86.
2663 14. 86.
2664 14. 86.
2665 14. 86.
2666 14. 86.
2667 14. 86.
2668 14. 86.
2669 14. 86.
2670 14. 86.
2671 15. 85.
2672 15. 85.
2673 15. 85.
2674 15. 85.
2675 15. 85.
2676 15. 85.
2677 14. 86.
2678 14. 86.
2679 14. 86.
2680 14. 86.
2681 14. 86.
2682 13. 87.
2683 14. 86.
2684 14. 86.
2685 14. 86.
2686 14. 86.
2687 14. 86.
2688 14. 86.
2689 14. 86.
2690 14. 86.
2691 15. 85.
2692 15. 85.
2693 16. 84.
2694 16. 84.
2695 16. 84.
2696 16. 84.
2697 16. 84.
2698 17. 83.
2699 17. 83.
2700 16. 84.
2701 16. 84.
2702 15. 85.
2703 15. 85.
2704 15. 85.
2705 15. 85.
2706 16. 84.
2707 16. 84.
2708 16. 84.
2709 16. 84.
2710 16. 84.
2711 16. 84.
2712 16. 84.
2713 15. 85.
2714 15. 85.
2715 16. 84.
2716 16. 84.
2717 16. 84.
2718 17. 83.
2719 17. 83.
2720 17. 83.
2721 16. 84.
2722 16. 84.
2723 16. 84.
2724 16. 84.
2725 16. 84.
2726 16. 84.
2727 16. 84.
2728 16. 84.
2729 16. 84.
2730 16. 84.
2731 16. 84.
2732 16. 84.
2733 16. 84.
2734 16. 84.
2735 16. 84.
2736 16. 84.
2737 16. 84.
2738 16. 84.
2739 16. 84.
2740 16. 84.
2741 16. 84.
2742 16. 84.
2743 17. 83.
2744 17. 83.
2745 17. 83.
2746 17. 83.
2747 17. 83.
2748 17. 83.
2749 17. 83.
2750 17. 83.
2751 18. 82.
2752 18. 82.
2753 18. 82.
2754 18. 82.
2755 18. 82.
2756 18. 82.
2757 18. 82.
2758 18. 82.
2759 18. 82.
2760 18. 82.
2761 18. 82.
2762 17. 83.
2763 17. 83.
2764 17. 83.
2765 17. 83.
2766 17. 83.
2767 17. 83.
2768 17. 83.
2769 17. 83.
2770 17. 83.
2771 17. 83.
2772 17. 83.
2773 17. 83.
2774 17. 83.
2775 17. 83.
2776 17. 83.
2777 17. 83.
2778 17. 83.
2779 17. 83.
2780 17. 83.
2781 17. 83.
2782 16. 84.
2783 17. 83.
2784 17. 83.
2785 17. 83.
2786 17. 83.
2787 16. 84.
2788 16. 84.
2789 16. 84.
2790 16. 84.
2791 16. 84.
2792 16. 84.
2793 15. 85.
2794 15. 85.
2795 15. 85.
2796 15. 85.
2797 15. 85.
2798 15. 85.
2799 15. 85.
2800 15. 85.
2801 15. 85.
2802 16. 84.
2803 16. 84.
2804 16. 84.
2805 16. 84.
2806 17. 83.
2807 17. 83.
2808 17. 83.
2809 16. 84.
2810 16. 84.
2811 16. 84.
2812 16. 84.
2813 16. 84.
2814 16. 84.
2815 16. 84.
2816 16. 84.
2817 16. 84.
2818 17. 83.
2819 16. 84.
2820 16. 84.
2821 16. 84.
2822 16. 84.
2823 17. 83.
2824 17. 83.
2825 17. 83.
2826 16. 84.
2827 16. 84.
2828 16. 84.
2829 16. 84.
2830 16. 84.
2831 16. 84.
2832 16. 84.
2833 16. 84.
2834 16. 84.
2835 16. 84.
2836 17. 83.
2837 17. 83.
2838 18. 82.
2839 18. 82.
2840 18. 82.
2841 18. 82.
2842 18. 82.
2843 18. 82.
2844 18. 82.
2845 19. 81.
2846 19. 81.
2847 19. 81.
2848 19. 81.
2849 19. 81.
2850 18. 82.
2851 18. 82.
2852 18. 82.
2853 18. 82.
2854 18. 82.
2855 18. 82.
2856 17. 83.
2857 16. 84.
2858 16. 84.
2859 16. 84.
2860 16. 84.
2861 16. 84.
2862 16. 84.
2863 16. 84.
2864 16. 84.
2865 16. 84.
2866 16. 84.
2867 16. 84.
2868 16. 84.
2869 16. 84.
2870 16. 84.
2871 16. 84.
2872 16. 84.
2873 15. 85.
2874 15. 85.
2875 15. 85.
2876 15. 85.
2877 15. 85.
2878 15. 85.
2879 15. 85.
2880 16. 84.
2881 16. 84.
2882 16. 84.
2883 16. 84.
2884 15. 85.
2885 15. 85.
2886 15. 85.
2887 16. 84.
2888 16. 84.
2889 16. 84.
2890 16. 84.
2891 16. 84.
2892 16. 84.
2893 16. 84.
2894 16. 84.
2895 16. 84.
2896 16. 84.
2897 16. 84.
2898 16. 84.
2899 16. 84.
2900 15. 85.
2901 15. 85.
2902 15. 85.
2903 15. 85.
2904 15. 85.
2905 15. 85.
2906 15. 85.
2907 15. 85.
2908 15. 85.
2909 15. 85.
2910 15. 85.
2911 15. 85.
2912 15. 85.
2913 15. 85.
2914 15. 85.
2915 15. 85.
2916 15. 85.
2917 16. 84.
2918 16. 84.
2919 16. 84.
2920 16. 84.
2921 16. 84.
2922 16. 84.
2923 16. 84.
2924 16. 84.
2925 16. 84.
2926 16. 84.
2927 16. 84.
2928 16. 84.
2929 16. 84.
2930 16. 84.
2931 15. 85.
2932 15. 85.
2933 15. 85.
2934 15. 85.
2935 15. 85.
2936 16. 84.
2937 16. 84.
2938 16. 84.
2939 16. 84.
2940 16. 84.
2941 16. 84.
2942 16. 84.
2943 16. 84.
2944 16. 84.
2945 16. 84.
2946 16. 84.
2947 16. 84.
2948 16. 84.
2949 16. 84.
2950 16. 84.
2951 16. 84.
2952 16. 84.
2953 16. 84.
2954 17. 83.
2955 17. 83.
2956 17. 83.
2957 17. 83.
2958 16. 84.
2959 16. 84.
2960 16. 84.
2961 16. 84.
2962 16. 84.
2963 15. 85.
2964 15. 85.
2965 15. 85.
2966 15. 85.
2967 15. 85.
2968 15. 85.
2969 15. 85.
2970 15. 85.
2971 15. 85.
2972 16. 84.
2973 16. 84.
2974 16. 84.
2975 16. 84.
2976 16. 84.
2977 16. 84.
2978 16. 84.
2979 16. 84.
2980 16. 84.
2981 16. 84.
2982 15. 85.
2983 15. 85.
2984 15. 85.
2985 14. 86.
2986 14. 86.
2987 14. 86.
2988 14. 86.
2989 14. 86.
2990 14. 86.
2991 14. 86.
2992 14. 86.
2993 14. 86.
2994 14. 86.
2995 15. 85.
2996 16. 84.
2997 16. 84.
2998 16. 84.
2999 17. 83.
3000 16. 84.
3001 16. 84.
3002 16. 84.
3003 16. 84.
3004 15. 85.
3005 16. 84.
3006 16. 84.
3007 16. 84.
3008 17. 83.
3009 17. 83.
3010 17. 83.
3011 17. 83.
3012 16. 84.
3013 16. 84.
3014 17. 83.
3015 17. 83.
3016 17. 83.
3017 17. 83.
3018 17. 83.
3019 17. 83.
3020 17. 83.
3021 17. 83.
3022 16. 84.
3023 16. 84.
3024 16. 84.
3025 15. 85.
3026 15. 85.
3027 15. 85.
3028 15. 85.
3029 14. 86.
3030 14. 86.
3031 14. 86.
3032 14. 86.
3033 14. 86.
3034 14. 86.
3035 14. 86.
3036 15. 85.
3037 15. 85.
3038 15. 85.
3039 15. 85.
3040 15. 85.
3041 15. 85.
3042 15. 85.
3043 15. 85.
3044 15. 85.
3045 15. 85.
3046 16. 84.
3047 16. 84.
3048 17. 83.
3049 16. 84.
3050 15. 85.
3051 15. 85.
3052 15. 85.
3053 15. 85.
3054 15. 85.
3055 15. 85.
3056 15. 85.
3057 15. 85.
3058 16. 84.
3059 16. 84.
3060 16. 84.
3061 16. 84.
3062 17. 83.
3063 17. 83.
3064 17. 83.
3065 17. 83.
3066 17. 83.
3067 17. 83.
3068 18. 82.
3069 18. 82.
3070 18. 82.
3071 18. 82.
3072 18. 82.
3073 18. 82.
3074 18. 82.
3075 18. 82.
3076 18. 82.
3077 18. 82.
3078 18. 82.
3079 18. 82.
3080 18. 82.
3081 18. 82.
3082 18. 82.
3083 18. 82.
3084 18. 82.
3085 18. 82.
3086 18. 82.
3087 18. 82.
3088 18. 82.
3089 17. 83.
3090 17. 83.
3091 17. 83.
3092 17. 83.
3093 17. 83.
3094 17. 83.
3095 16. 84.
3096 17. 83.
3097 17. 83.
3098 16. 84.
3099 16. 84.
3100 16. 84.
3101 16. 84.
3102 17. 83.
3103 17. 83.
3104 17. 83.
3105 17. 83.
3106 18. 82.
3107 18. 82.
3108 18. 82.
3109 19. 81.
3110 19. 81.
3111 18. 82.
3112 18. 82.
3113 18. 82.
3114 18. 82.
3115 18. 82.
3116 18. 82.
3117 18. 82.
3118 18. 82.
3119 17. 83.
3120 17. 83.
3121 17. 83.
3122 17. 83.
3123 17. 83.
3124 18. 82.
3125 18. 82.
3126 18. 82.
3127 18. 82.
3128 18. 82.
3129 18. 82.
3130 18. 82.
3131 18. 82.
3132 18. 82.
3133 18. 82.
3134 18. 82.
3135 18. 82.
3136 18. 82.
3137 18. 82.
3138 18. 82.
3139 18. 82.
3140 18. 82.
3141 18. 82.
3142 18. 82.
3143 18. 82.
3144 18. 82.
3145 18. 82.
3146 18. 82.
3147 18. 82.
3148 18. 82.
3149 18. 82.
3150 18. 82.
3151 18. 82.
3152 18. 82.
3153 18. 82.
3154 18. 82.
3155 18. 82.
3156 18. 82.
3157 18. 82.
3158 18. 82.
3159 18. 82.
3160 17. 83.
3161 17. 83.
3162 18. 82.
3163 18. 82.
3164 18. 82.
3165 18. 82.
3166 18. 82.
3167 18. 82.
3168 18. 82.
3169 18. 82.
3170 18. 82.
3171 18. 82.
3172 18. 82.
3173 18. 82.
3174 18. 82.
3175 18. 82.
3176 18. 82.
3177 19. 81.
3178 19. 81.
3179 19. 81.
3180 19. 81.
3181 19. 81.
3182 19. 81.
3183 19. 81.
3184 19. 81.
3185 19. 81.
3186 19. 81.
3187 19. 81.
3188 19. 81.
3189 19. 81.
3190 19. 81.
3191 19. 81.
3192 19. 81.
3193 19. 81.
3194 19. 81.
3195 19. 81.
3196 19. 81.
3197 19. 81.
3198 19. 81.
3199 18. 82.
3200 18. 82.
3201 18. 82.
3202 18. 82.
3203 18. 82.
3204 17. 83.
3205 17. 83.
3206 17. 83.
3207 17. 83.
3208 17. 83.
3209 16. 84.
3210 16. 84.
3211 16. 84.
3212 16. 84.
3213 16. 84.
3214 16. 84.
3215 16. 84.
3216 16. 84.
3217 16. 84.
3218 16. 84.
3219 16. 84.
3220 16. 84.
3221 16. 84.
3222 17. 83.
3223 17. 83.
3224 17. 83.
3225 17. 83.
3226 17. 83.
3227 17. 83.
3228 17. 83.
3229 17. 83.
3230 17. 83.
3231 17. 83.
3232 17. 83.
3233 18. 82.
3234 18. 82.
3235 18. 82.
3236 18. 82.
3237 18. 82.
3238 18. 82.
3239 18. 82.
3240 18. 82.
3241 18. 82.
3242 18. 82.
3243 18. 82.
3244 18. 82.
3245 18. 82.
3246 18. 82.
3247 18. 82.
3248 18. 82.
3249 17. 83.
3250 17. 83.
3251 17. 83.
3252 17. 83.
3253 17. 83.
3254 17. 83.
3255 18. 82.
3256 18. 82.
3257 18. 82.
3258 18. 82.
3259 18. 82.
3260 18. 82.
3261 18. 82.
3262 18. 82.
3263 18. 82.
3264 18. 82.
3265 17. 83.
3266 17. 83.
3267 17. 83.
3268 17. 83.
3269 17. 83.
3270 17. 83.
3271 16. 84.
3272 16. 84.
3273 16. 84.
3274 16. 84.
3275 16. 84.
3276 16. 84.
3277 16. 84.
3278 16. 84.
3279 16. 84.
3280 16. 84.
3281 16. 84.
3282 16. 84.
3283 17. 83.
3284 17. 83.
3285 17. 83.
3286 17. 83.
3287 17. 83.
3288 17. 83.
3289 17. 83.
3290 17. 83.
3291 17. 83.
3292 17. 83.
3293 17. 83.
3294 17. 83.
3295 17. 83.
3296 17. 83.
3297 17. 83.
3298 17. 83.
3299 17. 83.
3300 17. 83.
3301 17. 83.
3302 17. 83.
3303 18. 82.
3304 18. 82.
3305 18. 82.
3306 17. 83.
3307 17. 83.
3308 17. 83.
3309 17. 83.
3310 17. 83.
3311 17. 83.
3312 16. 84.
3313 16. 84.
3314 16. 84.
3315 16. 84.
3316 16. 84.
3317 16. 84.
3318 16. 84.
3319 16. 84.
3320 16. 84.
3321 16. 84.
3322 16. 84.
3323 16. 84.
3324 16. 84.
3325 16. 84.
3326 16. 84.
3327 16. 84.
3328 16. 84.
3329 16. 84.
3330 16. 84.
3331 16. 84.
3332 16. 84.
3333 16. 84.
3334 16. 84.
3335 16. 84.
3336 16. 84.
3337 16. 84.
3338 16. 84.
3339 16. 84.
3340 16. 84.
3341 17. 83.
3342 17. 83.
3343 17. 83.
3344 17. 83.
3345 17. 83.
3346 17. 83.
3347 17. 83.
3348 17. 83.
3349 17. 83.
3350 17. 83.
3351 17. 83.
3352 17. 83.
3353 17. 83.
3354 17. 83.
3355 17. 83.
3356 17. 83.
3357 17. 83.
3358 17. 83.
3359 17. 83.
3360 17. 83.
3361 17. 83.
3362 17. 83.
3363 17. 83.
3364 17. 83.
3365 18. 82.
3366 18. 82.
3367 18. 82.
3368 19. 81.
3369 19. 81.
3370 19. 81.
3371 19. 81.
3372 19. 81.
3373 19. 81.
3374 19. 81.
3375 19. 81.
3376 19. 81.
3377 19. 81.
3378 19. 81.
3379 19. 81.
3380 19. 81.
3381 19. 81.
3382 19. 81.
3383 19. 81.
3384 19. 81.
3385 19. 81.
3386 19. 81.
3387 19. 81.
3388 19. 81.
3389 19. 81.
3390 19. 81.
3391 19. 81.
3392 20. 80.
3393 20. 80.
3394 20. 80.
3395 20. 80.
3396 20. 80.
3397 20. 80.
3398 20. 80.
3399 20. 80.
3400 20. 80.
3401 21. 79.
3402 21. 79.
3403 21. 79.
3404 21. 79.
3405 21. 79.
3406 21. 79.
3407 21. 79.
3408 21. 79.
3409 21. 79.
3410 21. 79.
3411 22. 78.
3412 23. 77.
3413 23. 77.
3414 23. 77.
3415 23. 77.
3416 23. 77.
3417 23. 77.
3418 23. 77.
3419 23. 77.
3420 23. 77.
3421 23. 77.
3422 23. 77.
3423 23. 77.
3424 23. 77.
3425 23. 77.
3426 22. 78.
3427 21. 79.
3428 21. 79.
3429 21. 79.
3430 21. 79.
3431 21. 79.
3432 21. 79.
3433 21. 79.
3434 21. 79.
3435 21. 79.
3436 21. 79.
3437 21. 79.
3438 21. 79.
3439 21. 79.
3440 21. 79.
3441 21. 79.
3442 21. 79.
3443 21. 79.
3444 21. 79.
3445 21. 79.
3446 20. 80.
3447 20. 80.
3448 20. 80.
3449 20. 80.
3450 21. 79.
3451 21. 79.
3452 20. 80.
3453 20. 80.
3454 21. 79.
3455 21. 79.
3456 21. 79.
3457 21. 79.
3458 20. 80.
3459 20. 80.
3460 19. 81.
3461 19. 81.
3462 19. 81.
3463 19. 81.
3464 19. 81.
3465 19. 81.
3466 19. 81.
3467 20. 80.
3468 20. 80.
3469 20. 80.
3470 20. 80.
3471 20. 80.
3472 20. 80.
3473 20. 80.
3474 20. 80.
3475 20. 80.
3476 20. 80.
3477 20. 80.
3478 20. 80.
3479 20. 80.
3480 20. 80.
3481 20. 80.
3482 20. 80.
3483 20. 80.
3484 20. 80.
3485 20. 80.
3486 20. 80.
3487 20. 80.
3488 20. 80.
3489 20. 80.
3490 20. 80.
3491 20. 80.
3492 20. 80.
3493 20. 80.
3494 20. 80.
3495 20. 80.
3496 20. 80.
3497 20. 80.
3498 20. 80.
3499 20. 80.
3500 20. 80.
3501 20. 80.
3502 20. 80.
3503 20. 80.
3504 20. 80.
3505 20. 80.
3506 19. 81.
3507 19. 81.
3508 19. 81.
3509 20. 80.
3510 20. 80.
3511 20. 80.
3512 21. 79.
3513 21. 79.
3514 21. 79.
3515 21. 79.
3516 21. 79.
3517 21. 79.
3518 21. 79.
3519 21. 79.
3520 21. 79.
3521 21. 79.
3522 21. 79.
3523 21. 79.
3524 21. 79.
3525 21. 79.
3526 21. 79.
3527 21. 79.
3528 22. 78.
3529 22. 78.
3530 22. 78.
3531 22. 78.
3532 22. 78.
3533 22. 78.
3534 22. 78.
3535 22. 78.
3536 22. 78.
3537 21. 79.
3538 21. 79.
3539 21. 79.
3540 21. 79.
3541 21. 79.
3542 20. 80.
3543 20. 80.
3544 21. 79.
3545 21. 79.
3546 20. 80.
3547 21. 79.
3548 20. 80.
3549 20. 80.
3550 20. 80.
3551 20. 80.
3552 20. 80.
3553 20. 80.
3554 20. 80.
3555 20. 80.
3556 20. 80.
3557 20. 80.
3558 19. 81.
3559 19. 81.
3560 20. 80.
3561 20. 80.
3562 20. 80.
3563 20. 80.
3564 20. 80.
3565 20. 80.
3566 20. 80.
3567 20. 80.
3568 20. 80.
3569 20. 80.
3570 20. 80.
3571 20. 80.
3572 20. 80.
3573 20. 80.
3574 19. 81.
3575 19. 81.
3576 19. 81.
3577 19. 81.
3578 19. 81.
3579 19. 81.
3580 19. 81.
3581 19. 81.
3582 19. 81.
3583 19. 81.
3584 19. 81.
3585 20. 80.
3586 19. 81.
3587 19. 81.
3588 19. 81.
3589 19. 81.
3590 19. 81.
3591 19. 81.
3592 19. 81.
3593 19. 81.
3594 19. 81.
3595 19. 81.
3596 19. 81.
3597 19. 81.
3598 19. 81.
3599 19. 81.
3600 19. 81.
3601 19. 81.
3602 19. 81.
3603 19. 81.
3604 19. 81.
3605 19. 81.
3606 19. 81.
3607 19. 81.
3608 19. 81.
3609 20. 80.
3610 20. 80.
3611 20. 80.
3612 20. 80.
3613 20. 80.
3614 20. 80.
3615 20. 80.
3616 20. 80.
3617 19. 81.
3618 19. 81.
3619 19. 81.
3620 20. 80.
3621 20. 80.
3622 20. 80.
3623 20. 80.
3624 20. 80.
3625 20. 80.
3626 20. 80.
3627 20. 80.
3628 21. 79.
3629 20. 80.
3630 20. 80.
3631 20. 80.
3632 20. 80.
3633 20. 80.
3634 20. 80.
3635 20. 80.
3636 20. 80.
3637 20. 80.
3638 20. 80.
3639 20. 80.
3640 19. 81.
3641 19. 81.
3642 20. 80.
3643 20. 80.
3644 21. 79.
3645 22. 78.
3646 22. 78.
3647 22. 78.
3648 22. 78.
3649 22. 78.
3650 22. 78.
3651 21. 79.
3652 21. 79.
3653 21. 79.
3654 21. 79.
3655 22. 78.
3656 22. 78.
3657 22. 78.
3658 22. 78.
3659 22. 78.
3660 22. 78.
3661 22. 78.
3662 22. 78.
3663 22. 78.
3664 23. 77.
3665 23. 77.
3666 23. 77.
3667 23. 77.
3668 23. 77.
3669 22. 78.
3670 21. 79.
3671 21. 79.
3672 21. 79.
3673 21. 79.
3674 21. 79.
3675 21. 79.
3676 21. 79.
3677 20. 80.
3678 20. 80.
3679 20. 80.
3680 20. 80.
3681 20. 80.
3682 20. 80.
3683 20. 80.
3684 20. 80.
3685 20. 80.
3686 20. 80.
3687 21. 79.
3688 21. 79.
3689 21. 79.
3690 21. 79.
3691 21. 79.
3692 21. 79.
3693 21. 79.
3694 20. 80.
3695 20. 80.
3696 20. 80.
3697 20. 80.
3698 20. 80.
3699 20. 80.
3700 20. 80.
3701 20. 80.
3702 20. 80.
3703 20. 80.
3704 20. 80.
3705 20. 80.
3706 20. 80.
3707 20. 80.
3708 20. 80.
3709 20. 80.
3710 20. 80.
3711 21. 79.
3712 21. 79.
3713 20. 80.
3714 20. 80.
3715 20. 80.
3716 20. 80.
3717 20. 80.
3718 20. 80.
3719 20. 80.
3720 20. 80.
3721 20. 80.
3722 21. 79.
3723 21. 79.
3724 21. 79.
3725 21. 79.
3726 20. 80.
3727 20. 80.
3728 20. 80.
3729 20. 80.
3730 20. 80.
3731 20. 80.
3732 20. 80.
3733 20. 80.
3734 20. 80.
3735 20. 80.
3736 20. 80.
3737 20. 80.
3738 20. 80.
3739 20. 80.
3740 20. 80.
3741 20. 80.
3742 20. 80.
3743 20. 80.
3744 20. 80.
3745 20. 80.
3746 20. 80.
3747 20. 80.
3748 20. 80.
3749 20. 80.
3750 20. 80.
3751 19. 81.
3752 19. 81.
3753 19. 81.
3754 19. 81.
3755 19. 81.
3756 19. 81.
3757 19. 81.
3758 19. 81.
3759 20. 80.
3760 20. 80.
3761 20. 80.
3762 20. 80.
3763 20. 80.
3764 20. 80.
3765 20. 80.
3766 20. 80.
3767 19. 81.
3768 19. 81.
3769 19. 81.
3770 19. 81.
3771 18. 82.
3772 18. 82.
3773 18. 82.
3774 17. 83.
3775 17. 83.
3776 17. 83.
3777 17. 83.
3778 17. 83.
3779 17. 83.
3780 17. 83.
3781 17. 83.
3782 17. 83.
3783 16. 84.
3784 16. 84.
3785 16. 84.
3786 15. 85.
3787 15. 85.
3788 15. 85.
3789 15. 85.
3790 15. 85.
3791 15. 85.
3792 15. 85.
3793 15. 85.
3794 15. 85.
3795 15. 85.
3796 15. 85.
3797 15. 85.
3798 15. 85.
3799 14. 86.
3800 14. 86.
3801 14. 86.
3802 14. 86.
3803 14. 86.
3804 14. 86.
3805 13. 87.
3806 12. 88.
3807 12. 88.
3808 12. 88.
3809 12. 88.
3810 12. 88.
3811 12. 88.
3812 12. 88.
3813 12. 88.
3814 12. 88.
3815 12. 88.
3816 12. 88.
3817 12. 88.
3818 12. 88.
3819 12. 88.
3820 12. 88.
3821 12. 88.
3822 12. 88.
3823 12. 88.
3824 12. 88.
3825 12. 88.
3826 12. 88.
3827 12. 88.
3828 12. 88.
3829 11. 89.
3830 11. 89.
3831 11. 89.
3832 11. 89.
3833 11. 89.
3834 11. 89.
3835 11. 89.
3836 11. 89.
3837 11. 89.
3838 11. 89.
3839 11. 89.
3840 11. 89.
3841 12. 88.
3842 12. 88.
3843 12. 88.
3844 12. 88.
3845 12. 88.
3846 12. 88.
3847 12. 88.
3848 12. 88.
3849 12. 88.
3850 12. 88.
3851 12. 88.
3852 12. 88.
3853 12. 88.
3854 12. 88.
3855 12. 88.
3856 12. 88.
3857 13. 87.
3858 13. 87.
3859 14. 86.
3860 14. 86.
3861 15. 85.
3862 15. 85.
3863 15. 85.
3864 16. 84.
3865 16. 84.
3866 16. 84.
3867 16. 84.
3868 16. 84.
3869 16. 84.
3870 16. 84.
3871 15. 85.
3872 15. 85.
3873 15. 85.
3874 15. 85.
3875 15. 85.
3876 15. 85.
3877 15. 85.
3878 15. 85.
3879 15. 85.
3880 14. 86.
3881 14. 86.
3882 14. 86.
3883 14. 86.
3884 14. 86.
3885 14. 86.
3886 14. 86.
3887 15. 85.
3888 15. 85.
3889 15. 85.
3890 16. 84.
3891 16. 84.
3892 16. 84.
3893 16. 84.
3894 16. 84.
3895 17. 83.
3896 17. 83.
3897 17. 83.
3898 17. 83.
3899 17. 83.
3900 17. 83.
3901 17. 83.
3902 17. 83.
3903 17. 83.
3904 17. 83.
3905 17. 83.
3906 17. 83.
3907 18. 82.
3908 18. 82.
3909 18. 82.
3910 18. 82.
3911 18. 82.
3912 18. 82.
3913 18. 82.
3914 18. 82.
3915 18. 82.
3916 18. 82.
3917 18. 82.
3918 18. 82.
3919 18. 82.
3920 18. 82.
3921 18. 82.
3922 18. 82.
3923 17. 83.
3924 17. 83.
3925 17. 83.
3926 16. 84.
3927 16. 84.
3928 16. 84.
3929 16. 84.
3930 16. 84.
3931 16. 84.
3932 16. 84.
3933 16. 84.
3934 16. 84.
3935 16. 84.
3936 16. 84.
3937 16. 84.
3938 16. 84.
3939 16. 84.
3940 16. 84.
3941 16. 84.
3942 16. 84.
3943 16. 84.
3944 16. 84.
3945 16. 84.
3946 17. 83.
3947 17. 83.
3948 17. 83.
3949 17. 83.
3950 17. 83.
3951 17. 83.
3952 18. 82.
3953 18. 82.
3954 18. 82.
3955 17. 83.
3956 17. 83.
3957 17. 83.
3958 17. 83.
3959 17. 83.
3960 17. 83.
3961 17. 83.
3962 17. 83.
3963 17. 83.
3964 17. 83.
3965 17. 83.
3966 17. 83.
3967 17. 83.
3968 18. 82.
3969 18. 82.
3970 18. 82.
3971 18. 82.
3972 18. 82.
3973 18. 82.
3974 18. 82.
3975 18. 82.
3976 18. 82.
3977 18. 82.
3978 18. 82.
3979 19. 81.
3980 19. 81.
3981 19. 81.
3982 19. 81.
3983 19. 81.
3984 19. 81.
3985 19. 81.
3986 19. 81.
3987 19. 81.
3988 19. 81.
3989 19. 81.
3990 19. 81.
3991 19. 81.
3992 18. 82.
3993 18. 82.
3994 19. 81.
3995 19. 81.
3996 19. 81.
3997 19. 81.
3998 19. 81.
3999 19. 81.
4000 19. 81.
4001 19. 81.
4002 19. 81.
4003 18. 82.
4004 18. 82.
4005 18. 82.
4006 19. 81.
4007 19. 81.
4008 20. 80.
4009 20. 80.
4010 20. 80.
4011 20. 80.
4012 20. 80.
4013 21. 79.
4014 21. 79.
4015 21. 79.
4016 21. 79.
4017 21. 79.
4018 20. 80.
4019 20. 80.
4020 20. 80.
4021 20. 80.
4022 20. 80.
4023 20. 80.
4024 19. 81.
4025 19. 81.
4026 19. 81.
4027 19. 81.
4028 19. 81.
4029 19. 81.
4030 19. 81.
4031 19. 81.
4032 19. 81.
4033 19. 81.
4034 19. 81.
4035 19. 81.
4036 19. 81.
4037 19. 81.
4038 19. 81.
4039 19. 81.
4040 20. 80.
4041 20. 80.
4042 20. 80.
4043 20. 80.
4044 20. 80.
4045 20. 80.
4046 20. 80.
4047 20. 80.
4048 20. 80.
4049 20. 80.
4050 20. 80.
4051 20. 80.
4052 20. 80.
4053 19. 81.
4054 19. 81.
4055 19. 81.
4056 19. 81.
4057 19. 81.
4058 19. 81.
4059 19. 81.
4060 19. 81.
4061 19. 81.
4062 19. 81.
4063 19. 81.
4064 18. 82.
4065 18. 82.
4066 18. 82.
4067 18. 82.
4068 18. 82.
4069 18. 82.
4070 17. 83.
4071 17. 83.
4072 17. 83.
4073 17. 83.
4074 18. 82.
4075 18. 82.
4076 18. 82.
4077 18. 82.
4078 18. 82.
4079 18. 82.
4080 18. 82.
4081 18. 82.
4082 18. 82.
4083 18. 82.
4084 18. 82.
4085 18. 82.
4086 18. 82.
4087 18. 82.
4088 18. 82.
4089 18. 82.
4090 18. 82.
4091 18. 82.
4092 18. 82.
4093 18. 82.
4094 18. 82.
4095 18. 82.
4096 19. 81.
4097 19. 81.
4098 20. 80.
4099 20. 80.
4100 20. 80.
4101 20. 80.
4102 20. 80.
4103 20. 80.
4104 19. 81.
4105 19. 81.
4106 19. 81.
4107 19. 81.
4108 19. 81.
4109 19. 81.
4110 19. 81.
4111 20. 80.
4112 20. 80.
4113 20. 80.
4114 20. 80.
4115 19. 81.
4116 19. 81.
4117 18. 82.
4118 18. 82.
4119 19. 81.
4120 19. 81.
4121 19. 81.
4122 19. 81.
4123 19. 81.
4124 19. 81.
4125 19. 81.
4126 19. 81.
4127 19. 81.
4128 19. 81.
4129 19. 81.
4130 19. 81.
4131 19. 81.
4132 19. 81.
4133 19. 81.
4134 19. 81.
4135 18. 82.
4136 18. 82.
4137 18. 82.
4138 18. 82.
4139 18. 82.
4140 18. 82.
4141 18. 82.
4142 18. 82.
4143 18. 82.
4144 18. 82.
4145 18. 82.
4146 17. 83.
4147 16. 84.
4148 16. 84.
4149 17. 83.
4150 17. 83.
4151 17. 83.
4152 17. 83.
4153 17. 83.
4154 17. 83.
4155 17. 83.
4156 17. 83.
4157 17. 83.
4158 17. 83.
4159 17. 83.
4160 17. 83.
4161 17. 83.
4162 17. 83.
4163 17. 83.
4164 17. 83.
4165 17. 83.
4166 18. 82.
4167 18. 82.
4168 18. 82.
4169 18. 82.
4170 18. 82.
4171 18. 82.
4172 18. 82.
4173 18. 82.
4174 18. 82.
4175 18. 82.
4176 18. 82.
4177 18. 82.
4178 18. 82.
4179 18. 82.
4180 18. 82.
4181 17. 83.
4182 17. 83.
4183 16. 84.
4184 16. 84.
4185 16. 84.
4186 15. 85.
4187 15. 85.
4188 15. 85.
4189 15. 85.
4190 15. 85.
4191 14. 86.
4192 14. 86.
4193 14. 86.
4194 14. 86.
4195 14. 86.
4196 14. 86.
4197 14. 86.
4198 14. 86.
4199 14. 86.
4200 14. 86.
4201 14. 86.
4202 14. 86.
4203 14. 86.
4204 14. 86.
4205 14. 86.
4206 15. 85.
4207 15. 85.
4208 15. 85.
4209 15. 85.
4210 15. 85.
4211 15. 85.
4212 15. 85.
4213 15. 85.
4214 15. 85.
4215 15. 85.
4216 15. 85.
4217 15. 85.
4218 15. 85.
4219 15. 85.
4220 15. 85.
4221 15. 85.
4222 16. 84.
4223 16. 84.
4224 16. 84.
4225 17. 83.
4226 17. 83.
4227 17. 83.
4228 17. 83.
4229 17. 83.
4230 17. 83.
4231 17. 83.
4232 17. 83.
4233 17. 83.
4234 17. 83.
4235 18. 82.
4236 18. 82.
4237 18. 82.
4238 18. 82.
4239 18. 82.
4240 18. 82.
4241 18. 82.
4242 18. 82.
4243 18. 82.
4244 18. 82.
4245 18. 82.
4246 18. 82.
4247 18. 82.
4248 18. 82.
4249 18. 82.
4250 18. 82.
4251 18. 82.
4252 18. 82.
4253 18. 82.
4254 19. 81.
4255 19. 81.
4256 19. 81.
4257 19. 81.
4258 19. 81.
4259 19. 81.
4260 19. 81.
4261 19. 81.
4262 19. 81.
4263 19. 81.
4264 19. 81.
4265 19. 81.
4266 19. 81.
4267 19. 81.
4268 19. 81.
4269 19. 81.
4270 19. 81.
4271 18. 82.
4272 18. 82.
4273 17. 83.
4274 17. 83.
4275 17. 83.
4276 17. 83.
4277 17. 83.
4278 17. 83.
4279 17. 83.
4280 17. 83.
4281 17. 83.
4282 17. 83.
4283 18. 82.
4284 17. 83.
4285 18. 82.
4286 18. 82.
4287 18. 82.
4288 18. 82.
4289 18. 82.
4290 18. 82.
4291 18. 82.
4292 18. 82.
4293 18. 82.
4294 18. 82.
4295 17. 83.
4296 17. 83.
4297 17. 83.
4298 17. 83.
4299 17. 83.
4300 18. 82.
4301 18. 82.
4302 19. 81.
4303 19. 81.
4304 19. 81.
4305 19. 81.
4306 19. 81.
4307 19. 81.
4308 19. 81.
4309 19. 81.
4310 19. 81.
4311 19. 81.
4312 19. 81.
4313 19. 81.
4314 19. 81.
4315 19. 81.
4316 19. 81.
4317 19. 81.
4318 19. 81.
4319 19. 81.
4320 19. 81.
4321 19. 81.
4322 19. 81.
4323 19. 81.
4324 19. 81.
4325 19. 81.
4326 19. 81.
4327 19. 81.
4328 19. 81.
4329 19. 81.
4330 19. 81.
4331 19. 81.
4332 19. 81.
4333 19. 81.
4334 19. 81.
4335 18. 82.
4336 18. 82.
4337 19. 81.
4338 19. 81.
4339 19. 81.
4340 19. 81.
4341 18. 82.
4342 18. 82.
4343 18. 82.
4344 18. 82.
4345 18. 82.
4346 18. 82.
4347 18. 82.
4348 17. 83.
4349 17. 83.
4350 17. 83.
4351 17. 83.
4352 17. 83.
4353 17. 83.
4354 17. 83.
4355 17. 83.
4356 17. 83.
4357 17. 83.
4358 17. 83.
4359 17. 83.
4360 16. 84.
4361 16. 84.
4362 16. 84.
4363 17. 83.
4364 16. 84.
4365 16. 84.
4366 16. 84.
4367 16. 84.
4368 16. 84.
4369 16. 84.
4370 15. 85.
4371 15. 85.
4372 15. 85.
4373 15. 85.
4374 15. 85.
4375 15. 85.
4376 15. 85.
4377 15. 85.
4378 15. 85.
4379 15. 85.
4380 15. 85.
4381 15. 85.
4382 15. 85.
4383 15. 85.
4384 15. 85.
4385 15. 85.
4386 15. 85.
4387 16. 84.
4388 16. 84.
4389 16. 84.
4390 17. 83.
4391 17. 83.
4392 17. 83.
4393 17. 83.
4394 17. 83.
4395 17. 83.
4396 17. 83.
4397 17. 83.
4398 17. 83.
4399 17. 83.
4400 17. 83.
4401 17. 83.
4402 17. 83.
4403 17. 83.
4404 17. 83.
4405 17. 83.
4406 17. 83.
4407 17. 83.
4408 17. 83.
4409 16. 84.
4410 16. 84.
4411 17. 83.
4412 17. 83.
4413 17. 83.
4414 17. 83.
4415 17. 83.
4416 17. 83.
4417 17. 83.
4418 17. 83.
4419 17. 83.
4420 16. 84.
4421 16. 84.
4422 15. 85.
4423 15. 85.
4424 15. 85.
4425 15. 85.
4426 15. 85.
4427 15. 85.
4428 15. 85.
4429 15. 85.
4430 15. 85.
4431 15. 85.
4432 15. 85.
4433 15. 85.
4434 15. 85.
4435 15. 85.
4436 15. 85.
4437 16. 84.
4438 16. 84.
4439 16. 84.
4440 16. 84.
4441 16. 84.
4442 16. 84.
4443 16. 84.
4444 16. 84.
4445 16. 84.
4446 15. 85.
4447 15. 85.
4448 14. 86.
4449 14. 86.
4450 13. 87.
4451 13. 87.
4452 13. 87.
4453 13. 87.
4454 13. 87.
4455 13. 87.
4456 14. 86.
4457 14. 86.
4458 14. 86.
4459 14. 86.
4460 14. 86.
4461 14. 86.
4462 14. 86.
4463 13. 87.
4464 13. 87.
4465 13. 87.
4466 13. 87.
4467 13. 87.
4468 13. 87.
4469 13. 87.
4470 14. 86.
4471 14. 86.
4472 14. 86.
4473 14. 86.
4474 14. 86.
4475 14. 86.
4476 14. 86.
4477 14. 86.
4478 13. 87.
4479 13. 87.
4480 13. 87.
4481 14. 86.
4482 14. 86.
4483 14. 86.
4484 14. 86.
4485 14. 86.
4486 14. 86.
4487 14. 86.
4488 14. 86.
4489 14. 86.
4490 14. 86.
4491 14. 86.
4492 14. 86.
4493 14. 86.
4494 14. 86.
4495 14. 86.
4496 14. 86.
4497 13. 87.
4498 13. 87.
4499 12. 88.
4500 12. 88.
4501 12. 88.
4502 12. 88.
4503 12. 88.
4504 12. 88.
4505 12. 88.
4506 12. 88.
4507 12. 88.
4508 12. 88.
4509 12. 88.
4510 12. 88.
4511 13. 87.
4512 13. 87.
4513 13. 87.
4514 13. 87.
4515 14. 86.
4516 14. 86.
4517 14. 86.
4518 14. 86.
4519 13. 87.
4520 13. 87.
4521 13. 87.
4522 13. 87.
4523 13. 87.
4524 12. 88.
4525 12. 88.
4526 12. 88.
4527 12. 88.
4528 12. 88.
4529 12. 88.
4530 12. 88.
4531 12. 88.
4532 12. 88.
4533 12. 88.
4534 12. 88.
4535 12. 88.
4536 12. 88.
4537 12. 88.
4538 12. 88.
4539 12. 88.
4540 11. 89.
4541 11. 89.
4542 11. 89.
4543 10. 90.
4544 10. 90.
4545 10. 90.
4546 10. 90.
4547 10. 90.
4548 10. 90.
4549 10. 90.
4550 10. 90.
4551 10. 90.
4552 10. 90.
4553 9. 91.
4554 9. 91.
4555 9. 91.
4556 9. 91.
4557 9. 91.
4558 8. 92.
4559 8. 92.
4560 8. 92.
4561 8. 92.
4562 8. 92.
4563 8. 92.
4564 8. 92.
4565 8. 92.
4566 8. 92.
4567 8. 92.
4568 8. 92.
4569 7. 93.
4570 7. 93.
4571 7. 93.
4572 7. 93.
4573 7. 93.
4574 7. 93.
4575 7. 93.
4576 7. 93.
4577 7. 93.
4578 7. 93.
4579 7. 93.
4580 7. 93.
4581 6. 94.
4582 6. 94.
4583 7. 93.
4584 7. 93.
4585 7. 93.
4586 7. 93.
4587 7. 93.
4588 7. 93.
4589 7. 93.
4590 7. 93.
4591 8. 92.
4592 8. 92.
4593 8. 92.
4594 8. 92.
4595 8. 92.
4596 9. 91.
4597 9. 91.
4598 9. 91.
4599 9. 91.
4600 9. 91.
4601 9. 91.
4602 9. 91.
4603 9. 91.
4604 9. 91.
4605 9. 91.
4606 9. 91.
4607 9. 91.
4608 8. 92.
4609 9. 91.
4610 9. 91.
4611 9. 91.
4612 10. 90.
4613 11. 89.
4614 11. 89.
4615 11. 89.
4616 11. 89.
4617 11. 89.
4618 11. 89.
4619 11. 89.
4620 11. 89.
4621 11. 89.
4622 11. 89.
4623 11. 89.
4624 11. 89.
4625 11. 89.
4626 11. 89.
4627 11. 89.
4628 11. 89.
4629 11. 89.
4630 11. 89.
4631 11. 89.
4632 11. 89.
4633 11. 89.
4634 11. 89.
4635 11. 89.
4636 11. 89.
4637 11. 89.
4638 11. 89.
4639 11. 89.
4640 11. 89.
4641 11. 89.
4642 11. 89.
4643 11. 89.
4644 11. 89.
4645 11. 89.
4646 11. 89.
4647 11. 89.
4648 11. 89.
4649 11. 89.
4650 11. 89.
4651 11. 89.
4652 10. 90.
4653 10. 90.
4654 10. 90.
4655 10. 90.
4656 10. 90.
4657 10. 90.
4658 10. 90.
4659 10. 90.
4660 10. 90.
4661 10. 90.
4662 10. 90.
4663 10. 90.
4664 10. 90.
4665 10. 90.
4666 10. 90.
4667 10. 90.
4668 10. 90.
4669 10. 90.
4670 10. 90.
4671 10. 90.
4672 10. 90.
4673 10. 90.
4674 10. 90.
4675 10. 90.
4676 11. 89.
4677 11. 89.
4678 11. 89.
4679 11. 89.
4680 11. 89.
4681 11. 89.
4682 11. 89.
4683 11. 89.
4684 11. 89.
4685 11. 89.
4686 10. 90.
4687 10. 90.
4688 10. 90.
4689 10. 90.
4690 10. 90.
4691 11. 89.
4692 11. 89.
4693 11. 89.
4694 10. 90.
4695 10. 90.
4696 10. 90.
4697 10. 90.
4698 10. 90.
4699 10. 90.
4700 10. 90.
4701 10. 90.
4702 10. 90.
4703 10. 90.
4704 10. 90.
4705 10. 90.
4706 10. 90.
4707 10. 90.
4708 10. 90.
4709 10. 90.
4710 10. 90.
4711 10. 90.
4712 10. 90.
4713 10. 90.
4714 10. 90.
4715 10. 90.
4716 10. 90.
4717 10. 90.
4718 10. 90.
4719 10. 90.
4720 9. 91.
4721 9. 91.
4722 9. 91.
4723 9. 91.
4724 9. 91.
4725 9. 91.
4726 9. 91.
4727 9. 91.
4728 9. 91.
4729 8. 92.
4730 8. 92.
4731 8. 92.
4732 8. 92.
4733 8. 92.
4734 8. 92.
4735 8. 92.
4736 8. 92.
4737 8. 92.
4738 8. 92.
4739 8. 92.
4740 8. 92.
4741 8. 92.
4742 8. 92.
4743 8. 92.
4744 8. 92.
4745 9. 91.
4746 9. 91.
4747 9. 91.
4748 9. 91.
4749 9. 91.
4750 9. 91.
4751 9. 91.
4752 9. 91.
4753 9. 91.
4754 9. 91.
4755 9. 91.
4756 9. 91.
4757 9. 91.
4758 9. 91.
4759 9. 91.
4760 9. 91.
4761 9. 91.
4762 9. 91.
4763 9. 91.
4764 9. 91.
4765 9. 91.
4766 9. 91.
4767 9. 91.
4768 9. 91.
4769 9. 91.
4770 9. 91.
4771 9. 91.
4772 9. 91.
4773 9. 91.
4774 9. 91.
4775 9. 91.
4776 9. 91.
4777 9. 91.
4778 9. 91.
4779 9. 91.
4780 9. 91.
4781 9. 91.
4782 9. 91.
4783 9. 91.
4784 9. 91.
4785 9. 91.
4786 9. 91.
4787 9. 91.
4788 9. 91.
4789 9. 91.
4790 8. 92.
4791 8. 92.
4792 8. 92.
4793 8. 92.
4794 8. 92.
4795 8. 92.
4796 8. 92.
4797 8. 92.
4798 8. 92.
4799 8. 92.
4800 8. 92.
4801 8. 92.
4802 8. 92.
4803 8. 92.
4804 8. 92.
4805 8. 92.
4806 8. 92.
4807 8. 92.
4808 8. 92.
4809 8. 92.
4810 8. 92.
4811 8. 92.
4812 8. 92.
4813 8. 92.
4814 8. 92.
4815 8. 92.
4816 8. 92.
4817 8. 92.
4818 8. 92.
4819 8. 92.
4820 8. 92.
4821 8. 92.
4822 8. 92.
4823 8. 92.
4824 7. 93.
4825 7. 93.
4826 7. 93.
4827 7. 93.
4828 7. 93.
4829 7. 93.
4830 7. 93.
4831 7. 93.
4832 7. 93.
4833 7. 93.
4834 7. 93.
4835 7. 93.
4836 7. 93.
4837 7. 93.
4838 7. 93.
4839 7. 93.
4840 7. 93.
4841 7. 93.
4842 7. 93.
4843 7. 93.
4844 7. 93.
4845 7. 93.
4846 7. 93.
4847 7. 93.
4848 7. 93.
4849 7. 93.
4850 8. 92.
4851 8. 92.
4852 8. 92.
4853 8. 92.
4854 8. 92.
4855 8. 92.
4856 8. 92.
4857 8. 92.
4858 8. 92.
4859 8. 92.
4860 8. 92.
4861 8. 92.
4862 8. 92.
4863 8. 92.
4864 8. 92.
4865 8. 92.
4866 8. 92.
4867 8. 92.
4868 8. 92.
4869 8. 92.
4870 8. 92.
4871 8. 92.
4872 8. 92.
4873 8. 92.
4874 8. 92.
4875 8. 92.
4876 8. 92.
4877 8. 92.
4878 8. 92.
4879 8. 92.
4880 8. 92.
4881 8. 92.
4882 8. 92.
4883 8. 92.
4884 8. 92.
4885 8. 92.
4886 8. 92.
4887 8. 92.
4888 8. 92.
4889 8. 92.
4890 8. 92.
4891 8. 92.
4892 8. 92.
4893 7. 93.
4894 7. 93.
4895 7. 93.
4896 7. 93.
4897 7. 93.
4898 7. 93.
4899 7. 93.
4900 7. 93.
4901 7. 93.
4902 7. 93.
4903 7. 93.
4904 7. 93.
4905 7. 93.
4906 6. 94.
4907 6. 94.
4908 6. 94.
4909 6. 94.
4910 6. 94.
4911 6. 94.
4912 6. 94.
4913 6. 94.
4914 6. 94.
4915 6. 94.
4916 7. 93.
4917 7. 93.
4918 8. 92.
4919 8. 92.
4920 8. 92.
4921 8. 92.
4922 8. 92.
4923 8. 92.
4924 8. 92.
4925 8. 92.
4926 8. 92.
4927 8. 92.
4928 8. 92.
4929 8. 92.
4930 8. 92.
4931 7. 93.
4932 7. 93.
4933 7. 93.
4934 7. 93.
4935 7. 93.
4936 7. 93.
4937 7. 93.
4938 7. 93.
4939 7. 93.
4940 7. 93.
4941 7. 93.
4942 7. 93.
4943 7. 93.
4944 7. 93.
4945 7. 93.
4946 7. 93.
4947 7. 93.
4948 7. 93.
4949 7. 93.
4950 7. 93.
4951 6. 94.
4952 6. 94.
4953 6. 94.
4954 6. 94.
4955 6. 94.
4956 6. 94.
4957 6. 94.
4958 6. 94.
4959 6. 94.
4960 6. 94.
4961 6. 94.
4962 6. 94.
4963 6. 94.
4964 6. 94.
4965 6. 94.
4966 6. 94.
4967 6. 94.
4968 6. 94.
4969 6. 94.
4970 6. 94.
4971 6. 94.
4972 6. 94.
4973 6. 94.
4974 6. 94.
4975 6. 94.
4976 7. 93.
4977 7. 93.
4978 7. 93.
4979 7. 93.
4980 7. 93.
4981 7. 93.
4982 7. 93.
4983 7. 93.
4984 7. 93.
4985 7. 93.
4986 7. 93.
4987 7. 93.
4988 8. 92.
4989 8. 92.
4990 8. 92.
4991 8. 92.
4992 8. 92.
4993 8. 92.
4994 8. 92.
4995 8. 92.
4996 8. 92.
4997 8. 92.
4998 8. 92.
4999 8. 92.
5000 8. 92.
5001 8. 92.
5002 8. 92.
5003 8. 92.
5004 8. 92.
5005 8. 92.
5006 8. 92.
5007 8. 92.
5008 8. 92.
5009 8. 92.
5010 8. 92.
5011 8. 92.
5012 8. 92.
5013 8. 92.
5014 8. 92.
5015 8. 92.
5016 9. 91.
5017 9. 91.
5018 9. 91.
5019 9. 91.
5020 9. 91.
5021 9. 91.
5022 9. 91.
5023 9. 91.
5024 9. 91.
5025 9. 91.
5026 9. 91.
5027 9. 91.
5028 9. 91.
5029 9. 91.
5030 9. 91.
5031 9. 91.
5032 9. 91.
5033 9. 91.
5034 9. 91.
5035 9. 91.
5036 9. 91.
5037 9. 91.
5038 9. 91.
5039 9. 91.
5040 9. 91.
5041 9. 91.
5042 9. 91.
5043 9. 91.
5044 9. 91.
5045 9. 91.
5046 9. 91.
5047 9. 91.
5048 9. 91.
5049 9. 91.
5050 9. 91.
5051 9. 91.
5052 9. 91.
5053 9. 91.
5054 9. 91.
5055 9. 91.
5056 9. 91.
5057 9. 91.
5058 9. 91.
5059 9. 91.
5060 9. 91.
5061 9. 91.
5062 10. 90.
5063 10. 90.
5064 10. 90.
5065 10. 90.
5066 10. 90.
5067 10. 90.
5068 10. 90.
5069 10. 90.
5070 10. 90.
5071 10. 90.
5072 10. 90.
5073 10. 90.
5074 10. 90.
5075 10. 90.
5076 10. 90.
5077 10. 90.
5078 10. 90.
5079 10. 90.
5080 10. 90.
5081 10. 90.
5082 9. 91.
5083 9. 91.
5084 9. 91.
5085 9. 91.
5086 9. 91.
5087 9. 91.
5088 9. 91.
5089 9. 91.
5090 9. 91.
5091 9. 91.
5092 9. 91.
5093 9. 91.
5094 9. 91.
5095 9. 91.
5096 9. 91.
5097 9. 91.
5098 9. 91.
5099 9. 91.
5100 9. 91.
5101 9. 91.
5102 9. 91.
5103 9. 91.
5104 9. 91.
5105 9. 91.
5106 9. 91.
5107 9. 91.
5108 9. 91.
5109 9. 91.
5110 9. 91.
5111 9. 91.
5112 9. 91.
5113 9. 91.
5114 9. 91.
5115 9. 91.
5116 9. 91.
5117 9. 91.
5118 9. 91.
5119 9. 91.
5120 9. 91.
5121 9. 91.
5122 9. 91.
5123 9. 91.
5124 9. 91.
5125 9. 91.
5126 9. 91.
5127 9. 91.
5128 9. 91.
5129 10. 90.
5130 10. 90.
5131 10. 90.
5132 10. 90.
5133 11. 89.
5134 11. 89.
5135 11. 89.
5136 11. 89.
5137 11. 89.
5138 11. 89.
5139 11. 89.
5140 11. 89.
5141 11. 89.
5142 11. 89.
5143 11. 89.
5144 11. 89.
5145 11. 89.
5146 11. 89.
5147 12. 88.
5148 12. 88.
5149 12. 88.
5150 12. 88.
5151 12. 88.
5152 12. 88.
5153 12. 88.
5154 12. 88.
5155 12. 88.
5156 12. 88.
5157 12. 88.
5158 12. 88.
5159 12. 88.
5160 12. 88.
5161 12. 88.
5162 12. 88.
5163 12. 88.
5164 11. 89.
5165 11. 89.
5166 11. 89.
5167 11. 89.
5168 11. 89.
5169 11. 89.
5170 11. 89.
5171 11. 89.
5172 11. 89.
5173 10. 90.
5174 10. 90.
5175 10. 90.
5176 10. 90.
5177 10. 90.
5178 11. 89.
5179 11. 89.
5180 11. 89.
5181 11. 89.
5182 11. 89.
5183 11. 89.
5184 11. 89.
5185 11. 89.
5186 11. 89.
5187 11. 89.
5188 11. 89.
5189 11. 89.
5190 11. 89.
5191 11. 89.
5192 11. 89.
5193 11. 89.
5194 11. 89.
5195 11. 89.
5196 11. 89.
5197 11. 89.
5198 11. 89.
5199 11. 89.
5200 11. 89.
5201 11. 89.
5202 11. 89.
5203 11. 89.
5204 11. 89.
5205 10. 90.
5206 10. 90.
5207 10. 90.
5208 10. 90.
5209 10. 90.
5210 10. 90.
5211 10. 90.
5212 11. 89.
5213 11. 89.
5214 11. 89.
5215 11. 89.
5216 11. 89.
5217 11. 89.
5218 11. 89.
5219 11. 89.
5220 11. 89.
5221 11. 89.
5222 11. 89.
5223 11. 89.
5224 11. 89.
5225 11. 89.
5226 10. 90.
5227 10. 90.
5228 10. 90.
5229 10. 90.
5230 10. 90.
5231 10. 90.
5232 10. 90.
5233 10. 90.
5234 10. 90.
5235 10. 90.
5236 10. 90.
5237 10. 90.
5238 10. 90.
5239 10. 90.
5240 10. 90.
5241 10. 90.
5242 10. 90.
5243 10. 90.
5244 10. 90.
5245 10. 90.
5246 9. 91.
5247 9. 91.
5248 9. 91.
5249 9. 91.
5250 9. 91.
5251 9. 91.
5252 9. 91.
5253 9. 91.
5254 9. 91.
5255 9. 91.
5256 9. 91.
5257 9. 91.
5258 9. 91.
5259 9. 91.
5260 9. 91.
5261 10. 90.
5262 10. 90.
5263 10. 90.
5264 10. 90.
5265 10. 90.
5266 10. 90.
5267 10. 90.
5268 10. 90.
5269 10. 90.
5270 10. 90.
5271 10. 90.
5272 10. 90.
5273 10. 90.
5274 10. 90.
5275 10. 90.
5276 10. 90.
5277 10. 90.
5278 10. 90.
5279 10. 90.
5280 9. 91.
5281 9. 91.
5282 9. 91.
5283 9. 91.
5284 9. 91.
5285 8. 92.
5286 8. 92.
5287 8. 92.
5288 8. 92.
5289 7. 93.
5290 7. 93.
5291 7. 93.
5292 7. 93.
5293 7. 93.
5294 7. 93.
5295 7. 93.
5296 7. 93.
5297 7. 93.
5298 7. 93.
5299 8. 92.
5300 8. 92.
5301 8. 92.
5302 8. 92.
5303 8. 92.
5304 8. 92.
5305 8. 92.
5306 8. 92.
5307 8. 92.
5308 8. 92.
5309 8. 92.
5310 7. 93.
5311 7. 93.
5312 7. 93.
5313 7. 93.
5314 7. 93.
5315 7. 93.
5316 7. 93.
5317 7. 93.
5318 7. 93.
5319 7. 93.
5320 7. 93.
5321 7. 93.
5322 7. 93.
5323 7. 93.
5324 7. 93.
5325 7. 93.
5326 7. 93.
5327 7. 93.
5328 8. 92.
5329 8. 92.
5330 8. 92.
5331 8. 92.
5332 8. 92.
5333 8. 92.
5334 7. 93.
5335 7. 93.
5336 7. 93.
5337 8. 92.
5338 8. 92.
5339 8. 92.
5340 8. 92.
5341 8. 92.
5342 8. 92.
5343 8. 92.
5344 8. 92.
5345 8. 92.
5346 8. 92.
5347 8. 92.
5348 8. 92.
5349 8. 92.
5350 8. 92.
5351 7. 93.
5352 7. 93.
5353 7. 93.
5354 7. 93.
5355 7. 93.
5356 7. 93.
5357 7. 93.
5358 7. 93.
5359 7. 93.
5360 7. 93.
5361 7. 93.
5362 7. 93.
5363 7. 93.
5364 7. 93.
5365 7. 93.
5366 7. 93.
5367 7. 93.
5368 7. 93.
5369 7. 93.
5370 6. 94.
5371 6. 94.
5372 6. 94.
5373 6. 94.
5374 6. 94.
5375 6. 94.
5376 6. 94.
5377 6. 94.
5378 6. 94.
5379 6. 94.
5380 6. 94.
5381 6. 94.
5382 6. 94.
5383 6. 94.
5384 6. 94.
5385 6. 94.
5386 6. 94.
5387 6. 94.
5388 6. 94.
5389 6. 94.
5390 6. 94.
5391 7. 93.
5392 7. 93.
5393 6. 94.
5394 6. 94.
5395 6. 94.
5396 5. 95.
5397 6. 94.
5398 6. 94.
5399 6. 94.
5400 6. 94.
5401 6. 94.
5402 6. 94.
5403 6. 94.
5404 6. 94.
5405 6. 94.
5406 7. 93.
5407 7. 93.
5408 7. 93.
5409 7. 93.
5410 7. 93.
5411 8. 92.
5412 8. 92.
5413 8. 92.
5414 9. 91.
5415 9. 91.
5416 9. 91.
5417 9. 91.
5418 9. 91.
5419 8. 92.
5420 8. 92.
5421 8. 92.
5422 8. 92.
5423 8. 92.
5424 8. 92.
5425 8. 92.
5426 8. 92.
5427 8. 92.
5428 8. 92.
5429 8. 92.
5430 8. 92.
5431 8. 92.
5432 8. 92.
5433 8. 92.
5434 8. 92.
5435 8. 92.
5436 7. 93.
5437 6. 94.
5438 6. 94.
5439 6. 94.
5440 6. 94.
5441 6. 94.
5442 6. 94.
5443 6. 94.
5444 6. 94.
5445 6. 94.
5446 6. 94.
5447 6. 94.
5448 5. 95.
5449 5. 95.
5450 5. 95.
5451 5. 95.
5452 5. 95.
5453 6. 94.
5454 6. 94.
5455 6. 94.
5456 6. 94.
5457 6. 94.
5458 6. 94.
5459 6. 94.
5460 6. 94.
5461 6. 94.
5462 6. 94.
5463 6. 94.
5464 6. 94.
5465 6. 94.
5466 6. 94.
5467 6. 94.
5468 6. 94.
5469 6. 94.
5470 6. 94.
5471 6. 94.
5472 6. 94.
5473 6. 94.
5474 6. 94.
5475 5. 95.
5476 5. 95.
5477 5. 95.
5478 5. 95.
5479 5. 95.
5480 6. 94.
5481 6. 94.
5482 6. 94.
5483 6. 94.
5484 5. 95.
5485 5. 95.
5486 5. 95.
5487 5. 95.
5488 5. 95.
5489 5. 95.
5490 5. 95.
5491 6. 94.
5492 6. 94.
5493 6. 94.
5494 6. 94.
5495 6. 94.
5496 6. 94.
5497 6. 94.
5498 7. 93.
5499 7. 93.
5500 7. 93.
5501 7. 93.
5502 7. 93.
5503 7. 93.
5504 8. 92.
5505 8. 92.
5506 8. 92.
5507 8. 92.
5508 8. 92.
5509 8. 92.
5510 9. 91.
5511 9. 91.
5512 9. 91.
5513 9. 91.
5514 9. 91.
5515 9. 91.
5516 9. 91.
5517 9. 91.
5518 9. 91.
5519 9. 91.
5520 9. 91.
5521 9. 91.
5522 9. 91.
5523 9. 91.
5524 9. 91.
5525 9. 91.
5526 9. 91.
5527 9. 91.
5528 9. 91.
5529 9. 91.
5530 9. 91.
5531 9. 91.
5532 9. 91.
5533 9. 91.
5534 9. 91.
5535 9. 91.
5536 9. 91.
5537 9. 91.
5538 9. 91.
5539 9. 91.
5540 9. 91.
5541 9. 91.
5542 9. 91.
5543 9. 91.
5544 9. 91.
5545 9. 91.
5546 9. 91.
5547 9. 91.
5548 9. 91.
5549 9. 91.
5550 9. 91.
5551 9. 91.
5552 9. 91.
5553 9. 91.
5554 9. 91.
5555 9. 91.
5556 9. 91.
5557 9. 91.
5558 9. 91.
5559 9. 91.
5560 9. 91.
5561 9. 91.
5562 9. 91.
5563 9. 91.
5564 9. 91.
5565 9. 91.
5566 9. 91.
5567 9. 91.
5568 9. 91.
5569 9. 91.
5570 9. 91.
5571 9. 91.
5572 9. 91.
5573 9. 91.
5574 9. 91.
5575 9. 91.
5576 9. 91.
5577 9. 91.
5578 9. 91.
5579 9. 91.
5580 9. 91.
5581 9. 91.
5582 9. 91.
5583 9. 91.
5584 9. 91.
5585 9. 91.
5586 9. 91.
5587 9. 91.
5588 9. 91.
5589 9. 91.
5590 9. 91.
5591 9. 91.
5592 9. 91.
5593 9. 91.
5594 9. 91.
5595 9. 91.
5596 9. 91.
5597 9. 91.
5598 9. 91.
5599 9. 91.
5600 9. 91.
5601 9. 91.
5602 9. 91.
5603 9. 91.
5604 9. 91.
5605 9. 91.
5606 9. 91.
5607 9. 91.
5608 9. 91.
5609 9. 91.
5610 9. 91.
5611 9. 91.
5612 9. 91.
5613 9. 91.
5614 9. 91.
5615 9. 91.
5616 9. 91.
5617 9. 91.
5618 9. 91.
5619 9. 91.
5620 8. 92.
5621 7. 93.
5622 7. 93.
5623 7. 93.
5624 7. 93.
5625 6. 94.
5626 6. 94.
5627 6. 94.
5628 6. 94.
5629 6. 94.
5630 6. 94.
5631 6. 94.
5632 6. 94.
5633 6. 94.
5634 6. 94.
5635 6. 94.
5636 6. 94.
5637 6. 94.
5638 6. 94.
5639 6. 94.
5640 6. 94.
5641 6. 94.
5642 6. 94.
5643 6. 94.
5644 6. 94.
5645 6. 94.
5646 6. 94.
5647 6. 94.
5648 6. 94.
5649 6. 94.
5650 6. 94.
5651 6. 94.
5652 6. 94.
5653 6. 94.
5654 6. 94.
5655 6. 94.
5656 6. 94.
5657 6. 94.
5658 6. 94.
5659 6. 94.
5660 6. 94.
5661 6. 94.
5662 6. 94.
5663 6. 94.
5664 6. 94.
5665 6. 94.
5666 6. 94.
5667 6. 94.
5668 6. 94.
5669 6. 94.
5670 6. 94.
5671 6. 94.
5672 6. 94.
5673 6. 94.
5674 6. 94.
5675 6. 94.
5676 5. 95.
5677 5. 95.
5678 5. 95.
5679 5. 95.
5680 5. 95.
5681 5. 95.
5682 5. 95.
5683 5. 95.
5684 5. 95.
5685 5. 95.
5686 4. 96.
5687 4. 96.
5688 4. 96.
5689 4. 96.
5690 4. 96.
5691 4. 96.
5692 4. 96.
5693 4. 96.
5694 4. 96.
5695 4. 96.
5696 4. 96.
5697 4. 96.
5698 4. 96.
5699 5. 95.
5700 5. 95.
5701 5. 95.
5702 5. 95.
5703 5. 95.
5704 5. 95.
5705 5. 95.
5706 5. 95.
5707 5. 95.
5708 5. 95.
5709 5. 95.
5710 5. 95.
5711 5. 95.
5712 5. 95.
5713 5. 95.
5714 5. 95.
5715 5. 95.
5716 5. 95.
5717 5. 95.
5718 5. 95.
5719 5. 95.
5720 5. 95.
5721 5. 95.
5722 5. 95.
5723 4. 96.
5724 4. 96.
5725 4. 96.
5726 4. 96.
5727 4. 96.
5728 4. 96.
5729 4. 96.
5730 4. 96.
5731 4. 96.
5732 4. 96.
5733 4. 96.
5734 4. 96.
5735 4. 96.
5736 4. 96.
5737 4. 96.
5738 4. 96.
5739 4. 96.
5740 4. 96.
5741 4. 96.
5742 4. 96.
5743 4. 96.
5744 4. 96.
5745 4. 96.
5746 4. 96.
5747 4. 96.
5748 4. 96.
5749 4. 96.
5750 4. 96.
5751 4. 96.
5752 4. 96.
5753 4. 96.
5754 4. 96.
5755 4. 96.
5756 4. 96.
5757 4. 96.
5758 4. 96.
5759 4. 96.
5760 4. 96.
5761 4. 96.
5762 4. 96.
5763 4. 96.
5764 4. 96.
5765 4. 96.
5766 4. 96.
5767 4. 96.
5768 4. 96.
5769 4. 96.
5770 4. 96.
5771 4. 96.
5772 4. 96.
5773 4. 96.
5774 4. 96.
5775 4. 96.
5776 4. 96.
5777 4. 96.
5778 4. 96.
5779 4. 96.
5780 4. 96.
5781 4. 96.
5782 4. 96.
5783 4. 96.
5784 4. 96.
5785 4. 96.
5786 4. 96.
5787 4. 96.
5788 4. 96.
5789 3. 97.
5790 3. 97.
5791 3. 97.
5792 3. 97.
5793 3. 97.
5794 3. 97.
5795 3. 97.
5796 3. 97.
5797 3. 97.
5798 3. 97.
5799 3. 97.
5800 3. 97.
5801 3. 97.
5802 3. 97.
5803 3. 97.
5804 3. 97.
5805 3. 97.
5806 3. 97.
5807 3. 97.
5808 3. 97.
5809 3. 97.
5810 3. 97.
5811 3. 97.
5812 3. 97.
5813 3. 97.
5814 3. 97.
5815 3. 97.
5816 3. 97.
5817 3. 97.
5818 3. 97.
5819 3. 97.
5820 3. 97.
5821 3. 97.
5822 3. 97.
5823 3. 97.
5824 3. 97.
5825 3. 97.
5826 3. 97.
5827 3. 97.
5828 3. 97.
5829 2. 98.
5830 2. 98.
5831 2. 98.
5832 2. 98.
5833 2. 98.
5834 2. 98.
5835 2. 98.
5836 2. 98.
5837 2. 98.
5838 2. 98.
5839 2. 98.
5840 2. 98.
5841 2. 98.
5842 2. 98.
5843 2. 98.
5844 1. 99.
5845 1. 99.
5846 1. 99.
5847 1. 99.
5848 1. 99.
5849 1. 99.
5850 1. 99.
5851 1. 99.
5852 1. 99.
5853 1. 99.
5854 1. 99.
5855 1. 99.
5856 1. 99.
5857 1. 99.
5858 1. 99.
5859 1. 99.
5860 1. 99.
5861 1. 99.
5862 1. 99.
5863 1. 99.
5864 1. 99.
5865 1. 99.
5866 1. 99.
5867 1. 99.
5868 1. 99.
5869 1. 99.
5870 1. 99.
5871 1. 99.
5872 1. 99.
5873 1. 99.
5874 1. 99.
5875 1. 99.
5876 1. 99.
5877 1. 99.
5878 1. 99.
5879 1. 99.
5880 1. 99.
5881 1. 99.
5882 1. 99.
5883 1. 99.
5884 1. 99.
5885 1. 99.
5886 1. 99.
5887 1. 99.
5888 1. 99.
5889 1. 99.
5890 1. 99.
5891 1. 99.
5892 1. 99.
5893 1. 99.
5894 1. 99.
5895 1. 99.
5896 1. 99.
5897 1. 99.
5898 1. 99.
5899 1. 99.
5900 1. 99.
5901 1. 99.
5902 1. 99.
5903 1. 99.
5904 1. 99.
5905 1. 99.
5906 1. 99.
5907 1. 99.
5908 1. 99.
5909 1. 99.
5910 1. 99.
5911 1. 99.
5912 1. 99.
5913 1. 99.
5914 1. 99.
5915 1. 99.
5916 1. 99.
5917 1. 99.
5918 1. 99.
5919 1. 99.
5920 1. 99.
5921 1. 99.
5922 1. 99.
5923 1. 99.
5924 1. 99.
5925 1. 99.
5926 1. 99.
5927 1. 99.
5928 1. 99.
5929 1. 99.
5930 1. 99.
5931 1. 99.
5932 1. 99.
5933 1. 99.
5934 1. 99.
5935 1. 99.
5936 2. 98.
5937 2. 98.
5938 2. 98.
5939 2. 98.
5940 2. 98.
5941 2. 98.
5942 2. 98.
5943 2. 98.
5944 2. 98.
5945 2. 98.
5946 2. 98.
5947 2. 98.
5948 2. 98.
5949 2. 98.
5950 2. 98.
5951 2. 98.
5952 2. 98.
5953 2. 98.
5954 2. 98.
5955 2. 98.
5956 2. 98.
5957 2. 98.
5958 2. 98.
5959 2. 98.
5960 2. 98.
5961 2. 98.
5962 2. 98.
5963 2. 98.
5964 2. 98.
5965 2. 98.
5966 2. 98.
5967 2. 98.
5968 2. 98.
5969 2. 98.
5970 2. 98.
5971 2. 98.
5972 2. 98.
5973 2. 98.
5974 2. 98.
5975 2. 98.
5976 2. 98.
5977 2. 98.
5978 2. 98.
5979 2. 98.
5980 2. 98.
5981 2. 98.
5982 2. 98.
5983 2. 98.
5984 2. 98.
5985 2. 98.
5986 2. 98.
5987 2. 98.
5988 1. 99.
5989 1. 99.
5990 1. 99.
5991 1. 99.
5992 1. 99.
5993 1. 99.
5994 1. 99.
5995 1. 99.
5996 1. 99.
5997 1. 99.
5998 1. 99.
5999 1. 99.
6000 1. 99.
6001 1. 99.
6002 1. 99.
6003 1. 99.
6004 1. 99.
6005 1. 99.
6006 1. 99.
6007 1. 99.
6008 1. 99.
6009 1. 99.
6010 1. 99.
6011 1. 99.
6012 1. 99.
6013 1. 99.
6014 1. 99.
6015 1. 99.
6016 1. 99.
6017 1. 99.
6018 1. 99.
6019 1. 99.
6020 1. 99.
6021 1. 99.
